0.000389214  -0.000888725  0.00251589  0.0285139  -0.0674549  0.136213  
0.000203941  -0.000888725  0.00248313  0.0264891  -0.0580574  0.130706  
0.000200663  -0.000969511  0.00240669  0.029529  -0.0650911  0.123332  
0.000562073  -0.00107991  0.0024382  0.0347607  -0.0638302  0.112544  
0.000562073  -0.00182427  0.00247146  0.0511448  -0.0544834  0.0870429  
-0.000137215  -0.00219774  0.00244216  0.0645552  -0.0585904  0.0950567  
-6.14764e-05  -0.00225288  0.00255017  0.0645763  -0.0633751  0.0933806  
-0.00014  -0.00239881  0.00253961  0.0645944  -0.045158  0.0851493  
-0.00020613  -0.00265418  0.00248314  0.0645965  -0.0422592  0.0730504  
5.40249e-05  -0.00268249  0.00239219  0.06457  -0.0439535  0.0593253  
0.000234679  -0.00260489  0.00242104  0.0645405  -0.0379909  0.0580027  
1.55189e-05  -0.00198461  0.00250982  0.0526473  -0.0443843  0.105837  
0.000209479  -0.00143776  0.00262886  0.0497421  -0.050967  0.130211  
-0.000113928  -0.00158348  0.0028153  0.0504009  -0.0354239  0.116902  
-0.000189477  -0.00172158  0.0027067  0.0517511  -0.0449756  0.112142  
-0.000438776  -0.00207363  0.0028497  0.0602227  -0.0390794  0.11643  
-0.000407275  -0.00218904  0.00281425  0.0619519  -0.0463658  0.123428  
-0.000123915  -0.00192671  0.00286216  0.0606245  -0.0408847  0.140099  
1.55189e-05  -0.00197448  0.00279765  0.064634  -0.0335061  0.14588  
0.000130653  -0.00187826  0.00283397  0.0559531  -0.0215792  0.148006  
1.55189e-05  -0.00192362  0.00269995  0.0435919  -0.012814  0.131001  
9.67086e-05  -0.0018168  0.00262704  0.0476517  -0.0325827  0.142682  
0.000170619  -0.00174898  0.00277883  0.038188  -0.0231489  0.135892  
-0.000123936  -0.00158104  0.00258235  0.0362124  -0.0174714  0.1427  
-0.000155301  -0.00178789  0.00265215  0.0394224  -0.0267594  0.143735  
-4.63181e-05  -0.0016836  0.00263291  0.033847  -0.0142283  0.120133  
0.000105976  -0.00180751  0.00262895  0.032754  -0.0106757  0.110182  
0.000208838  -0.00189334  0.00247061  0.0292896  0.00276741  0.0923741  
9.51374e-05  -0.00228879  0.00260415  0.0337888  0.0170292  0.0705078  
-0.000238457  -0.00171887  0.00272162  0.0322163  0.00546533  0.0992071  
-0.000371791  -0.0016375  0.0027729  0.0270116  -0.000613743  0.112609  
-0.000141447  -0.00142143  0.00280364  0.0229544  -0.00633739  0.105617  
-7.41119e-05  -0.00175792  0.00275765  0.0206641  0.00994827  0.0647891  
-0.000616619  -0.00171333  0.00259839  0.0212407  0.00724046  0.0690777  
-0.000426336  -0.00169949  0.00267009  0.0231139  0.00430144  0.0721725  
-0.000650863  -0.00164251  0.00266914  0.0238037  0.00488029  0.0612329  
-0.000519987  -0.00189251  0.00253711  0.0254165  0.0101562  0.0455465  
-0.000534093  -0.00203815  0.00263079  0.03146  0.0112031  0.0456383  
-0.000510914  -0.00196023  0.00266862  0.0327213  0.00385208  0.0554697  
-0.000508497  -0.00213521  0.00275969  0.0300223  0.00751726  0.0428031  
-0.000740364  -0.00209635  0.00270634  0.0369933  1.91424e-05  0.0405919  
-0.00109802  -0.00222075  0.00278184  0.0404706  -0.00503547  0.039798  
-0.0010734  -0.00233969  0.00280295  0.045121  -0.0116555  0.0401333  
-0.00109821  -0.00248402  0.0028594  0.0451755  -0.0112744  0.036586  
-0.00149215  -0.00240543  0.00293816  0.0471849  -0.0074867  0.0322036  
-0.00155598  -0.00235951  0.00293998  0.0531412  -0.00851189  0.0375541  
-0.00131335  -0.00241743  0.00296433  0.0547993  -0.014444  0.043759  
-0.00145956  -0.0024716  0.00293788  0.051947  -0.00718359  0.0310127  
-0.00153641  -0.00252742  0.00298799  0.0537382  -0.000226664  0.0389874  
-0.00189793  -0.00232322  0.0029511  0.0537876  -0.0178974  0.0457153  
-0.00230913  -0.00241904  0.00288181  0.0601478  -0.0393872  0.0222076  
-0.00237127  -0.00238735  0.00284925  0.0459807  0.000664804  0.0457966  
-0.00232135  -0.00248429  0.00282647  0.0538888  -0.0246369  0.0435936  
-0.00219152  -0.00260378  0.00288687  0.0607774  -0.0238487  0.0543631  
-0.00228428  -0.00264696  0.00302417  0.061974  -0.0138846  0.0483397  
-0.0023937  -0.00269889  0.00305485  0.0637074  -0.0209255  0.0450425  
-0.00258177  -0.00288406  0.00313013  0.0673974  -0.0175942  0.0557555  
-0.00233482  -0.00299771  0.0029878  0.0603406  -0.0157462  0.0262543  
-0.00106001  -0.00367843  0.00265741  0.0795692  -0.0681166  0.0812648  
-0.00233983  -0.00371995  0.00262805  0.0927084  -0.0729792  0.128352  
-0.00329324  -0.00297135  0.00253739  0.0731502  -0.0586796  0.0946222  
-0.00300988  -0.00298961  0.00262508  0.0732411  -0.0869613  0.0750379  
-0.00284315  -0.0025462  0.00262651  0.0764139  -0.0790188  0.0640688  
-0.00277934  -0.00249835  0.00262974  0.0715504  -0.0383811  0.0587392  
-0.00283496  -0.00205624  0.00261165  0.0635632  -0.0325461  0.0818072  
-0.00274183  -0.00211993  0.00258641  0.0690094  -0.0445771  0.092239  
-0.0026085  -0.0020751  0.00253536  0.0682609  -0.0487582  0.0996313  
-0.00268257  -0.00199  0.00258098  0.071146  -0.0472394  0.0999841  
-0.0031444  -0.00202534  0.00261899  0.0690152  -0.0565041  0.0950704  
-0.0030455  -0.00193563  0.00256691  0.0667117  -0.0720264  0.0968741  
-0.00275304  -0.00189752  0.00254102  0.0702313  -0.0788761  0.100265  
-0.00285034  -0.0019306  0.00256839  0.0686099  -0.0772105  0.0949565  
-0.00313546  -0.0018886  0.00256297  0.0664026  -0.0753264  0.0926336  
-0.0030468  -0.00193126  0.00264959  0.0671982  -0.0811364  0.100368  
-0.00303521  -0.00192093  0.00252409  0.0653324  -0.068159  0.0950584  
-0.00312976  -0.00195781  0.0025758  0.0669441  -0.0624853  0.085226  
-0.00328336  -0.00204198  0.00260611  0.0664248  -0.0536714  0.0870346  
-0.00308814  -0.001973  0.00261439  0.0658358  -0.0558165  0.0970229  
-0.00306769  -0.0020232  0.00258091  0.0629752  -0.0495759  0.0981671  
-0.00314958  -0.00199998  0.00257259  0.0614706  -0.0491927  0.0980991  
-0.00311062  -0.00201459  0.00256098  0.0649587  -0.057967  0.100247  
-0.0030493  -0.00207155  0.00257318  0.066153  -0.0643068  0.0980829  
-0.00293709  -0.00193206  0.00264262  0.0690976  -0.058007  0.0954849  
-0.0028683  -0.00213638  0.00260413  0.0687658  -0.0549083  0.102433  
-0.0029477  -0.00209048  0.00264099  0.069182  -0.0483405  0.0991936  
-0.0029525  -0.00208962  0.00260384  0.0689488  -0.0682505  0.106794  
-0.00313146  -0.00194684  0.00259838  0.0655836  -0.06161  0.0989954  
-0.00294282  -0.00200001  0.00258209  0.0630384  -0.0592584  0.0999799  
-0.00329359  -0.00218322  0.00260366  0.0670399  -0.0515384  0.0980359  
-0.0029984  -0.0021493  0.00254395  0.0713792  -0.0673971  0.106102  
-0.00321674  -0.0021121  0.00251511  0.0655542  -0.0567001  0.0978324  
-0.00331238  -0.00212743  0.00255526  0.0692753  -0.0583252  0.0972448  
-0.00332802  -0.00206466  0.00252406  0.0715953  -0.0662879  0.103219  
-0.00322434  -0.00209199  0.0026144  0.0708522  -0.0700166  0.0962154  
-0.00343817  -0.00226085  0.00260189  0.0718725  -0.0513422  0.0913842  
-0.00341939  -0.00214046  0.0025655  0.0701542  -0.064546  0.0930331  
-0.00326585  -0.00218465  0.00252555  0.0730873  -0.0648915  0.0929046  
-0.00346774  -0.00214482  0.00253565  0.0700997  -0.0580488  0.0875673  
-0.00363626  -0.00215653  0.00255074  0.0685727  -0.0620886  0.0901613  
-0.00353614  -0.00220633  0.00252001  0.0714704  -0.0695748  0.0958197  
-0.00346256  -0.00212462  0.00253324  0.0711838  -0.0682465  0.0915954  
-0.00346515  -0.0022232  0.00252281  0.069523  -0.0610496  0.0808881  
-0.00358746  -0.00227103  0.00254056  0.0708944  -0.0608797  0.0855904  
-0.00346522  -0.00218769  0.00255953  0.0713007  -0.0643879  0.0861467  
-0.00325604  -0.00218108  0.0025212  0.0724038  -0.0712975  0.0968441  
-0.00335443  -0.00234716  0.00259869  0.0756271  -0.0667359  0.0849798  
-0.0034821  -0.00241208  0.0024762  0.0747283  -0.0554699  0.0780313  
-0.0034637  -0.00236498  0.0025712  0.0737601  -0.0626945  0.0876762  
-0.00339821  -0.00241892  0.00249976  0.076188  -0.0687032  0.0836149  
-0.00319551  -0.00222869  0.0025838  0.0751801  -0.0794586  0.0910518  
-0.00338238  -0.00230136  0.00259503  0.0768552  -0.0620304  0.0805898  
-0.00357056  -0.0023086  0.0026439  0.0723481  -0.0635342  0.0882561  
-0.00343974  -0.00229175  0.00257988  0.0737982  -0.0720536  0.0854312  
-0.00316541  -0.00229749  0.00256828  0.0726154  -0.068542  0.0918732  
-0.00315074  -0.00209959  0.00256277  0.065337  -0.0610114  0.0794688  
-0.00333591  -0.002224  0.00255442  0.067307  -0.0523555  0.0755869  
-0.00330128  -0.00230251  0.00260614  0.0711096  -0.0559404  0.0810415  
-0.00311256  -0.00241996  0.00262414  0.0760242  -0.0476898  0.0848097  
-0.00301889  -0.00246934  0.00270335  0.0728526  -0.0642132  0.0899471  
-0.00304003  -0.00247996  0.00276914  0.0743226  -0.0439363  0.0696396  
-0.00341534  -0.0025518  0.0027922  0.0774236  -0.0540467  0.0809804  
-0.00320613  -0.00239942  0.00278869  0.0761415  -0.0530427  0.0782572  
-0.00305058  -0.00241921  0.00275165  0.0768016  -0.0550896  0.0838426  
-0.00300682  -0.00250132  0.00279493  0.0807936  -0.0541125  0.0760832  
-0.0033713  -0.00249391  0.0027777  0.0786942  -0.0550445  0.0788013  
-0.00316527  -0.00226614  0.00274951  0.076908  -0.0733923  0.0914523  
-0.00330549  -0.00222367  0.00273343  0.0731673  -0.0658928  0.0834586  
-0.00334019  -0.00226919  0.00283804  0.0752085  -0.0555439  0.0786649  
-0.00348505  -0.00219931  0.00272896  0.0763329  -0.0591237  0.0923726  
-0.0034708  -0.00228881  0.00269877  0.0758545  -0.0759323  0.0893546  
-0.00349036  -0.00211079  0.00270558  0.0706428  -0.0674648  0.0822206  
-0.00357306  -0.00252667  0.00238093  0.0654846  -0.0548433  0.0773169  
-0.00348829  -0.00208465  0.00253623  0.0687327  -0.0581844  0.0908099  
-0.00320427  -0.00201634  0.00268071  0.0704714  -0.0610908  0.0844384  
-0.00351217  -0.00205943  0.00268192  0.0727533  -0.0543797  0.0735066  
-0.00365046  -0.00199059  0.00273451  0.0686306  -0.0645201  0.0765493  
-0.00350053  -0.00199337  0.00273933  0.067115  -0.071766  0.0755323  
-0.0035306  -0.00191585  0.00273049  0.0692051  -0.0634425  0.079948  
-0.00366316  -0.00188194  0.00269674  0.0707003  -0.0653457  0.0794187  
-0.00347718  -0.00184127  0.00269876  0.0694926  -0.0726926  0.0834396  
-0.0036779  -0.00190302  0.00271184  0.0685829  -0.0512563  0.0780462  
-0.00364457  -0.00196476  0.00276324  0.0696293  -0.0482361  0.0808574  
-0.00351789  -0.00202048  0.00278633  0.0724698  -0.0679897  0.090241  
-0.00361333  -0.00209631  0.00274721  0.0773449  -0.0588346  0.0819651  
-0.00383696  -0.00215034  0.0027858  0.0752686  -0.0595933  0.0765219  
-0.00379824  -0.00220091  0.00273895  0.0722252  -0.0622756  0.0770209  
-0.00349283  -0.00199154  0.00268658  0.0715964  -0.0776619  0.083589  
-0.00384492  -0.00203575  0.00269517  0.0737465  -0.0591773  0.0883321  
-0.00355832  -0.00183692  0.0026623  0.0716734  -0.0678551  0.0875921  
-0.00347192  -0.00177363  0.00262318  0.0699094  -0.0751852  0.0947192  
-0.0035101  -0.0017458  0.00261531  0.0691158  -0.0614664  0.0765215  
-0.00342893  -0.00185201  0.00256542  0.0727785  -0.0674512  0.0849098  
-0.00340851  -0.00201907  0.00258222  0.076055  -0.0737945  0.083295  
-0.00347825  -0.00203362  0.00262019  0.0767852  -0.0628473  0.0829961  
-0.00381806  -0.00206018  0.00270083  0.0745501  -0.0615549  0.0811436  
-0.0036113  -0.00193612  0.00265213  0.0707015  -0.0523276  0.0868583  
-0.00348653  -0.00206127  0.00259539  0.0717343  -0.0661201  0.0938305  
-0.00323856  -0.00225059  0.00263568  0.0762702  -0.0585256  0.0858145  
-0.00309271  -0.00195413  0.00262118  0.0754792  -0.0620153  0.0877296  
-0.00334004  -0.00196085  0.00264192  0.0731689  -0.0491027  0.0928675  
-0.00314902  -0.00211493  0.00260396  0.0745888  -0.0718675  0.103996  
-0.00309782  -0.00212667  0.00270204  0.0773959  -0.0676455  0.0946482  
-0.00319407  -0.00212427  0.00260772  0.0785315  -0.0645512  0.0857414  
-0.00324575  -0.00211454  0.00259943  0.0733211  -0.0567378  0.0956411  
-0.00317473  -0.00202488  0.00268593  0.0737693  -0.0655135  0.0950441  
-0.00304116  -0.00213297  0.00268511  0.0755109  -0.0625634  0.0985743  
-0.00337369  -0.00211257  0.00254702  0.0728382  -0.062028  0.0964596  
-0.00323082  -0.00197436  0.00253919  0.0707969  -0.0745108  0.103993  
-0.00306801  -0.00193335  0.00249806  0.068725  -0.0654644  0.0996825  
-0.00314969  -0.00196311  0.00250533  0.0660997  -0.0573946  0.0856037  
-0.0034202  -0.00214416  0.00258172  0.0728251  -0.0556087  0.0969149  
-0.00317868  -0.00213758  0.00247755  0.0736498  -0.0627037  0.0988283  
-0.00304282  -0.00213669  0.00256022  0.073451  -0.0546498  0.0889022  
-0.00329217  -0.0020457  0.00249433  0.0717382  -0.0427614  0.0960067  
-0.00337768  -0.00213999  0.00254846  0.0777794  -0.0641761  0.111326  
-0.00321095  -0.00216385  0.00256632  0.0777436  -0.0674643  0.100668  
-0.00338932  -0.00217725  0.00257412  0.071371  -0.057724  0.101517  
-0.00319055  -0.00193482  0.00254516  0.0692576  -0.0707906  0.119949  
-0.00326423  -0.00170837  0.00244789  0.0583727  -0.0663539  0.134121  
-0.00335971  -0.00182676  0.0024264  0.0595086  -0.0626708  0.146634  
-0.00331286  -0.00179908  0.0024307  0.0566905  -0.0708186  0.158294  
-0.00321062  -0.0017042  0.00243446  0.0531086  -0.0892633  0.173315  
-0.00328497  -0.00174161  0.00251991  0.0523374  -0.0755304  0.153229  
-0.00348048  -0.00170896  0.00244251  0.0492213  -0.0718695  0.127363  
-0.0034779  -0.00167794  0.00236766  0.052597  -0.0695115  0.120458  
-0.00316762  -0.00178441  0.00228867  0.0509549  -0.0709139  0.116118  
-0.00308969  -0.00162191  0.00236594  0.0573357  -0.0652087  0.105055  
-0.00322522  -0.00160596  0.00235738  0.0544661  -0.0667467  0.102544  
-0.0033999  -0.00145133  0.00232189  0.0436318  -0.0518072  0.0959708  
-0.00360966  -0.00144135  0.00241443  0.0512183  -0.0343568  0.0826449  
-0.00335512  -0.00126865  0.00219684  0.0488792  -0.0882981  0.0825092  
-0.00341135  -0.00162924  0.00222216  0.0508297  -0.0754841  0.0947468  
-0.00347448  -0.00170736  0.00228024  0.054483  -0.0694472  0.0954876  
-0.00341181  -0.00162319  0.00223137  0.0552823  -0.0617379  0.0857284  
-0.00305203  -0.0014727  0.0022918  0.0498646  -0.0520763  0.0881728  
-0.00300411  -0.00145183  0.0023602  0.0511325  -0.0408834  0.0899281  
-0.00313529  -0.00173887  0.00234852  0.0565369  -0.0376989  0.0891069  
-0.00303199  -0.00196295  0.00246527  0.0594677  -0.0318932  0.0900795  
-0.00301809  -0.00192816  0.00254898  0.0656775  -0.0380641  0.0931785  
-0.00267906  -0.00188148  0.0025228  0.0679954  -0.0536985  0.0974698  
-0.00281326  -0.00185688  0.002599  0.068646  -0.0484108  0.0890389  
-0.00282349  -0.00187285  0.00260306  0.0658536  -0.0411415  0.086445  
-0.00288245  -0.00183731  0.00261066  0.0691067  -0.0521938  0.092613  
-0.00278527  -0.0018675  0.00272603  0.0708821  -0.061195  0.0969327  
-0.00277211  -0.00195763  0.00267675  0.0721246  -0.0508748  0.0926723  
-0.00292711  -0.00208392  0.00257835  0.0739028  -0.0439405  0.0974033  
-0.00270311  -0.002039  0.00263492  0.0735224  -0.0513705  0.0914647  
-0.00252897  -0.00190133  0.00259198  0.0716012  -0.0477418  0.103302  
-0.00252789  -0.00202987  0.0026381  0.0747348  -0.0507981  0.100911  
-0.00287921  -0.00193952  0.00264084  0.0756045  -0.0437212  0.111057  
-0.00290804  -0.00192998  0.00258757  0.0761823  -0.0437014  0.11894  
-0.00289111  -0.00173945  0.00247438  0.0661815  -0.0549722  0.119417  
-0.00289268  -0.00168488  0.00238804  0.0625117  -0.035228  0.110578  
-0.00274115  -0.00180055  0.00247803  0.0650761  -0.0365143  0.109152  
-0.00272864  -0.00180439  0.00266136  0.0677597  -0.0421931  0.104326  
-0.00277495  -0.00186999  0.00270181  0.0681528  -0.0520797  0.112345  
-0.0027907  -0.00183003  0.00273094  0.0680771  -0.0352839  0.110919  
-0.00279345  -0.00186886  0.00270587  0.0686241  -0.0239627  0.107941  
-0.00313007  -0.0017617  0.00265795  0.0653819  -0.0421699  0.108819  
-0.00292057  -0.0015913  0.00259987  0.0613031  -0.0519404  0.112779  
-0.0031926  -0.00162781  0.0024662  0.0585651  -0.0364527  0.0941624  
-0.00332472  -0.00163878  0.00243873  0.0571892  -0.0451577  0.100696  
-0.00328243  -0.00165371  0.00249619  0.061294  -0.0562067  0.106503  
-0.0032899  -0.00152246  0.00251202  0.0547479  -0.0512084  0.101685  
-0.00371003  -0.00141426  0.00245287  0.0552671  -0.0540767  0.112256  
-0.00367566  -0.00124617  0.00245955  0.0538555  -0.0646584  0.115242  
-0.00352578  -0.00135156  0.00244291  0.0551087  -0.0655185  0.108539  
-0.00393976  -0.00140958  0.00247546  0.0585555  -0.0523989  0.0983805  
-0.00398427  -0.00137292  0.00255724  0.0612214  -0.0779338  0.112454  
-0.00391865  -0.00133046  0.00260834  0.0674585  -0.0755434  0.117886  
-0.00416361  -0.00132047  0.00259062  0.0586695  -0.05259  0.112784  
-0.00407963  -0.00127047  0.00255702  0.0602844  -0.0732907  0.111656  
-0.00378391  -0.00128999  0.00259539  0.0637399  -0.0686857  0.111634  
-0.00407363  -0.00148745  0.00259986  0.0636259  -0.0601189  0.110948  
-0.00384391  -0.00134889  0.00260365  0.0610837  -0.0729674  0.12144  
-0.00368114  -0.00141423  0.00267899  0.0635161  -0.0724809  0.1151  
-0.00406056  -0.00151076  0.00262707  0.0666637  -0.0614576  0.102483  
-0.00395592  -0.00155553  0.00266096  0.0698915  -0.0859876  0.108011  
-0.00385898  -0.00165569  0.00266058  0.0735382  -0.0821898  0.0983048  
-0.00385603  -0.00171848  0.00266122  0.0757639  -0.0712871  0.0985103  
-0.00410156  -0.0017991  0.00271464  0.0772477  -0.0624673  0.0923065  
-0.00405287  -0.0017596  0.0027025  0.0774507  -0.0691917  0.101468  
-0.00395432  -0.00187443  0.00270552  0.0827329  -0.0800165  0.0885294  
-0.00395528  -0.0018761  0.00281158  0.0856443  -0.0624223  0.0803059  
-0.00368809  -0.00223811  0.00301766  0.0967749  -0.0565042  0.07964  
-0.003496  -0.00243647  0.00310048  0.107701  -0.0740836  0.0855259  
-0.00332007  -0.00264943  0.00327875  0.116264  -0.0599992  0.0680899  
-0.00327263  -0.00273395  0.00339051  0.117607  -0.0536697  0.0610429  
-0.00311565  -0.00272354  0.00351922  0.120351  -0.0574172  0.0613201  
-0.00295601  -0.00267608  0.00348623  0.12002  -0.0611074  0.0717563  
-0.00314276  -0.00273146  0.00365103  0.121831  -0.056684  0.0569839  
-0.00406049  -0.00241951  0.00380433  0.121562  -0.0628995  0.0634958  
-0.00361672  -0.00249706  0.00368779  0.121955  -0.0693173  0.0554419  
-0.00380954  -0.00261234  0.0036377  0.124041  -0.0696741  0.0519598  
-0.00367839  -0.00232615  0.00374136  0.124036  -0.0829204  0.0538192  
-0.00422373  -0.00224575  0.00380841  0.121967  -0.0793409  0.0605611  
-0.00466205  -0.00191139  0.00385821  0.127305  -0.0944044  0.090812  
-0.00442198  -0.00175919  0.00354834  0.114515  -0.104857  0.0949496  
-0.00473377  -0.00204245  0.00348631  0.119452  -0.104589  0.0865288  
-0.00505071  -0.00179624  0.00351274  0.117909  -0.102508  0.0839345  
-0.00505494  -0.00196537  0.00356785  0.118934  -0.128022  0.118661  
-0.00506557  -0.00186764  0.00374658  0.124913  -0.116769  0.0935392  
-0.00491912  -0.00198415  0.00376434  0.124784  -0.106848  0.0850406  
-0.00514336  -0.00179476  0.00375953  0.12127  -0.114595  0.104711  
-0.00522101  -0.00184587  0.00376122  0.126807  -0.113433  0.10126  
-0.00510845  -0.00195246  0.00366582  0.123872  -0.118324  0.09968  
-0.00493055  -0.00191483  0.00365475  0.117903  -0.110287  0.0908466  
-0.00503992  -0.00201148  0.00356759  0.124545  -0.0906651  0.0967444  
-0.00505455  -0.00212759  0.00376604  0.119741  -0.100041  0.103433  
-0.0048182  -0.0020433  0.00383467  0.125032  -0.109308  0.105593  
-0.00475477  -0.00208075  0.0038198  0.119864  -0.0981329  0.093926  
-0.00473185  -0.00202853  0.0037335  0.122327  -0.0868274  0.0897138  
-0.00458876  -0.0020318  0.00379346  0.125429  -0.109252  0.0930409  
-0.00460907  -0.00204053  0.00379265  0.125415  -0.0869152  0.088047  
-0.00452911  -0.00204678  0.00374812  0.126726  -0.085558  0.0863384  
-0.00450335  -0.00220285  0.00376552  0.128815  -0.101603  0.0934893  
-0.00432748  -0.00235367  0.00378115  0.129319  -0.0966379  0.0775958  
-0.00413921  -0.00212023  0.00375832  0.128787  -0.0778616  0.0794058  
-0.00404657  -0.00224004  0.00372973  0.127302  -0.0868343  0.0854631  
-0.00380249  -0.00202766  0.00372677  0.125323  -0.0937074  0.0794133  
-0.00394474  -0.00206603  0.00358278  0.124587  -0.0780631  0.072146  
-0.00405485  -0.00192682  0.00366351  0.12445  -0.0879304  0.0711539  
-0.00385143  -0.0021031  0.00359746  0.126447  -0.0889912  0.0730053  
-0.00407835  -0.00211948  0.00371068  0.12462  -0.0742995  0.0647888  
-0.00446471  -0.00206078  0.00381825  0.126444  -0.0876735  0.0837797  
-0.00442057  -0.00209401  0.00380672  0.126389  -0.0946302  0.0769283  
-0.00446396  -0.00205312  0.00379878  0.123118  -0.0845973  0.0663896  
-0.00461582  -0.00218212  0.00375475  0.116119  -0.0869717  0.0717755  
-0.0045208  -0.00217899  0.00370466  0.123962  -0.0952708  0.0819785  
-0.00445873  -0.00230283  0.00372529  0.126195  -0.0942072  0.0752096  
-0.00457172  -0.00221717  0.0036423  0.124794  -0.0901297  0.0714367  
-0.00463042  -0.00218379  0.00375003  0.122779  -0.0869071  0.077218  
-0.00427682  -0.00234805  0.0037599  0.120782  -0.0934135  0.080645  
-0.00438043  -0.00217904  0.00375437  0.123465  -0.0789141  0.0862489  
-0.00445945  -0.00243133  0.00369276  0.118681  -0.0766112  0.0790925  
-0.00449935  -0.00259623  0.00369539  0.12876  -0.0750379  0.0779914  
-0.00413767  -0.00267302  0.00360217  0.129126  -0.0898085  0.084236  
-0.00411308  -0.00260608  0.00370546  0.136044  -0.0756995  0.0642333  
-0.00409468  -0.00276011  0.00371156  0.128463  -0.0731183  0.0768318  
-0.00412097  -0.00260514  0.00366945  0.135834  -0.0743128  0.0704639  
-0.00386756  -0.00250669  0.00369919  0.132379  -0.0872914  0.0727565  
-0.00409236  -0.00251588  0.00372523  0.127553  -0.0662789  0.0723167  
-0.00409835  -0.00255531  0.00375926  0.13514  -0.0834414  0.074407  
-0.00397579  -0.00256322  0.00371067  0.134913  -0.087051  0.0662841  
-0.00397668  -0.00252771  0.00372457  0.134747  -0.0796165  0.0545487  
-0.0040806  -0.00273467  0.00377152  0.134942  -0.0732442  0.0635787  
-0.00380311  -0.00256269  0.0036319  0.133882  -0.0920361  0.0823345  
-0.00395779  -0.00261654  0.00366951  0.14016  -0.0854133  0.062206  
-0.00413758  -0.00252836  0.00364044  0.136494  -0.0821796  0.0721902  
-0.00419462  -0.00249023  0.00360617  0.131623  -0.0918006  0.0726961  
-0.00394606  -0.00237892  0.0036618  0.133607  -0.0925125  0.0725411  
-0.00420107  -0.00251684  0.00358477  0.134358  -0.0777598  0.0722273  
-0.00405615  -0.00232321  0.00357058  0.129495  -0.0868525  0.0780131  
-0.00391173  -0.00238546  0.0035906  0.136  -0.0837353  0.0771783  
-0.00415937  -0.00228675  0.00353693  0.132893  -0.0767594  0.0724673  
-0.0041505  -0.00222438  0.00356998  0.131516  -0.0825787  0.0834822  
-0.00386164  -0.00234446  0.00340028  0.131462  -0.0895036  0.0832137  
-0.00376316  -0.00236559  0.00344316  0.132248  -0.0832775  0.0619239  
-0.00393201  -0.00237518  0.00352313  0.135139  -0.0861997  0.0634018  
-0.00378859  -0.00247747  0.0034877  0.134081  -0.0869704  0.058156  
-0.00374315  -0.00234944  0.0034923  0.12801  -0.0875964  0.059973  
-0.00389211  -0.00238383  0.00352625  0.130068  -0.0624851  0.0551522  
-0.0038793  -0.00222178  0.0035197  0.12919  -0.0714998  0.0639859  
-0.0037792  -0.0022166  0.00342996  0.124035  -0.0665116  0.0663675  
-0.00351519  -0.00207677  0.00341578  0.123285  -0.0749597  0.0671088  
-0.00369724  -0.00222592  0.00341457  0.127841  -0.0669299  0.0605968  
-0.0038234  -0.00214354  0.00343243  0.124348  -0.0681235  0.0684783  
-0.00358632  -0.00192792  0.00325522  0.114967  -0.0741394  0.077596  
-0.00334795  -0.00199305  0.00328479  0.113698  -0.0717444  0.079875  
-0.00346797  -0.00194221  0.00320123  0.114671  -0.0600041  0.0780125  
-0.00342311  -0.00183091  0.00313238  0.105121  -0.0577464  0.0778344  
-0.00315564  -0.00208837  0.00313778  0.108651  -0.0892016  0.0989036  
-0.00366768  -0.00213736  0.0031699  0.115994  -0.0603811  0.0928921  
-0.00366155  -0.00218575  0.00320324  0.114818  -0.070283  0.106622  
-0.00345337  -0.00212519  0.00324929  0.118021  -0.068178  0.103973  
-0.00342469  -0.00204898  0.00323038  0.114364  -0.0548998  0.0929555  
-0.00336527  -0.00197575  0.00318681  0.108591  -0.0463731  0.095981  
-0.00327164  -0.00201843  0.00323616  0.107975  -0.0552461  0.106727  
-0.00318117  -0.00199458  0.00310639  0.107873  -0.0507697  0.0892961  
-0.0032028  -0.00218191  0.00305963  0.109884  -0.0638136  0.0873042  
-0.00339438  -0.00210804  0.00315741  0.113648  -0.060227  0.0821953  
-0.00353859  -0.00213837  0.00309628  0.110145  -0.0697918  0.088525  
-0.00357235  -0.00223334  0.00325459  0.11801  -0.062874  0.0858374  
-0.00352885  -0.00216931  0.00324719  0.118005  -0.0604133  0.0833187  
-0.00378385  -0.00218886  0.00327205  0.115037  -0.0574461  0.0884721  
-0.00346538  -0.00179818  0.00307163  0.0995637  -0.0673746  0.0938314  
-0.00352201  -0.0016952  0.00302985  0.102893  -0.0620669  0.086506  
-0.00384786  -0.00179123  0.00306215  0.101945  -0.0616142  0.10619  
-0.00352244  -0.00159707  0.00303905  0.0927315  -0.0639013  0.128449  
-0.00325438  -0.00159427  0.00290635  0.0877234  -0.081912  0.136571  
-0.00298419  -0.00152508  0.00293573  0.0881359  -0.071536  0.121236  
-0.00311288  -0.00149106  0.00291546  0.087381  -0.0670715  0.128559  
-0.00322333  -0.00153758  0.00298445  0.0867741  -0.0648339  0.127246  
-0.00327275  -0.00167655  0.00303391  0.0886838  -0.0740765  0.133414  
-0.00338095  -0.00181171  0.00315772  0.0935692  -0.0618831  0.114098  
-0.0035687  -0.00173421  0.00309073  0.0928041  -0.0591045  0.119472  
-0.00341503  -0.00159189  0.00311827  0.0911682  -0.0636332  0.104704  
-0.00358412  -0.00159736  0.00327657  0.0933859  -0.0614226  0.108476  
-0.00387265  -0.00134984  0.00332612  0.0901507  -0.0458886  0.101498  
-0.003617  -0.00139446  0.00325957  0.0901324  -0.0622883  0.0930321  
-0.00382083  -0.00137178  0.00318541  0.0883887  -0.0626382  0.0835481  
-0.00396811  -0.00127428  0.00316275  0.081973  -0.0639243  0.0843598  
-0.00415926  -0.00132659  0.00301072  0.0805638  -0.0446354  0.078957  
-0.00388923  -0.00138292  0.0030099  0.0811798  -0.0599156  0.0781318  
-0.00387389  -0.00137883  0.00293638  0.0816605  -0.0557651  0.0760181  
-0.004071  -0.0014775  0.00288064  0.0822417  -0.0455223  0.0629339  
-0.00380292  -0.00137845  0.00293375  0.0832318  -0.0447392  0.0656002  
-0.00392693  -0.00134533  0.00298662  0.0879381  -0.0571013  0.0770585  
-0.00411461  -0.00138724  0.00279797  0.0818329  -0.0634909  0.0683556  
-0.00464331  -0.00127225  0.0024893  0.0729664  -0.0685135  0.058112  
-0.00440461  -0.00158793  0.00230752  0.0720551  -0.0883169  0.072709  
-0.00446909  -0.00183355  0.00222157  0.0780364  -0.077772  0.064274  
-0.00412704  -0.00204765  0.00219408  0.07868  -0.057126  0.0569434  
-0.00400132  -0.0019017  0.00224138  0.0775028  -0.0633301  0.0673955  
-0.00356518  -0.00178984  0.00249943  0.0833407  -0.0598718  0.0590011  
-0.00370448  -0.00176597  0.00254659  0.0846098  -0.062937  0.0541388  
-0.00380911  -0.00181999  0.00260995  0.087848  -0.0522598  0.0536042  
-0.00389165  -0.00180555  0.00262192  0.0891174  -0.0491982  0.0573769  
-0.00374102  -0.00175685  0.00258277  0.0834349  -0.0678294  0.0716864  
-0.0039313  -0.00168228  0.00264786  0.0847589  -0.0451334  0.0617997  
-0.004039  -0.0019211  0.00262992  0.085714  -0.0501071  0.0684632  
-0.0037657  -0.00177868  0.00260301  0.0864653  -0.0638408  0.0738232  
-0.00372839  -0.00167054  0.00268262  0.0886835  -0.0561933  0.0660559  
-0.00385814  -0.0018867  0.00256232  0.0909438  -0.0443945  0.0618688  
-0.00388018  -0.00177271  0.00266075  0.0897322  -0.0560483  0.0702302  
-0.0036786  -0.00169414  0.00260095  0.0913832  -0.0612796  0.0677568  
-0.0038401  -0.0018037  0.00258213  0.0914507  -0.0531988  0.0638802  
-0.00400115  -0.00172374  0.00267399  0.0946092  -0.063318  0.0766129  
-0.00379668  -0.00169912  0.00266044  0.0944228  -0.0735532  0.0717658  
-0.00388224  -0.00158772  0.00272117  0.0891716  -0.0575281  0.0743529  
-0.00392136  -0.0015852  0.00281672  0.0899928  -0.0500449  0.0716181  
-0.00385496  -0.00158892  0.00274887  0.0879482  -0.0691154  0.0780299  
-0.00398054  -0.00151143  0.00276663  0.084363  -0.0675221  0.0740817  
-0.00391727  -0.00151444  0.0027634  0.0861667  -0.0625502  0.0680456  
-0.00405267  -0.00132769  0.00277731  0.0776525  -0.0618399  0.0719069  
-0.00402796  -0.00116335  0.00276342  0.0715765  -0.0752977  0.0869738  
-0.00371586  -0.00106634  0.00259431  0.063338  -0.0674275  0.0956785  
-0.00366423  -0.00072199  0.00258957  0.0543479  -0.0719612  0.11843  
-0.00380038  -0.001016  0.00255944  0.062038  -0.0725282  0.100826  
-0.00361096  -0.00101563  0.00259132  0.0626885  -0.0869701  0.0923724  
-0.00384584  -0.00106343  0.00265151  0.0660345  -0.0627033  0.0737731  
-0.00388764  -0.00102133  0.00274648  0.0671387  -0.0613629  0.0881694  
-0.00379243  -0.00126142  0.00277066  0.0734591  -0.062541  0.0828416  
-0.00382867  -0.0011988  0.00278397  0.0731575  -0.0483076  0.0666096  
-0.00380588  -0.00103679  0.00270898  0.0651432  -0.0338363  0.0573517  
-0.00357816  -0.00103679  0.00250051  0.0646116  -0.0454603  0.0681326  
-0.00286177  -0.00098055  0.00223791  0.0580476  -0.0465846  0.0553947  
-0.00290754  -0.000890899  0.00231157  0.0557749  -0.0337752  0.0389816  
-0.00284332  -0.000772271  0.00220491  0.0538599  -0.0478062  0.0586124  
-0.00259182  -0.000781557  0.00217324  0.0515865  -0.0471909  0.0628918  
-0.00295507  -0.000529348  0.00218956  0.046892  -0.0408921  0.060357  
-0.00288902  -0.000707139  0.00211262  0.0483304  -0.0513318  0.0598872  
-0.0028245  -0.00067117  0.00215132  0.0465557  -0.0555406  0.05943  
-0.00306205  -0.000722271  0.00217885  0.048829  -0.0328146  0.0478637  
-0.00293355  -0.000887136  0.00219804  0.0535658  -0.0350433  0.0503674  
-0.00274451  -0.000999209  0.00216069  0.0543721  -0.0536442  0.0577977  
-0.00265861  -0.000957302  0.00218975  0.053497  -0.0284256  0.0439653  
-0.00267161  -0.00104286  0.00215036  0.0476773  -0.0323288  0.0533894  
-0.00282927  -0.000847582  0.00219796  0.0477289  -0.0442849  0.059838  
-0.00281966  -0.000712243  0.00216433  0.0451349  -0.0457016  0.0639021  
-0.00310725  -0.000699231  0.00215357  0.0457334  -0.0295896  0.0478139  
-0.00297794  -0.000809078  0.00220357  0.0469209  -0.0382505  0.0485329  
-0.0027874  -0.000686608  0.00217099  0.0476505  -0.0480531  0.0551687  
-0.00284669  -0.000754102  0.00212882  0.0488967  -0.0307725  0.043175  
-0.00307649  -0.000610275  0.00216992  0.0483559  -0.0409406  0.0565097  
-0.002862  -0.000767681  0.00213803  0.0532682  -0.0476913  0.052742  
-0.00267814  -0.000777847  0.00216088  0.0504497  -0.051764  0.0600594  
-0.00282265  -0.00094147  0.00209798  0.0519706  -0.0420215  0.0546553  
-0.0028401  -0.00100378  0.00209495  0.0564247  -0.0567412  0.062681  
-0.00276252  -0.000887304  0.00226705  0.0529679  -0.0676986  0.0683388  
-0.00284734  -0.000972538  0.00220868  0.056072  -0.0460416  0.0524708  
-0.00303138  -0.00112614  0.00213506  0.0562355  -0.0472997  0.0642436  
-0.00284495  -0.000936581  0.0022083  0.0554603  -0.059156  0.0647186  
-0.00266652  -0.00114931  0.00219407  0.0585798  -0.06062  0.0536264  
-0.00274724  -0.00118401  0.00215839  0.0585894  -0.0479921  0.0497555  
-0.00286673  -0.00103479  0.00223146  0.0593577  -0.0507393  0.0463084  
-0.00254581  -0.000917333  0.00212999  0.0584652  -0.067757  0.0474012  
-0.00242334  -0.000917333  0.00213197  0.0551107  -0.0497857  0.0298623  
-0.0025405  -0.000917333  0.00211177  0.0569965  -0.0411605  0.0367945  
-0.00249289  -0.00106186  0.00201775  0.0618305  -0.0545079  0.0556945  
-0.00226665  -0.000917333  0.00207223  0.0610729  -0.0644703  0.0582862  
-0.0017468  -0.00140409  0.00189922  0.0690047  -0.0434456  0.0370226  
-0.00221204  -0.00120976  0.00167997  0.0464215  -0.0446078  0.046134  
-0.00207903  -0.000849731  0.00135049  0.0436415  -0.0509756  0.0373571  
-0.00204755  -0.000764033  0.00152148  0.0442768  -0.0399248  0.0260681  
-0.00212229  -0.00073674  0.00145607  0.0414037  -0.0436549  0.0331051  
-0.00210059  -0.000817815  0.00148468  0.043727  -0.0570132  0.0369113  
6.57399e-05  -0.000692306  0.00142279  0.0368077  -0.0599834  0.0935034  
0.000275891  -0.00046349  0.000617788  0.0587122  -0.0782861  0.103485  
-0.000614398  -0.000788794  0.00121763  0.0544749  0.00579236  0.0867787  
-0.000380233  -0.000788794  0.00112035  0.0550609  -0.0329129  0.0768671  
-0.00137953  -0.00119516  0.00119909  0.0591372  -0.0269586  0.037693  
-0.00136008  -0.00125041  0.00108609  0.0622285  -0.0470615  0.0417842  
-0.000759608  -0.0013036  0.00106844  0.0647199  -0.066767  0.0582828  
-0.00132399  -0.00114033  0.00109429  0.0647073  -0.0777776  0.0265112  
-0.000832815  -0.00107863  0.00115368  0.0707225  -0.0760621  0.0249648  
-0.00134423  -0.00119134  0.00120228  0.0709912  -0.050291  0.0282972  
-0.00122282  -0.00150368  0.00119925  0.0773385  -0.0568589  0.0201476  
-0.00119562  -0.00161297  0.0012455  0.0813734  -0.0563788  0.0336427  
-0.000954003  -0.00142784  0.00118491  0.0785723  -0.0637733  0.0343755  
-0.00182896  -0.00149798  0.00122304  0.0780686  -0.048052  0.025476  
-0.00124809  -0.00152243  0.00127053  0.0716905  -0.0462402  0.0288443  
-0.000806582  -0.00137224  0.00114848  0.0714668  -0.0571919  0.0406485  
-0.00124714  -0.001404  0.00118347  0.0706715  -0.0363451  0.0369974  
-0.00167651  -0.00132279  0.0011228  0.0679483  -0.0516205  0.042559  
-0.00109324  -0.00132806  0.0011392  0.0698954  -0.0637377  0.0642383  
-0.000750995  -0.00138525  0.0010213  0.0723725  -0.0673393  0.0583629  
-0.0016805  -0.0016527  0.000986505  0.0755258  -0.0828579  0.0728456  
-0.00105984  -0.00168056  0.000772407  0.0787145  -0.086691  0.0788559  
-0.000539361  -0.00182988  0.000836813  0.080964  -0.0795312  0.0752475  
-0.00118884  -0.00183625  0.000933432  0.0809437  -0.0702363  0.073057  
-0.0010935  -0.00176466  0.000887825  0.0857099  -0.0816778  0.0653409  
-0.00074037  -0.00175874  0.000782279  0.0883018  -0.0823314  0.0757798  
-0.000668772  -0.00183093  0.000833701  0.0910391  -0.0779961  0.0766773  
-0.00109887  -0.00179668  0.000751708  0.0889756  -0.0730821  0.0788043  
-0.000767561  -0.00153021  0.000517006  0.0939494  -0.0971834  0.104169  
-0.000925475  -0.00207254  0.000537183  0.0939325  -0.0907657  0.073638  
-0.000992131  -0.00193599  0.000554571  0.0880301  -0.0686268  0.0660771  
-0.000458687  -0.00147559  0.000549295  0.0891153  -0.0704016  0.0852703  
-0.00067436  -0.00183673  0.000579155  0.0949471  -0.0732404  0.0779918  
-0.000536311  -0.00159043  0.000650106  0.0950606  -0.0672522  0.0799407  
-0.00115886  -0.0017544  0.000717628  0.0919659  -0.0598084  0.0783506  
-0.00141607  -0.00140175  0.000865033  0.0869217  -0.0694423  0.0985475  
-0.00154363  -0.00141934  0.000968839  0.0861669  -0.0671743  0.0791224  
-0.0016862  -0.00147131  0.00111503  0.0873379  -0.0568613  0.0930114  
-0.00187505  -0.0015637  0.00112857  0.0896697  -0.066679  0.0940015  
-0.00144718  -0.00165041  0.00101706  0.0861012  -0.0797526  0.0962401  
-0.00139465  -0.00148846  0.00104105  0.0822787  -0.0612137  0.0760029  
-0.0016819  -0.0017121  0.00114529  0.0862065  -0.0561214  0.0740239  
-0.00166776  -0.00176794  0.00121865  0.0889623  -0.0700946  0.0823974  
-0.00124518  -0.00165831  0.00117941  0.0914875  -0.0582954  0.0791147  
-0.00149949  -0.00191054  0.00119696  0.0883934  -0.0572091  0.0728963  
-0.00184059  -0.00191113  0.00112688  0.0907789  -0.0589507  0.0746657  
-0.00104272  -0.00162021  0.00108804  0.0855327  -0.0691489  0.0857081  
-0.00159739  -0.00199083  0.00115097  0.0844571  -0.0479111  0.0558017  
-0.00182724  -0.00198521  0.00111213  0.0845212  -0.0398476  0.0664311  
-0.00135035  -0.00181131  0.00113231  0.0819696  -0.0609543  0.0847591  
-0.00139016  -0.00186522  0.00113189  0.0807902  -0.0522422  0.0607545  
-0.00145463  -0.00179081  0.00111756  0.0806687  -0.0563669  0.0697359  
-0.00158419  -0.00177148  0.00117154  0.0822756  -0.0594254  0.0675911  
-0.00125819  -0.00187195  0.0011659  0.0822195  -0.0743536  0.0771598  
-0.00112599  -0.00191925  0.00123791  0.0838934  -0.0449522  0.0657779  
-0.00126903  -0.0019365  0.00122874  0.0860033  -0.0381858  0.081434  
-0.00121776  -0.00188762  0.00115711  0.0844456  -0.0545687  0.0771752  
-0.00131311  -0.00187409  0.00106849  0.0771198  -0.0366718  0.0648675  
-0.00125383  -0.00123981  0.00106525  0.0596201  -0.0417491  0.0866355  
-0.00094552  -0.000871565  0.00103454  0.0513218  -0.0542523  0.110488  
-0.000976133  -0.000894626  0.00106776  0.0524062  -0.0418954  0.0977935  
-0.00199295  -0.00109228  0.000852155  0.0527663  -0.0223305  0.0697225  
-0.00130306  -0.00114196  0.000913912  0.0545359  -0.0384711  0.081248  
-0.00146149  -0.00118738  0.000846114  0.056836  -0.0410869  0.0831022  
-0.0014868  -0.000925011  0.00098348  0.0562484  -0.0284981  0.0776371  
-0.0013565  -0.00102868  0.00105519  0.0575482  -0.0210435  0.0717669  
-0.00084928  -0.00100959  0.00104408  0.0553787  -0.0340318  0.0862448  
-0.00154935  -0.00126597  0.0011358  0.0623277  0.00316261  0.0710524  
-0.0012931  -0.00101826  0.00114414  0.0575596  -0.0182808  0.0904671  
-0.00106625  -0.000954329  0.00120926  0.054744  -0.0106968  0.0908763  
-0.00153301  -0.00121916  0.00108082  0.0561585  -0.00190891  0.069757  
-0.00154891  -0.00134748  0.00102913  0.0571152  -0.0196876  0.0741281  
-0.00149559  -0.00125555  0.00100168  0.0565476  -0.0349084  0.0797835  
-0.00129828  -0.00120902  0.000983525  0.0571274  -0.0350347  0.0683437  
-0.0019521  -0.00114841  0.000878802  0.0541806  -0.0230329  0.0515477  
-0.00144747  -0.00107887  0.000908043  0.0528497  -0.0261426  0.0609747  
-0.000850647  -0.000920295  0.00106253  0.0527277  -0.028811  0.07548  
-0.00150251  -0.00116504  0.00098981  0.0538329  -0.00730181  0.0491563  
-0.00144715  -0.00114829  0.000937376  0.0487772  -0.0109332  0.0510078  
-0.00126678  -0.00124607  0.00103668  0.0499655  -0.0341533  0.0665553  
-0.00115903  -0.00119867  0.000855014  0.0544669  -0.0117377  0.0564434  
-0.00155886  -0.00107755  0.000878236  0.0524164  -0.0204244  0.0645136  
-0.00156694  -0.00112961  0.000853808  0.0529536  -0.029738  0.0699666  
-0.00115903  -0.00116066  0.000857473  0.0543717  -0.0253085  0.0724526  
-0.0014773  -0.00110956  0.000708766  0.050264  -0.0152248  0.0648454  
-0.00158902  -0.00118857  0.000653232  0.046942  -0.0263031  0.0624266  
-0.00107175  -0.0010149  0.000846828  0.0380651  -0.0305558  0.033726  
-0.00218872  -0.00093231  0.000760915  0.0342087  -0.0150778  -0.0114342  
-0.0024715  -0.000494276  0.000543916  0.0303513  -0.025962  0.0519562  
-0.00207914  -0.000663664  0.000705988  0.0383791  -0.0483182  0.0593867  
-0.00214385  -0.000759894  0.000653232  0.0364007  -0.0257143  0.0352897  
-0.00211567  -0.000494276  0.000653232  0.0341945  -0.0302366  0.0582386  
-0.0022372  -0.000574816  0.000652652  0.0413918  -0.0370639  0.0617903  
-0.00224438  -0.000626734  0.000709065  0.0408155  -0.0264413  0.0595719  
-0.00225965  -0.000599788  0.000706419  0.0403786  -0.0237836  0.0609776  
-0.00235472  -0.000895215  0.000649651  0.0436706  -0.0330653  0.0613532  
-0.00195123  -0.000807613  0.000649651  0.0416396  -0.0433206  0.0530344  
-0.00222229  -0.000963098  0.000649651  0.0399283  -0.0262631  0.0386094  
-0.00229026  -0.000936045  0.000732821  0.0428579  -0.0390102  0.058239  
-0.00182347  -0.000972765  0.000733147  0.0479411  -0.0499302  0.0626441  
-0.00221955  -0.00106706  0.000724052  0.0488792  -0.0392147  0.0511656  
-0.00206708  -0.00116445  0.000649651  0.0510735  -0.0404813  0.0545252  
-0.00175357  -0.00111427  0.000649651  0.0548362  -0.0539969  0.06464  
-0.00201425  -0.00126723  0.000649651  0.0616984  -0.0330876  0.0303165  
-0.00202206  -0.00154447  0.000860929  0.0598517  -0.0303766  0.0276797  
-0.00196032  -0.00151238  0.000649651  0.0641779  -0.0413555  0.0328673  
-0.00182083  -0.00148733  0.000754054  0.0621691  -0.0486075  0.0337124  
-0.00201693  -0.00155378  0.000734444  0.0653448  -0.0295667  0.0220194  
-0.00225968  -0.00140396  0.000742571  0.0606291  -0.036165  0.0320664  
-0.00163724  -0.0014162  0.000795231  0.058207  -0.0454799  0.0344339  
-0.00176448  -0.00153172  0.000919088  0.0584868  -0.046799  0.0382437  
-0.00177328  -0.0011817  0.000787418  0.0552956  -0.0438983  0.0416607  
-0.00165671  -0.00114187  0.000713324  0.058242  -0.0586743  0.0448375  
-0.00127999  -0.00139012  0.000827267  0.0510782  -0.066826  0.0452525  
-0.00170157  -0.00119913  0.000869657  0.0561124  -0.0438215  0.0241748  
-0.00126267  -0.00108954  0.000865487  0.0510577  -0.0471068  0.0429548  
-0.00133642  -0.00115593  0.000794435  0.0564236  -0.0684965  0.0404141  
-0.00128811  -0.00132363  0.000872599  0.0584294  -0.0562862  0.0324939  
-0.001339  -0.00128855  0.000778939  0.059084  -0.0454525  0.0292082  
-0.00169827  -0.0013271  0.000807194  0.0564613  -0.0471603  0.0341151  
-0.00106721  -0.00119412  0.000766951  0.0574634  -0.0522055  0.0535895  
-0.00112732  -0.00127698  0.00075935  0.0565966  -0.0482603  0.0402244  
-0.00169615  -0.00126192  0.000708038  0.0565028  -0.0459913  0.0403812  
-0.00107321  -0.00102579  0.000727768  0.0510709  -0.0552934  0.0649313  
-0.00196935  -0.00110013  0.000612953  0.0477129  -0.0288386  0.0411958  
-0.00175888  -0.00118866  0.000711821  0.0510799  -0.0445796  0.0636137  
-0.00181774  -0.00118975  0.000625527  0.0510743  -0.0639514  0.0546523  
-0.00130524  -0.000987898  0.000618674  0.0541229  -0.0632661  0.0472022  
-0.00187527  -0.00109894  0.00059265  0.0510796  -0.047478  0.0484943  
-0.00104253  -0.000885546  0.000475555  0.0482539  -0.0642585  0.0711997  
-0.00177297  -0.00101598  0.000492814  0.0510717  -0.0386761  0.0367442  
-0.00172014  -0.000727109  0.000426893  0.0510766  -0.046373  0.0539255  
-0.00131731  -0.00102618  0.00040788  0.051078  -0.0499738  0.0497055  
-0.00169653  -0.00101462  0.000435164  0.0474871  -0.0347889  0.0441132  
-0.00168685  -0.00103497  0.000422063  0.0471956  -0.0419968  0.0557204  
-0.00107734  -0.00109413  0.000545365  0.0442112  -0.0590341  0.0635166  
-0.0015307  -0.00115351  0.000392414  0.0457439  -0.0324849  0.0450543  
-0.0010914  -0.00115705  0.000566182  0.0478515  -0.0603294  0.0736971  
-0.00110632  -0.00119861  0.000554168  0.0488888  -0.0464784  0.0692169  
-0.000508373  -0.00105304  0.000675858  0.0461938  -0.0385444  0.0610578  
-0.0013405  -0.00163336  0.000637123  0.0477939  -0.0290408  0.0523297  
-0.000450154  -0.00112859  0.000616247  0.0510615  -0.064112  0.0773403  
-0.00116241  -0.00171976  0.000601398  0.0510538  -0.0269288  0.0412928  
-0.000988314  -0.00171134  0.000780024  0.0587147  -0.0471876  0.0552766  
-0.00101986  -0.00179116  0.000825231  0.0582501  -0.0314721  0.0371257  
-0.00145973  -0.0020243  0.00078723  0.0592992  -0.0345024  0.0287206  
-0.00153595  -0.00173507  0.000681218  0.0604024  -0.0333546  0.0388759  
-0.00161029  -0.00170091  0.000774909  0.0592195  -0.0536934  0.0431432  
-0.00175291  -0.00165829  0.000765605  0.0634368  -0.0274001  0.0331445  
-0.00157063  -0.00137796  0.000837685  0.0601568  -0.0347676  0.0463488  
-0.00135966  -0.00147985  0.000681219  0.0611729  -0.0487442  0.052549  
-0.00134993  -0.00137038  0.000815224  0.0621519  -0.0385995  0.0386529  
-0.00155775  -0.00167016  0.000681219  0.0656353  -0.0402695  0.0405865  
-0.00111554  -0.00166414  0.000681219  0.0663006  -0.0484454  0.0536034  
-0.00108023  -0.00195283  0.000681219  0.0660869  -0.0573652  0.0287259  
-0.00134387  -0.00202847  0.000751935  0.0616713  -0.0404008  0.0252721  
-0.000835754  -0.00201262  0.000791951  0.0657087  -0.0444786  0.0338601  
-8.73322e-05  -0.00242809  0.000742453  0.0660081  -0.0432366  0.02237  
-0.000289875  -0.00232512  0.000907879  0.0689473  -0.00684848  0.019567  
-0.000540021  -0.00229719  0.000808942  0.0689647  -0.0288649  0.0300081  
0.000297793  -0.00227323  0.000964523  0.068939  -0.0195452  0.0172148  
2.2724e-05  -0.00225687  0.000965785  0.0718375  -0.0108002  0.0108556  
-0.000598057  -0.00197572  0.00101291  0.0754841  -0.0257581  0.0339982  
-0.000731067  -0.00212585  0.000945825  0.0778639  -0.0368398  0.0402385  
-0.000977862  -0.00189897  0.00102007  0.0689567  -0.0338571  0.0420889  
-0.00111896  -0.00173061  0.000961911  0.0760033  -0.0401992  0.0560114  
-0.000787606  -0.00174205  0.000891937  0.0777591  -0.0632127  0.0690417  
-0.000929249  -0.00208107  0.00103081  0.0766977  -0.0590212  0.0420088  
-0.00127124  -0.00193059  0.000974751  0.0762759  -0.038849  0.0443523  
-0.000981174  -0.00197815  0.000936678  0.0770984  -0.0579138  0.0433364  
-0.000787606  -0.00219317  0.000952021  0.0776822  -0.0563667  0.0420543  
-0.00100571  -0.00219747  0.000999691  0.0794379  -0.0297882  0.0333149  
-0.000840258  -0.00208943  0.000995112  0.0745759  -0.0300844  0.0451307  
-0.000787606  -0.00201762  0.000991704  0.0760132  -0.0492553  0.044136  
2.25794e-05  -0.00204941  0.00103057  0.0666806  -0.0419733  0.0407236  
-0.000286428  -0.00212038  0.000968169  0.0631151  -0.0238588  0.0355557  
-0.000295829  -0.0021449  0.000954282  0.0664144  -0.0267772  0.0466594  
0.000537856  -0.0019057  0.00101251  0.0662857  -0.033943  0.0626459  
9.18555e-05  -0.00224706  0.00102813  0.0651683  -0.0208033  0.0402838  
-0.000336539  -0.00223462  0.000915188  0.0630096  -0.0293861  0.0377977  
0.00117507  -0.00211104  0.000923865  0.0608382  -0.0305123  0.0154967  
0.000635571  -0.00233697  0.00106616  0.0667915  0.0044425  0.0221404  
0.000643322  -0.00214046  0.00104621  0.0646605  -0.0194733  0.0449427  
0.000853598  -0.00202371  0.000996884  0.0638155  -0.0314547  0.0445607  
0.00110687  -0.00201513  0.000902734  0.0609931  0.0132106  0.0213175  
0.000624822  -0.00205902  0.000983744  0.0601066  0.00663672  0.0130075  
0.000536677  -0.00191361  0.00100421  0.0613173  -0.019399  0.0337038  
0.000764376  -0.00193247  0.000987713  0.0598342  -0.00920522  0.0205981  
4.51048e-05  -0.00201848  0.00114861  0.0574802  -0.0170578  0.0240518  
-0.000282355  -0.00203012  0.00101566  0.059106  -0.0360481  0.0347358  
0.000719701  -0.00192903  0.0011035  0.0586662  -0.0240566  0.0339686  
-0.000253318  -0.00196957  0.00120405  0.0589092  -0.00126641  0.0382121  
-0.000307355  -0.00176678  0.00117676  0.0556789  -0.0250807  0.0526932  
0.000948933  -0.00191125  0.00110531  0.0553848  0.00116636  0.0338121  
-0.000328968  -0.0020556  0.00107622  0.0544355  -0.00252864  0.0272293  
-5.18154e-05  -0.00121633  0.00105662  0.0508374  -0.0141612  0.0617403  
0.000815135  -0.00169873  0.000984961  0.0550165  -0.00589506  0.0578104  
4.01839e-05  -0.00137663  0.00111012  0.0508281  -0.0102735  0.0575835  
-0.000391681  -0.00144106  0.00104975  0.0538725  -0.0256762  0.0691317  
-1.6902e-05  -0.00133014  0.00103643  0.0508166  -0.0422169  0.064943  
-0.000755101  -0.00197872  0.000884243  0.0508323  -0.0251827  0.0326082  
-7.15657e-05  -0.00137859  0.00103609  0.0542897  -0.0326002  0.0691208  
0.000896565  -0.00189738  0.000948333  0.0581395  -0.0043719  0.0389406  
-0.000117121  -0.00182049  0.00101792  0.0579397  -0.0159988  0.0549216  
-0.000105739  -0.00195575  0.000808118  0.0575985  -0.0415374  0.0555938  
0.000565582  -0.00222669  0.000975427  0.0596912  0.00259122  0.0375857  
-0.000311767  -0.00180691  0.000982374  0.0578188  -0.00956937  0.0506001  
0.000379306  -0.00195368  0.00105189  0.0606527  -0.0187889  0.0622349  
0.000925828  -0.00220961  0.000764857  0.0598756  0.0212381  0.0409461  
0.00104202  -0.00210685  0.000619148  0.0579547  0.00837678  0.0305837  
0.00110559  -0.00210357  0.000760552  0.0595824  -0.00677797  0.0356217  
0.00138668  -0.00209214  0.000669947  0.0586758  0.0233787  0.0276334  
0.000811037  -0.0021624  0.000671535  0.0545971  0.0236488  0.0365427  
0.00110762  -0.00206948  0.000633076  0.0586374  0.00312984  0.0497839  
0.00121035  -0.00193878  0.000670993  0.0571552  0.0120637  0.0498133  
0.000936057  -0.00194973  0.000672861  0.0508608  0.0305774  0.0526278  
0.00141992  -0.00179124  0.000720415  0.04864  0.0181659  0.0651742  
0.00170156  -0.00179081  0.000686304  0.0478063  0.0266575  0.0575533  
0.00145244  -0.00186198  0.000614492  0.0443944  0.037887  0.0471579  
0.00182737  -0.00172977  0.0005647  0.0412574  0.0125619  0.0509804  
0.00211944  -0.00133402  0.000588589  0.0395568  0.0154512  0.0537687  
0.00226252  -0.00139467  0.000589653  0.037966  0.0317792  0.0558651  
0.00194598  -0.00136031  0.000538443  0.0325448  0.0354606  0.0325576  
0.00218756  -0.00137233  0.00033022  0.0303971  0.0298892  0.0280772  
0.00233497  -0.00120118  0.000228375  0.029703  0.0301876  0.0241515  
0.00217169  -0.00116201  0.000318782  0.027962  0.049998  0.0167183  
0.00191394  -0.000939064  0.000423688  0.0261342  0.047331  0.0278167  
0.00217806  -0.00105125  0.000284516  0.0211433  0.0442288  0.0181778  
0.00231881  -0.000991187  0.000228375  0.0233293  0.0357444  0.0207545  
0.00219393  -0.000723401  0.000296009  0.0263385  0.052762  0.0179723  
0.00202994  -0.000593963  9.53653e-05  0.0234505  0.0269313  0.0174047  
0.0021811  -0.000459902  5.20664e-05  0.0180788  0.0113274  0.0101006  
0.00178092  -0.000383414  0.000111195  0.0195991  0.0435694  0.0120043  
0.00176038  -0.000156392  8.5487e-05  0.0261153  0.0249381  0.0135339  
0.00203367  -0.000306467  3.44442e-06  0.0244785  0.0186408  0.0125857  
0.00176307  -0.000413905  -0.000105843  0.0210102  0.0340051  -0.00735497  
0.00170841  -0.000460978  -0.000113735  0.0217672  0.0245011  -0.00938293  
0.00193181  -0.000306467  -0.000131881  0.0245866  0.000497929  0.000223359  
0.0019248  0.000484807  -0.000838116  -0.0143935  0.0273455  -0.00279324  
0.00166794  -0.000556467  -0.000856319  -0.00996558  0.0391611  0.00962932  
0.00175034  -0.000142394  -0.00096403  -0.0124265  0.0253888  0.0133429  
0.00191579  -0.000246712  -0.000906617  -0.00896381  0.0167168  0.00597021  
0.00169561  -4.89428e-05  -0.00095915  -0.0150376  0.0408977  -0.00216636  
0.00170067  -2.00326e-05  -0.00095639  -0.0149653  0.0349913  0.0212932  
0.00196206  8.26518e-05  -0.000950422  -0.0159953  0.0228206  0.0194665  
0.00159615  2.02842e-05  -0.00101925  -0.0152629  0.0409181  0.00832966  
0.00175963  -0.000105501  -0.000997707  -0.0152671  0.030952  -0.0150053  
0.00217611  -0.000556467  -0.000831529  -0.00669638  0.0274074  -0.00599909  
0.00172355  3.29189e-05  -0.000926707  -0.0162969  0.0569744  -0.00442654  
0.00171259  0.000280879  -0.000929615  -0.0220104  0.0385369  0.0144838  
0.00184519  0.000326512  -0.000973771  -0.0263345  0.0324555  0.0115839  
0.00168901  0.000304514  -0.000947015  -0.0247499  0.052598  0.0121889  
0.00168105  0.000330158  -0.000817279  -0.0244194  0.0456795  0.0161952  
0.00195058  9.90683e-05  -0.000967153  -0.017809  0.0250922  0.0217737  
0.00158598  0.000663985  -0.0005136  -0.0223101  0.0485863  0.0135074  
0.00170528  0.000266371  -0.000913347  -0.0219419  0.0294317  0.0226033  
0.00173661  0.00035068  -0.00091714  -0.023352  0.0390301  0.0153064  
0.00158811  0.000453343  -0.000933508  -0.0229663  0.0504586  0.0134479  
0.0014132  7.28567e-05  -0.00108559  -0.0180943  0.0426366  0.0305461  
0.00183249  0.000418423  -0.000872752  -0.0214004  0.0298604  0.0192185  
0.00166027  0.000642667  -0.000834776  -0.0261384  0.0412292  0.0117961  
0.00167294  0.000659904  -0.000678047  -0.0245502  0.0233675  0.0279548  
0.00163266  -0.000187846  -0.000984219  -0.0124624  0.0321409  0.0193538  
0.00176315  0.00076795  -0.00070308  -0.0225744  0.0391148  0.0238041  
0.00131256  5.49326e-06  -0.00081331  -0.0217501  0.0462916  0.0391843  
0.00163392  0.000454655  -0.000502023  -0.0289903  0.0440972  0.021078  
0.00186273  0.000523427  -0.00033047  -0.023594  0.0293444  0.0032697  
0.00176307  -0.000616983  -0.000677047  -0.00702746  0.0474206  -0.00371823  
0.00192704  0.000487394  -0.000709865  -0.0123413  0.0466737  0.0124248  
0.00187404  -0.000441533  0.000477529  0.0110293  0.0398919  0.0231486  
0.00198946  -0.000366983  -0.000760433  -0.00448654  0.0426509  0.0191142  
0.00203912  -0.000366983  -0.000746405  -0.0049027  0.0435663  0.00210895  
0.00176564  -0.000616983  -0.000609941  0.00570279  0.0528903  0.0179044  
0.00193713  -0.000427235  0.000431196  0.0238485  0.0215397  0.0436886  
0.00197438  -0.000268292  0.000586721  0.0167545  0.0348528  0.021693  
0.00185629  -0.000522646  0.00031842  0.0262357  0.0395641  0.0211185  
0.00207535  -0.000468388  0.000660146  0.0292157  0.0378292  0.0216284  
0.00216501  -0.00042957  0.000542008  0.028919  0.0271653  0.0132316  
0.00210318  -0.000495406  0.000546159  0.029427  0.0294541  0.00660716  
0.00172857  -0.000662429  0.000619756  0.0315535  0.0320936  0.0139641  
0.00212568  -0.000502558  0.000646104  0.0316658  0.010108  0.00943593  
0.00214483  -0.000620413  0.000792995  0.0366571  0.035966  -0.00182618  
0.00193101  -0.000366983  0.000892377  0.0400267  0.0180899  0.00252003  
0.00189793  -0.000783142  0.000817681  0.0393305  0.0296783  -0.00399003  
0.00210688  -0.000582812  0.000813541  0.0396882  0.0193482  -0.00699886  
0.00194561  -0.00054416  0.000762059  0.0394738  0.0392119  -0.0125484  
0.00160032  -0.000762881  0.00102939  0.0421884  0.0262081  0.00173322  
0.00210312  -0.000584188  0.000894593  0.0394534  0.0211173  -0.00299945  
0.00209857  -0.000466598  0.000842795  0.0400536  0.0455622  -0.0107376  
0.00188254  -0.000733671  0.000700343  0.0421828  0.0455597  -0.0146647  
0.00223784  -0.000638125  0.00062741  0.0390583  0.0265561  -0.0027303  
0.00228968  -0.000566066  0.000622013  0.0351483  0.0385153  -0.0142706  
0.00200051  -0.000563651  0.000688676  0.0337346  0.0387038  -0.000299024  
0.00215399  -0.000534488  0.000606768  0.0336649  0.0197514  0.00830551  
0.00225335  -0.000340143  0.000428483  0.0318654  0.0371888  -0.00248955  
0.002034  -0.00028842  0.000497584  0.0311654  0.0464507  0.000703279  
0.00241503  -0.000240277  0.000470257  0.0348863  0.014384  0.00686648  
0.00227842  -0.000455775  0.00041317  0.035941  0.0407624  -0.00573405  
0.00226838  -0.000455775  0.000304662  0.0359844  0.0241602  0.00345639  
0.00263028  -0.000455775  0.000421433  0.037251  0.00331209  0.00521503  
0.0025079  -0.000455775  0.000412269  0.0362544  0.0293741  -0.0183491  
0.00255521  -0.000606776  0.000554662  0.0382283  0.0248072  -0.00432734  
0.00281011  -0.000639954  0.000465222  0.0346975  0.0179005  0.00314758  
0.00258933  -0.000644197  0.000504156  0.0359465  0.0463552  -0.00691542  
0.00251915  -0.000455775  0.000304662  0.0373421  0.0236311  0.00143186  
0.00245846  -0.000455775  0.000423938  0.039364  0.0155055  0.00503676  
0.0026552  -0.000455775  0.000631343  0.0340173  0.0338405  -0.0116342  
0.0025027  -0.000455775  0.0005897  0.0289414  0.0235608  -0.0137851  
0.00253548  -0.000590308  0.000594407  0.0284455  0.0200237  -0.00864795  
0.00267541  -0.000544402  0.000650758  0.0274815  0.020365  -0.000381981  
0.00262291  -0.000655914  0.000623727  0.0283475  0.0307214  -0.00685648  
0.00239931  -0.000628914  0.000657424  0.0229981  0.0359166  -0.00357522  
0.00257487  -0.000455775  0.000552569  0.0272392  0.0235258  -0.00309021  
0.0027208  -0.000388622  0.000574483  0.0298743  0.0338153  -0.0220626  
0.00236419  -0.000455775  0.000711206  0.0294557  0.0387351  -0.0136048  
0.00255906  -0.000581342  0.000666869  0.0290466  0.0303315  -0.00764786  
0.00268382  -0.000455775  0.000751907  0.0201581  0.0413057  -0.0163126  
0.00249605  -0.000455775  0.000638554  0.0205528  0.0413019  -0.00268907  
0.00255938  -0.000455775  0.000676856  0.0221621  0.0211921  0.00284479  
0.00235132  -0.00027559  0.000641819  0.0221732  0.0344314  -0.0113805  
0.00233316  -0.000251352  0.000756053  0.0218545  0.0328693  -0.0129002  
0.00228006  -0.000258614  0.000753933  0.0270617  0.0251787  -0.00207602  
0.00247426  -0.000316795  0.000732758  0.0229951  0.0286164  -0.00393402  
0.00225842  -0.000283266  0.000848149  0.0229124  0.055831  -0.00789758  
0.00234922  -0.000275506  0.000779807  0.0289971  0.0368447  -0.00158187  
0.00244756  -0.000316973  0.000771675  0.033075  0.0315655  -0.00196062  
0.00256271  -0.000359273  0.000834855  0.0322055  0.0331129  -0.012399  
0.00239284  -0.000392457  0.000870799  0.0354763  0.0397729  0.00245932  
0.00246441  -0.000332704  0.000798186  0.0349124  0.0204593  0.00684109  
0.00246262  -0.000298074  0.000781856  0.0293818  0.0164625  -0.014637  
0.00218745  -0.00026548  0.000820559  0.0275736  0.0302356  -0.0153089  
0.00238807  -0.000266143  0.000897895  0.029722  0.0240477  -0.00126898  
0.00258564  -0.000236183  0.000833804  0.0297038  0.0296029  -0.00551548  
0.00232687  -0.000295057  0.000843157  0.0284251  0.0303663  -0.0127842  
0.00231619  -0.000375279  0.000843869  0.0282034  0.0299999  -0.0201672  
0.00261799  -0.000366149  0.000776414  0.0250312  0.0203729  -0.0175652  
0.00274535  -0.000455775  0.000682002  0.0250259  0.0236096  -0.0198457  
0.00237505  -0.000598712  0.000736707  0.0280833  0.0251969  -0.0147871  
0.00262396  -0.000455775  0.000643706  0.0270716  0.00775608  -0.00969196  
0.00255132  -0.000351462  0.00070965  0.0226965  0.0184647  -0.0339207  
0.00207104  -0.000292205  0.000135621  0.0176184  0.0408465  -0.0855107  
0.00264807  -8.29905e-05  0.000173718  0.025037  0.0336025  -0.0472222  
0.00296854  4.11921e-06  5.75494e-05  0.0228932  0.0328169  -0.0610623  
0.00322439  0.000942686  -0.000499154  -0.0351739  0.0266546  -0.0928445  
0.0034915  0.000963008  -0.000431597  -0.0405485  0.0833517  -0.108092  
0.00317435  0.00111217  -0.00104067  -0.0593326  0.060703  -0.123337  
0.00367293  0.000612242  -0.000737898  -0.0536138  0.0573067  -0.102021  
0.00418477  0.000645169  -0.000701828  -0.058738  0.0665786  -0.0857052  
0.00418164  0.000657458  -0.000769545  -0.0522954  0.0749108  -0.0628771  
0.00390707  0.000647736  -0.000813348  -0.0518463  0.0696518  -0.0614077  
0.00424985  0.00026992  -0.000695353  -0.0409882  0.0519104  -0.100756  
0.00389612  0.00029565  -0.000720966  -0.0420114  0.0644982  -0.102538  
0.0036602  0.000210034  -0.000967417  -0.0412948  0.0851241  -0.0922134  
0.00372245  0.000210034  -0.000755784  -0.0433407  0.0731422  -0.0856236  
0.00373206  7.85668e-05  -0.000711099  -0.0358485  0.0683684  -0.08498  
0.0036045  -0.000261177  -0.000826657  -0.0278222  0.0826917  -0.0911609  
0.00375907  -0.000146977  -0.000802946  -0.0325541  0.0737464  -0.0920224  
0.00377706  -4.68158e-05  -0.000916335  -0.0340691  0.0697446  -0.0862905  
0.00375208  0.000247102  -0.000738554  -0.0423158  0.0656965  -0.0897304  
0.00364582  0.000238762  -0.000848732  -0.0386351  0.0785021  -0.0781846  
0.0037196  0.000378689  -0.000698364  -0.0367817  0.0717224  -0.079315  
0.00386697  0.000397074  -0.000830234  -0.0344917  0.0635396  -0.074791  
0.00405731  0.000560467  -0.000768771  -0.0332986  0.0687285  -0.0776972  
0.00385895  0.000710075  -0.000740111  -0.0388467  0.0656141  -0.0706109  
0.00379367  0.000911284  -0.000795796  -0.0432484  0.0659397  -0.0641217  
0.00397472  0.000891719  -0.00078799  -0.0395211  0.0546685  -0.0703079  
0.00375881  0.00115255  -0.000782754  -0.0423267  0.0737224  -0.081255  
0.00378228  0.00123564  -0.000677264  -0.0484826  0.061793  -0.0708366  
0.00408533  0.00122361  -0.000762274  -0.0498118  0.058188  -0.0696065  
0.00408237  0.00146556  -0.000737307  -0.0508395  0.0622327  -0.0872598  
0.00398087  0.00151915  -0.000732338  -0.0552013  0.0703692  -0.0782771  
0.00402799  0.00130197  -0.000836862  -0.0501667  0.0708918  -0.080432  
0.00404489  0.00128407  -0.00074024  -0.0564167  0.0703658  -0.0760718  
0.00415251  0.00132634  -0.000801405  -0.0596629  0.0681706  -0.0838949  
0.00379985  0.00133768  -0.000947951  -0.0597886  0.076679  -0.0855716  
0.00358752  0.00117644  -0.000921002  -0.0543436  0.0640581  -0.0671259  
0.00320007  0.0011408  -0.000920905  -0.0576933  0.068748  -0.0617878  
0.00361966  0.00112223  -0.000883539  -0.0569921  0.0576525  -0.0746473  
0.00342047  0.00130631  -0.00112811  -0.0580012  0.0680045  -0.0715447  
0.00380398  0.00119466  -0.00112748  -0.0567324  0.0515151  -0.0797648  
0.00379721  0.00125533  -0.00108985  -0.0582077  0.0623393  -0.100497  
0.00353212  0.00109683  -0.00115449  -0.0564442  0.0697497  -0.0975732  
0.00381796  0.000912754  -0.00113115  -0.0617856  0.0605618  -0.103131  
0.00367842  0.000928277  -0.00107157  -0.0563531  0.0714253  -0.109357  
0.0035002  0.000788635  -0.00112465  -0.0504151  0.0736979  -0.108166  
0.00387493  0.000772429  -0.00106112  -0.0473877  0.0518428  -0.116406  
0.00351511  0.000468982  -0.00111972  -0.040146  0.0794225  -0.1359  
0.0037644  0.000529131  -0.00113725  -0.0414392  0.0772616  -0.150824  
0.00380566  0.000753757  -0.000775707  -0.0516672  0.0668625  -0.135686  
0.00398574  0.00080204  -0.00096838  -0.053314  0.0772113  -0.147166  
0.00360566  0.000599255  -0.000891096  -0.0510294  0.0844984  -0.140198  
0.00379063  0.000611523  -0.00103991  -0.0486616  0.0670246  -0.133005  
0.00380217  0.000721188  -0.00100102  -0.0531604  0.0731228  -0.141314  
0.00349912  0.00054638  -0.00107427  -0.0546128  0.0892458  -0.133028  
0.00367423  0.0005768  -0.00107518  -0.0516651  0.0780658  -0.132649  
0.0037046  0.000784378  -0.00117972  -0.0606792  0.0745995  -0.125957  
0.00320697  0.000734746  -0.00112927  -0.0659181  0.0822534  -0.104676  
0.00333826  0.000835148  -0.00120447  -0.0741477  0.0746986  -0.102179  
0.00357927  0.000884867  -0.00124988  -0.0764122  0.0721417  -0.107786  
0.0031453  0.000925579  -0.00128644  -0.0737803  0.0858728  -0.115483  
0.00322422  0.000723609  -0.00125667  -0.0711297  0.0676862  -0.113826  
0.00325891  0.00106412  -0.0011518  -0.074879  0.0651543  -0.124465  
0.00300354  0.00140167  -0.0012134  -0.0874043  0.0755799  -0.0984174  
0.00311037  0.00159508  -0.00124293  -0.0911312  0.0628523  -0.0769612  
0.0033445  0.00154964  -0.00105862  -0.0923274  0.0634344  -0.0803757  
0.0031696  0.00148869  -0.0011681  -0.085838  0.0795447  -0.102652  
0.00336144  0.00156331  -0.00121625  -0.0846266  0.075351  -0.128513  
0.00367478  0.00161331  -0.00118761  -0.0875467  0.0844406  -0.135999  
0.00359025  0.00172477  -0.0011139  -0.0831831  0.0892176  -0.143322  
0.0037628  0.00170631  -0.00118151  -0.0836811  0.0823649  -0.137762  
0.00390496  0.00174343  -0.00122641  -0.0857467  0.0822981  -0.147498  
0.00359059  0.00161595  -0.00127083  -0.0872894  0.102603  -0.150289  
0.00366177  0.00166444  -0.00118032  -0.0881575  0.0923328  -0.152329  
0.00382446  0.00163726  -0.00122927  -0.0879752  0.0906023  -0.153927  
0.00392472  0.00162168  -0.00111009  -0.0880441  0.0935727  -0.164613  
0.00365591  0.0017073  -0.0010379  -0.0890408  0.0929243  -0.152172  
0.00392408  0.00182066  -0.00116856  -0.0901575  0.0757287  -0.145442  
0.00401124  0.00173463  -0.000958296  -0.0917031  0.0778697  -0.169906  
0.0039125  0.00183984  -0.000983942  -0.0867784  0.0943109  -0.170451  
0.00378473  0.00165768  -0.000997154  -0.0845652  0.0967353  -0.162295  
0.00396553  0.00151031  -0.00111182  -0.0774827  0.0836811  -0.157187  
0.00414392  0.00158521  -0.00113509  -0.0791148  0.0881517  -0.156881  
0.00428877  0.00166288  -0.00116495  -0.0853829  0.0896043  -0.151588  
0.00440779  0.00174916  -0.00114197  -0.0856579  0.093238  -0.14682  
0.00461597  0.00168072  -0.00116238  -0.0861328  0.0876369  -0.137433  
0.00461401  0.0016829  -0.0012653  -0.0873756  0.0788578  -0.128069  
0.00463748  0.0017638  -0.00119168  -0.0870359  0.0838463  -0.130501  
0.00465782  0.00176729  -0.00125079  -0.0872081  0.0871509  -0.125044  
0.00461391  0.00172409  -0.0012227  -0.0849355  0.0892593  -0.121715  
0.00478228  0.00168761  -0.00128688  -0.0789403  0.0732051  -0.117384  
0.00473742  0.00161186  -0.00122484  -0.0804191  0.0732126  -0.113162  
0.00484144  0.00160881  -0.00124124  -0.0831486  0.0945923  -0.117098  
0.00453964  0.0015671  -0.00141492  -0.0814733  0.0832723  -0.121122  
0.00467069  0.00138775  -0.00129577  -0.0774099  0.0738361  -0.122424  
0.00476569  0.00156819  -0.00141406  -0.0778005  0.081514  -0.121682  
0.00458891  0.001489  -0.00128718  -0.0856128  0.0853247  -0.114124  
0.00422259  0.00145089  -0.0013672  -0.0887854  0.0837241  -0.11228  
0.00426034  0.00154152  -0.00134389  -0.0855908  0.0682939  -0.115054  
0.00402263  0.00152662  -0.00123557  -0.082713  0.0847448  -0.122042  
0.00390205  0.00136502  -0.0011677  -0.0775274  0.0872721  -0.111165  
0.00397537  0.00160157  -0.00122201  -0.0854868  0.0683397  -0.105753  
0.00386867  0.00169666  -0.00125384  -0.0883535  0.0617892  -0.105638  
0.00376265  0.00179986  -0.001218  -0.0906365  0.0865538  -0.121611  
0.00389941  0.0018641  -0.00127923  -0.0943238  0.0709318  -0.115351  
0.00394059  0.0019999  -0.00137339  -0.0971453  0.0701735  -0.112775  
0.00346138  0.00172749  -0.00148352  -0.0943832  0.115925  -0.108187  
0.00402546  0.00179193  -0.00144893  -0.0936614  0.0380857  -0.116834  
0.00377296  0.0019999  -0.00145299  -0.0976261  0.0834106  -0.125361  
0.00368351  0.0020774  -0.00149044  -0.101791  0.0787268  -0.122336  
0.00385112  0.00198991  -0.00141415  -0.102027  0.0811168  -0.125219  
0.0037762  0.00206845  -0.00157325  -0.102583  0.0854286  -0.12461  
0.00357885  0.00211089  -0.00142266  -0.105523  0.0926525  -0.127055  
0.00364427  0.00197094  -0.00140196  -0.103081  0.0833775  -0.125671  
0.00357696  0.00194644  -0.00155785  -0.104368  0.0830072  -0.108159  
0.00370559  0.00229834  -0.00145535  -0.114001  0.0671585  -0.0979874  
0.00345197  0.0022129  -0.00148317  -0.113477  0.078869  -0.0931256  
0.00345353  0.00199471  -0.00142209  -0.104377  0.0666004  -0.0960396  
0.00375787  0.00193452  -0.00155261  -0.103534  0.0689661  -0.110599  
0.00376003  0.00197725  -0.00146582  -0.101051  0.0755903  -0.127784  
0.00396604  0.00188448  -0.00138446  -0.0961774  0.0784928  -0.140054  
0.00416526  0.00178914  -0.0014005  -0.0882789  0.0957342  -0.15854  
0.00394902  0.00183364  -0.00120314  -0.0887731  0.0964749  -0.156098  
0.00384512  0.00175695  -0.00124328  -0.0860035  0.096547  -0.147871  
0.00392351  0.00178498  -0.00121572  -0.0844546  0.102308  -0.157349  
0.00381111  0.00167162  -0.00120471  -0.0840285  0.0970142  -0.160533  
0.0037858  0.00163313  -0.0012151  -0.0789186  0.102356  -0.153073  
0.0040444  0.00135543  -0.00111243  -0.0776839  0.0928  -0.157124  
0.00415778  0.00121647  -0.000855257  -0.0733502  0.086686  -0.165709  
0.00431804  0.0012285  -0.000755114  -0.0709873  0.0807973  -0.171731  
0.00395373  0.00122511  -0.000767888  -0.0736534  0.102187  -0.169579  
0.0039807  0.00128941  -0.000839092  -0.0727347  0.0921117  -0.170774  
0.00408921  0.00134194  -0.00104406  -0.0734543  0.0791062  -0.167993  
0.0041216  0.00154638  -0.00106368  -0.082251  0.0815906  -0.169104  
0.00379327  0.0017329  -0.00122685  -0.0888982  0.0887635  -0.167786  
0.00402789  0.00166084  -0.00136501  -0.0942026  0.0815829  -0.154854  
0.0039343  0.0015421  -0.00136541  -0.0882995  0.0668305  -0.1617  
0.00359247  0.00131731  -0.00146037  -0.0796572  0.0745974  -0.15513  
0.0040698  0.00101155  -0.0010253  -0.0553167  0.0312748  -0.157521  
0.00470898  0.000709199  -0.000904733  -0.0444114  -0.00948886  -0.127342  
0.00428732  0.000393135  -0.000517641  -0.076182  0.0888226  -0.188639  
0.00351247  0.000564211  -0.000539932  -0.0890227  0.0858015  -0.283334  
0.00486402  0.000816546  -0.000926682  -0.112643  0.0410044  -0.297672  
0.00442854  0.00145244  -0.00141182  -0.149041  0.0882168  -0.37304  
0.00223943  0.00223556  -0.000574566  -0.194252  0.144369  -0.381696  
0.0030145  0.00188729  -0.00188312  -0.130851  0.120871  -0.225487  
0.00368443  0.00165866  -0.00206905  -0.10561  0.0412516  -0.153252  
0.00406789  0.0022008  -0.00210079  -0.113421  -0.00768084  -0.154821  
0.00336738  0.00203761  -0.00214043  -0.10375  -0.0186739  -0.186141  
0.0033088  0.00212684  -0.00193747  -0.0956072  -0.0362461  -0.185204  
0.00299791  0.0020969  -0.00165626  -0.09595  0.00269679  -0.176052  
0.00299553  0.00157902  -0.0012162  -0.070519  0.0345057  -0.152015  
0.00238937  0.00151564  -0.00163749  -0.0667444  0.0366387  -0.136243  
0.00259913  0.00154337  -0.00130696  -0.0663622  0.0748102  -0.125852  
0.00280484  0.00165979  -0.0013204  -0.0699961  0.111588  -0.119261  
0.00321407  0.00152777  -0.00122945  -0.0646378  0.088615  -0.111112  
0.00353068  0.00174837  -0.00111225  -0.0635303  0.0741665  -0.123938  
0.00362329  0.00166226  -0.000961887  -0.0625137  0.0662642  -0.129668  
0.00337902  0.0015574  -0.00100374  -0.0622459  0.0452407  -0.118208  
0.00354189  0.0016945  -0.000897071  -0.069246  0.0279849  -0.119648  
0.0032947  0.00178695  -0.000899356  -0.0662809  0.0316964  -0.120189  
0.00325146  0.00175347  -0.000856565  -0.0694211  0.0247418  -0.117614  
0.00347897  0.00159681  -0.000912524  -0.0695053  0.0351149  -0.122067  
0.00318056  0.00120456  -0.000850525  -0.050896  0.0497938  -0.12146  
0.00266262  0.00100875  -0.00100614  -0.0446474  0.0697642  -0.100411  
0.00278055  0.000805453  -0.001077  -0.0410227  0.0621774  -0.0935943  
0.00295248  0.000951967  -0.00100564  -0.0419493  0.0665441  -0.0830354  
0.00275339  0.00115651  -0.00118504  -0.0462045  0.0892303  -0.0811681  
0.00260605  0.00122102  -0.00126746  -0.0486624  0.0690138  -0.0773903  
0.00258799  0.00120497  -0.00124148  -0.0500772  0.0539745  -0.077393  
0.00274307  0.00132815  -0.00111767  -0.0488267  0.048999  -0.0797241  
0.00279166  0.00128216  -0.0010833  -0.0532294  0.040673  -0.0654059  
0.00256286  0.00150846  -0.00100239  -0.0640624  0.0516759  -0.0286883  
0.00280854  0.00179899  -0.00102039  -0.0614437  0.0275906  -0.00633117  
0.00269443  0.00163289  -0.000953989  -0.0557362  0.0206284  0.014251  
0.00256696  0.00169604  -0.000846634  -0.0577493  0.0274768  0.0151521  
0.00234073  0.00173739  -0.000935829  -0.061143  0.0340537  -0.0180997  
0.00251222  0.00119368  -0.000936636  -0.0604337  0.0463445  -0.0418476  
0.00279659  0.00135769  -0.000853661  -0.0639417  0.0463412  -0.0420154  
0.00274218  0.00142918  -0.000836999  -0.0612326  0.0602493  -0.0472442  
0.00262175  0.00160245  -0.000954688  -0.0549636  0.0627863  -0.0456554  
0.00277137  0.00182099  -0.000943692  -0.0657656  0.0536415  -0.034752  
0.00248981  0.00170842  -0.00105207  -0.0729756  0.0505265  -0.0255657  
0.00272816  0.00186182  -0.00110113  -0.0763096  0.0411481  -0.0350091  
0.00257332  0.00212875  -0.00114144  -0.0807948  0.0546677  -0.029735  
0.00282643  0.00210098  -0.00121785  -0.0834904  0.0467917  -0.0276004  
0.00302208  0.00213364  -0.00113252  -0.0850936  0.0363037  -0.0332852  
0.00271343  0.00199432  -0.00114049  -0.0849248  0.0551885  -0.0453457  
0.00283617  0.00183932  -0.00109307  -0.0844533  0.054356  -0.0438891  
0.00275611  0.00192484  -0.0011633  -0.0809223  0.0457901  -0.0486021  
0.00279851  0.00196505  -0.000973825  -0.0828031  0.0618573  -0.0586171  
0.00262592  0.00197147  -0.00102669  -0.0773637  0.064337  -0.0467417  
0.00278334  0.00195363  -0.00114849  -0.0780612  0.0603473  -0.051099  
0.00275872  0.00195804  -0.00104691  -0.0790572  0.0603087  -0.0626305  
0.00291064  0.00200968  -0.00106119  -0.0769148  0.0518533  -0.0683817  
0.00320642  0.00211982  -0.00101283  -0.0737473  0.0677949  -0.0910708  
0.00386006  0.0019712  -0.00124305  -0.0754964  0.0793135  -0.111596  
0.0037013  0.00218171  -0.00126565  -0.076663  0.0633811  -0.113102  
0.00352441  0.00211455  -0.00140081  -0.076901  0.0684882  -0.0994003  
0.00323954  0.00217098  -0.0014066  -0.0821181  0.081727  -0.0994561  
0.0031061  0.00207215  -0.00139268  -0.084644  0.0661093  -0.0895928  
0.00306024  0.002057  -0.00127001  -0.0836376  0.0465151  -0.0844444  
0.00310227  0.00199246  -0.0013311  -0.0858176  0.0545476  -0.0905481  
0.00319484  0.00209883  -0.00115689  -0.082952  0.0514627  -0.10064  
0.00291914  0.00201605  -0.00129571  -0.0809428  0.061476  -0.0934358  
0.00289833  0.00207202  -0.00125425  -0.0823855  0.05147  -0.0949628  
0.00316643  0.00214759  -0.00116057  -0.0820064  0.0445032  -0.101452  
0.00277514  0.00234679  -0.00108062  -0.0843456  0.0611717  -0.122438  
0.00277516  0.00217656  -0.00119508  -0.0817886  0.0515291  -0.0996976  
0.00293963  0.00226584  -0.00112564  -0.0787638  0.0445494  -0.101927  
0.00306896  0.00228278  -0.00129727  -0.0863177  0.0711203  -0.0994619  
0.002831  0.0023021  -0.00139246  -0.0869028  0.0763521  -0.0924913  
0.00318233  0.00216334  -0.00123183  -0.0887624  0.0377549  -0.084466  
0.00225858  0.00206346  -0.00124231  -0.0872897  0.0987074  -0.0921779  
0.00325867  0.00246931  -0.0012295  -0.0931005  0.0100801  -0.142834  
0.00309644  0.00218794  -0.00114046  -0.0903914  0.0416795  -0.0819153  
0.00293719  0.00214554  -0.0012927  -0.0915177  0.0453671  -0.081957  
0.00271986  0.00190844  -0.00131336  -0.0889722  0.0605789  -0.0815538  
0.00296278  0.00202874  -0.00141123  -0.089724  0.0456  -0.0777737  
0.00242478  0.00215104  -0.00133337  -0.0955898  0.0405653  -0.0810346  
0.00253317  0.00200024  -0.00131131  -0.0885989  0.08965  -0.151609  
0.00320965  0.00140097  -0.00133577  -0.0829084  0.0459334  -0.158794  
0.0030422  0.00174198  -0.00115166  -0.0830859  -0.0398653  -0.12367  
0.00281029  0.00206802  -0.0010668  -0.0727565  0.0237359  -0.0633193  
0.00145943  0.0026678  -0.00114867  -0.079521  0.0381883  -0.0425293  
0.0010047  0.00302584  -0.00117576  -0.0798906  -0.00225753  -0.0392483  
-9.55028e-05  0.00300856  -0.00125292  -0.072147  0.0262951  -0.0159087  
0.000532803  0.00314007  -0.00125125  -0.0771853  0.00976513  -0.0272832  
0.000809381  0.00319557  -0.00135125  -0.0870145  -0.0168894  -0.0292991  
1.87811e-05  0.00336236  -0.00146871  -0.0903394  -0.0177227  -0.0309361  
-0.000171126  0.00331241  -0.00139722  -0.0938826  -0.0507761  -0.0397378  
-0.000225217  0.00330353  -0.00139351  -0.0913242  -0.0566494  -0.0425245  
-9.2234e-05  0.0034811  -0.0013586  -0.0988367  -0.0677328  -0.0516638  
-0.000561436  0.00361852  -0.00136047  -0.099559  -0.0466335  -0.0413847  
-0.000789844  0.00353659  -0.0013881  -0.0960344  -0.0434632  -0.030398  
-0.000619661  0.00359949  -0.00138026  -0.0949365  -0.0637378  -0.024956  
-0.00050203  0.00336272  -0.0013437  -0.0842233  -0.0350269  -0.0455349  
-0.000569126  0.00333745  -0.00144826  -0.0891073  -0.00640735  -0.0312794  
-0.000619661  0.00337354  -0.00136162  -0.0931654  -0.033879  -0.027893  
-0.000619661  0.00326214  -0.0013144  -0.086111  -0.0305701  -0.0421953  
-0.000917579  0.00312961  -0.0014267  -0.0846932  -0.0243371  -0.033977  
-0.00101985  0.00294431  -0.00134145  -0.0927111  -0.025396  -0.0125148  
-0.000329487  0.00283392  -0.00165963  -0.0840749  -0.0310301  0.0671841  
0.00102867  0.00182556  -0.00176902  -0.055943  -0.0893485  0.204431  
0.000201529  0.0020752  -0.00162681  -0.0544648  -0.0432745  0.105942  
0.000531132  0.00250011  -0.00152544  -0.0646746  -0.0334692  0.0470273  
0.00023915  0.00275333  -0.00159445  -0.0734916  -0.0145068  0.0289436  
-0.000804246  0.00284009  -0.00156017  -0.0702815  -0.047547  0.0407543  
-0.00126203  0.00297547  -0.00127004  -0.0680089  -0.0580767  0.0525233  
-0.00123482  0.00314288  -0.00150662  -0.0722936  -0.0189486  0.0395458  
-0.000666234  0.00330471  -0.00164621  -0.078181  -0.0411049  -0.0182767  
-0.000761296  0.00316131  -0.00153859  -0.0755134  -0.0333933  -0.0381111  
-5.45684e-05  0.00308384  -0.00158304  -0.0798774  -0.0218965  -0.0357994  
-0.000565151  0.00335207  -0.00165859  -0.0815478  -0.023248  -0.0502287  
-0.000609139  0.00319919  -0.00178495  -0.0881094  -0.0108233  -0.0414528  
-0.000297935  0.00326198  -0.00183405  -0.0889219  -0.0220108  -0.0424662  
-5.22885e-06  0.00318525  -0.00181195  -0.0917537  0.00284365  -0.0582806  
-0.000225446  0.00315291  -0.00185612  -0.0945993  0.0136916  -0.0505002  
-0.000609139  0.00318175  -0.00199596  -0.0995744  -0.0062681  -0.0481232  
-0.000609139  0.00340214  -0.00193178  -0.0999578  -0.0107162  -0.0567267  
-0.00091914  0.00324905  -0.00203852  -0.0983259  0.0133681  -0.0581009  
-0.00108894  0.00308012  -0.00209914  -0.0986118  0.00706294  -0.0503256  
-0.000910264  0.00303794  -0.0019628  -0.0917521  -0.00941932  -0.0480971  
-0.000907081  0.00273054  -0.00195914  -0.082546  0.00891754  -0.0456301  
-0.00087806  0.00250846  -0.00188215  -0.0749686  0.00700679  -0.0323473  
-0.000793067  0.00271796  -0.00182055  -0.0743347  -0.0268474  -0.0290123  
-0.000874887  0.00242713  -0.00189271  -0.0724469  -0.00480059  -0.0487965  
-0.00152108  0.00220581  -0.00180086  -0.0787039  -0.0144753  -0.0502624  
-0.000953516  0.00273434  -0.00176862  -0.0798697  -0.0265668  -0.0582335  
-0.00174564  0.00124067  -0.00149213  -0.0431641  -0.0187064  -0.0798821  
-0.00161584  0.00116449  -0.00179801  -0.0420208  -0.0211743  -0.0680417  
-0.00169258  0.00117495  -0.00176505  -0.0440717  -0.0364096  -0.0567067  
3.75684e-05  0.000591765  -0.00174534  -0.0335239  -0.0654775  -0.141055  
0.000628971  0.000357353  -0.0010599  -0.0402402  -0.1083  -0.185051  
0.00312597  -0.00206314  -0.00142743  0.0218122  -0.0064758  -0.080455  
0.00443223  -0.00337699  -0.00200319  0.0745212  0.0217697  0.0251192  
0.00453921  -0.00330004  -0.00227134  0.0408887  0.0860809  0.0701829  
0.00478101  -0.00245635  -0.00255953  -0.00182908  0.0770096  0.0438428  
0.00426583  -0.00151958  -0.00253343  -0.0516147  0.0701695  0.00335987  
0.00271134  -0.00188634  -0.00156644  -0.00752036  0.163234  0.0448527  
0.00294546  -0.000666105  -0.00223877  -0.0133231  0.0211997  0.0444237  
0.002747  0.000282159  -0.00205391  -0.0122149  -0.104459  0.00748113  
0.00220385  0.0011361  -0.00208995  -0.031258  -0.131321  0.031283  
0.00189319  0.00147259  -0.00188947  -0.0378108  -0.149473  0.0299579  
0.00151695  0.00140582  -0.00192951  -0.0298452  -0.121434  0.0410669  
0.00149819  0.00187078  -0.00225154  -0.0326298  -0.0306435  0.0143787  
0.000206939  0.0023274  -0.00203497  -0.0338434  -0.0165883  0.0105732  
-0.000974769  0.00220738  -0.00192041  -0.0318642  0.0338533  0.022676  
-0.00132611  0.00176919  -0.00200537  -0.0282399  0.0604711  0.0279428  
-0.000804799  0.00183093  -0.0020831  -0.0277586  0.0554417  0.0422975  
-0.000733699  0.00161714  -0.00234832  -0.0251222  0.0214458  0.0571815  
-0.000787702  0.00126145  -0.00231704  -0.0168329  0.00446774  0.054397  
-0.00097274  0.00144941  -0.00217819  -0.0214846  -0.0736565  0.0404484  
-0.000867733  0.00125715  -0.00220579  -0.0145131  -0.0997752  0.03918  
-0.000972431  0.00119958  -0.00223322  -0.0136922  -0.106841  0.0408421  
-0.00104185  0.000686472  -0.00219514  -0.00635574  -0.0954366  0.053569  
-0.00133684  0.000660809  -0.00214882  -0.000466522  -0.0931302  0.0684498  
-0.00109015  0.000237459  -0.00220329  0.00369137  -0.0582609  0.0553082  
-0.00103864  0.000542778  -0.00226078  0.00321571  -0.0241246  0.0560759  
-0.00107074  0.000333114  -0.00222313  0.00926779  -0.00832592  0.0648501  
-0.000989131  0.000624121  -0.00232125  0.00668295  -0.00787681  0.080785  
-0.000834685  0.000325482  -0.00237369  0.00871945  -0.0208493  0.0912256  
-0.000733484  -8.31642e-05  -0.00215286  0.0233331  -0.0204486  0.0935375  
-0.000958695  -2.74078e-05  -0.00214196  0.0156868  -0.0382309  0.0956959  
-0.000612821  -8.97473e-05  -0.00221066  0.0176901  -0.0511802  0.130445  
-0.000994  -0.00031471  -0.00227597  0.0227888  -0.0723813  0.158978  
-0.000535753  -0.000617013  -0.00202035  0.0330908  -0.0750948  0.133514  
-0.000280717  -0.000618978  -0.00195579  0.0309778  -0.0527936  0.107441  
-7.53502e-05  -0.000653077  -0.00168101  0.0475579  -0.0395308  0.103114  
0.000324336  -0.000711228  -0.00174779  0.0494156  -0.0118402  0.0932376  
0.000287534  -0.000792353  -0.00168964  0.0429463  0.0182002  0.103067  
-0.000133406  -0.00071107  -0.001649  0.0261918  0.0124269  0.105963  
-0.000133406  -0.000965932  -0.00167876  0.0407663  0.00475709  0.102548  
0.000161413  -0.000965932  -0.00163425  0.0429432  0.00470834  0.0835289  
-0.000266679  -0.000965932  -0.00166658  0.04953  -0.00381118  0.101818  
-0.000476816  -0.000965932  -0.00171911  0.0430198  -0.0184784  0.109631  
-0.000263907  -0.000965932  -0.00177512  0.0482832  -0.0227239  0.107505  
-0.000133406  -0.000965932  -0.00179112  0.0463125  -0.0171919  0.0946374  
-0.000133406  -0.000965932  -0.00177963  0.0470737  -0.00910093  0.0972277  
-3.25688e-05  -0.000965932  -0.00197559  0.0340744  -0.00905843  0.0915509  
0.000163311  -0.000822918  -0.00197393  0.041339  -0.0137969  0.0996726  
0.000110714  -0.000965932  -0.00205587  0.0385964  0.0144673  0.095244  
0.000139229  -0.000793328  -0.00210367  0.0318465  0.00929785  0.092909  
0.000667742  -0.000468103  -0.00216488  0.0255586  0.0098478  0.0805889  
0.0010706  -0.000635936  -0.00201205  0.0213001  0.0372167  0.0169396  
0.00182989  -0.000431192  -0.00201664  0.018213  0.0372868  0.0127583  
0.0019534  -0.000851619  -0.00179066  0.0326455  0.0131222  0.0155757  
-0.00798548  -0.0005137  -2.57455e-05  0.0614214  -0.225845  -0.229836  
-0.00448081  0.00147654  -0.00181756  -0.0380944  -0.0760442  -0.172864  
-0.00431564  0.00171672  -0.00167344  -0.0474316  -0.0811983  -0.106578  
-0.00344304  0.0021325  -0.00168378  -0.051236  -0.0701318  -0.124595  
-0.00332339  0.00187421  -0.00210031  -0.0507332  -0.0498538  -0.12713  
-0.00307373  0.00172893  -0.00211607  -0.0417184  -0.0631166  -0.116919  
-0.00279768  0.00186148  -0.00206207  -0.0371457  -0.0572824  -0.128245  
-0.00291465  0.00150486  -0.00214353  -0.0351596  -0.0381174  -0.129174  
-0.00295786  0.0013857  -0.00210388  -0.0216571  -0.051826  -0.12076  
-0.0031052  0.00122788  -0.00227302  -0.0247938  -0.0584394  -0.104359  
-0.0030623  0.00110324  -0.00218364  -0.0220646  -0.0313084  -0.109146  
-0.0030028  0.00103241  -0.00223948  -0.0202982  -0.0459427  -0.0953443  
-0.00289045  0.000937232  -0.00235254  -0.0160365  -0.0560029  -0.0966402  
-0.00302088  0.00076518  -0.00226794  -0.0191891  -0.0396683  -0.107691  
-0.00298627  0.00058483  -0.00236989  -0.0173696  -0.0543303  -0.0993034  
-0.002756  0.000744616  -0.00235121  -0.0145652  -0.0476592  -0.111533  
-0.00283716  0.000639197  -0.00257118  -0.0166753  -0.0314099  -0.115255  
-0.00245682  0.000619206  -0.00251551  -0.0174497  -0.0520739  -0.112704  
-0.00262784  0.000792881  -0.00245901  -0.0253881  -0.0616467  -0.105446  
-0.00373832  -0.0012092  -0.0012675  0.0384163  -0.068538  -0.106731  
-0.000825828  0.00218929  -0.00325306  -0.101786  0.0132418  -0.0117055  
8.17952e-05  0.00176265  -0.00296849  -0.0998109  -0.084204  0.180993  
-0.00107248  0.00122801  -0.00278882  -0.0477092  -0.187953  0.231762  
-0.00216015  0.00163283  -0.00263391  -0.0654162  -0.0731375  0.213458  
-0.00263812  0.00189262  -0.00237931  -0.0627716  -0.0999222  0.146105  
-0.00317171  0.00220109  -0.00211108  -0.0690846  -0.0718118  0.0997051  
-0.00329083  0.00253299  -0.0021103  -0.0731772  -0.0667525  0.0810657  
-0.00355677  0.00265322  -0.00192763  -0.0766143  -0.0681505  0.0633414  
-0.00362708  0.00269565  -0.00189156  -0.0720205  -0.0890717  0.0510925  
-0.00346958  0.0025365  -0.00186473  -0.07148  -0.0975176  0.0410794  
-0.0034673  0.00283437  -0.00178623  -0.0758245  -0.0959876  0.0249909  
-0.00338039  0.00282028  -0.00175298  -0.0675019  -0.106863  0.0207458  
-0.00352326  0.00286086  -0.00174982  -0.0693333  -0.0984068  0.0276629  
-0.00361631  0.0028052  -0.00175714  -0.0662506  -0.0884511  0.034031  
-0.00360102  0.00277983  -0.00177766  -0.0570962  -0.092406  0.0409738  
-0.00373904  0.00248565  -0.00173195  -0.0551221  -0.0791471  0.0496842  
-0.0040429  0.00251613  -0.00172443  -0.062164  -0.0745016  0.0610696  
-0.0039406  0.00223666  -0.00181787  -0.0564354  -0.0804551  0.0472408  
-0.00371951  0.00230523  -0.00176331  -0.0580526  -0.076138  0.032861  
-0.00357325  0.00229275  -0.00177506  -0.0592061  -0.0801097  0.0426992  
-0.00362053  0.0022657  -0.00182518  -0.0575351  -0.0767546  0.0268536  
-0.00341619  0.00234146  -0.00212844  -0.0568159  -0.0724111  0.013471  
-0.00337769  0.00233263  -0.00196393  -0.0607779  -0.0614774  0.0108604  
-0.00341256  0.00244777  -0.00188442  -0.0621599  -0.051637  0.0032401  
-0.00342839  0.00224115  -0.00178476  -0.0560101  -0.055163  0.00508833  
-0.00353765  0.00214989  -0.00185196  -0.0479773  -0.0616883  0.00745855  
-0.0031796  0.00231133  -0.00186541  -0.0527761  -0.0655463  0.0150552  
-0.00313926  0.00230945  -0.00188083  -0.0620441  -0.0442787  0.00986179  
-0.00322468  0.00206534  -0.00183519  -0.0556333  -0.0524013  0.0056178  
-0.00314642  0.00204479  -0.0018552  -0.0562242  -0.0518912  -0.00607581  
-0.00286579  0.00212118  -0.00180002  -0.0589065  -0.0574641  -0.00182473  
-0.00295497  0.00225474  -0.0018448  -0.0665073  -0.0395644  0.0129714  
-0.00304914  0.00233944  -0.00193164  -0.075479  -0.0505764  0.0402022  
-0.00158475  0.0021176  -0.0019011  -0.0654973  -0.0798045  0.112457  
-0.00225091  0.00227104  -0.00207874  -0.0763218  -0.0344011  0.0192348  
-0.00218208  0.00228098  -0.00200768  -0.0708825  -0.0229257  -0.0290533  
-0.0025334  0.00233935  -0.0020771  -0.073608  -0.0277027  -0.0173297  
-0.00233063  0.00243721  -0.00202007  -0.0716054  -0.0409077  -0.0157135  
-0.00250004  0.0025927  -0.00194916  -0.0695644  -0.0330941  -0.026371  
-0.00259477  0.00279694  -0.00213535  -0.076303  -0.029128  -0.0250858  
-0.00248582  0.00271694  -0.00219782  -0.0779676  -0.0397222  -0.0306036  
-0.00257641  0.00243583  -0.00203075  -0.0685331  -0.0465328  -0.0295784  
-0.00235863  0.0024586  -0.00192727  -0.0712689  -0.0286877  -0.0545227  
-0.00259319  0.00248531  -0.0020247  -0.0774693  -0.0263135  -0.0488082  
-0.00259885  0.00251865  -0.00202046  -0.07531  -0.0261429  -0.0484967  
-0.00242698  0.00263909  -0.00201947  -0.0739792  -0.0357595  -0.0421576  
-0.00242961  0.00253385  -0.00220635  -0.0756865  -0.0167804  -0.0335555  
-0.00252505  0.00248319  -0.00224951  -0.0737009  -0.0300935  -0.0241909  
-0.00242939  0.00248108  -0.00243284  -0.0798948  -0.0304486  -0.0249061  
-0.00225172  0.00244145  -0.00238253  -0.078878  -0.0163984  -0.0431345  
-0.00253269  0.00234648  -0.00242097  -0.0779097  -0.0194086  -0.0332412  
-0.00246152  0.0022904  -0.00236341  -0.0741096  -0.0338564  -0.0372301  
-0.00225172  0.00224712  -0.00251149  -0.0673005  -0.0417937  -0.0402123  
-0.0024399  0.0019096  -0.00244918  -0.0639499  -0.0290418  -0.0398592  
-0.00239873  0.00204525  -0.00247461  -0.0639678  -0.0237573  -0.0484996  
-0.00237363  0.00223502  -0.00252771  -0.0638991  -0.0421979  -0.0521067  
-0.00214114  0.00225453  -0.00245184  -0.0638837  -0.0490699  -0.0587134  
-0.00195495  0.00233547  -0.00255031  -0.0789855  -0.022256  -0.0705837  
-0.00194735  0.00245719  -0.00263056  -0.0837893  -0.0185925  -0.0697163  
-0.00164726  0.00264669  -0.00250475  -0.0737966  -0.0135892  -0.0827423  
-0.00104116  0.00251742  -0.00254262  -0.0716435  -0.0197154  -0.0922894  
-0.00102723  0.00234786  -0.00266733  -0.0686704  0.00413925  -0.104751  
-0.000936143  0.00204792  -0.00267017  -0.0620061  -0.00821918  -0.119182  
-0.00116582  0.0017001  -0.00282759  -0.0561314  -0.0215859  -0.122747  
-0.00190039  0.00203123  -0.00265662  -0.0660257  -0.0329643  -0.148111  
-0.0108164  -0.00261556  -0.000752242  0.02602  -0.190928  -0.499536  
-0.00384736  0.00181525  -0.00422148  -0.130889  -0.0608807  -0.381028  
-0.00315519  0.00241588  -0.00308528  -0.106148  -0.054867  -0.340216  
-0.0077643  0.00337163  -0.00246673  -0.109199  -0.123558  -0.886666  
-0.0088318  0.00339187  -0.00232208  -0.123259  -0.14315  -0.866186  
-0.00761998  0.00413831  -0.00225788  -0.128168  -0.129617  -0.766495  
-0.00765443  0.00405647  -0.00226191  -0.128317  -0.102287  -0.715561  
-0.00761258  0.00442848  -0.00239873  -0.135261  -0.101525  -0.680152  
-0.00744103  0.00495017  -0.00253073  -0.151071  -0.107344  -0.622577  
-0.00823226  0.004692  -0.00283886  -0.149573  -0.0836305  -0.547577  
-0.00823066  0.005316  -0.00275956  -0.152182  -0.112724  -0.543217  
-0.0075242  0.00511343  -0.0026158  -0.154958  -0.105205  -0.523292  
-0.00736835  0.00513967  -0.0028989  -0.156475  -0.0961773  -0.49231  
-0.0072711  0.00496726  -0.00285684  -0.148707  -0.103332  -0.478156  
-0.00701983  0.00476711  -0.00300011  -0.142734  -0.109929  -0.471846  
-0.00645037  0.00417295  -0.00313113  -0.140492  -0.0945431  -0.45541  
-0.00643662  0.00441493  -0.00320046  -0.141067  -0.0782907  -0.455375  
-0.00628611  0.00427562  -0.00325438  -0.138663  -0.0775163  -0.448116  
-0.00521314  0.00436016  -0.00330256  -0.143213  -0.0794453  -0.421008  
-0.00518763  0.00438674  -0.00340177  -0.146352  -0.0557659  -0.356624  
-0.00502921  0.00432713  -0.00349001  -0.144913  -0.092899  -0.363457  
-0.00502921  0.00419954  -0.00349598  -0.147397  -0.0534951  -0.370483  
-0.00463437  0.0043267  -0.00342892  -0.142613  -0.0575506  -0.35966  
-0.00404583  0.00423517  -0.0036439  -0.145277  -0.0607578  -0.368093  
-0.00335684  0.0041569  -0.00382886  -0.148304  -0.0588631  -0.386444  
-0.00281829  0.00377882  -0.0041555  -0.140093  -0.03832  -0.373536  
-0.00340008  0.00371279  -0.00416214  -0.137183  -0.048264  -0.343491  
-0.00334213  0.00377716  -0.00414378  -0.136137  -0.0513702  -0.332346  
-0.00337183  0.00381094  -0.00425917  -0.133388  -0.051921  -0.314251  
-0.0038527  0.003929  -0.00398872  -0.134434  -0.0387704  -0.306709  
-0.00432265  0.00390196  -0.00391246  -0.141647  -0.049719  -0.249945  
-0.00444421  0.00394174  -0.00376119  -0.140605  -0.0564905  -0.216346  
-0.00433891  0.00406032  -0.00367232  -0.14263  -0.0738575  -0.214624  
-0.00382518  0.00413055  -0.00362876  -0.13923  -0.0664955  -0.231971  
-0.0036951  0.00377712  -0.0036533  -0.137886  -0.0500835  -0.264261  
-0.00399598  0.0036614  -0.00357509  -0.133004  -0.0531498  -0.247373  
-0.0037471  0.00361119  -0.00365316  -0.134385  -0.0555073  -0.261267  
-0.00386448  0.00390717  -0.00359589  -0.139266  -0.0488683  -0.254292  
-0.00345152  0.00376167  -0.00338638  -0.129133  -0.0369114  -0.244902  
-0.00279121  0.00359334  -0.00310129  -0.126418  -0.0372442  -0.286205  
-0.00272736  0.00346481  -0.0028698  -0.11815  -0.0366144  -0.306165  
-0.0031719  0.00351342  -0.00275654  -0.114717  -0.0368933  -0.29405  
-0.00289862  0.0035677  -0.0028259  -0.117958  -0.0335824  -0.301253  
-0.00309182  0.00370986  -0.00277869  -0.122514  -0.0174202  -0.291245  
-0.00281241  0.00333036  -0.00270483  -0.122564  -0.00865169  -0.306312  
-0.00281739  0.00341591  -0.00261588  -0.119782  -0.00792307  -0.293153  
-0.00276709  0.0034608  -0.00254883  -0.117254  -0.0210621  -0.297361  
-0.00295191  0.00339894  -0.00262073  -0.119883  -0.0252512  -0.279664  
-0.0030107  0.00365201  -0.00260644  -0.123883  -0.00628539  -0.26336  
-0.00353832  0.0039219  -0.00255906  -0.132056  -0.0243092  -0.256252  
-0.00371484  0.00426345  -0.00252801  -0.141401  -0.0325088  -0.247162  
-0.00434326  0.00462252  -0.00274354  -0.157254  -0.0404229  -0.231934  
-0.00425301  0.00453756  -0.0027953  -0.158483  -0.0313656  -0.215239  
-0.00412382  0.00466613  -0.0026971  -0.158677  -0.0522591  -0.240683  
-0.00355691  0.00471035  -0.00288919  -0.157891  -0.0348414  -0.260625  
-0.00319105  0.00493103  -0.002816  -0.156391  -0.0275263  -0.275482  
-0.00294171  0.00493446  -0.00281152  -0.152905  -0.0212883  -0.283385  
-0.00284167  0.00497626  -0.00261321  -0.150147  -0.0191938  -0.263895  
-0.00280524  0.00484679  -0.00270693  -0.144787  -0.020782  -0.25276  
-0.00252837  0.0048644  -0.00271307  -0.139976  -0.0241251  -0.250999  
-0.00251015  0.00454064  -0.00259678  -0.13192  -0.0152264  -0.244279  
-0.00240016  0.00447503  -0.00257101  -0.123521  -0.0237766  -0.228595  
-0.00217276  0.00456256  -0.00235556  -0.117361  -0.0182672  -0.220354  
-0.00266859  0.0046623  -0.00232363  -0.120036  -0.0325116  -0.183186  
-0.00325955  0.00473061  -0.00202849  -0.116734  -0.0506283  -0.163261  
-0.00494829  0.00440258  -0.00203018  -0.105014  -0.0651381  -0.175123  
-0.00454062  0.00417407  -0.00175578  -0.101795  -0.0638782  -0.153447  
-0.00455823  0.0045043  -0.00169741  -0.110951  -0.0779734  -0.153432  
-0.00502612  0.00450558  -0.00181106  -0.106381  -0.0427804  -0.139971  
-0.00508135  0.00454761  -0.00174838  -0.113654  -0.064776  -0.124549  
-0.00462312  0.00498923  -0.00167979  -0.128506  -0.0655573  -0.116205  
-0.00488738  0.00508135  -0.00175592  -0.137824  -0.0765677  -0.11627  
-0.00502333  0.0051118  -0.00182913  -0.136246  -0.0604465  -0.137362  
-0.00504768  0.00518185  -0.00186527  -0.141011  -0.0695008  -0.137067  
-0.00493521  0.00542811  -0.00185655  -0.139395  -0.0667616  -0.115139  
-0.00484734  0.0055652  -0.00215331  -0.159244  -0.0598958  -0.138862  
-0.00506011  0.00557176  -0.00240566  -0.165705  -0.0516085  -0.153203  
-0.00491642  0.00571941  -0.00241583  -0.166809  -0.068079  -0.156369  
-0.00488722  0.00537381  -0.00246185  -0.164697  -0.0632441  -0.155982  
-0.00465798  0.0054926  -0.00241315  -0.160219  -0.0615471  -0.166091  
-0.00417579  0.00544031  -0.00244756  -0.162068  -0.0388627  -0.19781  
-0.00410568  0.00565644  -0.00247989  -0.167082  -0.0429065  -0.19464  
-0.00366811  0.00559832  -0.00252343  -0.165495  -0.045385  -0.214839  
-0.00404278  0.00514053  -0.00234665  -0.151693  -0.034504  -0.228498  
-0.00367111  0.00507086  -0.00226056  -0.148231  -0.0258423  -0.216698  
-0.00402232  0.00545765  -0.00253124  -0.164466  -0.0504562  -0.231298  
-0.00402932  0.00520477  -0.00251945  -0.162552  -0.0368879  -0.234287  
-0.00381159  0.00502213  -0.00250761  -0.15297  -0.0482484  -0.223628  
-0.00372465  0.00515067  -0.00252086  -0.155995  -0.0346695  -0.229498  
-0.00412764  0.00505564  -0.00289186  -0.167964  -0.00508674  -0.197776  
-0.0044466  0.00570106  -0.00277564  -0.177694  -0.147863  -0.177501  
-0.00472817  0.00538883  -0.00289476  -0.175952  -0.081452  -0.113856  
-0.00447663  0.00536575  -0.00290524  -0.172611  -0.0941098  -0.100959  
-0.00414751  0.00516471  -0.00293719  -0.164065  -0.0879138  -0.103256  
-0.00430818  0.00505733  -0.0028921  -0.155381  -0.0396435  -0.0984854  
-0.00388393  0.00532568  -0.00293652  -0.158637  -0.0612558  -0.0761152  
-0.00391461  0.00527499  -0.00311569  -0.157091  -0.0605149  -0.0875143  
-0.00397869  0.00489149  -0.00300373  -0.143867  -0.0493673  -0.0878528  
-0.00400521  0.00484489  -0.00296267  -0.143129  -0.0779922  -0.0819733  
-0.00408372  0.0049636  -0.00296428  -0.144741  -0.0811277  -0.0888319  
-0.00427805  0.00467485  -0.00287118  -0.134942  -0.0755182  -0.0859635  
-0.00414779  0.00463556  -0.00292895  -0.13429  -0.0898066  -0.0819224  
-0.0042941  0.00471627  -0.00274745  -0.1401  -0.0786395  -0.0640251  
-0.00494066  0.00472655  -0.00287035  -0.14345  -0.0592009  -0.0539881  
-0.00508798  0.0047823  -0.00280681  -0.141112  -0.083749  -0.0543172  
-0.00499651  0.00482439  -0.0027833  -0.140838  -0.0862255  -0.0641019  
-0.00518768  0.00485863  -0.00287732  -0.148413  -0.0700897  -0.0682087  
-0.00704712  0.00530398  -0.00285621  -0.169373  -0.122343  -0.214152  
-0.0137409  0.00769383  -0.00326035  -0.214293  -0.243315  -0.502261  
-0.0110181  0.00678373  -0.00377787  -0.208837  -0.159546  -0.360515  
-0.00963691  0.00684064  -0.00382976  -0.202255  -0.144218  -0.380534  
-0.00927804  0.00664637  -0.00385188  -0.198294  -0.162802  -0.376327  
-0.00874681  0.00632024  -0.00399553  -0.190712  -0.146336  -0.349175  
-0.00831053  0.00585804  -0.0039101  -0.186972  -0.124805  -0.30618  
-0.00707519  0.00558496  -0.00389608  -0.178314  -0.0993456  -0.246826  
-0.00738114  0.00565548  -0.00363853  -0.172976  -0.146934  -0.206396  
-0.00814158  0.0053372  -0.00352406  -0.164474  -0.149758  -0.200382  
-0.00822865  0.00493904  -0.00335528  -0.155499  -0.13606  -0.194633  
-0.00798004  0.0050982  -0.00351711  -0.162541  -0.109163  -0.183246  
-0.0079069  0.00556369  -0.0036228  -0.171061  -0.106006  -0.162113  
-0.00775436  0.00547868  -0.00391966  -0.169998  -0.102208  -0.159997  
-0.00778809  0.00516641  -0.00400403  -0.173806  -0.10939  -0.148877  
-0.0077321  0.00509794  -0.00412449  -0.173768  -0.0945758  -0.139014  
-0.00774604  0.00521892  -0.00410859  -0.172493  -0.114304  -0.134345  
-0.00736037  0.00551632  -0.00425145  -0.17645  -0.119395  -0.134501  
-0.00746766  0.00559704  -0.00424137  -0.174635  -0.13389  -0.138821  
-0.00787465  0.0058467  -0.00416918  -0.17981  -0.115964  -0.132996  
-0.0116984  0.00471626  -0.00188533  -0.0931879  -0.241231  -0.233621  
-0.0172059  0.00134612  -0.00187612  -0.136715  -0.303014  -0.417396  
-0.0129132  0.00362518  -0.00255226  -0.148937  -0.192629  -0.244727  
-0.012073  0.00405043  -0.0024834  -0.152525  -0.188902  -0.233065  
-0.0116049  0.00410537  -0.00257957  -0.139645  -0.195475  -0.1881  
-0.0115311  0.00413039  -0.00255086  -0.142088  -0.17162  -0.170874  
-0.0113191  0.00434676  -0.0026516  -0.146986  -0.169531  -0.143172  
-0.0112676  0.00488231  -0.00283688  -0.156765  -0.184253  -0.122325  
-0.0109695  0.00508944  -0.00271331  -0.158376  -0.173404  -0.0646921  
-0.0103377  0.00514903  -0.00295386  -0.163692  -0.161832  -0.094208  
-0.0103139  0.00509496  -0.00294573  -0.158099  -0.169834  -0.103044  
-0.0102532  0.00517517  -0.00275602  -0.148549  -0.174841  -0.0807113  
-0.0105077  0.00505282  -0.00272499  -0.141783  -0.160156  -0.0358988  
-0.010472  0.00514813  -0.00271804  -0.139394  -0.15694  -0.0415037  
-0.0100462  0.00499043  -0.00260595  -0.134928  -0.156882  -0.048915  
-0.010054  0.00516617  -0.0024191  -0.139572  -0.154527  -0.0665246  
-0.0105049  0.004824  -0.002663  -0.139938  -0.133061  -0.0811479  
-0.0100656  0.00486737  -0.00273206  -0.14613  -0.136779  -0.0739032  
-0.0100055  0.00510577  -0.00294267  -0.150196  -0.148838  -0.0615226  
-0.0100767  0.00517054  -0.00299504  -0.153423  -0.132591  -0.0660692  
-0.0100411  0.00495618  -0.00302869  -0.154044  -0.133557  -0.0614577  
-0.00977021  0.00503031  -0.00315455  -0.156155  -0.139782  -0.0614401  
-0.00952367  0.00521475  -0.00302288  -0.160846  -0.13961  -0.0614557  
-0.00919926  0.00524476  -0.0031942  -0.161255  -0.136316  -0.0665425  
-0.00894416  0.00549825  -0.00319878  -0.163988  -0.143254  -0.0650614  
-0.00884282  0.00531856  -0.00321319  -0.161651  -0.148239  -0.065409  
-0.00857092  0.00529375  -0.0032484  -0.161751  -0.140907  -0.0693622  
-0.00862586  0.00531438  -0.00324973  -0.160455  -0.121049  -0.0699946  
-0.00835721  0.00528696  -0.0031146  -0.165553  -0.112613  -0.0558305  
-0.00834377  0.00547367  -0.00313894  -0.165884  -0.134899  -0.0501845  
-0.00831531  0.0055572  -0.00335263  -0.172429  -0.11027  -0.0628175  
-0.00844723  0.00538449  -0.00342373  -0.170203  -0.128074  -0.0481891  
-0.00812606  0.00549127  -0.00327098  -0.168877  -0.133287  -0.0409954  
-0.00826794  0.0053826  -0.00343069  -0.163865  -0.134597  -0.0553642  
-0.00855519  0.00522005  -0.00343699  -0.168952  -0.131014  -0.0504384  
-0.00829514  0.00533573  -0.00358532  -0.16656  -0.132996  -0.0663069  
-0.0080301  0.00547882  -0.00341057  -0.163213  -0.138999  -0.0641835  
-0.00803684  0.00544336  -0.00357658  -0.158881  -0.120252  -0.0653974  
-0.00859807  0.00510281  -0.00353403  -0.152436  -0.116869  -0.0678219  
