-0.0294438  0.0101379  -0.00016362  -0.203186  -0.439906  0.567704  
-0.0289474  0.0101678  -0.000244934  -0.205201  -0.416987  0.525571  
-0.0301929  0.0102048  0  -0.209803  -0.380257  0.600268  
-0.029685  0.0103127  0  -0.208117  -0.441309  0.551099  
-0.0298499  0.0103712  0  -0.214919  -0.380357  0.589091  
-0.0303554  0.0109718  0  -0.210276  -0.479343  0.606699  
-0.0291199  0.0108132  0.000575337  -0.196729  -0.348061  0.523531  
-0.0308276  0.0115749  0.000122601  -0.211978  -0.450348  0.531422  
-0.0309092  0.0110999  0.000152395  -0.206343  -0.430842  0.597977  
-0.0323556  0.0116005  0.00032272  -0.20266  -0.476127  0.501307  
-0.0332012  0.0111121  0.00032272  -0.216681  -0.410026  0.606457  
-0.0339761  0.0115507  0.000732406  -0.212116  -0.386418  0.547966  
-0.0331503  0.0115  0.000137757  -0.20012  -0.59747  0.525087  
-0.0334113  0.0118882  0.000187445  -0.207117  -0.504513  0.56009  
-0.033413  0.0128424  0.000209543  -0.230536  -0.467952  0.553882  
-0.0342456  0.0129831  0.000163142  -0.225351  -0.466357  0.565237  
-0.0339765  0.0125849  0.000234075  -0.228843  -0.452474  0.594105  
-0.0333746  0.0123765  9.02189e-05  -0.227299  -0.431141  0.656823  
-0.0343407  0.0129847  2.48098e-05  -0.227169  -0.501776  0.636051  
-0.0342172  0.0120573  -0.000113891  -0.236804  -0.465868  0.710994  
-0.0346695  0.0118991  -7.19904e-05  -0.234886  -0.55771  0.679003  
-0.034147  0.0112213  -6.56558e-05  -0.238258  -0.494507  0.709905  
-0.0341983  0.0115337  -0.000181419  -0.239311  -0.574438  0.715608  
-0.0334802  0.0114527  -0.000220903  -0.244713  -0.527578  0.736535  
-0.0344854  0.0115657  -0.000138947  -0.241968  -0.55421  0.773571  
-0.0331337  0.0111086  -1.70372e-05  -0.23731  -0.475216  0.714178  
-0.0317221  0.0119592  5.26652e-05  -0.234496  -0.530059  0.645472  
-0.0317151  0.0115848  -1.09167e-05  -0.238014  -0.434439  0.730981  
-0.0311693  0.0111418  -0.000617206  -0.241709  -0.473427  0.626409  
-0.03104  0.011833  -0.000518468  -0.23632  -0.459583  0.711208  
-0.0311693  0.0114109  -0.00057755  -0.239876  -0.491889  0.692639  
-0.031737  0.0115942  -0.000554758  -0.24438  -0.472245  0.740164  
-0.0320269  0.0114505  -0.000388407  -0.239627  -0.465149  0.715567  
-0.0324486  0.0112428  -0.000449693  -0.237895  -0.520012  0.726837  
-0.0319931  0.0113712  -0.000168006  -0.232378  -0.456329  0.769298  
-0.0321888  0.0111612  -0.000490088  -0.236146  -0.535488  0.760237  
-0.0329617  0.0108123  -0.000446101  -0.230402  -0.489787  0.75598  
-0.0318608  0.0115418  -0.000117533  -0.230689  -0.513341  0.749062  
-0.0210797  0.0140475  -0.000118829  -0.253273  -0.316084  0.556628  
-0.0101125  0.0131758  -0.00038005  -0.238138  -0.227868  0.194388  
-0.00538643  0.0125288  -0.000802119  -0.241168  -0.192301  0.143152  
-0.00620368  0.0106504  -0.000119272  -0.220463  -0.161062  0.120939  
-0.00621254  0.0116506  0.00122718  -0.187671  -0.215618  0.0733502  
0.000694083  0.0105757  -0.000423483  -0.200176  -0.275048  0.0977602  
-0.00285219  0.0108752  -0.000408767  -0.222264  -0.182955  0.0750324  
0.00269391  0.0132436  -0.000632049  -0.256105  -0.254015  0.0570853  
0.0013329  0.0139051  -0.00044196  -0.27522  -0.199859  0.0614204  
0.0001298  0.0130839  6.98272e-05  -0.249567  -0.181163  0.0248409  
0.000198815  0.0126629  2.68549e-05  -0.25928  -0.179772  0.0431739  
-0.000333576  0.0118799  4.4168e-05  -0.238212  -0.250611  0.0589603  
0.000941165  0.0118277  -0.00052794  -0.255946  -0.198998  0.0411841  
-0.0011237  0.0121542  -0.000605887  -0.248813  -0.255914  0.050726  
-0.000195002  0.0119927  -0.000659415  -0.239048  -0.243495  0.106761  
-0.00205733  0.0119128  -0.002247  -0.26198  -0.243029  0.245779  
-0.00187662  0.0111501  -0.00189289  -0.248178  -0.267832  0.253851  
0.0032239  0.0115327  -0.00154659  -0.242498  -0.270568  0.121077  
0.000590484  0.0125058  -0.001421  -0.240932  -0.25289  0.134346  
0.00202892  0.0112389  -0.00142542  -0.247415  -0.225669  0.222647  
0.000792098  0.0107479  -0.00186248  -0.239337  -0.275357  0.229026  
0.00120251  0.0104504  -0.00192377  -0.231321  -0.225058  0.184962  
-0.00639258  0.0141542  -0.00130009  -0.278427  -0.272487  0.248965  
0.0123372  0.00837667  -0.00112269  -0.112666  -0.14377  0.157008  
0.0170978  0.00515464  -0.000879805  -0.110439  -0.180492  0.156038  
0.0118976  0.00826764  -0.00108278  -0.179326  -0.146294  0.19668  
0.00970107  0.00983662  -0.00179362  -0.204869  -0.225535  0.311836  
0.00795222  0.012587  -0.00136208  -0.2428  -0.20674  0.231927  
0.00479855  0.0211345  -0.000505826  -0.376988  -0.21187  0.169681  
0.00802079  0.0150075  -0.00208694  -0.278969  -0.108314  0.167305  
0.00495391  0.0136302  -0.00241213  -0.279388  -0.143201  0.0260948  
0.00414365  0.0149319  -0.00348363  -0.306748  -0.172029  0.0241028  
0.0109191  0.0154097  -0.00315452  -0.295468  -0.133583  0.235491  
0.00592014  0.0139313  -0.00302495  -0.276583  -0.180987  0.0645787  
0.00596047  0.0126148  -0.0031148  -0.241742  -0.134021  0.00836095  
0.00922472  0.0113299  -0.00328906  -0.268277  -0.136727  0.225266  
0.00718875  0.0127559  -0.00283258  -0.263191  -0.199447  0.177619  
0.00550644  0.0127667  -0.00322968  -0.26971  -0.204634  0.0554326  
0.0113733  0.0152473  -0.00326792  -0.28337  -0.0927998  0.0497215  
0.00780219  0.0148297  -0.0029743  -0.278149  -0.117037  0.129929  
0.0070525  0.0146719  -0.00349642  -0.28513  -0.169133  0.115781  
0.00905554  0.01506  -0.00336893  -0.284115  -0.112374  0.132794  
0.0116013  0.0153178  -0.00293604  -0.300017  -0.11447  0.199087  
0.00883985  0.0153988  -0.00337471  -0.311024  -0.166082  0.0552228  
0.00864974  0.0174967  -0.00366199  -0.333077  -0.0910816  0.0396004  
0.0106733  0.0169687  -0.00339359  -0.323988  -0.0909214  0.157502  
0.00754884  0.0104596  -0.00573435  -0.307397  -0.223426  0.183608  
0.00993927  0.0134746  -0.0052768  -0.342457  -0.169662  0.251438  
0.0107337  0.0121502  -0.00293614  -0.281791  -0.184316  0.235261  
0.00683292  0.0154073  -0.00379974  -0.379211  -0.172736  0.0808244  
0.0167562  0.0158297  -0.00254795  -0.338593  -0.00579741  -0.218888  
0.0119597  0.0171106  -0.00223874  -0.347265  -0.0701238  -0.084576  
0.0095657  0.0183404  -0.00291167  -0.378951  -0.0596189  -0.0684735  
0.00774552  0.0191863  -0.00412904  -0.409355  -0.0999379  -0.0359161  
0.00982004  0.0181375  -0.00347868  -0.37378  -0.0780431  -0.0939209  
0.00493929  0.0160572  -0.00422254  -0.342303  -0.0567002  -0.0870462  
0.0075084  0.0163511  -0.00369501  -0.345854  -0.0366471  0.0225713  
0.00718885  0.0146489  -0.00377975  -0.319634  -0.0675731  -0.081215  
0.0115229  0.0150179  -0.00329558  -0.314982  -0.0888387  -0.0112919  
0.00863624  0.0142093  -0.00378471  -0.315975  -0.10824  -0.084818  
0.00612751  0.0150047  -0.00410969  -0.329166  -0.0738939  -0.180675  
0.00596631  0.0133552  -0.00334759  -0.297434  -0.0396525  -0.108733  
0.00639092  0.0143911  -0.00322281  -0.30654  -0.0872745  -0.121282  
0.00724756  0.015085  -0.00340369  -0.322107  -0.0596698  -0.0612894  
0.00589444  0.0168141  -0.0030825  -0.367111  -0.117544  0.0570634  
0.00533946  0.0165969  -0.00327072  -0.348102  -0.134191  -0.02205  
0.00676521  0.0151433  -0.00369551  -0.332199  -0.0940012  -0.120016  
0.00299638  0.0117072  -0.00437589  -0.28775  -0.0971673  -0.11674  
0.007378  0.0141781  -0.00374986  -0.312606  -0.0133169  -0.0774408  
0.00602041  0.0134489  -0.00377238  -0.317015  -0.0370052  0.00650935  
0.00180554  0.0121375  -0.00332204  -0.282155  -0.176215  0.0464695  
0.00270243  0.0127306  -0.00380449  -0.295197  -0.062326  -0.0689302  
0.00538101  0.0131489  -0.0036426  -0.307483  -0.0577756  -0.103772  
0.00602357  0.0130594  -0.00360378  -0.295918  -0.117788  -0.0681866  
0.0060602  0.0159788  -0.00274208  -0.337404  -0.0236375  -0.0692979  
0.00751824  0.0151631  -0.00286247  -0.309539  -0.0683401  -0.113356  
0.00643497  0.0147534  -0.00328008  -0.304058  -0.105705  -0.158287  
0.00565127  0.0129351  -0.00334707  -0.281789  -0.0507152  -0.0984175  
0.00331965  0.013314  -0.00338689  -0.299801  -0.0292857  -0.0890722  
0.00308218  0.0138239  -0.0040479  -0.32297  -0.0719976  -0.0549854  
0.00283333  0.0150823  -0.00440269  -0.328004  -0.0896732  -0.112647  
0.00306029  0.0151663  -0.00384022  -0.316647  -0.110518  -0.148879  
0.00251328  0.0135031  -0.00293497  -0.29184  -0.0611929  -0.0861997  
0.00315871  0.0138571  -0.00388424  -0.30239  -0.0954239  -0.0957938  
0.00516505  0.0152685  -0.0038546  -0.314832  -0.037353  -0.155408  
0.00882767  0.0154387  -0.00234363  -0.288491  -0.0158506  -0.155524  
0.00617956  0.0135607  -0.00293931  -0.272893  -0.0664196  -0.140078  
0.00447648  0.0134832  -0.00279679  -0.263935  -0.068474  -0.20795  
0.00474556  0.0127319  -0.00286738  -0.283748  -0.00478203  -0.170154  
0.00464129  0.0125557  -0.00273949  -0.268162  -0.108804  -0.0443813  
0.0042916  0.011712  -0.00291694  -0.262465  -0.0491826  -0.155513  
0.00420179  0.0111958  -0.00329951  -0.267497  0.0152432  -0.227088  
0.00320678  0.013277  -0.00298263  -0.282276  -0.0523926  -0.128698  
0.0045784  0.0160889  -0.00387333  -0.329152  -0.0829416  -0.17131  
0.00708497  0.0158288  -0.00332385  -0.316037  0.00360167  -0.205986  
0.00581706  0.0158013  -0.00310707  -0.310473  -0.0602061  -0.23207  
0.00617158  0.0150688  -0.00279534  -0.291853  -0.0280306  -0.239162  
0.00496397  0.0137075  -0.00292741  -0.280127  -0.0538633  -0.120545  
0.00737211  0.014698  -0.00322835  -0.295052  -0.0211558  -0.182423  
0.0061748  0.0152138  -0.00260774  -0.298102  -0.0379352  -0.188753  
0.0056186  0.0139167  -0.00197635  -0.288038  -0.0190652  0.0265477  
0.00232049  0.0121048  -0.00235848  -0.274379  -0.176676  0.0707087  
0.00116145  0.0120326  -0.00266886  -0.291582  -0.154182  -0.0128886  
0.00105935  0.0127387  -0.00322916  -0.299733  -0.138049  -0.056783  
0.00168599  0.012944  -0.00332924  -0.289264  -0.0449487  -0.118278  
-0.00125666  0.0119516  -0.00295655  -0.279433  -0.0303795  -0.0796608  
0.000652787  0.0125442  -0.00336549  -0.281055  -0.0726621  -0.149021  
8.17841e-05  0.012468  -0.00335019  -0.280859  -0.102564  -0.146703  
-0.000965325  0.0126769  -0.00379815  -0.294391  -0.0436204  -0.16694  
0.000218466  0.0122131  -0.00349039  -0.265429  -0.0459661  -0.170158  
-0.000670467  0.0123385  -0.00385631  -0.271202  -0.0548036  -0.179698  
-0.00154955  0.0124021  -0.00355184  -0.278432  -0.0770386  -0.157055  
0.00106691  0.0119207  -0.00325122  -0.253973  -0.0006021  -0.198428  
0.000676692  0.0149763  -0.00342824  -0.296979  -0.0834776  -0.188523  
-0.000370372  0.0143958  -0.00363231  -0.28346  -0.07386  -0.18563  
0.0018661  0.0116038  -0.00366874  -0.266829  -0.0733592  -0.00569745  
0.00089828  0.0123804  -0.00474436  -0.295607  -0.100698  -0.0821896  
0.00429009  0.0103438  -0.0036476  -0.25094  -0.0144065  -0.0295799  
0.0011334  0.0107075  -0.00262839  -0.255698  -0.142679  -0.103571  
-0.00205806  0.0125703  -0.00366186  -0.275822  -0.132084  -0.203008  
-0.00209191  0.0132117  -0.00363564  -0.281177  -0.130634  -0.158556  
0.00452707  0.0141526  -0.00152002  -0.289085  -0.0579244  0.100567  
0.00247849  0.0121756  -0.00171859  -0.268225  -0.157998  0.0667605  
0.00964105  0.00793969  -0.000697057  -0.164838  -0.0452088  -0.096732  
0.00828741  0.00517  6.01791e-05  -0.179245  -0.0631749  -0.117011  
0.00445436  0.0089246  -0.000495235  -0.18171  0.0056366  -0.191624  
0.00399914  0.00886126  -0.000564467  -0.175885  -0.0127202  -0.229162  
0.00389028  0.00903025  -0.000456562  -0.175147  0.00616208  -0.200533  
0.00986784  0.0126519  0.000586127  -0.211228  0.0426536  -0.322276  
0.00770294  0.0106357  3.64915e-05  -0.142762  0.0163048  -0.469494  
0.00383498  0.00899815  -0.000662352  -0.150368  0.0328165  -0.382742  
0.00617666  0.00935302  -0.000791433  -0.172731  0.0689487  -0.487773  
0.00667549  0.00951776  -0.000752785  -0.174152  0.129445  -0.418495  
0.0062739  0.00976891  -0.00101239  -0.182387  0.060987  -0.463017  
0.00306953  0.00959933  -0.00141236  -0.182186  0.0802803  -0.565251  
0.00299977  0.0100211  -0.00124804  -0.182739  0.115917  -0.570231  
0.00159214  0.0100664  -0.00199469  -0.197796  0.0391211  -0.645692  
-0.000875999  0.00979554  -0.00211005  -0.17923  -0.0126391  -0.603874  
0.00576716  0.00975788  -0.000592444  -0.177285  0.132778  -0.549404  
0.00257694  0.0121679  -0.000803358  -0.225441  0.060539  -0.568676  
9.58642e-05  0.0123978  -0.00215163  -0.226783  0.0273351  -0.583779  
0.00399342  0.0114867  -0.00167216  -0.212361  0.0695186  -0.557076  
0.000696876  0.00680863  -0.000657322  -0.164967  0.100414  -0.489657  
0.00231478  0.0108283  -0.00108414  -0.199931  0.0345228  -0.55543  
0.00450301  0.0120252  -0.00110734  -0.207905  0.0696438  -0.566697  
0.00351424  0.0124338  -0.00214276  -0.223576  0.0625046  -0.570673  
0.00463371  0.012799  -0.0010629  -0.225881  0.150941  -0.471332  
0.00387312  0.0118103  -0.000737412  -0.213159  0.0797318  -0.432415  
0.00409832  0.0113245  -0.000766495  -0.198835  0.0712187  -0.500535  
0.00392594  0.0105618  -0.000220673  -0.180037  0.119655  -0.64801  
0.00297288  0.010455  -0.00101154  -0.186916  0.0634201  -0.586815  
0.0038723  0.0107337  -0.000220673  -0.188713  0.14597  -0.535753  
0.00398253  0.0101972  -0.000476293  -0.17917  0.0513  -0.631068  
0.0014376  0.0103534  -0.000520232  -0.176434  0.0844259  -0.633081  
0.0030758  0.0096174  -0.000620673  -0.178312  0.191569  -0.462973  
0.00556746  0.0105617  -0.000220673  -0.188047  0.0885777  -0.521989  
0.00395031  0.0110209  -0.000930461  -0.186835  0.0684599  -0.563769  
0.00756728  0.0108509  -0.000421986  -0.193914  0.155357  -0.521376  
0.00844797  0.010118  -0.000372472  -0.197053  0.128665  -0.563166  
0.00542999  0.0118779  -3.75567e-05  -0.214348  0.0632339  -0.584769  
0.00330632  0.0128964  5.72133e-05  -0.218626  0.0768194  -0.591574  
0.00428903  0.0123641  9.15703e-05  -0.204127  0.0737867  -0.574485  
0.00170329  0.0101262  -0.000314857  -0.197264  0.153071  -0.537936  
0.000479184  0.00917838  -0.000497031  -0.190998  0.12217  -0.615684  
0.000286534  0.00885851  -0.000251336  -0.18905  0.126775  -0.780678  
-0.000272356  0.00852509  -0.00113634  -0.189173  0.104331  -0.669522  
-0.00193353  0.00934761  -0.00202448  -0.216191  0.073497  -0.581864  
-0.00678095  0.0121082  -0.00277241  -0.245337  0.07189  -0.431208  
0.000752326  0.0123758  -0.00163863  -0.235062  0.134213  -0.511246  
0.00811271  0.0116392  -0.000764236  -0.220088  0.175517  -0.477533  
0.00633858  0.0110548  -0.000976727  -0.226847  0.0361118  -0.519146  
0.00448675  0.0101689  -0.0012073  -0.239746  -0.00670225  -0.40688  
0.00329489  0.0107183  -0.00128731  -0.242779  -0.00992168  -0.436602  
0.00382131  0.012055  -0.0013706  -0.253469  0.0281005  -0.50103  
0.0037226  0.0121362  -0.0017767  -0.248226  0.093006  -0.389202  
0.00218158  0.012281  -0.00183229  -0.257393  0.045037  -0.310483  
-0.00297077  0.0123327  -0.00252259  -0.263741  0.0569502  -0.409612  
-0.00909227  0.0120728  -0.00201901  -0.247582  0.0063639  -0.413146  
-0.00530641  0.0151341  -0.000896408  -0.253661  0.0708031  -0.452751  
-0.00650195  0.0133527  -0.00214836  -0.236917  0.0433388  -0.526617  
-0.00319962  0.0133256  -0.0031877  -0.244695  0.0194846  -0.439144  
0.00404546  0.011005  -0.000564288  -0.192977  0.0967769  -0.436848  
0.00150204  0.0104289  -0.000920706  -0.187361  -0.0862994  -0.354118  
0.00313659  0.0102165  -0.00114301  -0.204131  -0.0406327  -0.155959  
-0.000530993  0.0106063  -0.00242711  -0.215743  -0.052432  -0.224307  
0.00257414  0.0120214  -0.00245612  -0.247925  0.129202  -0.284978  
-9.41125e-06  0.0130307  -0.00286577  -0.287796  -0.0153601  -0.270759  
0.00612256  0.0146527  1.19293e-05  -0.25087  0.0808867  -0.28985  
0.00395841  0.012625  -0.0007074  -0.230351  0.0587608  -0.330308  
-0.000162368  0.0137241  -0.00107596  -0.249796  0.0991399  -0.320427  
0.00119075  0.0139916  -0.000154916  -0.243934  0.127188  -0.287248  
-0.00163188  0.0153346  0.00225057  -0.233063  -0.00644367  -0.222292  
0.000957514  -0.00728168  0.00105304  0.132795  0.059499  0.0148581  
-0.00461715  -0.0035895  0.00344784  0.112424  -0.0767162  -0.10918  
-0.00582437  0.000869889  0.00340002  0.0280203  -0.0463111  -0.223117  
-0.00153155  0.00401532  0.00133649  -0.0512456  0.121357  -0.357389  
-0.00397603  0.0067354  0.000341833  -0.101574  -0.0259023  -0.23204  
-0.00242824  0.00825381  -6.24092e-05  -0.115487  0.0154805  -0.214823  
-0.00899356  0.00839047  -0.00101667  -0.142098  -0.0488901  -0.125073  
-0.00931355  0.00972731  -0.00056221  -0.148317  -0.0365427  -0.194844  
-0.00619544  0.00960796  -0.000282487  -0.132179  0.0676426  -0.235228  
-0.00990573  0.0101697  -0.00103429  -0.154019  -0.0579005  -0.320462  
-0.00802274  0.0117181  -0.000820204  -0.169354  -0.0578877  -0.250315  
-0.00613361  0.0108954  -0.000574545  -0.15587  0.0246587  -0.288377  
-0.00668231  0.0108452  -0.00064028  -0.154922  -0.0684313  -0.268837  
-0.00745482  0.0108907  -0.00110768  -0.163118  -0.0702146  -0.29284  
-0.004078  0.011083  -0.000693025  -0.161302  -0.000732609  -0.290391  
0.000232765  0.0106886  -7.24515e-05  -0.158519  0.144607  -0.220673  
-0.00263779  0.011164  -0.000385331  -0.178083  -0.0365411  -0.219928  
-0.000351001  0.0119548  -0.000177796  -0.173994  0.0904082  -0.273255  
0.000380513  0.0108812  -0.000223899  -0.171863  0.103802  -0.272292  
0.000710726  0.010582  2.5069e-05  -0.173559  0.116455  -0.24312  
-0.000385481  0.0112538  -0.000200607  -0.180447  0.0733674  -0.275282  
-0.0031364  0.011643  -0.000683222  -0.177023  -0.0200115  -0.276731  
0.00101897  0.0102479  -9.81219e-06  -0.155556  0.134518  -0.211407  
0.000301678  0.0101847  -0.000126992  -0.159429  0.0618293  -0.23355  
-0.000474927  0.0101792  -0.000498619  -0.156366  0.0883124  -0.203139  
0.00241105  0.0107403  -0.000398352  -0.16018  0.044902  -0.258946  
0.00368221  0.0106424  0.000373259  -0.176109  0.129305  -0.129969  
0.000257273  0.01096  0.00013683  -0.191168  -0.0776308  -0.164166  
-0.00232017  0.0120777  0.000524074  -0.192806  -0.0385358  -0.152602  
-0.000860741  0.0127942  4.10428e-05  -0.210739  0.0772775  -0.229493  
-0.00411557  0.0144017  -0.000943458  -0.213478  0.00708882  -0.33446  
-0.00349341  0.0132032  -0.00158846  -0.20267  0.0180678  -0.25196  
0.000372561  0.0106105  -0.000558228  -0.195288  0.11654  -0.0884568  
-0.0023185  0.0117264  -0.00170345  -0.202179  -0.0742152  -0.105144  
0.000154595  0.0132826  -0.0022605  -0.219151  -0.022408  -0.162612  
0.00403479  0.011672  -0.00120972  -0.210715  0.0218415  -0.0898366  
-0.0021437  0.0117883  -0.00248368  -0.22662  -0.0804299  -0.132433  
0.00553973  0.0114992  -0.00261298  -0.218768  -0.00958132  -0.0428366  
0.00620023  0.0118895  -0.00140399  -0.227994  -0.147773  0.204483  
0.00136118  0.0122622  -0.00129885  -0.257596  -0.188565  0.226515  
-0.000135225  0.0103572  -0.00140042  -0.216746  -0.195131  0.272983  
-9.94432e-05  0.00926159  -0.00152946  -0.212016  -0.16291  0.240549  
0.00249692  0.0100462  -0.00157525  -0.202089  -0.0294123  0.0422734  
0.00216842  0.00884474  -0.000597582  -0.179229  0.0142312  -0.0632138  
0.00154206  0.0103473  -0.00145772  -0.203365  -0.0349029  -0.117188  
0.00183808  0.0107135  -0.00163646  -0.198697  0.0058129  -0.0786903  
-0.00115327  0.0109917  -0.00168075  -0.203302  -0.0197002  -0.119491  
6.61595e-05  0.011851  -0.00194198  -0.205119  -0.0321701  -0.176109  
-0.00141019  0.0116453  -0.00191611  -0.201014  -0.0456131  -0.137792  
-0.00348937  0.0103855  -0.00195838  -0.194514  -0.0584637  -0.0562559  
-0.00367188  0.010164  -0.00225624  -0.204567  -0.0467337  -0.0262889  
-0.0022581  0.00966164  -0.00189421  -0.203058  -0.0560367  -0.102358  
-0.00411763  0.0100293  -0.00161447  -0.203767  -0.0503139  -0.186004  
-0.00793757  0.0102043  -0.0023028  -0.210523  -0.0994649  -0.130027  
-0.00853755  0.00996712  -0.00571243  -0.280995  -0.0285177  -0.0633497  
-0.00723186  0.0117028  -0.00265186  -0.230954  -0.047781  -0.13582  
0.00367905  0.0152959  -0.000466965  -0.276762  0.0866922  -0.235413  
0.00874528  0.0121058  -2.31842e-05  -0.240559  0.0198211  -0.212791  
0.00412319  0.0130344  -0.00057285  -0.251237  -0.00614726  -0.191126  
0.00152484  0.0127643  -0.000878257  -0.256821  0.0855831  -0.205421  
-0.000557149  0.0142452  -0.00178984  -0.285423  -0.0618123  -0.278539  
-0.000469681  0.014116  -0.0017968  -0.281916  -0.0644645  -0.255329  
-0.000774171  0.0152659  -0.00292362  -0.297583  0.053055  -0.249825  
0.00460614  0.0152645  -0.00225863  -0.274699  0.0681312  -0.310192  
0.00183865  0.0139007  -0.00119527  -0.265029  0.108428  -0.215401  
0.00127608  0.0141956  -0.0018077  -0.282261  0.050633  -0.259497  
-0.00039528  0.013981  -0.00116131  -0.26412  0.0891163  -0.317922  
0.000325584  0.0137694  -0.00120216  -0.248822  0.0580134  -0.254371  
0.00109673  0.0138666  -0.00110011  -0.250487  0.0802593  -0.224698  
0.00863713  0.0106102  0.000734534  -0.142119  0.0527934  -0.2367  
0.00709573  0.00611624  0.0013238  -0.124423  0.049749  -0.111687  
0.00618486  0.00731714  0.00204641  -0.129396  0.0707445  -0.181385  
0.00448574  0.00833665  0.00145397  -0.144646  0.0160509  -0.168151  
0.00557645  0.00928699  0.000917  -0.161589  0.0728786  -0.241408  
0.00523559  0.0101189  0.000651841  -0.174947  0.029577  -0.243095  
0.00382109  0.0102348  0.000267792  -0.178382  0.0435476  -0.209271  
0.00183568  0.00885207  0.00073535  -0.158962  0.101063  -0.143324  
0.00253666  0.00900653  0.00073535  -0.158802  0.0629059  -0.134034  
0.00418163  0.00898448  0.000526582  -0.155352  0.06766  -0.187221  
0.00316629  0.00831784  0.00073535  -0.160465  0.0766311  -0.215811  
0.00207662  0.00925843  0.000204294  -0.171704  0.0248077  -0.147353  
-0.00107403  0.00990893  -0.00102587  -0.189822  0.0542535  -0.105898  
-0.00656776  0.00956541  -0.00314836  -0.244849  -0.124008  0.0211556  
-0.00761556  0.0120782  -0.00270831  -0.25495  -0.109754  -0.0131979  
-0.00376392  0.0122738  -0.00301621  -0.242598  -0.0815364  0.0462592  
0.00203597  0.0108025  -0.00252125  -0.236217  0.00252489  0.0461065  
0.00479014  0.00981931  -0.00149308  -0.229  -0.0693424  0.135302  
0.00137883  0.0100809  -0.00270133  -0.227382  -0.0455863  -0.00539929  
0.000589665  0.00982008  -0.0015019  -0.212927  -0.1012  -0.0572862  
0.00196478  0.00864937  -0.00100834  -0.176406  0.0984946  -0.110764  
-0.000643375  0.010103  -0.00139004  -0.199523  -0.0699578  -0.102811  
-0.000394565  0.0109075  -0.00131513  -0.199731  -0.0643  -0.103011  
0.000917038  0.011533  -0.000727734  -0.208111  -0.0355075  -0.131982  
0.00908639  0.00865162  0.000500163  -0.159059  0.0481585  -0.0405326  
0.0076408  0.00743707  0.000781322  -0.176403  0.00116116  -0.0558435  
0.00808081  0.00537608  -0.000666307  -0.187222  0.00305754  -0.0362358  
0.00768244  0.00225368  0.000527079  -0.174587  -0.0201159  0.195291  
0.00573367  0.00324308  0.000844267  -0.151114  -0.0771438  0.153606  
0.00774691  0.00494407  0.000844267  -0.15756  0.0179888  0.122043  
0.00642541  0.00648775  0.00123489  -0.175766  -0.00385627  0.0484104  
0.00681578  0.00689908  0.00130625  -0.190001  -0.0015842  0.0300424  
0.00988196  0.0106278  0.00332503  -0.172992  0.0311286  -0.122148  
-0.00466936  0.0147134  0.00257033  -0.258299  -0.0315293  -0.0448412  
-0.00194793  0.0120184  -0.000853478  -0.257039  -0.0414158  -0.0551491  
0.000166653  0.010947  -0.000540695  -0.233989  0.066202  -0.0593022  
-0.000388457  0.0108832  -0.000733646  -0.233296  -0.0792416  -0.0053277  
0.000112422  0.010741  -0.000143157  -0.223036  0.0777072  -0.0222215  
-0.0041924  0.0116408  0.000663223  -0.229188  -0.078604  -0.00712352  
-0.00347308  0.0103064  0.00030548  -0.189761  -0.0718071  -0.0354179  
-0.00299705  0.0100426  -0.000691987  -0.207644  -0.076763  0.0037808  
0.000541398  0.0100176  0.000258017  -0.188305  0.0695344  -0.0402655  
-0.000406071  0.00990557  0.000129676  -0.177468  -0.0774966  -0.0483362  
-0.000485959  0.00977236  0.0011448  -0.177153  -0.0327678  0.0396293  
-0.00206062  0.0101876  0.000875774  -0.183223  0.0012048  -9.9327e-05  
-0.00329069  0.010079  0.000936883  -0.177748  -0.101718  -0.000179948  
-0.00275107  0.0101131  0.00012123  -0.191624  -0.0838074  0.00542703  
0.00255208  0.00972035  0.000615333  -0.187827  0.0422089  0.0696575  
0.00133525  0.00918717  0.00115883  -0.171172  -0.130666  0.158892  
-0.00509323  0.0120447  0.00194047  -0.216763  -0.126536  0.0791022  
-0.00472568  0.0135918  0.00148233  -0.212757  -0.0517303  0.0649858  
-0.00729843  0.0153728  0.00148145  -0.255679  -0.08555  0.0268101  
-0.00626413  0.0142892  0.00107754  -0.233306  -0.0749281  -0.0218824  
-0.0062367  0.0130922  0.000933473  -0.229255  -0.107304  0.0713501  
-0.00665585  0.0159703  0.00145343  -0.261968  -0.0319912  0.0102084  
-0.00450983  0.0117475  -0.000626892  -0.224513  -0.0661895  0.00537384  
-0.000643517  0.0104387  0.000717333  -0.188339  0.0965015  -0.0210849  
-0.00285399  0.0104627  0.000343116  -0.202568  -0.104838  0.0241363  
-0.00328591  0.0104948  0.00156285  -0.173759  -0.0676056  -0.0193276  
0.00938051  0.00947342  0.00126099  -0.211956  0.0245786  -0.126834  
-0.0150264  0.0304588  0.00264734  -0.4569  -0.0819827  -0.146035  
-0.0101255  0.0197277  -0.00128021  -0.382382  -0.0767661  -0.16933  
-0.010954  0.020546  -0.0014465  -0.377425  -0.0505233  -0.146708  
-0.0124956  0.0177018  -0.00185829  -0.353079  -0.100602  -0.112137  
-0.00884653  0.0167205  -0.00288346  -0.345204  -0.0171319  -0.0928845  
-0.000944888  0.0102726  -3.12104e-05  -0.174647  0.100767  -0.134711  
-0.00151821  0.00948569  -0.000824819  -0.177064  -0.0191407  -0.176202  
-0.00330355  0.0121445  0.000160139  -0.190523  0.0167058  -0.232391  
-0.00580873  0.0133962  -0.00176508  -0.236923  0.0103158  -0.309462  
-0.00436667  0.0137128  -0.00189761  -0.245581  -0.0292746  -0.223449  
-0.000362657  0.0132249  -0.000896726  -0.242923  0.127506  -0.113739  
-0.00139218  0.0141655  -0.00109463  -0.26374  -0.0826652  -0.148564  
-0.00254389  0.0146532  -0.0014163  -0.260055  -0.03903  -0.202717  
-0.000678224  0.0134938  -0.000620271  -0.247186  0.100165  -0.166304  
0.000575658  0.0134669  -0.000242717  -0.251612  0.0799992  -0.144242  
0.000885782  0.0149613  -0.000639381  -0.270112  0.12049  -0.239415  
0.000548716  0.0143478  -0.000485594  -0.264246  0.171006  -0.211738  
0.0011555  0.0153293  0.00223013  -0.257374  0.0353592  -0.1894  
0.00481689  0.0128851  0.000259848  -0.242914  0.0654711  -0.22309  
0.00281733  0.0127227  0.000106353  -0.222204  0.0880887  -0.260479  
0.00199808  0.00797522  0.000966567  -0.122889  0.0574316  -0.275014  
0.00271978  0.00865918  0.00130749  -0.162553  0.100859  -0.191535  
0.00387383  0.00975505  0.00080455  -0.178885  0.0947515  -0.121086  
0.00405009  0.0112271  0.000777555  -0.202832  0.0709324  -0.266781  
-0.00016916  0.0119113  0.000271198  -0.206665  0.0712534  -0.239923  
-0.0268975  0.0113059  -0.00659692  -0.303367  -0.164343  0.00680858  
-0.0213192  0.0128845  -0.00765893  -0.348534  -0.179686  -0.0668624  
-0.015492  0.0140422  -0.00659605  -0.345687  -0.0985478  -0.203696  
-0.0101316  0.0125132  -0.00499593  -0.306191  -0.0382554  -0.159115  
-0.0124752  0.0148046  -0.00367646  -0.303563  -0.0789644  -0.19939  
-0.00875587  0.0130118  -0.00322348  -0.276415  -0.0560861  -0.139801  
-0.00549595  0.0139156  -0.0029166  -0.307697  -0.0364577  -0.025503  
-0.0121019  0.0150413  -0.00261498  -0.314815  -0.133703  -0.0435538  
-0.00627613  0.0153098  -0.00324522  -0.335769  -0.00373951  -0.213547  
-0.0042677  0.0144132  -0.00218033  -0.313265  -0.00703381  -0.218541  
-0.00217157  0.0151758  -0.00212384  -0.301395  -0.044219  -0.209785  
-0.00506257  0.0144414  -0.0023282  -0.295507  -0.017303  -0.222903  
-0.00596377  0.0142816  -0.0027603  -0.299716  -0.0385446  -0.210667  
-0.00603382  0.0138616  -0.0018781  -0.297146  -0.00471578  -0.182858  
-0.00597426  0.0148845  -0.00197355  -0.302091  -0.00945221  -0.2201  
-0.0060396  0.0160165  -0.00203507  -0.314965  -0.0714453  -0.173536  
-0.00580688  0.0149886  -0.0018051  -0.311143  -0.00350888  -0.166521  
-0.00554893  0.0147886  -0.00116616  -0.298013  -0.0400241  -0.148741  
-0.00339952  0.0145951  -0.00208172  -0.295791  -0.0676437  -0.195703  
-0.00255544  0.0149699  -0.00217552  -0.313777  -0.0518401  -0.12549  
-0.00255544  0.0149133  -0.00154801  -0.323862  0.0517929  -0.0789332  
-0.00290095  0.0164084  -0.00180455  -0.338943  -0.0612981  -0.147463  
-0.00241252  0.016504  -0.00229205  -0.342999  -0.0334336  -0.166421  
-0.0027161  0.016794  -0.00293644  -0.361377  -0.0400847  -0.151755  
-0.00125192  0.0145523  -0.00256366  -0.314892  0.00601652  -0.11936  
-0.000810459  0.0125256  -0.00205277  -0.279758  -0.0209338  -0.106968  
-0.0024388  0.0144986  -0.00141477  -0.303306  -0.0834973  -0.134367  
-0.00375511  0.0161959  -0.00239078  -0.323478  -0.051544  -0.198438  
0.00209761  0.0135403  -0.00199745  -0.312086  0.118544  -0.0916881  
0.00158289  0.0133923  -0.0024691  -0.316107  -0.0252073  -0.0998051  
-0.000337112  0.0131363  -0.00263395  -0.317712  -0.0579321  -0.107867  
0.00035552  0.0141388  -0.00247763  -0.31385  -0.0409212  -0.149499  
-0.00205886  0.0146914  -0.00229593  -0.319138  -0.0881785  -0.0999942  
0.00184551  0.0126507  -0.001857  -0.28301  0.030025  0.0297663  
-0.00105872  0.0133389  -0.00221481  -0.307011  -0.0941625  -0.0345468  
-0.00318257  0.0152831  -0.00283326  -0.339272  -0.0702139  -0.106522  
-0.00174227  0.015237  -0.00299893  -0.3372  -0.00631784  -0.0843753  
-0.00398553  0.0143941  -0.00223088  -0.318405  -0.0276238  -0.08418  
-0.000396226  0.0120665  -0.00270011  -0.28233  -0.0265585  -0.0908665  
-0.00228166  0.0133831  -0.00229594  -0.285615  -0.0674967  -0.0884392  
-0.00124879  0.012154  -0.00215665  -0.266617  -0.0320022  -0.065462  
-0.00514145  0.0145851  -0.00184313  -0.291124  -0.0624365  -0.140354  
-0.00454328  0.0168526  -0.00149314  -0.323429  -0.00322595  -0.114819  
-0.00413484  0.0162629  -0.00184287  -0.32211  -0.110865  -0.0491765  
-0.00485861  0.015881  -0.0016779  -0.317369  -0.0541233  -0.163294  
-0.00165549  0.0152751  -0.00211897  -0.296313  0.00985559  -0.0671172  
-0.00645154  0.0192104  -0.00146964  -0.324693  -0.0127002  -0.186654  
-0.00349274  0.0193682  -0.00201812  -0.351426  0.00432407  -0.131  
-0.00249952  0.0162782  -0.00342142  -0.324898  -0.0600398  -0.0654027  
-0.00391828  0.0119984  -0.00319418  -0.262953  -0.0838461  0.0581958  
-0.00681697  0.0124451  -0.00294236  -0.262601  -0.107043  0.0637438  
-0.00380525  0.01352  -0.0027531  -0.270325  -0.146402  0.0641466  
-0.00148682  0.0122154  -0.00275065  -0.235285  -0.0526773  -0.00109902  
-0.00225686  0.012958  -0.00253003  -0.251968  -0.0967976  -0.0047052  
0.00063385  0.0119167  -0.00157497  -0.224388  -0.111608  -0.00900536  
-0.00348578  0.0120275  -0.000844482  -0.213975  -0.0683507  0.0423042  
-0.00548876  0.0125173  -0.000925613  -0.229172  -0.0303781  0.0106067  
-0.00492455  0.015284  -0.00141379  -0.271659  -0.0661734  0.0122684  
-0.00212801  0.0149314  -0.00283935  -0.293459  -0.0661808  0.0129215  
-0.00205147  0.0132107  -0.00147478  -0.248923  0.0422063  0.0141534  
-0.0016127  0.0131356  -0.0014474  -0.241746  -0.075735  -0.0631657  
-0.00139848  0.0133984  -0.0015274  -0.250788  -0.0248003  -0.0449764  
-0.00292841  0.0143125  -0.00106112  -0.24962  -0.0994829  -0.0168245  
-0.00243804  0.0138485  -0.000806083  -0.240697  -0.0801495  0.0342586  
-0.00367325  0.0153964  -0.000867883  -0.263824  -0.0464968  -0.0262179  
-0.0021798  0.0159051  -0.00184043  -0.275986  -0.0764023  -0.0472756  
0.000458452  0.014993  -0.00136816  -0.271177  0.0528356  -0.0444567  
0.00346183  0.0150667  -0.00122297  -0.255945  0.0125768  -0.080256  
0.00225129  0.0140259  -0.00125108  -0.250025  0.0896746  -0.0429361  
0.000143456  0.0138891  -0.0012545  -0.261562  0.0919083  -0.0763067  
0.000309211  0.0158923  -0.00308465  -0.307924  -0.0103892  -0.237528  
-0.000768284  0.0124225  -0.00209943  -0.27528  -0.269823  -0.295685  
-0.0279821  0.00956628  -0.00261997  -0.180713  -0.583059  0.196522  
-0.0350252  0.00571546  -0.00213871  -0.14188  -0.529995  0.406888  
-0.0326175  0.00537155  -0.000724844  -0.106467  -0.36063  0.5135  
-0.0338844  0.00563901  -0.00057546  -0.105717  -0.434647  0.553814  
-0.0334664  0.00599124  -0.000285651  -0.102792  -0.379961  0.64341  
