0.0063071  0.000447223  -0.000147882  -0.0593683  0.043062  -0.0173187  
0.00521868  0.000459185  -6.32986e-05  -0.0599142  0.0615524  -0.0198552  
0.00582362  0.00068512  -0.000439171  -0.0608464  0.0199199  0.0423965  
0.00590683  0.000403704  -0.00016498  -0.0662931  0.113242  -0.0412045  
0.00641681  0.000605179  -0.000254493  -0.0639017  0.0476682  -0.0156707  
0.00664505  0.000534009  -0.000328602  -0.0605452  0.0861464  -0.0203865  
0.00654602  0.000746252  -0.000282069  -0.0589041  0.0673079  -0.0248001  
0.00658646  0.000541715  -0.000558166  -0.0680254  0.0425792  -0.0304011  
0.00675738  0.000740272  -0.000441925  -0.0688869  0.0573362  -0.048696  
0.00649492  0.000882216  -0.000228625  -0.0610954  0.0644893  -0.0548825  
0.00622595  0.00119436  -0.000280359  -0.0659055  0.0645305  -0.0530779  
0.00637545  0.00108465  -0.000159794  -0.0656667  0.0644696  -0.0474839  
0.00655974  0.000916524  -0.00021608  -0.0710019  0.0609992  -0.0407701  
0.00639292  0.000922119  -0.000222265  -0.0689672  0.0832457  -0.052669  
0.00646891  0.00073586  -0.000224507  -0.0647756  0.0887029  -0.0612846  
0.00676277  0.00113164  -0.000194684  -0.0639192  0.0607416  -0.0443071  
0.00674615  0.000808159  -0.000153443  -0.0674807  0.0682842  -0.0407827  
0.00677587  0.00106057  -0.000139904  -0.0678157  0.079478  -0.0399418  
0.00679689  0.000837204  -0.000158127  -0.0679086  0.0889175  -0.0485214  
0.00705897  0.000885504  -0.00032473  -0.0640103  0.0633684  -0.0312681  
0.0067811  0.000991144  -0.000164633  -0.065236  0.0781088  -0.0280667  
0.00710869  0.000920533  0  -0.0640361  0.104594  -0.0492625  
0.00716839  0.00105944  -0.000203791  -0.0683628  0.0813743  -0.0551829  
0.00742336  0.00102123  -0.000151356  -0.0633493  0.0713883  -0.0523061  
0.00731351  0.00108135  -0.0004562  -0.062687  0.071396  -0.0413437  
0.00725463  0.00134091  -0.000446286  -0.057338  0.0962936  -0.0498456  
0.00720219  0.00127905  -0.000180765  -0.0761965  0.0771224  -0.047481  
0.0070685  0.00142075  -9.36629e-05  -0.0712735  0.0731725  -0.0442546  
0.00701914  0.00194876  0  -0.0637758  0.0851422  -0.0564441  
0.00656529  0.00201739  3.38813e-21  -0.0666522  0.0871723  -0.0595843  
0.00692258  0.00194917  -7.64534e-05  -0.0649158  0.0677326  -0.0668665  
0.00709425  0.00181762  -0.000158738  -0.0640897  0.0768735  -0.052846  
0.00725559  0.00181787  -0.000119444  -0.0634702  0.0881609  -0.0613532  
0.00727002  0.00181247  -0.000165181  -0.06282  0.087294  -0.0710228  
0.00737679  0.00198366  0  -0.0647698  0.0906381  -0.0658466  
0.00756327  0.00192986  5.17652e-05  -0.063271  0.0835896  -0.0615873  
0.00728501  0.00172542  -0.000252693  -0.0676946  0.0906529  -0.0740221  
0.00754273  0.00186435  -0.000116511  -0.0636456  0.0980743  -0.0764538  
0.00740111  0.000440088  -6.79124e-05  -0.0521231  0.10999  -0.053682  
-0.00339805  0.00292875  0.00122035  -0.0847049  -0.0513558  0.0101989  
-0.00283951  0.00211796  0.00141844  -0.038444  -0.0643758  0.0481504  
-0.00541799  0.00388037  0.00246995  -0.0785162  -0.0756954  -0.00190733  
-0.00460122  0.00456237  -0.00036337  -0.112667  -0.162034  0.104226  
-0.00534379  0.00116346  0.00302058  -0.00960325  -0.12386  0.127762  
-0.00628943  0.00324485  0.00171765  -0.0894375  -0.177109  0.0656408  
-0.0036721  0.00293816  0.000308718  -0.0797374  -0.111031  0.0927763  
0.00556559  -0.00195949  -0.000850279  0.00462979  0.0812696  0.0390579  
-0.00595587  -0.000200843  0.00114845  -0.0370039  -0.079734  0.00611793  
-0.00510438  0.00162191  -0.000497681  -0.091927  -0.122185  0.0278371  
-0.00251662  0.00349853  0.00164147  -0.0512963  -0.054398  0.0240652  
-0.00355671  0.00152342  -0.000474965  -0.0409001  -0.0660363  -0.00136187  
-0.00335624  5.55111e-05  0.00104996  -0.0330282  -0.0696256  0.0883349  
-0.00562715  0.00183069  0.00143484  -0.0743485  -0.0953598  0.0804097  
-0.0054431  0.00124216  0.00109938  -0.0759735  -0.132962  0.0445093  
-0.0079932  0.00290225  -6.21891e-05  -0.0846777  -0.145273  0.110001  
-0.00353748  0.00234287  7.28875e-05  -0.0620908  -0.0445598  0.0235431  
-0.00255444  0.00220482  -0.000945471  -0.0717683  -0.0448949  -0.014347  
-0.00441632  0.00340972  7.38623e-05  -0.0932139  -0.0674685  0.0219685  
-0.00411235  0.00365493  -6.21891e-05  -0.0939562  -0.0976447  0.0305266  
0.00265745  0.00165488  -6.21891e-05  -0.0703209  0.0451016  -0.0218957  
-0.00460192  0.00328666  -6.2189e-05  -0.0757843  -0.143185  0.0352263  
-0.00277031  0.00251868  -0.000289879  -0.0537979  -0.0152598  -0.0284766  
-0.00382996  0.00475471  0.000160535  -0.0990785  -0.0633137  0.0459693  
-0.00262329  0.00197967  0.00166115  -0.013911  -0.0134966  0.0448515  
-0.0034957  0.00163817  0.00153696  -0.064751  -0.0298737  0.00894625  
-0.00564562  0.000235462  0.00145657  -0.026205  -0.040875  0.0289463  
-0.00517074  -0.00231083  -0.000131229  0.000154941  -0.0779622  0.0468492  
0.00279274  4.71919e-05  8.59033e-05  0.0311641  0.0440583  0.000929581  
-0.00465736  0.000504102  0.00172875  -0.00973932  -0.0653409  0.040614  
-0.00438381  0.00155834  0.00223828  -0.0193878  -0.0829571  0.0857018  
-0.00101618  0.00127066  0.000992879  -0.0150708  -0.0204532  0.159074  
-0.00335795  0.00253445  0.00113208  -0.0383942  -0.0312244  0.0205872  
-0.00457231  0.00193119  0.000366577  -0.0723253  -0.10546  0.0210279  
-0.00823717  0.000854125  0.000898529  -0.0461056  -0.143735  0.0578501  
-0.00516202  7.57419e-05  0.00122676  -0.013521  -0.0280324  0.0568513  
-0.00539074  0.00123903  0.000469834  -0.0602783  -0.0732538  0.0567425  
-0.00604796  0.00196889  0.000951758  -0.0418161  -0.142993  0.131786  
0.00465701  0.00231942  -0.000228088  -0.0584711  0.0664008  -0.00316675  
-0.000948406  0.00111617  -0.000607167  -0.0651933  -0.118613  0.15281  
-0.00427747  0.00251529  -0.000618368  -0.0800914  -0.107782  0.0923558  
-0.00483062  0.00379244  -4.00047e-05  -0.0968867  -0.0963624  0.00583424  
-0.00391887  0.00230799  -0.00091579  -0.0844417  -0.0790224  0.0625751  
0.00315835  0.00281411  0.000104365  -0.0690937  0.0552351  0.00652168  
-0.0040678  0.00224495  -0.000632046  -0.0676455  -0.0772614  0.0536027  
-0.00304025  0.00299549  -0.000258819  -0.071168  -0.0509536  0.0272091  
-0.00295117  0.00167205  -0.00117148  -0.0508775  -0.0453311  0.0271109  
-0.00531903  0.00250604  0.000603264  -0.0428307  -0.0267011  0.0338418  
3.34503e-05  0.00132791  0.000325099  -0.061852  -0.0836851  0.129076  
-0.00184927  0.00204259  0.0012051  -0.0397393  -0.11649  0.153116  
-0.00150425  -0.000171628  0.00192542  0.0144048  -0.0323746  0.173111  
-0.000205486  -0.00480587  0.000712436  0.0572118  0.0418424  0.12516  
-0.00418907  0.000110277  0.00126859  -0.0257756  -0.0771072  0.0706548  
-0.00043299  0.00131824  -0.000583981  -0.0531491  -0.112937  0.155273  
-0.00354275  0.00289276  0.000267876  -0.0982748  -0.159838  0.0884321  
-0.00796681  0.00169002  0.00200526  -0.0302371  -0.10539  0.143502  
-0.00961775  0.00293884  -0.000497726  -0.0520404  -0.195541  0.193108  
-0.00642421  0.00267258  -0.00045286  -0.0611318  -0.195641  0.189578  
-0.00760533  0.00348315  0.00102287  -0.049646  -0.178223  0.169111  
-0.00712723  -7.76094e-05  -0.000462014  0.0495074  -0.0989368  0.0791371  
-0.00458921  -0.000842074  0.000851242  0.0319245  -0.125647  -0.0782902  
-0.00633907  0.000996091  -0.000515247  -0.0424982  -0.131989  0.0814683  
-0.00893552  0.00216615  0.000153709  -0.0408372  -0.166649  0.124177  
0.00122644  -0.00275764  -0.000583987  0.0043413  -0.0607327  0.0779589  
-0.00357853  -0.000899534  0.000745596  -0.00349319  -0.0839446  0.063784  
-0.000584998  -0.000296855  -0.000897765  0.00835626  -0.0892605  0.142335  
-0.00551614  0.0012183  0.00144546  -0.0106796  -0.0819779  0.0598552  
-0.00583614  0.00439135  0.0018212  -0.0713116  -0.0667758  0.0403286  
0.00202273  0.00146387  -0.000626771  -0.0400949  0.0183458  0.034819  
-0.000123587  0.00205773  4.78155e-05  -0.0497533  0.0538304  0.0434974  
-0.00468103  0.00123695  0.000700473  -0.0101924  -0.0923941  0.0199974  
-0.00408383  0.00147536  -0.000566347  -0.0347491  -0.0422262  0.0338771  
0.00262058  0.00184194  -0.00145202  -0.0626157  0.0174349  0.0176916  
-0.00239315  0.00149881  -0.00100661  -0.0336419  -0.0352166  -0.000362167  
-0.00486109  0.00240031  0.000493523  -0.0354375  -0.077452  0.0819121  
-0.000920615  -0.00224312  0.00195299  0.0188025  -0.0935378  0.0636456  
-0.000743413  0.00153674  0.000646591  -0.0250346  -0.0833586  0.0937937  
0.0027549  0.000928785  0.000206718  -0.0641386  0.0132647  0.00805977  
0.00342335  0.00303252  0.000472964  -0.0491297  0.00560133  0.0336528  
-0.00300747  0.00310124  0.000966397  -0.0714826  -0.123289  0.00353709  
-0.00408066  0.00316934  0.00143925  -0.0385132  -0.024032  0.107851  
-0.00590014  0.00209769  0.000966557  -0.0373371  -0.12558  0.118204  
-0.00576798  0.00127113  9.87739e-05  -0.0495145  -0.0951248  0.13474  
-0.00352187  0.00183343  0.000697919  -0.0251553  -0.054614  0.0573322  
-0.000502757  0.000825267  0.00111931  -0.0234959  -0.0645318  0.10063  
-0.00441212  0.00104052  0.00157926  -0.0200253  -0.0370816  0.0923205  
-0.00366194  0.000238968  0.00159015  -0.0163567  -0.076825  0.0263327  
-0.0028874  0.00183209  0.000794934  -0.0255084  -0.0946774  0.0131854  
-0.00429693  0.00368595  0.00106437  -0.0463638  -0.0839257  0.0820544  
-0.00565269  0.00155889  -0.000477762  -0.0514222  -0.0836874  0.135578  
-0.00512042  0.000959927  7.44897e-05  -0.0541842  -0.1006  0.128797  
-0.00454659  0.00248224  0.000987229  -0.0511454  -0.087024  0.0246599  
-0.00202582  0.00178147  0.00139685  -0.0207752  -0.00414585  0.157271  
-0.00251534  0.00146954  0.000797386  -0.0375134  -0.0814887  0.0623413  
5.1546e-05  0.00126636  -0.000140472  -0.0388823  -0.0750881  0.0878041  
-0.00099946  0.00255728  -6.93796e-06  -0.069536  -0.152572  0.155953  
-0.00253783  0.00374332  0.00259724  -0.0347182  0.0457566  0.043802  
-0.00645519  -0.000436251  0.00276993  0.0307188  -0.177378  0.202481  
0.0025202  -0.00193414  0.000796977  0.00463517  -0.00910785  0.0873952  
-0.00395783  0.00371858  0.000764156  -0.0645689  -0.0899658  0.0352446  
0.0030386  0.00145424  -0.000357279  -0.0418819  0.00362994  0.0350953  
-0.000146757  -0.000213405  -0.00208302  -0.029084  -0.0130561  0.0725403  
-0.00153948  0.00287601  0.000648067  -0.0494007  -0.0684122  0.0845454  
-0.00429355  0.00244265  -0.00020661  -0.0458211  -0.0514767  0.0262761  
-0.00190704  -0.00306155  -5.98856e-05  0.00485384  -0.0715756  0.0687533  
-0.00313392  0.000495565  -3.26459e-05  -0.0476727  -0.0625242  0.032143  
-0.00475192  -0.000941916  0.00117044  0.0155272  -0.0492791  0.0686925  
-0.00380339  0.00138657  0.00124329  -0.0299121  -0.112279  0.0739097  
0.00248316  -0.000916839  0.000828485  0.00014049  0.0440454  -0.0338343  
-0.00618944  0.00188668  0.00125931  -0.0374529  -0.16902  0.0847389  
-0.00267638  0.00172104  -2.53517e-05  -0.0326392  -0.0648676  0.0138888  
-0.00323321  0.00151508  0.000548869  -0.0437106  -0.0859356  0.047183  
-0.00510669  0.00175026  0.000562085  -0.0412383  -0.105186  0.122807  
-0.0030325  0.00127923  -0.00117012  -0.0450402  -0.0896519  0.0308228  
-0.00401817  0.0012952  -0.000748278  -0.0463886  -0.0612502  0.0595172  
-0.00448471  0.00301558  -0.000436581  -0.0264998  -0.0596396  0.106482  
0.00439626  -0.000424027  -0.00121187  -0.00106632  0.0451433  0.0105725  
-0.00401668  0.000863998  -0.00121668  -0.022803  -0.121741  0.0590707  
-0.00514858  -0.00207136  -0.000872114  0.0128708  -0.163777  0.0948993  
-0.00515788  0.000908253  0.00106319  -0.0176442  -0.154241  -0.0140268  
-0.00695375  0.00191297  0.000530771  -0.0429817  -0.217004  0.145164  
-6.76387e-05  -0.000511634  0.00117697  -0.00070833  0.00706082  0.0855611  
-0.00423201  0.00204593  -0.000654452  -0.049889  -0.147847  0.0195531  
-0.00316268  0.0019826  -0.000438871  -0.0289094  -0.000732333  -0.0261921  
-0.000705221  0.000325187  -0.00134092  -0.0255502  -0.0592961  0.0753245  
-0.00566607  0.00099459  0.00012401  -0.0582846  -0.077774  0.0745121  
0.00389167  -0.00173316  -0.000485972  0.016654  0.0316365  0.00720196  
-0.000742212  0.000248073  0.000816171  -0.00108597  -0.108898  0.107902  
0.00246444  0.00172679  -0.000134971  -0.0472165  0.0170176  0.0180124  
-0.00268711  0.00264247  0.000324628  -0.0610369  -0.0603528  -0.00882953  
-0.00383788  0.00182698  -9.88621e-05  -0.0528344  -0.0777784  -0.00443151  
-0.00373677  0.002295  0.000554598  -0.0645318  -0.0835435  0.00729831  
-0.00305464  0.00298961  0.000687005  -0.0556639  -0.0332133  -0.0113965  
-0.00686778  0.000552286  0.000319313  0.061545  -0.103567  0.10221  
-0.0129561  -0.00159666  0.00246467  0.0385175  -0.196793  0.131351  
-0.00709475  -0.00177979  0.00111584  0.00198922  -0.122853  0.101945  
-0.00346873  -0.000297013  0.00170978  0.00207488  -0.0380658  0.0354648  
-0.00499292  0.000102457  0.00130383  0.012029  -0.118009  0.0376847  
-0.00609046  0.00255591  0.000384658  -0.0705904  -0.0848722  -0.00669538  
-0.00618132  0.0029084  6.74814e-06  -0.0680583  -0.164542  0.0900253  
-0.00385441  0.0036657  0.000324503  -0.0852062  -0.086241  0.0225747  
-0.00690196  0.00317999  -8.8209e-05  -0.0647649  -0.0682862  0.0422251  
-0.00444315  0.0019717  0.000722422  -0.0709211  -0.0479323  0.0192031  
-0.00652107  0.00182981  0.000111674  -0.0464331  -0.0545227  0.0351961  
-0.00804221  0.00163008  4.50675e-05  -0.0656843  -0.0935213  0.0158217  
-0.00868963  0.00382877  -0.000130198  -0.0872624  -0.146542  -0.00412993  
-0.0101157  0.00474806  0.000194529  -0.072039  -0.173355  0.00475894  
-0.00710674  0.00219864  -0.000496248  -0.0545212  -0.074279  -0.0272551  
-0.00423382  0.00220858  -0.000950936  -0.0614635  -0.0562245  -0.036082  
-0.00718903  0.00385999  -0.000194329  -0.0934564  -0.119578  -0.0137489  
-0.00444008  0.0025422  -0.000583682  -0.0364406  -0.0884908  -0.022401  
-0.00339417  0.00167082  -0.000152481  -0.0277929  0.000559058  -0.07625  
-0.00418395  0.00196161  0.000400865  -0.00737541  -0.0583032  -0.0403093  
-0.00577443  0.00314897  -0.000406824  -0.0428913  -0.0562236  -0.0874799  
-0.00582547  0.00225022  -9.50181e-05  -0.0379363  -0.0781071  -0.0443567  
-0.0023993  0.00234176  -0.000932681  -0.0346585  -0.0259698  -0.0753494  
-0.004088  0.00205198  -0.0011207  -0.052668  -0.042955  -0.0754696  
-0.00856303  0.0030714  0.000135689  -0.0645076  -0.138596  -0.00084423  
-0.00374964  0.00203022  -0.000574606  -0.041743  -0.0585446  -0.0784487  
-0.00792474  0.00237885  0.000227779  -0.0340705  -0.0711906  -0.0175491  
0.00178776  0.00121229  -0.0014493  -0.0302208  -0.0123165  -0.0469621  
-0.00452564  0.00281589  -0.000582702  -0.0583063  -0.077358  0.0109227  
-0.00813112  0.00417712  0.0010312  -0.0565985  -0.118998  0.00917592  
-0.00788861  0.00427091  -1.30685e-05  -0.0819349  -0.138255  0.0379196  
-0.0077503  0.00388257  5.54182e-05  -0.0675571  -0.0935601  0.0175196  
-0.0079604  0.00379194  -0.000339267  -0.0678229  -0.149595  0.0493954  
-0.00475088  0.00370347  0.00049013  -0.0715946  -0.0655123  -0.0285909  
-0.00575684  0.00387696  0.000928641  -0.0557027  -0.0929171  0.0213373  
-0.00549111  0.00204178  0.00150997  -0.00736681  -0.0938401  0.0102168  
-0.00676457  -4.51465e-05  0.00144178  0.00466133  -0.121462  0.0310599  
-0.0056207  0.000737852  -0.000491859  -0.0171337  -0.0537949  -0.00123549  
0.00302445  -0.00194216  -0.00072719  0.0337229  0.0981157  -0.0546184  
-0.00287467  0.00146386  0.000636547  -0.0138651  -0.046548  -0.1318  
0.00239506  -0.00133662  -0.00118051  0.0172992  0.0689537  -0.0920052  
0.00264541  -0.00155294  -0.000695348  0.026051  0.055061  -0.0227733  
-0.00549628  0.00140026  -0.000253099  -0.00947911  -0.0490933  0.0276129  
0.00225673  -0.00132687  -0.00113451  0.0135072  0.0323266  -0.0861885  
-0.00303702  0.00152586  0.000657336  -0.013313  -0.0253357  -0.0750497  
0.00571395  -0.00175316  -0.00130259  0.0380526  0.0794141  -0.0918016  
0.00392485  -0.000481071  -0.000903754  0.0235389  0.099455  -0.055015  
0.00165933  -0.00105811  -0.000660171  0.0206416  0.0260996  -0.18562  
-0.00332056  0.00223135  0.000124106  -0.0245233  -0.136138  -0.0646865  
-0.00623532  0.00319687  0.000625958  -0.0423588  -0.079708  0.00665969  
0.00333402  0.000671785  -0.00124085  -0.0323418  0.0190167  -0.0543504  
-0.00571218  0.0027388  8.74998e-06  -0.0446895  -0.0667492  0.0309049  
-0.00273321  0.00229403  -0.000845038  -0.0411747  -0.0689492  -0.0262477  
-0.00359241  0.0033125  -0.000739924  -0.0671878  -0.116837  -0.0258288  
-0.00703344  0.000279477  -0.00139039  -0.026216  -0.0917346  0.0193597  
-0.00574885  0.00103464  -0.000963524  -0.0459179  -0.115422  0.0493852  
-0.00697479  0.0030025  -0.000510483  -0.0671219  -0.0956879  0.0535314  
0.000422456  0.000215935  -0.00220686  -0.015309  -0.0458012  0.112026  
0.00453796  -0.000174601  -0.00199275  -0.0019978  0.0724973  -0.0521597  
0.000421302  0.000594696  -0.0013471  -0.0333303  0.0204354  -0.125751  
-0.000120939  0.00108131  -0.000432058  -0.05761  -0.0841031  -0.123088  
-0.00900268  0.00286396  0.00162633  -0.0584362  -0.177671  0.0507422  
-0.00304767  0.00108013  -0.000643541  -0.0140454  -0.0549085  0.00350318  
-0.00401027  0.00179377  -0.000622772  -0.046749  -0.0929112  0.0390585  
0.00313706  -0.00235105  -0.0010521  0.0297172  0.0638096  -0.195851  
-0.0066899  0.00177773  0.00181045  -0.04345  -0.136626  -0.0177788  
-0.00811136  0.00443035  0.00110085  -0.0368009  -0.17179  0.0653363  
-0.00429084  0.00203205  0.000397285  -0.0157938  -0.019605  -0.011101  
-0.0026682  0.000738813  -0.0014136  -0.0141718  -0.0998751  0.0342315  
-0.00626796  0.00137075  -5.11974e-05  -0.0236723  -0.0732739  0.0751845  
-0.00501006  -0.000637615  0.00131454  0.019348  -0.133544  -0.00925558  
-0.00582538  0.00116657  0.00126168  -0.00855542  -0.0826575  0.0135267  
-0.00384015  0.0014926  0.000857587  -0.0229429  -0.076221  0.00307443  
-0.00199349  0.00196206  -0.000161127  -0.0203018  -0.0299551  -0.0428017  
-0.00723891  0.00212205  0.000887917  -0.0206018  -0.0859704  0.0279657  
5.74829e-05  0.00182431  7.47727e-05  -0.0286968  0.0380431  -0.0742682  
-0.00536591  0.00237173  0.000440838  -0.0345868  -0.0797372  0.0216733  
-0.00604338  0.0031063  0.00151951  -0.0387915  -0.0499292  0.0185491  
-0.00547969  0.00525116  0.000318142  -0.069834  -0.0423113  0.000103063  
-0.00617374  0.00265646  0.000909225  -0.0554918  -0.0498898  0.0313985  
-0.00533186  0.00130504  0.000858263  -0.0285017  -0.048514  0.0547825  
-0.00416432  0.00109116  0.00135696  0.0357602  -0.021592  -0.0109856  
-0.000203441  -0.0038742  0.000328874  0.0338517  0.0819374  -0.0496855  
-0.00316391  -0.000192969  0.0015378  0.0112563  -0.00143097  -0.0830574  
-0.00217396  0.00173958  0.00144512  -0.00146782  -0.0291761  -0.1446  
-0.00660007  0.00233989  0.000328874  -0.0338393  -0.095489  -0.0362216  
-0.0083765  0.0037751  0.00132866  -0.0400951  -0.122599  -0.0140603  
-0.00626639  0.00320115  0.000983756  -0.0390878  -0.0636462  -0.0333917  
-0.0055013  0.00191421  0.000553005  -0.0114884  -0.0244017  -0.000172465  
2.78364e-06  0.00128502  0.000198189  -0.0254055  0.0882443  -0.113754  
2.78361e-06  0.00209352  0.000689037  -0.0182607  0.07507  -0.129365  
-0.00388494  0.00233286  0.000823358  -0.0430037  -0.0422463  -0.0558398  
-0.00736749  0.00216934  0.000832466  -0.0340039  -0.0456263  -0.0142574  
-0.00871447  0.00257384  0.000790035  -0.0327027  -0.149557  0.0420657  
0.0013824  0.002069  0.00138293  0.00302986  0.0476885  -0.0395924  
0.00338921  0.000974086  0.000616815  -0.0269638  0.0382  -0.048902  
0.000468628  0.00130865  0.00143566  -0.034772  -0.0251253  -0.153786  
-0.00730187  0.00311043  0.000685773  -0.0491329  -0.0772737  -0.0614221  
-0.00758988  0.00142833  8.75521e-05  -0.0371133  -0.080726  -0.0191543  
0.000268446  0.000355117  0.0016815  -0.000259239  0.0047366  -0.143209  
0.00242851  -0.00224573  -6.79816e-05  0.0240544  0.0101919  -0.120114  
-0.00517539  0.000118613  -6.47097e-05  0.0333696  -0.0485653  -0.00999244  
0.00426084  -0.000834103  0.000343148  0.0245599  0.0794228  -0.126326  
-0.00509901  0.00128633  -0.000148493  -0.0292925  -0.104802  0.0159827  
-0.0047489  -0.0010146  -0.000110892  0.0664227  -0.0739895  0.166661  
0.00362814  -0.00237439  -0.00012154  0.0231118  -0.04707  0.101297  
0.00948017  -0.00235355  -0.000401317  0.0371368  0.0157875  0.126764  
0.00122006  0.000332991  -0.00135068  -0.0303895  -0.17944  0.324642  
-0.00380271  0.00136193  -0.000123086  -0.0195974  -0.18104  0.282007  
0.00167566  -0.00128143  -0.00176242  0.00676098  -0.145976  0.26659  
0.00547169  -0.000436134  -0.00142125  -0.0202785  -0.127847  0.265651  
-0.000639815  0.000357936  -0.00121881  -0.00438212  -0.216418  0.22853  
0.0010983  -0.000135908  -0.000210708  0.0617618  -0.139116  0.223449  
0.00407547  -2.48806e-05  -0.000462974  0.0703451  -0.0168347  0.0951455  
0.00449271  -0.0022847  -0.000493773  0.0379887  0.0608449  0.0621446  
0.00333054  -0.00211079  0.000501155  0.0390981  -0.072384  0.0915209  
0.0119913  -0.00195798  0.00121812  0.0298634  0.0148124  -0.011807  
0.00345711  0.00142745  -0.000279865  0.007565  -0.0872806  0.0428767  
0.00340781  -0.000808992  -0.000160562  0.0601045  -0.0319397  0.0281544  
0.0058211  -0.0021949  -0.000521996  0.0544598  0.00426479  0.022503  
-0.00382763  3.21442e-05  0.000151899  0.0703835  -0.0964639  0.0721842  
0.00709893  -0.00375649  -0.00145262  0.0620957  0.0520973  -0.0749686  
0.00543778  -0.00227731  -0.000460864  0.0288816  -0.00342361  -0.0714744  
-0.00231749  0.00280898  0.000615257  -0.017132  -0.107497  0.0366966  
-0.00243772  0.00159199  0.00123572  0.00484384  -0.0367848  -0.0363505  
-0.00320828  0.000811287  0.00152177  0.0119541  -0.0829501  -0.0281874  
0.00324515  0.000123194  -4.22468e-05  0.0526602  0.0304707  -0.031296  
-0.00558852  0.00298814  0.00129865  -0.0356233  -0.116338  0.00164302  
-0.00580197  0.00283767  0.00108623  -0.0400355  -0.0641637  0.00303564  
-0.00437542  0.00211431  0.000742921  -0.0349298  -0.086779  -0.0598442  
-0.00560671  0.00237962  0.000742921  -0.030103  -0.111559  0.00777655  
-0.00671278  0.00284438  0.00126671  -0.0248963  -0.123145  0.0616751  
-0.00363203  0.00164165  0.000992921  -0.0199051  -0.0915703  -0.0384791  
9.20074e-05  0.000812657  0.00136083  -0.0152649  0.0552274  -0.0963411  
0.00286015  0.000901526  0.00132299  -0.00309492  0.0569461  -0.0963534  
-0.00435146  0.000725747  0.00208787  0.00186175  -0.100286  -0.118928  
-0.0166826  -0.000170677  0.00294483  0.0270293  -0.236571  0.166204  
-0.00798352  -0.00100959  0.00120682  0.0377717  -0.179688  0.0387651  
-0.00795028  -0.00066648  0.000318935  0.0294931  -0.192751  0.0237956  
-0.0106451  -0.000733272  0.000625607  0.0095009  -0.237222  0.118789  
-0.0030005  -7.91371e-05  -0.00130392  -0.000286821  -0.0466101  0.0307839  
-0.000336078  0.000921386  -0.00108793  -0.0373963  -0.142438  0.107609  
0.00557232  -0.00145858  -0.00154787  0.0306889  0.0171955  -0.000131625  
0.00288408  -0.0021748  4.381e-06  0.0348801  0.00553501  -0.0192176  
-0.00372183  -0.00184821  -1.64674e-05  0.034849  -0.0366904  -0.0498408  
-0.00230236  -0.0013581  0.00127678  0.0365895  -0.0145233  -0.0216088  
0.00242785  -0.00266428  -0.000498637  0.0308288  0.0556013  -0.0624709  
-0.00497707  0.00094245  -0.000717479  -0.0289264  -0.0367459  -0.00263532  
-0.00286546  0.00310505  0.00114604  -0.0420684  -0.0504297  -0.0433168  
-0.00589372  0.00372644  0.00120732  -0.0395058  -0.101716  0.0368321  
0.00324777  0.00136796  0.0011003  -0.0104392  0.0296275  -0.0201235  
-0.00364147  -0.000333744  -0.000367838  0.0581156  -0.0311685  -0.0443564  
4.10675e-05  0.000467678  0.00165702  0.000110585  0.0392252  -0.145084  
-0.000754593  0.000794299  0.00237056  -7.52086e-05  0.0197823  -0.092793  
0.00539191  0.0001208  0.00144162  0.0173998  0.145117  -0.0936381  
-0.00279197  0.00315677  0.000996646  -0.0388411  -0.0618025  -0.0296156  
0.00251323  0.00211585  0.000531532  -0.020209  0.0162759  -0.0284616  
0.00157621  0.00150463  0.00136416  0.0119296  0.0413056  -0.0188551  
0.00476235  0.000952459  0.000776501  -0.0149747  0.0310501  -0.0416825  
0.00153478  0.00138226  0.000953558  -0.00235586  0.0852488  -0.0669208  
-0.00304449  0.0024505  0.00121245  -0.0155447  -0.00413164  -0.0459736  
0.00189753  -0.000968223  0.000734856  0.025699  0.04578  -0.0954866  
0.000639351  0.000937851  0.00107356  -0.0345343  0.0405386  -0.103453  
0.00287231  -0.000651822  0.000740774  0.00910942  0.107149  -0.0602786  
0.00391632  -0.000546765  0.00103427  0.0117472  0.0820871  -0.0874518  
-0.00722541  -0.00179576  -0.000816051  0.0322651  -0.0797867  -0.0688326  
-0.00499113  0.0011231  0.00110329  -0.0119881  -0.0811392  -0.0350116  
0.00575914  -0.00290578  -0.000724738  0.0442456  0.107244  -0.105502  
-0.000859983  0.000385586  0.00210657  -0.00244844  0.028897  0.0382571  
-0.00390549  0.00166507  -9.82785e-05  -0.0151358  -0.0575326  -0.0401617  
0.000129475  -0.00117883  -0.00115828  -0.00505452  0.0728  -0.115658  
-0.0044924  0.00217758  0.000942289  -0.0324936  -0.00228242  -0.0714136  
-0.00362776  0.00159869  -5.19767e-05  -0.00721835  -0.0284621  -0.068754  
0.00267903  -0.00012738  -0.00102201  -0.00967265  0.064338  -0.0964605  
0.000986416  0.000460585  -0.00107391  -0.0300257  0.00593731  -0.132765  
-0.00417072  0.00251641  0.000910775  -0.028815  -0.089389  -0.0537898  
-0.00881514  0.00313488  0.00140063  -0.0514973  -0.124439  0.0480808  
-0.00363359  0.0022047  0.00105902  -0.0304991  0.00777386  -0.0470278  
0.00133642  0.00247311  0.00151407  -0.0258053  0.039119  -0.0739264  
-0.00635644  0.00243522  0.00119787  -0.0223552  -0.075508  -0.0431733  
-0.0049397  0.00286248  0.000837631  -0.0282327  -0.043522  -0.0508241  
-0.00520664  0.00378203  0.000461686  -0.0476691  -0.0564663  -0.0473451  
-0.00290969  0.00301798  -0.000220005  -0.0296538  -0.00456713  -0.0546274  
-0.00188873  0.00386698  0.000346458  -0.0344747  -0.000524332  -0.0329833  
-0.003188  0.00373699  0.00055106  -0.0559604  -0.0468568  -0.056533  
-0.00596363  0.00351979  0.000626751  -0.041386  -0.0790966  -0.0393948  
0.00511195  0.00180114  0.000108195  -0.00896255  0.125602  -0.112751  
0.00307022  0.00229798  0.000982493  -0.0379367  0.00732915  -0.0982502  
-0.00293946  0.00314969  0.00122362  -0.0228517  0.0390348  -0.0464763  
0.00238452  0.00278948  0.000885972  -0.0146126  0.00698425  -0.0451745  
0.00882382  0.00133995  0.00212128  -0.0139638  0.0483897  0.046302  
0.00557323  0.000756666  0.00180684  0.0233724  0.100411  -0.102997  
0.00464726  0.00159397  -0.00039716  -0.021436  0.0252005  -0.0471055  
-0.000309515  -0.000793521  -0.000346143  0.0767431  -0.0926986  -0.0977769  
0.0043205  -0.00256789  0.000950804  0.0946739  -0.0103106  0.000916035  
0.00359688  -0.00246583  0.00210072  0.0852376  0.0273468  -0.00662637  
0.00549746  -0.00419865  0.00161565  0.0977727  -0.024043  0.0340062  
0.00416064  0.00126432  0.00153123  0.0348792  0.0138726  -0.124502  
0.00771625  -0.00410055  -0.000328816  0.0701353  0.024835  -0.00985357  
0.00648164  -0.00539556  0.000231835  0.0784638  -0.00760202  -0.0160678  
0.0100239  -0.003216  0.000708119  0.047223  -0.0367385  0.0422961  
0.00299013  -0.000666841  0.00181354  0.0299818  -0.0475164  0.00396013  
-0.00464515  -0.000407208  0.00268728  0.0587184  -0.0569888  -0.000712655  
0.00462455  -0.0019691  0.00149565  0.0676092  0.0486286  -0.0276918  
0.00450693  -0.000276  0.00163164  0.0315567  0.087469  -0.104064  
-0.00688136  0.00099182  0.00163462  0.0115292  -0.139836  0.0184854  
-0.00513112  0.00013726  0.00136634  0.0367466  -0.183259  0.117167  
-0.000229349  -0.000425104  0.00126868  0.00488072  -0.0965665  -0.0998878  
0.00313938  -0.000273231  0.00149172  -0.00237497  -0.0156966  -0.0284864  
-0.00246691  -0.000617425  0.00118791  0.0257631  -0.0176678  -0.068101  
-0.00178242  -0.00159958  0.000702016  0.0373202  -0.0935524  0.0126313  
0.00330342  -0.00112914  0.000959575  0.0700139  0.0650129  -0.0864271  
0.00441652  -0.00157976  5.11297e-05  0.0460698  0.0292498  -0.0269457  
0.0059811  -0.00182997  0.000125926  0.0592249  0.0606309  -0.0813799  
0.00308186  0.0014986  0.00106118  0.0137379  0.0375402  0.0390724  
-0.00591649  0.00228175  0.000485656  0.00571196  -0.0716354  0.0721681  
-0.00348822  -0.00230195  -0.000978761  0.0425374  -0.067464  0.00210825  
-0.0038174  -0.00103685  0.000681129  0.0382175  -0.0779807  -0.0465679  
-0.00589935  0.000782482  0.00109191  0.0160474  -0.111375  0.0188468  
0.00182153  0.00212819  -0.00143484  -0.0245569  0.0447339  -0.0565221  
-0.0021608  0.00362799  0.000350001  -0.0197766  -0.0102283  -0.0620292  
-0.00803975  -0.000944592  0.000286844  0.0311748  -0.143689  0.0699793  
-0.00239819  -5.50636e-05  0.000659055  0.0665388  -0.0111784  0.0340518  
-0.00308771  0.001164  0.00121745  -0.00201889  -0.0543253  -0.00188556  
-0.00358257  -0.000386323  -2.48649e-05  0.040331  -0.0773926  0.059194  
0.00284464  0.00193815  -0.00093552  -0.0251569  0.000383533  0.0895771  
0.00407295  0.00224702  -0.000813759  -0.00302269  0.0302887  -0.0195391  
-0.003787  0.00389911  0.000601862  -0.0541055  -0.0830597  0.0444339  
-0.00540314  0.0019471  -0.000133306  -0.00574288  -0.145115  0.0757789  
-0.00695024  -0.000921885  -0.000762416  0.0253321  -0.116423  0.0514317  
-0.00378469  0.000489128  0.000396227  0.0489599  -0.0652918  0.0385514  
-0.00503126  -0.000339973  0.000988366  0.0286816  -0.0982228  0.0383208  
-0.00343243  0.000108656  -0.000161694  0.0402178  -0.0600735  0.00236791  
-0.00497444  0.00156787  0.000813972  0.00733215  -0.0594454  -0.00964762  
-0.00414064  0.00196552  0.000961869  -0.00300916  -0.0699424  0.00890811  
-0.00483363  0.00258154  0.000722113  -0.00677289  -0.0602419  0.0152636  
-0.00600125  0.00353787  -4.42189e-05  -0.0122802  -0.0803704  0.00574406  
-0.00339326  -0.00158253  0.00144813  0.0726006  -0.0166293  -0.0406154  
-0.00344682  -0.00053089  0.00050197  0.0716121  -0.0880216  0.00570352  
-0.00438582  0.000648234  0.00125692  0.0248878  -0.037804  -0.0646186  
-0.00441585  -0.000527963  0.000160056  0.0755235  -0.0948189  0.017309  
-0.00539556  -0.000706992  0.00072137  0.0777695  -0.13034  0.0371658  
-0.00532328  -0.000859754  0.000296549  0.0876046  -0.101415  0.11281  
-0.0018583  -0.00716296  -0.00262078  0.0842118  -0.248225  0.472688  
-0.0021944  -0.00700814  -0.00254908  0.0508963  -0.280342  0.457288  
-0.00213472  -0.00709796  -0.00232219  0.0719083  -0.284465  0.402908  
-0.000896596  -0.0075566  -0.00158874  0.0843027  -0.219742  0.322668  
8.11409e-05  -0.00633567  -0.00129256  0.0688178  -0.117193  0.0886073  
0.00125753  -0.00641644  -0.00171495  0.0670297  -0.083015  0.0297341  
0.00245258  -0.00623659  -0.00142341  0.0638643  -0.0304236  5.33143e-05  
0.00184575  -0.0064935  -0.00137898  0.0699634  0.0342094  -0.0264461  
0.00213879  -0.00640069  -0.00101577  0.0724079  0.0378802  -0.0180865  
0.00252743  -0.00668539  -0.00080202  0.0823211  0.0399681  -0.0178372  
0.00298152  -0.00662288  -0.000560362  0.0824985  0.0642138  -0.0466758  
