-0.0117877  -0.00535992  0.0213944  0.92301  0.014309  2.51337  
-0.0122814  -0.0052896  0.0215095  0.930225  -0.0347192  2.46056  
-0.0121645  -0.00516497  0.0216223  0.9271  -0.0397598  2.48659  
-0.0122853  -0.00522898  0.0215441  0.933863  0.0449804  2.51556  
-0.0122853  -0.00489615  0.0213423  0.908128  -0.0949292  2.43099  
-0.0114988  -0.00495669  0.0216255  0.87743  0.0141657  2.52453  
-0.00996201  -0.0047202  0.0208804  0.855655  -0.00719742  2.38693  
-0.00766459  -0.00565492  0.0198526  0.784867  -0.0974108  2.12372  
-0.00495581  -0.00522868  0.020307  0.816524  0.00895407  1.93567  
-0.00487573  -0.0057883  0.0208834  0.83362  -0.0750337  1.77707  
-0.00388331  -0.00606833  0.0206969  0.842989  -0.00313823  1.70874  
-0.00244461  -0.00625451  0.0204111  0.851887  0.150651  1.71158  
0.000766306  -0.00766282  0.021104  0.853258  0.149374  1.63558  
0.00273986  -0.00748754  0.0227266  0.877021  0.247848  1.68775  
0.00184403  -0.00758687  0.0217786  0.864411  0.225241  1.77595  
0.00275377  -0.00639812  0.0209342  0.851136  0.118353  1.6862  
0.00252711  -0.00755075  0.0212208  0.853487  0.0885393  1.62757  
0.00311831  -0.00705228  0.0213689  0.851199  0.180813  1.57944  
0.00386652  -0.00703102  0.0207778  0.829317  0.105001  1.49384  
0.00798232  -0.00703493  0.0206635  0.817718  0.21978  1.42896  
0.00616622  -0.00755515  0.0203407  0.814443  0.248943  1.53369  
0.00628624  -0.00777898  0.0201783  0.802672  0.132027  1.40089  
0.00505828  -0.00824778  0.0205604  0.844445  0.18015  1.4365  
0.00416106  -0.00777898  0.0213557  0.858871  0.0670731  1.51318  
0.0013391  -0.00816943  0.0208182  0.826141  0.150902  1.57064  
0.0018397  -0.00875311  0.020368  0.80004  0.0729196  1.49078  
0.000593884  -0.00828772  0.0210798  0.839846  0.114109  1.46422  
-0.000336956  -0.00755211  0.0220247  0.795049  0.0339485  1.32051  
6.77208e-05  -0.0080327  0.0204698  0.778556  0.170147  1.42992  
-0.000835431  -0.00887058  0.0200813  0.760691  0.148129  1.49698  
-0.00049885  -0.00879435  0.0199295  0.770921  0.103783  1.44893  
0.000294471  -0.00809801  0.0205935  0.792515  0.0345159  1.30723  
-0.000231184  -0.0076776  0.0204522  0.79227  0.0359915  1.29794  
-0.00183492  -0.00805556  0.0192337  0.754443  0.0921884  1.40455  
-0.0024846  -0.00756007  0.0191758  0.73716  0.00609862  1.30562  
0.00118844  -0.00653302  0.0196255  0.711599  0.0469291  1.24156  
0.000470809  -0.00666025  0.0187439  0.670728  0.148323  1.39016  
0.000946414  -0.00697334  0.0194084  0.74911  0.12323  1.47112  
-0.000277791  -0.00712338  0.019849  0.783199  0.0688166  1.39916  
-0.00142973  -0.00677114  0.0196727  0.731204  -0.00202898  1.23574  
-0.00302635  -0.00697334  0.0196514  0.755888  0.0339337  1.26601  
-0.00355593  -0.00674286  0.0195073  0.770538  0.0873963  1.3328  
-0.00259298  -0.00657317  0.0189391  0.726385  -0.015327  1.24639  
-0.00256111  -0.00671638  0.0182183  0.707571  0.0258219  1.12008  
-0.00287444  -0.00671638  0.018023  0.707476  0.0731743  1.11567  
-0.00264311  -0.00731032  0.0171218  0.696733  0.129165  1.22787  
-0.00178386  -0.00619247  0.016605  0.667938  0.0489292  1.21992  
-0.0019926  -0.00677639  0.0166415  0.681743  0.0960755  1.30378  
-0.0018665  -0.0063556  0.0169736  0.645319  -0.0165928  1.11382  
-0.00112418  -0.00749928  0.0161129  0.627893  0.104207  1.1421  
-0.0012277  -0.00712119  0.0166237  0.645695  0.0977624  1.17803  
-0.00142672  -0.0077801  0.0166178  0.645761  0.120877  1.19346  
-0.00303125  -0.00755788  0.0170538  0.63927  0.194761  1.37305  
-0.00177185  -0.0072042  0.0155673  0.579785  -0.00729572  1.29292  
0.000507486  -0.00688431  0.0154566  0.57351  0.0780287  1.21519  
0.00017802  -0.00713362  0.0155528  0.588039  0.0472834  1.43795  
0.000710409  -0.00818567  0.0158353  0.591833  0.00382266  1.31082  
-0.00114699  -0.00778084  0.0161337  0.585495  0.019006  1.28327  
0.00103712  -0.0071212  0.0167059  0.590798  0.0735409  1.13484  
-0.00193872  -0.00585627  0.0157186  0.562408  0.0589538  0.926712  
-0.00157823  -0.00678652  0.0142852  0.550211  0.16746  1.20252  
-0.00159103  -0.00691516  0.0148271  0.524278  0.0344147  1.13662  
-0.00226942  -0.00624094  0.0144699  0.487738  -0.00287188  0.935852  
-0.0026772  -0.00622965  0.0143353  0.493833  0.0182376  1.04296  
-0.00163659  -0.00649911  0.0144727  0.537604  0.0816613  1.35818  
0.000447845  -0.00618884  0.0140219  0.511121  0.0838541  1.05214  
-0.000739406  -0.00658537  0.014286  0.516799  0.077078  1.02054  
-0.00253274  -0.00658537  0.0143312  0.507201  0.0913894  1.08432  
-0.00263553  -0.00636134  0.0146026  0.507141  -0.00735306  0.868789  
-0.00413623  -0.00555163  0.0146589  0.506751  -0.0640466  0.700984  
-0.00480072  -0.00612459  0.0139772  0.536697  0.0544971  0.922948  
-0.00252522  -0.00658537  0.0135483  0.501006  0.0449658  0.953213  
-0.00207879  -0.00582506  0.0139359  0.455352  -0.055537  0.676547  
-0.00219865  -0.00563138  0.0134821  0.437337  0.0120421  0.596631  
-0.00413805  -0.00949236  0.0168795  0.645946  0.186125  0.890217  
-0.00363708  -0.00851012  0.0169686  0.600318  -0.0112971  0.725422  
-0.00386356  -0.0072706  0.0156532  0.532446  -0.0222616  0.664756  
-0.0035031  -0.007095  0.014416  0.484931  -0.017778  0.580027  
-0.00145149  -0.00603723  0.0138655  0.450509  0.0338826  0.60626  
-0.00137997  -0.0078489  0.013999  0.515262  0.168654  0.810235  
-0.0012206  -0.00697643  0.0138134  0.465358  -0.0297039  0.667263  
-0.00257684  -0.00633315  0.0137038  0.467722  0.0303759  0.589419  
-0.00373256  -0.00667488  0.0143616  0.462932  0.0308046  0.631175  
-0.00208442  -0.00667487  0.0130322  0.436271  0.105087  0.712885  
-0.00279123  -0.00735665  0.0129891  0.425521  0.0130623  0.681277  
-0.00314828  -0.00778004  0.0136512  0.467045  -0.0192582  0.622244  
-0.00301627  -0.00735665  0.0131678  0.45519  0.0761766  0.740288  
-0.00162955  -0.00766268  0.0131854  0.425046  0.0714677  0.724704  
-0.00172994  -0.00697949  0.0131477  0.450896  0.113123  0.824498  
-0.00352278  -0.00748033  0.0132283  0.47298  0.11948  0.902673  
-0.00316457  -0.00718825  0.0130344  0.426631  -0.00506299  0.747621  
-0.00277887  -0.00740419  0.0127313  0.426688  0.0237954  0.724126  
-0.0040135  -0.00748022  0.013485  0.454093  0.0251797  0.687202  
-0.0041135  -0.00703752  0.0136432  0.509466  0.0243556  0.689083  
-0.0034495  -0.00680293  0.0131974  0.459167  0.0215186  0.696412  
-0.00379633  -0.00704563  0.013061  0.452781  0.0986152  0.778568  
-0.00296261  -0.00674536  0.0129338  0.46325  -0.0244723  0.712252  
-0.00304887  -0.00546511  0.0118848  0.418617  -0.0183891  0.59804  
-0.00237186  -0.0055742  0.0110553  0.383705  0.135314  0.711125  
-0.000529876  -0.00585962  0.0112253  0.39515  0.0446099  0.684265  
-0.00144083  -0.00697871  0.010271  0.377843  0.128355  0.826891  
-0.00216136  -0.00652678  0.0103311  0.384432  0.0583911  0.802607  
-0.00229216  -0.007396  0.0102741  0.424411  0.0686321  0.815986  
-0.00131054  -0.00697871  0.0104243  0.417857  0.0350723  0.666073  
-0.00177345  -0.00780882  0.0121648  0.423803  0.074902  0.83165  
-0.00272823  -0.00810028  0.011959  0.514981  0.0512432  0.965267  
-0.00203312  -0.00803492  0.0112002  0.475944  0.127103  0.901188  
-0.000747218  -0.00826126  0.0114554  0.47683  0.0416829  0.755798  
0.00124691  -0.0072777  0.00902017  0.376325  0.0212104  0.579604  
-0.000649309  -0.00755063  0.00914458  0.369686  0.154414  0.740543  
0.00144137  -0.00661372  0.00964686  0.319055  0.053061  0.711666  
0.000117987  -0.00560137  0.0102174  0.340252  0.106097  0.582158  
0.000140681  -0.005364  0.00981421  0.327144  0.051525  0.533048  
-0.00151004  -0.00583048  0.0102941  0.354042  0.136109  0.648824  
-0.00154032  -0.00555938  0.0102941  0.319154  0.103666  0.607033  
-0.00116459  -0.00555938  0.0107348  0.353965  0.103224  0.624014  
-0.0014851  -0.00599235  0.0109492  0.36114  0.0842281  0.632228  
-0.00293433  -0.00534898  0.0105204  0.385224  0.121686  0.694552  
-0.00159973  -0.00496508  0.0114587  0.350202  0.0303147  0.544609  
-0.00229296  -0.00440867  0.011308  0.331839  0.0421588  0.552615  
-0.00221897  -0.00426286  0.0109792  0.316471  0.0934338  0.51298  
-0.00163342  -0.00376548  0.011795  0.408269  0.0851149  0.521733  
-0.00319651  -0.00388117  0.0112405  0.362253  0.181358  0.687577  
-0.00179669  -0.00393197  0.0112405  0.336787  0.0449814  0.611283  
-0.000196662  -0.00402824  0.0103031  0.297744  0.0163553  0.509977  
-0.00125447  -0.00387968  0.0116112  0.350718  0.0371808  0.384529  
-0.00214172  -0.00280556  0.0117477  0.350491  0.0624716  0.359868  
-0.00171162  -0.00255034  0.0109431  0.324818  0.110657  0.417678  
-0.00241368  -0.00312022  0.0107709  0.312591  0.0993679  0.406982  
-0.00119514  -0.00394436  0.0117477  0.333826  0.0572992  0.392899  
-0.000916809  -0.00368164  0.0113367  0.335154  0.0600232  0.321704  
-0.00217959  -0.00368411  0.00940707  0.297044  0.138318  0.349302  
-0.0028536  -0.00338032  0.00947049  0.285112  0.0482789  0.350574  
-0.00409587  -0.00360922  0.00963949  0.320014  0.101607  0.428197  
-0.00422803  -0.00315287  0.0101177  0.329222  0.0440008  0.407703  
-0.00228931  -0.00345135  0.00972106  0.29893  0.0439761  0.339923  
-0.00228998  -0.0040938  0.0092592  0.2882  0.152628  0.389303  
-0.00198753  -0.00399692  0.00867351  0.255573  0.0574392  0.279296  
-0.00277389  -0.00432729  0.00964198  0.271631  0.0708902  0.32119  
-0.00187837  -0.00347316  0.00894941  0.271464  0.0504831  0.255576  
-0.00238573  -0.00370492  0.00908672  0.271493  0.0848107  0.307118  
-0.00276062  -0.00340943  0.0093936  0.296518  0.0946243  0.302518  
-0.00246486  -0.00320289  0.00908899  0.285525  0.0255883  0.27088  
-0.00157481  -0.00324286  0.00805732  0.271281  0.169453  0.353113  
-0.00197988  -0.00399692  0.00849931  0.287436  0.0997139  0.338641  
-0.00170623  -0.00343191  0.00823031  0.27736  0.0456523  0.290321  
-0.00211904  -0.00295169  0.00890149  0.314452  0.0681915  0.298578  
-0.00389929  -0.00310544  0.00843322  0.331145  0.147646  0.338631  
-0.00412695  -0.00307821  0.00882169  0.33658  0.0791786  0.33254  
-0.00410056  -0.00248402  0.00894552  0.336863  0.140053  0.431014  
-0.00291643  -0.00248403  0.00889932  0.304663  0.0809533  0.303963  
-0.0017958  -0.00242796  0.00889932  0.301638  0.0495145  0.223335  
-0.00205722  -0.00280787  0.00987448  0.362018  0.173666  0.420362  
-0.00438928  -0.00248403  0.0100545  0.383939  0.0887631  0.387249  
-0.00293793  -0.00248402  0.00945263  0.343499  0.0287758  0.335759  
-0.00382991  -0.00248403  0.00962018  0.355775  0.0956551  0.47472  
-0.00272592  -0.00309301  0.00807544  0.337355  0.211273  0.647131  
-0.00108446  -0.00282956  0.00799682  0.324724  0.0935209  0.493236  
-0.000427758  -0.00215293  0.00656363  0.291674  0.0942175  0.405922  
-0.000882159  -0.00244327  0.00654124  0.272594  0.073466  0.361804  
-0.000493202  -0.0023023  0.00697222  0.291618  0.0678846  0.347309  
0.000298358  -0.00208274  0.00860658  0.330738  0.106717  0.41919  
-0.00168266  -0.00103324  0.00667244  0.260531  0.21151  0.605625  
-0.0013416  -0.000628186  0.00667244  0.258985  0.0388032  0.500145  
0.000928785  -0.000772154  0.00609318  0.244427  0.118962  0.418725  
0.00107554  -0.000958427  0.00629329  0.24488  0.0682823  0.384531  
0.00155034  -0.00132458  0.00605156  0.262961  0.25245  0.552846  
0.000730756  -0.00183314  0.0064738  0.27137  0.126094  0.430598  
0.000689161  -0.0013588  0.00620113  0.263062  0.0586616  0.353128  
0.000602692  -0.0013588  0.00667243  0.263131  0.0794212  0.315305  
0.00158474  -0.000903832  0.0070577  0.297978  0.199691  0.40308  
-0.000802006  -0.00165593  0.00696212  0.307766  0.232381  0.479299  
-0.00138643  -0.0013588  0.00669881  0.292287  0.0354489  0.431862  
-0.000634488  -0.00128533  0.00661304  0.292282  0.0543021  0.367646  
-0.000116781  -0.00130872  0.00638556  0.292261  0.0786149  0.346437  
-0.000305772  -0.0013588  0.00610311  0.281451  0.164915  0.418247  
-2.56909e-05  -0.00113525  0.00558613  0.244566  0.0890259  0.449573  
-7.13515e-05  -0.00100666  0.00552506  0.259259  0.246828  0.50042  
-0.000823889  -0.00132876  0.00595946  0.247271  0.119942  0.484899  
-0.000768656  -0.0011817  0.00614418  0.250603  0.0903699  0.375094  
-0.000863957  -0.00115507  0.00614418  0.267608  0.175267  0.44009  
-0.00014888  -0.00115615  0.0059791  0.259831  0.0810982  0.338706  
0.000590995  -0.000420791  0.00627341  0.248409  0.0859793  0.337956  
-0.000185192  -0.000984584  0.00541638  0.231361  0.191805  0.386566  
-0.000319603  -0.000556671  0.00553933  0.228632  0.0464209  0.290801  
-0.000769718  -0.000210477  0.00560341  0.228755  0.109056  0.307886  
-0.00133088  -0.000592121  0.00560341  0.224203  0.150959  0.300234  
-0.000640424  -0.000858464  0.00515046  0.201143  0.0403648  0.25214  
0.000169523  -0.000430366  0.00515046  0.204103  0.0975387  0.267053  
-0.00067287  -0.000846068  0.00496135  0.237062  0.282392  0.396282  
-0.000577176  -0.00121092  0.00543385  0.220628  0.0603417  0.351023  
-0.000211299  -0.000787237  0.00467977  0.176645  0.11034  0.288274  
-0.000594056  -0.000787237  0.00483838  0.180512  0.0848112  0.244154  
0.000552148  -0.000220015  0.00417771  0.146629  0.0561916  0.230901  
0.000488026  0.000225478  0.00419558  0.162046  0.146493  0.247781  
-0.00148032  -0.000787237  0.00383808  0.163624  0.175686  0.425835  
-0.00114993  -0.000787237  0.00451887  0.189383  0.0658428  0.459988  
-0.00136646  -0.00118872  0.00450447  0.201728  0.0888888  0.463793  
-0.000242093  -0.000701736  0.00435233  0.197741  0.076567  0.35623  
-0.000509966  -0.000787237  0.00492897  0.218443  0.139535  0.434017  
-0.00154952  -0.000719273  0.0047154  0.227396  0.101599  0.426529  
-0.00102477  -0.000604307  0.00516968  0.238319  0.114597  0.363884  
-0.000744033  -0.0001936  0.00453815  0.188225  0.10271  0.35944  
-0.000803394  -0.00032757  0.00494172  0.212794  0.11193  0.3594  
6.28214e-05  -0.000115874  0.00497674  0.21573  0.0833385  0.309351  
0.000106184  -0.000179203  0.00496586  0.23026  0.0853442  0.27926  
0.000690289  0.000290382  0.00453815  0.230152  0.111858  0.310774  
-0.000571636  0.000497801  0.00401956  0.205646  0.0987692  0.310666  
0.0018544  0.000290382  0.00358616  0.183215  0.110152  0.412179  
0.00102834  0.000290382  0.00413794  0.218478  0.0931266  0.385126  
0.000449854  0.000111557  0.00412941  0.210855  0.0597346  0.306342  
0.000451527  0.000290382  0.00443499  0.226315  0.0601122  0.287566  
0.000106817  0.000137093  0.00503728  0.246075  0.0464136  0.225597  
-0.000669815  0.000532763  0.00514899  0.237177  0.0443459  0.272205  
0.00123689  0.000179416  0.00482464  0.280009  0.208871  0.285254  
0.000614039  -0.000128805  0.00396673  0.238899  0.0838924  0.21425  
5.43648e-05  -4.41614e-05  0.00388616  0.218189  0.0197329  0.187422  
0.000181785  -0.000128805  0.00354479  0.190482  0.0225207  0.183962  
0.000163344  0.000559075  0.00405272  0.207047  0.0751454  0.210666  
-0.000609922  -0.000283956  0.00431924  0.231945  0.12425  0.21933  
-0.000784725  -0.000259108  0.00451839  0.219562  0.017122  0.167617  
-0.0010226  0.000195931  0.00434598  0.209089  0.0504619  0.25049  
-0.00328784  0.000269623  0.0051536  0.229538  0.213313  0.491766  
-0.00232853  -7.23809e-05  0.00483965  0.225316  0.0746373  0.449264  
-0.00216527  0.000103397  0.00449337  0.218741  0.0444974  0.276495  
-0.000842935  -7.33479e-06  0.00447322  0.200676  0.0191682  0.195102  
-0.000675582  0.000192589  0.00476296  0.240186  0.186115  0.383668  
-0.000768199  -0.000128805  0.00483437  0.213137  0.0772402  0.342535  
-0.000231574  -0.000128805  0.00507776  0.213155  0.0282266  0.241234  
0.000454041  -0.000128805  0.00491716  0.196955  0.0625658  0.202962  
-8.54675e-05  -0.000305762  0.00532371  0.216439  0.0362943  0.194312  
0.000256794  1.46089e-05  0.00590732  0.256167  0.0922124  0.325881  
0.00101193  -0.000333095  0.00538433  0.248348  0.16079  0.331585  
0.000561973  -0.00111634  0.0048572  0.248452  0.0791643  0.363621  
-0.00153867  -0.000821516  0.00499645  0.239365  0.107555  0.416113  
-0.00142295  -0.000742613  0.00468167  0.238985  0.0832687  0.355337  
-0.00167297  0.000881906  0.00426756  0.183271  0.00822129  0.292015  
-5.93565e-05  0.000802355  0.00422367  0.155108  0.0307625  0.251961  
0.000354965  0.000633696  0.00429231  0.159702  0.100828  0.355337  
0.00106968  -0.000193926  0.00311707  0.109524  0.179981  0.352578  
-0.000133919  -0.000866693  0.00311707  0.15869  0.297121  0.584685  
0.000221297  -0.000569004  0.00311707  0.148414  0.0943656  0.586459  
-0.000494111  -0.000549184  0.0028119  0.128084  0.0667693  0.453755  
0.000937059  -0.000579338  0.00270588  0.10911  0.0646044  0.333214  
0.00140594  -0.00025775  0.00301126  0.0987293  0.0740922  0.289425  
0.000986366  -0.00050278  0.00334085  0.125025  0.094642  0.306095  
0.000976576  -0.000340273  0.00307603  0.115304  0.0721019  0.338231  
0.00222937  0.000137679  0.00342701  0.13357  0.0251794  0.266334  
0.000640819  -0.000502816  0.00342523  0.151875  0.180555  0.428876  
-0.00185554  -0.000820615  0.00298527  0.154228  0.177916  0.537341  
-0.000669  -0.000640586  0.00351618  0.129936  0.0239266  0.3646  
0.000429738  -0.00104499  0.00434815  0.173353  0.043474  0.257456  
-7.34603e-05  -0.000716795  0.00446077  0.1698  0.0562689  0.210714  
-7.29762e-05  -0.000291801  0.00459846  0.167402  0.0579825  0.240533  
0.000127077  -0.000606492  0.00459846  0.195087  0.208376  0.597107  
-0.000442558  -0.000632413  0.00459846  0.154672  0.0741248  0.466606  
-0.000952589  -0.000213739  0.00380575  0.139365  0.0225165  0.296669  
-0.00179462  0.000303464  0.00389115  0.162229  0.0882398  0.35326  
-0.00200951  -0.000706486  0.00393225  0.216216  0.163674  0.672339  
-0.00121888  -0.000374434  0.00392892  0.167359  0.150367  0.638264  
-0.000210336  -0.000450868  0.00375149  0.147705  0.0123668  0.337713  
-0.000749161  -0.000399166  0.00408271  0.156134  0.0430923  0.303482  
-0.000590036  -0.000417031  0.00390378  0.158575  0.00250167  0.27685  
0.000414802  -3.95702e-05  0.00401681  0.169686  0.0643883  0.3014  
-0.000270542  -0.000308076  0.00314693  0.189968  0.0729135  0.459092  
0.00074743  -0.000152128  0.00312389  0.132757  0.0790786  0.361109  
-0.000692033  -0.00012221  0.00312389  0.127102  0.0952594  0.300616  
0.00061004  -0.000126228  0.00346949  0.151606  0.102096  0.396813  
-0.000124956  -0.000579292  0.0029528  0.151679  0.128432  0.471668  
0.000451462  -0.000565144  0.00370559  0.162029  0.0961584  0.413883  
0.000925201  6.99697e-06  0.00410371  0.151623  0.0331804  0.285061  
0.00204439  0.000463421  0.00449471  0.199172  0.113872  0.328683  
0.00217101  -0.000929364  0.00452484  0.24821  0.106553  0.404553  
0.00186037  -0.000364271  0.00365192  0.20294  0.033909  0.253181  
0.00133556  -0.000366303  0.00372732  0.186488  0.0338213  0.232539  
0.00105391  2.19864e-05  0.0035027  0.144307  0.132047  0.365103  
0.00152356  -0.00124574  0.00376191  0.169357  0.117538  0.446151  
0.00149313  -0.000929364  0.00401899  0.172989  0.0368457  0.405811  
1.40762e-05  -0.00012988  0.00469168  0.214646  0.149162  0.628918  
0.000211081  -0.00034093  0.00384431  0.198627  0.125151  0.526586  
0.000453434  -0.0013804  0.00310653  0.171292  0.133128  0.618274  
0.00279926  -0.000871604  0.00390339  0.167548  0.228631  0.70727  
0.00265519  -0.000200244  0.00332106  0.213671  0.136805  0.65893  
0.00156253  0.000157919  0.0040607  0.240979  0.187495  0.653846  
0.000975777  0.000207075  0.00353978  0.172473  0.045701  0.529122  
0.000916763  0.000452396  0.00307479  0.152748  0.0820135  0.435335  
0.000965123  0.000323028  0.00291042  0.123861  0.0878586  0.389749  
0.000479723  -4.67883e-05  0.00377646  0.160566  0.241192  0.575849  
0.00180757  0.000235912  0.00335218  0.126781  0.0260016  0.369173  
0.000382246  0.000235912  0.00358328  0.131471  0.122327  0.391031  
-0.000651164  -2.76592e-05  0.00376567  0.159352  0.201045  0.482881  
-0.000275531  0.000613463  0.00335672  0.129954  0.0697245  0.407252  
0.000803762  0.000598421  0.00292264  0.118288  0.128583  0.44707  
0.000103581  0.000530904  0.00320351  0.14588  0.075393  0.459888  
0.000317616  0.000299736  0.00329538  0.135521  0.0872552  0.34239  
7.41192e-05  0.000319988  0.00238324  0.0953588  0.0639364  0.345047  
0.000195151  0.000235912  0.00269342  0.114592  0.145782  0.373732  
-0.00109935  0.000235912  0.00293146  0.118442  0.175494  0.467616  
-0.00130689  0.000106261  0.00330578  0.122266  0.0364913  0.427942  
-0.0013752  0.000336981  0.00362548  0.137044  0.0169851  0.261379  
-0.000713283  0.000592703  0.00386993  0.177278  -0.00498879  0.161646  
-0.000591253  0.000880697  0.00341072  0.0714178  0.012401  0.209428  
-0.00111458  0.000235912  0.00382239  0.112775  0.25213  0.443992  
-0.000733239  -0.0001906  0.00374051  0.137212  0.0313464  0.284224  
-0.000482007  4.87649e-05  0.00358526  0.0700055  0.0320488  0.274003  
0.00062694  0.000914758  0.00102149  -0.0919297  0.102286  0.24887  
0.000167361  0.000261744  0.000665991  -0.0155421  0.129625  0.260423  
-8.01745e-05  7.61645e-05  0.000931177  -0.0112645  0.0367607  0.345459  
-0.00079004  0.000298152  0.000511287  -0.0279348  0.0398312  0.295451  
-0.000412011  0.000542519  -0.00014193  -0.0474034  0.0279425  0.237084  
-0.000432417  0.000461921  -5.35712e-05  -0.034828  0.065456  0.115471  
-0.00162941  0.000218294  5.87357e-05  -0.0231917  0.0466245  0.127162  
-8.49878e-06  0.000263055  0.000561663  -0.013385  -0.0394861  0.10942  
-0.000293336  0.00077882  0.000695001  0.00636276  -0.00673502  0.0727136  
-0.00156907  0.000106286  0.000989239  0.00943719  0.234477  0.153951  
-0.00365074  0.000153924  0.0016934  0.0625551  0.0206735  0.218059  
-0.00208365  0.000413942  0.00138089  0.0354989  0.0240813  0.112416  
-0.00223905  0.000533336  0.00101487  0.0115051  0.0435045  0.05845  
-0.00237045  0.001138  0.000556169  -0.00909275  0.0428492  0.0289888  
-0.00271047  0.000876794  -1.14987e-05  -0.0353973  0.0307909  0.0583741  
-0.00190585  0.00101306  0.000444658  -0.0141801  -0.023812  0.018634  
-0.00101728  0.00101306  0.000412169  -0.0117657  -0.0253135  -0.0678984  
-0.00171288  0.00101306  8.26057e-05  -0.00300354  0.0807864  0.0151817  
-0.00128662  0.00101306  8.26057e-05  0.000597283  -0.0366209  -0.0215907  
-0.000563282  0.00076562  0.000402863  0.0303818  0.0769695  -0.0289351  
-0.00208865  0.000344905  0.000833798  0.0351244  -0.0099399  0.0331504  
-0.000743656  0.000650736  0.000405551  0.00140752  0.0471331  0.0395339  
-0.0010917  0.000344905  -2.11296e-05  -0.00409361  0.0641517  0.0599708  
0.000818451  0.000344905  0.000368552  0.0114203  0.0882296  -0.0158785  
-0.00114714  0.000344905  0.00024855  -0.0170196  0.0357461  0.0552737  
-0.000832162  0.000705785  0.00024855  0.00927473  0.0513728  0.0966996  
-0.00128593  -0.00023229  0.00024855  0.0144464  0.0825393  0.138322  
-0.000302587  0.000227322  0.000531231  0.0262809  0.00513642  0.0646436  
0.000130815  1.53959e-05  -1.18174e-05  -0.00295415  0.00337284  0.0026001  
-0.00125106  -4.00544e-05  -3.36146e-05  0.0280705  0.138045  0.0979782  
-0.00144278  9.79222e-06  -0.000852814  -0.0630393  0.00707128  0.0566663  
-5.97308e-05  -0.000520308  -0.000181568  -0.000293746  0.0933324  0.112846  
-0.00135122  -0.000520308  -0.000128668  -0.0273005  0.0176037  0.0656154  
-0.000392931  0.000267433  -0.00023463  -0.0359664  0.00918079  0.090591  
5.3566e-05  -0.000520308  -0.000560833  -0.0277889  0.0680352  0.073576  
0.000699886  -0.000520308  0.000420586  0.0305112  -0.00321126  0.0178315  
-0.00018603  -0.000982069  0.000729714  0.0597024  0.174258  0.180231  
0.000451098  -0.00106981  0.000888162  0.0731637  -0.0362699  0.0506965  
0.000123967  -0.00108031  0.00107116  0.0654736  0.0502564  0.026685  
0.000370416  -0.0003534  0.000845475  0.0394832  -0.0168391  0.0629685  
0.000149606  -0.000791658  0.000292621  0.0427715  0.0283767  0.0339843  
0.0011963  -0.00275598  0.000863236  0.0656088  0.094328  0.00766261  
-0.000526089  -0.000695936  0.00215311  0.10313  0.0833922  0.114435  
-4.61824e-05  -0.000880778  0.00152544  0.0896153  0.0537194  0.052877  
0.000342942  -0.000808869  0.00155708  0.107026  0.0902735  0.162888  
9.7873e-05  -0.00214396  0.00165622  0.137356  0.136252  0.379829  
0.000741142  -0.00170872  0.00202258  0.118313  0.0703321  0.332102  
0.000338955  -0.00165044  0.00173585  0.113547  0.0876375  0.298557  
0.000443977  -0.00126  0.00202449  0.118238  0.0622684  0.181009  
-0.000832549  -0.00165044  0.0019417  0.132533  0.14281  0.297502  
-0.000240063  -0.00154933  0.00196595  0.0911555  0.00672886  0.207243  
-0.000985942  -0.00165044  0.00210679  0.0910287  0.0597622  0.138709  
-0.000563399  -0.00165044  0.00266767  0.107517  0.0238579  0.173548  
-0.000993652  -0.00203241  0.00310301  0.164027  0.107735  0.256859  
-0.000824895  -0.00174451  0.0027837  0.135286  0.120983  0.288825  
0.000352528  -0.00151617  0.0027837  0.102036  0.0282734  0.12332  
-0.000470241  -0.00135509  0.0027837  0.123898  0.10341  0.168287  
-4.91569e-05  -0.00174346  0.00235588  0.115015  0.112013  0.198833  
-0.000466243  -0.00208872  0.00251574  0.125691  0.211765  0.314717  
-0.000342908  -0.00208872  0.00236948  0.105515  0.0432091  0.257281  
-1.78029e-05  -0.00175579  0.00225314  0.0961009  0.0541016  0.177672  
0.00172686  -0.00208872  0.00249123  0.0574457  -0.000956642  0.167455  
0.000967139  -0.00195808  0.00235671  0.0933301  0.119741  0.181319  
0.000454155  -0.00208872  0.00230475  0.0966717  0.0786307  0.191543  
0.000509595  -0.00166029  0.00235663  0.106191  0.0621938  0.205138  
-0.000164637  -0.00177811  0.00229067  0.107719  0.0590783  0.192929  
0.000772401  -0.00208872  0.00263336  0.0978123  0.0123917  0.0661923  
0.00109264  -0.00142726  0.0021556  0.113538  0.0611602  0.292815  
-0.00299624  -0.00352205  0.00219141  0.215783  0.429425  1.56567  
-0.00135734  -0.00412969  0.00286688  0.23882  0.0712066  1.12647  
-0.000182255  -0.00374355  0.00271565  0.207406  0.0497169  0.871609  
-0.000458532  -0.00551948  0.00237152  0.233112  0.249138  0.841422  
-0.000850424  -0.00448205  0.00201041  0.157327  0.0567599  0.659023  
-2.5264e-05  -0.00408745  0.00201041  0.140107  0.0772902  0.648993  
-0.000171755  -0.0038713  0.00238554  0.137069  0.0847182  0.522039  
0.00224294  -0.00319633  0.0020641  0.0996156  0.0241852  0.412704  
0.00357034  -0.00379892  0.00237884  0.0520687  0.162423  0.360214  
0.00265139  -0.00338324  0.00174453  0.0703217  0.128655  0.414666  
0.00341665  -0.0033632  0.00159524  0.0519742  0.0544337  0.374731  
0.0027724  -0.00479309  0.00170915  0.0585146  0.223963  0.591816  
0.00234338  -0.00432754  0.00211863  0.0301401  0.0608012  0.387207  
0.000715419  -0.00328478  0.0015859  0.00339708  0.0729069  0.246542  
0.00219712  -0.00358711  0.00183074  0.0257569  0.021449  0.203136  
0.00276667  -0.00358711  0.00178619  0.0261201  0.0875727  0.193237  
0.00252883  -0.00459933  0.00121057  0.0614225  0.195514  0.223735  
0.00301384  -0.00480395  0.000617079  0.0284742  0.146964  0.271855  
0.00418912  -0.00480395  0.00144904  0.0271745  0.0556416  0.306364  
0.00336294  -0.00471637  0.00164696  0.0341118  0.0682156  0.215329  
0.00420807  -0.0040023  0.00129684  0.0299765  0.0608797  0.0696165  
0.00337157  -0.00405212  0.000852667  0.0366028  0.113232  0.165172  
0.00207985  -0.00466718  0.00104965  0.0168749  0.0403536  0.159403  
0.00206811  -0.00519612  0.0012552  0.030434  0.138836  0.206948  
0.00384938  -0.00451843  0.0010898  0.0115245  0.0771181  0.176545  
0.00447999  -0.00425681  0.00140155  0.0143808  0.134131  0.12556  
0.00314477  -0.00433551  0.00296466  0.0265696  0.116742  0.162169  
0.00348769  -0.00474743  0.00191603  -0.00509036  0.0265016  0.149845  
0.0042086  -0.00421481  0.0015028  -0.0211783  0.0746  0.0641348  
0.00577097  -0.00488225  0.00121641  -0.00166001  0.0537622  -0.0145972  
0.00483122  -0.00474078  0.000924296  -0.0114773  0.173451  0.0764069  
0.00530232  -0.00510668  0.00120505  -0.00933693  0.0362242  0.0275227  
0.00506881  -0.00474078  0.000662619  -0.0340563  0.205838  0.170144  
0.00619384  -0.00474078  0.000450983  -0.0418437  0.0344272  0.122359  
0.00523208  -0.00415211  0.00032125  -0.041906  0.0416551  0.0508351  
0.00489199  -0.00468363  -3.37444e-06  -0.0419116  0.130141  0.0384759  
0.00147038  -0.00528642  -0.000107187  -0.0160422  0.263506  0.397586  
0.00432699  -0.00481588  3.89513e-05  -0.0459916  0.0621992  0.302361  
0.00495955  -0.00481588  -0.000107187  -0.0487477  0.0872944  0.23149  
0.00304018  -0.00481588  -0.000362855  -0.0829324  0.0812661  0.15512  
0.0041948  -0.00509782  -0.000663569  -0.12076  0.0468097  0.149956  
0.00413838  -0.00447818  -0.000392439  -0.0905357  0.0126847  0.131204  
0.00274942  -0.00481588  -4.807e-05  -0.0810724  0.098814  0.0278586  
0.00453271  -0.00531997  0.000757901  -0.0540698  0.0395486  -0.0407149  
0.00346951  -0.00551369  2.65122e-05  -0.0606824  0.124289  0.0549885  
0.00406341  -0.00546007  0.00105553  -0.0283433  0.0772249  0.00919464  
0.00221316  -0.0054806  0.000454423  -0.0377426  0.166767  0.0592316  
0.00141934  -0.00515041  0.00081421  -0.0378128  0.103702  -0.0338861  
0.00327118  -0.0044573  0.00081421  -0.0454034  0.0157267  0.0218772  
0.00370131  -0.00469278  0.000927149  -0.0097733  0.0444338  0.0147949  
0.00303766  -0.00436966  0.000117652  -0.0359362  0.171762  0.258708  
0.00454252  -0.00421188  -7.5821e-05  -0.0668759  0.0669048  0.131726  
0.00448616  -0.00477091  0.000342071  -0.0222763  0.242328  0.257421  
0.00232626  -0.00450942  0.000242397  -0.0448597  0.0368374  0.160298  
0.00586853  -0.00411406  -0.000164097  -0.080262  0.0766674  0.0584889  
0.00693473  -0.00443329  -0.00148873  -0.137229  0.171182  0.212205  
0.00380315  -0.00509968  0.000337756  -0.051247  0.0625973  0.225287  
0.00334214  -0.00501147  0.000913817  0.107344  0.118685  0.197417  
0.00429727  -0.00501489  -0.000598888  -0.0274671  0.116532  0.162364  
0.00537112  -0.005334  0.000511972  0.0488554  0.220316  0.372086  
0.00855204  -0.00478689  0.000198875  0.00395461  0.115569  0.250104  
0.00630564  -0.00433489  -0.000214056  -0.0365245  0.0827624  0.120448  
0.00523987  -0.00364237  -0.000700401  -0.0727846  0.0807679  0.144789  
0.00561057  -0.00410031  0.000171201  -0.0584249  0.182673  0.153805  
0.00495452  -0.00433489  0.00118881  0.0190169  0.0650419  0.14926  
0.00198484  -0.00430384  0.00247537  0.0283753  0.0336707  0.311104  
0.00318891  -0.00323297  0.0046226  0.198781  0.0579318  0.214539  
0.00335934  -0.00399908  0.00140988  0.0795566  0.192372  0.230495  
0.00303791  -0.00386195  0.00170979  0.0742373  0.0919598  0.208874  
0.00510423  -0.00376622  0.00186641  0.07994  0.222979  0.319718  
0.00372627  -0.00485309  0.00186774  0.120413  0.360043  0.640429  
0.00335182  -0.00469015  0.00196873  0.0773975  0.112015  0.540403  
0.00346244  -0.00406906  0.00213461  0.056616  0.10716  0.407264  
0.00288629  -0.00427052  0.00227917  0.0802071  0.133039  0.283384  
0.00345878  -0.00413402  0.00196873  0.0748087  0.13597  0.283628  
0.00495865  -0.00384334  0.00250029  0.0800617  0.102229  0.269437  
0.00420029  -0.00418534  0.00226247  0.0772967  0.0736708  0.0676596  
0.00420029  -0.00448736  0.00147667  0.0239486  0.0694922  0.166432  
0.0061856  -0.00448736  0.00147667  0.0102332  0.203166  0.191649  
0.00596873  -0.00543648  0.00147667  0.071552  0.352724  0.496521  
0.00557503  -0.00502386  0.0020084  0.0914068  0.135487  0.488721  
0.00658809  -0.00520773  0.00270262  0.119651  0.184584  0.458963  
0.00613907  -0.0051647  0.00247728  0.121664  0.144035  0.416913  
0.00733704  -0.00524632  0.00228385  0.0761251  0.174751  0.350735  
0.00754172  -0.00534453  0.00255981  0.063321  0.150369  0.196775  
0.0078719  -0.00524024  0.00228385  0.0842312  0.323265  0.431676  
0.00568891  -0.00547795  0.00228385  0.105306  0.265796  0.519648  
0.00655895  -0.00582056  0.00217708  0.102826  0.163837  0.532951  
0.00611207  -0.00550624  0.0020796  0.0972242  0.137888  0.509249  
0.00715071  -0.00481228  0.00241794  0.0839464  0.14799  0.335991  
0.00687253  -0.00468269  0.00180908  0.0192577  0.146644  0.195811  
0.0063122  -0.00468269  0.00180908  0.0470346  0.226752  0.418031  
0.00872171  -0.00435515  0.00180908  0.0318324  0.114677  0.316655  
0.00923517  -0.00395597  0.00198469  0.0242446  0.124094  0.223666  
0.00821927  -0.00374089  0.00107783  -0.032827  0.138523  0.14743  
0.00753617  -0.00304856  0.00071782  -0.0418789  0.0993199  0.274778  
0.00825793  -0.00281891  -0.00192905  -0.12824  0.135111  0.292167  
0.00696732  -0.00316735  0.000127141  -0.0440704  0.198805  0.227133  
0.00805643  -0.00230543  0.00234243  0.115341  0.117753  0.151741  
0.00967573  -0.00259326  0.00234243  0.191838  0.44013  0.689932  
0.00938646  -0.00314304  0.00167106  0.112427  0.150606  0.631131  
0.00840072  -0.00314092  0.00145434  0.0777163  0.107054  0.306263  
0.00808134  -0.00248428  2.54302e-05  0.0084045  0.145993  0.149567  
0.00911497  -0.00304534  -0.000279773  -0.00889919  0.243906  0.254636  
0.00681048  -0.00320095  -0.000406657  0.00491442  0.0997332  0.19503  
0.00753855  -0.00354383  0.000154643  0.0235525  0.182053  0.233819  
0.00677593  -0.00314092  0.000603767  0.0358584  0.169534  0.25682  
0.00536322  -0.00393091  0.000479608  0.0548901  0.251303  0.369802  
0.00732132  -0.00325038  0.000957839  0.0323352  0.13384  0.376833  
0.0114206  -0.0031236  0.000535849  0.0177558  0.14994  0.361597  
0.0114951  -0.00359372  0.00085523  0.0488891  0.193077  0.394345  
0.0123688  -0.00336702  0.00155598  0.0447442  0.269253  0.518022  
0.0122318  -0.00534352  0.00182714  0.0890917  0.278343  0.493257  
0.0104131  -0.00362604  0.00197805  0.0913309  0.183592  0.560615  
0.00766228  -0.00399527  0.00124891  0.104759  0.310014  0.597731  
0.00758226  -0.00395853  0.00159763  0.0902292  0.210352  0.474161  
0.00655756  -0.00387938  0.00160256  0.0901292  0.175974  0.458563  
0.00646643  -0.00387938  0.00075862  0.0523628  0.171374  0.37538  
0.00784784  -0.00378936  0.000643484  0.0344282  0.151105  0.314717  
0.00661961  -0.00359228  2.11494e-05  0.0131564  0.157786  0.318841  
0.00719495  -0.00439586  -0.000286283  0.0182054  0.348021  0.430236  
0.00687494  -0.00387522  0.000209493  0.0199419  0.12707  0.359905  
0.00691442  -0.00361482  -0.000493312  -0.0109593  0.156266  0.32479  
0.00658666  -0.00347161  -0.000923573  -0.0130849  0.169178  0.292247  
0.00694907  -0.00318337  -0.000150675  0.00178846  0.158322  0.282546  
0.00677324  -0.00288496  -0.000350257  -0.00868901  0.145549  0.298313  
0.00393015  -0.00337304  -0.000727655  -0.015437  0.270006  0.426076  
0.00454227  -0.00290786  -5.34075e-05  0.00995602  0.0572106  0.305265  
0.00544894  -0.00290786  -0.000431513  0.0100392  0.0880768  0.258066  
0.00532376  -0.00366809  -0.000574007  0.0330641  0.277683  0.516302  
0.00550797  -0.0042661  -8.85766e-05  0.0407153  0.18471  0.469498  
0.0064453  -0.0046323  0.000372381  0.0751797  0.264817  0.472044  
0.00477659  -0.00332868  -0.000323811  0.0924051  0.261536  0.56324  
0.00403935  -0.00362779  -0.000865828  0.0664707  0.281382  0.593364  
0.00539509  -0.00420544  -0.000459875  0.0786961  0.222308  0.524106  
0.00521977  -0.00420544  -0.000124366  0.0931747  0.152778  0.513788  
0.00481482  -0.00360787  -0.000107374  0.0841103  0.152174  0.387156  
0.00625997  -0.00329893  -0.000125121  0.0483901  0.168949  0.272883  
0.00627967  -0.00351227  -0.000529502  0.063201  0.292985  0.481528  
0.00668541  -0.00371539  -0.000443738  0.0645439  0.218913  0.469576  
0.00577788  -0.00344483  -0.000722884  0.0784436  0.201245  0.44933  
0.00482024  -0.00271815  -0.00117482  0.0242206  0.13565  0.360598  
0.00554956  -0.00305707  -0.000729251  0.0787404  0.301768  0.539887  
0.00536157  -0.00339428  -0.000228831  0.0883396  0.25582  0.589803  
0.0053887  -0.00346976  -0.000122001  0.051759  0.126074  0.456854  
0.00566038  -0.00327762  -0.000729251  0.0229565  0.183162  0.31257  
0.0049193  -0.00334878  -0.0012443  -0.009079  0.132196  0.248463  
0.00412124  -0.00279911  -0.00141526  -0.016532  0.168115  0.286188  
0.00261559  -0.00315041  -0.0018813  -0.0389028  0.262904  0.500721  
0.00352645  -0.00200251  -0.00150174  -0.065827  0.0975281  0.403433  
0.00449026  -0.00270264  -0.00150785  -0.0202993  0.30784  0.485745  
0.00420282  -0.00337479  -0.00163673  -0.0509516  0.142868  0.401244  
0.00440689  -0.00291668  -0.00163544  -0.0562672  0.153861  0.358933  
0.00330712  -0.00275689  -0.00160003  -0.0470067  0.0980376  0.250636  
0.00342287  -0.00211712  -0.00168525  -0.0412958  0.182916  0.286715  
0.00422329  -0.00273315  -0.00063664  -0.0391531  0.181043  0.369209  
0.00165739  -0.00315669  -0.000141299  -0.011718  0.225421  0.441132  
0.0042951  -0.00271824  -0.000449639  -0.017312  0.0851024  0.327872  
0.00340067  -0.00353117  -0.000333135  0.0295353  0.108322  0.299165  
0.00635307  -0.00258084  -0.00113996  -0.0305481  0.286863  0.45631  
0.00390784  -0.00228102  -0.00154677  -0.080859  0.139958  0.361808  
0.00470779  -0.00221009  -0.00128556  -0.0578192  0.145207  0.298241  
0.00446443  -0.00253427  -0.00154677  -0.0496664  0.246905  0.432446  
0.00484637  -0.00318314  -0.0017909  -0.0838323  0.0910237  0.259141  
0.0063538  -0.00360969  -0.00130692  -0.0236944  0.319532  0.373749  
0.00594295  -0.00331678  7.50861e-06  0.0678556  0.224656  0.421655  
0.00518817  -0.00282817  -1.78703e-05  0.0512565  0.16946  0.404208  
0.00552421  -0.00246192  -0.000362224  0.0177181  0.122613  0.276306  
0.00552421  -0.00282817  -0.000965582  -0.0102674  0.171904  0.248805  
0.00552421  -0.00265922  -0.00119951  -0.0131499  0.220509  0.339493  
0.00572066  -0.0027653  -0.00111713  2.24987e-05  0.197446  0.408965  
0.00515318  -0.00243822  -0.000954707  0.000758688  0.142629  0.351335  
0.00531853  -0.00248758  -0.00111713  -0.010335  0.229518  0.412063  
0.00477237  -0.00256916  -0.00111713  -0.0233544  0.191478  0.399037  
0.00615415  -0.00284928  -0.000848384  0.0260187  0.283201  0.550824  
0.00702722  -0.00265882  -0.00104277  0.0144479  0.202459  0.5349  
0.00600448  -0.00220335  -0.00123951  -0.0184733  0.155021  0.40327  
0.00683596  -0.00209124  -0.00076598  -0.0183947  0.158179  0.276932  
0.00599386  -0.00267658  -0.00186476  -0.0345924  0.28003  0.366626  
0.00684274  -0.00253509  -0.00154801  -0.0272668  0.24861  0.341144  
0.00665976  -0.00266701  -0.00123573  -0.00672131  0.285844  0.445306  
0.00750546  -0.00286692  -0.00100121  0.00306132  0.213855  0.435108  
0.00732347  -0.00263413  -0.00123817  0.00817182  0.30227  0.502796  
0.00716607  -0.00305639  -0.00118093  -0.0495855  0.134732  0.425052  
0.00802795  -0.00273395  -0.00189132  -0.0537035  0.250594  0.354246  
0.00842242  -0.00326467  -0.00154801  -0.0421247  0.178657  0.248214  
0.00851685  -0.00260519  -0.0020289  -0.0643928  0.264914  0.349455  
0.00756096  -0.0030835  -0.0020289  -0.0702132  0.25813  0.484927  
0.00780055  -0.00288347  -0.0020289  -0.0600523  0.216287  0.45742  
0.0072127  -0.00308856  -0.00195762  -0.0508846  0.173575  0.414327  
0.00730661  -0.00326962  -0.0014571  -0.0238477  0.328155  0.516925  
0.00781955  -0.00369254  -0.00166388  -0.0584077  0.190409  0.438132  
0.00688362  -0.00315234  -0.00121022  -0.0568105  0.142983  0.290649  
0.00656543  -0.00315234  -0.00189632  -0.0756565  0.142873  0.220958  
0.00694489  -0.00315234  -0.00231254  -0.0757514  0.256558  0.272889  
0.00589698  -0.00315234  -0.00197931  -0.0617808  0.199813  0.275895  
0.00644531  -0.00323006  -0.00231254  -0.0687032  0.130212  0.239159  
0.00896904  -0.00396863  -0.00231254  -0.075691  0.206252  0.20927  
0.00665916  -0.00307481  -0.00214027  -0.0663207  0.291696  0.377004  
0.0065247  -0.00337715  -0.00179659  -0.0558311  0.193129  0.344973  
0.00741774  -0.00287247  -0.00183882  -0.0569757  0.183503  0.223767  
0.00943468  -0.00314879  -0.00199691  -0.0469045  0.413078  0.450927  
0.00696441  -0.0041878  -0.00212796  -0.0614565  0.281656  0.515353  
0.00718496  -0.00360891  -0.00231254  -0.0917327  0.149785  0.388568  
0.006201  -0.00368411  -0.0028963  -0.106903  0.142222  0.252479  
0.00378557  -0.00418781  -0.00252678  -0.0994756  0.152892  0.234918  
0.0027968  -0.0041878  -0.0022668  -0.0844683  0.180349  0.243072  
0.00322632  -0.0041878  -0.00225771  -0.0818391  0.168011  0.257391  
0.00409735  -0.00374766  -0.00211642  -0.0565382  0.195172  0.301131  
0.0053364  -0.00453078  -0.00251444  -0.0307648  0.29298  0.491983  
0.00632812  -0.0043665  -0.00227608  -0.0424519  0.149539  0.325933  
0.00751746  -0.00393007  -0.00238971  -0.0621327  0.224588  0.321967  
0.00625054  -0.00366344  -0.00228683  -0.0418474  0.292854  0.490575  
0.0109685  -0.00370256  -0.00136685  -0.0242605  0.224613  0.401939  
0.0102446  -0.00345749  -0.0012835  -0.0554147  0.204756  0.282777  
0.0100434  -0.0032585  -0.00178515  -0.0776018  0.258008  0.238033  
0.0100434  -0.00351416  -0.00213672  -0.100043  0.223012  0.21122  
0.00910651  -0.00353552  -0.0018403  -0.0914985  0.212244  0.144428  
0.00808296  -0.00363602  -0.00193287  -0.0839324  0.271408  0.176516  
0.00755794  -0.00357656  -0.00176595  -0.0592217  0.303855  0.211614  
0.00723146  -0.0032328  -0.00182154  -0.0721747  0.224965  0.221314  
0.00629749  -0.00348608  -0.0019116  -0.0714546  0.205006  0.212264  
0.0069116  -0.00330841  -0.001812  -0.0803065  0.197899  0.157773  
0.0075744  -0.00362399  -0.00201845  -0.0604569  0.321604  0.305325  
0.00645472  -0.00340587  -0.00181651  -0.0687861  0.182723  0.249532  
0.0075815  -0.00329503  -0.00114879  -0.0483288  0.183264  0.150158  
0.0075815  -0.00307302  -0.00188498  -0.0844132  0.198026  0.104812  
0.00693234  -0.00345298  -0.0014951  -0.0450199  0.291415  0.715284  
0.00974898  -0.00492048  -0.000977676  0.0165363  0.444366  0.728371  
0.00811571  -0.00481143  -0.00193423  -0.0361264  0.174294  0.539687  
0.00686967  -0.00404991  -0.00249746  -0.0828821  0.161232  0.365976  
0.00700083  -0.00382673  -0.00268252  -0.104466  0.174954  0.261823  
0.00900742  -0.00361273  -0.00156883  -0.0454097  0.151728  0.0714347  
0.0072947  -0.00404991  -0.00136372  -0.0458866  0.194948  -0.00965906  
0.00541103  -0.00488153  -0.00175902  -0.0458592  0.24244  0.153637  
0.00482631  -0.00404991  -0.00175902  -0.0641235  0.20826  0.0849958  
0.00712425  -0.00348004  -0.0022115  -0.0630633  0.186837  0.183442  
0.007261  -0.00404991  -0.0017016  -0.0500833  0.198634  0.0782486  
0.00562423  -0.00404991  -0.00188316  -0.0481557  0.20961  0.2767  
0.0045696  -0.00369181  -0.00175097  -0.0474808  0.161225  0.174923  
0.0057857  -0.00340139  -0.00174651  -0.046076  0.141142  0.0849006  
0.00634332  -0.00346612  -0.00206647  -0.0461183  0.201815  0.0859357  
0.00516742  -0.00295175  -0.00215506  -0.0567259  0.28491  0.199339  
0.00612896  -0.00295175  -0.00215506  -0.0461481  0.157229  0.147762  
0.00687124  -0.00295175  -0.00161603  -0.0460521  0.18096  0.139807  
0.00638567  -0.00295175  -0.00127036  -0.033851  0.164765  0.099703  
0.00403103  -0.00384584  -0.0014393  -0.0265642  0.199371  0.145946  
0.00260978  -0.00294888  -0.00244991  -0.0935247  0.253442  0.23905  
0.00430661  -0.00305778  -0.00213934  -0.107696  0.118364  0.108269  
0.00530974  -0.0029671  -0.00152294  -0.0697359  0.169011  0.0915345  
0.00428996  -0.00272235  -0.00135132  -0.0733414  0.0787602  0.0467741  
0.00781556  -0.00415989  -0.00151686  -0.0363902  0.26296  0.116094  
0.00586253  -0.00452084  -0.00111154  0.00587882  0.315815  0.344867  
0.00453665  -0.00457364  -0.000747099  0.00283359  0.112741  0.181935  
0.00685942  -0.00377468  -0.000521472  0.0108042  0.161623  0.107572  
0.00651159  -0.00444847  -0.000747099  -0.00728084  0.125506  0.0179762  
0.0074552  -0.00457364  -0.00133414  -0.0161012  0.21493  -0.0207216  
0.00658076  -0.00457364  -0.0019532  -0.0232829  0.237445  0.0100577  
0.00586351  -0.00457364  -0.0023137  -0.0406183  0.150815  0.0101753  
0.00596066  -0.00440524  -0.00197572  -0.0405813  0.125841  0.0101735  
0.00540334  -0.00465688  -0.000928618  -0.00126013  0.264434  0.019941  
0.00679137  -0.00505662  9.13166e-05  0.0745083  0.32037  0.214461  
0.00665495  -0.00413934  -0.000363458  0.0424204  0.159013  0.167186  
0.00705052  -0.00384881  -0.000313502  -0.00329792  0.145104  0.0267062  
0.00784128  -0.00377092  -0.000670555  -0.0033925  0.173458  0.0420063  
0.00778601  -0.00362154  -0.000804997  -0.00339347  0.151586  -0.0364206  
0.00711132  -0.00385123  -0.00165639  -0.00348531  0.185895  -0.0118176  
0.00787484  -0.00385123  -0.000874816  0.00744943  0.284978  0.0893182  
0.00523101  -0.00316186  -0.000486454  0.0273645  0.253038  0.166023  
0.00588673  -0.00385123  -0.00119317  -0.00607318  0.119886  -0.0279831  
0.0064693  -0.00368877  -0.000907981  0.0227698  0.338439  0.1254  
0.00677596  -0.00385123  -0.00115509  -0.0201166  0.194888  0.103935  
0.00757431  -0.00358749  -0.00138635  -0.0395444  0.170851  0.0575116  
0.00848153  -0.00391325  -0.00128731  -0.0201274  0.21607  -0.055862  
0.00696072  -0.00317632  -0.00111291  0.0270063  0.38523  0.18802  
0.00785497  -0.00313849  -0.00138635  -0.00400381  0.156859  0.106686  
0.00651993  -0.00300464  -0.001194  -0.0210857  0.183256  -0.00399025  
0.00728672  -0.00234224  -0.000878473  -0.0265333  0.183301  -0.112874  
0.00727201  -0.00168469  -0.000904689  -0.0227546  0.240279  -0.108601  
0.00710993  -0.00168469  -0.00138635  -0.0319811  0.292941  0.073679  
0.00597195  -0.00228169  -0.00138635  -0.0448238  0.1961  0.00808125  
0.00592556  -0.00242949  -0.000849469  -0.00748289  0.204927  -0.0902788  
0.00622307  -0.00233298  -0.00100764  -0.0305873  0.186135  -0.0987735  
0.00637147  -0.00269848  -0.000791959  -0.0184785  0.160781  -0.127826  
0.00571779  -0.00307744  -0.000304696  0.0227291  0.279874  0.00839434  
0.00699536  -0.00140507  -0.00100897  -0.0694651  0.135205  -0.0579084  
0.00717689  -0.0012523  -5.54777e-05  -0.0472121  0.165946  -0.0573338  
0.00651186  -0.00182004  1.24479e-05  -0.00871502  0.232146  -0.0533471  
0.00615985  -0.00146649  0.00130018  0.0734594  0.119511  0.0175338  
0.00612341  -0.00229648  0.00106425  0.0605861  0.203568  0.0174451  
0.00550096  -0.00278147  0.000814175  0.0432454  0.10917  -0.0275275  
0.00422418  -0.00229648  0.00198446  0.0389542  0.16827  -0.0605546  
0.00504205  -0.00283998  0.00158707  0.0227101  0.182278  -0.0298764  
0.00483784  -0.00301173  0.00158874  0.0318805  0.21676  -0.0441414  
