0.00977552  -0.00162439  0.0025258  0.0629837  0.1202  -1.30856  
0.00993126  -0.0028432  0.0026607  0.0749598  0.0922963  -1.2649  
0.000624713  -0.00187666  0.00479894  0.092634  0.0168192  -1.41394  
0.00269297  -0.00275258  0.00414008  0.109124  -0.0558259  -1.43682  
0.00348432  -0.00286528  0.00381347  0.0974927  -0.0188406  -1.43502  
0.00312779  -0.00279361  0.003952  0.103122  0.0207932  -1.42993  
0.00387883  -0.00280444  0.00379259  0.101397  -0.0121729  -1.41861  
0.0028579  -0.0028842  0.00379281  0.109784  0.0331584  -1.44246  
0.00406375  -0.00327952  0.00379222  0.113254  -0.00915656  -1.40244  
0.00722189  -0.00385469  0.00283134  0.106047  0.151365  -1.35556  
0.00526146  -0.00305062  0.00318265  0.108951  0.0414227  -1.39714  
0.00620767  -0.00322014  0.00306882  0.106377  0.0159152  -1.39888  
0.00440478  -0.00253136  0.0032729  0.0999546  0.0767415  -1.41423  
0.00555036  -0.00288402  0.00306042  0.0987969  0.0289127  -1.39554  
0.00469622  -0.00267766  0.00318365  0.0992238  0.0674632  -1.42341  
0.00490013  -0.00263816  0.00315613  0.0926672  0.0452233  -1.38629  
0.00615169  -0.00302132  0.00280712  0.0947407  0.039765  -1.39236  
0.00397432  -0.00235863  0.00316292  0.0898776  0.0921007  -1.41767  
0.00501033  -0.0028273  0.00280073  0.0943758  0.00149019  -1.41747  
0.00554733  -0.00309789  0.00280817  0.0957065  0.0236986  -1.40822  
0.00550433  -0.00298719  0.00286698  0.093719  0.0378135  -1.42296  
0.00451508  -0.00259551  0.00301054  0.0860356  0.0509333  -1.40429  
0.00619964  -0.0030718  0.00276225  0.090211  0.0207056  -1.40168  
0.00517308  -0.00260285  0.00286004  0.0894343  0.0557305  -1.41681  
0.00534248  -0.00282533  0.00287545  0.0922649  0.0499658  -1.38568  
0.00655772  -0.00342742  0.00272498  0.0964195  0.0328611  -1.39919  
0.00464504  -0.0026178  0.00297233  0.0918352  0.0641703  -1.40876  
0.00584821  -0.00306489  0.00273577  0.0976711  0.0248662  -1.39919  
0.00417996  -0.00298629  0.00305765  0.105214  0.0789593  -1.44289  
0.00572934  -0.00355257  0.00283481  0.106341  0.01398  -1.40687  
0.00541359  -0.00336834  0.00278838  0.103738  0.0292422  -1.43503  
0.00403847  -0.00246187  0.00289818  0.0799897  0.0339138  -1.42506  
0.0046494  -0.00252686  0.00282545  0.0876561  0.00913453  -1.41721  
0.00414954  -0.00248367  0.00299933  0.0844208  0.0465682  -1.41392  
0.00532184  -0.00331435  0.00248113  0.093392  0.0394716  -1.23111  
0.00603069  -0.00494901  0.00319049  0.126635  0.0151908  -1.41883  
0.00323904  -0.00258536  0.00273074  0.0812248  0.0978275  -0.736317  
-1.02705e-05  0.000615509  8.02868e-05  -0.113209  0.143273  1.46128  
-0.00218142  -0.000454575  0.00283196  0.00802291  -0.0939905  0.449807  
0.000316356  -0.00250548  0.00216098  0.0948647  -0.185323  -0.360537  
0.000680294  -0.00287136  0.00289929  0.0874762  -0.0398221  -0.416792  
0.00122691  -0.00257769  0.00273969  0.0747596  -0.010788  -0.426663  
0.000958073  -0.00243017  0.0027075  0.0711811  0.0335971  -0.425619  
0.00083189  -0.00237702  0.00236087  0.0705664  0.0953718  -0.412166  
0.00108365  -0.00246728  0.00233476  0.07054  0.0758389  -0.415093  
0.0011105  -0.00246625  0.00202348  0.0669455  0.0954489  -0.411388  
0.000881862  -0.0024144  0.0022929  0.0635506  0.0906645  -0.430709  
0.000703906  -0.00253266  0.00214128  0.0692749  0.0945579  -0.40904  
0.00112848  -0.00213619  0.00254423  0.0633839  -0.000737745  -0.451894  
0.000658423  -0.00213604  0.00246316  0.0633529  0.039906  -0.42981  
0.000694492  -0.00230863  0.00252645  0.0688422  -0.0219743  -0.42944  
0.000328996  -0.00230864  0.00256881  0.0689862  0.0202569  -0.46219  
0.000557304  -0.00242646  0.00241481  0.0650772  0.0236869  -0.42829  
0.000692991  -0.00246224  0.00233545  0.0671837  0.0278201  -0.47108  
0.000955158  -0.00222698  0.00225976  0.0622487  0.0455353  -0.428993  
0.000864893  -0.00220688  0.00229786  0.0658294  0.0608802  -0.469047  
0.000625183  -0.002453  0.00175194  0.0687394  0.103308  -0.447423  
0.00144345  -0.00247899  0.00225498  0.0640033  0.0426054  -0.481189  
0.00165575  -0.0024898  0.00178059  0.063047  0.155251  -0.4957  
0.00175746  -0.00217249  0.00214376  0.0486576  0.0345033  -0.494848  
0.00213947  -0.00211953  0.00187753  0.0546315  0.0300496  -0.474625  
0.00172758  -0.00245999  0.00195957  0.0660448  0.069098  -0.47836  
0.00190811  -0.00217249  0.00192892  0.0575543  0.0583235  -0.449076  
0.00210997  -0.00217249  0.00208006  0.0616907  0.0428807  -0.476036  
0.0021103  -0.00200461  0.00184397  0.0517648  0.082746  -0.433337  
0.00239923  -0.0017933  0.00197225  0.0468215  0.0630798  -0.440668  
0.00213269  -0.00198044  0.00194128  0.0559713  0.090272  -0.446626  
0.00206106  -0.00196892  0.0019259  0.0529967  0.0956438  -0.430287  
0.00243427  -0.00173544  0.00212921  0.052064  0.0569054  -0.451259  
0.00196471  -0.00173544  0.00186656  0.0505777  0.110738  -0.430158  
0.002748  -0.00154262  0.00191363  0.0435777  0.0342994  -0.429404  
0.0019778  -0.00173544  0.00180247  0.0511271  0.112807  -0.435633  
0.00276415  -0.00173544  0.00208427  0.050352  0.0348504  -0.431415  
0.00246319  -0.00187956  0.00192531  0.0591911  0.0753637  -0.443218  
0.00218412  -0.00229279  0.0019135  0.0659533  0.0797867  -0.429269  
0.00285865  -0.00209471  0.00201897  0.0632004  0.0460091  -0.448017  
0.00219236  -0.00187124  0.00190521  0.0560357  0.105246  -0.440346  
0.00317499  -0.00199073  0.00208233  0.0531776  0.0647986  -0.418135  
0.00276413  -0.00179762  0.0021617  0.057211  0.101879  -0.432498  
0.00292044  -0.00173544  0.00206887  0.0484781  0.0943188  -0.399578  
0.00335099  -0.00173544  0.00209712  0.0482609  0.072608  -0.428425  
0.00279136  -0.00173544  0.00217891  0.055729  0.110671  -0.410406  
0.00374294  -0.00179732  0.00216664  0.053075  0.0561423  -0.419234  
0.00344218  -0.00164986  0.00236893  0.0533556  0.0986216  -0.416142  
0.00361135  -0.00177581  0.00220046  0.0503511  0.0913454  -0.396867  
0.00390172  -0.00157834  0.00226585  0.0484871  0.0762328  -0.407876  
0.0038455  -0.00138991  0.00243665  0.0453947  0.0987315  -0.417219  
0.00372743  -0.00157826  0.00219721  0.04438  0.104603  -0.394847  
0.0042055  -0.00133243  0.00237449  0.0459133  0.069288  -0.411691  
0.00342706  -0.00153589  0.00244024  0.0537646  0.106829  -0.409823  
0.00370134  -0.00174132  0.00229747  0.0571116  0.078984  -0.406512  
0.00360754  -0.00174132  0.00205547  0.0577835  0.0868129  -0.435612  
0.0035095  -0.00167832  0.00221869  0.0505268  0.0521032  -0.401978  
0.0031778  -0.0018509  0.001992  0.0594478  0.102275  -0.431706  
0.00339275  -0.00144599  0.0021969  0.0539703  0.10209  -0.406179  
0.00385495  -0.00165243  0.00234326  0.0557819  0.0774687  -0.42079  
0.00379837  -0.00184782  0.00230687  0.0574952  0.0796046  -0.422685  
0.00354837  -0.00177953  0.00228733  0.0561826  0.0855088  -0.441712  
0.0038108  -0.00165729  0.00235907  0.0554091  0.0847998  -0.415701  
0.00401045  -0.00189015  0.00238857  0.0598855  0.0742483  -0.423895  
0.00343732  -0.00183549  0.00231884  0.0597324  0.113161  -0.426579  
0.00420689  -0.00152331  0.00239457  0.0478111  0.0748399  -0.408263  
0.00369821  -0.00134297  0.0024728  0.0474387  0.0999216  -0.445695  
0.00368296  -0.00134297  0.0024522  0.0424802  0.104997  -0.419385  
0.00451849  -0.00145252  0.0023447  0.051676  0.083701  -0.442392  
0.00391775  -0.00195031  0.0020879  0.0575038  0.108717  -0.410562  
0.00392921  -0.00175522  0.00220845  0.0509377  0.092054  -0.432939  
0.00316624  -0.00177635  0.00221303  0.050764  0.122698  -0.410589  
0.00468086  -0.00429197  0.00339435  0.136586  0.0685312  -0.490584  
0.00351571  -0.00354541  0.00326659  0.109553  0.124213  -0.494495  
0.00421025  -0.00350798  0.00320297  0.106924  0.0933558  -0.454817  
0.00464029  -0.00338905  0.00307998  0.0983433  0.0762425  -0.475864  
0.00405159  -0.00303441  0.00316422  0.0966028  0.122999  -0.477348  
0.00440587  -0.00301602  0.00319894  0.09264  0.0888803  -0.465807  
0.00433683  -0.00315834  0.00327487  0.0979004  0.101063  -0.475229  
0.00407898  -0.00308455  0.003178  0.099027  0.13673  -0.473915  
0.0045688  -0.00332769  0.00322774  0.0937277  0.106198  -0.467009  
0.00433671  -0.00321731  0.00322542  0.0947524  0.11119  -0.492203  
0.00360342  -0.0036707  0.0031364  0.116139  0.142618  -0.500376  
0.00480473  -0.00604906  0.00397391  0.16121  0.107314  -0.593517  
0.00427911  -0.00460008  0.00348866  0.132086  0.12848  -0.555325  
0.00478252  -0.00481531  0.00333833  0.130298  0.109474  -0.508307  
0.00389751  -0.00551005  0.0036966  0.144719  0.143787  -0.605404  
0.00430526  -0.00484684  0.00329065  0.133639  0.108596  -0.554911  
0.00489342  -0.00472  0.0032596  0.132391  0.118782  -0.549604  
0.00453543  -0.00519743  0.00332491  0.139144  0.143616  -0.546833  
0.0040705  -0.00485074  0.00324565  0.132069  0.136969  -0.546019  
0.00480252  -0.00482457  0.00316135  0.137049  0.110749  -0.561246  
0.00414523  -0.00458286  0.00318002  0.123217  0.14336  -0.557553  
0.00457389  -0.00453882  0.00308206  0.11912  0.10663  -0.521022  
0.0047869  -0.00478248  0.00308422  0.124229  0.10304  -0.561079  
0.00368375  -0.0040265  0.00299768  0.114858  0.109885  -0.510886  
0.00424482  -0.00423222  0.00294661  0.116  0.136569  -0.52586  
0.00361664  -0.00400132  0.0029508  0.1061  0.143737  -0.489217  
0.00416994  -0.00427724  0.00301414  0.112408  0.12404  -0.53337  
0.0034601  -0.00407613  0.00285138  0.109423  0.151003  -0.502421  
0.00399647  -0.00434905  0.00303492  0.116544  0.125859  -0.513729  
0.004095  -0.00458185  0.00308498  0.120424  0.115667  -0.544457  
0.00389001  -0.00452208  0.00310777  0.121173  0.11128  -0.52882  
0.00396436  -0.00458128  0.00311232  0.120448  0.114333  -0.52486  
0.00409799  -0.00477208  0.00320019  0.1258  0.114157  -0.562978  
0.00319329  -0.00437885  0.00316412  0.125051  0.151679  -0.512024  
0.00464399  -0.00486875  0.00317864  0.128554  0.100529  -0.553009  
0.00411218  -0.00475708  0.00319582  0.126662  0.135597  -0.552187  
0.00384647  -0.00455534  0.00312798  0.120945  0.115749  -0.506789  
0.0045183  -0.00494437  0.00327293  0.12571  0.101984  -0.520914  
0.00419579  -0.00476028  0.00327669  0.128421  0.128776  -0.522347  
0.00380537  -0.00453927  0.00318403  0.121954  0.120806  -0.489414  
0.00495292  -0.00516333  0.00318828  0.127256  0.106714  -0.507569  
0.00374266  -0.00429645  0.00324196  0.116776  0.126989  -0.485812  
0.00439177  -0.00447086  0.00314075  0.116916  0.113589  -0.461746  
0.00462262  -0.00423946  0.00311289  0.114939  0.0975775  -0.50518  
0.00426198  -0.00416762  0.00316808  0.114462  0.130746  -0.482087  
0.00510609  -0.00440323  0.00312456  0.107263  0.109787  -0.49121  
0.00526268  -0.00474898  0.00327112  0.113991  0.130871  -0.513066  
0.00448615  -0.00437571  0.00326875  0.115769  0.138496  -0.494316  
0.00455534  -0.00449285  0.00325694  0.113842  0.12657  -0.480173  
0.00497606  -0.00442925  0.00323267  0.11694  0.113779  -0.499921  
0.00438358  -0.00433212  0.00322556  0.114695  0.13236  -0.497127  
0.0058675  -0.00475259  0.0031695  0.110089  0.111878  -0.47557  
0.00598867  -0.00449892  0.00322586  0.105792  0.120962  -0.487475  
0.00558005  -0.00407335  0.00325482  0.0987381  0.144812  -0.432  
0.0062634  -0.00440568  0.00318773  0.10331  0.135953  -0.430395  
0.00687229  -0.00442565  0.00341577  0.0992027  0.128805  -0.467755  
0.00626521  -0.00444099  0.00337636  0.101039  0.153148  -0.416899  
0.00706385  -0.00472326  0.0033335  0.101109  0.11494  -0.44429  
0.00613541  -0.00445304  0.00339182  0.09764  0.146978  -0.428145  
0.00634732  -0.00456341  0.00327862  0.103579  0.125417  -0.428165  
0.00686258  -0.00491945  0.00324583  0.117243  0.112529  -0.470575  
0.0064771  -0.00480847  0.0032928  0.113675  0.131327  -0.435494  
0.00677983  -0.00486505  0.00317445  0.11646  0.115802  -0.4309  
0.0072584  -0.00496291  0.00322393  0.119355  0.118696  -0.482205  
0.00659596  -0.00509604  0.00326017  0.121359  0.165217  -0.477586  
0.00729024  -0.00476503  0.003167  0.117393  0.118674  -0.460263  
0.00692727  -0.0048712  0.00335407  0.112176  0.142972  -0.466871  
0.00663167  -0.00449885  0.00321006  0.109286  0.13593  -0.425353  
0.00722945  -0.00458403  0.00332094  0.109148  0.127017  -0.460071  
0.0070236  -0.00476821  0.00331136  0.112255  0.157189  -0.464991  
0.00696017  -0.00482032  0.00320092  0.11198  0.142773  -0.437698  
0.0075689  -0.00482385  0.00337531  0.115774  0.132964  -0.480952  
0.00748957  -0.00489921  0.00333936  0.111238  0.15267  -0.49729  
0.00684705  -0.00474267  0.00330634  0.11054  0.146204  -0.476825  
0.00750205  -0.00472054  0.00324105  0.112562  0.125826  -0.476463  
0.00714461  -0.0047288  0.00345331  0.118482  0.134797  -0.487412  
0.00672602  -0.00514604  0.0033795  0.127401  0.150784  -0.499268  
0.00721514  -0.0049685  0.00331141  0.121371  0.126657  -0.506523  
0.0073529  -0.00478065  0.00320464  0.118231  0.118931  -0.540875  
0.00625099  -0.00443809  0.00332854  0.113025  0.121335  -0.515986  
0.00664587  -0.00448197  0.00345178  0.117057  0.146169  -0.484657  
0.00715535  -0.00452054  0.0034052  0.118516  0.13487  -0.529357  
0.00701604  -0.00471244  0.00327093  0.111267  0.178134  -0.537099  
0.00688313  -0.00434618  0.00330855  0.110811  0.141373  -0.494439  
0.00630778  -0.00425688  0.00334114  0.108361  0.141758  -0.51429  
0.00604853  -0.0039156  0.00325083  0.100855  0.133737  -0.51508  
0.00601406  -0.00346942  0.00333641  0.0928947  0.126572  -0.478342  
0.00672239  -0.00409449  0.00354669  0.11259  0.117485  -0.518278  
0.00677533  -0.00457053  0.0036156  0.125463  0.147235  -0.518474  
0.00659388  -0.00447594  0.00383131  0.130759  0.141346  -0.492604  
0.00741547  -0.00441107  0.0038314  0.127303  0.0994094  -0.495518  
0.00682101  -0.00373023  0.00396178  0.104492  0.127708  -0.465935  
0.00725201  -0.00415648  0.0039964  0.114593  0.114615  -0.465416  
0.00786811  -0.004485  0.0042215  0.109586  0.127232  -0.53158  
0.00700619  -0.00432109  0.00419108  0.105001  0.160366  -0.527373  
0.00674058  -0.00393789  0.00413177  0.101444  0.15748  -0.497661  
0.00725644  -0.00459199  0.00429427  0.119679  0.126676  -0.533754  
0.00662012  -0.00417837  0.00417894  0.120541  0.158143  -0.544779  
0.00691355  -0.0044398  0.00429933  0.123174  0.142244  -0.540925  
0.00742356  -0.00436577  0.00437793  0.1324  0.113912  -0.572527  
0.00655353  -0.00445684  0.00456887  0.136743  0.158677  -0.556112  
0.00757643  -0.00447118  0.00457031  0.134851  0.108343  -0.557752  
0.00676946  -0.00451263  0.00460314  0.12444  0.172353  -0.557788  
0.00716557  -0.00440756  0.00454237  0.12432  0.130294  -0.529155  
0.00741104  -0.00492569  0.00467156  0.133586  0.153954  -0.568585  
0.00671203  -0.00468234  0.00467294  0.129877  0.163169  -0.532727  
0.00768687  -0.00489641  0.00466955  0.130701  0.127312  -0.563942  
0.00605463  -0.00451076  0.00497381  0.134242  0.154743  -0.552891  
0.00719904  -0.00450211  0.00475017  0.130053  0.106795  -0.530219  
0.00710175  -0.00442212  0.00468297  0.133709  0.148278  -0.553724  
0.00713516  -0.00436675  0.00481249  0.128973  0.154795  -0.516676  
0.0077671  -0.00421954  0.0048598  0.125257  0.113382  -0.54085  
0.00699827  -0.00431129  0.00494098  0.122813  0.15727  -0.520734  
0.0074579  -0.00420276  0.00480881  0.130874  0.117557  -0.528779  
0.00721042  -0.00414632  0.00494593  0.133857  0.143457  -0.546195  
0.00723109  -0.00432044  0.00500871  0.125351  0.141543  -0.533896  
0.00786766  -0.00465822  0.00506504  0.139232  0.126172  -0.566446  
0.00725701  -0.00446958  0.00507946  0.133021  0.15631  -0.553524  
0.00752302  -0.00451841  0.00505724  0.134481  0.116774  -0.551818  
0.00711007  -0.00455967  0.00510701  0.136689  0.126981  -0.56937  
0.00681324  -0.00469119  0.00534934  0.135769  0.138977  -0.551233  
0.0071456  -0.00453603  0.00520196  0.135882  0.102588  -0.56238  
0.00727589  -0.00466561  0.00515132  0.14512  0.115263  -0.579337  
0.00671355  -0.00468093  0.0051422  0.130945  0.128165  -0.543342  
0.00719978  -0.00458271  0.0050806  0.137858  0.113544  -0.549111  
0.0067266  -0.00464302  0.00524845  0.139709  0.129343  -0.562618  
0.0061318  -0.00469044  0.00525143  0.147871  0.133476  -0.536271  
0.00651547  -0.00499778  0.00531252  0.155785  0.106286  -0.537094  
0.00650619  -0.0052266  0.00526327  0.150654  0.119512  -0.553513  
0.00700109  -0.00586696  0.00522918  0.173271  0.132189  -0.583631  
0.00729637  -0.00692941  0.00542266  0.199121  0.120105  -0.66259  
0.0066291  -0.00769683  0.00557024  0.217465  0.121196  -0.740125  
0.00578595  -0.00883997  0.00574367  0.23693  0.157284  -0.732163  
0.00662476  -0.00801322  0.00595242  0.220879  0.127458  -0.68849  
0.00678495  -0.00753005  0.005972  0.208039  0.149625  -0.714255  
0.00690796  -0.00690153  0.00594975  0.196982  0.139132  -0.684329  
0.00769544  -0.00663144  0.0059111  0.190092  0.124727  -0.724186  
0.00727731  -0.00654545  0.0057554  0.187103  0.155917  -0.68174  
0.00807743  -0.00637821  0.00567235  0.187208  0.123714  -0.709796  
0.00749999  -0.00616885  0.00582257  0.179198  0.151378  -0.666684  
0.00815314  -0.00601855  0.00567575  0.176159  0.113695  -0.704189  
0.00728452  -0.00622105  0.00551851  0.177186  0.143092  -0.687998  
0.00811445  -0.00606186  0.00567271  0.174865  0.0891955  -0.704956  
0.00782555  -0.00612147  0.00559405  0.175713  0.116895  -0.723855  
0.00794644  -0.00620201  0.0057599  0.176484  0.117366  -0.701393  
0.00872922  -0.00625474  0.00573432  0.183472  0.101156  -0.708292  
0.00776614  -0.00634387  0.00571665  0.174393  0.141557  -0.691569  
0.0082576  -0.00615008  0.00544327  0.170733  0.0932687  -0.68493  
0.00816071  -0.00640613  0.00566096  0.179419  0.146566  -0.710565  
0.00825153  -0.00608068  0.00568828  0.167452  0.108705  -0.664502  
0.00887152  -0.00597626  0.00549573  0.163918  0.106159  -0.724805  
0.00830636  -0.0060205  0.00561205  0.167307  0.13252  -0.685116  
0.00871053  -0.00605098  0.00560231  0.165001  0.0977372  -0.704885  
0.00864996  -0.0058409  0.00553165  0.157564  0.119697  -0.711168  
0.00890422  -0.00583986  0.005562  0.156706  0.120325  -0.678158  
0.00901157  -0.00574  0.00551719  0.164416  0.109027  -0.695133  
0.00847137  -0.00592253  0.00561807  0.166445  0.146513  -0.692488  
0.00894814  -0.00558309  0.00551577  0.162051  0.0891123  -0.672649  
0.008452  -0.00581766  0.00553887  0.158339  0.13537  -0.675287  
0.00880437  -0.00578431  0.00542495  0.163532  0.117149  -0.637744  
0.00870873  -0.00595365  0.00546296  0.156926  0.12159  -0.670043  
0.00900307  -0.00565648  0.00534767  0.159818  0.10779  -0.648509  
0.00944401  -0.00542499  0.00534967  0.154881  0.0949624  -0.698718  
0.00886786  -0.00561562  0.00535078  0.154023  0.134234  -0.67127  
0.0092367  -0.00542672  0.00516608  0.141384  0.113341  -0.673411  
0.00924603  -0.00542905  0.00537732  0.152923  0.121361  -0.697965  
0.00899785  -0.00523266  0.00533869  0.139068  0.144448  -0.638979  
0.00930133  -0.00511427  0.00523311  0.141323  0.110278  -0.657715  
0.00887888  -0.00536079  0.0051833  0.137759  0.153161  -0.64453  
0.00928175  -0.00502364  0.00521109  0.140505  0.111759  -0.645983  
0.00943904  -0.00525327  0.00525286  0.1437  0.122885  -0.679411  
0.00880237  -0.00537773  0.00528376  0.148386  0.139143  -0.650878  
0.00976973  -0.00524394  0.00524377  0.145565  0.0855413  -0.680816  
0.00926555  -0.00534451  0.00526476  0.142431  0.140227  -0.654635  
0.00910828  -0.00534451  0.00527481  0.14295  0.118603  -0.64047  
0.00953456  -0.00534451  0.00518855  0.141993  0.0912504  -0.687159  
0.00889339  -0.00531948  0.00528095  0.137891  0.126301  -0.673553  
0.00905373  -0.00535356  0.0051927  0.144226  0.131104  -0.653343  
0.00948809  -0.00540409  0.00521296  0.145461  0.120668  -0.677003  
0.00913475  -0.00517671  0.00526714  0.138538  0.143943  -0.667255  
0.00921314  -0.00527862  0.00522256  0.144393  0.129646  -0.66117  
0.00955524  -0.00550049  0.00517036  0.144218  0.1049  -0.685342  
0.00906789  -0.00567237  0.00516321  0.143958  0.134883  -0.68634  
0.00938154  -0.0070358  0.00510925  0.173021  0.128048  -0.733406  
0.0100869  -0.00628448  0.00479754  0.160773  0.116429  -0.735332  
0.00948492  -0.00511726  0.00485509  0.133971  0.161521  -0.650816  
0.0105452  -0.00462326  0.00475355  0.130724  0.105323  -0.667715  
0.0104718  -0.00460031  0.00482105  0.125563  0.140909  -0.697242  
0.0103046  -0.00464513  0.00475912  0.125937  0.137311  -0.656769  
0.0110549  -0.00470058  0.00479735  0.130465  0.133944  -0.71886  
0.00931608  -0.00684425  0.00486829  0.177752  0.16265  -0.763552  
0.0117931  -0.00645157  0.00460839  0.153945  0.150407  -0.919576  
0.0102834  -0.00509133  0.00413061  0.184184  0.229588  -0.851589  
0.00832126  -0.00518294  0.0037503  0.187222  0.140601  -0.773092  
0.00788314  -0.00529853  0.00372237  0.184437  0.140631  -0.828106  
0.0102401  -0.00538497  0.00358026  0.189763  0.0158019  -0.847267  
0.00973116  -0.00495702  0.00385937  0.174563  0.103856  -0.796068  
0.0101318  -0.00463885  0.00391024  0.172056  0.117406  -0.781323  
0.0104032  -0.00450777  0.00409756  0.175767  0.138555  -0.770553  
0.00925606  -0.00432141  0.00418578  0.176965  0.188996  -0.752933  
0.0095741  -0.00426805  0.00414216  0.160692  0.189742  -0.715112  
0.00985425  -0.00442862  0.00408469  0.170254  0.170034  -0.769338  
0.00917335  -0.00450352  0.0040556  0.164376  0.183273  -0.735061  
0.0100986  -0.00413546  0.00390141  0.167156  0.097177  -0.784678  
0.00965083  -0.00434228  0.00348072  0.163036  0.167418  -0.745215  
0.0102255  -0.00385459  0.00345846  0.158818  0.0958133  -0.77145  
0.010293  -0.00360692  0.00364609  0.155842  0.131903  -0.770797  
0.0113276  -0.00340288  0.00358347  0.146621  0.0975732  -0.761331  
0.0112142  -0.00346294  0.00368861  0.14474  0.140719  -0.761333  
0.0112869  -0.0033121  0.00384135  0.139526  0.167013  -0.761338  
0.0106116  -0.0032292  0.00374078  0.133682  0.179715  -0.751936  
0.0112036  -0.003162  0.00367184  0.143583  0.159416  -0.777809  
0.0105318  -0.00313976  0.00393648  0.144829  0.207395  -0.757248  
0.0114692  -0.00306722  0.00382604  0.143106  0.144315  -0.761809  
0.0116168  -0.00286349  0.00396931  0.134998  0.162291  -0.780485  
0.0113482  -0.00278625  0.00393778  0.130326  0.161584  -0.747712  
0.0113335  -0.00294352  0.00382362  0.139594  0.120246  -0.755895  
0.0118043  -0.00270164  0.00392516  0.1382  0.136871  -0.776771  
0.0119113  -0.00257658  0.0039611  0.135824  0.142279  -0.759149  
0.0117387  -0.00250556  0.0038779  0.138376  0.14211  -0.75397  
0.0113893  -0.00349874  0.00372649  0.161964  0.143634  -0.80264  
0.0107464  -0.00395198  0.00379492  0.166363  0.169295  -0.795235  
0.0112116  -0.00362396  0.00365284  0.152947  0.150559  -0.777604  
0.0120978  -0.00310331  0.00388874  0.134202  0.157487  -0.767703  
0.0115027  -0.00278879  0.00407515  0.132394  0.172347  -0.754647  
0.0117653  -0.00268846  0.00403833  0.133756  0.152002  -0.735143  
0.0118008  -0.00266158  0.00384738  0.136123  0.130386  -0.740162  
0.0113234  -0.00272798  0.00372768  0.137881  0.15725  -0.764027  
0.0118976  -0.0028251  0.00386571  0.134972  0.135571  -0.73774  
0.0117993  -0.00282582  0.00386337  0.142377  0.138332  -0.778614  
0.01204  -0.00293551  0.0035137  0.141705  0.106027  -0.749826  
0.0116467  -0.00284896  0.00349639  0.139377  0.191734  -0.762618  
0.0121809  -0.00280248  0.00363257  0.126514  0.140658  -0.757156  
0.013191  -0.00267566  0.00359357  0.126272  0.142943  -0.743348  
0.0126522  -0.00282362  0.00382695  0.12903  0.187981  -0.746844  
0.0126643  -0.00269698  0.00372498  0.128384  0.168904  -0.735988  
0.0121455  -0.00265694  0.00378228  0.12285  0.17056  -0.71925  
0.0126546  -0.00279244  0.00373873  0.129085  0.138641  -0.763516  
0.011889  -0.00300299  0.00377771  0.135902  0.176937  -0.768363  
0.0122203  -0.00291461  0.00361584  0.132773  0.140225  -0.759495  
0.0125541  -0.00302703  0.00372203  0.131813  0.155496  -0.781079  
0.0124953  -0.00280569  0.00366302  0.125336  0.148967  -0.758974  
0.0130233  -0.0028607  0.00378159  0.128809  0.14234  -0.773477  
0.0123203  -0.00270749  0.0039145  0.120697  0.185907  -0.739228  
0.0124322  -0.0026832  0.00386786  0.12151  0.141747  -0.747065  
0.0124194  -0.00277002  0.00376859  0.123673  0.163731  -0.755866  
0.0118857  -0.00272426  0.00393479  0.123935  0.185183  -0.750314  
0.0124566  -0.00253651  0.00380417  0.123147  0.149137  -0.749586  
0.0127166  -0.00271596  0.00394054  0.127311  0.162868  -0.779444  
0.0122324  -0.00276409  0.0038384  0.124449  0.167943  -0.749464  
0.012566  -0.00275563  0.00386066  0.126805  0.143585  -0.763521  
0.0124047  -0.0028417  0.00384987  0.125438  0.165035  -0.7775  
0.0120087  -0.0028417  0.00391786  0.12093  0.165023  -0.740582  
0.0126004  -0.0028417  0.00385606  0.122701  0.146818  -0.778865  
0.0119726  -0.0029687  0.00378278  0.122548  0.172878  -0.773366  
0.0119756  -0.00319602  0.0036355  0.127389  0.150463  -0.76792  
0.0121686  -0.0032115  0.00369382  0.132217  0.169235  -0.80428  
0.0121825  -0.00319702  0.00377936  0.135684  0.139911  -0.79272  
0.0115133  -0.00331644  0.00373727  0.137939  0.185451  -0.763579  
0.0120699  -0.00370365  0.00364513  0.150051  0.107768  -0.804554  
0.0112089  -0.00410185  0.00362789  0.151943  0.164484  -0.776553  
0.0118633  -0.0037933  0.00354967  0.146801  0.128611  -0.799458  
0.0111677  -0.00366802  0.0035054  0.145465  0.171748  -0.78932  
0.0110348  -0.00374691  0.00359181  0.139318  0.152168  -0.755969  
0.0118433  -0.00359938  0.00349464  0.138953  0.110037  -0.782471  
0.0116943  -0.00362349  0.00352359  0.142304  0.167255  -0.778269  
0.0122841  -0.00398304  0.00334215  0.14458  0.120266  -0.797007  
0.0104627  -0.00503052  0.00345729  0.180214  0.168467  -0.865095  
0.00841451  0.00446278  -0.00045585  -0.0840953  0.119264  -0.839236  
0.00915023  -0.00134701  0.00222279  0.0967592  0.111239  -0.898621  
0.00874617  -0.0039283  0.00270613  0.135674  0.141405  -0.91533  
0.0073438  -0.00277404  0.00194034  0.112858  0.108592  -0.883796  
0.00741801  -0.00310668  0.000645937  0.0770571  0.071484  -0.902014  
0.00716494  -0.00399131  -0.00190218  0.0686391  0.104229  -0.915367  
0.00706617  -0.00399131  0.000392453  0.104974  0.123662  -0.919074  
0.00840679  -0.00403158  0.000199574  0.0984266  0.0710961  -0.974385  
0.00956352  -0.00320667  0.000475159  0.106841  0.150943  -1.05529  
0.0084074  -0.00510671  0.00163794  0.159846  0.124258  -0.933496  
0.00850936  -0.00494304  0.00164632  0.154232  0.102732  -0.933479  
0.00914451  -0.00513966  0.00157834  0.160704  0.0789311  -0.953726  
0.00787647  -0.00523281  0.0017717  0.153842  0.152823  -0.898472  
0.00879642  -0.00517822  0.00154204  0.158724  0.0847866  -0.945438  
0.00841734  -0.00514501  0.00164764  0.156545  0.124817  -0.919495  
0.0091431  -0.00472334  0.00159357  0.152709  0.112642  -0.951228  
0.00879995  -0.00416826  0.00207508  0.157115  0.150935  -0.967883  
0.00842027  -0.004232  0.00179796  0.145326  0.209277  -0.971972  
0.00916005  -0.00436483  0.00149671  0.142278  0.0957834  -0.94436  
0.00968754  -0.00457248  0.00150091  0.145576  0.114728  -0.97466  
0.00898101  -0.00441597  0.00150277  0.142302  0.137685  -0.949479  
0.00995671  -0.0042152  0.00109905  0.13848  0.0919307  -0.956867  
0.00972043  -0.00391962  0.00128664  0.12557  0.148457  -0.947575  
0.00995644  -0.00386823  0.00125286  0.119755  0.140162  -0.940739  
0.0101811  -0.00369447  0.00123883  0.122345  0.139503  -0.957425  
0.00957881  -0.00373558  0.00131863  0.117716  0.172493  -0.933588  
0.0104289  -0.00366753  0.000949422  0.120322  0.122032  -0.947936  
0.00975306  -0.00364373  0.00111631  0.126452  0.158672  -0.966501  
0.0104042  -0.00354136  0.00129246  0.11523  0.126819  -0.930738  
0.0113087  -0.00358718  0.0012365  0.115594  0.131428  -0.95573  
0.0103924  -0.00356352  0.00141032  0.109789  0.152643  -0.911938  
0.0115357  -0.00328507  0.00124952  0.11285  0.109103  -0.954952  
0.0105777  -0.00323665  0.00138837  0.110805  0.158511  -0.927087  
0.0110838  -0.00344945  0.00118461  0.113329  0.124146  -0.925514  
0.0108404  -0.00329218  0.00117537  0.112579  0.152141  -0.942986  
0.0106706  -0.00322003  0.00134633  0.106721  0.154907  -0.912551  
0.0112586  -0.00327348  0.00119482  0.110435  0.128015  -0.941238  
0.0114423  -0.00370285  0.00130283  0.121113  0.15913  -0.969102  
0.0106331  -0.00502645  0.00197778  0.140735  0.170108  -0.953222  
0.0111178  -0.00436637  0.00134323  0.128293  0.153702  -0.930349  
0.0116232  -0.00433993  0.00150683  0.126691  0.14774  -0.955985  
0.0115301  -0.00399978  0.00186578  0.131838  0.146225  -0.969764  
0.0111223  -0.00385359  0.00178992  0.134852  0.0809311  -0.969713  
0.0110662  -0.00369587  0.00164138  0.13006  0.190434  -0.977527  
0.0121455  -0.00403471  0.00158706  0.12824  0.150406  -0.989677  
0.0116941  -0.00422586  0.00179853  0.133396  0.177178  -0.98922  
0.0123714  -0.00432915  0.0019175  0.135081  0.170446  -0.965629  
0.0135252  -0.00435316  0.00189467  0.13883  0.157511  -0.993927  
0.0131859  -0.00440819  0.00206241  0.141447  0.194886  -1.01122  
0.0134758  -0.00451532  0.00201623  0.137769  0.18377  -0.997649  
0.0143304  -0.0045056  0.00196427  0.1419  0.1702  -1.01577  
0.0128702  -0.00460504  0.00213078  0.142567  0.201606  -0.988535  
0.0139365  -0.00446029  0.00198794  0.136845  0.172251  -0.981359  
0.0141645  -0.0041657  0.00204543  0.139445  0.193017  -1.01288  
0.0137511  -0.00443456  0.00210134  0.131459  0.204817  -0.982469  
0.0142258  -0.00414909  0.00207991  0.137739  0.167911  -1.00682  
0.0144715  -0.00410218  0.00214756  0.13284  0.190663  -1.02684  
0.0143716  -0.00409359  0.00224666  0.133298  0.200228  -1.00308  
0.015428  -0.0039724  0.00212501  0.131543  0.177695  -1.02638  
0.0151144  -0.0040388  0.00210836  0.137216  0.213254  -1.03993  
0.0153897  -0.00380779  0.00215574  0.127444  0.210812  -1.01292  
0.01589  -0.00406205  0.00217172  0.132339  0.201899  -1.01595  
0.0159657  -0.00402772  0.00215676  0.133088  0.22661  -1.02892  
0.0150849  -0.00377909  0.00225997  0.12993  0.239788  -1.0129  
0.0152685  -0.0038514  0.0019968  0.125584  0.200776  -0.994208  
0.0154772  -0.00397707  0.00200234  0.13256  0.211572  -1.02832  
0.014912  -0.0040291  0.00208437  0.122776  0.221146  -0.988752  
0.0158117  -0.00383823  0.0020363  0.125264  0.17745  -1.03377  
0.0153415  -0.00376987  0.00228737  0.131524  0.232813  -1.02786  
0.0155054  -0.00388007  0.00218667  0.129256  0.196683  -1.01503  
0.0159516  -0.00380871  0.00223104  0.130724  0.204502  -1.01609  
0.0155399  -0.00401794  0.00224495  0.129208  0.22054  -1.02581  
0.0144201  -0.00387944  0.00235259  0.133951  0.213114  -0.984976  
0.0151122  -0.00391428  0.00226583  0.136532  0.173022  -1.00673  
0.0150869  -0.00405138  0.00218351  0.137626  0.206679  -1.00924  
0.0142221  -0.00415946  0.00223896  0.135058  0.209871  -0.99714  
0.0139729  -0.00406413  0.00194988  0.138169  0.15812  -0.996945  
0.0144149  -0.00391855  0.00203788  0.135948  0.203846  -1.02907  
0.0141602  -0.00370095  0.00220661  0.130349  0.19463  -1.01703  
0.0149527  -0.00363748  0.00203305  0.129545  0.148246  -1.02067  
0.0141883  -0.00388873  0.00215194  0.135727  0.192563  -1.00049  
0.0142756  -0.00426954  0.00181694  0.134435  0.172806  -1.02626  
0.0125225  -0.0045379  0.00177091  0.141163  0.174145  -1.01561  
0.0130535  -0.0060185  0.00236663  0.174236  0.141025  -1.06745  
0.0122105  -0.00532207  0.00246334  0.163181  0.198171  -1.03809  
0.0128249  -0.00501999  0.00230364  0.152659  0.18227  -1.00266  
0.0135607  -0.00491404  0.00211751  0.149122  0.17989  -1.04865  
0.0138167  -0.0043025  0.00221828  0.133828  0.21173  -1.00558  
0.0142626  -0.00416825  0.00220762  0.130767  0.17916  -1.00234  
0.0143105  -0.00411734  0.0022039  0.128196  0.185983  -1.04334  
0.0128465  -0.00367392  0.00192552  0.130381  0.148168  -0.997644  
0.0128882  -0.00469801  0.00182388  0.147179  0.171328  -1.03225  
0.0125978  -0.00473508  0.00197603  0.149449  0.185272  -1.03517  
0.0124711  -0.00473074  0.00209602  0.144473  0.16821  -0.989682  
0.0133324  -0.00496334  0.00204972  0.151259  0.154824  -1.04413  
0.0119056  -0.00563046  0.00237102  0.163255  0.168926  -1.00503  
0.0123451  -0.00528881  0.00214505  0.154015  0.151126  -1.00504  
0.0120057  -0.0052328  0.00209336  0.155204  0.182991  -1.00879  
0.0119363  -0.00527734  0.0022604  0.152875  0.193499  -0.971975  
0.0125417  -0.00551523  0.00231819  0.155742  0.173547  -1.00588  
0.012506  -0.00542276  0.00236396  0.157603  0.185634  -1.02261  
0.0123897  -0.00532988  0.00239452  0.155021  0.200473  -1.00446  
0.0129135  -0.00535729  0.00227647  0.15289  0.153385  -1.01832  
0.0127724  -0.00554135  0.00237882  0.157278  0.182421  -1.04253  
0.0118787  -0.00534428  0.00232579  0.1528  0.182459  -0.978175  
0.0131107  -0.0055835  0.00233984  0.156591  0.148741  -1.05403  
0.0124207  -0.0053456  0.00245035  0.155527  0.179316  -1.00737  
0.0131421  -0.00554784  0.00227144  0.154047  0.166851  -1.03925  
0.0126215  -0.00558874  0.00224549  0.159147  0.176875  -1.02515  
0.0126535  -0.00574339  0.00231838  0.156256  0.171347  -1.03469  
0.0120373  -0.00558753  0.0022852  0.158103  0.18101  -0.998305  
0.0118821  -0.00563322  0.00229378  0.158301  0.174719  -1.0236  
0.011037  -0.00534662  0.00240744  0.154705  0.186423  -0.941032  
0.0100879  -0.00550213  0.00267686  0.161103  0.190774  -0.994461  
0.0123054  -0.00621167  0.00231725  0.167321  0.073261  -1.08039  
0.0121334  -0.00603344  0.00246988  0.161869  0.117852  -1.02931  
0.0122799  -0.00595776  0.00247429  0.164588  0.126377  -1.04314  
0.0112441  -0.00560901  0.00257548  0.164673  0.181911  -1.02827  
0.0118641  -0.00579081  0.0025586  0.16414  0.166905  -0.995678  
0.0118061  -0.00592572  0.00253171  0.162495  0.191215  -1.02472  
0.0108394  -0.00535901  0.00261379  0.159229  0.217126  -0.967681  
0.0110794  -0.00572894  0.0023392  0.159691  0.134283  -1.01714  
0.010705  -0.00553911  0.00222132  0.157011  0.178673  -0.982352  
0.0112351  -0.00582082  0.00221046  0.160151  0.139423  -1.02814  
0.0107841  -0.00556589  0.00229136  0.158049  0.153963  -0.986972  
0.0114011  -0.00535423  0.00218536  0.153987  0.108511  -0.992615  
0.0110871  -0.00565581  0.00226438  0.155044  0.153768  -0.987075  
0.0107126  -0.00512525  0.00224816  0.146743  0.140418  -0.90383  
0.00885706  -0.00339414  0.00282877  0.15401  0.241011  0.0684417  
0.00474526  -0.00318763  0.00261752  0.158796  0.131009  0.440857  
0.00443586  -0.00446259  0.00282754  0.171515  0.0189016  0.219662  
0.0047473  -0.00440703  0.00294033  0.171949  0.0332946  0.167381  
0.00431699  -0.00448279  0.00308351  0.166014  0.0791358  0.166387  
0.00463069  -0.00440806  0.00305223  0.163942  0.0752509  0.160556  
0.0048132  -0.00447428  0.00287148  0.16597  0.0701134  0.13772  
0.00398943  -0.00457159  0.00302653  0.166021  0.132444  0.148561  
0.00468068  -0.00427765  0.00281596  0.163918  0.0895764  0.124829  
0.00428688  -0.00442922  0.00300561  0.166007  0.121315  0.160975  
0.00413189  -0.0047491  0.00301604  0.169274  0.0918931  0.0957446  
0.00372707  -0.0046844  0.00288493  0.165915  0.0846797  0.0934428  
0.00387596  -0.00453532  0.00278736  0.170484  0.0556745  0.0563811  
0.00405615  -0.00433269  0.00294093  0.165831  0.054839  0.0778449  
0.00391645  -0.00454839  0.00283442  0.163733  0.0808077  0.102617  
0.00445069  -0.00454811  0.00262555  0.165836  0.0302244  0.0578196  
0.00355975  -0.00468756  0.00262508  0.163075  0.0581398  0.0696945  
0.00318529  -0.00455482  0.00240742  0.153364  0.0944359  0.0829265  
0.00424396  -0.00418798  0.00226249  0.151009  0.0531596  0.0587245  
0.00401143  -0.00428442  0.00227943  0.155542  0.0801363  0.030736  
0.00376483  -0.00424706  0.00234513  0.153633  0.0909485  0.0688528  
0.00422306  -0.00395735  0.00218008  0.152263  0.0588999  0.0511135  
0.00357847  -0.00419704  0.00227067  0.154154  0.0974446  0.0489216  
0.00393928  -0.00413942  0.0022796  0.153775  0.0631096  0.0432122  
0.00400643  -0.00417674  0.00225403  0.156538  0.0470523  0.015358  
0.00372174  -0.00440374  0.00225032  0.150211  0.0876226  0.0617422  
0.00421633  -0.00421003  0.00230072  0.152201  0.0578606  0.0864321  
0.00364704  -0.0045637  0.0022939  0.156618  0.0722555  0.0777104  
0.00308426  -0.00450583  0.00229577  0.154923  0.101619  0.0917019  
0.00314981  -0.00476175  0.00215661  0.153987  0.0654919  0.0973945  
0.0026014  -0.00486921  0.00224193  0.152405  0.0954776  0.069792  
0.00267909  -0.00484368  0.002278  0.153182  0.0580229  0.107259  
0.00282618  -0.00471713  0.00223174  0.153434  0.0561614  0.0499312  
0.00193941  -0.00492053  0.00234515  0.153668  0.0764039  0.105106  
0.00242988  -0.00481394  0.00224457  0.155888  0.0134286  0.0444976  
0.00197639  -0.00497355  0.00236998  0.155383  0.0654065  0.0700327  
0.00245284  -0.00507616  0.00226363  0.159931  0.0205974  0.0600555  
0.00192445  -0.00513746  0.00211816  0.149588  0.0752159  0.0815777  
0.0019227  -0.0050761  0.00220043  0.148257  0.0383779  0.0741183  
0.000711152  -0.00517081  0.00186793  0.145638  0.0928906  0.0872608  
0.00154389  -0.0050934  0.0022632  0.150649  0.0367499  0.089542  
0.00167785  -0.00532052  0.00216439  0.146936  0.0624685  0.0485777  
0.00109573  -0.00511081  0.00208915  0.149153  0.0907527  0.100946  
0.00151754  -0.00546346  0.00226854  0.15631  0.023475  0.0340205  
0.00119207  -0.00509186  0.00238048  0.149696  0.0314803  0.0873674  
0.00187135  -0.00516899  0.00225664  0.148914  0.00209987  0.0391893  
0.00185837  -0.00532039  0.002333  0.148234  0.0578276  0.0494452  
0.00218846  -0.00520793  0.00230684  0.15264  0.0528442  0.0603813  
0.00225233  -0.00516829  0.00219212  0.152616  0.0675116  0.0628387  
0.00142825  -0.00535661  0.00212978  0.153156  0.102209  0.0285906  
0.00325313  -0.005226  0.00192945  0.159969  0.0674651  0.0276379  
0.00199355  -0.00525192  0.00194057  0.154618  0.102085  0.0267015  
0.00232543  -0.00514318  0.00205197  0.148448  0.0792756  0.0425685  
0.0026613  -0.00544405  0.00187493  0.156212  0.0315536  0.0596744  
0.00184787  -0.00580833  0.00202867  0.161742  0.0672016  0.0524456  
0.00176594  -0.00558093  0.00200899  0.148469  0.0452024  0.0601294  
0.00221242  -0.00564213  0.00189988  0.150829  0.0368727  0.0543687  
0.00165439  -0.00573934  0.00159863  0.148253  0.0760738  0.0474669  
0.00205713  -0.00563979  0.00192769  0.149372  0.0613019  0.0664385  
0.00198723  -0.00559281  0.00183693  0.149491  0.0457883  0.0591079  
0.00107217  -0.00561644  0.00157061  0.14729  0.0947829  0.0560312  
0.00211805  -0.00547426  0.00184766  0.15062  0.0490896  0.0719304  
0.00166573  -0.0056288  0.00192758  0.153421  0.0586539  0.0459313  
0.00109512  -0.00554363  0.00164483  0.149762  0.0731352  0.0779921  
0.0010776  -0.00551118  0.00200193  0.149376  0.00528293  0.0429578  
0.000471787  -0.0054707  0.00194323  0.144548  0.043811  0.0544261  
0.00147593  -0.00553793  0.00167244  0.143696  0.0330286  0.0601657  
0.00108797  -0.00563501  0.00196583  0.144642  0.0243961  0.0563207  
0.00100979  -0.00546816  0.00173325  0.149978  0.0712093  0.0633738  
0.00102262  -0.00545022  0.00158667  0.146603  0.0525491  0.0698412  
0.000845444  -0.0054212  0.0019537  0.143216  0.0146388  0.0203671  
0.000595071  -0.00541161  0.00149909  0.134469  0.0599457  0.048283  
0.00117385  -0.00538956  0.00185485  0.143896  0.0267291  0.0439563  
0.000478656  -0.00541484  0.00126426  0.142181  0.083664  0.0397509  
0.000657852  -0.00533505  0.00130144  0.136577  0.0629159  0.0633792  
0.000938391  -0.00544017  0.00189916  0.141088  0.0263292  0.0353038  
0.000450833  -0.00543674  0.00123385  0.139168  0.111212  0.0595556  
0.00130411  -0.00531185  0.00179988  0.14021  0.0452242  0.0751682  
0.00130015  -0.00525381  0.00177854  0.136602  0.0500771  0.0381586  
0.000685007  -0.00522329  0.00151123  0.129402  0.0698432  0.0519302  
0.00136366  -0.00506314  0.00175788  0.13653  0.020327  0.0536468  
0.00127198  -0.0052878  0.00168086  0.136555  0.0392694  0.042826  
0.000274485  -0.00528185  0.00104589  0.136638  0.0958726  0.0428319  
0.00116304  -0.0052705  0.00171969  0.136629  0.0201515  0.0513998  
0.00104668  -0.00526888  0.00164121  0.136559  0.0539049  0.0207038  
0.000917811  -0.0051656  0.00180642  0.129256  0.0352121  0.0547236  
0.00105977  -0.00520352  0.00178099  0.136505  0.0432422  0.0233355  
0.000869567  -0.00515306  0.00124938  0.131348  0.0773361  0.041879  
0.00145865  -0.00507051  0.001742  0.130684  0.0503589  0.061353  
0.000236669  -0.0052195  0.00117376  0.131196  0.0989614  0.0353735  
0.000998551  -0.00518545  0.00174315  0.130083  0.0444068  0.0574363  
0.00126322  -0.0051537  0.00165939  0.132293  0.0373683  0.0324132  
0.000416126  -0.00513481  0.00167121  0.134261  0.0609735  0.0440202  
0.00130948  -0.00520461  0.00188579  0.132871  0.0123931  0.0487955  
0.00103045  -0.0053046  0.00155351  0.127863  0.054961  0.0264902  
0.000692572  -0.00521877  0.00184303  0.131012  0.0426638  0.0408987  
0.00121941  -0.0051275  0.00179143  0.136566  0.0147286  0.0449109  
0.000365878  -0.0053601  0.00107489  0.129629  0.0814637  0.03654  
0.000485482  -0.00528516  0.00117458  0.126322  0.0540963  0.0501761  
0.000833182  -0.00530119  0.00174935  0.132562  -0.00558249  0.0157258  
0.00013685  -0.00532242  0.00110602  0.128907  0.0872846  0.0256688  
0.000450569  -0.00519275  0.00187626  0.136467  0.00867214  0.023103  
-0.000532408  -0.00510926  0.00119799  0.125432  0.064185  0.0169769  
-7.99174e-05  -0.00534448  0.00155762  0.136534  -0.0620597  0.00616394  
-0.00210721  -0.00445003  0.00200012  0.13044  0.0100768  0.0505369  
-0.0020824  -0.00433373  0.00176907  0.125754  -0.0533946  0.0412385  
-0.00308264  -0.0041462  0.00147731  0.110788  -0.00489823  0.0315085  
-0.00297378  -0.00404886  0.00137818  0.107791  -0.052948  0.0572791  
-0.00325534  -0.00405597  0.00132653  0.108421  -0.0420255  0.0411552  
-0.00382169  -0.00378323  0.00136401  0.110732  -0.0225083  0.0872153  
-0.00290893  -0.00431872  0.00132369  0.117302  -0.099914  0.0429651  
-0.00387015  -0.00389375  0.00137896  0.116665  -0.0499146  0.10162  
-0.00343866  -0.00433317  0.00152184  0.117379  -0.102522  0.0643015  
-0.00412497  -0.00415608  0.00164695  0.116016  -0.0480589  0.0764099  
-0.00339579  -0.00419026  0.00157967  0.115834  -0.0815239  0.107333  
-0.0034315  -0.00425072  0.00150498  0.114332  -0.0694575  0.0687239  
-0.00401407  -0.0042161  0.00170276  0.120845  -0.030175  0.115022  
-0.00315381  -0.00441695  0.00176024  0.120832  -0.0938043  0.0844783  
-0.00411499  -0.00411004  0.00157813  0.118261  -0.035808  0.0964882  
-0.00378883  -0.00419132  0.00145416  0.111796  -0.0697816  0.0977241  
-0.00366243  -0.00434828  0.00150414  0.116153  -0.0627377  0.0728786  
-0.00428934  -0.00421369  0.00150044  0.117059  -0.0404871  0.0930561  
-0.00373053  -0.00441055  0.00119723  0.114489  -0.0890014  0.0640729  
-0.00387354  -0.00435167  0.00112458  0.113998  -0.048986  0.0842692  
-0.00400297  -0.00453915  0.00125067  0.116562  -0.0596151  0.06897  
-0.00409659  -0.00421256  0.00128459  0.112785  -0.0482361  0.0911673  
-0.00353943  -0.0044072  0.00123927  0.117768  -0.0878967  0.0611882  
-0.00418293  -0.00434815  0.00135952  0.114662  -0.0380239  0.0592968  
-0.00375008  -0.00424471  0.00128543  0.110876  -0.0573292  0.070651  
-0.00377474  -0.00447237  0.00128183  0.115916  -0.0569601  0.0623383  
-0.00427271  -0.00424917  0.00135385  0.117599  -0.0320152  0.0553318  
-0.00426504  -0.00419811  0.00152612  0.120488  -0.0492689  0.0759805  
-0.00382211  -0.0045787  0.00130657  0.121588  -0.0882032  0.0431579  
-0.00422543  -0.00447673  0.00148202  0.124629  -0.0663555  0.0412513  
-0.00390245  -0.00445403  0.00152854  0.124662  -0.0674598  0.0587279  
-0.00369573  -0.00453697  0.00151057  0.129831  -0.0731619  0.0447609  
-0.00417542  -0.00437603  0.00162369  0.12912  -0.0315407  0.0469053  
-0.00396716  -0.00439782  0.00152024  0.120455  -0.0486407  0.0715661  
-0.00401461  -0.00443291  0.00153183  0.120873  -0.0514042  0.0395662  
-0.00464151  -0.00388724  0.00158166  0.122367  -0.0163413  0.0589351  
-0.00370851  -0.00432593  0.00140751  0.118161  -0.0898126  0.0149736  
-0.00432791  -0.00402162  0.00143827  0.106982  -0.0342152  0.0607569  
-0.00320997  -0.00448047  0.00141635  0.11308  -0.0895708  0.0546611  
-0.00423321  -0.00393297  0.00137859  0.111986  -0.0269413  0.0731266  
-0.0025258  -0.00430588  0.00156983  0.115025  -0.0720793  0.0496945  
-0.00337001  -0.00436048  0.00144291  0.118003  -0.0185191  0.0421485  
-0.00389554  -0.00400892  0.00147808  0.112619  -0.00761765  0.0865021  
-0.00341963  -0.00422786  0.00129649  0.109307  -0.0541174  0.023605  
-0.00390438  -0.00389526  0.00138608  0.11002  0.00600829  0.0540609  
-0.00343828  -0.00401194  0.00139041  0.111554  -0.0961068  0.00827141  
-0.00392341  -0.00386096  0.00171031  0.117754  -0.000741256  0.0932595  
-0.00367478  -0.00384993  0.00161278  0.115531  -0.0379629  0.0417892  
-0.00225104  -0.00452445  0.00118741  0.114932  -0.156763  0.0296515  
-0.00342094  -0.00358904  0.00138781  0.101499  -0.0220919  0.126085  
-0.00208863  -0.00402999  0.00137035  0.0976804  -0.0687036  0.0745566  
-0.00339258  -0.00384786  0.00104358  0.088725  0.0485289  0.143807  
-0.00131195  -0.00227402  0.00166155  0.0814915  -0.0182819  0.134837  
-0.00592602  -0.00362519  0.000930241  0.0887765  0.00543049  0.098709  
-0.00386823  -0.00391503  0.000642678  0.0818205  -0.0543658  0.0201558  
-0.000122734  -0.00180404  0.000222171  0.103353  0.0728619  0.136527  
-0.000569411  -0.00135262  0.000146326  0.0976804  0.0868877  0.126488  
-0.00147654  -0.0015737  -9.34942e-05  0.0926931  -0.0855913  0.155144  
-0.000298602  -0.00424586  8.20814e-06  0.0754717  -0.113717  -0.0167329  
-0.000591518  -0.00348075  0.000396326  0.0741276  -0.0998276  0.00674082  
-0.000199438  -0.000919572  0.000253303  0.0908974  0.0669492  0.119404  
-0.000500034  -0.000831386  0.000146326  0.0785729  -0.089662  0.131892  
0.000151146  -0.000996524  0.000310921  0.0846373  0.0670971  0.127781  
-0.000241606  -0.00101953  0.000246867  0.0797561  0.0797695  0.17854  
0.000239017  -0.000991025  0.000273406  0.0846423  0.0642277  0.145106  
-0.000539878  -0.00104892  0.000146326  0.0800803  0.106017  0.1427  
0.000305345  -0.00103872  0.00041822  0.0846429  0.0513212  0.126949  
-0.000311968  -0.00115946  0.000358445  0.0906708  0.0840665  0.13068  
-0.000645421  -0.00136497  0.00028611  0.0887839  -0.0825873  0.136779  
-0.000113103  -0.000945473  0.000374732  0.087895  0.0565924  0.12227  
-1.99249e-05  -0.000945473  0.000475136  0.0846349  0.0495104  0.150868  
-0.000314283  -0.000945473  0.000365547  0.0846431  -0.0807264  0.12932  
-0.000187361  -0.000945473  0.000561139  0.0846347  0.0829252  0.131355  
-9.47461e-05  -0.00120155  0.000595899  0.0846481  0.0600618  0.128118  
-3.74221e-05  -0.00346145  0.00162494  0.0846864  -0.00200268  -0.00566367  
-0.000512265  -0.00117249  0.000796223  0.0846599  0.0821755  0.109659  
-0.00126314  -0.00502344  0.00241787  0.132142  -0.011099  -0.0319949  
-0.000460269  -0.00599594  0.00342389  0.180787  -0.00572069  -0.0586999  
-0.00350219  -0.00136255  0.00123571  0.0594667  -0.0263494  0.0107139  
-0.00503494  0.00666562  -0.001699  -0.129917  -0.0851249  0.0246493  
-0.00400047  0.00489724  -0.00141044  -0.095613  -0.106492  0.0203301  
-0.00485006  0.00492436  -0.00143773  -0.10883  -0.0694737  0.021544  
-0.00383782  0.0051189  -0.00152804  -0.105516  -0.114154  0.0580076  
-0.00427274  0.00462871  -0.00148093  -0.0939146  -0.07511  0.030216  
-0.00454021  0.00432502  -0.00143409  -0.0914921  -0.0986209  0.0570275  
-0.00426341  0.00431938  -0.00146603  -0.091795  -0.104285  0.0277426  
-0.00478073  0.00422595  -0.00137062  -0.0895875  -0.0661118  0.0404391  
-0.00440412  0.00421798  -0.00142063  -0.0939654  -0.100035  0.0199416  
-0.00430757  0.00404528  -0.00141658  -0.0852508  -0.0840795  0.0167381  
-0.00481344  0.00377253  -0.0012347  -0.0810184  -0.0704908  0.0161842  
-0.00457863  0.00355579  -0.00103803  -0.0768392  -0.0755755  0.0310385  
-0.0046628  0.0035207  -0.00107825  -0.0782653  -0.0891832  0.0397863  
-0.00449842  0.00348075  -0.00135199  -0.0781152  -0.103049  0.0132601  
-0.00492534  0.00326721  -0.00142457  -0.0700094  -0.0833207  0.0229841  
-0.00451076  0.00325588  -0.00141092  -0.0710972  -0.115496  0.0466192  
-0.00450134  0.00328999  -0.00125679  -0.06431  -0.101313  -0.00428152  
-0.00505665  0.00273939  -0.00113099  -0.0625278  -0.0711911  0.0495469  
-0.00463765  0.00304785  -0.00122435  -0.0650805  -0.102723  -0.00632712  
-0.00526809  0.00293401  -0.00114175  -0.0671221  -0.0608371  0.00358585  
-0.00504671  0.00283122  -0.00128513  -0.0717922  -0.0951852  0.0453359  
-0.00525361  0.0031357  -0.00101634  -0.0619816  -0.0934011  -0.0173499  
-0.00525989  0.0026745  -0.00110266  -0.0671998  -0.0870943  0.027371  
-0.00493702  0.00285938  -0.00125388  -0.064797  -0.113612  0.00390187  
-0.00567975  0.00249551  -0.00106037  -0.0612761  -0.0665818  0.0117745  
-0.00484171  0.00290198  -0.00114902  -0.0586915  -0.122902  -0.000808746  
-0.00518969  0.00321753  -0.000949428  -0.0613842  -0.0754809  -0.0176247  
-0.00489312  0.00273872  -0.0010437  -0.0632453  -0.0902699  0.0343389  
-0.00479174  0.00333668  -0.00114118  -0.0724519  -0.0768329  -0.00443087  
-0.00438909  0.00336916  -0.00128955  -0.0764306  -0.121881  0.0275915  
-0.00488475  0.00299729  -0.00109645  -0.0668688  -0.0597437  -0.0157812  
-0.00499923  0.00497287  -0.00211781  -0.17058  -0.102105  0.0445764  
-0.00387661  0.00578069  -0.00229506  -0.135024  -0.0977772  0.0182848  
-0.00507759  0.00475428  -0.00201521  -0.13332  -0.0461789  0.0703885  
-0.00369329  0.00497599  -0.00217937  -0.127732  -0.135152  0.0336713  
-0.00459159  0.00459199  -0.00218724  -0.127691  -0.0845962  0.0435263  
-0.00422702  0.00442064  -0.00208999  -0.124159  -0.116655  0.063818  
-0.0041284  0.00463315  -0.00208732  -0.120358  -0.106676  0.00309268  
-0.00446449  0.00439024  -0.00199111  -0.120671  -0.078512  0.0658396  
-0.00413417  0.00434871  -0.00194713  -0.116474  -0.111208  0.0376117  
-0.00455117  0.004051  -0.00172289  -0.114529  -0.0795948  0.0345658  
-0.00404536  0.00391335  -0.00178799  -0.104936  -0.11174  0.0701795  
-0.00388868  0.0038992  -0.00173362  -0.0965703  -0.0974725  0.0187723  
-0.00452584  0.00363032  -0.00157643  -0.0983768  -0.0806485  0.0500956  
-0.00397047  0.00378584  -0.00166791  -0.0972083  -0.112956  0.0426049  
-0.00444151  0.00377774  -0.00158844  -0.0941566  -0.0885808  0.011312  
-0.00464579  0.0037108  -0.00156892  -0.0973587  -0.0770184  0.0751205  
-0.00376072  0.00423768  -0.00168888  -0.0959738  -0.120503  -0.00671236  
-0.00443099  0.00380166  -0.00166632  -0.0966323  -0.094078  0.0443368  
-0.00400227  0.00415123  -0.0017847  -0.104758  -0.125995  -0.00243924  
-0.005244  0.00383799  -0.00143716  -0.102228  -0.0776419  0.0350169  
-0.00387525  0.00424177  -0.0016398  -0.1016  -0.148033  -0.0333104  
-0.00485073  0.00382177  -0.00151128  -0.10478  -0.087191  0.036212  
-0.00403325  0.00401473  -0.00161232  -0.10598  -0.141417  -0.00909524  
-0.00476161  0.00380835  -0.00149575  -0.103875  -0.0788617  0.0334302  
-0.00371273  0.00430759  -0.00157778  -0.103007  -0.124483  0.000854919  
-0.00461458  0.0037963  -0.00156558  -0.102022  -0.0705223  0.0318003  
-0.0038308  0.00390617  -0.0015852  -0.0999938  -0.114625  0.0199468  
-0.00473793  0.00362448  -0.00151263  -0.0976421  -0.0787597  0.00142955  
-0.00392568  0.0038582  -0.0013876  -0.0971561  -0.117589  0.0134446  
-0.00472473  0.0034372  -0.00135269  -0.0914808  -0.0719509  -0.00392709  
-0.00397599  0.00367017  -0.00138114  -0.0931594  -0.0750884  0.0280686  
-0.0043105  0.00383125  -0.00135518  -0.0943698  -0.0870479  -0.012863  
-0.00347231  0.00388173  -0.00126041  -0.0941558  -0.12275  0.0448331  
-0.00374207  0.00381384  -0.00140153  -0.0971344  -0.0923163  0.0247102  
-0.00418825  0.0034004  -0.00136333  -0.0975011  -0.0660478  0.0790772  
-0.00325106  0.00373854  -0.00146542  -0.099397  -0.093579  0.0323427  
-0.00373442  0.00349759  -0.000932742  -0.0715058  -0.0518576  -0.0227198  
-0.0041661  0.00345477  -0.00101759  -0.094065  -0.0533883  0.0392665  
-0.0037867  0.00371326  -0.00119657  -0.0989109  -0.0802738  0.0366297  
-0.00374254  0.00350145  -0.00108306  -0.0960089  -0.0798127  -0.00942415  
-0.00434203  0.00320127  -0.00102179  -0.0857804  -0.0510106  0.0120868  
-0.00408805  0.00298371  -0.0011175  -0.080869  -0.0823605  0.00625074  
-0.00372743  0.00333186  -0.00112622  -0.0850611  -0.0938574  -0.0215633  
-0.00397344  0.00243513  -0.00103631  -0.0769049  -0.0740391  -0.0311003  
-0.00387878  0.00260483  -0.00120219  -0.0871594  -0.0833968  0.012028  
-0.00347887  0.00275185  -0.00110037  -0.0782458  -0.105635  -0.0200742  
-0.00413128  0.00236367  -0.000864944  -0.0759241  -0.0629648  -0.0100117  
-0.00375449  0.00265357  -0.0008834  -0.0741051  -0.0955033  0.0102295  
-0.00389993  0.00174779  -0.000247827  -0.0887994  -0.0886051  -0.0221186  
-0.00461439  0.00207721  -0.000851815  -0.0737694  -0.0791625  -0.0241118  
-0.00432831  0.00218383  -0.0006815  -0.0735961  -0.0834838  -0.00422837  
-0.00394751  -0.000804193  0.000483725  0.0479498  -0.119019  -0.0454998  
-0.0048917  -0.000606604  0.000508228  0.0482902  -0.0743966  -0.0385978  
-0.00443399  -0.00068332  0.00157999  0.0214789  -0.103884  -0.00805979  
-0.00389204  -0.00112102  0.00155079  0.0270381  -0.11813  -0.0440775  
-0.00445379  -0.000896811  0.00107895  0.0322535  -0.0827551  -0.0244663  
-0.00447407  -0.000449328  0.00147063  -0.00300169  -0.0956848  -0.0034446  
-0.00403277  0.00241989  -0.000574845  -0.0787386  -0.118428  -0.0438981  
-0.004547  0.00217227  -0.000683662  -0.0853648  -0.0679288  -0.00775679  
-0.00385125  0.00229071  0.00151025  -0.0578389  -0.10973  -0.0521016  
-0.00458809  0.00127553  0.00164121  -0.0377178  -0.0522213  -0.0299779  
-0.004218  0.00138792  0.00159672  -0.0410047  -0.0927403  -0.021582  
-0.00416462  0.000993157  0.00185669  -0.0226979  -0.0792385  -0.0648633  
-0.00445277  0.0015371  0.0017001  -0.0393631  -0.0740473  0.00536711  
-0.00366591  -0.000953478  0.00132379  0.0325865  -0.116308  -0.0555223  
-0.00444547  -0.000660146  0.00144195  0.0213714  -0.0679397  -0.0256667  
-0.00356623  0.00280123  0.000307491  -0.0666816  -0.115683  -0.0403402  
-0.00451505  -0.000242548  0.000452802  -0.0832571  -0.0656265  -0.0416903  
-0.0027603  0.00336794  -0.00079887  -0.075143  -0.140613  -0.0400097  
-0.00444826  0.00274447  -0.000591718  -0.0779987  -0.0284398  -0.00818699  
-0.00348333  0.00341049  -0.000712583  -0.073023  -0.0961121  -0.0355424  
-0.00426094  0.00304929  -0.000840518  -0.0867572  -0.0554296  -0.0496652  
-0.00413979  0.00287525  -0.000498818  -0.0751928  -0.0535538  -0.00249864  
-0.00266501  0.00365683  -6.79751e-05  -0.0540802  -0.130428  -0.0307494  
-0.00430304  0.00313804  0.000398478  -0.048805  -0.0495644  -0.0055236  
-0.00376964  0.00318997  0.000312024  -0.0604779  -0.079092  0.0500179  
-0.00357945  0.00341496  -0.00107168  -0.0911023  -0.0780124  0.0663059  
-0.00292355  0.0040518  -0.00141757  -0.105026  -0.144288  0.0609694  
-0.00339182  0.00466015  -0.00170981  -0.125682  -0.103418  0.014752  
-0.00296676  0.00473271  -0.00199266  -0.138801  -0.110406  0.0719027  
-0.00288516  0.0051771  -0.00211179  -0.14887  -0.0932868  0.0382083  
-0.00333382  0.00489931  -0.00207997  -0.153504  -0.0561147  0.0773107  
-0.00243685  0.00531443  -0.00228286  -0.160517  -0.0862741  0.0280402  
-0.00371251  0.00507725  -0.00232941  -0.166972  -0.0261494  0.0447339  
-0.00327612  0.00506204  -0.00231633  -0.170012  -0.0753545  0.0893441  
-0.00352695  0.00534877  -0.00237108  -0.181852  -0.085578  0.0639411  
-0.00420861  0.00508095  -0.00244654  -0.184737  -0.0643346  0.12176  
-0.00337203  0.00527921  -0.00272694  -0.183659  -0.132636  0.0621544  
-0.00435704  0.00477161  -0.00282046  -0.179072  -0.0762115  0.0624549  
-0.00344585  0.00549927  -0.00300674  -0.200981  -0.112665  0.142664  
-0.00366368  0.00629002  -0.00358402  -0.228828  -0.0807071  0.117082  
-0.00345961  0.0059759  -0.00339964  -0.21683  -0.097561  0.118846  
-0.00278378  0.00628078  -0.00320659  -0.210806  -0.0993076  0.0825426  
-0.00273198  0.00542858  -0.00277161  -0.181599  -0.0367269  0.116593  
-0.00195189  0.00570934  -0.00272132  -0.180803  -0.0900474  0.0448786  
-0.00294824  0.00558332  -0.00290057  -0.188276  -0.00752363  0.045835  
-0.00201613  0.00564334  -0.00268991  -0.179949  -0.104139  0.0285853  
-0.00345872  0.00519404  -0.00266222  -0.18613  0.0105354  0.1019  
-0.00234388  0.00547739  -0.00265793  -0.178606  -0.0786936  0.0400758  
-0.00288789  0.00533302  -0.00275801  -0.187384  -0.0370266  0.102025  
-0.00292721  0.00506947  -0.00291511  -0.179838  0.0102121  0.109353  
-0.00181986  0.00506357  -0.00264426  -0.16836  -0.127892  0.0657533  
-0.00245796  0.00525211  -0.00293968  -0.187864  -0.0552168  0.124053  
-0.00271771  0.00542276  -0.00278735  -0.180254  -0.0884668  0.0612295  
-0.00212513  0.00556839  -0.00286344  -0.18347  -0.0737026  0.0815927  
-0.001742  0.00567631  -0.00327557  -0.176616  -0.0243783  0.0124455  
-0.00144036  0.00571823  -0.00335805  -0.187559  -0.0282465  0.0430308  
-0.000668993  0.00600818  -0.00361102  -0.195374  -0.0308715  0.0211522  
-0.00160009  0.00593181  -0.00351679  -0.212347  0.00360003  0.104711  
-0.00126548  0.00635057  -0.0035825  -0.213665  -0.0495727  0.0652519  
-0.0019689  0.00625808  -0.00359077  -0.21904  -0.0135887  0.100242  
-0.00150284  0.00628799  -0.00344455  -0.214636  -0.0674383  0.0810795  
-0.00150316  0.00679515  -0.00376618  -0.226823  -0.0546762  0.0650696  
-0.0017223  0.00669354  -0.00375322  -0.233221  -0.0349249  0.105749  
-0.000932621  0.00716872  -0.00387016  -0.24182  -0.0836132  0.0823779  
-0.00177298  0.00696682  -0.00408077  -0.255068  -0.0403429  0.101492  
-0.00133679  0.00699038  -0.00417079  -0.248672  -0.0780745  0.112879  
-0.00139009  0.00734252  -0.00431644  -0.251044  -0.0640613  0.0640896  
-0.00173111  0.00705965  -0.00436726  -0.257095  -0.0355665  0.120074  
-0.00130834  0.00720382  -0.00415336  -0.254936  -0.0675  0.0888057  
-0.0019598  0.00701876  -0.00433315  -0.253543  -0.0168235  0.114958  
-0.00142946  0.00714761  -0.00432362  -0.25247  -0.0704236  0.106543  
-0.00182927  0.00718645  -0.00439926  -0.259604  -0.0419053  0.0946466  
-0.00140141  0.00712726  -0.00429602  -0.253755  -0.0762111  0.122866  
-0.00145189  0.00721844  -0.00435471  -0.252193  -0.0662031  0.086222  
-0.00202892  0.00690032  -0.00438982  -0.255829  -0.0528103  0.140467  
-0.00162409  0.00725701  -0.00418822  -0.251813  -0.0891367  0.0986573  
-0.00229244  0.00718937  -0.00441098  -0.25387  -0.0417437  0.0985996  
-0.00191674  0.0070161  -0.00432911  -0.25181  -0.0701604  0.101414  
-0.00211107  0.00726903  -0.00430356  -0.251791  -0.0510035  0.0697054  
-0.00247461  0.00686589  -0.004232  -0.257217  -0.045315  0.111733  
-0.00207014  0.00709859  -0.00428793  -0.263329  -0.0785019  0.080724  
-0.00237242  0.00695347  -0.00422887  -0.257027  -0.054561  0.0821773  
-0.00257609  0.00692128  -0.0042155  -0.256329  -0.0444647  0.122699  
-0.00224792  0.00675643  -0.00426199  -0.243908  -0.0776875  0.120041  
-0.00291904  0.00656274  -0.00402428  -0.240183  -0.0844624  0.0702782  
-0.0029168  0.00659  -0.00408223  -0.238412  -0.0968065  0.102587  
-0.00259178  0.00688059  -0.00416534  -0.239827  -0.0979162  0.0960543  
-0.0030824  0.00676341  -0.00430706  -0.252025  -0.0740656  0.104185  
-0.00249937  0.00699398  -0.00430756  -0.258996  -0.0837027  0.157161  
-0.00230477  0.007083  -0.00433516  -0.258837  -0.0974356  0.138741  
-0.00209219  0.00711527  -0.00435987  -0.256731  -0.0916171  0.154839  
-0.00241759  0.00768015  -0.00474224  -0.279048  -0.088649  0.163228  
-0.00320248  0.00716729  -0.00457244  -0.279497  -0.101814  0.168994  
-0.00255882  0.00761276  -0.00442259  -0.28498  -0.14742  0.130505  
-0.00297467  0.0080921  -0.00479359  -0.304224  -0.114408  0.119959  
-0.00263744  0.00834356  -0.00505519  -0.317361  -0.133239  0.142443  
-0.00232133  0.00811298  -0.00496516  -0.300076  -0.112025  0.11277  
-0.00252107  0.00835194  -0.00525868  -0.312876  -0.0972341  0.0862139  
-0.00210669  0.00828476  -0.00531516  -0.31294  -0.0691774  0.12704  
-0.00233096  0.00848703  -0.00536125  -0.321128  -0.0867358  0.106959  
-0.00276092  0.00858885  -0.00553307  -0.333147  -0.0698878  0.120759  
-0.00277031  0.00898109  -0.00567153  -0.347094  -0.12133  0.131514  
-0.00276843  0.00885424  -0.00558387  -0.340538  -0.133944  0.0927162  
-0.00316876  0.00873539  -0.00562869  -0.331455  -0.0884681  0.0897104  
-0.00343682  0.00840838  -0.00523347  -0.320779  -0.118519  0.101918  
-0.00265099  0.00930625  -0.00591009  -0.345696  -0.124292  0.0977383  
-0.00188895  0.0096301  -0.00650028  -0.358117  -0.0945287  0.0776866  
0.000546351  0.00935758  -0.00586953  -0.312125  -0.0831493  0.0129304  
-0.000121997  0.00961177  -0.0056923  -0.318699  -0.039925  0.0261744  
-0.000659612  0.0102122  -0.00619379  -0.353623  -0.0676685  0.107234  
-0.000846375  0.00994693  -0.00610688  -0.340973  -0.0874576  0.0732945  
-0.0018701  0.0098576  -0.00639492  -0.345502  -0.0331  0.058401  
-0.00311254  0.00942308  -0.00533085  -0.328814  -0.123848  0.0582942  
-0.00315805  0.00935232  -0.00537746  -0.325925  -0.0800604  0.00829546  
-0.00271697  0.00998036  -0.0056492  -0.346172  -0.0850526  0.0873093  
-0.00217102  0.0105617  -0.00665966  -0.37241  -0.0632743  0.0776483  
-0.00226598  0.0108  -0.00686613  -0.393834  -0.0934959  0.107017  
-0.00162936  0.0108343  -0.00690229  -0.389489  -0.140662  0.0837719  
-0.00243513  0.0106634  -0.00675024  -0.388228  -0.0745041  0.0745364  
-0.00195165  0.0110287  -0.00689773  -0.403563  -0.112215  0.110637  
-0.00175652  0.0113069  -0.00694351  -0.409243  -0.114061  0.0617528  
-0.0020768  0.0113466  -0.00716612  -0.413939  -0.0788653  0.0670412  
-0.00194764  0.0106152  -0.0068251  -0.382349  -0.0896311  0.0706898  
-0.00168998  0.0109487  -0.00688248  -0.395848  -0.0887107  0.0571607  
-0.00216832  0.0109231  -0.00679709  -0.395666  -0.0720843  0.0757297  
-0.00179248  0.0111413  -0.00680525  -0.400209  -0.118003  0.0750661  
-0.00199449  0.0113154  -0.00696027  -0.407643  -0.0954943  0.0639029  
-0.00187757  0.011662  -0.00710021  -0.415943  -0.129235  0.0943298  
-0.00183454  0.0116256  -0.00705008  -0.411335  -0.128919  0.0735632  
-0.00234895  0.0117343  -0.00708645  -0.419334  -0.107533  0.128614  
-0.00195101  0.0116231  -0.00699849  -0.40991  -0.156191  0.0910401  
-0.00237816  0.0118928  -0.00718601  -0.419712  -0.120522  0.0734959  
-0.00232699  0.0117245  -0.00716635  -0.423982  -0.128624  0.102471  
-0.00202918  0.0124664  -0.00719641  -0.436339  -0.147905  0.0773577  
-0.00236693  0.0123025  -0.00725006  -0.43727  -0.103923  0.0908249  
-0.00209244  0.0118099  -0.00707537  -0.41849  -0.127876  0.0935603  
-0.00201338  0.0114501  -0.00677907  -0.398293  -0.136884  0.0527344  
-0.00156178  0.0115069  -0.00667226  -0.397727  -0.133367  0.0740495  
-0.00168346  0.0118368  -0.0067437  -0.403067  -0.114841  0.0465638  
-0.00219292  0.0117641  -0.00686109  -0.40165  -0.0926738  0.0692826  
-0.0019021  0.01136  -0.00659762  -0.389951  -0.143507  0.0760852  
-0.00218056  0.0111732  -0.0064021  -0.385023  -0.107642  0.0660548  
-0.00237866  0.0112668  -0.00646664  -0.396913  -0.129215  0.0900319  
-0.00220542  0.0112949  -0.00618906  -0.383842  -0.141112  0.0829624  
-0.00246456  0.0115421  -0.00655673  -0.392823  -0.111117  0.106713  
-0.00197431  0.0116768  -0.00650462  -0.39383  -0.168967  0.100614  
-0.00178927  0.0117399  -0.00656941  -0.391094  -0.143025  0.0838825  
-0.00199667  0.0109866  -0.00627558  -0.373806  -0.0976254  0.120154  
-0.00131193  0.0110613  -0.00627271  -0.374981  -0.13415  0.117091  
-0.00164373  0.0109952  -0.0063325  -0.378655  -0.0915288  0.110282  
-0.00155833  0.0110298  -0.00616723  -0.376146  -0.0983193  0.117617  
-0.0014292  0.0111958  -0.00613596  -0.374789  -0.123463  0.104423  
-0.00195162  0.0110115  -0.00612806  -0.3697  -0.070726  0.110718  
-0.00122216  0.0107293  -0.00590923  -0.363236  -0.142409  0.110032  
-0.0018447  0.0111689  -0.0064434  -0.385217  -0.125539  0.109787  
-0.00204375  0.0116525  -0.00659391  -0.40117  -0.140149  0.140426  
-0.00172231  0.0112096  -0.00648582  -0.383171  -0.155014  0.122362  
-0.00195631  0.0115675  -0.00665869  -0.394635  -0.103358  0.132535  
-0.00153381  0.0119625  -0.00685163  -0.40984  -0.136618  0.139918  
-0.00149766  0.01207  -0.00686803  -0.406368  -0.136145  0.104653  
-0.00175782  0.0120218  -0.00693094  -0.416005  -0.101242  0.146184  
-0.00131135  0.0120175  -0.00701157  -0.41112  -0.131854  0.130585  
-0.00154939  0.0114976  -0.00690616  -0.400197  -0.0985148  0.122553  
-0.00180807  0.0116457  -0.00694062  -0.411308  -0.119333  0.155392  
-0.0013718  0.0120372  -0.00691391  -0.410275  -0.145713  0.116117  
-0.00174423  0.0116627  -0.00707251  -0.408562  -0.0987459  0.123536  
-0.00133285  0.0117997  -0.00707225  -0.408076  -0.152331  0.124898  
-0.0017509  0.0117996  -0.00710176  -0.409279  -0.111304  0.108514  
-0.00145626  0.0119728  -0.00714576  -0.415861  -0.136679  0.150265  
-0.00154528  0.0122178  -0.00705457  -0.419152  -0.145002  0.122584  
-0.00180849  0.0121627  -0.00709593  -0.424633  -0.108391  0.153541  
-0.00150532  0.0114363  -0.00687619  -0.400098  -0.120367  0.149767  
-0.00126499  0.0119191  -0.00698684  -0.407  -0.121708  0.137381  
-0.00159051  0.0124043  -0.00698753  -0.424141  -0.103141  0.166066  
-0.00128274  0.0125717  -0.00704679  -0.424644  -0.146197  0.153886  
-0.00150461  0.0125478  -0.00715597  -0.423291  -0.112319  0.13507  
-0.00191863  0.0120602  -0.00699021  -0.410415  -0.103201  0.155622  
-0.000924046  0.0124197  -0.007067  -0.410216  -0.136226  0.16707  
-0.0012629  0.0146489  -0.00784781  -0.478264  -0.126239  0.205055  
-0.0011218  0.014842  -0.00796803  -0.47878  -0.15468  0.246943  
-0.00123135  0.0143153  -0.00791134  -0.459348  -0.167891  0.188578  
-0.0010838  0.0142374  -0.00804936  -0.46085  -0.128708  0.16872  
-0.000923754  0.0144993  -0.00824297  -0.472392  -0.142596  0.193603  
-0.000674378  0.0138236  -0.00805594  -0.452471  -0.12364  0.155595  
-0.0012733  0.0138298  -0.00779614  -0.443774  -0.0889342  0.183456  
-0.0014506  0.0141413  -0.0078037  -0.458536  -0.112708  0.268401  
-0.00177786  0.013121  -0.00715303  -0.428694  -0.155027  0.192562  
-0.00167875  0.0146214  -0.00743099  -0.458778  -0.142992  0.186145  
-0.000816179  0.0139168  -0.00726087  -0.434751  -0.170808  0.161204  
-0.00119369  0.0132834  -0.00673659  -0.423626  -0.157416  0.148849  
-0.00213479  0.0147935  -0.00698374  -0.460993  -0.133677  0.255716  
-0.00169912  0.0155193  -0.0067518  -0.458739  -0.161334  0.251278  
-0.00175728  0.0155264  -0.00660043  -0.456578  -0.113854  0.244011  
-0.00117085  0.0163007  -0.00654881  -0.481961  -0.17687  0.260225  
-0.000976709  0.0159361  -0.00678944  -0.482676  -0.157992  0.208564  
-0.00123083  0.0157139  -0.00703317  -0.483303  -0.13844  0.209251  
-0.000632966  0.0153243  -0.00671879  -0.459719  -0.147939  0.201539  
-0.000885588  0.0154525  -0.00691925  -0.46601  -0.131038  0.175472  
-0.00188031  0.0160201  -0.00721049  -0.491478  -0.0954124  0.236375  
-0.00150989  0.0161934  -0.007081  -0.48858  -0.138525  0.233957  
-0.00159515  0.0158537  -0.00710692  -0.475774  -0.107354  0.208359  
-0.0018773  0.0158314  -0.00718929  -0.481854  -0.113896  0.232469  
-0.00117109  0.0159223  -0.00703221  -0.472702  -0.159965  0.197766  
-0.00189187  0.0158083  -0.0070807  -0.480951  -0.115663  0.242928  
-0.00139036  0.0131519  -0.00669236  -0.418046  -0.144072  0.207322  
-0.000871749  0.0119138  -0.00680648  -0.389656  -0.115604  0.0812274  
-0.000831623  0.0118057  -0.00679341  -0.389224  -0.0706836  0.0455525  
-0.000386976  0.0131851  -0.00717791  -0.422135  -0.08594  0.0692415  
-0.000836064  0.0132933  -0.00744385  -0.431291  -0.072612  0.053809  
-0.001105  0.0134345  -0.00728865  -0.428716  -0.0790202  0.0855789  
-0.000891653  0.0132346  -0.00714213  -0.417422  -0.0909019  0.0921597  
-0.000707939  0.013958  -0.00731158  -0.433155  -0.094717  0.0646598  
-0.00107257  0.0147741  -0.0074839  -0.457898  -0.0963851  0.109025  
-0.00102117  0.0148477  -0.00770496  -0.472892  -0.137093  0.118563  
-0.00166147  0.0141833  -0.00762947  -0.450767  -0.13197  0.11213  
-0.00369838  0.0129965  -0.0074441  -0.432781  -0.128697  0.142549  
-0.00436498  0.0117068  -0.0069416  -0.403447  -0.174044  0.118633  
-0.00345953  0.0116236  -0.0065361  -0.38842  -0.232816  0.0849976  
-0.00326996  0.0137485  -0.00750202  -0.450971  -0.175973  0.145211  
-0.00238714  0.0137032  -0.00720355  -0.439703  -0.192111  0.156342  
-0.00183765  0.0133823  -0.00735336  -0.433456  -0.147704  0.104471  
-0.00181088  0.0133912  -0.00739483  -0.439832  -0.126252  0.144689  
-0.00201637  0.0137668  -0.0075069  -0.451903  -0.111846  0.118152  
-0.0026906  0.0133398  -0.00761424  -0.447083  -0.0965796  0.145056  
-0.00249107  0.0134626  -0.00809218  -0.454463  -0.104727  0.143783  
-0.00289699  0.0129021  -0.00825719  -0.45118  -0.151782  0.110448  
-0.00290294  0.0126049  -0.00822058  -0.433631  -0.140757  0.0944544  
-0.00215513  0.0129456  -0.00823501  -0.445855  -0.188172  0.133225  
-0.00256148  0.0143076  -0.00882746  -0.483685  -0.182017  0.151662  
-0.00324544  0.0145232  -0.00908889  -0.494616  -0.158904  0.150194  
-0.00306794  0.0135277  -0.00865109  -0.474558  -0.184327  0.0874989  
-0.00294709  0.0134031  -0.00852849  -0.461482  -0.13478  0.0742627  
-0.00209731  0.0139708  -0.00875569  -0.465702  -0.127476  0.0685725  
-0.00172866  0.0132558  -0.00882065  -0.45687  -0.0886371  0.119021  
-0.00198491  0.0140447  -0.00894105  -0.479847  -0.132903  0.0964049  
-0.00356888  0.0136415  -0.0089924  -0.489329  -0.0976946  0.117733  
-0.00316668  0.0141849  -0.00913112  -0.501612  -0.151128  0.127508  
-0.00360219  0.0147859  -0.00935663  -0.521991  -0.155616  0.104419  
-0.00434531  0.0153166  -0.00929012  -0.526093  -0.14232  0.104211  
-0.00388513  0.0144151  -0.00886771  -0.502316  -0.167842  0.0692539  
-0.00292791  0.0141073  -0.00860503  -0.481896  -0.152075  0.0303441  
-0.00346748  0.0137987  -0.00862981  -0.481519  -0.122111  0.0584738  
-0.00379068  0.014502  -0.00858079  -0.503926  -0.1484  0.120218  
-0.0036867  0.0148347  -0.00860107  -0.500681  -0.138773  0.127539  
-0.00466521  0.0151571  -0.00876084  -0.515215  -0.138896  0.179923  
-0.00461518  0.0152883  -0.00887601  -0.526031  -0.163633  0.204565  
-0.00382974  0.0147827  -0.00861623  -0.498344  -0.165647  0.14371  
-0.00422486  0.0146023  -0.00887601  -0.501747  -0.121862  0.138537  
-0.00385346  0.0149593  -0.00892678  -0.50692  -0.167282  0.180203  
-0.00392811  0.0153668  -0.00896656  -0.519144  -0.151038  0.185497  
-0.00400683  0.0145559  -0.00880896  -0.502695  -0.139588  0.196494  
-0.00359374  0.0147744  -0.0089505  -0.503291  -0.183696  0.165882  
-0.0042096  0.0153049  -0.00935922  -0.521091  -0.134695  0.19255  
-0.00367051  0.0153049  -0.00927295  -0.516006  -0.18286  0.19275  
-0.0037239  0.015585  -0.00934564  -0.516057  -0.139377  0.177306  
-0.00356557  0.0145039  -0.00895242  -0.490828  -0.149978  0.174358  
-0.0029566  0.0140441  -0.00864856  -0.474036  -0.143023  0.126079  
-0.00356831  0.0142037  -0.00872267  -0.486848  -0.132744  0.161043  
-0.00319237  0.0139945  -0.00866804  -0.47289  -0.157841  0.146246  
-0.00370697  0.0138678  -0.00843791  -0.470621  -0.12119  0.171252  
-0.00299849  0.014047  -0.0085422  -0.475613  -0.163876  0.164683  
-0.00367377  0.0142725  -0.00873824  -0.485268  -0.127521  0.154194  
-0.00402231  0.0146571  -0.00864172  -0.479313  -0.155322  0.18508  
-0.00396699  0.0152826  -0.00860999  -0.491519  -0.166552  0.181605  
-0.00506665  0.0156401  -0.00885834  -0.505911  -0.146957  0.230893  
-0.00521459  0.0152644  -0.00901246  -0.506157  -0.204379  0.217567  
-0.00577339  0.0161516  -0.00919169  -0.529426  -0.178415  0.258424  
-0.00609628  0.0164635  -0.00945935  -0.554198  -0.193557  0.29342  
-0.00527252  0.0165648  -0.00976035  -0.553615  -0.236883  0.22711  
-0.00629757  0.0171041  -0.0101845  -0.582749  -0.194047  0.285244  
-0.00643829  0.0177575  -0.0101228  -0.594024  -0.24731  0.300817  
-0.00538209  0.0169963  -0.00976862  -0.557203  -0.192525  0.248346  
-0.00523093  0.0161869  -0.00927674  -0.530673  -0.216077  0.256252  
-0.00533893  0.0173548  -0.00998565  -0.57335  -0.172143  0.27599  
-0.00577229  0.0174233  -0.0101154  -0.584485  -0.175521  0.285739  
-0.00521236  0.0174957  -0.0099766  -0.579491  -0.210368  0.275708  
-0.00572296  0.0174957  -0.00990983  -0.590566  -0.170527  0.294385  
-0.00521766  0.0174957  -0.0100377  -0.586631  -0.210243  0.289227  
-0.00544783  0.0179313  -0.0101648  -0.596703  -0.199083  0.271297  
-0.00597192  0.0174957  -0.00999558  -0.59725  -0.189065  0.308561  
-0.00543122  0.0174957  -0.00984845  -0.583136  -0.219274  0.268725  
-0.00583985  0.018034  -0.0101751  -0.599511  -0.19576  0.293172  
-0.00587627  0.0179972  -0.0100494  -0.596546  -0.206708  0.312851  
-0.00566226  0.0184888  -0.0100117  -0.597591  -0.232639  0.287282  
-0.00628188  0.01867  -0.0099544  -0.609607  -0.188567  0.336488  
-0.00518331  0.0180413  -0.00965506  -0.583626  -0.21441  0.302107  
-0.00555934  0.0184774  -0.00971914  -0.593772  -0.188739  0.319033  
-0.00534422  0.0184985  -0.00959045  -0.612124  -0.1869  0.372003  
-0.00515077  0.0188243  -0.00951849  -0.601355  -0.208878  0.310058  
-0.00534105  0.0193391  -0.00978429  -0.623305  -0.209813  0.367578  
-0.00499843  0.0189497  -0.00977496  -0.611669  -0.228198  0.360555  
-0.00405134  0.0190947  -0.00977496  -0.60339  -0.186131  0.323767  
-0.00450882  0.0190947  -0.00991638  -0.604239  -0.186324  0.351506  
-0.00404156  0.0189903  -0.00970902  -0.595849  -0.207761  0.327292  
-0.000230258  0.0173359  -0.00942516  -0.539946  -0.109626  0.271407  
-0.00150442  0.0175296  -0.00951194  -0.551997  -0.131111  0.35499  
-0.00168129  0.0173754  -0.00928196  -0.54586  -0.184495  0.30003  
-0.0022664  0.0175296  -0.00955211  -0.562538  -0.126073  0.345604  
-0.00255613  0.0184937  -0.00991933  -0.585234  -0.17064  0.352181  
-0.00308003  0.0193295  -0.0100674  -0.609993  -0.171535  0.353325  
-0.00269103  0.0188907  -0.0101977  -0.603393  -0.150506  0.371947  
-0.00227511  0.0190065  -0.01005  -0.595912  -0.182374  0.340452  
-0.00281903  0.0187185  -0.01005  -0.603813  -0.153133  0.397137  
-0.0027236  0.0189478  -0.0101396  -0.599972  -0.17203  0.391981  
-0.0029382  0.0190837  -0.00992168  -0.596634  -0.179189  0.3507  
-0.00241632  0.0178659  -0.00888094  -0.547238  -0.138376  0.270438  
-0.00118001  0.0145236  -0.00727976  -0.436077  -0.140782  0.0979919  
-0.000758989  0.0155499  -0.00775456  -0.457442  -0.132216  0.113843  
-0.00111136  0.0145354  -0.00727976  -0.438368  -0.11642  0.0696143  
-0.00120044  0.0149523  -0.00755563  -0.451019  -0.137354  0.0581027  
-0.00176029  0.0156802  -0.00776902  -0.475098  -0.143723  0.0863675  
-0.00227128  0.0157375  -0.00769192  -0.470687  -0.159248  0.0920622  
-0.00271131  0.016074  -0.00797808  -0.491657  -0.138221  0.168446  
-0.00267922  0.0165006  -0.00812855  -0.501177  -0.101202  0.163198  
-0.00169861  0.0164939  -0.0078476  -0.49578  -0.202722  0.145491  
-0.00160685  0.0172396  -0.00791458  -0.518528  -0.142366  0.169819  
-0.00115557  0.0175842  -0.00766001  -0.514951  -0.144763  0.197515  
-0.00141886  0.0176205  -0.0078844  -0.516144  -0.124522  0.191325  
-0.00208375  0.0176694  -0.0078334  -0.515194  -0.109717  0.20173  
-0.00119998  0.0175822  -0.00775229  -0.509874  -0.164076  0.188234  
-0.00237825  0.0178244  -0.00790539  -0.523823  -0.128859  0.204841  
-0.00207984  0.0179132  -0.0082201  -0.52711  -0.138254  0.245459  
-0.001707  0.0178265  -0.00808604  -0.518685  -0.179054  0.197999  
-0.00222709  0.0182299  -0.00818088  -0.531757  -0.15437  0.233224  
-0.00176184  0.0181063  -0.00809883  -0.52432  -0.182047  0.232092  
-0.00197713  0.0184765  -0.0082279  -0.533487  -0.18793  0.221926  
-0.00201421  0.0185254  -0.00806128  -0.533533  -0.133566  0.234181  
-0.000963542  0.018294  -0.00801692  -0.519675  -0.172558  0.188637  
-0.00134127  0.0185285  -0.00802372  -0.53053  -0.127981  0.232879  
-0.00068135  0.0179187  -0.00782565  -0.517349  -0.129808  0.242557  
-0.000454585  0.0173715  -0.00780155  -0.502899  -0.128663  0.211887  
-0.000964347  0.0179418  -0.00802606  -0.523747  -0.10776  0.272102  
-0.00037574  0.0176524  -0.00792818  -0.516584  -0.141496  0.255038  
-0.000636887  0.01784  -0.00817301  -0.53106  -0.119502  0.245079  
-0.00112094  0.0178286  -0.00849102  -0.533729  -0.118327  0.31815  
-0.000655405  0.0176097  -0.00846679  -0.526063  -0.15755  0.310733  
-0.00101263  0.0176927  -0.00840497  -0.526098  -0.139348  0.290892  
-0.000852519  0.0174221  -0.00840855  -0.520768  -0.143445  0.338658  
-0.000107209  0.016815  -0.00804533  -0.500911  -0.145627  0.271452  
-0.000818774  0.0171497  -0.00822651  -0.508794  -0.107325  0.361452  
-6.11412e-05  0.0168368  -0.0080685  -0.507804  -0.124872  0.321519  
-0.000341594  0.0173751  -0.0081875  -0.515382  -0.103369  0.325447  
-0.000379921  0.0176251  -0.00811564  -0.52121  -0.114514  0.374651  
-0.000211087  0.017097  -0.0079836  -0.508171  -0.126  0.308826  
-0.000835062  0.0173751  -0.00810248  -0.515422  -0.111338  0.341657  
-0.000119229  0.0170633  -0.00784019  -0.507119  -0.146294  0.321237  
-0.00048161  0.0176079  -0.00798599  -0.524579  -0.112934  0.353415  
-0.000454778  0.0175909  -0.00796684  -0.528609  -0.139836  0.363099  
-0.000314926  0.0176251  -0.00785507  -0.512166  -0.147501  0.32112  
-0.000764523  0.0176024  -0.00806844  -0.520878  -0.119776  0.354986  
-0.000616863  0.0170496  -0.00766387  -0.500971  -0.144242  0.32967  
-0.000824971  0.0173751  -0.00803818  -0.511896  -0.129094  0.296172  
-0.000799704  0.0175992  -0.00817739  -0.524521  -0.118279  0.315465  
-0.000108657  0.0181031  -0.00814488  -0.518757  -0.131289  0.289497  
-0.000839469  0.0180434  -0.00821254  -0.523136  -0.100541  0.301451  
0.000219433  0.0178664  -0.00793945  -0.520934  -0.135087  0.304338  
-0.000629071  0.0183258  -0.0080681  -0.535816  -0.106856  0.313853  
-0.000449532  0.0179021  -0.00800167  -0.520928  -0.125944  0.341084  
-0.000177875  0.0176377  -0.00779714  -0.510293  -0.143044  0.285267  
-0.000453933  0.0180393  -0.00807181  -0.526723  -0.118549  0.334715  
-0.0002327  0.0187775  -0.00761839  -0.522834  -0.207479  0.315779  
-0.00375568  0.0189271  -0.00737498  -0.54038  -0.21381  0.304421  
-0.00343684  0.0190618  -0.00766507  -0.553291  -0.226399  0.257099  
-0.0019996  0.0185266  -0.00802132  -0.542557  -0.187217  0.228542  
-0.00116674  0.0184114  -0.00822209  -0.543033  -0.167625  0.284311  
-0.00046581  0.0181692  -0.00837523  -0.542945  -0.15638  0.24961  
-0.000302562  0.0177359  -0.00837485  -0.534145  -0.125023  0.221814  
0.000459742  0.0172788  -0.0086369  -0.526362  -0.10806  0.222215  
1.50611e-05  0.0173931  -0.00872596  -0.519734  -0.126345  0.214465  
0.0002828  0.0168474  -0.0085285  -0.488258  -0.0952604  0.219461  
0.000228015  0.0163471  -0.00805552  -0.477622  -0.115886  0.216107  
0.000463281  0.0164162  -0.00805046  -0.470646  -0.116426  0.18749  
0.000442493  0.0165296  -0.00827166  -0.486354  -0.0964855  0.199859  
0.000774519  0.0163286  -0.00798931  -0.479731  -0.105861  0.210735  
0.00104685  0.0160676  -0.00792054  -0.463779  -0.113607  0.140868  
0.00120941  0.0152481  -0.0078127  -0.442089  -0.0885139  0.144518  
0.00129211  0.0152313  -0.00782688  -0.44234  -0.0868202  0.167308  
0.00146068  0.0153116  -0.00796137  -0.450818  -0.0836394  0.147247  
0.00119758  0.0158206  -0.00797191  -0.469489  -0.0559922  0.205143  
0.00163544  0.0155035  -0.00794147  -0.462467  -0.0874923  0.203484  
0.00139429  0.0155158  -0.00804161  -0.451585  -0.068957  0.168293  
0.00101633  0.0156637  -0.00798451  -0.457561  -0.0833454  0.220066  
0.00109826  0.0158496  -0.00795995  -0.465744  -0.11349  0.196499  
0.000816687  0.0156802  -0.00795808  -0.454625  -0.104393  0.16915  
0.000714711  0.0144232  -0.00797789  -0.439587  -0.13818  0.169099  
0.000781065  0.0153084  -0.00809895  -0.456138  -0.114244  0.145698  
0.000326628  0.0156072  -0.00813419  -0.458524  -0.0676426  0.177992  
0.000569921  0.0157413  -0.00797634  -0.46947  -0.10342  0.199862  
0.000609334  0.0158667  -0.0079692  -0.469494  -0.0918769  0.178556  
0.00019117  0.0164335  -0.00806617  -0.480193  -0.0891848  0.242994  
0.000598853  0.0161815  -0.00804416  -0.469544  -0.121517  0.212131  
0.000215788  0.0161798  -0.00818132  -0.465623  -0.0833724  0.197096  
0.0015233  0.0154238  -0.0077342  -0.436374  -0.132054  0.15519  
0.000487518  0.0156683  -0.00785403  -0.447186  -0.0555019  0.19974  
0.00110656  0.0156548  -0.00799187  -0.450029  -0.117937  0.19287  
0.001151  0.0158337  -0.00778157  -0.441002  -0.110386  0.181422  
0.00128486  0.0158603  -0.00778733  -0.443935  -0.0813422  0.187399  
0.00209464  0.0167924  -0.00805189  -0.470342  -0.113935  0.263809  
0.00313922  0.0166907  -0.00826414  -0.470399  -0.113473  0.237407  
0.00289591  0.0166754  -0.0081923  -0.474111  -0.0981958  0.219174  
0.00331989  0.0165502  -0.00819257  -0.473737  -0.0779896  0.179794  
0.00377289  0.0162986  -0.00817551  -0.467757  -0.0735795  0.157231  
0.00464133  0.0166371  -0.00836028  -0.467777  -0.0683859  0.167158  
0.00456456  0.0162938  -0.00861784  -0.467721  -0.019423  0.177969  
0.00462061  0.0161993  -0.00860134  -0.467737  -0.0267764  0.171514  
0.00477336  0.0162631  -0.00870278  -0.468948  -0.0285168  0.165548  
0.00491344  0.0164092  -0.00844942  -0.4651  -0.0249683  0.145661  
0.00466646  0.0168799  -0.00880026  -0.483916  -0.0189732  0.130171  
0.00442688  0.0165868  -0.00887478  -0.483877  -0.0279521  0.147544  
0.00469787  0.0166402  -0.00889328  -0.473735  -0.0488769  0.13415  
0.00424141  0.0168153  -0.00866283  -0.474374  -0.032332  0.102731  
0.00359625  0.0166419  -0.00872681  -0.475901  -0.0423398  0.172205  
0.00328956  0.0163259  -0.00846296  -0.460184  -0.0790085  0.0941996  
0.00274657  0.0171193  -0.00874303  -0.477071  -0.0352954  0.138621  
0.00318096  0.0174963  -0.00887514  -0.485394  -0.0789018  0.128478  
0.00290479  0.0175275  -0.00912228  -0.495784  -0.0720524  0.0812588  
0.00222391  0.018145  -0.00935231  -0.522071  -0.0607282  0.0900045  
0.00157546  0.0183787  -0.00992103  -0.543233  -0.091653  0.0978058  
0.00143616  0.017643  -0.00973698  -0.52094  -0.0998542  0.0778516  
0.00150105  0.0174879  -0.0093128  -0.512161  -0.0751657  0.105014  
0.00269239  0.0171246  -0.00912183  -0.497548  -0.110343  0.0789674  
0.00293226  0.0176419  -0.0092681  -0.510813  -0.0660761  0.0735225  
0.00228819  0.0177728  -0.00950523  -0.52455  -0.044204  0.105756  
0.00340246  0.0177809  -0.00957086  -0.515999  -0.0581133  0.0300947  
0.00325153  0.0185815  -0.00970274  -0.542586  -0.0790682  0.1037  
0.00361188  0.0182524  -0.00944005  -0.519275  -0.110119  0.0566736  
0.00303346  0.0169466  -0.00892447  -0.497537  -0.0868557  0.0318343  
0.00246102  0.0169994  -0.00879546  -0.485061  -0.0762222  0.0349516  
0.00260934  0.0165925  -0.00874347  -0.476709  -0.0878517  0.0226822  
0.00316066  0.0169958  -0.00899769  -0.484689  -0.0568324  0.0586482  
0.00305824  0.0169565  -0.00891595  -0.483633  -0.0681372  0.0273971  
0.00288354  0.0174907  -0.00872176  -0.491099  -0.059519  0.0435064  
0.00283325  0.0167985  -0.00860038  -0.479742  -0.0884609  0.0453753  
0.00311627  0.017597  -0.00861898  -0.495441  -0.0995548  0.0322728  
0.0028493  0.0168636  -0.00850229  -0.480896  -0.0705082  0.0510138  
0.00329233  0.0168728  -0.00859621  -0.47769  -0.0966029  0.0129341  
0.00268547  0.016955  -0.00866728  -0.480314  -0.0714613  0.0151284  
0.00344066  0.0171524  -0.00857185  -0.477945  -0.063862  0.0514404  
0.00401229  0.0173586  -0.00857185  -0.474455  -0.0912753  0.0392223  
0.00411374  0.0172157  -0.00847025  -0.471698  -0.0892107  -0.0139926  
0.00342325  0.0173018  -0.00866672  -0.47083  -0.0519406  -0.0107598  
0.00404032  0.0169874  -0.00845248  -0.463322  -0.0806537  0.0516497  
0.00335614  0.0154884  -0.00801654  -0.43092  -0.0710621  0.0371808  
0.00276941  0.0136284  -0.00764334  -0.399791  -0.0892914  -0.00119678  
0.00263631  0.0142244  -0.00781073  -0.407589  -0.0871583  -0.0143573  
0.00220309  0.0139056  -0.00757301  -0.407414  -0.0777901  0.0222388  
0.00306546  0.0141595  -0.00740361  -0.40961  -0.0972183  0.00334493  
0.00383794  0.0148618  -0.00747329  -0.421109  -0.0688401  0.00290321  
0.0033826  0.0146871  -0.00753787  -0.426263  -0.0570638  0.0160628  
0.00370678  0.0148063  -0.00769341  -0.425508  -0.0807011  0.0185362  
0.00327069  0.0150965  -0.00773244  -0.435151  -0.0780551  -0.0137682  
0.00318742  0.0145077  -0.00776261  -0.418259  -0.0681168  -0.0239583  
0.00300206  0.014334  -0.00759704  -0.412747  -0.0901518  -0.0159843  
0.00272936  0.0145136  -0.00762965  -0.419701  -0.0888292  -0.0363724  
0.00256748  0.0145737  -0.00749011  -0.416241  -0.105168  -0.0390846  
0.00236399  0.0144445  -0.00725979  -0.40394  -0.0773949  -0.0557508  
0.00252497  0.0148685  -0.00713858  -0.408787  -0.0804435  -0.0392911  
0.00214017  0.0147846  -0.00735525  -0.42065  -0.104096  -0.0630409  
0.00210066  0.0149192  -0.00696326  -0.406487  -0.124921  -0.0513884  
0.00291865  0.0143059  -0.00640233  -0.386355  -0.109504  -0.0467916  
0.00479759  0.0156583  -0.00631906  -0.390187  -0.0828972  -0.0592917  
0.00459248  0.0153604  -0.00621776  -0.385477  -0.0411635  -0.0458491  
0.00496275  0.0162613  -0.00601291  -0.406343  -0.0650691  -0.0401599  
0.00480693  0.0162137  -0.0063307  -0.405425  -0.107887  -0.0852949  
0.00360299  0.0155964  -0.00679917  -0.41043  -0.0629652  -0.0837883  
0.0035819  0.0155764  -0.00665786  -0.408144  -0.0848653  -0.145539  
0.00396159  0.0155144  -0.00648041  -0.396771  -0.0479318  -0.146608  
0.00314892  0.0156911  -0.00636754  -0.396929  -0.102614  -0.17141  
0.00163981  0.0144599  -0.00576611  -0.373949  -0.100778  -0.185917  
0.00139526  0.0140479  -0.00574196  -0.364687  -0.0957475  -0.160186  
0.00145264  0.0140566  -0.00592514  -0.366425  -0.134043  -0.183475  
0.00209733  0.0141085  -0.00588123  -0.366709  -0.11955  -0.242608  
0.00195262  0.0146542  -0.00613796  -0.380631  -0.0925542  -0.206195  
0.00196877  0.0151241  -0.00632555  -0.394797  -0.110574  -0.177095  
0.00230912  0.0155081  -0.00639564  -0.405556  -0.120541  -0.171183  
0.00222687  0.0152796  -0.00652054  -0.407368  -0.101042  -0.146763  
0.00302318  0.01552  -0.00638412  -0.412149  -0.12819  -0.164484  
0.00245829  0.0155046  -0.00656642  -0.408296  -0.109626  -0.170437  
0.00244688  0.0149668  -0.0067154  -0.400929  -0.0808382  -0.169925  
0.00300284  0.015316  -0.00642315  -0.400881  -0.12147  -0.188769  
0.00320003  0.0157423  -0.00672835  -0.400785  -0.0866681  -0.18211  
0.00260472  0.0146078  -0.0064585  -0.389171  -0.0819621  -0.141356  
0.00305647  0.0143674  -0.00644836  -0.386526  -0.0944511  -0.135876  
0.00334314  0.0144018  -0.0063999  -0.383787  -0.0988241  -0.171552  
0.00329553  0.0141002  -0.00616418  -0.378943  -0.0876724  -0.171749  
0.00277659  0.0137152  -0.00617762  -0.374304  -0.0954257  -0.140316  
0.00266624  0.0137564  -0.0061603  -0.371715  -0.116145  -0.140612  
0.00279083  0.0136399  -0.00587637  -0.368897  -0.12418  -0.146506  
0.00258028  0.013265  -0.00582941  -0.363816  -0.100436  -0.14249  
0.00223272  0.0125547  -0.00499392  -0.338166  -0.136939  -0.128596  
0.00211762  0.0125312  -0.00501993  -0.338593  -0.146858  -0.162454  
0.00196691  0.0121882  -0.0050484  -0.332875  -0.146184  -0.1721  
0.0014713  0.0121094  -0.00508089  -0.331765  -0.114694  -0.139942  
0.00160411  0.012088  -0.00489568  -0.329791  -0.170022  -0.161788  
0.00196728  0.0112477  -0.00444643  -0.308381  -0.172521  -0.203766  
0.00247304  0.0111205  -0.00474886  -0.294836  -0.10403  -0.168712  
0.00182778  0.0114818  -0.00453499  -0.294895  -0.0474209  -0.123358  
0.00120687  0.0116943  -0.00434378  -0.315848  -0.140822  -0.105294  
0.000809395  0.0121449  -0.00412937  -0.324317  -0.160296  -0.119468  
0.000200918  0.0121766  -0.00403593  -0.32612  -0.172192  -0.12867  
0.000585599  0.0116541  -0.00395266  -0.302686  -0.0915558  -0.126993  
0.000744162  0.0115241  -0.0040197  -0.286217  -0.137097  -0.118309  
0.00112382  0.0119613  -0.00502167  -0.310601  -0.13707  -0.15374  
0.00162228  0.0115001  -0.00496298  -0.307085  -0.11391  -0.170449  
0.00117886  0.0107477  -0.00444387  -0.281315  -0.101524  -0.198955  
-0.000155699  0.0110551  -0.00442381  -0.29563  -0.0892758  -0.172082  
-0.000657404  0.0117445  -0.00452373  -0.308622  -0.145038  -0.172005  
0.000148207  0.0126083  -0.00513735  -0.344255  -0.109765  -0.13799  
0.00211393  0.0116176  -0.00498024  -0.309051  -0.00314248  -0.15681  
0.00389666  0.0117845  -0.00507073  -0.302399  0.00525635  -0.213432  
0.00457841  0.011958  -0.00508402  -0.304851  -0.0129437  -0.183538  
0.00477036  0.0119867  -0.0050282  -0.306905  -0.0484802  -0.167051  
0.00422954  0.0124855  -0.00531466  -0.319704  -0.0257405  -0.173514  
0.00320336  0.0124293  -0.00538333  -0.322354  -0.044422  -0.157087  
0.00371825  0.0131299  -0.00549466  -0.333436  -0.0362231  -0.186883  
0.00388764  0.0133444  -0.00569946  -0.343829  -0.025851  -0.161649  
0.00382372  0.0145194  -0.00575137  -0.378683  -0.031539  -0.147469  
0.00365925  0.0147511  -0.00602292  -0.389827  -0.0233828  -0.100687  
0.00330246  0.0153133  -0.00588007  -0.394471  -0.00274207  -0.115743  
0.00333737  0.0157125  -0.00597986  -0.401461  -0.00649219  -0.0967709  
0.00320129  0.0155639  -0.00600452  -0.401645  -0.0522098  -0.119387  
0.00258657  0.0146219  -0.00584868  -0.383981  -0.0246039  -0.112749  
0.00313598  0.0144679  -0.00562976  -0.374319  -0.0703449  -0.151326  
0.00247963  0.015461  -0.00598787  -0.405795  -0.022838  -0.139492  
0.00335285  0.0154858  -0.0060185  -0.409143  -0.0671156  -0.134786  
0.00365113  0.0157343  -0.00588379  -0.4098  -0.0599616  -0.142744  
0.00304976  0.0157313  -0.00601209  -0.415668  -0.0274563  -0.127401  
0.00389353  0.0162266  -0.00588543  -0.419423  -0.0417691  -0.114583  
0.00429777  0.0173957  -0.00599864  -0.439938  -0.0415895  -0.109109  
0.00392167  0.0172759  -0.00613714  -0.449442  -0.016918  -0.0881766  
0.00415697  0.0171422  -0.006039  -0.439422  -0.0362158  -0.090222  
0.00384764  0.0175441  -0.00608681  -0.454057  -0.0479954  -0.10074  
0.00340388  0.0172203  -0.00652226  -0.455784  -0.0378478  -0.117842  
0.00379099  0.0174109  -0.00619497  -0.459867  -0.0571456  -0.0911059  
0.00442062  0.0179002  -0.00643598  -0.452989  -0.040268  -0.0996447  
0.00556948  0.0172877  -0.00594588  -0.430723  -0.0682684  -0.0883449  
0.00551635  0.0180177  -0.00629942  -0.451644  -0.0268349  -0.052715  
0.00551268  0.0191315  -0.00639299  -0.485548  -0.0403653  -0.0167803  
0.00471069  0.0186021  -0.00624192  -0.465489  -0.0117705  -0.0428399  
0.00537822  0.0185692  -0.00567797  -0.455903  -0.086445  -0.0592249  
0.00542848  0.0179583  -0.00608563  -0.454424  -0.0316377  -0.0134333  
0.00606715  0.0186204  -0.00584433  -0.46238  -0.0562815  -0.0162206  
0.00556231  0.0185067  -0.00604849  -0.468194  -0.0264467  -0.00310651  
0.0062955  0.0188781  -0.00605695  -0.47566  -0.0477693  -0.0155333  
0.00662834  0.0192162  -0.00632613  -0.48318  -0.00431726  0.00864754  
0.00686466  0.0197008  -0.00623066  -0.481959  0.006839  -0.0290701  
0.00735825  0.0196539  -0.00608758  -0.482389  -0.0569922  -0.0152283  
0.00598147  0.0198801  -0.00636006  -0.493456  -0.00859712  0.0248751  
0.00748357  0.0191992  -0.00637563  -0.4773  -0.0326683  -0.000911042  
0.00587193  0.013936  -0.00556072  -0.341415  -0.041091  0.00245363  
0.00641356  0.00876608  -0.00383029  -0.250914  -0.0444784  -0.196827  
0.00627104  0.012843  -0.0054214  -0.330788  -0.00418489  -0.128376  
0.00739566  0.0142357  -0.00570954  -0.367076  -0.0264768  -0.11351  
0.00719239  0.0154313  -0.00602194  -0.392453  0.0147301  -0.058556  
0.00706528  0.0159562  -0.00591503  -0.398555  0.0210986  -0.0184733  
0.00707217  0.0159231  -0.00598217  -0.403552  -0.0189075  -0.0496723  
0.00686141  0.0157624  -0.00636795  -0.406781  0.0066099  -0.129308  
0.00801316  0.0165928  -0.00615533  -0.418381  -0.0523464  -0.0939392  
0.00742014  0.0174014  -0.00643775  -0.440079  0.00487746  -0.0740333  
0.00793792  0.017429  -0.00596152  -0.438799  -0.0340834  -0.057365  
0.00805977  0.0179876  -0.00610961  -0.452487  -0.0139666  -0.0630818  
0.00770897  0.0188896  -0.00587726  -0.478221  -0.0151434  0.00801871  
0.00862588  0.018995  -0.00581777  -0.474832  -0.0430007  -0.0103882  
0.00792733  0.0195573  -0.00607983  -0.499023  0.00211076  0.0409122  
0.00853261  0.0201783  -0.00625299  -0.506147  -0.0495791  0.0103774  
0.00757189  0.019283  -0.00612114  -0.492437  -0.0121409  0.0128116  
0.00803804  0.0195615  -0.00597503  -0.489027  -0.0474416  -0.0235316  
0.00878246  0.0197717  -0.00572931  -0.501492  -0.0407072  0.0351138  
0.00869323  0.0209236  -0.00580244  -0.525015  -0.00460065  0.0561756  
0.0088507  0.0207619  -0.00581839  -0.522336  -0.01384  0.080794  
0.00891862  0.0201239  -0.00567695  -0.508495  -0.037273  0.0630105  
0.00951511  0.0203562  -0.00544431  -0.50301  -0.0169166  0.0959341  
0.00930822  0.020237  -0.00558744  -0.509604  -0.0103403  0.0653258  
0.00887572  0.0200105  -0.00558101  -0.49929  0.00318064  0.0671024  
0.00930496  0.0203752  -0.0055458  -0.511876  -0.0339731  0.0588787  
0.00924154  0.0203275  -0.00531155  -0.509691  -0.0131834  0.0547584  
0.00926907  0.0210225  -0.00555116  -0.522411  0.0138257  0.0871253  
0.0097232  0.0205939  -0.00538739  -0.507705  -0.0516558  0.0599567  
0.00730859  0.0166235  -0.00615579  -0.442969  0.000713473  0.031772  
0.00697155  0.0131412  -0.00626434  -0.385425  -0.0453479  -0.0964787  
0.00741174  0.014595  -0.00613031  -0.404492  0.000511449  -0.0840345  
-0.00602406  0.0105794  -0.0024461  -0.368578  -0.422808  -0.19257  
-0.00166681  0.0143757  -0.00422869  -0.367758  -0.309439  -0.384266  
-0.00169124  0.0143989  -0.0050274  -0.39513  -0.203388  -0.274438  
-0.000450069  0.0140928  -0.00502455  -0.39086  -0.243319  -0.235452  
-0.0004847  0.014768  -0.0054332  -0.415034  -0.206808  -0.236634  
0.000325765  0.0155208  -0.0058187  -0.435435  -0.2422  -0.233353  
-5.61588e-07  0.0155792  -0.00592341  -0.443719  -0.223111  -0.215767  
0.000511676  0.0186285  -0.00553114  -0.536725  -0.162883  0.341177  
0.000887672  0.0235786  -0.00687532  -0.634286  -0.20162  0.822886  
-0.000925648  0.0212319  -0.00660957  -0.582582  -0.250836  0.676807  
-0.00164999  0.0222099  -0.00700261  -0.618536  -0.20186  0.66209  
-0.000130001  0.0225807  -0.00725633  -0.620178  -0.311496  0.674759  
-0.000873614  0.0227344  -0.00744403  -0.639686  -0.214647  0.698625  
-2.71585e-06  0.0222365  -0.00731101  -0.625631  -0.246823  0.685879  
