0.00317847  0.00113741  0.002  0.00515588  -0.1453  -0.122606  
0.0030996  0.00123183  0.002066  -0.000493815  -0.131595  -0.12276  
0.00322839  0.00107079  0.0021552  -0.00059093  -0.155851  -0.115484  
0.002817  0.000888304  0.00227528  0.00988048  -0.111656  -0.140461  
0.00235494  0.000861812  0.00220432  0.0105654  -0.146767  -0.157213  
0.00252032  0.000811397  0.00220263  0.00990205  -0.158454  -0.113775  
0.0021094  0.000811397  0.00228574  0.0255901  -0.136239  -0.135908  
0.00257775  0.000811397  0.00214173  0.00752937  -0.169616  -0.110087  
0.00195685  0.000811397  0.0022594  0.00996426  -0.129808  -0.144583  
0.00265919  0.000926204  0.00233231  0.0162387  -0.176176  -0.119839  
0.00245094  0.000875487  0.00229999  0.0180582  -0.14324  -0.126619  
0.00245648  0.000811397  0.00218461  0.0132566  -0.131233  -0.127235  
0.00285879  0.00101872  0.00221498  0.0169998  -0.163818  -0.107675  
0.00195506  0.000952987  0.00234843  0.0168839  -0.117522  -0.116522  
0.00263619  0.000811397  0.00230318  0.0171251  -0.155653  -0.108204  
0.00217356  0.000811397  0.00219231  0.011142  -0.105874  -0.136154  
0.00325832  0.000811397  0.002  0.0350994  -0.183206  -0.219806  
0.00333871  0.00117076  0.002  0.0364552  -0.170473  -0.244789  
0.00340225  0.000811397  0.002  0.0180876  -0.215609  -0.219111  
0.00378868  0.00100694  0.002  0.00797472  -0.199605  -0.170943  
0.00303487  0.00108169  0.00193813  0.00563646  -0.129107  -0.188622  
0.00374043  0.00101723  0.002  0.00453263  -0.205989  -0.169306  
0.00323986  0.00102717  0.002  0.00802187  -0.136114  -0.176403  
0.00369068  0.000811397  0.002  0.0203569  -0.172842  -0.182817  
0.00349293  0.000811397  0.0022309  0.0259361  -0.138404  -0.163634  
0.00353377  0.000872832  0.00218363  0.0222584  -0.150164  -0.179938  
0.00353377  0.000811397  0.002  0.0250721  -0.145804  -0.149999  
0.00336084  0.000811397  0.00217838  0.027384  -0.13447  -0.143497  
0.00363683  0.000811397  0.002  0.0256855  -0.165117  -0.167826  
0.00305323  0.000912357  0.00223728  0.0261561  -0.119011  -0.104959  
0.00327648  0.00105258  0.00219873  0.0180293  -0.143385  -0.113415  
0.00297391  0.000811397  0.002  0.023637  -0.134441  -0.0955245  
0.00296087  0.000965705  0.00223753  0.0212104  -0.134442  -0.121102  
0.00316424  0.00135176  0.00225265  0.0230709  -0.126533  -0.0782425  
0.00268592  0.00135176  0.002  0.0183644  -0.111704  -0.0882721  
0.00286038  0.000911832  0.00224154  0.0268483  -0.154959  -0.0784698  
0.00219974  0.00090938  0.00235928  0.0267968  -0.112758  -0.0935333  
0.0027044  0.00092552  0.00229736  0.028024  -0.149129  -0.0934541  
0.00246365  0.00092552  0.00234776  0.0304551  -0.130585  -0.0909586  
0.00251838  0.00092552  0.00229959  0.0249873  -0.138873  -0.101772  
0.00278084  0.00092552  0.00232921  0.0366359  -0.150535  -0.0934422  
0.00242195  0.000786613  0.00233005  0.0280875  -0.110368  -0.0935025  
0.00285536  0.00092552  0.00229156  0.0309577  -0.159791  -0.080292  
0.00206809  0.000752759  0.00210172  0.027027  -0.100177  -0.0935048  
0.00316964  0.00092552  0.00223515  0.0159902  -0.154379  -0.102423  
0.00205649  0.00092552  0.00224466  0.025171  -0.115757  -0.109568  
0.00269186  0.00120416  0.002  0.0237954  -0.142525  -0.10945  
0.00273584  0.00092552  0.002  0.0272658  -0.111327  -0.109459  
0.00260184  0.00092552  0.00221409  0.0316968  -0.13894  -0.115665  
0.00241705  0.00092552  0.00230741  0.0286107  -0.137136  -0.109491  
0.00236337  0.00092552  0.00221599  0.0225237  -0.134775  -0.135948  
0.00274039  0.00092552  0.00205915  0.0221871  -0.142506  -0.099009  
0.00259397  0.00092552  0.002  0.0215135  -0.111329  -0.110508  
0.00317063  0.00092552  0.00218702  0.022059  -0.146562  -0.0853386  
0.00256017  0.00092552  0.002  0.0194743  -0.0936549  -0.115255  
0.00327912  0.00092552  0.002  0.0174247  -0.15083  -0.0876551  
0.0029258  0.00092552  0.002  0.0174247  -0.120281  -0.115203  
0.00264641  0.000824586  0.00224572  0.0173698  -0.118805  -0.0832475  
0.00312688  0.00092552  0.002  0.0174247  -0.110932  -0.0844557  
0.00301716  0.00092552  0.002  0.0260781  -0.138075  -0.0817149  
0.00237872  0.00092552  0.00225795  0.0253356  -0.095933  -0.0771297  
0.00290248  0.00092552  0.002  0.0246489  -0.135379  -0.0957244  
0.00268068  0.000776134  0.002  0.0174005  -0.117015  -0.0817233  
0.00279442  0.000743342  0.002  0.0173922  -0.126576  -0.109141  
0.0026284  0.00092552  0.002  0.0174247  -0.123289  -0.109136  
0.00239613  0.000786272  0.002  0.0173972  -0.112811  -0.117316  
0.00177807  0.000925519  0.00208504  0.0208945  -0.101586  -0.0898783  
0.00243544  0.000767228  0.002  0.0173925  -0.140263  -0.0878643  
0.00228158  0.000686538  0.002  0.0146147  -0.0789942  -0.109164  
0.00297474  0.000748378  0.002  0.0105783  -0.15177  -0.109051  
0.00276028  0.000592309  0.002  0.0173772  -0.0956024  -0.0897423  
0.00241373  0.000561027  0.002  0.0204823  -0.139651  -0.109115  
0.00273626  0.00092552  0.002  0.0174247  -0.139706  -0.0823056  
0.00237888  0.00054081  0.002  0.0173561  -0.0890994  -0.105495  
0.00292773  0.000891688  0.002  0.0174212  -0.145365  -0.0893231  
0.00245162  0.000435052  0.002  0.0173398  -0.0904645  -0.109064  
0.00394012  0.000777787  0.002  0.0202218  -0.12543  -0.0861303  
0.00249989  0.000435052  0.00191836  0.0173474  -0.0831047  -0.0873328  
0.00342005  0.000669707  0.00191917  0.0173852  -0.124258  -0.0899178  
0.00287971  0.000835896  0.002  0.0174025  -0.0932942  -0.0804922  
0.0027727  0.000835896  0.002  0.0174025  -0.096256  -0.0909438  
0.00357796  0.000599669  0.002  0.017358  -0.107845  -0.108774  
0.00295829  0.00049119  0.002  0.0252647  -0.0875914  -0.10884  
0.00334564  0.000835896  0.002  0.0174025  -0.113209  -0.0891909  
0.00290723  0.000613771  0.002  0.0173638  -0.08868  -0.113923  
0.00312802  0.000835896  0.00162014  0.0174523  -0.119788  -0.0992684  
0.00293267  0.000784404  0.002  0.017394  -0.0775176  -0.108779  
0.0033823  0.000835896  0.002  0.025287  -0.121085  -0.108719  
0.00294825  0.000835896  0.002  0.0174025  -0.0845994  -0.108759  
0.00314706  0.000645404  0.002  0.0244554  -0.117448  -0.100688  
0.00288172  0.000519702  0.002  0.0173553  -0.0854321  -0.0834397  
0.00343013  0.000640788  0.002  0.0276879  -0.116416  -0.0802225  
0.00282067  0.000549656  0.0021119  0.0312587  -0.0893799  -0.0819726  
0.00326712  0.000663041  0.002  0.0306342  -0.11689  -0.074781  
0.00286243  0.000384983  0.002  0.0360909  -0.0876303  -0.0883897  
0.00326868  0.000390882  0.002  0.0360792  -0.118161  -0.0865512  
0.00288852  0.000374148  0.002  0.0360887  -0.0865892  -0.0881574  
0.00299591  0.000374148  0.002  0.0360887  -0.104324  -0.108686  
0.00288852  0.000374148  0.002  0.0327612  -0.0935881  -0.0869494  
0.00277855  0.000374148  0.002  0.0360887  -0.110499  -0.0919279  
0.0032437  0.000374148  0.002  0.0360887  -0.110564  -0.0951215  
0.00288852  0.00050465  0.002  0.0361047  -0.103831  -0.0951872  
0.00331033  0.000374148  0.002  0.0299443  -0.122429  -0.0951072  
0.00292343  0.000374148  0.002  0.0302916  -0.0828745  -0.11293  
0.00325469  0.000374148  0.002  0.0266364  -0.111976  -0.112178  
0.00262665  0.000203858  0.002  0.0236653  -0.0624204  -0.0951441  
0.00259587  0.000374148  0.00194735  0.0192361  -0.09026  -0.0951492  
0.00253697  0.000374148  0.002  0.0192295  -0.0912107  -0.062007  
0.00245482  0.000374148  0.002  0.0192295  -0.0854722  -0.0718197  
0.00274406  0.000374148  0.00193  0.01924  -0.101943  -0.0759977  
0.00230845  0.000374148  0.002  0.0192295  -0.0745321  -0.0909889  
0.00286792  0.000374148  0.002  0.0192295  -0.101963  -0.0951124  
0.00226387  0.000374148  0.002  0.0192295  -0.0702568  -0.0951962  
0.00292861  0.000374148  0.002  0.0192295  -0.111814  -0.0750566  
0.00215112  0.000374148  0.002  0.0192295  -0.0615664  -0.0952205  
0.0029317  0.00051435  0.002  0.0192484  -0.101969  -0.095101  
0.00234101  0.000468007  0.002  0.019246  -0.0777488  -0.112566  
0.00283109  0.000374148  0.00193306  0.0192384  -0.110512  -0.0951191  
0.00207214  0.000374148  0.002  0.0261541  -0.0691795  -0.0951929  
0.00292824  0.000374148  0.00192105  0.0192389  -0.101969  -0.0950958  
0.00240534  0.000374148  0.002  0.0192295  -0.0627866  -0.0829027  
0.00293401  0.000374148  0.002  0.0268394  -0.101971  -0.0950651  
0.0021707  0.000374148  0.00182971  0.0368104  -0.0535326  -0.0766458  
0.00261056  0.000297807  0.00200001  0.0367833  -0.10194  -0.0950808  
0.00227704  0.000374148  0.00200001  0.0367953  -0.075485  -0.0907881  
0.00261056  0.000374148  0.00200001  0.0367953  -0.10194  -0.099853  
0.00240737  0.000374148  0.0019393  0.0288058  -0.0716302  -0.0779183  
0.00261056  0.000315887  0.00200001  0.0367859  -0.10194  -0.0975257  
0.00201992  0.000307324  0.00200001  0.0367836  -0.0697764  -0.105855  
0.00266056  0.000374148  0.00190862  0.0368016  -0.101947  -0.0975209  
0.00235031  0.000292098  0.00200001  0.0313472  -0.0561086  -0.105905  
0.00277522  0.000374148  0.00200001  0.0367953  -0.0953327  -0.0974959  
0.00232339  0.000374148  0.00200001  0.0327671  -0.0666049  -0.116557  
0.00277522  0.000374148  0.00200001  0.0367953  -0.0874948  -0.108094  
0.0023877  0.000321685  0.00194377  0.0367884  -0.0530107  -0.100489  
0.00276097  0.000374148  0.00192712  0.0201654  -0.0888416  -0.123873  
0.00212606  0.000374148  0.00200001  0.0289305  -0.0512947  -0.110243  
0.00221964  0.000374148  0.00200001  0.0242732  -0.0683796  -0.1239  
0.00248152  0.000541779  0.00200001  0.0297578  -0.0781393  -0.0983448  
0.00212606  0.000433592  0.00200001  0.0368047  -0.0471747  -0.116338  
0.00273531  0.000374148  0.00200001  0.0300311  -0.101448  -0.123834  
0.00241018  0.000374148  0.00200001  0.0367953  -0.0574919  -0.123865  
0.00294164  0.000374147  0.00200001  0.0289263  -0.0782205  -0.123809  
0.00249022  0.000459612  0.00200001  0.0368072  -0.0681198  -0.0899092  
0.00260655  0.000374147  0.00200001  0.0292543  -0.0781596  -0.121499  
0.00294165  0.000374147  0.00200001  0.0367953  -0.0831049  -0.0976394  
0.00220079  0.000374147  0.00210586  0.0367861  -0.0601749  -0.130484  
0.00260809  0.000466951  0.00200001  0.0368084  -0.096751  -0.108626  
0.00225855  0.000374147  0.00200001  0.0367953  -0.0756871  -0.130811  
0.0023057  0.000374147  0.00200001  0.0367953  -0.0851612  -0.108845  
0.00249647  0.000374147  0.00200001  0.0367953  -0.0686097  -0.138104  
0.0025673  0.000374147  0.00210749  0.0367853  -0.084216  -0.117564  
0.00242385  0.000463626  0.00211344  0.03274  -0.068664  -0.120073  
0.00268194  0.000374147  0.00218448  0.0367675  -0.0816349  -0.115232  
0.00236876  0.000374147  0.00222111  0.0305597  -0.0716005  -0.115293  
0.00255874  0.000374147  0.00200001  0.0323276  -0.0716157  -0.114957  
0.00228612  0.000374147  0.00200001  0.0367953  -0.0715741  -0.138085  
0.00263105  0.000374147  0.00200001  0.0367953  -0.0918709  -0.138048  
0.00227293  0.000374148  0.00218108  0.0367847  -0.0618115  -0.145232  
0.0023942  0.000315886  0.00216026  0.0367736  -0.0940966  -0.122535  
0.00243154  0.000374147  0.00200001  0.0278209  -0.0557393  -0.15688  
0.00313634  0.000486119  0.00200001  0.0306087  -0.0848012  -0.154715  
0.00241973  0.000446292  0.00218681  0.0367943  -0.0446715  -0.0888047  
0.00270904  0.000374147  0.00200001  0.0286776  -0.0886634  -0.139109  
0.0024338  0.000374147  0.00200001  0.0191632  -0.0568863  -0.147361  
0.00258061  0.000374147  0.00193947  0.0191696  -0.095288  -0.147345  
0.00274076  0.000374147  0.00200001  0.0271444  -0.0569183  -0.100496  
0.00280695  0.00064664  0.00200001  0.0240694  -0.0883762  -0.139453  
0.00256516  0.000374147  0.00200001  0.0274575  -0.0649888  -0.104103  
0.00271433  0.000438688  0.00200001  0.0275941  -0.0785386  -0.134244  
0.00302813  0.000656211  0.00200001  0.0286733  -0.0710626  -0.0996204  
0.00278237  0.000766192  0.00200001  0.0264307  -0.0834457  -0.122057  
0.0029512  0.000818666  0.00192972  0.0273219  -0.0603687  -0.07204  
0.00282028  0.000819506  0.00200001  0.01923  -0.0709997  -0.118952  
0.00274108  0.000776857  0.00200001  0.0192286  -0.070981  -0.103485  
0.00290119  0.000812173  0.00200001  0.0223716  -0.0710102  -0.121791  
0.0027629  0.000688829  0.00200001  0.0192009  -0.0543441  -0.087644  
0.00273876  0.000929866  0.00200001  0.019246  -0.0710033  -0.0849749  
0.00272566  0.000764633  0.00180701  0.00948277  -0.0629155  -0.0772345  
0.00299905  0.000931083  0.00156236  0.0118229  -0.0888482  -0.0766534  
0.00257005  0.000758779  0.00163332  0.0116307  -0.0499479  -0.118357  
0.00308287  0.000926172  0.00156599  0.0192914  -0.0849272  -0.108315  
0.00262129  0.000932464  0.00200001  0.0192418  -0.0485993  -0.108335  
0.0032873  0.00106549  0.0017881  0.0193027  -0.0849877  -0.120819  
0.00254386  0.000892464  0.00159223  0.0192799  -0.0715083  -0.10835  
0.0032873  0.00100563  0.00172297  0.0105661  -0.0849897  -0.12067  
0.00418657  0.00109498  0.00185029  0.0128769  -0.0568018  -0.111143  
0.00294516  0.00108239  0.00185529  0.00955096  -0.0691389  -0.119889  
0.00319516  0.00111694  0.00189092  0.00787684  -0.0848478  -0.091099  
0.00287847  0.00103673  0.00159223  0.00248329  -0.0705762  -0.129852  
0.0028333  0.00099099  0.00183453  0.00994131  -0.0736366  -0.0918965  
0.00306131  0.000965094  0.00179481  0.00983462  -0.0683019  -0.115454  
0.00277686  0.00104025  0.00187334  0.0111639  -0.059558  -0.110364  
0.00282653  0.00101781  0.00172701  0.00248796  -0.0415997  -0.128227  
0.00332795  0.00104729  0.00180027  0.00247126  -0.0790209  -0.101975  
0.00279011  0.000999967  0.00176645  0.00662926  -0.03257  -0.130968  
0.00324923  0.000976687  0.00182586  0.00875899  -0.0792965  -0.130965  
0.00329166  0.000910857  0.00186035  0.0122463  -0.0632918  -0.117685  
0.00295434  0.000974863  0.00184118  0.0128613  -0.0632576  -0.130984  
0.00322777  0.00104849  0.00191808  0.0236125  -0.0772619  -0.111029  
0.00276197  0.000846281  0.00184588  0.0130909  -0.0632455  -0.130981  
0.00326662  0.000846015  0.00191969  0.0158921  -0.074591  -0.123107  
0.00279581  0.000683434  0.00192402  0.0166261  -0.0489554  -0.133635  
0.00323777  0.000748137  0.00189108  0.0221852  -0.0633734  -0.113028  
0.00299886  0.000374148  0.00189586  0.02211  -0.0633756  -0.130949  
0.00314165  0.0010465  0.00196929  0.0222165  -0.0825954  -0.108916  
0.00270055  0.000604249  0.00196796  0.0139257  -0.0403909  -0.130973  
0.00331891  0.000931203  0.00197372  0.0221937  -0.092845  -0.130889  
0.00247842  0.000700966  0.00187715  0.022157  -0.0487311  -0.130968  
0.0032884  0.00121723  0.00185037  0.0150991  -0.0906032  -0.127016  
0.00285885  0.000836936  0.00180883  0.0147291  -0.0617347  -0.112388  
0.00314749  0.00105604  0.0019518  0.0139736  -0.0765116  -0.130873  
0.00271825  0.00060051  0.00180001  0.0221548  -0.0555103  -0.118723  
0.00335787  0.00076545  0.00178895  0.0135342  -0.0656467  -0.154521  
0.00327678  0.00117504  0.00173171  0.0118325  -0.0765413  -0.103199  
0.00352791  0.000970859  0.00182535  0.0061652  -0.0333358  -0.145775  
0.00402547  0.00107156  0.00180294  0.0127551  -0.0800841  -0.0993026  
0.00281286  0.000972341  0.00175263  0.00531771  -0.031909  -0.125057  
0.00345138  0.00116027  0.00159223  0.00535941  -0.0905603  -0.119222  
0.00279942  0.000887446  0.00159223  0.00531876  -0.0313268  -0.125039  
0.00322141  0.00111509  0.00173503  0.0103113  -0.0720833  -0.11913  
0.00281694  0.000774169  0.0017239  0.00529234  -0.0509205  -0.125039  
0.00355597  0.000999414  0.00159223  0.00532861  -0.0721382  -0.124986  
0.00266863  0.000958025  0.00159223  0.00533469  -0.0431486  -0.125061  
0.00338278  0.000828916  0.00180892  0.0125807  -0.0720716  -0.124987  
0.00266766  0.00100279  0.00194746  0.00530327  -0.0465651  -0.12506  
0.00332556  0.00102071  0.00179147  0.00531598  -0.0891617  -0.124989  
0.00248486  0.000862376  0.00187065  0.00529324  -0.0424712  -0.12503  
0.00315846  0.000978568  0.00180465  0.00530809  -0.0719746  -0.124976  
0.00283404  0.000969555  0.00159223  0.0053417  -0.0519463  -0.110617  
0.00286452  0.00102234  0.00159223  0.00534106  -0.0565274  -0.133082  
0.00312383  0.00104071  0.00174969  0.00808208  -0.0719639  -0.124988  
0.00278192  0.00102631  0.00172247  0.00531564  -0.04012  -0.119143  
0.00325037  0.00108447  0.00178556  0.00534268  -0.0785286  -0.124951  
0.00300182  0.00100198  0.00177126  0.00526446  -0.0432666  -0.141562  
0.00338259  0.00117419  0.00179002  0.00535959  -0.0886156  -0.124973  
0.00282575  0.00101257  0.00177528  -0.00149622  -0.0422183  -0.124974  
0.00326012  0.00141283  0.00169905  0.00539519  -0.0777525  -0.106437  
0.00288966  0.00121279  0.00159223  0.00532599  -0.0295875  -0.102521  
0.0034377  0.0010857  0.00159223  0.00535225  -0.0708171  -0.105172  
0.00289316  0.00114678  0.00171701  0.00532078  -0.0534254  -0.11186  
0.0034962  0.00129306  0.00166702  0.00536386  -0.0815204  -0.0983024  
0.00289874  0.00102064  0.00172262  0.00530514  -0.028746  -0.12486  
0.00363595  0.00127622  0.00159222  0.0053863  -0.088822  -0.0897532  
0.003014  0.00105297  0.00159222  0.0139493  -0.0542844  -0.0902512  
0.00349308  0.00146911  0.00159222  0.00541001  -0.0786894  -0.106813  
0.00312598  0.00117483  0.00159222  0.0110681  -0.0659738  -0.0930726  
0.00323791  0.00133904  0.00159222  0.00538855  -0.0786482  -0.111203  
0.00321785  0.00116024  0.00159222  0.0053282  -0.0715704  -0.094993  
0.00324058  0.00124569  0.00159222  0.00537849  -0.0786442  -0.111194  
0.00310812  0.00151607  0.00159222  0.00536883  -0.061312  -0.0939359  
0.00352349  0.00115286  0.00178971  0.0117446  -0.0786909  -0.105243  
0.00295422  0.00110314  0.00159222  0.0129734  -0.0592615  -0.0888016  
0.00326116  0.00116751  0.00159222  0.0117044  -0.0827145  -0.101092  
0.00302689  0.00125454  0.00159222  0.00534364  -0.0535249  -0.0887783  
0.00308945  0.0011021  0.00159222  0.00533086  -0.0786328  -0.107929  
0.00316034  0.0010582  0.00180199  0.0202084  -0.0502984  -0.141859  
0.00403585  0.00133916  0.00197555  0.035813  -0.0749214  -0.204121  
0.00317038  0.00147621  0.00176961  0.0272775  -0.0722921  -0.164956  
0.00350502  0.00132672  0.00159222  0.0153713  -0.0723726  -0.164914  
0.00327529  0.00147621  0.00165514  0.0196473  -0.0723242  -0.124556  
0.00312906  0.00126948  0.00159222  0.0217556  -0.0429776  -0.144804  
0.00362688  0.00142236  0.00159222  0.0193787  -0.0724777  -0.116323  
0.00295055  0.00127619  0.00159222  0.0217593  -0.0291538  -0.139744  
0.003555  0.00137323  0.00159222  0.0217888  -0.0713971  -0.1349  
0.00315527  0.00121647  0.00159222  0.0125871  -0.0463204  -0.127833  
0.00336395  0.00151077  0.00159222  0.00718442  -0.0434584  -0.162528  
0.00369332  0.00136834  0.00141403  0.00707432  -0.0599405  -0.146074  
0.00315478  0.00106572  0.00159222  0.00763687  -0.0155342  -0.142676  
0.00379422  0.00133698  0.00134605  0.00781058  -0.0599461  -0.151689  
0.00352499  0.00106572  0.00119033  0.00480949  -0.0428923  -0.15463  
0.00334535  0.00128792  0.00119033  0.00484545  -0.0133322  -0.165698  
0.0037362  0.00130137  0.00139196  0.00485231  -0.0560878  -0.151657  
0.00336554  0.00106572  0.00119033  0.00480949  -0.0084618  -0.151624  
0.00411764  0.00132434  0.00119033  0.00486251  -0.0503936  -0.17078  
0.00343251  0.00106572  0.0013932  0.00267032  -0.00526174  -0.170867  
0.00335926  0.00106572  0.00119033  0.00480949  -0.0528602  -0.155266  
0.00295601  0.00106572  0.00129611  0.00480792  -0.0199534  -0.130014  
0.00335108  0.00106572  0.00119033  -0.00200211  -0.0528989  -0.169867  
0.00321802  0.00117757  0.00126755  0.0048255  -0.0279013  -0.135592  
0.00345178  0.00106572  0.00119033  -0.00315322  -0.0529174  -0.169863  
0.00339446  0.00106572  0.00119033  -0.00446634  -0.0223628  -0.144776  
0.0041267  0.00133071  0.00133413  -0.00720925  -0.0397214  -0.186095  
0.0030426  0.00115164  0.00142137  -0.00485886  -0.0252235  -0.147942  
0.00359614  0.00124176  0.00119033  -0.00738862  -0.036578  -0.174993  
0.00359614  0.0011981  0.0012439  -0.00571886  -0.0207614  -0.158488  
0.00430554  0.00106572  0.00119033  -0.00666208  -0.020128  -0.202853  
0.00360011  0.00106572  0.00141545  -0.000950774  -0.0326346  -0.158021  
0.00326396  0.00106572  0.00119033  -0.00636066  -0.0174157  -0.16253  
0.00352766  0.00106572  0.00119033  -0.00236084  -0.0470507  -0.140367  
0.00334804  0.00116264  0.00119033  -0.00357302  -0.0121101  -0.157617  
0.00352618  0.00128611  0.00119033  -0.00632365  -0.0444874  -0.146498  
0.00324933  0.00106572  0.00136129  -0.00694002  -0.0133789  -0.162781  
0.00356207  0.00131622  0.00140811  -0.0082529  -0.0419943  -0.144613  
0.00343951  0.00106572  0.00119033  -0.00245851  -0.0178921  -0.155815  
0.0034688  0.00106572  0.00135537  -0.0113738  -0.027675  -0.157802  
0.00354679  0.00125617  0.00119033  -0.00624244  -0.0276682  -0.173782  
0.00337339  0.00106572  0.00119033  -0.00334915  -0.0276416  -0.149976  
0.00370488  0.00106572  0.00119033  -0.00572758  -0.0125354  -0.154103  
0.00325943  0.00106572  0.00119033  -0.0113703  -0.0330071  -0.147132  
0.00339426  0.00106572  0.00119033  -0.0113703  -0.0100747  -0.174514  
0.00330133  0.00106572  0.00119033  -0.0113703  -0.0319525  -0.157769  
0.00330375  0.00106572  0.00119033  -0.0113703  -0.0146342  -0.186535  
0.00335537  0.00106572  0.00119033  -0.0113703  -0.0294683  -0.155852  
0.00318243  0.00106572  0.00119033  -0.00660572  -0.00286409  -0.182575  
0.00348835  0.00114951  0.00119033  -0.0113577  -0.0239701  -0.152471  
0.00349801  0.00121135  0.00139433  -0.00359749  -0.00390142  -0.170068  
0.00333558  0.00106572  0.00135127  -0.0037668  -0.0413184  -0.156442  
0.00337411  0.00106572  0.00135696  -0.00478906  -0.0120356  -0.17006  
0.00345406  0.00106572  0.00119033  0.00617514  -0.0314784  -0.170065  
0.00343484  0.00106572  0.00138678  -0.0113635  -0.00821225  -0.169997  
0.00346687  0.00106572  0.00119033  -0.00194859  -0.0302092  -0.151367  
0.00311139  0.00106572  0.0013912  0.00311415  -0.0123272  -0.169927  
0.00338062  0.00106572  0.00138714  -0.00688078  -0.0263233  -0.161962  
0.00329231  0.00106572  0.00119033  -0.00440507  -0.0240033  -0.169937  
0.00345009  0.00101118  0.00119033  -0.00689076  -0.0240291  -0.161823  
0.00387641  0.00106572  0.00119033  -0.00688118  0.00129835  -0.169962  
0.00342682  0.00106572  0.00119033  -0.00688118  -0.0405827  -0.150702  
0.0032147  0.00106572  0.00119033  -0.00688118  -0.0155048  -0.169955  
0.00342812  0.00106572  0.00129189  -0.002279  -0.035985  -0.141109  
0.00342006  0.00106572  0.00119033  -0.00688118  0.000437448  -0.169935  
0.00336123  0.000938013  0.00129102  0.00275521  -0.0420815  -0.169919  
0.00323905  0.000886681  0.0014232  -0.00691818  -0.0143886  -0.184784  
0.00328915  0.00106572  0.00119033  -9.11277e-05  -0.0418031  -0.169915  
0.00342855  0.00106572  0.00119033  -0.00688118  -0.0214362  -0.18253  
0.00366606  0.00106572  0.00119033  -0.00688118  -0.0315482  -0.17259  
0.00368036  0.000751497  0.00130886  -0.00693763  -0.0126226  -0.18439  
0.00335916  0.00106572  0.00119033  -0.00688118  -0.012568  -0.169798  
0.00354022  0.00106572  0.00139008  4.69178e-05  -0.0208185  -0.192721  
0.00343025  0.000911661  0.00132551  0.00108897  -0.0148882  -0.166447  
0.00378406  0.00106572  0.00119033  0.00106413  -0.0126428  -0.201916  
0.00360151  0.000916686  0.00119033  -0.00690557  -0.012617  -0.169263  
0.00353929  0.000945903  0.00135663  0.0012995  -0.0125935  -0.206185  
0.00362792  0.000944102  0.00119033  0.00189592  -0.0324123  -0.15512  
0.00377527  0.000930153  0.00119033  -0.000584729  0.00398425  -0.192729  
0.00371555  0.000983235  0.0013932  -0.00690198  -0.0254336  -0.14955  
0.00344862  0.000662392  0.00119033  -0.00695957  0.00566847  -0.199425  
0.00384263  0.000864049  0.00143417  -0.00691194  -0.0363797  -0.192689  
0.00350081  0.000662392  0.00134869  0.00231075  0.0174266  -0.192623  
0.00414859  0.00080136  0.00119033  0.0119183  -0.0305631  -0.192597  
0.0035651  0.000604131  0.00119033  0.0044217  0.00453812  -0.200477  
0.00429101  0.000662392  0.00119033  0.0118922  -0.0243821  -0.201186  
0.00367015  0.000662392  0.00119033  0.00275175  0.0149918  -0.188804  
0.00363841  0.000662392  0.00119033  0.00247953  -0.0318245  -0.197278  
0.0041334  0.000662392  0.00119034  0.00573651  0.0066871  -0.17634  
0.00425332  0.000568787  0.00119034  0.00107135  -0.0098275  -0.220977  
0.00338084  0.000662392  0.00119033  0.0118922  -0.00901197  -0.189158  
0.00366702  0.000662392  0.00119034  0.000666081  -0.0116295  -0.201634  
0.00380319  0.000662392  0.00119034  -0.0049712  -0.0221805  -0.180407  
0.00412466  0.000662392  0.00112937  -0.0049698  0.0103777  -0.207299  
0.00389159  0.000662392  0.00100989  -0.00497383  -0.0292651  -0.185578  
0.00321188  0.000662392  0.00113568  -0.0049726  0.0222198  -0.201584  
0.00392632  0.000595599  0.00119034  0.0016105  -0.0236928  -0.19621  
0.00356792  0.000590218  0.00119034  0.00341099  0.0160076  -0.201603  
0.00490514  0.000572468  0.00119034  -0.00498521  -0.00957335  -0.225026  
0.00374564  0.000223126  0.00119034  -0.00505092  0.0310722  -0.20007  
0.00399145  0.00064503  0.00119034  -0.00497576  -0.00561748  -0.213555  
0.0034488  0.00051836  0.000956101  -0.0050103  0.00501371  -0.187389  
0.00418136  0.000515007  0.000805792  -0.0014282  0.0019312  -0.239018  
0.00391357  0.000427453  0.00103706  -0.00502468  -0.0051744  -0.190539  
0.00356865  0.000569201  0.000870109  -0.00500144  0.0142513  -0.210784  
0.00385833  0.000223126  0.000993637  -0.00168821  -0.0138566  -0.180962  
0.00346565  0.000475307  0.000758489  -0.00503157  0.03155  -0.210664  
0.00437069  0.000573898  0.000926941  -0.00497747  -0.0237649  -0.216528  
0.00423218  0.000499733  0.000870062  -0.00499903  0.0314051  -0.219032  
0.00455977  0.000716696  0.00090967  -0.00495525  -0.0109181  -0.224664  
0.0035148  0.000223126  0.000843629  -0.00506807  0.0288342  -0.184949  
0.00397978  0.000613964  0.000745993  -0.0128627  -0.00218474  -0.210889  
0.00362841  0.000603373  0.000745993  -0.0095533  -0.00288025  -0.183851  
0.00373557  0.000223126  0.000745993  -0.00504793  -0.00289121  -0.204361  
0.0046213  0.000223126  0.000800847  -0.00505549  -0.00302154  -0.191422  
0.00437128  0.00060268  0.000745993  -0.00501746  0.0129412  -0.220171  
0.00386398  0.00057588  0.000745993  -0.00499223  -0.0342685  -0.181777  
0.00351343  0.000223126  0.000745993  -0.00504793  0.0202827  -0.204417  
0.0040103  0.000452384  0.000745993  -0.00499433  -0.029505  -0.204409  
0.00320764  0.000428779  0.000745993  -0.00500511  0.0160495  -0.204351  
0.00417353  0.000308114  0.000745993  -0.0050314  -0.0180939  -0.21841  
0.00316431  0.000223126  0.000745993  -0.00504793  0.00996632  -0.218553  
0.0044156  0.000584257  0.000495993  -0.00498322  -0.0219873  -0.218525  
0.00361294  0.000223126  0.000745993  -0.00504793  0.018618  -0.194755  
0.00413501  0.000509085  0.000669572  -0.0160745  -0.0249323  -0.172055  
0.0035448  0.000434947  0.000686709  -0.0131705  0.0115163  -0.178789  
0.00430509  0.000419763  0.000745993  -0.005019  -0.0161333  -0.19711  
0.00400494  0.000496964  0.000745993  -0.0122379  0.00597586  -0.185408  
0.00427894  0.000656043  0.000745993  -0.0146967  -0.0135722  -0.178781  
0.0038405  0.000370799  0.000745993  -0.00502243  -0.00479963  -0.178756  
0.00416821  0.000516319  0.000745993  -0.0105097  0.00594344  -0.208789  
0.00375416  0.000223126  0.000745993  -0.00504793  -0.0243045  -0.19432  
0.00362832  0.000223126  0.000695225  -0.00504909  0.0156686  -0.221532  
0.00370377  0.000223126  0.000745994  -0.0109471  -0.00538191  -0.201768  
0.0036342  0.000416043  0.000797354  -0.0050079  0.0156698  -0.221498  
0.00452418  0.000411621  0.000745994  -0.00501937  -0.00862755  -0.214209  
0.00450125  0.000406789  0.000745994  -0.0050279  0.0154532  -0.23398  
0.00381034  0.000486142  0.000637968  -0.00500787  -0.0210415  -0.200802  
0.00359682  0.000223126  0.000745994  -0.00504793  0.012526  -0.225708  
0.00429504  0.000533441  0.000745994  -0.00500147  -0.0207558  -0.208402  
0.00335766  0.000377846  0.000745994  -0.00502116  0.0214719  -0.19945  
0.0042284  0.000453252  0.000658321  -0.0126993  -0.0343443  -0.210765  
0.00352511  0.000334037  0.000745994  -0.00503051  0.00716121  -0.190636  
0.00386329  0.000415418  0.000745994  -0.00975471  -0.0217962  -0.190539  
0.00354651  0.000223126  0.000673045  -0.00504873  -0.021741  -0.169092  
0.00357327  0.000491167  0.000745994  -0.00499945  0.006463  -0.205264  
0.003799  0.000558917  0.000745994  -0.00500091  -0.00670504  -0.166562  
0.00402395  0.000491338  0.000745994  -0.00501312  0.00968599  -0.205328  
0.00500928  0.000451316  0.000745994  -0.00777673  -0.000368113  -0.199215  
0.00446408  0.000607278  0.000745994  -0.0125096  0.0131984  -0.207408  
0.00401725  0.000402657  0.000745994  -0.0124937  -0.0161949  -0.162172  
0.00338054  0.000414843  0.000835874  -0.00501033  0.0242239  -0.190634  
0.00383292  0.000223126  0.000745994  -0.00504794  -0.019037  -0.225192  
0.00340911  0.000223126  0.000745995  -0.00504794  0.0119596  -0.208726  
0.00446261  0.000223126  0.000745995  -0.00504794  -0.00977353  -0.239985  
0.00343854  0.000223126  0.000645442  -0.00505156  0.0118769  -0.217583  
0.00399816  0.000223126  0.000745995  -0.00504794  -0.0192935  -0.225603  
0.00367701  0.000223126  0.000745995  -0.00504794  0.0260339  -0.215703  
0.00402635  0.000435036  0.000745995  -0.00734219  -0.0196088  -0.219932  
0.00366308  0.000223126  0.000745995  -0.00504794  0.0246457  -0.221798  
0.00393025  0.000223126  0.000745995  -0.00504794  -0.0257713  -0.215588  
0.00372735  0.000223126  0.000745995  -0.00504794  0.0159002  -0.188  
0.00366677  0.000671506  0.000691031  -0.00498584  -0.0283568  -0.117301  
0.00266287  0.000648601  0.000550747  -0.0049829  -0.0144027  -0.127298  
0.00294878  0.000587877  0.000339207  -0.0157918  -0.0594575  -0.14938  
0.00196923  0.000534238  0.000339207  -0.00497672  -0.0405705  -0.0951832  
0.00210491  0.0002938  0.000339207  -0.00870142  -0.0288472  -0.0992668  
0.00226285  0.000839043  0.000339207  -0.0242054  -0.119874  -0.0901158  
0.00235441  0.000786498  0.000339207  -0.00848354  -0.162951  -0.126119  
0.00235404  0.000597725  -0.000146735  -0.024161  -0.133894  -0.113423  
0.000864565  0.000223127  -0.000500342  -0.050727  -0.0393007  -0.0215839  
1.17034e-05  -0.000128043  -0.000674941  -0.0480253  -0.0589431  0.0259532  
-0.000954761  0.000223126  -0.000637994  -0.0500611  -0.125175  0.023372  
-0.000522773  3.24447e-06  -0.00082972  -0.0499973  -0.143059  0.0216452  
0.000341218  -0.000148172  -0.00082972  -0.0595548  -0.126752  0.0093791  
0.000810621  0.000223126  -0.00082972  -0.0594892  -0.0996989  0.0531715  
0.000828418  0.000223126  -0.00100899  -0.0614735  -0.0839147  0.0799211  
0.00105023  0.000223127  -0.00082972  -0.0594892  -0.0622771  0.0861302  
0.000864187  0.000353235  -0.00100579  -0.0594999  -0.0495072  0.0686285  
0.000785131  0.000478453  -0.000829721  -0.0595248  -0.0405538  0.0867054  
0.000718079  0.000583361  -0.00082972  -0.0595271  -0.02859  0.103961  
0.000785131  0.00053454  -0.00082972  -0.0566999  -0.0405538  0.117589  
0.000785131  0.000632281  -0.000885961  -0.059512  -0.0405568  0.129365  
0.000785131  0.000632281  -0.00082972  -0.0595213  -0.0405538  0.140682  
0.000969937  0.000712522  -0.00082972  -0.0595201  -0.0600983  0.0810579  
0.00227937  0.000174874  -0.00082972  -0.0595755  -0.122958  -0.0982678  
0.00194086  0.000124261  -0.000910971  -0.0595342  -0.145591  0.0456464  
0.000285376  0.000197703  -0.00082972  -0.04484  -0.138138  0.124856  
0.000937598  8.64155e-05  -0.000615274  -0.0423965  -0.190216  -0.00186615  
-9.45935e-05  0.000155389  -0.00082972  -0.0422888  -0.158785  0.0901345  
-0.00130146  0.000155389  -0.000609837  -0.0287127  -0.115421  0.147315  
-0.00104381  0.000155389  -0.000620799  -0.0353474  -0.142075  0.1001  
-0.00113848  0.00038552  -0.00082972  -0.0422977  -0.11077  0.0981351  
-0.00147236  0.000461926  -0.000696925  -0.0423177  -0.090303  0.118022  
-0.000815799  0.000429735  -0.00082972  -0.0423012  -0.118819  0.0819579  
-0.00147634  0.000635078  -0.000829721  -0.0423017  -0.0717287  0.0594454  
-0.000661745  0.000434504  -0.000829721  -0.0422901  -0.101179  0.0497897  
-0.0009304  0.000309524  -0.000573972  -0.0364208  -0.041571  0.0546137  
-0.000499833  0.00034789  -0.000496465  -0.0331431  -0.0775439  0.0516599  
-0.000957826  0.000253695  -0.000669661  -0.030602  -0.055588  0.0614429  
-0.000808537  0.000253695  -0.000665218  -0.0346542  -0.0734252  0.064867  
-0.000658192  0.000308399  -0.000553357  -0.0311487  -0.0555584  0.0613626  
-0.000265128  0.000253695  -0.000531427  -0.0292435  -0.0744797  0.0777349  
-0.000558537  0.000253695  -0.000497823  -0.0299474  -0.0323403  0.069499  
-0.000265891  0.000194145  -0.000330293  -0.0239447  -0.0849758  0.0843565  
-0.000693741  0.000253695  -0.000420468  -0.0239346  -0.0430168  0.0657192  
-0.000325654  0.000409284  -0.000464894  -0.0239275  -0.0784837  0.0823996  
-0.000964156  0.000253695  -0.000411004  -0.027784  -0.0298983  0.0696636  
-0.000301348  0.000253695  -0.000478996  -0.0239183  -0.0652711  0.0618079  
-0.00060095  0.000253695  -0.000499015  -0.0239043  -0.0305111  0.0671067  
-0.00040989  0.000253695  -0.000523383  -0.0239126  -0.0652887  0.0577884  
-0.000982367  0.000253695  -0.000397384  -0.023921  -0.0398955  0.0652081  
-0.000299084  0.000407999  -0.000526904  -0.0239233  -0.0791017  0.0693922  
-0.000902944  0.000181351  -0.000554741  -0.0239074  -0.040617  0.0675976  
-7.01569e-05  0.000253695  -0.000543192  -0.0239227  -0.0859529  0.0682862  
-0.000760245  0.000253695  -0.000598781  -0.0391955  -0.0397326  0.0650239  
-0.000291162  0.000253695  -0.000501935  -0.0352607  -0.0713293  0.0618592  
-0.000490044  0.000253695  -0.000456696  -0.0336641  -0.0319201  0.0913964  
-0.00060095  0.000253695  -0.000387199  -0.0312094  -0.0652779  0.0546339  
-0.00060095  0.000253696  -0.000387199  -0.0239174  -0.0369538  0.0746354  
-0.000305312  0.000253696  -0.000387199  -0.0239174  -0.0652642  0.0654259  
-0.00060095  0.000253696  -0.000387199  -0.029012  -0.0422175  0.0684991  
-0.000451895  8.34058e-05  -0.000502728  -0.0239007  -0.0652754  0.0605464  
-0.00060095  0.000253696  -0.000663055  -0.0380626  -0.032167  0.0719166  
-0.000292182  0.000468426  -0.000518888  -0.0405374  -0.0626421  0.0617499  
-0.00060095  0.000253696  -0.000634378  -0.0370156  -0.0200526  0.0546961  
3.72395e-05  0.000253696  -0.000387199  -0.0305454  -0.0652693  0.0547066  
-0.000466152  0.000253696  -0.000578518  -0.0337889  -0.00751196  0.0382041  
0.000131078  0.000316019  -0.000387199  -0.0289629  -0.0553743  0.0244425  
-0.000624642  0.000253696  -0.000387199  -0.0239814  -0.0040184  0.0210466  
2.62818e-05  0.000253696  -0.000387199  -0.0239815  -0.0515039  0.0290745  
-0.000357836  0.000253696  -0.000557489  -0.0239775  -0.0160025  0.0454426  
0.00013234  0.000253696  -0.000387199  -0.021276  -0.0515316  0.0499069  
-0.000357836  0.000503696  -0.000387199  -0.0239783  0.00228889  0.00170518  
0.000180901  0.000253696  -0.000387199  -0.0239815  -0.0512271  0.0029965  
0.000265119  0.000253696  -0.000387199  -0.0239814  -0.0262428  0.0126109  
0.000475023  0.000329366  -0.000387199  -0.0239818  -0.0070904  0.00299906  
0.000475023  0.000403261  -0.000387199  -0.023975  -0.022259  0.0157284  
2.66078e-05  0.000253696  -0.000387199  -0.00400529  -0.0104366  0.0247938  
0.000475023  0.000253696  -9.09018e-05  -0.00400797  -0.0370898  0.0289617  
0.00021328  0.000253696  -0.000118684  -0.00400083  -0.00272493  0.0224646  
0.000475023  0.000163764  0.000103257  0.000461726  -0.0288186  0.0225967  
5.30793e-05  -0.000188802  -2.85162e-05  0.000955615  0.00529806  0.0116805  
0.000475023  0.000253696  -8.82134e-05  0.00162378  -0.0348625  0.017551  
-4.69112e-05  -0.000140108  -4.67662e-05  -0.00400529  -0.00144885  0.00300089  
0.000477546  0.000253696  -3.10997e-05  0.00397074  -0.0331197  0.00300975  
6.05379e-05  0.000253697  0.000213105  0.00222201  0.00126668  0.0030612  
0.000988625  0.000167004  0.00015745  0.00257525  -0.0317929  -0.00162192  
0.000186509  0.000253697  1.38887e-05  0.000217566  0.0157258  0.00315819  
0.000968921  0.000253697  0.000158129  -0.00402108  -0.0195836  0.00318084  
0.00133849  0.000253697  0.000113907  0.000454411  0.018461  -0.0128955  
0.000836922  0.000253697  -5.61721e-05  -0.0040241  -0.0306685  0.00315075  
0.00119227  0.000253697  -9.08494e-06  -0.00404768  0.0146231  -0.0196224  
0.00125412  0.000685499  -0.000117375  -0.0123195  -0.0126097  0.00311438  
0.000612103  0.000238796  8.29503e-05  -0.00402333  0.00632293  -0.0022023  
0.000532951  0.000283861  -8.89431e-05  -0.00401161  -0.0126077  -0.00781065  
0.000632438  0.000201923  -3.10406e-05  0.00834963  -0.012602  0.0114466  
0.000552114  0.000283861  -4.05921e-05  -0.00400772  0.00772784  -0.00158493  
0.00135433  0.000283861  -4.16032e-05  -0.00199327  -0.00704279  -0.00156672  
0.00174576  0.000168463  1.18212e-05  -0.00406031  0.0179842  -0.0322442  
0.00174723  0.000283861  -0.000151674  -0.00403302  -0.00222629  -0.00342599  
0.000628608  0.000405527  -0.000147301  -0.0134933  0.0117504  -0.00534774  
0.00166254  0.000304387  -0.000210762  -0.0118696  -0.0187893  0.00750038  
0.000893093  0.000303256  -0.000173255  -0.014666  0.0158801  0.0150767  
0.00108142  0.00036311  -0.000141914  -0.0155761  -0.0282723  0.00142677  
0.000847964  0.00036311  -0.000211665  -0.00401406  -0.0154744  0.0160352  
0.00111814  0.00036311  -0.000187988  -0.0133987  0.0105057  0.00848911  
0.00205219  0.00036311  -0.000154086  -0.00882835  -0.0137052  0.0210887  
0.000617928  0.00036311  -0.000185919  -0.0162797  0.00201051  0.0173971  
0.00120514  0.00036311  -0.000167737  -0.0139629  -0.0287405  0.0217148  
0.000710008  0.00036311  -8.50469e-05  -0.00401146  0.00102892  0.0347279  
0.000157896  0.000697965  -0.000556682  -0.0368409  -0.065822  0.129901  
-0.000380059  0.000474651  -0.0003872  -0.0368515  -0.0656083  0.0694118  
-9.39404e-05  0.000474926  -0.000611257  -0.0368272  -0.097871  0.111955  
-0.00125126  0.000622624  -0.000788864  -0.0368402  -0.0635238  0.0996225  
9.87542e-05  0.000825073  -0.000788864  -0.0368484  -0.0978145  0.097139  
-0.000194698  0.000653772  -0.00026652  -0.0343862  -0.0653238  0.115271  
-8.87137e-05  0.000825073  -0.000231567  -0.0320785  -0.0346879  0.114551  
4.61383e-05  0.000825074  -0.000177515  -0.0196006  -0.0752343  0.152639  
-2.83848e-05  0.000407242  -0.000268607  -0.022285  -0.0275975  0.123777  
0.000148724  0.000520101  -0.000296688  -0.0255866  -0.0762263  0.15  
1.80641e-05  0.000407242  -0.000421157  -0.0342994  -0.0363071  0.149987  
0.000339808  0.000699541  -0.000502921  -0.0340223  -0.0652872  0.150652  
-0.00023821  0.000662638  -0.000495903  -0.0370503  -0.0311204  0.15338  
0.000398724  0.000651953  -0.00052444  -0.0399469  -0.0531766  0.133566  
7.88795e-06  0.000617803  -0.00045612  -0.0370016  -0.0382272  0.138815  
-0.000191926  0.000407242  -0.000310655  -0.0300944  -0.0422767  0.124961  
0.000398724  0.000407242  -0.000262293  -0.0234157  -0.0495763  0.12859  
0.000258757  0.000407242  -0.000258827  -0.0314854  -0.0159934  0.109337  
0.000398724  0.000407242  -0.000410618  -0.0359519  -0.0428368  0.121019  
-0.000140107  0.000407242  -0.00055106  -0.0359513  -0.0172708  0.109293  
0.000253775  0.000407242  -0.000401155  -0.0385946  -0.0507174  0.109336  
-0.000234772  0.000407242  -0.000415996  -0.0359644  -0.0231738  0.0997036  
0.000254065  0.000810422  -0.000389648  -0.0359842  -0.0377267  0.10824  
-3.71388e-05  0.000346321  -0.000301991  -0.0359559  -0.0123175  0.0850757  
0.000398724  0.000346322  -0.00029321  -0.0307743  -0.0537091  0.11347  
-0.000133966  0.000221588  -3.43878e-05  -0.024446  0.00548803  0.0916318  
0.00014284  0.000346322  -0.000180344  -0.0242135  -0.0545598  0.0909519  
-8.30085e-05  -0.000127252  -0.000244083  -0.0223505  0.00880993  0.0907854  
0.000350858  0.000133854  -0.000180344  -0.0274039  -0.0399258  0.0905377  
0.000271656  0.000420608  -0.000242527  -0.0275852  -0.0166319  0.117926  
0.000306878  0.000260523  -0.000128249  -0.0280552  -0.0160405  0.0754977  
-5.81192e-05  2.7959e-05  -0.000180344  -0.0186753  -0.0574477  0.10298  
9.8548e-05  -0.000127252  -0.000180344  -0.0238522  -0.0235967  0.0637921  
0.000686862  0.000267036  -0.000180344  -0.0164321  -0.0226968  0.0843136  
0.000146468  0.000304883  -5.91328e-05  -0.0164566  -0.0148309  0.0724804  
0.00022792  0.000304883  -6.89651e-05  -0.0164689  -0.0422776  0.10956  
0.000455727  0.000304884  -2.78488e-05  -0.023137  -0.0273522  0.0706761  
0.000667901  0.00011713  -0.000180344  -0.0164387  -0.0421526  0.106946  
0.000591598  3.82572e-05  7.05008e-05  -0.0164473  -0.0206056  0.0802517  
0.000805347  -0.00016541  -1.27457e-05  -0.0109549  -0.0420947  0.10838  
0.00035001  -0.000121733  0.000101834  -0.0118139  -0.0136349  0.080197  
0.000855701  -0.000174727  0.000115869  -0.00821808  -0.0364179  0.0888615  
0.000588247  -0.000174727  0.000141461  -0.00506242  -0.0260995  0.0784129  
0.00207559  -0.000267932  0.000196076  0.000514279  -0.0407793  0.0645738  
0.000807393  -0.000174727  0.000176956  -0.00625132  -0.0194562  0.0645376  
-6.8546e-05  -0.000174727  -9.14038e-05  -0.0133119  -0.0390245  0.141053  
-0.00056866  0.000105809  -0.000180344  -0.018251  -0.0444108  0.119302  
-0.000456869  0.000592322  3.06642e-05  -0.00751645  -0.102571  0.049715  
-0.000441471  0.00117274  -0.000180344  -0.0183798  -0.130077  0.166335  
-0.00192533  0.000724665  -0.000180344  -0.000536119  -0.183873  0.136626  
-0.00202564  6.61951e-05  -1.88386e-05  -0.00965784  -0.0239363  0.114738  
-0.0010448  0.000193211  0.000141311  -0.0116062  -0.0993324  0.163008  
-0.00204124  0.000193211  0.000374608  -0.00735622  -0.0567526  0.206539  
-0.000837231  0.000193211  0.000175372  -0.000363778  -0.0719844  0.186471  
-0.00125646  0.000193211  0.00024882  -0.00337319  -0.0442134  0.212907  
-0.00132745  0.000193211  0.00024882  0.00430656  -0.0616382  0.212897  
-0.000882318  0.000193211  0.00024882  0.00678506  -0.057579  0.212999  
-0.0014152  0.000193211  0.00024882  0.00430656  -0.0399818  0.1875  
-0.0010132  3.23955e-06  0.00024882  0.00432094  -0.146071  0.135277  
-0.000371315  -0.000261874  4.28935e-05  0.0043433  -0.133729  0.0727656  
-5.4572e-05  -0.000261874  0.000239722  0.0275437  -0.133166  0.0565381  
-0.0010269  2.31588e-06  0.000283868  0.020939  -0.0974233  0.105753  
-0.00121875  -0.000706309  0.000124084  0.00436801  -0.0629186  0.241888  
-0.00185974  -0.000261874  0.000215898  -0.0100075  -0.102008  0.334551  
-0.00270249  -0.000192982  0.000211151  -0.0123728  -0.123898  0.380101  
-0.00261303  -0.000144966  0.00025179  -0.0150495  -0.0877987  0.29577  
-0.000969777  -0.000261874  0.000433514  -0.00767658  -0.120681  0.0515886  
-0.000969777  -0.000261874  0.00065764  -0.0150736  -0.0933911  0.0478178  
-0.00217042  -0.000344312  0.000611329  -0.0174104  -0.0183887  0.282909  
-0.00105175  -0.000939465  0.000761751  -0.0150362  -0.0877861  0.0367078  
-0.00118942  -0.00112071  0.000778865  -0.00147464  -0.0799575  -0.0236627  
-0.00157098  -0.00136763  0.000624487  0.000384634  -0.0720805  -0.0605038  
-0.00206086  -0.000747828  0.000608923  0.0142572  -0.054086  0.294063  
-0.00193366  -0.00109773  0.000299409  0.030213  -0.192967  0.333779  
-0.00205646  -0.00128562  0.000412487  0.0302603  -0.28045  0.354549  
-0.00220725  -0.00180246  0.000251379  0.0304608  -0.276152  0.291669  
-0.00255236  -0.00119115  0.000412487  0.0302769  -0.286123  0.279389  
-0.00112515  -0.000733272  0.00027646  0.0183078  -0.404332  0.344247  
2.13341e-05  -0.000211445  0.000791529  0.0110766  -0.456699  0.230913  
-0.00054924  -0.000152566  0.000692676  -0.0337617  -0.346206  0.0411729  
-0.00216925  -0.000619253  0.000265805  -0.035017  -0.169865  -0.00882361  
-0.00187733  -0.000500704  0.000361639  -0.0350273  -0.187354  -0.0893646  
-0.00222799  -0.000619254  0.000412487  -0.0350444  -0.133968  0.0197636  
-0.00339909  -0.000308412  0.000412487  -0.0350945  -0.10101  0.183501  
-0.00422747  -0.000143584  8.07201e-05  -0.0351043  -0.0543519  0.323267  
-0.00397602  -0.000159405  3.35084e-06  -0.0350737  -0.0918656  0.355593  
-0.00428487  -0.000185751  -3.54208e-05  -0.0350818  -0.0524677  0.327503  
-0.00434221  -0.000233568  -1.6753e-05  -0.0328437  -0.0764721  0.358544  
-0.00418234  1.17715e-05  0.000247419  -0.0251692  -0.0572185  0.330941  
-0.00434221  -0.000232344  0.000315589  -0.0329183  -0.0601705  0.352611  
-0.00387748  -0.000619254  0.000412487  -0.0291046  -0.0698405  0.307338  
-0.00409323  -0.000355171  0.000412487  -0.0230992  -0.0311177  0.326002  
-0.0038857  -0.000619254  0.000412487  -0.0290498  -0.0613973  0.292546  
-0.00442328  -0.000398198  0.000412487  -0.0300337  -0.0207057  0.292487  
-0.00382532  -0.000452351  0.000198786  -0.0299714  -0.0557868  0.320064  
-0.00404572  -0.00050328  0.000412487  -0.029986  0.00402451  0.296684  
-0.00340443  -0.00050328  0.000283161  -0.0299729  -0.0457568  0.302149  
-0.00357864  -0.000503281  0.000272635  -0.0299784  0.0039849  0.292679  
-0.00328769  -0.000503281  0.000255264  -0.0299727  -0.0317436  0.310971  
-0.00358995  -0.000503281  0.000238693  -0.0299784  0.00938721  0.310978  
-0.00301174  -0.000318911  0.000275128  -0.0300084  -0.0194156  0.322348  
-0.00358256  -0.000503281  0.000412487  -0.0352818  0.00379677  0.328356  
-0.00326858  -0.000503281  0.000412487  -0.0344476  -0.0473709  0.328419  
-0.00364861  -0.000503281  0.000412487  -0.029986  -0.00151191  0.314166  
-0.00364861  -0.000503281  0.000412487  -0.0275679  -0.033096  0.328437  
-0.00353849  -0.000583618  0.000412487  -0.0299695  0.000520489  0.308775  
-0.00353381  -0.00059498  0.000412487  -0.0299633  -0.0175861  0.323201  
-0.0035769  -0.000503281  0.000412487  -0.029986  -0.0129784  0.319011  
-0.00364861  -0.000503281  0.000412487  -0.0299859  -0.0109567  0.344188  
-0.00294104  -0.000503281  0.000412487  -0.0299859  -0.0231095  0.331487  
-0.00317029  -0.000503281  0.000412487  -0.0245813  -0.00640665  0.356757  
-0.00297191  -0.000450318  0.000515826  -0.0300119  -0.0194449  0.342979  
-0.00319574  -0.000503281  0.000412487  -0.029986  0.00848065  0.359361  
-0.00285909  -0.000697451  0.000516354  -0.0299448  -0.012728  0.331989  
-0.00298371  -0.000597091  0.000412487  -0.0278445  -0.0127586  0.350662  
-0.00230144  -0.000461667  0.000498043  -0.0299604  0.0157893  0.323599  
-0.00278033  -0.000754825  0.000412487  -0.0298747  0.0181937  0.34796  
-0.00309102  -0.000808372  0.000412487  -0.0298563  0.00652958  0.33201  
-0.00272936  -0.000769021  0.000626047  -0.0248731  0.0300135  0.334554  
-0.00258496  -0.000717362  0.000706383  -0.0299142  0.0174488  0.315377  
-0.00333801  -0.00081045  0.000703179  -0.0223603  0.0298865  0.34548  
-0.00274841  -0.000625313  0.000671439  -0.0299073  -0.0129002  0.330007  
-0.00358361  -0.000876514  0.000412487  -0.0298458  0.0375398  0.326626  
-0.00256763  -0.000482079  0.000412487  -0.017325  -0.00011713  0.30848  
-0.00301883  -0.000531011  0.000412487  -0.0299265  0.0446508  0.320149  
-0.00248079  -0.000640404  0.000645862  -0.0299111  0.00940827  0.339838  
-0.00290475  -0.000728615  0.000695502  -0.0237209  0.049136  0.327631  
-0.00240871  -0.000772355  0.000644987  -0.0115397  0.0106746  0.339315  
-0.00316684  -0.000645398  0.000711325  -0.0227775  0.0533377  0.345853  
-0.00311623  -0.000555762  0.000947495  -0.0242355  -0.0299421  0.399135  
-0.00361251  -0.000645398  0.00092644  -0.0300161  -0.111615  0.401454  
-0.00245027  -0.000645398  0.000837356  -0.0411079  -0.0997174  0.35356  
-0.00371615  -0.0010821  0.000616837  -0.0599073  -0.0876476  0.447509  
-0.00305872  -0.00101309  0.000577541  -0.0557855  0.0157058  0.416257  
-0.0037296  -0.000732637  0.000412487  -0.0454177  0.0970056  0.438007  
-0.00408828  -0.00041618  0.000412487  -0.0479779  -0.0419626  0.470377  
-0.00421729  -0.000248191  0.000412487  -0.0479603  0.00128196  0.347945  
-0.00394678  0.000158829  0.000412487  -0.0481204  -0.0338532  0.375086  
-0.00421729  -0.00018338  0.000412487  -0.0480346  0.0250624  0.375301  
-0.00376506  -0.000192561  0.000412487  -0.0437732  -0.0167853  0.393692  
-0.00421729  -0.000182586  0.000412487  -0.0480047  0.0108466  0.39471  
-0.00349519  7.94732e-06  0.000412487  -0.052184  -0.00868359  0.375338  
-0.00339808  4.23843e-05  0.000412487  -0.0647971  0.00222554  0.351146  
-0.00374532  -0.000109114  0.000412487  -0.0632293  0.0145115  0.353175  
-0.00368946  -4.64017e-05  0.000742521  -0.053006  -0.00218881  0.365586  
-0.00347752  -0.000321095  0.000412488  -0.0479851  0.00194689  0.356312  
-0.00397166  -0.000221084  0.000412488  -0.048015  -0.0313521  0.378176  
-0.00437814  -0.00029272  0.000412488  -0.0544852  0.0129287  0.376372  
-0.00324473  -7.51667e-05  0.000412488  -0.0529064  -0.0293582  0.383994  
-0.00347929  7.66583e-06  0.00065056  -0.038113  0.0435159  0.35512  
-0.00329418  -0.00014813  0.000676591  -0.0480209  0.0219423  0.306795  
-0.00301866  -0.000190528  0.000626998  -0.0480185  0.00353894  0.322662  
-0.0030915  -0.000230989  0.000613312  -0.0479746  0.0216933  0.31576  
-0.00283832  -0.000167439  0.000706543  -0.0480091  -0.0108563  0.3376  
-0.00335343  -0.000389663  0.000529462  -0.0614209  0.0287455  0.315833  
-0.00294032  -0.000221848  0.000812832  -0.0480498  -0.0211607  0.327401  
-0.00369032  -0.000640606  0.000566533  -0.0478847  0.0217016  0.319133  
-0.00311305  -0.000200232  0.000625866  -0.0480091  -0.0207318  0.331592  
-0.00364692  -0.000653027  0.000412488  -0.0478879  0.0324057  0.326625  
-0.0026329  -0.000330439  0.000727947  -0.0480048  -0.00965058  0.336888  
-0.00339085  -0.000303418  0.000554189  -0.047975  0.0220949  0.347109  
-0.00271775  -9.74039e-05  0.000584416  -0.0480329  -0.0232624  0.345129  
-0.00341558  -0.000293628  0.000607975  -0.0479901  0.0206305  0.345107  
-0.00293823  -0.000275606  0.000674572  -0.0479872  -0.0105372  0.317876  
-0.003284  -0.000212604  0.000768333  -0.0480076  0.0141606  0.344803  
-0.00314933  -9.84883e-05  0.000723921  -0.0480396  -0.00347025  0.31869  
-0.00311089  -0.00015915  0.00076817  -0.0480294  0.0142713  0.350344  
-0.00293823  -0.000120127  0.000679767  -0.0480525  0.00877176  0.334573  
-0.00313414  -0.000255777  0.000760203  -0.0480213  0.020547  0.351711  
-0.00309165  -0.000103698  0.000772759  -0.0480379  -0.00362137  0.334568  
-0.00329884  -0.000370207  0.000793897  -0.0479895  0.0205022  0.353842  
-0.00366221  -0.000257321  0.000796791  -0.0480543  -0.000291333  0.338339  
-0.00328567  -0.000181563  0.000776185  -0.0480612  0.0089515  0.34917  
-0.0029014  -0.000164494  0.000787323  -0.0480329  0.00921667  0.349215  
-0.0029014  -0.000159535  0.000729483  -0.0480687  0.0131689  0.366823  
-0.00320551  5.37415e-05  0.000706688  -0.0480783  0.018169  0.338146  
-0.0029014  -0.000137995  0.000752934  -0.0480419  0.00845954  0.361916  
-0.00337234  -0.000507175  0.000729323  -0.049968  0.0333774  0.336042  
-0.00275746  -6.1369e-05  0.000804051  -0.0448338  0.00419751  0.341391  
-0.00326483  -0.000150786  0.000760973  -0.0480764  0.036753  0.326438  
-0.00306415  -0.000179803  0.0007926  -0.0479947  -0.00621355  0.341338  
-0.0033959  -0.000224305  0.000651353  -0.0480741  0.0174466  0.341303  
-0.00277173  -0.000269232  0.000611474  -0.0479792  -0.00109901  0.318462  
-0.00271305  -9.38539e-05  0.000731623  -0.0480216  -0.0409821  0.315285  
-0.00309102  0.000425207  0.00105596  -0.028498  -0.0172072  0.299952  
-0.00351052  -0.000400665  0.000429659  -0.0505902  0.0157971  0.290155  
-0.00249388  -0.000325925  0.000557489  -0.0479151  -0.0650188  0.285761  
-0.00238932  -0.000127331  0.000750398  -0.0479773  -0.0541309  0.313541  
-0.00273137  -0.000127331  0.000665496  -0.0479751  0.00439161  0.334447  
-0.00211172  -0.000127331  0.00083827  -0.0479867  -0.0224662  0.33122  
-0.00238932  -0.000127331  0.000646519  -0.0479565  -0.0221336  0.354989  
-0.00284752  -5.15631e-05  0.00083827  -0.0480061  -0.0222408  0.340787  
-0.00207692  -0.000127331  0.000581213  -0.0479324  -0.0409867  0.353734  
-0.00171534  -0.000127331  0.00083827  -0.0479867  -0.0218787  0.345094  
-0.00210897  -0.000127331  0.000696257  -0.0479734  0.0201139  0.341589  
-0.00186813  -0.000127331  0.00083827  -0.0479867  -0.0201327  0.34634  
-0.00191197  -0.000127331  0.00083827  -0.0479867  -0.00161421  0.359031  
-0.0018055  -0.000127331  0.00083827  -0.0479867  -0.0117926  0.346847  
-0.00197665  -0.000127331  0.00083827  -0.0479867  -0.0118307  0.358911  
-0.00213153  -0.000127331  0.00083827  -0.0479867  -0.000188968  0.341654  
-0.00174184  -0.000127331  0.00083827  -0.0479867  -0.0282895  0.34462  
-0.00233925  -0.000198696  0.00083827  -0.0479685  0.00867331  0.350463  
-0.00189553  -0.000127331  0.00083827  -0.0479867  -0.0323179  0.357483  
-0.00233567  -0.000238579  0.000719241  -0.0479411  0.0118665  0.35398  
-0.00175216  -0.000193542  0.00083827  -0.0479735  -0.052152  0.350039  
-0.0024189  -0.000127331  0.000668873  -0.047966  -0.0195415  0.354003  
-0.002844  -0.000198375  0.000697927  -0.0479404  -0.0350598  0.355604  
-0.00245705  -0.000127331  0.00083827  -0.0479867  -0.0349507  0.382385  
-0.00326078  -0.000354413  0.000710727  -0.0424284  0.0207504  0.444412  
-0.00279346  5.25525e-05  0.00083827  -0.0442618  -0.0378406  0.461421  
-0.00303734  -0.000406308  0.000658946  -0.0296106  -0.00142604  0.416789  
-0.00215941  6.51819e-05  0.00083827  -0.0297612  -0.0492738  0.413424  
-0.0028131  -7.57302e-05  0.000577048  -0.0379393  0.00759225  0.400149  
-0.00225106  0.000164228  0.00083827  -0.0401443  -0.0365812  0.395362  
-0.00247831  9.69691e-05  0.00083827  -0.0374845  0.00669673  0.386208  
-0.0023106  0.000265393  0.00083827  -0.0498993  -0.0232254  0.37524  
-0.00252998  0.000114729  0.00083827  -0.0395608  0.0143736  0.398265  
-0.00207044  0.000154143  0.00083827  -0.0498543  -0.0165654  0.38053  
-0.00239828  5.37773e-05  0.000838269  -0.0498403  -0.00179226  0.39538  
-0.00222308  0.000197229  0.00083827  -0.0498661  -0.0101035  0.354228  
-0.00177441  0.000331124  0.000838269  -0.0499153  -0.0194142  0.365804  
-0.00231998  0.000263471  0.000655261  -0.0398149  0.0236391  0.352371  
-0.00160784  0.000411464  0.000838269  -0.0499317  -0.00399168  0.365435  
-0.00211392  0.000216959  0.000637976  -0.0370059  0.00626334  0.37888  
-0.00178199  0.000302562  0.000663559  -0.047603  -0.00404054  0.369301  
-0.00214029  0.00051289  0.000838269  -0.0477901  0.0152756  0.388803  
-0.00178199  0.00051289  0.000838269  -0.046991  -0.00403461  0.368178  
-0.00178199  0.000106601  0.000838269  -0.0498801  -0.00403465  0.375828  
-0.001782  0.000400367  0.000838269  -0.0477188  -0.00403462  0.362831  
-0.00134278  0.00051289  0.000838269  -0.0499853  -0.0232713  0.350254  
-0.00210616  8.17653e-05  0.000838269  -0.0498973  0.028286  0.349424  
-0.001782  0.000183916  0.000838269  -0.0499209  -0.0292126  0.337098  
-0.00212217  0.000138047  0.000665815  -0.0498961  0.0252759  0.339973  
-0.001782  8.17653e-05  0.000838269  -0.0498973  -0.0148976  0.322252  
-0.00172818  0.000413365  0.000838269  -0.0499593  0.00239968  0.3291  
-0.0023367  8.17653e-05  0.000838269  -0.0460594  0.0271513  0.322212  
-0.00209069  0.00022996  0.000838269  -0.0499287  -0.0128325  0.339568  
-0.00222409  8.17653e-05  0.000838269  -0.0498973  0.00368669  0.331791  
-0.00121799  -4.83596e-05  0.000285796  -0.0550306  -0.122174  0.245183  
-0.00191761  0.000482365  -0.00018585  -0.0661511  -0.0963964  0.251364  
-0.00204729  0.000993604  -0.00018585  -0.0478799  -0.128618  0.3183  
-0.00295473  0.000803192  -0.00018585  -0.0550381  -0.078909  0.282311  
-0.00236853  0.000694008  -4.30473e-05  -0.0467526  -0.104146  0.172892  
-0.00282884  0.000620012  7.25979e-06  -0.0507623  -0.0182779  0.240364  
-0.00228372  0.000937183  -4.11083e-05  -0.0468258  -0.0622827  0.264926  
-0.00259288  0.000675578  0.000153913  -0.0468228  -0.0281569  0.257909  
-0.00206487  0.00095261  0.000204411  -0.0512357  -0.0660887  0.257953  
-0.00248747  0.000943422  9.9385e-05  -0.0535323  -0.0105972  0.257908  
-0.00206487  0.00101008  8.8148e-05  -0.0468157  -0.0693265  0.224834  
-0.00275131  0.000811789  8.7906e-05  -0.0468222  -0.0200593  0.235895  
-0.00250755  0.000814593  0.000355595  -0.0503324  -0.0601808  0.245728  
-0.0020529  0.000868082  0.000158872  -0.0538499  0.000522978  0.242734  
-0.00145401  0.00108718  0.000394285  -0.0468621  -0.0185569  0.237117  
-0.00204982  0.000907851  0.000139359  -0.0543671  -0.0104583  0.237097  
-0.00145401  0.00102566  0.000166019  -0.0468541  -0.0332062  0.237133  
-0.00193668  0.000693624  0.000122958  -0.0467673  -0.0106089  0.237119  
-0.00175212  0.00104992  0.000237198  -0.0528225  -0.03498  0.237099  
-0.00205272  0.000988412  0.000225438  -0.0468704  -0.0186915  0.244326  
-0.00175733  0.0010901  0.000322815  -0.0516389  -0.0295895  0.237088  
-0.0022077  0.000928755  0.00024696  -0.0468673  -0.0163388  0.257246  
-0.0018961  0.000951726  0.00024787  -0.0468549  -0.0353996  0.23163  
-0.00191272  0.000940666  0.000256014  -0.0468678  -0.0218137  0.249411  
-0.00167242  0.00100103  0.000338631  -0.0468853  -0.0327192  0.216822  
-0.00176089  0.000759244  0.000296586  -0.0468129  -0.0160287  0.233335  
-0.00145401  0.000949083  0.00056969  -0.0468692  -0.0345261  0.22398  
-0.00187705  0.000884052  0.000383798  -0.0426532  -0.0186544  0.236545  
-0.00145401  0.00103267  0.000520644  -0.0436208  -0.034838  0.23658  
-0.00179688  0.000729278  0.000422122  -0.0305763  -0.0156367  0.241573  
-0.00158775  0.000777762  0.000442792  -0.0305671  -0.0185974  0.228782  
-0.00159778  0.00066853  0.000435148  -0.0305785  -0.018606  0.245328  
-0.00161791  0.000708955  0.000527276  -0.0305585  -0.0186019  0.223799  
-0.0016779  0.000888134  0.00046061  -0.0305957  -0.0186275  0.240078  
-0.00145401  0.00100776  0.000520924  -0.0332322  -0.0087677  0.214073  
-0.00185656  0.000952922  0.000461847  -0.0375229  -0.0147528  0.26021  
-0.00187721  0.000962124  0.000418191  -0.0392157  -0.018334  0.276801  
-0.00187721  0.00123295  0.000358636  -0.0468731  -0.025462  0.292054  
-0.00233501  0.00132671  0.000292716  -0.0469005  0.00120045  0.292025  
-0.0019293  0.00114354  0.000244661  -0.0468747  -0.0425076  0.309939  
-0.00224266  0.00114354  0.000177213  -0.0468462  0.000120008  0.28999  
-0.00178449  0.00114354  0.000225831  -0.0468585  -0.0350615  0.301576  
-0.00191406  0.00119534  0.000166703  -0.0468497  -0.000105888  0.301582  
-0.00143991  0.00114354  0.000151727  -0.0468496  -0.0295358  0.31524  
-0.00167497  0.00105995  0.00022078  -0.0368209  0.00237353  0.301649  
-0.00150282  0.00114354  0.000271178  -0.0440906  -0.0244392  0.301662  
-0.0019335  0.00114354  0.000175094  -0.0468283  0.00865045  0.295771  
-0.00130515  0.00114354  0.000274225  -0.0468444  -0.023818  0.298248  
-0.00180632  0.00114354  0.000249356  -0.0468334  0.013593  0.310402  
-0.000956516  0.00114354  0.000115533  -0.0468457  -0.0237333  0.32201  
-0.00137201  0.00114354  3.87552e-05  -0.0508537  0.0100859  0.316633  
-0.000971402  0.00140683  0.000334632  -0.0469461  -0.0288627  0.325268  
-0.00167555  0.00114354  0.000151395  -0.0468489  0.00326858  0.316611  
-0.00190913  0.00114354  0.000277869  -0.046878  -0.0291141  0.318815  
-0.00160839  0.00114354  9.49723e-05  -0.0439581  0.00063163  0.314268  
-0.00137201  0.00114354  0.000163385  -0.0468455  -0.00904525  0.28926  
-0.00146938  0.00139585  0.000211664  -0.0469021  -0.00822012  0.307255  
-0.00163098  0.00127755  0.000263225  -0.050646  0.00203157  0.284054  
-0.00180039  0.00114354  0.0001076  -0.0540915  -0.0308205  0.323564  
-0.00193599  0.00233487  0.000227656  -0.068113  -0.00891602  0.260851  
-0.00137875  0.00268914  -0.00018585  -0.0793333  -0.108384  0.245153  
-0.00175824  0.00282311  -0.000379748  -0.084167  -0.0623492  0.243577  
-0.00120213  0.00328475  -0.00018585  -0.0842731  -0.0957765  0.282478  
-0.00199301  0.00323918  -0.000281708  -0.0842739  -0.0433347  0.290766  
-0.00124868  0.00331841  -0.00018585  -0.0843504  -0.0927932  0.325545  
-0.00116833  0.00356249  -0.000314323  -0.100569  -0.0509292  0.340542  
-0.00116833  0.00389555  -0.00018585  -0.103575  -0.0699238  0.335857  
-0.000636541  0.00395457  -0.00018585  -0.103592  -0.0741915  0.376183  
-0.00170567  0.00364204  -0.00018585  -0.10114  -0.0503587  0.382249  
-0.000905258  0.00389555  -0.00018585  -0.103575  -0.0907027  0.382335  
-0.00160895  0.00389555  -0.000608556  -0.124413  -0.0791451  0.425848  
-0.00277375  0.00372427  -0.000957691  -0.142824  -0.0915119  0.422697  
-0.00327212  0.00321984  -0.000787117  -0.144003  -0.0570798  0.419401  
-0.00253548  0.00372099  -0.00085747  -0.154733  -0.0967252  0.4077  
-0.00237574  0.00386937  -0.00100706  -0.149022  -0.12053  0.478922  
-0.00313487  0.00383797  -0.000726862  -0.144221  -0.0691147  0.445106  
-0.00304656  0.00369403  -0.000787117  -0.162044  -0.104286  0.387567  
-0.00319261  0.0036573  -0.000947083  -0.171419  -0.0528235  0.370818  
-0.00269559  0.00340758  -0.000787117  -0.161958  -0.0780906  0.365675  
-0.00346778  0.00347342  -0.000787117  -0.161987  -0.0330741  0.374622  
-0.00295263  0.00343234  -0.000787117  -0.156211  -0.0780897  0.365867  
-0.00342046  0.00333914  -0.000787117  -0.161942  -0.0425182  0.379435  
-0.00281549  0.00352842  -0.000787117  -0.159836  -0.0797871  0.376636  
-0.00357916  0.00321984  -0.000787117  -0.153834  -0.0384582  0.376507  
-0.00273369  0.00321984  -0.000718113  -0.152869  -0.0761611  0.376474  
-0.00355439  0.00321984  -0.000787117  -0.152984  -0.0205294  0.361725  
-0.00264941  0.00321984  -0.000787117  -0.15635  -0.0814502  0.356008  
-0.00342117  0.00321984  -0.000630382  -0.149311  -0.0146667  0.355945  
-0.00277478  0.0034729  -0.000787117  -0.159598  -0.0705536  0.355966  
-0.00362472  0.00355803  -0.000787117  -0.163975  -0.0273672  0.361481  
-0.00289119  0.00358102  -0.000725928  -0.163987  -0.0657336  0.366679  
-0.00337183  0.00350163  -0.000787117  -0.163959  -0.0257492  0.363772  
-0.00281828  0.0036307  -0.000787117  -0.164009  -0.0651295  0.365248  
-0.00305028  0.00331025  -0.000787117  -0.163902  -0.0232716  0.373139  
-0.00263767  0.00368136  -0.000787117  -0.174776  -0.0488763  0.351469  
-0.00309655  0.00342544  -0.00118606  -0.168204  -0.0381381  0.367644  
-0.00316748  0.00321984  -0.00102319  -0.17301  -0.0279156  0.340578  
-0.0025766  0.00321984  -0.000960257  -0.163856  -0.0328804  0.347876  
-0.00267546  0.00358953  -0.000962043  -0.168574  -0.0112181  0.334433  
-0.0024799  0.0034693  -0.000983206  -0.163923  -0.0441697  0.362452  
-0.00265723  0.00358751  -0.000979876  -0.169588  -0.0150367  0.351011  
-0.0025766  0.00380923  -0.000950957  -0.16941  -0.0539161  0.378709  
-0.00307267  0.00383884  -0.00098307  -0.164049  -0.0176046  0.372801  
-0.0024016  0.00371112  -0.000787117  -0.164025  -0.0634784  0.381731  
-0.00321265  0.00368405  -0.000891419  -0.164012  -0.0238939  0.390799  
-0.00243048  0.00368281  -0.000888789  -0.163988  -0.0584312  0.376867  
-0.0033476  0.00351489  -0.000941486  -0.161251  -0.0224019  0.399262  
-0.0024233  0.00356821  -0.00116119  -0.163909  -0.0402477  0.360145  
-0.00229743  0.00372395  -0.000985651  -0.163983  -0.0216008  0.378245  
-0.00221413  0.00352297  -0.0010207  -0.163941  -0.0080713  0.320732  
-0.00199162  0.00350135  -0.00103721  -0.163922  -0.00137583  0.346977  
-0.00201815  0.00356714  -0.00096331  -0.166288  -0.001363  0.305442  
-0.00188227  0.00350789  -0.000904726  -0.163939  -0.0155929  0.34369  
-0.00198448  0.00352256  -0.000877945  -0.163956  0.0115297  0.317213  
-0.00194281  0.00349255  -0.000992581  -0.163932  -0.0145687  0.354802  
-0.00202753  0.00365027  -0.000991852  -0.163988  0.00625038  0.340808  
-0.00188227  0.00370282  -0.00110083  -0.171929  -0.014149  0.36032  
-0.00211255  0.0038056  -0.00119346  -0.181195  0.0124232  0.347927  
-0.00188227  0.00382077  -0.0011123  -0.17315  -0.0177878  0.357579  
-0.00211865  0.00389481  -0.00102538  -0.174619  -0.00157315  0.343457  
-0.00188227  0.00392196  -0.00113956  -0.177103  -0.0218807  0.356335  
-0.00188227  0.00395743  -0.00103551  -0.181251  0.0108078  0.340735  
-0.00182976  0.0038236  -0.00110088  -0.174698  -0.00918533  0.360609  
-0.00196875  0.00382301  -0.000787117  -0.166723  0.0031403  0.343482  
-0.00188227  0.00401821  -0.00102302  -0.162355  -0.00599601  0.369035  
-0.00188227  0.00375644  -0.000891584  -0.172936  0.00694519  0.358495  
-0.0015413  0.0037719  -0.000975939  -0.165148  -0.0274771  0.373248  
-0.00197458  0.00387419  -0.000787117  -0.165221  0.0244063  0.358485  
-0.00169479  0.00380067  -0.00103171  -0.165144  -0.0181255  0.358542  
-0.00206964  0.00377419  -0.00105377  -0.165169  0.01213  0.35853  
-0.00206964  0.00373266  -0.000787117  -0.168072  -0.0106642  0.383097  
-0.00219967  0.00379  -0.00119811  -0.173384  0.0309739  0.358516  
-0.001292  0.00372036  -0.00106969  -0.165132  -0.0177295  0.345643  
-0.00194343  0.00363057  -0.000787117  -0.170278  0.0120738  0.303946  
-0.00129141  0.00360659  -0.000991803  -0.173502  -0.0194078  0.204699  
-0.00158789  0.00349849  -0.000787117  -0.169552  0.00739994  0.209928  
-0.00395255  0.00393731  -0.000787117  -0.170348  0.0506463  0.496422  
-0.00653275  0.00470384  -0.00110103  -0.194956  0.00498269  0.750034  
-0.00738714  0.00508133  -0.000787118  -0.202908  0.00848891  0.786084  
-0.00674116  0.00532354  -0.00117589  -0.206828  -0.00856848  0.831029  
-0.00693837  0.0052238  -0.001098  -0.206812  0.0357349  0.828215  
-0.00628925  0.00518233  -0.000975132  -0.20465  -0.00225788  0.849825  
-0.00680018  0.0051316  -0.000981853  -0.204515  0.0475375  0.827589  
-0.00618496  0.00512898  -0.00095524  -0.206728  -0.00165721  0.801089  
-0.00672806  0.0050575  -0.00113098  -0.206691  0.049928  0.801075  
-0.00575051  0.00527692  -0.00104119  -0.206811  0.0157528  0.774658  
-0.00611752  0.0052327  -0.0012037  -0.215959  0.0457574  0.767022  
-0.00554485  0.00528561  -0.00113944  -0.224282  0.0564038  0.699745  
-0.00527255  0.00534056  -0.00110239  -0.224283  0.0565869  0.691078  
-0.00541606  0.00536452  -0.00106926  -0.224325  0.0886205  0.676118  
-0.00493203  0.00522917  -0.00113896  -0.224196  0.0570014  0.676175  
-0.00518148  0.00512515  -0.00113318  -0.224169  0.0939805  0.653046  
-0.00466747  0.00519085  -0.00108576  -0.226907  0.0566983  0.643107  
-0.0051023  0.00516026  -0.00111522  -0.224201  0.110869  0.643188  
-0.00469622  0.00518431  -0.00119532  -0.224175  0.0581568  0.629285  
-0.00504551  0.00470384  -0.00115159  -0.22398  0.108857  0.633566  
-0.00430187  0.00512663  -0.00113662  -0.224154  0.0915042  0.60236  
-0.00439717  0.0051733  -0.001133  -0.2242  0.0914666  0.630042  
-0.00439717  0.00505254  -0.00119897  -0.220062  0.111212  0.596222  
-0.00439717  0.00497322  -0.00119897  -0.224108  0.0774783  0.61606  
-0.00439717  0.00500333  -0.00113507  -0.221056  0.119949  0.590865  
-0.00386833  0.00516155  -0.00119897  -0.224185  0.0862443  0.598543  
-0.00447098  0.00470384  -0.00119897  -0.223988  0.128997  0.602907  
-0.00373251  0.00515982  -0.00119897  -0.224179  0.0849127  0.607617  
-0.00450458  0.00480111  -0.00119897  -0.224034  0.117481  0.612043  
-0.00357881  0.00495448  -0.00111137  -0.224092  0.0953752  0.590882  
-0.00410362  0.00509573  -0.00105435  -0.224162  0.0951393  0.610837  
-0.00385355  0.00488398  -0.00103183  -0.224062  0.120119  0.590911  
-0.00384353  0.00509803  -0.00119898  -0.224175  0.0847125  0.620053  
-0.00412006  0.00498709  -0.00119898  -0.224129  0.114958  0.601731  
-0.0034009  0.0050837  -0.00119898  -0.224167  0.0885336  0.62478  
-0.00381812  0.0050758  -0.000991898  -0.224169  0.126952  0.608148  
-0.00334383  0.00509852  -0.00100221  -0.224174  0.0892976  0.609574  
-0.00383636  0.00485434  -0.00100224  -0.224063  0.129232  0.612529  
-0.0031941  0.00514948  -0.000812736  -0.218768  0.0864725  0.606396  
-0.00399466  0.00504883  -0.00111221  -0.217245  0.121289  0.614014  
-0.00353372  0.00495307  -0.00119898  -0.218666  0.0975832  0.590887  
-0.00343199  0.00470384  -0.00105305  -0.223993  0.0851254  0.617919  
-0.00376883  0.00470384  -0.00119898  -0.220153  0.135485  0.590986  
-0.00294623  0.00510507  -0.00119898  -0.224173  0.0870406  0.588771  
-0.00365696  0.00539263  -0.00119898  -0.224306  0.113823  0.590822  
-0.00303939  0.00490678  -0.00119898  -0.224099  0.100505  0.58434  
-0.0034855  0.00504883  -0.00100209  -0.219531  0.107735  0.612229  
-0.00321189  0.00491413  -0.00119898  -0.22408  0.117753  0.597967  
-0.00303939  0.00514615  -0.00119898  -0.224189  0.111822  0.599658  
-0.00341405  0.00470384  -0.00119898  -0.223988  0.12245  0.570683  
-0.00294618  0.00510396  -0.00100973  -0.224166  0.0876559  0.609931  
-0.00365947  0.00497353  -0.00105043  -0.209327  0.151993  0.596553  
-0.00279962  0.00490586  -0.00119898  -0.21768  0.088199  0.596545  
-0.00320395  0.00500567  -0.00119898  -0.217547  0.112877  0.616616  
-0.00334744  0.00502312  -0.00105588  -0.224123  0.116884  0.583416  
-0.0027996  0.00508538  -0.00119898  -0.224157  0.0953486  0.596534  
-0.00332569  0.00490665  -0.00106636  -0.218186  0.122427  0.596611  
-0.0031647  0.00503449  -0.00119898  -0.224136  0.115966  0.58276  
-0.00270982  0.00513007  -0.00104362  -0.224188  0.0945202  0.596528  
-0.00338362  0.0050138  -0.00106573  -0.224123  0.129805  0.60807  
-0.00250154  0.0050174  -0.00102525  -0.224158  0.0876255  0.596625  
-0.0030189  0.0050571  -0.00119898  -0.22013  0.106338  0.634187  
-0.00315946  0.00497782  -0.00119898  -0.224113  0.113554  0.596638  
-0.0027249  0.00513971  -0.00119898  -0.222018  0.0875062  0.596577  
-0.0030178  0.00497394  -0.00119898  -0.224109  0.140873  0.596637  
-0.00256464  0.00513817  -0.0010857  -0.221755  0.0845244  0.602207  
-0.00323472  0.00500966  -0.00111103  -0.22185  0.132528  0.596681  
-0.00227608  0.00511229  -0.00109049  -0.222009  0.0921476  0.601042  
-0.00277148  0.00488594  -0.00119898  -0.224071  0.129291  0.60645  
-0.00249244  0.00470385  -0.00119898  -0.223988  0.0959192  0.596723  
-0.00312652  0.0049832  -0.00119898  -0.22412  0.11173  0.617292  
-0.0027987  0.00511918  -0.00119898  -0.224184  0.13492  0.586657  
-0.00229119  0.00512788  -0.00109982  -0.218398  0.104351  0.599412  
-0.00299077  0.00514783  -0.00119898  -0.219294  0.137279  0.596716  
-0.00227518  0.00480111  -0.00119898  -0.2173  0.0840369  0.596848  
-0.00309431  0.00503593  -0.00119898  -0.224157  0.12143  0.596791  
-0.00233951  0.00514811  -0.00119898  -0.224186  0.0973858  0.607921  
-0.00305436  0.00495821  -0.00113605  -0.224111  0.140919  0.596862  
-0.00244778  0.00513962  -0.00105594  -0.219083  0.0880884  0.596799  
-0.0028305  0.00490825  -0.00104867  -0.224075  0.130142  0.596905  
-0.00257367  0.00547574  -0.00103665  -0.224316  0.0953736  0.587308  
-0.00299147  0.00527754  -0.00119898  -0.224261  0.123624  0.610797  
-0.00257831  0.00528011  -0.00119898  -0.224247  0.105966  0.593697  
-0.00240338  0.00505714  -0.00119898  -0.220182  0.0955589  0.627448  
-0.00284409  0.00524929  -0.00104803  -0.224229  0.117154  0.592849  
-0.00245224  0.00530979  -0.00105491  -0.224281  0.0770947  0.614269  
-0.00289187  0.00518728  -0.00110107  -0.224203  0.142938  0.604264  
-0.00224966  0.00532171  -0.00110876  -0.224282  0.0756578  0.604232  
-0.00297849  0.0052676  -0.00119898  -0.224246  0.12956  0.604277  
-0.0021673  0.0053591  -0.00107602  -0.2243  0.0904391  0.604228  
-0.00293298  0.0052644  -0.00119898  -0.224237  0.145126  0.60432  
-0.00223107  0.00518616  -0.00119898  -0.224212  0.0735852  0.604336  
-0.00279844  0.00519294  -0.00108892  -0.221763  0.129251  0.604444  
-0.00218949  0.00533704  -0.00112165  -0.224271  0.0947434  0.585208  
-0.00262744  0.00514117  -0.00119898  -0.22028  0.111874  0.612836  
-0.00263856  0.00532411  -0.0010651  -0.224274  0.1352  0.587761  
-0.00264246  0.00516413  -0.000965781  -0.219804  0.0824717  0.622881  
-0.00263173  0.00524247  -0.000862619  -0.224224  0.120808  0.604502  
-0.00219016  0.00556165  -0.000929657  -0.219532  0.0823965  0.595881  
