0.0127988  -0.00039278  0.00192754  0.0934726  -0.259966  1.22356  
0.0118833  -0.000745345  0.00195211  0.0979026  -0.244384  1.25799  
0.0119914  -0.000950623  0.00232975  0.0978485  -0.273638  1.22216  
0.0118055  -0.00098828  0.00222701  0.106113  -0.266065  1.20831  
0.0114846  -0.000952943  0.00219211  0.114719  -0.252759  1.23963  
0.0115376  -0.000941686  0.00251662  0.117518  -0.264597  1.20812  
0.0115253  -0.00120624  0.00231119  0.121171  -0.260451  1.19245  
0.0112979  -0.0010419  0.00217367  0.127062  -0.226749  1.22838  
0.0116548  -0.00132069  0.00230514  0.129287  -0.250499  1.22203  
0.0114931  -0.00124633  0.00199473  0.129362  -0.248715  1.18986  
0.0116157  -0.00129076  0.00226928  0.126242  -0.231435  1.20789  
0.0113016  -0.00134881  0.00249803  0.123314  -0.257004  1.21734  
0.0112531  -0.00118504  0.00199473  0.138901  -0.256683  1.17605  
0.0106518  -0.00115813  0.00199473  0.149457  -0.242214  1.17137  
0.0104302  -0.00104745  0.00199473  0.164105  -0.246648  1.17472  
0.0103254  -0.00134299  0.00220777  0.168112  -0.255179  1.15995  
0.01019  -0.00119406  0.00209226  0.172144  -0.264591  1.14228  
0.00968493  -0.00132071  0.00199473  0.170969  -0.241959  1.1536  
0.00981751  -0.00134112  0.00220259  0.169247  -0.251282  1.17634  
0.0100904  -0.00144786  0.00211296  0.167637  -0.256392  1.15506  
0.0097021  -0.00144786  0.00229076  0.168351  -0.240552  1.16879  
0.00957674  -0.00144786  0.00225034  0.166093  -0.249819  1.19485  
0.00994624  -0.0015098  0.00220155  0.163421  -0.263902  1.1531  
0.0094011  -0.0013215  0.00217861  0.168024  -0.234394  1.13448  
0.00948574  -0.00144786  0.00230668  0.166676  -0.267049  1.13526  
0.00967771  -0.00129401  0.0021035  0.168472  -0.246734  1.147  
0.00922361  -0.00144786  0.00242595  0.168049  -0.2425  1.16768  
0.00968729  -0.00133687  0.00199473  0.172638  -0.260553  1.12889  
0.00911456  -0.00129169  0.00218988  0.173509  -0.234921  1.17999  
0.00926193  -0.00156788  0.00226892  0.16492  -0.26473  1.15085  
0.00920277  -0.00144786  0.00233425  0.164047  -0.2463  1.13649  
0.00886373  -0.00128649  0.00232583  0.172517  -0.241587  1.1407  
0.00927433  -0.00137997  0.00225399  0.176477  -0.254686  1.11639  
0.00951974  -0.00137929  0.00225886  0.176427  -0.239261  1.1019  
0.00895569  -0.0012683  0.00217668  0.183036  -0.222759  1.11354  
0.00876078  -0.00114536  0.00228685  0.178997  -0.226311  1.12584  
0.00905724  -0.00135501  0.00220804  0.178218  -0.239273  1.10926  
0.00901637  -0.00128977  0.00244912  0.174818  -0.238371  1.1113  
0.00885323  -0.0011911  0.00236344  0.165305  -0.229493  1.14798  
0.00885168  -0.00137645  0.00227203  0.166552  -0.245183  1.13756  
0.00901282  -0.00123722  0.00224839  0.165845  -0.252012  1.12905  
0.00877786  -0.00122902  0.00237424  0.164085  -0.229917  1.15915  
0.00874736  -0.00115968  0.00264773  0.158694  -0.251713  1.14852  
0.00844815  -0.00128467  0.00230356  0.161842  -0.233303  1.14922  
0.00844298  -0.00121015  0.00240209  0.164145  -0.239752  1.15954  
0.00834774  -0.00133188  0.00237352  0.167971  -0.246071  1.13439  
0.00782268  -0.001393  0.00245454  0.170185  -0.216464  1.15729  
0.00798078  -0.00147452  0.00234344  0.167788  -0.260834  1.1013  
0.00810707  -0.00154695  0.00240428  0.168584  -0.217749  1.10738  
0.00810226  -0.00179695  0.00240102  0.170382  -0.241425  1.10589  
0.00808156  -0.00151444  0.00220094  0.171443  -0.242183  1.09317  
0.00789339  -0.00160742  0.00253931  0.169635  -0.222142  1.12169  
0.0081202  -0.00156181  0.00224619  0.171405  -0.238742  1.07671  
0.00791704  -0.00155969  0.00225791  0.17777  -0.210405  1.12035  
0.00794786  -0.00157382  0.00226243  0.181799  -0.253914  1.07939  
0.00778593  -0.00156013  0.00208687  0.179589  -0.216731  1.08607  
0.00775325  -0.00176276  0.00230486  0.175448  -0.22809  1.10124  
0.00801646  -0.00189179  0.00223017  0.175042  -0.23578  1.06541  
0.00779116  -0.00199852  0.0022048  0.172923  -0.209212  1.08532  
0.00790942  -0.00164821  0.00216315  0.176626  -0.236248  1.08259  
0.00816639  -0.00186477  0.00218163  0.184239  -0.234788  1.0664  
0.00748579  -0.00155352  0.00212547  0.185019  -0.219749  1.07451  
0.00751629  -0.00138729  0.002105  0.184213  -0.225472  1.08841  
0.00774218  -0.00174576  0.0021203  0.188281  -0.234448  1.04553  
0.00746781  -0.00170352  0.00199473  0.1915  -0.209566  1.05697  
0.00743823  -0.00170352  0.00214841  0.190288  -0.232188  1.06187  
0.0076973  -0.00170352  0.00199473  0.193297  -0.231931  1.04032  
0.00724791  -0.00138568  0.00199473  0.19614  -0.21599  1.09546  
0.00765548  -0.00177411  0.00199473  0.194915  -0.23348  1.04378  
0.00739048  -0.00159601  0.00199473  0.195505  -0.209011  1.05673  
0.00733576  -0.00153956  0.00210494  0.193069  -0.223907  1.07602  
0.00754923  -0.00168041  0.00216882  0.187701  -0.241771  1.05062  
0.00741793  -0.00144861  0.00199473  0.191258  -0.219377  1.04452  
0.0072696  -0.0013711  0.00199473  0.188893  -0.217683  1.06943  
0.00766806  -0.00158691  0.00199473  0.186557  -0.22337  1.03168  
0.0072964  -0.0014882  0.00193839  0.191103  -0.193847  1.05237  
0.00726572  -0.00167211  0.00193803  0.190297  -0.228987  1.0368  
0.00738952  -0.00132283  0.00170018  0.192998  -0.217805  1.03061  
0.00702009  -0.0015606  0.00165381  0.199116  -0.206095  1.06936  
0.00725262  -0.00167211  0.00168018  0.195998  -0.231953  1.03386  
0.00703476  -0.00158846  0.00166896  0.201981  -0.210654  1.05541  
0.00698364  -0.00141845  0.00170595  0.199945  -0.218103  1.05001  
0.00717057  -0.00157932  0.00158794  0.201007  -0.219936  0.996925  
0.00682951  -0.00159792  0.00160322  0.19948  -0.192943  1.0374  
0.00687071  -0.00143145  0.00168304  0.200051  -0.211158  1.02457  
0.00708805  -0.00184887  0.00165012  0.193345  -0.220722  0.970095  
0.00687863  -0.00166275  0.00162074  0.198494  -0.195635  1.02374  
0.00697356  -0.0019611  0.00166381  0.199194  -0.214762  0.989689  
0.00705445  -0.00208872  0.00172952  0.195748  -0.221334  0.962609  
0.00702485  -0.00203631  0.00172223  0.20011  -0.195169  0.990787  
0.00678166  -0.00205483  0.00183732  0.199355  -0.213304  0.974066  
0.0068009  -0.00228824  0.00196536  0.196067  -0.215992  0.935296  
0.00668211  -0.00256718  0.00190013  0.195169  -0.193746  0.960596  
0.00647347  -0.00259593  0.00183589  0.195177  -0.210406  0.97193  
0.00692849  -0.00258265  0.0019091  0.194726  -0.213042  0.925124  
0.00648456  -0.00223227  0.0018514  0.205926  -0.191899  0.947864  
0.0065091  -0.00231156  0.00195383  0.200606  -0.215397  0.949018  
0.00690648  -0.00243732  0.00180071  0.200525  -0.226196  0.899408  
0.00575764  -0.001986  0.00163964  0.213668  -0.223854  0.865177  
0.00636796  -0.0019984  0.00180721  0.213586  -0.207271  0.856012  
0.00594812  -0.00223464  0.00195006  0.21685  -0.188916  0.916702  
0.00630505  -0.00221491  0.00184177  0.215002  -0.213673  0.892825  
0.00579797  -0.0023745  0.00175422  0.220496  -0.187888  0.936498  
0.00627048  -0.00197827  0.00191662  0.216183  -0.21641  0.902505  
0.00619612  -0.00236799  0.00185332  0.214483  -0.205039  0.902275  
0.00591252  -0.00231301  0.00182986  0.214958  -0.199699  0.925865  
0.00591656  -0.00231301  0.00176572  0.210899  -0.216633  0.896511  
0.00622756  -0.00239434  0.00171605  0.218589  -0.20769  0.887624  
0.00582584  -0.00231301  0.0018071  0.21322  -0.193862  0.917307  
0.00580508  -0.00231301  0.00171986  0.211713  -0.218884  0.889516  
0.00586961  -0.00231301  0.00199478  0.209512  -0.204038  0.867545  
0.00636944  -0.00231301  0.0016988  0.208361  -0.184545  0.899348  
0.0059488  -0.00231301  0.00175798  0.212272  -0.208164  0.874238  
0.00584696  -0.00242005  0.00175798  0.213351  -0.19625  0.855969  
0.00579325  -0.00234204  0.00175798  0.21309  -0.182101  0.868681  
0.00577103  -0.00234204  0.00190936  0.212706  -0.19463  0.879266  
0.0055435  -0.00234204  0.00192789  0.21445  -0.206581  0.854793  
0.00559045  -0.00234204  0.00184054  0.215026  -0.202504  0.831655  
0.00556873  -0.00228864  0.00186567  0.213811  -0.179514  0.855101  
0.00550725  -0.00241046  0.00186234  0.221019  -0.179579  0.874329  
0.00578922  -0.00240024  0.0019093  0.218695  -0.206884  0.846463  
0.00575064  -0.00234789  0.00190654  0.219979  -0.171532  0.874632  
0.00592405  -0.00254718  0.00202265  0.217338  -0.186253  0.89593  
0.00587355  -0.00233933  0.00192024  0.215658  -0.210979  0.862443  
0.00555541  -0.0023837  0.0018618  0.218735  -0.174181  0.90791  
0.00557724  -0.00228895  0.00193212  0.213482  -0.220055  0.85536  
0.005246  -0.00199655  0.00191093  0.21549  -0.198608  0.856249  
0.00559588  -0.00205631  0.00212799  0.219137  -0.223462  0.761107  
0.00563118  -0.00199852  0.00206535  0.219137  -0.184226  0.849895  
0.00561353  -0.00210685  0.00217822  0.219525  -0.216257  0.827822  
0.00513653  -0.0021907  0.00206234  0.219061  -0.198699  0.809656  
0.00512096  -0.00205948  0.00212923  0.219722  -0.182012  0.844037  
0.00462451  -0.0021907  0.00213463  0.217335  -0.198508  0.817804  
0.0039541  -0.00196279  0.00214552  0.215307  -0.223595  0.734139  
0.0041084  -0.00243297  0.0022346  0.222063  -0.200187  0.788372  
0.00260716  -0.0017681  0.00198274  0.21527  -0.2421  0.704605  
0.00269373  -0.0014733  0.0019702  0.213072  -0.24058  0.687094  
0.0023966  -0.00151168  0.00205791  0.219754  -0.211142  0.705461  
0.00255011  -0.00141598  0.00216269  0.216057  -0.24877  0.665161  
0.00192244  -0.00138844  0.00211447  0.214073  -0.221526  0.716867  
0.00198606  -0.00150561  0.00216173  0.214414  -0.245004  0.709168  
0.00217501  -0.00144012  0.00210419  0.21644  -0.23872  0.687411  
0.00194469  -0.00153195  0.00203344  0.222647  -0.232523  0.718675  
0.00212466  -0.0015524  0.00217194  0.219331  -0.257759  0.680678  
0.0017783  -0.00151168  0.00212548  0.216857  -0.226668  0.698254  
0.00189575  -0.00159728  0.00207199  0.222492  -0.245987  0.692879  
0.00178322  -0.00173602  0.00218233  0.228465  -0.244135  0.686118  
0.00183268  -0.00169465  0.00194073  0.225723  -0.235221  0.699031  
0.00164482  -0.00181037  0.00211219  0.226429  -0.243794  0.721674  
0.00180938  -0.00192911  0.0021826  0.2245  -0.261332  0.699602  
0.0019972  -0.00184954  0.0020295  0.227177  -0.236499  0.679373  
0.00157307  -0.00190262  0.00206291  0.230276  -0.230404  0.701747  
0.00181213  -0.00203128  0.0024138  0.228111  -0.243936  0.686832  
0.0016387  -0.00204914  0.00209964  0.231337  -0.246385  0.66389  
0.00159005  -0.00199628  0.00222326  0.238722  -0.222598  0.670608  
0.00167285  -0.00197856  0.002322  0.233091  -0.241382  0.667876  
0.00181324  -0.00212633  0.0023729  0.235904  -0.243709  0.647476  
0.00166392  -0.00204247  0.00231967  0.23048  -0.224463  0.663649  
0.00157622  -0.00221595  0.00252369  0.22758  -0.22997  0.663916  
0.00174686  -0.00232518  0.00238634  0.225117  -0.235157  0.634778  
0.0017604  -0.00205852  0.00221054  0.224594  -0.227661  0.632906  
0.00163075  -0.00211772  0.00221054  0.229201  -0.227189  0.638544  
0.00150274  -0.00218958  0.00225973  0.228795  -0.21754  0.64525  
0.00165711  -0.00217667  0.0025511  0.22293  -0.237273  0.614631  
0.00163582  -0.00197407  0.0025055  0.218379  -0.224742  0.600309  
0.00163916  -0.00213708  0.0024924  0.221235  -0.234194  0.63753  
0.00175942  -0.00211396  0.00224616  0.22354  -0.239138  0.596454  
0.00155415  -0.00225886  0.00224616  0.222771  -0.229727  0.596578  
0.00137506  -0.00207416  0.00232663  0.217056  -0.199481  0.616589  
0.0015506  -0.00214934  0.00264996  0.216843  -0.228277  0.614796  
0.00158849  -0.00226734  0.00236155  0.214304  -0.218908  0.597109  
0.00126207  -0.00226734  0.00255963  0.216068  -0.213633  0.625261  
0.00160346  -0.00240426  0.00249048  0.210746  -0.230765  0.592411  
0.00134259  -0.00213629  0.00254027  0.210537  -0.205667  0.625281  
0.00147699  -0.00215784  0.00258873  0.207476  -0.243302  0.607814  
0.00133445  -0.00222311  0.00234401  0.209703  -0.219148  0.628657  
0.00149671  -0.00204394  0.00227653  0.207634  -0.221757  0.612509  
0.00133715  -0.0022289  0.00260802  0.212583  -0.23147  0.636262  
0.00156946  -0.00213616  0.00244813  0.204086  -0.234138  0.596498  
0.00140059  -0.00210795  0.00239192  0.201324  -0.200656  0.628012  
0.00130717  -0.00217218  0.00251884  0.208714  -0.225893  0.615454  
0.00145888  -0.00230292  0.00268859  0.205372  -0.219841  0.58135  
0.00145563  -0.00218345  0.00255139  0.208561  -0.20636  0.554401  
0.00143802  -0.00216715  0.00251771  0.209677  -0.196534  0.587077  
0.00148759  -0.0023466  0.00262926  0.213358  -0.212818  0.586531  
0.00166853  -0.0022408  0.00257122  0.205625  -0.23263  0.5717  
0.00157354  -0.0023466  0.00262023  0.206362  -0.203655  0.576695  
0.00145028  -0.00199549  0.00278439  0.206093  -0.225066  0.594985  
0.00171614  -0.00218396  0.00262235  0.205358  -0.243088  0.540413  
0.00191444  -0.0020966  0.00268913  0.215939  -0.192383  0.558447  
0.00178823  -0.0023466  0.0027629  0.215254  -0.229938  0.548073  
0.00139502  -0.00215781  0.00276364  0.219714  -0.206377  0.563518  
0.00118366  -0.00199549  0.00274874  0.224855  -0.212406  0.582381  
0.00115942  -0.0021074  0.00269925  0.22504  -0.222347  0.544046  
0.00121113  -0.00217362  0.00279469  0.219713  -0.215973  0.527882  
0.00124593  -0.00205926  0.00290114  0.22332  -0.20002  0.544096  
0.00102447  -0.00191079  0.0032139  0.222425  -0.206651  0.522363  
0.00133848  -0.00234795  0.00324278  0.222871  -0.216127  0.491125  
0.00122916  -0.00206668  0.00332992  0.219574  -0.192076  0.49985  
0.00118358  -0.00205235  0.0034726  0.22355  -0.197602  0.519244  
0.00125822  -0.0020967  0.00347857  0.219526  -0.214599  0.485443  
0.00153133  -0.00211755  0.00343459  0.225172  -0.199936  0.488048  
0.00114591  -0.00220492  0.00365013  0.223957  -0.190279  0.511629  
0.00124073  -0.00199115  0.00362911  0.219372  -0.210089  0.50221  
0.00139391  -0.00195555  0.00359338  0.215418  -0.217061  0.477153  
0.00101581  -0.00195074  0.00363272  0.218577  -0.200465  0.485567  
0.00103277  -0.00202536  0.00347814  0.219463  -0.212343  0.48812  
0.00139183  -0.00206251  0.0036158  0.216947  -0.214218  0.462423  
0.00120697  -0.00188109  0.00345568  0.215783  -0.185207  0.492523  
0.00143069  -0.00205268  0.00320736  0.21678  -0.216793  0.506516  
0.00123858  -0.00220492  0.00329927  0.214917  -0.209199  0.485042  
0.00105467  -0.00220493  0.00324872  0.214725  -0.188277  0.519861  
0.00126316  -0.00195492  0.00324268  0.213127  -0.223387  0.491336  
0.00100266  -0.00193031  0.00326675  0.21385  -0.182681  0.506804  
0.000960321  -0.00206339  0.003222  0.213127  -0.195321  0.512885  
0.00124083  -0.00193785  0.0032604  0.210253  -0.210259  0.465264  
0.00108303  -0.00196515  0.00318843  0.209188  -0.170598  0.517292  
0.00123563  -0.00200256  0.00310729  0.209825  -0.21568  0.507489  
0.00115069  -0.00190915  0.00299883  0.201832  -0.195001  0.494821  
0.00101082  -0.00196222  0.00304215  0.204975  -0.197958  0.516097  
0.001222  -0.00203478  0.00298359  0.20959  -0.213596  0.473646  
0.000936256  -0.00190093  0.00294252  0.211063  -0.180262  0.509697  
0.00108335  -0.00207054  0.00289723  0.207863  -0.207652  0.489962  
0.00125673  -0.00177612  0.00282189  0.205421  -0.183967  0.482054  
0.00115968  -0.00189159  0.00297203  0.198767  -0.197714  0.493192  
0.00133188  -0.00190255  0.00294326  0.200887  -0.190876  0.480267  
0.000887207  -0.00190943  0.00294343  0.202236  -0.192313  0.5125  
0.00112072  -0.00195174  0.0028872  0.201071  -0.210205  0.460467  
0.000854712  -0.00187785  0.00303916  0.203756  -0.181571  0.481553  
0.00113242  -0.0018852  0.00301338  0.203926  -0.19895  0.487341  
0.00103986  -0.00189814  0.00289816  0.208635  -0.207834  0.466578  
0.000796642  -0.00200244  0.0031274  0.208624  -0.174267  0.484791  
0.000786629  -0.00197577  0.00302779  0.204535  -0.201832  0.476376  
0.00123786  -0.00187718  0.00292237  0.208614  -0.197751  0.464431  
0.000817636  -0.00182272  0.00303336  0.206668  -0.177717  0.487619  
0.000929523  -0.00204616  0.00287304  0.212316  -0.188672  0.471316  
0.00100668  -0.00204616  0.00286145  0.213079  -0.197031  0.4509  
0.000839319  -0.00204616  0.00306529  0.214141  -0.165473  0.47558  
0.000867386  -0.00204616  0.00286257  0.213035  -0.201045  0.465543  
0.000971169  -0.00204616  0.00282157  0.214071  -0.182901  0.44664  
0.000649294  -0.0018923  0.00292368  0.208667  -0.157115  0.484203  
0.00086444  -0.00204616  0.00293771  0.212481  -0.193496  0.462715  
0.000883205  -0.00204616  0.00296229  0.216885  -0.188518  0.43686  
0.000572156  -0.00204616  0.00292398  0.215441  -0.171096  0.480817  
0.000866985  -0.00204616  0.00289593  0.212562  -0.194309  0.444104  
0.000824993  -0.00204616  0.0029318  0.221402  -0.166313  0.432619  
0.000964931  -0.00204616  0.00289425  0.22354  -0.194966  0.413966  
0.00134666  -0.00166274  0.00280071  0.212887  -0.217906  0.373733  
0.000808015  -0.00168199  0.00250915  0.205025  -0.189046  0.386536  
0.00112945  -0.00174111  0.00250915  0.215302  -0.211573  0.379236  
0.000914982  -0.00179616  0.00285621  0.22147  -0.173694  0.388829  
0.000881423  -0.00175744  0.00281529  0.225205  -0.197411  0.400914  
0.00118225  -0.00186599  0.00263726  0.223396  -0.195104  0.371081  
0.000846514  -0.00166668  0.00264795  0.224085  -0.17818  0.415815  
0.000935668  -0.00165917  0.00267066  0.219365  -0.209245  0.389991  
0.0009419  -0.00181591  0.00264532  0.219607  -0.183124  0.389349  
0.00145959  -0.00132254  0.00221584  0.205655  -0.21446  0.336638  
0.00111121  -0.00150971  0.0025686  0.208624  -0.158712  0.390636  
0.00113952  -0.00147452  0.00250625  0.203635  -0.206379  0.359182  
0.00085923  -0.00154579  0.0024584  0.204711  -0.172787  0.402573  
0.000648634  -0.00158004  0.00250542  0.211318  -0.197667  0.372739  
0.000802808  -0.00148457  0.00268638  0.212521  -0.189958  0.358215  
0.000389565  -0.00163592  0.00278305  0.219127  -0.186672  0.388516  
0.000662795  -0.00156556  0.00249828  0.22502  -0.197547  0.364437  
0.000567266  -0.00165431  0.00268295  0.224339  -0.190719  0.343055  
0.000470603  -0.00167612  0.00264896  0.223215  -0.169674  0.389504  
0.000940513  -0.00186933  0.00277872  0.212966  -0.204473  0.353295  
0.000388201  -0.00174351  0.00265815  0.213963  -0.1733  0.390393  
0.000419598  -0.00186933  0.00250543  0.213404  -0.198285  0.37794  
0.00052749  -0.00170391  0.00262621  0.214351  -0.181284  0.360876  
0.000270372  -0.00171524  0.00262063  0.221553  -0.181266  0.411966  
0.000503308  -0.00186933  0.00234259  0.21961  -0.194257  0.349988  
0.000258412  -0.00167684  0.00264146  0.221107  -0.160051  0.39739  
0.000669482  -0.00172868  0.00272659  0.215796  -0.195278  0.372119  
0.00071271  -0.00186933  0.00262723  0.215865  -0.180414  0.359619  
0.000335667  -0.00180455  0.00267502  0.214163  -0.173273  0.389864  
0.000482973  -0.00181299  0.00264988  0.208409  -0.196355  0.358947  
0.000591322  -0.00186933  0.00265712  0.206831  -0.178803  0.345534  
0.000255084  -0.00168859  0.00273198  0.210818  -0.17843  0.377289  
0.000424551  -0.00192235  0.00271897  0.21569  -0.189872  0.328965  
0.000511662  -0.00181367  0.00279111  0.21346  -0.158031  0.329453  
0.000267845  -0.00186933  0.00284367  0.21755  -0.160542  0.366402  
0.000589106  -0.00186933  0.00254795  0.235118  -0.180845  0.316046  
0.000289942  -0.00182011  0.00287678  0.235606  -0.134187  0.346523  
0.000277769  -0.00193663  0.00297333  0.235383  -0.162911  0.329972  
0.00180852  -0.00196608  0.00282833  0.240091  -0.17344  0.293638  
0.00157182  -0.00199732  0.00301239  0.244895  -0.144412  0.304544  
0.00128971  -0.0019373  0.00322017  0.244777  -0.160837  0.294161  
0.0015756  -0.00191235  0.00300619  0.244116  -0.164582  0.281572  
0.00122622  -0.00181995  0.00312035  0.249253  -0.133197  0.319217  
0.00127747  -0.0019461  0.00301614  0.253563  -0.180132  0.306417  
0.0010797  -0.00181995  0.00317367  0.251179  -0.145159  0.292621  
0.00101748  -0.00187923  0.00330756  0.251297  -0.156447  0.304298  
0.00108888  -0.0019229  0.00309673  0.251722  -0.167485  0.271901  
0.000784648  -0.00181995  0.00326212  0.251468  -0.117553  0.316045  
0.00103498  -0.00191644  0.00311013  0.244101  -0.16733  0.300999  
0.00100379  -0.00181995  0.00312504  0.249354  -0.138694  0.299669  
0.00109722  -0.00177157  0.00315622  0.252099  -0.15581  0.302015  
0.00123239  -0.00186453  0.00305017  0.24586  -0.164362  0.283808  
0.000897631  -0.00161453  0.00299844  0.241691  -0.146465  0.329318  
0.00108961  -0.00186453  0.00253314  0.244331  -0.177074  0.30406  
0.00113763  -0.0016874  0.00309579  0.24383  -0.125144  0.307075  
0.00122528  -0.00168978  0.00287073  0.237047  -0.159122  0.312851  
0.0013497  -0.00158524  0.00275573  0.241291  -0.162638  0.301853  
0.00120272  -0.00154226  0.0027431  0.240073  -0.127657  0.316924  
0.0014816  -0.00153585  0.00275392  0.232723  -0.163397  0.305442  
0.00143584  -0.00148221  0.00247012  0.227138  -0.167526  0.300363  
0.00108857  -0.00141809  0.00286357  0.234613  -0.116065  0.324646  
0.00121853  -0.00141809  0.00294828  0.228145  -0.159989  0.304849  
0.00133837  -0.00157641  0.00262246  0.237065  -0.153275  0.275235  
0.00112684  -0.00141809  0.0025609  0.243895  -0.135358  0.289188  
0.00123229  -0.0013652  0.00273572  0.244665  -0.143012  0.280885  
0.0013288  -0.00133691  0.00284342  0.245093  -0.138635  0.258943  
0.00122383  -0.00129135  0.00287123  0.252141  -0.0999093  0.274301  
0.00115028  -0.00141809  0.00289949  0.259501  -0.125655  0.282582  
0.00143617  -0.00128321  0.00289758  0.256151  -0.14714  0.249294  
0.00110873  -0.00116809  0.00284312  0.26747  -0.104015  0.288582  
0.00123613  -0.00133151  0.00284367  0.263374  -0.129315  0.292908  
0.00109634  -0.00131903  0.00284678  0.265577  -0.143892  0.27578  
0.00143723  -0.00115613  0.00295941  0.264824  -0.11858  0.272191  
0.00118009  -0.000955761  0.00298436  0.253386  -0.121609  0.304318  
0.0012478  -0.00115262  0.00282548  0.257008  -0.149447  0.29809  
0.00145043  -0.00116958  0.00277298  0.254243  -0.138991  0.281899  
0.00127993  -0.00123276  0.00293919  0.260264  -0.128011  0.312068  
0.00135145  -0.00110075  0.00280849  0.262709  -0.156737  0.289841  
0.00144834  -0.00101983  0.00278957  0.267653  -0.115603  0.27949  
0.00125106  -0.00113039  0.00298904  0.268646  -0.121839  0.286906  
0.00128693  -0.00122082  0.00294561  0.265055  -0.139853  0.260626  
0.00156859  -0.00114123  0.00271677  0.274909  -0.136414  0.249519  
0.00297149  -0.0014404  0.0026389  0.279336  -0.123062  0.193798  
0.00176192  -0.00083874  0.00298983  0.280985  -0.0946857  0.273889  
0.00189359  -0.00101983  0.00277439  0.278397  -0.153971  0.252821  
0.00156805  -0.00101983  0.00293629  0.278245  -0.102561  0.286438  
0.00110347  -0.000903912  0.00309438  0.278538  -0.130254  0.304946  
0.0015318  -0.00107084  0.00288171  0.277909  -0.1576  0.254692  
0.00143554  -0.00101983  0.00293476  0.274626  -0.105588  0.285841  
0.00150046  -0.00101983  0.00282516  0.277293  -0.1385  0.283747  
0.00176484  -0.000937929  0.00288858  0.280012  -0.116427  0.2575  
0.00117984  -0.00101983  0.00304487  0.283808  -0.102707  0.276278  
0.00123511  -0.00101983  0.00284879  0.284928  -0.125074  0.278406  
0.00146683  -0.000944964  0.00298983  0.287036  -0.128529  0.253133  
0.0011255  -0.000898275  0.00301574  0.291427  -0.108247  0.296442  
0.00116074  -0.00101983  0.00306681  0.286207  -0.130762  0.277073  
0.00154633  -0.00107632  0.0027943  0.288647  -0.13847  0.256907  
0.00161419  -0.000821571  0.00301685  0.289308  -0.101557  0.28084  
0.00180114  -0.000881864  0.00272085  0.289907  -0.133699  0.271722  
0.00159988  -0.000709671  0.00277113  0.287628  -0.128012  0.246213  
0.0014877  -0.000769826  0.00277235  0.289051  -0.120775  0.27244  
0.00191746  -0.000839265  0.00238441  0.284538  -0.148911  0.242828  
0.00182033  -0.000769826  0.00250295  0.285795  -0.11063  0.269523  
0.00178375  -0.000956706  0.00266636  0.279983  -0.128505  0.273146  
0.00171389  -0.000887225  0.00240939  0.270956  -0.139287  0.256851  
0.00179355  -0.000894688  0.00233859  0.273874  -0.122599  0.251867  
0.0022638  -0.000913991  0.00228851  0.273068  -0.123949  0.265531  
0.0027351  -0.00101983  0.00231135  0.271021  -0.125159  0.241749  
0.00412587  -0.00124576  0.00209545  0.262371  -0.115762  0.1831  
0.00332356  -0.00138713  0.00202927  0.25966  -0.10337  0.242512  
0.00422447  -0.00134299  0.00196441  0.258968  -0.114653  0.183712  
0.00435307  -0.0013374  0.00196337  0.248647  -0.0967782  0.190572  
0.00412855  -0.00143024  0.00207785  0.247319  -0.107342  0.212663  
0.00504252  -0.00164755  0.00197567  0.242511  -0.121071  0.163258  
0.00494883  -0.00182934  0.00182595  0.248453  -0.102776  0.144231  
0.00510756  -0.0018496  0.00182595  0.250904  -0.105857  0.159369  
0.00543897  -0.00176677  0.00182595  0.249333  -0.117063  0.125659  
0.00610927  -0.00177557  0.00182595  0.254228  -0.0909837  0.0779429  
0.00617048  -0.00198095  0.00182595  0.255394  -0.0905594  0.1037  
0.0062643  -0.0015799  0.00182595  0.253151  -0.10573  0.0898592  
0.00619324  -0.00139933  0.00182595  0.254402  -0.0791019  0.090315  
0.00627261  -0.0017032  0.00182595  0.255096  -0.114163  0.105434  
0.00630666  -0.00157185  0.00182595  0.254524  -0.106875  0.0898821  
0.00591065  -0.00133222  0.00207434  0.257088  -0.0781334  0.132253  
0.00638347  -0.00133222  0.00182595  0.255034  -0.103098  0.0972542  
0.00626754  -0.00133222  0.00182595  0.254161  -0.0777778  0.0899579  
0.00605725  -0.00133222  0.00189799  0.257151  -0.0728402  0.109165  
0.00645993  -0.00133222  0.00172727  0.251406  -0.0922489  0.0854642  
0.00566066  -0.00123743  0.00189328  0.254214  -0.0672155  0.133868  
0.00600532  -0.00125978  0.00197615  0.254878  -0.096277  0.111323  
0.00601289  -0.00104966  0.00182115  0.252966  -0.0713996  0.0872267  
0.00591535  -0.00107242  0.00201755  0.2614  -0.0906789  0.130611  
0.00632992  -0.00132934  0.00196382  0.257309  -0.115311  0.0931874  
0.00590077  -0.00107672  0.00190658  0.255872  -0.0664925  0.123891  
0.00607003  -0.00106761  0.00203065  0.24822  -0.0957689  0.095009  
0.00610697  -0.00105131  0.00182115  0.242455  -0.0789369  0.0846872  
0.00598636  -0.000926254  0.00182115  0.253442  -0.0748653  0.117777  
0.0062257  -0.00113322  0.00182115  0.251876  -0.105411  0.0789877  
0.00571537  -0.00104676  0.00182115  0.251443  -0.0570505  0.119097  
0.00596693  -0.00107825  0.00182115  0.245843  -0.0874752  0.100511  
0.00615351  -0.00111109  0.00182115  0.240201  -0.0901037  0.0780421  
0.00580323  -0.00133429  0.00182115  0.248286  -0.0665786  0.125064  
0.00597664  -0.00148859  0.00201243  0.254012  -0.0838852  0.102271  
0.00604186  -0.00136223  0.00197646  0.252211  -0.0757615  0.0577068  
0.00580713  -0.00131763  0.00191033  0.255128  -0.0594972  0.107918  
0.00639808  -0.00131428  0.00182115  0.249344  -0.0838018  0.0666658  
0.00646799  -0.00117526  0.00168079  0.237886  -0.0705693  0.0621161  
0.00610377  -0.00120507  0.00174721  0.249934  -0.0652559  0.0816896  
0.00656355  -0.00123497  0.00193753  0.248623  -0.099248  0.0645578  
0.00610942  -0.00114471  0.00193753  0.252694  -0.0699159  0.086655  
0.00647337  -0.00129332  0.00193753  0.249158  -0.109506  0.0588549  
0.00623573  -0.00108384  0.00188678  0.247728  -0.0759864  0.0640457  
0.00646723  -0.00108384  0.00193753  0.252185  -0.0857562  0.0805458  
0.00633229  -0.00126878  0.00188032  0.248789  -0.0919971  0.0335623  
0.0061515  -0.00108384  0.00187905  0.238259  -0.0668031  0.0712128  
0.00621748  -0.00117693  0.00200654  0.236552  -0.079967  0.0566586  
0.00625199  -0.00108384  0.00193247  0.235914  -0.0689581  0.0262312  
0.00590401  -0.00135168  0.00193247  0.241098  -0.0489113  0.0863732  
0.00636104  -0.00120394  0.00193247  0.237649  -0.0886303  0.0442156  
0.00617506  -0.00112509  0.00193247  0.243509  -0.0696206  0.047631  
0.00610212  -0.00131766  0.00193247  0.24224  -0.0837244  0.066555  
0.00633293  -0.00112509  0.00205156  0.241796  -0.0902209  0.0372208  
0.00589145  -0.00112509  0.00210667  0.237634  -0.0467494  0.0676504  
0.00604573  -0.00125516  0.00209819  0.237635  -0.0724476  0.0668673  
0.00608095  -0.00134197  0.00193247  0.232059  -0.0910571  0.0477341  
0.00587036  -0.00112509  0.00193247  0.221872  -0.0714615  0.0711831  
0.00661347  -0.00117819  0.00176388  0.23519  -0.0923406  -0.00852387  
0.00608832  -0.00112509  0.0020381  0.234575  -0.0468387  0.0657366  
0.00640879  -0.00112509  0.00208065  0.228049  -0.0720697  0.0783656  
0.00645005  -0.00121772  0.00208065  0.232668  -0.070572  0.0674171  
0.00593315  -0.000958583  0.00208065  0.234821  -0.0545721  0.10635  
0.00648814  -0.0012309  0.00208065  0.232323  -0.0944408  0.0638779  
0.00633391  -0.00132564  0.00190944  0.240684  -0.0363164  0.0758774  
0.00640567  -0.000997321  0.00202416  0.239401  -0.0813564  0.0574396  
0.00644392  -0.00111699  0.00193889  0.232685  -0.0551248  0.0577572  
0.00599399  -0.00115203  0.00202416  0.237498  -0.0570329  0.103623  
0.00631745  -0.00113329  0.00202416  0.240774  -0.0808931  0.0730019  
0.00624767  -0.00105747  0.00183595  0.235779  -0.063369  0.0852208  
0.00615148  -0.000997321  0.00177442  0.228068  -0.068304  0.105603  
0.00629529  -0.00121901  0.00185876  0.231107  -0.0861409  0.0832782  
0.00603312  -0.000997321  0.00186655  0.232998  -0.0605409  0.103193  
0.00632735  -0.00109051  0.00181668  0.230943  -0.0857385  0.0971616  
0.0061672  -0.000997321  0.00167356  0.237345  -0.0605565  0.106761  
0.00596872  -0.000997321  0.00174189  0.234177  -0.0642981  0.133778  
0.00626127  -0.000997321  0.00154659  0.235089  -0.0782809  0.0824346  
0.00621025  -0.000863559  0.00154659  0.233317  -0.0513148  0.100215  
0.00626366  -0.00114677  0.00169508  0.227626  -0.0751623  0.0966121  
0.00627329  -0.0010061  0.00154659  0.224993  -0.077637  0.0792344  
0.00587613  -0.000895182  0.00183852  0.223848  -0.0610641  0.118648  
0.00616674  -0.00117602  0.001885  0.228745  -0.0828472  0.0848201  
0.00622611  -0.000954333  0.00172936  0.230898  -0.0570088  0.0829243  
0.00584477  -0.00110025  0.00184346  0.234702  -0.059826  0.107549  
0.00631214  -0.0011083  0.00179216  0.231088  -0.0757269  0.0775211  
0.00594779  -0.00115024  0.00186024  0.232787  -0.0602526  0.0758418  
0.00596606  -0.00104326  0.00195757  0.23151  -0.0609375  0.0897598  
0.00625109  -0.00103824  0.00189042  0.231281  -0.0849207  0.0735433  
0.00571544  -0.00110211  0.00187119  0.236033  -0.0462951  0.0981757  
0.00598626  -0.00116311  0.00196985  0.241499  -0.0610414  0.0876414  
0.00642751  -0.00144623  0.00227389  0.283962  -0.0626206  0.05034  
0.00616593  -0.00109977  0.00168031  0.246052  -0.0506692  0.0377365  
0.00634161  -0.00118204  0.00202694  0.252686  -0.0816645  0.0375307  
0.00629485  -0.00111929  0.00199445  0.25535  -0.0560475  0.0451582  
0.00641409  -0.00116945  0.00247166  0.28602  -0.0288724  0.010872  
0.00688357  -0.000980728  0.00269609  0.284303  -0.0671373  -0.0399191  
0.00637197  -0.00101863  0.00248423  0.282317  -0.0112985  0.0188284  
0.00654673  -0.00116594  0.00256566  0.277119  -0.0531892  0.0195877  
0.00629871  -0.00118242  0.00232171  0.272343  -0.0373063  0.0133038  
0.00624839  -0.00138189  0.00241034  0.277091  -0.0502326  0.0199023  
0.00765169  -0.00114363  0.00237049  0.283529  -0.0607667  -0.0678783  
0.00732106  -0.00105629  0.00238248  0.287611  -0.0371247  0.0102118  
0.00718197  -0.00131619  0.00257031  0.277262  -0.0660261  -0.00913529  
0.00711268  -0.00114261  0.00237993  0.276844  -0.0484943  -0.0139685  
0.00683054  -0.00133625  0.00265247  0.28024  -0.046984  -0.00264477  
0.00713647  -0.00148403  0.00249021  0.275313  -0.0652556  -0.0337712  
0.00675968  -0.00135872  0.00244925  0.277369  -0.0212553  0.000486074  
0.00682878  -0.00134757  0.00246753  0.276657  -0.0351992  -0.00990609  
0.00678822  -0.0011576  0.00235154  0.272416  -0.0351  -0.013501  
0.0066555  -0.00110207  0.0022453  0.27062  -0.0187316  0.0365666  
0.00690118  -0.00116587  0.0022072  0.262519  -0.0539151  0.00601544  
0.0069657  -0.00112016  0.00230032  0.256577  -0.0526141  0.00117778  
0.00678159  -0.00108519  0.00227975  0.260353  -0.0363781  0.0244928  
0.00692476  -0.00126034  0.00229516  0.26376  -0.044028  0.0210054  
0.00706907  -0.00122416  0.00211586  0.263673  -0.0671769  -0.0145153  
0.00674154  -0.00118232  0.00231024  0.266768  -0.0261015  -0.00301009  
0.00693839  -0.00123265  0.00235811  0.260721  -0.0627958  -0.00120015  
0.00696937  -0.00104931  0.00235981  0.262531  -0.0566406  -0.0205233  
0.00654465  -0.00114879  0.00255156  0.266419  -0.0401752  -0.00286485  
0.00682216  -0.00120075  0.00238455  0.265267  -0.04014  0.00121734  
0.00682858  -0.00126901  0.00236325  0.268155  -0.0571551  -0.0244751  
0.00670538  -0.00106318  0.00240702  0.269235  -0.0229223  -0.0110328  
0.00658304  -0.00114367  0.00232297  0.262446  -0.0338951  0.00320184  
0.00661307  -0.00134787  0.0023646  0.260041  -0.0445847  -0.00361003  
0.00659846  -0.00121869  0.00242988  0.250994  -0.0422562  -0.0183765  
0.00663753  -0.00138849  0.0023479  0.240661  -0.0373805  -0.0231756  
0.00655237  -0.00138097  0.00231071  0.245594  -0.0377407  0.00708307  
0.00664979  -0.00138532  0.00237023  0.248209  -0.0525584  -0.0041395  
0.00662592  -0.00130541  0.0024361  0.240797  -0.0648701  -0.0198826  
0.00684691  -0.00153143  0.00239926  0.238263  -0.0531516  -0.0561144  
0.00674965  -0.00163352  0.00239833  0.230445  -0.0367905  -0.0460937  
0.00673948  -0.0015711  0.00255688  0.236839  -0.053162  -0.036076  
0.00684894  -0.00151001  0.00264224  0.227861  -0.0615962  -0.0553565  
0.00667926  -0.00130048  0.00244641  0.239797  -0.0259013  -0.022408  
0.00668427  -0.00135361  0.00238804  0.239847  -0.0377899  -0.0262377  
0.0065345  -0.00130048  0.00244523  0.239536  -0.045725  -0.018026  
0.00677604  -0.00113866  0.00246242  0.225643  -0.0599326  -0.0296969  
0.00646233  -0.00102452  0.00237683  0.221601  -0.0379227  -0.0136288  
0.00638225  -0.00120161  0.00236376  0.219463  -0.0420298  0.0125158  
0.00620545  -0.00103469  0.00237861  0.22077  -0.0476752  0.0157845  
0.00623067  -0.00106948  0.00214733  0.225508  -0.0527441  0.00401831  
0.00605805  -0.000849686  0.0022678  0.227016  -0.0243097  0.0458628  
0.00632217  -0.000790401  0.00229263  0.2148  -0.0493578  0.0432403  
0.00653854  -0.00102987  0.00215962  0.22425  -0.0615502  0.0472853  
0.00628368  -0.000943076  0.00215079  0.223449  -0.0362802  0.0488869  
0.00627917  -0.000739335  0.00225125  0.218761  -0.0423105  0.0707423  
0.00648517  -0.000948168  0.00222558  0.218953  -0.0509484  0.0498007  
0.00659706  -0.000813165  0.00220013  0.215782  -0.0504949  0.0340383  
0.00616119  -0.000847655  0.00232207  0.215531  -0.0312107  0.0633666  
0.00642187  -0.00105332  0.00233817  0.21149  -0.0455858  0.0594747  
0.00632491  -0.00102022  0.00226934  0.219651  -0.0514967  0.034402  
0.00627966  -0.000902998  0.00216254  0.218288  -0.028336  0.043583  
0.00608124  -0.00097428  0.0021249  0.216402  -0.0313202  0.0733427  
0.00642361  -0.00102412  0.00220817  0.224868  -0.0451275  0.0434492  
0.00626838  -0.0010772  0.00219941  0.225584  -0.0393427  0.0316496  
0.00625612  -0.00103897  0.00220888  0.218759  -0.0269025  0.0173949  
0.00617208  -0.00101533  0.00212713  0.220915  -0.0260226  0.0467978  
0.00627375  -0.00116282  0.00232516  0.221684  -0.0438279  0.0403401  
0.00639862  -0.00129989  0.00234411  0.215249  -0.0538625  0.019794  
0.00636576  -0.0012176  0.00210869  0.233173  -0.0410957  0.0199029  
0.00622146  -0.00107981  0.00227602  0.237835  -0.0390155  0.0270072  
0.0064602  -0.00116311  0.0021138  0.232992  -0.0518692  0.00777133  
0.00630201  -0.000739336  0.00213917  0.235008  -0.0242517  0.0459905  
0.00644954  -0.000907328  0.00223206  0.233318  -0.0508667  0.0454676  
0.00637475  -0.00103438  0.00236953  0.237282  -0.0509397  0.0169518  
0.00626423  -0.000868374  0.00258734  0.237094  -0.0251308  0.0126419  
0.00610037  -0.000903419  0.00249534  0.231913  -0.0238597  0.0374853  
0.00637011  -0.000961941  0.00255673  0.231474  -0.0333253  0.0124279  
0.00651864  -0.00123351  0.00249534  0.219606  -0.0479817  -0.0233149  
0.00639352  -0.00119194  0.00266472  0.202241  -0.033483  -0.0303912  
0.00629223  -0.00121489  0.00250754  0.203398  -0.0333832  0.00408877  
0.00668429  -0.00122708  0.00258571  0.202786  -0.0585862  -0.0207796  
0.00636882  -0.00121941  0.00251178  0.216175  -0.0225386  -0.0126869  
0.00650338  -0.0011745  0.00271151  0.210875  -0.0366011  -0.0117411  
0.00662715  -0.00108978  0.00252207  0.208177  -0.0496169  -0.033852  
0.00636345  -0.00110183  0.00254006  0.212758  -0.0322383  0.0114779  
0.00638956  -0.00099599  0.00243724  0.216658  -0.076534  -0.0973624  
0.00645343  -0.000989195  0.0027275  0.21481  -0.0208895  -0.0203933  
0.00680154  -0.00107704  0.00252839  0.218749  -0.0537015  -0.0383142  
0.00637746  -0.000929315  0.00266009  0.221162  -0.0166228  0.00587573  
0.00654856  -0.00108149  0.00271976  0.213892  -0.0579662  -0.011092  
0.00619798  -0.000876985  0.00248849  0.216476  -0.0342216  -0.0145312  
0.00638437  -0.000982739  0.00272732  0.211505  -0.0524248  -0.0125243  
0.00645438  -0.000967704  0.0026089  0.207189  -0.0565383  -0.0420808  
0.00620799  -0.00103501  0.00260703  0.202507  -0.0269095  -0.00478531  
0.00628127  -0.001149  0.00288996  0.189355  -0.0496037  -0.0284023  
0.00637073  -0.00104165  0.00261911  0.189269  -0.0440124  -0.0414539  
0.00604953  -0.00105153  0.00290376  0.183368  -0.0226249  -0.0141302  
0.00603224  -0.00121767  0.00298884  0.178953  -0.0302828  -0.0155358  
0.00619997  -0.00111604  0.00274535  0.178577  -0.0479722  -0.0304755  
0.00607172  -0.00110094  0.0029079  0.177433  -0.0247222  -0.00375376  
0.0060891  -0.00118159  0.0029961  0.180049  -0.0282039  -0.0118349  
0.00621064  -0.00116351  0.00296943  0.173939  -0.0383143  -0.0284111  
0.00604034  -0.00107305  0.00289141  0.174692  -0.024438  -0.039419  
0.00612852  -0.00104556  0.00271936  0.182099  -0.0313523  -0.0269402  
0.00611091  -0.00124316  0.00313625  0.177915  -0.0314429  -0.0277549  
0.00611838  -0.00118031  0.00298524  0.169386  -0.0385241  -0.046436  
0.00616465  -0.000951948  0.00316444  0.164862  -0.0314403  -0.0453605  
0.00618313  -0.00108519  0.00309974  0.162682  -0.0390599  -0.0214081  
0.00641649  -0.00110393  0.00271672  0.168538  -0.0520902  -0.0760791  
0.00645099  -0.00116648  0.00279255  0.143283  -0.0232381  -0.0848627  
0.00640672  -0.000965759  0.0028611  0.153046  -0.0333599  -0.0405596  
0.00660223  -0.000930937  0.00263714  0.16508  -0.0501807  -0.06902  
0.00608307  -0.000860649  0.0027033  0.16872  -0.0190442  -0.0307679  
0.00612769  -0.000639662  0.00285941  0.16729  -0.0519014  -0.0256968  
0.00657967  -0.000518705  0.00244658  0.175318  -0.045952  -0.0260784  
0.00624796  -0.000639662  0.00260439  0.175291  -0.0412307  -0.00611926  
0.00642184  -0.000639662  0.00255048  0.171797  -0.0565584  -0.036806  
0.0063245  -0.000604118  0.00257442  0.175306  -0.0240042  -0.0280938  
0.00618216  -0.000789226  0.00267579  0.167627  -0.0389748  -0.0152338  
0.00633366  -0.000625286  0.00294263  0.160043  -0.041388  -0.0445602  
0.00609426  -0.000630108  0.00288982  0.165562  -0.0162877  -0.0373605  
0.00610907  -0.000710016  0.00281295  0.155144  -0.0274087  -0.014755  
0.00613254  -0.000746184  0.00279479  0.153195  -0.0469546  -0.0468497  
0.00585709  -0.000695089  0.0028726  0.1519  -0.0307589  -0.0323976  
0.00569585  -0.000746643  0.00307093  0.150046  -0.0417682  -0.00346089  
0.00558613  -0.000906143  0.00307474  0.150529  -0.0649374  -0.0155985  
0.00532309  -0.00107221  0.0030494  0.152547  -0.0442946  -0.023122  
0.00527468  -0.00117845  0.00275171  0.150964  -0.0281113  -0.00192164  
0.0055164  -0.000937912  0.0027731  0.154532  -0.057052  -0.00514383  
0.00527827  -0.00107288  0.00281122  0.15042  -0.0484472  -0.0172191  
0.00504367  -0.00112383  0.00279886  0.147297  -0.0344618  0.013442  
0.00520145  -0.00102676  0.00305701  0.139027  -0.0512145  -0.0105378  
0.00506504  -0.000876021  0.00284277  0.141246  -0.0474507  -0.0235495  
0.0049217  -0.00108023  0.0026598  0.145199  -0.0294225  0.000370627  
0.00504413  -0.00110073  0.00270448  0.148841  -0.03875  0.0117616  
0.00524435  -0.000882354  0.00262435  0.143087  -0.0503194  -0.00730682  
0.00516654  -0.000628747  0.00258318  0.145221  -0.0104299  0.00155051  
0.00500758  -0.00104584  0.00253935  0.143158  -0.0453313  0.0251631  
0.00516603  -0.000929992  0.00273745  0.134028  -0.0527559  -0.00169401  
0.00490661  -0.000771608  0.0025905  0.129535  -0.0253524  0.0175066  
0.00511222  -0.00077504  0.00262634  0.125384  -0.0318078  0.0365111  
0.00515808  -0.000791732  0.00251915  0.129607  -0.0504482  0.0160703  
0.00504767  -0.000764759  0.00256178  0.130788  -0.0258448  0.00428303  
0.00507252  -0.000949007  0.00255895  0.137901  -0.0318433  0.0266131  
0.00502067  -0.00111786  0.00287977  0.127702  -0.0390456  -0.00205483  
0.0050724  -0.00116065  0.00278918  0.12831  -0.0263557  -0.00903555  
0.00495876  -0.0011364  0.00290621  0.129385  -0.0249349  0.0268236  
0.00484302  -0.0013159  0.00281932  0.129665  -0.0325085  0.0300457  
0.00506647  -0.00132428  0.00289979  0.124226  -0.0380409  0.0132192  
0.0048905  -0.00121323  0.00274167  0.130041  -0.0312091  0.0221963  
0.00491136  -0.00142217  0.00266151  0.130048  -0.0398901  0.0267918  
0.00502323  -0.00148784  0.00277134  0.118209  -0.052683  0.0129474  
0.00468173  -0.00147099  0.00291442  0.11298  -0.0319001  0.0469861  
0.00461938  -0.00150277  0.00261029  0.103462  -0.0451009  0.0557706  
0.00483752  -0.00159415  0.00246027  0.108368  -0.0585559  0.0313771  
0.00451011  -0.00142684  0.00250184  0.113164  -0.0344346  0.0503326  
0.00434508  -0.00151914  0.00265424  0.10142  -0.0473001  0.0705368  
0.00460689  -0.00165174  0.00248119  0.0976161  -0.0526543  0.0384286  
0.004258  -0.00187049  0.0024521  0.0950168  -0.017042  0.0554021  
0.0041522  -0.00198533  0.00263598  0.0998  -0.0308042  0.0697205  
0.00460562  -0.00199615  0.00246187  0.0997346  -0.0535118  0.0333655  
0.0043748  -0.00197845  0.00241789  0.100771  -0.0256093  0.0631034  
0.00417624  -0.00200593  0.00239497  0.103488  -0.043507  0.0531228  
0.00446045  -0.00206158  0.00246638  0.0877269  -0.0665636  0.025687  
0.00402103  -0.00232377  0.00216038  0.0823646  -0.0443137  0.0595775  
0.00379381  -0.00250228  0.00210279  0.0806318  -0.0689884  0.0677872  
0.00382344  -0.00273281  0.00246309  0.0819922  -0.0816732  0.0646986  
0.003634  -0.00254524  0.00242893  0.0881158  -0.059052  0.0786585  
0.00340581  -0.00272029  0.00261729  0.0786502  -0.071619  0.136118  
0.00401255  -0.00254178  0.00247899  0.0792683  -0.0780919  0.0735856  
0.00364237  -0.00231578  0.00235124  0.082828  -0.0479114  0.111281  
0.00363955  -0.00263055  0.00241543  0.077122  -0.079791  0.110035  
0.00402483  -0.00246151  0.00225988  0.0728626  -0.0806065  0.0757376  
0.00342095  -0.00233523  0.00236149  0.0563899  -0.0517259  0.120615  
0.00404413  -0.00245801  0.00221413  0.0560194  -0.0766509  0.101863  
0.00403436  -0.00221767  0.00205749  0.0675561  -0.0408355  0.0718293  
0.00371119  -0.0021353  0.0022644  0.0649211  -0.0304839  0.097967  
0.00374936  -0.00206028  0.00235134  0.0790928  -0.0577327  0.0762107  
0.00375892  -0.0019105  0.00238385  0.0870261  -0.0483096  0.0789926  
0.00309617  -0.00190608  0.00239793  0.0850278  -0.0470987  0.147822  
0.00395749  -0.00186429  0.0023606  0.0835385  -0.066365  0.0787913  
0.00400013  -0.00165667  0.00227958  0.0798665  -0.0210863  0.0849464  
0.00368677  -0.00181804  0.00234394  0.0815087  -0.0424223  0.108184  
0.00400992  -0.00171659  0.00234012  0.0836513  -0.0687998  0.00837642  
0.00403021  -0.00144724  0.00223647  0.087003  -0.0153304  0.00040479  
0.00405203  -0.00143953  0.00222883  0.0870123  -0.0270451  0.0232747  
0.00405207  -0.00158741  0.0022303  0.0733978  -0.0381636  0.0091411  
0.0041135  -0.00143329  0.00218018  0.0613403  -0.0235262  0.0189554  
0.00343349  -0.00179061  0.00217451  0.0629677  -0.0282558  0.069903  
0.00371336  -0.00176596  0.00210473  0.0596041  -0.0554647  0.0275855  
0.00294201  -0.0018178  0.00199011  0.0584802  -0.0168898  0.074286  
0.00269285  -0.00201868  0.00211917  0.0555907  -0.0522031  0.0880776  
0.00303761  -0.0020547  0.00197743  0.0507121  -0.0495232  0.0622385  
0.00218956  -0.00179566  0.00215177  0.0362109  -0.028933  0.129656  
0.00142131  -0.0012164  0.00211589  0.020862  -0.0574072  0.136771  
0.00264988  -0.00143506  0.00178803  0.0273969  -0.0290824  0.0999837  
0.00121604  -0.000890751  0.00219703  0.0253569  -0.0494867  0.152452  
0.00275743  -0.00123304  0.00178803  0.0233278  -0.0443713  0.102358  
0.000926829  -0.000510427  0.00212121  0.0161212  -0.03647  0.174519  
0.000969611  -0.000428988  0.0021686  -0.00410409  -0.0866189  0.158051  
0.00089535  -0.00011226  0.00220404  -0.00931113  -0.0506054  0.175503  
0.00106907  -0.000182361  0.0019753  0.00416342  -0.0533107  0.181844  
0.00112408  -4.63029e-05  0.00191917  -0.00221671  -0.0728932  0.146214  
0.000619039  0.000127116  0.0020006  -0.00976277  -0.0206152  0.185821  
0.000458297  0.000283906  0.00197797  -0.0154768  -0.0643668  0.186923  
0.000935312  4.54353e-05  0.00177411  -0.016389  -0.0628671  0.174741  
0.000415764  0.000390072  0.00193297  -0.0211849  -0.0165424  0.20997  
0.000456954  0.00024077  0.0019534  -0.0252188  -0.0469947  0.208363  
0.000419534  0.00024077  6.77129e-05  -0.0835679  -0.0822482  0.179275  
0.000251516  0.00024077  6.20049e-05  -0.0910142  -0.0578003  0.190096  
0.000353554  0.000421178  7.27893e-05  -0.0914039  -0.0797805  0.204752  
0.000374079  0.000487945  -7.16855e-05  -0.0933693  -0.09096  0.183482  
0.0003271  0.00051353  2.29539e-05  -0.0938955  -0.0621608  0.197324  
0.000145933  0.00016357  2.39653e-05  -0.101277  -0.0754446  0.210778  
0.000182897  0.000188795  4.714e-05  -0.105069  -0.0755353  0.185283  
0.00015542  0.000243066  0.000180204  -0.108867  -0.0601352  0.189911  
0.000264588  0.000303133  0.000112414  -0.104654  0.0429704  0.211893  
0.000397048  0.000303133  0.000143721  -0.0991484  0.0378272  0.188916  
0.000244718  0.000372621  0.000172727  -0.0996523  0.0386989  0.186779  
0.00046527  0.000384252  -4.67224e-06  -0.0988959  -0.0742985  0.173071  
7.01236e-05  0.000384739  -3.50359e-05  -0.0967787  -0.0612161  0.184958  
0.000133424  0.000303133  -4.68242e-05  -0.102468  -0.0682212  0.197433  
0.00037599  0.000420097  -0.000185696  -0.10152  -0.0883393  0.173657  
0.000211119  0.000358793  -9.69194e-05  -0.104157  0.0431398  0.181601  
0.000143534  0.000275163  -9.03013e-05  -0.108279  0.0383283  0.187368  
-7.39901e-06  0.00047106  -8.20397e-05  -0.113637  -0.0679261  0.17925  
0.000290239  0.000375034  -0.000336027  -0.119265  -0.0650413  0.174296  
0.000219856  0.000429163  -0.000160885  -0.121665  0.0432374  0.181588  
0.000218636  0.000608157  -0.000120978  -0.119496  -0.0769174  0.111738  
0.0025791  0.00116571  -0.000223867  -0.119896  -0.015817  0.00301142  
0.00225319  0.000907517  -0.000241148  -0.107433  0.020007  -0.0363102  
0.00278103  0.000933786  -3.34156e-05  -0.0977575  0.0171278  -0.0193124  
0.000292265  0.000618548  -0.000321887  -0.106356  0.0563374  -0.105228  
0.000219078  0.000336037  -0.000256805  -0.109825  0.0695021  0.0726608  
0.00016691  0.000363305  -0.000359188  -0.113664  0.0538257  0.0793552  
0.000195585  0.00039223  -0.000195461  -0.116813  0.0444151  0.0750545  
0.000200425  0.000540597  -0.000408933  -0.111749  0.0512994  0.0736579  
5.51771e-05  0.000414213  -0.000429105  -0.113328  0.043291  0.103392  
-0.000168352  0.000365963  -0.000195461  -0.122804  -0.0692026  0.090211  
-6.43109e-05  0.000484524  -0.000380508  -0.127629  -0.0687415  0.0834471  
0.000259536  0.000561964  -0.000195461  -0.121043  0.0382883  0.0878599  
-0.000168352  0.000396845  -0.000171071  -0.1276  -0.0687887  0.0856506  
-0.000272959  0.000617273  -0.000240272  -0.128293  -0.0718855  0.0796992  
0.000148353  0.000466722  -0.000271319  -0.146105  0.0490132  0.0910266  
-6.60279e-05  0.000416131  -0.000272874  -0.139648  0.0544003  0.106562  
0.000123373  0.000436773  -0.000246106  -0.142711  0.0458122  0.0915712  
0.000224931  0.000490094  -0.000566055  -0.139673  0.0560896  0.0962292  
-5.56833e-05  0.000366014  -0.000621887  -0.14586  0.052273  0.122417  
-0.000343131  0.000343094  -0.000578125  -0.149857  -0.0660703  0.107657  
-0.000167545  0.000479407  -0.00063597  -0.147771  -0.0724085  0.0878322  
-8.57296e-05  0.000366462  -0.000606658  -0.145068  0.0514236  0.0986823  
-0.000265121  0.000533567  -0.000264548  -0.145716  -0.0795552  -0.0962457  
-0.000490433  0.000586566  -0.000458032  -0.147252  -0.0723246  -0.0961743  
-0.00186359  0.000814282  -0.000556495  -0.143951  -0.029494  0.0176074  
-0.00260444  0.00081868  -0.000693148  -0.148259  -0.0537141  -0.00747179  
-0.00248043  0.000932846  -0.000659491  -0.14626  -0.0513167  -0.0268019  
-0.000178806  0.0004287  -0.000540401  -0.137346  0.0508587  0.0923558  
-0.00213951  0.000623427  -0.000582287  -0.139635  -0.0395838  0.000582757  
-0.00237642  0.000885651  -0.000611074  -0.145488  -0.0536012  -0.0508321  
-0.00261539  0.000993856  -0.000701124  -0.139627  -0.00683383  -0.049641  
-0.00267732  0.00102023  -0.000681987  -0.136117  -0.0415813  -0.0340111  
-0.00192659  0.00146598  -0.000485517  -0.127359  -0.0787852  -0.0744732  
-8.28241e-05  0.00101359  -0.000443893  -0.112129  0.0443978  -0.128267  
-0.00248954  0.00164771  -0.000460378  -0.116964  -0.0260061  -0.0302951  
0.00173588  0.00184446  -0.000482739  -0.118813  -0.00233357  -0.0506249  
-4.93135e-07  0.00293055  -0.000316936  -0.106756  0.0528023  -0.0981859  
-0.00181141  0.00195493  -0.000225854  -0.111404  -0.0213225  -0.070665  
-0.00173592  0.00182529  -0.000148202  -0.115746  -0.0479006  -0.0781191  
0.00198735  0.00182537  -0.000553747  -0.109865  -0.0257006  -0.0842841  
0.000457853  0.0035201  -0.000398202  -0.0927628  0.059543  -0.039092  
0.0019022  0.00281394  -0.000540512  -0.0971935  -0.0359358  -0.0753326  
0.000561078  0.00313167  -0.000453025  -0.0926208  0.0612003  -0.0827239  
0.000154033  0.00331667  -0.000207862  -0.0952643  0.0498027  -0.0723996  
0.00123928  0.00191217  -0.000938191  -0.10055  -0.0151182  -0.122659  
0.000101972  0.00363216  -0.000217664  -0.0883641  0.0612335  -0.0551779  
0.00200691  0.00286242  -0.000935371  -0.0925983  0.00500556  -0.0722123  
-2.26136e-05  0.00350255  -0.000460044  -0.0868685  0.0614163  -0.0593514  
0.00183262  0.00300789  -0.000538718  -0.0892274  -0.0131845  -0.0722811  
0.000218382  0.00126196  -0.000253283  -0.101867  -0.056271  -0.156719  
-0.000281423  0.00343139  -0.000264982  -0.0888341  0.0604714  -0.0645928  
0.00145214  0.00359552  -0.000941139  -0.0877068  0.00869397  -0.025045  
0.000911208  0.00401736  -0.000148202  -0.0432683  0.0910598  -0.127937  
0.0019454  0.00247462  -0.00111157  -0.0655242  -0.0355215  -0.222301  
0.00166353  0.0029181  -0.00105315  -0.0676156  0.0428114  -0.149481  
0.00169002  0.00224716  -0.00139938  -0.0800886  0.00372744  -0.205563  
0.000716331  0.00243723  -0.00147706  -0.0840891  0.074161  -0.172624  
0.00129504  0.00303333  -0.00117905  -0.0796607  0.059645  -0.121272  
0.000623732  0.00195901  -0.00167815  -0.0876671  0.0317276  -0.169791  
7.34749e-05  0.00286913  -0.00104471  -0.0968876  0.0872649  -0.159177  
0.000174811  0.00196347  -0.0012824  -0.0964321  0.0607722  -0.170504  
0.00033468  0.00176506  -0.00118983  -0.0980197  0.0377607  -0.177296  
0.00074277  0.0019445  -0.00166583  -0.0857486  0.0606418  -0.20176  
0.00141127  0.00192093  -0.00146856  -0.087803  0.0223139  -0.199711  
0.00115547  0.0018818  -0.00159588  -0.0879145  0.0427326  -0.205151  
0.000757631  0.00202774  -0.00162839  -0.0923779  0.0606532  -0.170487  
0.000473626  0.00188583  -0.00183102  -0.0868886  0.0215194  -0.182732  
0.000589127  0.0018496  -0.00127454  -0.0894098  0.063195  -0.206737  
0.000365984  0.00173469  -0.000872825  -0.0933919  0.0826096  -0.19941  
0.00037458  0.00201461  -0.00138498  -0.0833696  0.06399  -0.202634  
0.00104173  0.00191203  -0.00169849  -0.0843646  0.0239462  -0.22675  
0.000606824  0.00207921  -0.00152448  -0.0798546  0.0606366  -0.21313  
0.000647813  0.00199272  -0.00144746  -0.0842183  0.0509075  -0.214127  
0.00083684  0.00185542  -0.00100029  -0.0972523  0.051531  -0.237737  
0.000609604  0.00189124  -0.00103773  -0.090674  0.0934589  -0.270401  
0.000293326  0.00186692  -0.000627701  -0.098004  0.0941853  -0.25211  
0.000469601  0.00218594  -0.000920557  -0.098501  0.0923609  -0.253594  
0.000563891  0.00209791  -0.00143452  -0.0885785  0.0858689  -0.259205  
0.000436778  0.00231838  -0.00106546  -0.0980231  0.106814  -0.266163  
0.000363297  0.0023197  -0.0013131  -0.104337  0.0995587  -0.255172  
0.000575666  0.00207876  -0.00127378  -0.110313  0.079134  -0.259243  
0.000622068  0.00189909  -0.000936123  -0.118085  0.100224  -0.283358  
0.000496569  0.00206593  -0.000957462  -0.122598  0.105848  -0.281842  
0.000569971  0.00202777  -0.000899106  -0.123645  0.0999517  -0.291829  
0.000907654  0.00195135  -0.00114775  -0.120424  0.0935991  -0.303262  
0.000791155  0.00209795  -0.00137877  -0.109388  0.107284  -0.307136  
0.000738411  0.00193045  -0.00112299  -0.115422  0.096766  -0.283517  
0.000932778  0.00198634  -0.00120859  -0.121287  0.0817285  -0.282751  
0.000609118  0.00215047  -0.00173689  -0.105361  0.0844125  -0.301427  
0.000526404  0.00213952  -0.00137475  -0.108853  0.0991888  -0.274273  
0.000765721  0.00237509  -0.00138154  -0.111377  0.0662204  -0.290618  
0.000962445  0.00213383  -0.00135748  -0.114458  0.0658427  -0.306875  
0.000838639  0.00216916  -0.00144146  -0.116127  0.0851819  -0.300622  
0.000784212  0.00218441  -0.00152732  -0.127145  0.08532  -0.277973  
0.00092183  0.00222557  -0.0015372  -0.126363  0.0865659  -0.283766  
0.000744452  0.00209573  -0.00129947  -0.113335  0.103432  -0.314703  
0.000486648  0.00208083  -0.00135093  -0.124431  0.112569  -0.305348  
0.000541604  0.00204623  -0.00170504  -0.128456  0.0967218  -0.312028  
0.000923892  0.00198509  -0.00172889  -0.129521  0.0761643  -0.320154  
0.000740845  0.00211959  -0.0019452  -0.126085  0.0924269  -0.323325  
0.000665862  0.00200508  -0.0018496  -0.131758  0.0709307  -0.302869  
0.00101547  0.00209573  -0.00227954  -0.128358  0.0554457  -0.319701  
0.000257953  0.00222634  -0.00189543  -0.121861  0.100153  -0.285342  
0.000709802  0.00209945  -0.00159362  -0.130081  0.0651593  -0.28597  
0.000827955  0.00193045  -0.00210477  -0.14261  0.067614  -0.281264  
4.86356e-05  0.00211795  -0.00179698  -0.140881  0.106762  -0.243795  
0.00048955  0.0018087  -0.00168499  -0.152138  0.0728161  -0.262858  
0.000356099  0.00193009  -0.00200897  -0.153641  0.0951209  -0.269414  
-2.12019e-05  0.00200309  -0.00215626  -0.164003  0.114222  -0.223561  
0.000259512  0.00156008  -0.00258327  -0.168348  0.0485214  -0.2384  
0.000191701  0.00148467  -0.0025161  -0.157751  0.0716517  -0.244846  
5.07212e-05  0.00139952  -0.00171585  -0.167542  0.103909  -0.217326  
7.56622e-05  0.00118123  -0.00211921  -0.161263  0.0712323  -0.223348  
0.000178315  0.00120047  -0.00219571  -0.152206  0.0721865  -0.247928  
-6.07869e-05  0.00124941  -0.00187241  -0.167115  0.105708  -0.230612  
-0.00023505  0.00126047  -0.00218521  -0.170669  0.0864797  -0.216672  
0.000233222  0.00113618  -0.00231591  -0.172286  0.068893  -0.229209  
-0.000115035  0.0013569  -0.0019256  -0.171206  0.126258  -0.207623  
-0.000173629  0.00121928  -0.00222748  -0.17181  0.0938877  -0.20854  
0.000276447  0.00113542  -0.00236172  -0.172044  0.078133  -0.231648  
-2.64939e-05  0.00119281  -0.00244701  -0.168129  0.085586  -0.254445  
0.00029601  0.00126976  -0.00230778  -0.165773  0.0711505  -0.266748  
0.000378522  0.00130091  -0.00247134  -0.170246  0.0667646  -0.276667  
2.92048e-05  0.00143295  -0.00224504  -0.168224  0.121641  -0.276313  
0.000255041  0.00143295  -0.0020492  -0.171913  0.10213  -0.249484  
0.000217484  0.00128883  -0.0023692  -0.17272  0.0812284  -0.258409  
0.000643701  0.00132845  -0.00212712  -0.178946  0.101095  -0.2834  
0.000253532  0.00134112  -0.00218721  -0.176458  0.0962966  -0.249508  
0.00077375  0.00141022  -0.00192653  -0.179756  0.0730642  -0.255098  
0.000227402  0.00142528  -0.00199668  -0.175766  0.111037  -0.246092  
4.26528e-05  0.00165784  -0.00201938  -0.17444  0.102856  -0.219017  
0.000384316  0.00159895  -0.00259807  -0.169866  0.0683497  -0.250429  
1.86675e-05  0.00170752  -0.00222519  -0.171622  0.120759  -0.225024  
0.000450075  0.0016834  -0.00221797  -0.1693  0.0970425  -0.223173  
0.000380001  0.00165037  -0.00282776  -0.169088  0.0675376  -0.242944  
0.000192057  0.00173419  -0.0023794  -0.1665  0.102129  -0.228372  
0.000362753  0.00182817  -0.00283741  -0.166808  0.0637072  -0.247958  
4.0523e-05  0.00183325  -0.00261617  -0.16007  0.103302  -0.210911  
0.000338687  0.00185162  -0.00278616  -0.166829  0.0599011  -0.223025  
0.000269818  0.00185691  -0.00302668  -0.164644  0.0790736  -0.242387  
3.40485e-05  0.00188056  -0.00244202  -0.16741  0.0999882  -0.215682  
0.000280506  0.00171873  -0.00301425  -0.170212  0.059922  -0.231173  
0.000184107  0.00178666  -0.00291268  -0.163757  0.0952775  -0.236818  
-5.20495e-05  0.00188216  -0.00276122  -0.169449  0.101835  -0.200353  
0.0002138  0.00178155  -0.0029762  -0.173585  0.0635911  -0.217047  
9.86728e-05  0.00192649  -0.0026426  -0.179743  0.104262  -0.226547  
-0.000130139  0.00179618  -0.00299449  -0.175143  0.0931745  -0.217927  
4.85964e-05  0.00171679  -0.00299203  -0.184953  0.0844529  -0.235825  
0.000252978  0.00186201  -0.00324779  -0.174669  0.0826385  -0.24938  
-0.000230799  0.00177921  -0.00317488  -0.185834  0.0891777  -0.214035  
-5.46821e-05  0.00169906  -0.00315396  -0.190199  0.0742977  -0.219629  
6.63084e-05  0.0016763  -0.00353248  -0.178147  0.0883827  -0.230758  
-0.000185663  0.00178236  -0.00346736  -0.170423  0.0934807  -0.214197  
-0.000343784  0.00197317  -0.00331297  -0.17647  0.0798529  -0.203911  
-3.18198e-05  0.00191488  -0.0036043  -0.17881  0.0702959  -0.221422  
-0.000110614  0.00178651  -0.00314569  -0.171993  0.10873  -0.21319  
-0.000295719  0.00179422  -0.00324885  -0.168816  0.103034  -0.2007  
-0.000305717  0.00178126  -0.00324817  -0.165477  0.0801721  -0.216712  
-1.18098e-05  0.00173789  -0.00351039  -0.166969  0.0680954  -0.222007  
-0.000246359  0.00164007  -0.00350029  -0.162888  0.0961353  -0.218311  
-0.000257253  0.00160967  -0.00341177  -0.153859  0.0852823  -0.20687  
-1.15738e-05  0.0014746  -0.00346952  -0.143531  0.0705287  -0.218469  
3.26489e-05  0.0014746  -0.00349916  -0.137394  0.076576  -0.220066  
-0.000211069  0.0014746  -0.0034901  -0.13098  0.0872623  -0.2274  
-6.91018e-05  0.00128446  -0.00357691  -0.137446  0.0752794  -0.215079  
3.72917e-05  0.00115383  -0.00377301  -0.139409  0.0656848  -0.230662  
-0.000303666  0.00131961  -0.0036191  -0.135986  0.0881836  -0.212255  
0.000479623  0.000894597  -0.00394195  -0.122055  0.057405  -0.263394  
-0.000106974  0.0012309  -0.00340379  -0.131177  0.111504  -0.222014  
-1.36606e-05  0.00109347  -0.00358315  -0.133376  0.0815118  -0.241073  
3.91068e-05  0.00114746  -0.00355016  -0.131184  0.0969731  -0.25124  
-9.4526e-05  0.00114164  -0.00374226  -0.136042  0.0934647  -0.233342  
-0.000249982  0.000980905  -0.00357402  -0.137353  0.0828893  -0.233349  
-4.89664e-05  0.000980905  -0.00370204  -0.128545  0.0649614  -0.264296  
-7.14288e-05  0.00115946  -0.00362598  -0.118465  0.0944154  -0.268803  
-0.000142074  0.00104639  -0.00346465  -0.11448  0.0729298  -0.25091  
2.63263e-05  0.00112005  -0.00341291  -0.108787  0.0799199  -0.268794  
0.000295351  0.00125733  -0.00322094  -0.0902639  0.0996636  -0.269636  
0.000168683  0.00137134  -0.00326022  -0.0902743  0.106134  -0.264365  
0.000681237  0.00114385  -0.003477  -0.102573  0.0665869  -0.278089  
0.000302602  0.00140795  -0.00343152  -0.0977197  0.100928  -0.255686  
3.60547e-05  0.00147237  -0.0034353  -0.101363  0.0818457  -0.218558  
0.000122928  0.00147916  -0.00367693  -0.106828  0.0760359  -0.211684  
0.000145934  0.00143622  -0.0036338  -0.0960783  0.0986315  -0.221797  
-8.29345e-05  0.00148845  -0.00358221  -0.0960241  0.0857256  -0.218517  
6.78199e-05  0.00138606  -0.0034637  -0.0956306  0.0774236  -0.227442  
5.84853e-05  0.00150585  -0.00360545  -0.0900737  0.0831966  -0.250269  
3.24662e-05  0.00145532  -0.00358737  -0.0900451  0.084957  -0.233219  
-0.000179926  0.00172318  -0.00359748  -0.0900805  0.0945471  -0.220732  
0.00030168  0.00145532  -0.00340618  -0.100569  0.0932627  -0.23423  
0.000370935  0.00145532  -0.00364051  -0.0901694  0.0935842  -0.238879  
0.000319089  0.00171311  -0.00322512  -0.0900692  0.115358  -0.243066  
0.00045705  0.00145532  -0.00351536  -0.0979359  0.0728916  -0.249998  
0.00043737  0.00184037  -0.00350536  -0.0925479  0.106194  -0.257609  
8.51578e-05  0.00172223  -0.00337772  -0.0815083  0.101012  -0.239116  
0.000439476  0.00157189  -0.00326924  -0.102727  0.0914924  -0.249537  
0.000552633  0.00145532  -0.00343385  -0.107969  0.100236  -0.248375  
0.000552381  0.00145532  -0.00329631  -0.107346  0.111442  -0.266646  
0.000694616  0.0014048  -0.00305539  -0.112648  0.0853176  -0.287732  
0.00105449  0.00133642  -0.00315607  -0.123384  0.0841986  -0.314412  
0.000536781  0.00137515  -0.00305529  -0.122394  0.11007  -0.27438  
0.000645718  0.00136531  -0.00314893  -0.119058  0.0883333  -0.283736  
0.000689572  0.00129382  -0.00332823  -0.111233  0.0958012  -0.308768  
0.000453224  0.00107764  -0.00315127  -0.112237  0.112814  -0.3059  
0.000476464  0.00104008  -0.00301  -0.117793  0.111848  -0.306454  
0.000408526  0.000872823  -0.00319717  -0.126876  0.0984709  -0.287207  
0.00044661  0.000933522  -0.00329224  -0.126066  0.0976687  -0.304736  
0.000361159  0.000941557  -0.00333594  -0.115278  0.108353  -0.295282  
0.000328085  0.000794583  -0.00313634  -0.120627  0.113431  -0.308837  
0.000358672  0.000872823  -0.00324774  -0.122703  0.100785  -0.316893  
0.000382982  0.000622823  -0.00312306  -0.123185  0.103022  -0.341974  
0.000277337  0.000872823  -0.00288429  -0.124742  0.126117  -0.338435  
0.000459016  0.000800455  -0.00295735  -0.127268  0.110662  -0.325657  
9.4261e-05  0.000622823  -0.00312547  -0.135553  0.0961772  -0.306202  
0.000344487  0.000872823  -0.00320354  -0.134824  0.119147  -0.323881  
0.00023184  0.000872823  -0.00316839  -0.127896  0.108599  -0.325662  
0.000350454  0.000925069  -0.00309454  -0.129527  0.10817  -0.335729  
0.000441111  0.000872823  -0.00336351  -0.126842  0.094503  -0.348887  
0.00023164  0.00099921  -0.00316229  -0.124555  0.116942  -0.331064  
0.000125095  0.00102738  -0.00310865  -0.124244  0.107785  -0.309134  
0.000189511  0.00103226  -0.00300172  -0.121177  0.109799  -0.314446  
0.000345736  0.000992736  -0.00317391  -0.117975  0.116207  -0.322506  
4.00649e-05  0.000992919  -0.00327255  -0.116576  0.11664  -0.287384  
0.000216681  0.00101345  -0.00314972  -0.121283  0.0989117  -0.282569  
8.34313e-05  0.000991249  -0.0034952  -0.119505  0.0881395  -0.295441  
0.000163618  0.000996387  -0.0033207  -0.126712  0.109403  -0.298507  
-3.02704e-05  0.00117129  -0.00316976  -0.129062  0.126828  -0.294054  
0.000135027  0.00109257  -0.0028292  -0.142361  0.116305  -0.295475  
0.000421428  0.000790744  -0.00275568  -0.148755  0.103786  -0.317633  
0.000291817  0.000899181  -0.00276487  -0.140081  0.128786  -0.331914  
6.98862e-05  0.00101539  -0.00278179  -0.137255  0.139282  -0.317803  
5.11791e-06  0.000763541  -0.00311175  -0.141946  0.117827  -0.314919  
-1.17845e-05  0.00083551  -0.00305398  -0.139839  0.114363  -0.320396  
4.88246e-05  0.00087293  -0.00321995  -0.144734  0.11593  -0.319135  
1.68284e-05  0.00100204  -0.00313924  -0.136552  0.137399  -0.305  
-0.000151407  0.000909341  -0.00317659  -0.140115  0.132992  -0.281051  
-6.29616e-05  0.00090306  -0.0031013  -0.148705  0.114658  -0.282767  
0.000142191  0.000752045  -0.00342793  -0.151824  0.109499  -0.280919  
-0.000215893  0.000752045  -0.00347525  -0.144457  0.141882  -0.284735  
-0.000228763  0.0010299  -0.00320843  -0.134435  0.140591  -0.277002  
-0.000172134  0.00106716  -0.00305127  -0.145456  0.135669  -0.292877  
-0.000310323  0.000881574  -0.00347872  -0.145888  0.117093  -0.290497  
-0.000281627  0.00101676  -0.00350933  -0.145136  0.133054  -0.285676  
-0.000456397  0.00090408  -0.00364691  -0.140031  0.133841  -0.255837  
-0.000449093  0.00100205  -0.00345479  -0.138347  0.120702  -0.270379  
-0.000378486  0.00088964  -0.00365867  -0.136714  0.116874  -0.278519  
-0.000485084  0.00100205  -0.00376575  -0.140089  0.12161  -0.261486  
-0.000342666  0.000752046  -0.00362817  -0.143971  0.106691  -0.262  
-0.000560578  0.000909657  -0.00375185  -0.136701  0.10741  -0.253261  
-0.000457839  0.00102996  -0.00389275  -0.128167  0.106544  -0.277487  
-0.000755945  0.00121828  -0.00363529  -0.139407  0.122536  -0.249247  
-0.000304211  0.0012821  -0.00346205  -0.134035  0.106187  -0.262023  
-0.000386968  0.00126406  -0.00376337  -0.123329  0.104305  -0.269541  
-0.000686336  0.00141896  -0.00379789  -0.121206  0.138485  -0.260695  
-0.000566164  0.00140214  -0.00384018  -0.122207  0.122488  -0.253292  
-0.000247206  0.00127644  -0.003845  -0.120215  0.110538  -0.264731  
-0.000269667  0.00127644  -0.00402149  -0.114739  0.122844  -0.27263  
-0.000731529  0.00127644  -0.0040013  -0.114038  0.120228  -0.251829  
-0.000419146  0.00127644  -0.00408618  -0.113323  0.0999212  -0.276143  
-0.000309839  0.00127644  -0.00417442  -0.103863  0.125526  -0.278718  
-0.000428643  0.00127644  -0.0040761  -0.101782  0.125664  -0.263847  
-0.000177904  0.00127644  -0.00415395  -0.104126  0.102659  -0.287915  
-0.000485251  0.00127644  -0.00408265  -0.0962617  0.138532  -0.292793  
-0.000737514  0.00127644  -0.00416375  -0.10068  0.109914  -0.287728  
-0.00038772  0.00127644  -0.00421059  -0.1057  0.0993371  -0.291348  
-0.000290054  0.00127644  -0.00432356  -0.107161  0.113712  -0.294446  
-0.000671324  0.00127644  -0.00433049  -0.101602  0.120538  -0.267276  
-0.000504901  0.00122561  -0.0042443  -0.0943099  0.10191  -0.284561  
-0.000273589  0.00127644  -0.00438335  -0.0866131  0.12474  -0.293981  
-0.000495281  0.00127644  -0.00427134  -0.0879642  0.133447  -0.285088  
-0.000451293  0.00106175  -0.0042948  -0.0908911  0.1135  -0.282802  
-0.000412603  0.00102153  -0.00423986  -0.0977212  0.104291  -0.27778  
-0.000348767  0.00111833  -0.00437848  -0.0974971  0.115045  -0.282917  
-0.000492991  0.000902399  -0.00426434  -0.104718  0.120077  -0.251272  
-0.000131741  0.000803083  -0.00419991  -0.107981  0.106887  -0.27008  
-0.000305848  0.000794798  -0.00425066  -0.0981588  0.129389  -0.279654  
-0.000416526  0.000582328  -0.00427221  -0.104477  0.114146  -0.266908  
-0.000355579  0.000756594  -0.00411579  -0.09713  0.122613  -0.261264  
-0.000320693  0.000658257  -0.00421753  -0.0931056  0.126666  -0.269911  
-0.000636086  0.000658257  -0.00413231  -0.087379  0.135445  -0.282261  
-0.000650381  0.000658257  -0.00408421  -0.0872361  0.11783  -0.25608  
-0.000499545  0.000457904  -0.00428246  -0.100163  0.0983867  -0.269789  
-0.000438873  0.000658257  -0.00424895  -0.0911597  0.124324  -0.266752  
-0.000810097  0.000781746  -0.00413205  -0.087298  0.126347  -0.244817  
-0.000446915  0.0007251  -0.00412873  -0.0872824  0.103239  -0.248094  
-0.000649771  0.000658257  -0.00418396  -0.0784743  0.125013  -0.253284  
-0.000779307  0.0005578  -0.00405722  -0.0804175  0.121324  -0.239565  
-0.000665341  0.000365067  -0.00403908  -0.0934646  0.100068  -0.258719  
-0.000550417  0.000342011  -0.00408677  -0.0774296  0.113543  -0.285874  
-0.000653386  0.000386678  -0.00438088  -0.0732286  0.136513  -0.287661  
-0.000767685  0.000386678  -0.00420389  -0.0768567  0.130328  -0.276211  
-0.000691259  0.00049856  -0.00408468  -0.0770769  0.134737  -0.282689  
-0.000571201  0.000386678  -0.00430112  -0.0720365  0.125064  -0.3  
-0.000739886  0.000386678  -0.00417877  -0.0622274  0.147621  -0.311643  
-0.000534856  0.000386678  -0.0040702  -0.062476  0.14404  -0.294625  
-0.000579168  0.000438569  -0.00404121  -0.0686887  0.131589  -0.296447  
-0.000642125  0.000386678  -0.00421236  -0.0693905  0.138333  -0.316429  
-0.000881214  0.000333946  -0.0042237  -0.0668626  0.128876  -0.279989  
-0.00064325  0.000386678  -0.00421122  -0.0797691  0.112658  -0.284231  
-0.000565028  0.000487717  -0.00421635  -0.0782232  0.133191  -0.29349  
-0.000863112  0.000564705  -0.00407389  -0.0699087  0.148667  -0.287392  
-0.00110374  0.000386678  -0.00421648  -0.0623916  0.137318  -0.263223  
-0.000905632  0.000426333  -0.00427355  -0.056841  0.134879  -0.287016  
-0.000774139  0.000358179  -0.00438646  -0.0579717  0.137069  -0.28849  
-0.000764326  0.000588587  -0.00420544  -0.0570987  0.163787  -0.271407  
-0.000969672  0.000486052  -0.00433332  -0.0467545  0.152853  -0.247425  
-0.000714159  0.0005817  -0.00428102  -0.0446142  0.139107  -0.269801  
-0.000754504  0.000627524  -0.00422317  -0.0484866  0.157529  -0.297279  
-0.00094656  0.000680485  -0.00418908  -0.0376755  0.154861  -0.280418  
-0.000933867  0.000638665  -0.00401948  -0.0400606  0.144106  -0.279391  
-0.000634665  0.000474712  -0.00431092  -0.0390633  0.122285  -0.328991  
-0.000171557  0.000578873  -0.00420369  -0.0276348  0.151476  -0.32129  
-0.000701937  0.000328873  -0.0042965  -0.0275107  0.13523  -0.309175  
-0.000618667  0.000235734  -0.00418382  -0.0232272  0.135945  -0.309667  
-0.000454301  2.34878e-05  -0.004205  -0.0136904  0.139392  -0.327202  
-0.000789484  0.000144149  -0.00427489  -0.0104466  0.148598  -0.297888  
-0.000879106  0.000290749  -0.00422223  -0.00726542  0.141713  -0.307435  
-0.000625513  0.00047823  -0.00396123  -0.00706562  0.155204  -0.310227  
-0.000655745  0.000290749  -0.00407988  0.000385571  0.156167  -0.315067  
-0.000837242  0.000745215  -0.00461563  -0.0230335  0.16415  -0.285961  
-0.000660703  0.000598074  -0.00441753  -0.0247006  0.118829  -0.27609  
-0.000515894  0.000910656  -0.00463015  -0.0360919  0.129442  -0.272361  
-0.000790016  0.0010025  -0.00466169  -0.0393255  0.144816  -0.274627  
-0.000797451  0.000985392  -0.00474779  -0.0438797  0.130955  -0.253878  
-0.00064797  0.00114154  -0.00466555  -0.0346601  0.136238  -0.259323  
-0.000441103  0.000924502  -0.00472468  -0.0321235  0.13673  -0.281788  
-0.000684129  0.000974989  -0.00465463  -0.030559  0.158008  -0.269294  
-0.000758461  0.000965806  -0.00468935  -0.0375467  0.145932  -0.243652  
-0.000944909  0.000745215  -0.00489703  -0.0457463  0.137142  -0.223549  
-0.000908274  0.000646501  -0.00492711  -0.0526181  0.143909  -0.222301  
-0.000851788  0.000745215  -0.0049173  -0.0537577  0.146631  -0.239817  
-0.00082141  0.000745215  -0.00481137  -0.0497361  0.13806  -0.22508  
-0.000745399  0.000745215  -0.00475308  -0.0483226  0.132379  -0.236014  
-0.000903337  0.000649083  -0.00494429  -0.0404805  0.130708  -0.247099  
-0.000702596  0.000745215  -0.00487521  -0.0420773  0.13694  -0.283724  
-0.000979532  0.000745215  -0.00472167  -0.0422947  0.147429  -0.262058  
-0.000850641  0.000745215  -0.00468747  -0.0477239  0.138193  -0.272751  
-0.000637923  0.000725438  -0.00475125  -0.0463295  0.136596  -0.299373  
-0.000909312  0.000913618  -0.00476456  -0.05449  0.157028  -0.289865  
-0.000921933  0.000757296  -0.00475598  -0.0596566  0.144288  -0.296345  
-0.00069563  0.000741432  -0.00490833  -0.0629515  0.129603  -0.304222  
-0.000997436  0.000870725  -0.00491302  -0.0641308  0.151468  -0.287308  
-0.000900226  0.000547945  -0.00471387  -0.0665457  0.123198  -0.287379  
-0.000564942  0.00032071  -0.00473337  -0.0723749  0.101229  -0.298105  
-0.000596346  0.000620185  -0.0046053  -0.0633854  0.12208  -0.297404  
-0.000909102  0.000504012  -0.00452425  -0.0583416  0.112771  -0.287284  
-0.00077784  0.00057071  -0.00443987  -0.0627476  0.112647  -0.310757  
-0.000647826  0.000450624  -0.00454854  -0.0661514  0.11365  -0.329854  
-0.000875282  0.00032071  -0.0044788  -0.0566599  0.120587  -0.316912  
-0.000742639  0.00057071  -0.00449693  -0.0582442  0.113896  -0.325866  
-0.000702372  0.000606963  -0.00465929  -0.0596086  0.121373  -0.317615  
-0.00102863  0.000628507  -0.00460122  -0.0463075  0.130504  -0.293136  
-0.000583705  0.000611669  -0.00458185  -0.0462991  0.109097  -0.315414  
-0.000900579  0.000800427  -0.00449695  -0.0506383  0.133415  -0.291143  
-0.000832051  0.000694084  -0.00449506  -0.0490698  0.119844  -0.295084  
-0.00069098  0.000538455  -0.00454453  -0.0455043  0.115355  -0.317773  
-0.00107964  0.000582729  -0.00464135  -0.0351396  0.143444  -0.282603  
-0.000983406  0.000648919  -0.00459005  -0.0379431  0.136338  -0.2841  
-0.000719467  0.000582729  -0.00460756  -0.0359599  0.126413  -0.325588  
-0.0010252  0.000703798  -0.00455838  -0.023544  0.152315  -0.324519  
-0.000859024  0.000592965  -0.00461475  -0.02954  0.114989  -0.328062  
-0.000868603  0.000575336  -0.0047059  -0.0273433  0.131046  -0.3379  
-0.00104373  0.000581523  -0.00456516  -0.0158411  0.140694  -0.314698  
-0.000509812  0.00037241  -0.00459331  -0.0196937  0.119006  -0.343855  
-0.00113758  0.000497596  -0.00475151  -0.0182209  0.148997  -0.304001  
-0.000827699  0.000510396  -0.00471583  -0.0181556  0.120851  -0.324747  
-0.000646238  0.000451534  -0.00486818  -0.0217821  0.114921  -0.340088  
-0.00080932  0.000418159  -0.00476796  -0.0209386  0.1265  -0.320843  
-0.000728284  0.000250338  -0.0048051  -0.0236491  0.117331  -0.330678  
-0.000518882  0.000250338  -0.00468547  -0.0182164  0.125543  -0.359132  
-0.000791596  0.000116042  -0.00487766  -0.00664025  0.149102  -0.34304  
-0.000718589  0.000140727  -0.0047411  -0.00510519  0.121994  -0.341169  
-0.00059894  0.000270541  -0.00479824  -0.00614348  0.124625  -0.356283  
-0.000733101  0.00023428  -0.00471564  -0.000335487  0.140074  -0.33263  
-0.000645793  -4.58089e-06  -0.00471537  -0.000724684  0.117893  -0.33836  
-0.00054977  9.50664e-05  -0.00479827  0.000988299  0.116774  -0.35214  
-0.00102895  0.000295545  -0.00466721  0.00360424  0.151064  -0.328513  
-0.000615754  0.000113133  -0.00467597  0.00526542  0.118116  -0.35422  
-0.000648161  -4.88906e-05  -0.00460734  0.00871225  0.141887  -0.373186  
-0.00080601  -0.000134688  -0.00459653  0.0262545  0.131223  -0.352233  
-0.00044714  -0.000185646  -0.00452016  0.0269552  0.106925  -0.367056  
-0.000277644  -0.00020198  -0.00467669  0.0119635  0.113522  -0.384683  
-0.000397257  -0.000198497  -0.00468197  0.0122162  0.112934  -0.365639  
-0.000285068  -6.3479e-05  -0.00463018  -0.000479954  0.100747  -0.376975  
-0.000253587  7.52808e-05  -0.00480721  -0.00121146  0.115526  -0.381765  
-0.000668234  -0.000421475  -0.00470623  0.00381401  0.115416  -0.353498  
-0.000313578  -0.000409816  -0.00457463  -0.00439368  0.104793  -0.365876  
-0.000112096  -0.00026274  -0.00460449  0.00438952  0.123165  -0.391191  
-0.00059087  -0.000397339  -0.0044844  0.0161595  0.128972  -0.377736  
-0.000221748  -0.000349715  -0.00440749  0.0141835  0.0871698  -0.394876  
-0.000563918  -0.000245701  -0.00451407  0.00891051  0.127373  -0.398641  
-0.000616443  -0.000414801  -0.00433303  0.00595316  0.128396  -0.394787  
-0.000362339  -0.000414801  -0.00421825  0.0167847  0.12262  -0.437329  
-0.000663922  -0.000178146  -0.00431442  0.0199485  0.151081  -0.415201  
-0.000873039  -0.000195856  -0.00433621  0.0280382  0.143958  -0.394048  
-0.000656347  -0.000436539  -0.00423682  0.0255379  0.1294  -0.40928  
-0.000711573  -0.00016736  -0.00414774  0.034774  0.146697  -0.431146  
-0.000696767  -0.000311239  -0.00410792  0.0417169  0.141326  -0.44081  
-0.000365143  -0.000348586  -0.00410689  0.0424257  0.130078  -0.461758  
-0.00054431  -0.0003594  -0.00408122  0.0392919  0.144242  -0.464374  
-0.000840664  -0.000522726  -0.00396848  0.0460532  0.151827  -0.449363  
-0.000439522  -0.000258327  -0.00413406  0.0345848  0.13614  -0.463603  
-0.000830916  -0.000185433  -0.0040412  0.0351528  0.166922  -0.445276  
-0.000910025  -0.000296167  -0.00423567  0.0337953  0.14724  -0.450595  
-0.000654368  -0.00043792  -0.00428251  0.025813  0.123123  -0.460463  
-0.000925777  -0.000207684  -0.00401629  0.0375459  0.161586  -0.428867  
-0.000146015  -0.000782949  -0.00417872  0.0548514  0.115003  -0.540298  
-0.000547833  -0.000272734  -0.00387101  0.0645304  0.179056  -0.461561  
-0.000466214  -0.00042375  -0.00373548  0.0664917  0.14605  -0.461173  
-0.0007399  -0.000323702  -0.00395451  0.0550634  0.154817  -0.454413  
-0.000996499  -9.85891e-05  -0.00408461  0.0494937  0.170929  -0.420412  
-0.001064  -0.000371312  -0.00390208  0.0488402  0.149558  -0.440572  
-0.00103815  -0.000418194  -0.00415765  0.0492598  0.135802  -0.441622  
-0.00100838  -0.000183183  -0.00399641  0.048841  0.159534  -0.426939  
-0.0012192  -0.000132057  -0.00401631  0.0448496  0.153043  -0.426387  
-0.00102891  4.29905e-05  -0.00408482  0.0453282  0.144549  -0.423283  
-0.0015169  0.000163728  -0.00401289  0.0565616  0.176463  -0.389693  
-0.00138932  0.000215642  -0.0040377  0.062953  0.160534  -0.405951  
-0.00148463  4.29905e-05  -0.00416188  0.0546971  0.155356  -0.404943  
-0.00143322  0.000423588  -0.00412648  0.0605255  0.192482  -0.403268  
-0.00150657  0.000393722  -0.00391222  0.0676961  0.195494  -0.387345  
-0.00178049  0.000439384  -0.00408778  0.0624923  0.17213  -0.374114  
-0.00157231  0.000576991  -0.00413117  0.0615316  0.166827  -0.384779  
-0.00167122  0.000667307  -0.00401295  0.0709571  0.197498  -0.36787  
-0.00200776  0.000630644  -0.00402416  0.0746643  0.184041  -0.342841  
-0.00192424  0.000638166  -0.00416828  0.0808322  0.171121  -0.346813  
-0.00207735  0.000839002  -0.00421292  0.0840688  0.181774  -0.349951  
-0.00253669  0.000892864  -0.00419137  0.0842396  0.17356  -0.32066  
-0.00236862  0.00079991  -0.00399365  0.0877447  0.182052  -0.32902  
-0.00234351  0.000927332  -0.00407242  0.0946709  0.192564  -0.35351  
-0.0026948  0.00112401  -0.00411937  0.10199  0.210325  -0.337736  
-0.0014549  0.000978407  -0.00364379  0.111603  0.211158  -0.39108  
-0.00213949  0.00133565  -0.00377042  0.106463  0.232291  -0.338353  
-0.00208848  0.00081661  -0.00355789  0.122657  0.198872  -0.33832  
-0.00173385  0.000853146  -0.00220569  0.206207  0.199343  -0.334175  
-0.00215778  0.00115617  -0.00273805  0.183928  0.225202  -0.310556  
-0.00217747  0.00108508  -0.00238527  0.177666  0.203449  -0.314922  
-0.00227811  0.00123145  -0.00351944  0.152342  0.189811  -0.325092  
-0.002359  0.00133816  -0.00352165  0.153371  0.217445  -0.324156  
-0.00253643  0.0010083  -0.00273875  0.174983  0.20646  -0.307141  
-0.00234732  0.00133505  -0.00341895  0.145416  0.190055  -0.309721  
-0.00243546  0.00111103  -0.00301858  0.16476  0.222343  -0.312568  
-0.00292352  0.00134297  -0.00304569  0.174994  0.20575  -0.29369  
-0.00292352  0.00129684  -0.00285407  0.178592  0.197124  -0.315237  
-0.00249046  0.00139848  -0.00287769  0.183719  0.221593  -0.327607  
-0.00305839  0.00141681  -0.0024627  0.202605  0.222481  -0.287005  
-0.00292352  0.00132353  -0.00251359  0.20725  0.213259  -0.293225  
-0.00232862  0.00120763  -0.00273486  0.19217  0.21513  -0.311023  
-0.00246377  0.00150711  -0.00245156  0.211413  0.225936  -0.318893  
-0.00286783  0.0011967  -0.00206231  0.221278  0.206158  -0.314498  
-0.00262368  0.00105344  -0.0020185  0.213495  0.208627  -0.338138  
-0.00268949  0.00120375  -0.00193174  0.220042  0.236601  -0.314727  
-0.00282605  0.00107103  -0.00175763  0.219678  0.21764  -0.333556  
-0.00243786  0.00120375  -0.00186938  0.20998  0.214749  -0.355877  
-0.00272929  0.00120375  -0.00182596  0.219277  0.241489  -0.327322  
-0.00266363  0.00120375  -0.00171358  0.227437  0.214993  -0.325842  
-0.00226372  0.00114023  -0.00185859  0.228443  0.203284  -0.338914  
-0.0026537  0.00120375  -0.00189947  0.236465  0.21778  -0.319676  
-0.00249541  0.00108486  -0.00177436  0.239278  0.206982  -0.316397  
-0.00229971  0.00115053  -0.00172154  0.237902  0.199159  -0.329216  
-0.00256753  0.00124737  -0.00186487  0.23982  0.219407  -0.32622  
-0.00278472  0.00123421  -0.00187466  0.246317  0.215092  -0.32776  
-0.00260421  0.00105376  -0.00180832  0.255762  0.215024  -0.340625  
-0.00248385  0.00138604  -0.00180173  0.257292  0.225483  -0.364842  
-0.00275643  0.00142387  -0.0017648  0.259584  0.239525  -0.338506  
-0.00250235  0.00142387  -0.00164132  0.258746  0.219214  -0.352714  
-0.00213175  0.00130586  -0.00157111  0.256597  0.216878  -0.374019  
-0.00262004  0.00149474  -0.00170635  0.268072  0.231562  -0.361673  
-0.00272644  0.00149474  -0.00171109  0.264822  0.222897  -0.341428  
-0.00253176  0.00149474  -0.00170699  0.260141  0.207806  -0.360337  
-0.00259669  0.00166621  -0.00160165  0.261508  0.224778  -0.35779  
-0.00290539  0.001707  -0.00150564  0.272688  0.226038  -0.325323  
-0.00280955  0.00160023  -0.00141923  0.26891  0.212334  -0.33272  
-0.00273129  0.00166687  -0.00141182  0.267686  0.232946  -0.345756  
-0.00293073  0.00170527  -0.0013633  0.27144  0.242425  -0.345978  
-0.00267976  0.00149474  -0.00120823  0.261373  0.220024  -0.39767  
-0.00272578  0.00162605  -0.00131091  0.264527  0.238869  -0.414057  
-0.00315231  0.00166565  -0.00119704  0.271874  0.227707  -0.404148  
-0.00306998  0.00176999  -0.00119099  0.275211  0.229089  -0.400031  
-0.00303999  0.00189198  -0.00115857  0.27769  0.238154  -0.39288  
-0.00332279  0.00191963  -0.00111444  0.276323  0.239196  -0.363856  
-0.00346197  0.00192244  -0.00109392  0.279474  0.235661  -0.346239  
-0.00326423  0.00184572  -0.00118269  0.280321  0.22448  -0.372495  
-0.00336066  0.00211159  -0.00118168  0.28141  0.250409  -0.35198  
-0.00430734  0.00260745  -0.000859276  0.289912  0.234701  -0.325304  
-0.00393621  0.00263065  -0.000596619  0.280701  0.243785  -0.340609  
-0.00363019  0.00253737  -0.000613618  0.288594  0.251351  -0.393764  
-0.00406096  0.00288104  -0.000441955  0.304867  0.264857  -0.348641  
-0.00386821  0.00267447  -0.000264784  0.308673  0.259592  -0.363222  
-0.00330767  0.00225684  -6.8506e-05  0.308839  0.25353  -0.388658  
-0.00360912  0.00236389  -6.88459e-05  0.309647  0.273815  -0.385968  
-0.00341318  0.00251007  0.000234631  0.314474  0.258729  -0.364158  
-0.00287265  0.00250084  0.000505243  0.313568  0.237669  -0.404758  
-0.00321849  0.00230162  0.000607211  0.32156  0.256724  -0.383456  
-0.00374933  0.00244634  0.0012265  0.33748  0.238045  -0.385274  
-0.00399178  0.00235746  0.0014765  0.332615  0.206695  -0.395296  
-0.00476505  0.00283521  0.0012265  0.324816  0.224331  -0.376755  
-0.00484424  0.0025949  0.00151427  0.340201  0.219167  -0.377401  
-0.00382751  0.002579  0.0016761  0.339826  0.218796  -0.46394  
-0.0037312  0.00264904  0.00205571  0.364109  0.234781  -0.429472  
-0.00363651  0.00262104  0.00205571  0.356161  0.222597  -0.422738  
-0.00485635  0.00313635  0.00205571  0.35723  0.233077  -0.395502  
-0.00511319  0.00297443  0.00225685  0.369101  0.218503  -0.397607  
-0.0058092  0.00308278  0.00226974  0.363395  0.183227  -0.405123  
-0.00666602  0.00322658  0.00235078  0.37215  0.180667  -0.404471  
-0.00756872  0.00353807  0.00280324  0.384284  0.155721  -0.39526  
-0.00708917  0.00338984  0.00284451  0.380315  0.170947  -0.428232  
-0.00684566  0.00330326  0.00295495  0.37482  0.199539  -0.42548  
-0.00714386  0.00355461  0.00291681  0.37861  0.183689  -0.413952  
-0.00663436  0.00332438  0.00285519  0.366863  0.159173  -0.422235  
-0.00784467  0.00375879  0.00280039  0.378423  0.183277  -0.398642  
-0.009355  0.003715  0.00307851  0.385364  0.130885  -0.396818  
-0.00971169  0.0040685  0.00329326  0.377945  0.123263  -0.402595  
-0.0103895  0.00405935  0.00318143  0.388566  0.121761  -0.381446  
-0.0102913  0.0043404  0.00337255  0.386131  0.12233  -0.433111  
-0.0103731  0.00449475  0.00318143  0.384992  0.141801  -0.423821  
-0.0100346  0.00454946  0.00318143  0.396892  0.159337  -0.414138  
-0.0096215  0.0050547  0.00348757  0.396208  0.122713  -0.442462  
-0.00980578  0.00498559  0.00335498  0.393107  0.146893  -0.44803  
-0.00989901  0.0049696  0.00332129  0.403495  0.159794  -0.403382  
-0.00997379  0.00523726  0.00378181  0.423204  0.139895  -0.431261  
-0.00972647  0.00515252  0.00391203  0.424651  0.156775  -0.438568  
-0.00998871  0.00531171  0.00387514  0.432223  0.160653  -0.426766  
-0.0100528  0.00511825  0.0039427  0.427297  0.151134  -0.410666  
-0.00987654  0.00555374  0.00378945  0.406457  0.141243  -0.419318  
-0.0101423  0.00558811  0.00393257  0.413404  0.159665  -0.40871  
-0.0101984  0.00534831  0.00410582  0.410902  0.133254  -0.416149  
-0.00957238  0.00540412  0.00423467  0.430802  0.132578  -0.467278  
-0.00962739  0.00571476  0.00398276  0.395613  0.150241  -0.448485  
-0.00953773  0.00560692  0.00404696  0.391217  0.142846  -0.52407  
-0.00742715  0.00630903  0.00405219  0.384308  0.121382  -0.631843  
-0.00688566  0.00660741  0.00449512  0.405314  0.167761  -0.55712  
-0.00748807  0.00649095  0.00469184  0.40637  0.168306  -0.521649  
-0.00773326  0.00670723  0.0045963  0.397843  0.164667  -0.517114  
-0.00819318  0.00650383  0.00446916  0.397751  0.180684  -0.517091  
-0.00840058  0.00648863  0.00463285  0.390325  0.167031  -0.517054  
-0.00819287  0.00632685  0.00469853  0.408015  0.164982  -0.494405  
-0.00790501  0.00582493  0.00481743  0.41416  0.177741  -0.537093  
-0.00828955  0.00638385  0.00514177  0.437345  0.194075  -0.517061  
-0.00841984  0.00631218  0.00502536  0.438548  0.169639  -0.51143  
-0.00848132  0.00617495  0.0049891  0.424235  0.159571  -0.49877  
-0.00825469  0.00615547  0.00480416  0.416019  0.156995  -0.502924  
-0.0086928  0.00652699  0.0049457  0.420728  0.169389  -0.479666  
-0.00877157  0.00643176  0.00486386  0.413692  0.152086  -0.465641  
-0.00869509  0.00640577  0.00486489  0.412573  0.157157  -0.464994  
-0.0091141  0.00631486  0.00483303  0.414638  0.159201  -0.504109  
-0.0091259  0.00662481  0.00472666  0.409447  0.172061  -0.504142  
-0.00906042  0.0068038  0.00477641  0.408431  0.169853  -0.496724  
-0.00881648  0.00670449  0.00491279  0.407941  0.160371  -0.519581  
-0.00932657  0.00698059  0.00488357  0.401015  0.167262  -0.501466  
-0.00937066  0.00668939  0.00474451  0.403788  0.1638  -0.486413  
-0.00873164  0.00701667  0.00464518  0.39448  0.161393  -0.505408  
-0.00878536  0.00702421  0.00463839  0.39438  0.15938  -0.481463  
-0.00883639  0.00699259  0.004867  0.394586  0.141706  -0.488619  
-0.008849  0.00693043  0.00503572  0.400921  0.150829  -0.510647  
-0.00902677  0.0072472  0.00505521  0.404645  0.165528  -0.499835  
-0.0090697  0.00718889  0.00496828  0.408112  0.174195  -0.4973  
-0.00896688  0.00714497  0.00500776  0.403655  0.150078  -0.508374  
-0.00914546  0.0071745  0.00520959  0.422492  0.170088  -0.523456  
-0.00938075  0.00716573  0.00500126  0.420122  0.17172  -0.521505  
-0.00924364  0.0074092  0.00505584  0.422685  0.177083  -0.522866  
-0.00929696  0.00698883  0.00510436  0.418671  0.160436  -0.529693  
-0.00900512  0.007032  0.00513599  0.426097  0.164088  -0.53147  
-0.00902101  0.00679143  0.00538993  0.438376  0.187315  -0.512871  
-0.00898639  0.00687113  0.00564316  0.456185  0.170446  -0.5256  
-0.0090732  0.00694534  0.00571631  0.453144  0.167703  -0.553047  
-0.0090045  0.00710569  0.00580879  0.443369  0.182939  -0.531866  
-0.00890871  0.00709766  0.00591335  0.45537  0.1817  -0.522482  
-0.00904774  0.00709112  0.00562747  0.45651  0.187901  -0.489534  
-0.00904716  0.00730214  0.00601857  0.474302  0.179762  -0.489391  
-0.00896748  0.00718994  0.00614845  0.476958  0.172888  -0.489466  
-0.0092771  0.00720508  0.00641277  0.482586  0.180609  -0.515307  
-0.0091104  0.00728622  0.00617108  0.480042  0.176715  -0.530895  
-0.0091422  0.00669745  0.00585123  0.474142  0.184349  -0.519189  
-0.00918508  0.00682405  0.0059771  0.487866  0.18705  -0.528368  
-0.00922964  0.00742817  0.00607581  0.499626  0.190976  -0.516666  
-0.0092801  0.00796561  0.00642983  0.516376  0.190413  -0.557483  
-0.0091369  0.00834579  0.0067717  0.52051  0.208506  -0.604486  
-0.00884787  0.00831507  0.00681737  0.528555  0.194871  -0.61199  
-0.00881356  0.00842169  0.00733978  0.550585  0.198138  -0.606066  
-0.00838021  0.0082513  0.00751135  0.536656  0.20099  -0.587898  
-0.0081615  0.00758598  0.00728651  0.494639  0.185255  -0.578389  
-0.00820198  0.00722345  0.00781437  0.527359  0.171513  -0.579469  
-0.00844648  0.00730855  0.00815041  0.556566  0.18561  -0.594455  
-0.00823834  0.00697674  0.00818558  0.562999  0.198512  -0.589816  
-0.0083555  0.00704671  0.00846833  0.567481  0.189905  -0.582043  
-0.00842031  0.00695929  0.00863291  0.56772  0.195737  -0.582081  
-0.0081517  0.0065193  0.00948072  0.602108  0.185796  -0.589252  
-0.00804189  0.00646676  0.00994033  0.63121  0.187752  -0.594546  
-0.00791462  0.0063786  0.0101879  0.651502  0.190652  -0.589908  
-0.00802959  0.00647889  0.0102751  0.64086  0.183394  -0.602168  
-0.00797252  0.00649569  0.010456  0.648283  0.202171  -0.589011  
-0.00799798  0.00649725  0.0103298  0.648205  0.191864  -0.593167  
-0.00801202  0.00659648  0.0104787  0.656038  0.17494  -0.598881  
-0.00770509  0.00625953  0.0106824  0.65236  0.188504  -0.619183  
-0.00785102  0.00620984  0.0105713  0.65566  0.19434  -0.61872  
-0.00807574  0.00620984  0.0105988  0.6482  0.201193  -0.629201  
-0.00768658  0.00596682  0.0103845  0.639598  0.190956  -0.658763  
-0.00758061  0.00579915  0.0105531  0.63087  0.194781  -0.647187  
-0.00768344  0.00604192  0.010354  0.636941  0.199613  -0.646039  
-0.00718184  0.00584354  0.010354  0.630809  0.191296  -0.668795  
-0.00733166  0.00564743  0.0100657  0.61797  0.194125  -0.671926  
-0.00739027  0.00620984  0.00966413  0.602789  0.19612  -0.678229  
-0.00752484  0.00624334  0.00964074  0.615903  0.211176  -0.622558  
-0.00693601  0.00640531  0.00970604  0.615962  0.183066  -0.641131  
-0.00681931  0.00629732  0.00973653  0.6303  0.187256  -0.62334  
-0.0073862  0.00634074  0.0100219  0.634587  0.203913  -0.597575  
-0.00763467  0.00641398  0.00990539  0.640954  0.195832  -0.593093  
-0.00725418  0.00627182  0.0100255  0.640667  0.177618  -0.624306  
-0.00790621  0.00666024  0.0100394  0.642301  0.201062  -0.601264  
-0.00792643  0.00646963  0.00993474  0.651336  0.208697  -0.552843  
-0.00757491  0.00639298  0.0098312  0.651271  0.197835  -0.563613  
-0.00713855  0.0067635  0.0092964  0.626673  0.210452  -0.591386  
-0.00747309  0.00648181  0.00930063  0.623831  0.213878  -0.56597  
-0.00701356  0.00653278  0.00941188  0.631947  0.193504  -0.581731  
-0.00699019  0.00666907  0.00892761  0.618102  0.202937  -0.575652  
-0.00742948  0.00673899  0.00957354  0.667839  0.219741  -0.542413  
-0.00701218  0.00662475  0.00941251  0.6574  0.195981  -0.579448  
-0.00696363  0.00667854  0.0094119  0.657611  0.209852  -0.586781  
-0.00733234  0.00688158  0.00972877  0.65492  0.199928  -0.569491  
-0.00719486  0.00703392  0.00964377  0.65941  0.191793  -0.590428  
-0.00692561  0.0067137  0.00950578  0.658205  0.19946  -0.60785  
-0.00742207  0.00653469  0.00990724  0.673616  0.183987  -0.587717  
-0.0057481  0.00647123  0.00934121  0.650341  0.190008  -0.663125  
-0.00641863  0.00682353  0.00961609  0.665945  0.200844  -0.625466  
-0.00513256  0.00562305  0.00999232  0.684063  0.181062  -0.661598  
-0.00550067  0.00605506  0.00983065  0.671778  0.198414  -0.683496  
-0.00568439  0.00587254  0.0101763  0.694657  0.208974  -0.63619  
-0.00546078  0.00601823  0.010415  0.687808  0.190795  -0.68199  
-0.00543377  0.00601284  0.0100034  0.679384  0.20724  -0.696172  
-0.00575029  0.00601232  0.0102544  0.683687  0.215685  -0.648537  
-0.00556265  0.00590266  0.0102922  0.688611  0.181489  -0.681917  
-0.00537575  0.00566903  0.0100888  0.684872  0.20439  -0.684199  
-0.0059317  0.00589812  0.0102467  0.702954  0.229692  -0.620927  
-0.00585473  0.00573451  0.0104461  0.711745  0.209167  -0.637913  
-0.00638398  0.00661389  0.0100993  0.701584  0.210097  -0.655851  
-0.00673345  0.0065794  0.010165  0.716203  0.232134  -0.622017  
-0.0063166  0.00605599  0.010393  0.721194  0.208456  -0.633104  
-0.00491152  0.00608565  0.0103155  0.71158  0.202598  -0.71358  
-0.00456898  0.00608151  0.0112683  0.744254  0.220916  -0.667707  
-0.00515492  0.00613513  0.0111341  0.736784  0.202185  -0.707785  
-0.00544516  0.00607027  0.0114664  0.750127  0.237445  -0.650364  
-0.00607976  0.00654756  0.0114659  0.750008  0.209644  -0.635869  
-0.00576829  0.00644039  0.0111986  0.729055  0.201733  -0.668761  
-0.00571092  0.00685193  0.0113222  0.733707  0.220592  -0.673353  
-0.00569604  0.00675901  0.0116707  0.745314  0.200831  -0.662271  
-0.00493757  0.00686327  0.0113067  0.73778  0.191275  -0.696711  
-0.00536251  0.00693753  0.0112945  0.743634  0.219367  -0.705045  
-0.00574742  0.0070292  0.0113337  0.751824  0.20972  -0.681358  
-0.00565177  0.00683426  0.0113246  0.75228  0.192741  -0.691314  
-0.00572222  0.00669532  0.0111965  0.743969  0.201069  -0.689361  
-0.00615643  0.00697172  0.0113017  0.756144  0.212299  -0.668752  
-0.00630254  0.00678022  0.0114537  0.753933  0.197893  -0.683076  
-0.00606529  0.00728548  0.0111076  0.728375  0.204472  -0.699709  
-0.00646987  0.00731748  0.0112858  0.742175  0.200744  -0.675644  
-0.00602211  0.00744554  0.0107118  0.713788  0.187277  -0.688041  
-0.00673741  0.00746298  0.0109851  0.724887  0.210098  -0.665068  
-0.00633927  0.00730264  0.0110354  0.718888  0.171317  -0.714579  
-0.00616304  0.00760647  0.010876  0.720208  0.206585  -0.68828  
-0.00666672  0.00733681  0.0114832  0.752671  0.198861  -0.664623  
-0.00632033  0.00746653  0.0110972  0.744365  0.189591  -0.690086  
-0.00671737  0.00732421  0.0115676  0.758486  0.221647  -0.648793  
-0.00678474  0.00720291  0.0120493  0.775356  0.204718  -0.671611  
-0.00636352  0.00725611  0.011942  0.771023  0.209646  -0.671199  
-0.00712295  0.00769394  0.012032  0.793888  0.220903  -0.59966  
-0.00671055  0.00752133  0.0120573  0.793972  0.190094  -0.629558  
-0.00696023  0.00775468  0.0120079  0.793696  0.219819  -0.635046  
-0.0073698  0.00732262  0.0121724  0.816241  0.235918  -0.618267  
-0.00674128  0.0071892  0.0119771  0.788983  0.20503  -0.669483  
-0.00740286  0.0075485  0.0121998  0.809733  0.253077  -0.631969  
-0.00716502  0.00742931  0.0124929  0.823958  0.229651  -0.631458  
-0.00690047  0.00757927  0.0121692  0.810873  0.230208  -0.647944  
-0.00733152  0.00776333  0.0124591  0.818997  0.246203  -0.650598  
-0.00672212  0.00755549  0.0128215  0.8105  0.221507  -0.685163  
-0.00665985  0.00778911  0.01294  0.81282  0.245829  -0.678459  
-0.00725162  0.0077279  0.013162  0.825282  0.242955  -0.62341  
-0.00655733  0.00748503  0.0130501  0.816102  0.215383  -0.650219  
-0.00671146  0.00765281  0.0129998  0.804439  0.244351  -0.649742  
-0.00645657  0.00707067  0.0131597  0.806049  0.236383  -0.638176  
-0.00584533  0.00716934  0.0129848  0.786871  0.224873  -0.655583  
-0.0057481  0.00735036  0.0126029  0.775148  0.257065  -0.669579  
-0.00631845  0.00731897  0.0128899  0.788752  0.248413  -0.618083  
-0.00519001  0.00675681  0.0124439  0.770452  0.219188  -0.661664  
-0.00569607  0.00692143  0.0122422  0.761108  0.225373  -0.665468  
-0.00564937  0.00676811  0.0125618  0.774916  0.232625  -0.638392  
-0.00529888  0.00658914  0.0121681  0.75215  0.202932  -0.682645  
-0.00594491  0.00694656  0.0118467  0.737689  0.232115  -0.674858  
-0.00569132  0.00710561  0.011241  0.719195  0.214429  -0.690191  
-0.00514787  0.00683785  0.0109932  0.704008  0.204177  -0.715047  
