-0.00133246  -0.00194373  0.000585548  0.188272  -0.0164962  -0.203066  
-0.00270388  -0.00199722  0.000292738  0.193369  -0.0440343  -0.0852507  
-0.00337706  -0.0024384  0.000194864  0.196945  -0.0161339  -0.114951  
0.0033642  -0.00450259  -0.000940917  0.202994  0.0468772  -0.678719  
0.00584862  -0.00376309  -0.000586361  0.179457  0.106067  -0.44332  
0.00530223  -0.00390179  -0.000429542  0.186611  0.0392921  -0.654019  
0.00475652  -0.00339793  -0.000543691  0.157082  0.0274212  -0.391006  
0.00517635  -0.00335884  -0.000694755  0.138502  -0.012586  -0.440724  
0.0074874  -0.00358879  -0.00178971  0.101087  0.0400761  -0.556918  
0.00429646  -0.00395458  -0.00227208  0.0937473  -0.00234458  -0.242243  
0.00664829  -0.00339493  -0.00311465  0.0925877  -0.0472276  -0.278611  
0.00569905  -0.00309815  -0.00362415  0.0787239  -0.048405  -0.192938  
0.00617543  -0.00257621  -0.003246  0.0928799  -0.0741957  -0.325999  
0.00680582  -0.00237516  -0.0034701  0.080859  -0.0273316  -0.433916  
0.0115973  -0.00207599  -0.00358161  0.0641518  0.0914805  -0.468551  
0.00916942  -0.00221561  -0.00361401  0.0967303  -0.0142183  -0.623041  
0.00710183  -0.00242935  -0.0028846  0.134489  0.000904429  -0.59598  
0.00805494  -0.0033567  -0.00507628  0.0691743  0.0205461  -0.320623  
0.0104807  -0.00302123  -0.00509624  0.0999653  -0.0473186  -0.619395  
0.0117397  -0.00324014  -0.00505867  0.0883321  0.0147948  -0.483751  
0.0109012  -0.00290926  -0.00435289  0.102324  0.0389253  -0.689258  
0.0115881  -0.00214682  -0.00471885  0.100832  0.0101636  -0.816542  
0.00752292  -0.00140821  -0.00380506  0.12838  -0.0239359  -0.759989  
0.00861439  -0.0020501  -0.00376812  0.148452  -0.0037351  -0.409997  
0.00585686  -0.00296257  -0.0034795  0.182814  -0.0833219  -0.422993  
0.000658316  -0.00198295  -0.00357833  0.166327  -0.0694389  -0.357746  
0.000645974  0.00130565  -0.00306544  0.123858  -0.0815912  -0.274491  
0.00260866  0.0028517  -0.0023778  0.100324  -0.0940995  -0.325874  
0.00363535  -0.000390367  -0.00475608  0.0750727  -0.061114  -0.27448  
0.00279171  -0.000830727  -0.00407981  0.0341187  -0.12503  -0.331445  
0.00106057  -0.00126989  -0.00288296  0.0635524  -0.146596  -0.486007  
0.00194303  -0.00133843  -0.00485224  0.00873296  -0.16175  -0.323983  
0.00363083  -0.00192939  -0.00323831  0.0805205  -0.0928978  -0.328496  
0.00713028  -0.00118313  -0.00330068  0.0950003  -0.096663  -0.57957  
0.00125049  -0.000149449  -0.00324634  0.118513  -0.120256  -0.443819  
-0.00294079  -0.000338377  -0.00226252  0.12051  -0.191336  -0.409087  
-0.00544746  0.000495616  -0.00284366  0.107812  -0.182318  -0.349928  
0.00205722  -0.00148969  -0.00523235  0.00269748  -0.0945421  -0.0625188  
-0.00101953  -0.00200432  -0.00482187  0.0404646  -0.223759  -0.0598944  
-0.00406748  -0.00106707  -0.00273156  0.139753  -0.145713  -0.129595  
-0.00152063  -0.000268579  -0.00295064  0.153945  -0.093744  -0.0866239  
0.000176518  -0.000935164  -0.00359903  0.153685  -0.106912  -0.0689109  
0.00274678  -0.00271552  -0.00227712  0.189195  -0.0414822  0.0340134  
0.00232565  -0.00339429  -0.00349799  0.156513  -0.135555  0.138696  
0.0018632  -0.00227217  -0.00315077  0.208353  -0.157152  0.0418678  
0.00587884  -0.00253769  -0.00336556  0.203704  -0.104753  -0.258306  
0.00202892  -0.0016647  -0.00386472  0.178149  -0.0880912  -0.181501  
0.000153504  -0.00211966  -0.00366196  0.115913  -0.12119  -0.0608706  
0.00112356  -0.00152929  -0.00307105  0.133657  -0.141943  -0.116534  
8.15217e-05  -0.000353179  -0.00233713  0.144287  -0.142314  -0.261833  
-0.00160725  0.000417039  -0.00244579  0.169469  -0.142157  -0.198776  
-0.000250288  -0.000902723  -0.0039614  0.0831675  -0.110037  -0.00784083  
0.000974487  -0.00106874  -0.00399081  0.0661643  -0.124128  0.000509207  
0.000922776  -0.000654052  -0.00366071  0.118766  -0.124079  -0.231901  
0.00104711  -0.000202313  -0.0029316  0.125706  -0.0739232  -0.137878  
0.00138122  -0.000654052  -0.0030088  0.123947  -0.0726869  -0.162313  
-0.0220137  -0.00119164  -0.00141801  0.207637  -0.435844  -0.149913  
-0.00526655  -0.000262002  -0.00266916  0.0905508  0.00956343  -0.106189  
-0.00222426  -8.96005e-05  -0.0031872  0.0887951  -0.0784393  -0.0380242  
-0.00287312  -0.000221541  -0.00345876  0.0726142  -0.124651  0.136768  
-0.0018946  2.82978e-05  -0.00375964  0.0477898  -0.173314  -0.0583368  
0.00367025  0.000475841  -0.00452481  -0.00448909  -0.0691549  -0.330791  
-0.00295638  0.00116993  -0.00435174  0.0525455  -0.103298  -0.322481  
0.00133897  9.18879e-05  -0.00423957  0.0484717  -0.02265  -0.155756  
0.00143962  -0.00012177  -0.0042742  0.0352593  -0.0832697  -0.116361  
0.00174606  0.000274825  -0.00344397  0.0476324  -0.0890961  -0.00540832  
-0.00107154  -0.000128807  -0.00372017  0.0658171  -0.178752  0.0446783  
-0.00178091  0.00104258  -0.0036567  0.0581735  -0.138666  -0.102264  
0.000809703  0.000575957  -0.00358173  0.0405465  -0.119826  -0.143444  
-0.00311007  -0.000245937  -0.00163364  0.128191  -0.137006  -0.270387  
-0.00141675  -5.94628e-05  -0.00258668  0.0864634  -0.0807531  -0.245285  
0.000435291  0.00165731  -0.00324055  0.0515169  -0.120744  -0.18731  
-0.000635047  0.0018643  -0.00383894  0.0703151  -0.125313  -0.437743  
-0.00222065  0.00143471  -0.00240894  0.0912671  -0.138653  -0.359794  
-0.00223701  0.000498645  -0.00312553  0.0363479  -0.0714909  -0.240447  
-0.00257423  0.000751234  -0.00386775  0.0176666  -0.191871  -0.351872  
-0.00664869  7.03477e-05  -0.00333641  0.0680705  -0.20314  -0.426812  
-0.00838165  0.00137137  -0.00268179  0.129486  -0.211171  -0.282676  
-0.00935708  0.00248371  -0.000965428  0.0628642  -0.0970528  -0.0708848  
-0.000103966  0.00343709  -0.00673034  -0.0904165  -0.118368  -0.162025  
-0.00158532  0.00163943  -0.00400835  -0.00656929  -0.198006  -0.544605  
-0.00144412  0.00150131  -0.0029934  0.0819186  -0.122411  -0.492523  
0.00537717  -0.000465608  -0.000907396  0.127909  -0.01448  -0.656389  
0.00353263  -0.000405602  -0.000296041  0.11206  -0.0895362  -0.61135  
-0.000316179  -0.000396971  -0.00115795  0.0632482  -0.0341557  -0.448886  
0.00281224  0.000386023  -0.00219182  0.0328595  -0.100154  -0.720618  
-0.00162585  0.00191505  -0.00206932  0.0781456  -0.0417444  -0.518807  
3.59213e-05  0.00094391  -0.00136551  0.0477747  -0.0120581  -0.42295  
-0.000130647  0.000748847  -0.00261625  -0.0363912  -0.026134  -0.444161  
-0.00124872  0.0019128  -0.00263141  -0.00709801  -0.095476  -0.528478  
-0.0245345  -0.000130196  -0.00051382  0.155906  -0.340424  -0.388236  
-0.00900723  0.00195217  -0.000577473  0.0925498  -0.120036  -0.516097  
-0.0113753  0.00183352  -0.000388223  0.123509  -0.104885  -0.43874  
-0.00705943  0.00195217  -0.00175855  0.0459944  -0.0113706  -0.561845  
-0.00785857  0.00225254  -0.000658898  0.0550751  -0.101177  -0.64033  
-0.00728744  0.00229918  0.000292383  0.0905762  0.0108747  -0.343115  
-0.00809992  0.000779755  -0.000281613  0.0661185  -0.0515744  -0.0412244  
-0.00714837  0.00191485  -0.000375725  0.0961997  -0.114163  -0.101721  
-0.00368036  0.00159878  -0.000688727  0.0666747  -0.0543625  -0.20841  
-0.00319028  0.00119877  0.000156188  0.0781591  0.000451558  -0.158639  
-0.00478361  0.00134002  -0.000210155  0.0457485  0.0164346  -0.29  
-0.00247726  0.00163489  -0.0012514  0.0377069  -0.0204358  -0.575503  
-0.000228488  0.000465396  -0.00183557  0.00524996  0.0214238  -0.303026  
-0.00148238  -0.000259637  -0.0017722  0.157159  0.0459996  -0.334319  
-0.0104395  -0.000564163  -0.00158131  0.059311  -0.162862  -0.8934  
-0.00519632  0.00119939  -0.000254901  0.0567928  -0.0178832  -0.86742  
-0.00299731  0.00344366  -0.00105742  0.0479473  0.0225824  -0.746212  
0.00150892  4.52934e-05  -0.00048011  0.113756  -0.0152934  -0.555041  
-0.0142899  0.00233854  -0.00191179  0.0378644  -0.130266  -0.576551  
-0.0104012  0.00264027  -0.0031937  0.021587  -0.14977  -0.495103  
-0.0133432  0.00169578  -0.00173423  0.0645694  -0.188211  -0.662654  
-0.00662039  0.00147921  -0.00227051  0.064195  -0.155437  -0.789524  
-0.00578015  0.00161492  -0.00293127  0.0702412  -0.138162  -0.582826  
-0.0162698  0.000636664  -0.00145324  0.0848371  -0.208576  -0.57851  
-0.0092633  0.00182879  -0.000255443  0.0738379  -0.181409  -0.704488  
-0.0150231  0.00288987  -0.00109542  0.0578988  -0.118507  -0.277613  
-0.0108356  0.00663817  -0.00176213  -0.0333539  -0.0868143  -0.462682  
-0.00487232  0.0030011  -0.00445631  -0.118228  -0.149187  -0.789761  
-0.00704815  0.00400335  -0.00370487  -0.0919731  -0.152687  -0.796517  
-0.00478378  0.0029333  -0.00228527  0.0458572  -0.0243039  -0.583294  
-0.00341256  0.00297883  -0.0021573  -0.0113533  -0.0548193  -0.469492  
-0.00453987  0.00262851  -0.00318256  -0.027847  -0.0962976  -0.635255  
-0.00421761  0.00325728  -0.00278957  -0.0325818  -0.0648901  -0.582508  
-0.00881232  0.00515341  -0.00462765  -0.0240874  -0.129259  -0.406787  
-0.0207133  0.00520263  -0.00237283  0.017589  -0.326947  -0.523947  
-0.0133457  0.00327005  -0.00265682  -0.0416466  -0.189144  -0.476786  
-0.0161334  0.00286994  -0.00265682  -0.0294705  -0.263028  -0.562478  
-0.0207534  0.00385016  -0.00173506  0.0248939  -0.255568  -0.393716  
-0.0141473  0.00481338  -0.00229494  -0.0467994  -0.146459  -0.30254  
-0.00178414  0.00398196  -0.0040735  -0.117231  -0.0506485  -0.411208  
-0.00343834  0.00373126  -0.00296218  -0.043311  -0.0771485  -0.504087  
-0.0199513  0.00507054  -0.00249206  -0.00803414  -0.295686  -0.456777  
-0.0163076  0.00466686  -0.00181603  0.0161226  -0.29491  -0.294518  
-0.0147894  0.00452643  -0.00092553  -0.00684526  -0.272273  -0.434483  
-0.0201138  0.00284037  -0.000334069  0.00918582  -0.371788  -0.49411  
-0.0274331  0.00269434  0.000498457  0.0881407  -0.428759  -0.245361  
-0.00930352  0.00206582  -0.000397319  0.0155533  -0.107863  -0.350322  
-0.00619717  0.00361303  -0.00459948  2.43112e-05  -0.223442  -0.550908  
-0.0131366  0.00247971  -0.0036054  0.0656353  -0.30094  -0.54384  
-0.014538  0.000152536  -0.0028725  0.119735  -0.247845  -0.158591  
-0.0127209  0.0026166  -0.0035769  0.0388707  -0.298424  -0.342182  
-0.0100497  0.0026166  -0.00380101  0.00679609  -0.195555  -0.427774  
-0.0114741  0.00504714  -0.00418787  0.00702961  -0.175282  -0.164438  
-0.0174624  0.00562118  -0.00314641  0.0577871  -0.304325  -0.00844464  
-0.0181906  0.00183854  -0.00219798  0.139459  -0.284227  0.13923  
-0.00923569  0.00385618  -0.00395441  0.0399147  -0.200177  0.0479381  
-0.0217157  0.00483157  -0.00129497  0.111841  -0.374851  0.0562944  
-0.00882753  0.00406827  -0.00365302  -0.0132163  -0.200928  -0.200123  
-0.012132  0.00344188  -0.00290302  0.0177263  -0.337466  -0.237085  
-0.00967057  0.00419585  -0.0032528  -0.0104006  -0.244709  -0.174533  
-0.00808262  0.00311687  -0.00350695  -0.0521676  -0.263667  -0.195997  
-0.00688037  0.00440724  -0.00314105  -0.0383095  -0.156719  -0.190528  
-0.00151532  0.00171231  -0.00455722  0.0124954  -0.0800729  -0.298608  
-0.00772777  0.00255936  -0.00119217  0.116568  -0.296866  -0.362748  
-0.00776821  0.000632123  -0.00264001  0.0422294  -0.202196  -0.277915  
-0.0102815  0.00257648  -0.00130734  0.0837454  -0.224148  -0.523984  
0.000189886  0.00183333  -0.00181338  0.0552399  -0.0322969  -0.397637  
-0.00364095  0.00220521  -0.00191307  0.0361674  -0.0770869  -0.362402  
-0.00236533  0.00332061  -0.0029338  -0.00533476  -0.0932024  -0.409281  
-0.0023055  0.00142396  -0.00162245  0.0821076  -0.0279829  -0.483089  
0.00134681  -0.00114283  -0.00370568  0.220161  -0.0307168  -0.275079  
-0.0125564  0.00170211  0.000236288  0.204425  -0.119898  -0.0266689  
-0.0146702  0.00374443  -0.00229042  0.031515  -0.232621  -0.297741  
-0.0250877  0.00224709  0.000883173  0.182899  -0.433067  -0.102232  
-0.0188194  0.00229064  -0.000975888  0.0496129  -0.101365  0.048873  
-0.0117235  0.00317735  -0.00275265  0.0756003  -0.110257  -0.3016  
-0.0106014  0.00692611  -0.00435198  -0.101735  -0.147182  -0.379396  
-0.00564596  0.00413517  -0.00449859  -0.07086  -0.0913179  -0.245931  
-0.0035242  0.00118978  -0.00293972  0.0401453  -0.0908846  -0.250984  
-0.00628214  0.00376874  -0.00179664  0.0362426  -0.140183  -0.360876  
-0.00604999  0.00674613  -0.00256082  -0.0148208  -0.113433  -0.168441  
-0.0264531  0.00181423  -0.000795117  0.0745905  -0.372367  0.123092  
-0.0135013  0.00765119  -0.00488322  -0.115581  -0.197029  -0.475693  
-0.0236286  0.00777764  -0.00256408  -0.125506  -0.434385  -0.538449  
-0.0107722  0.00951515  -0.00551118  -0.232172  -0.175053  -0.795536  
-0.0108038  0.00807053  -0.00187499  -0.0591292  -0.169941  -0.635249  
-0.00442581  0.00401591  -0.00238944  -0.0533186  -0.044979  -0.275901  
-0.00482448  0.00402714  -0.00314293  -0.0532081  -0.162576  -0.274309  
-0.00469681  0.00510952  -0.00259397  -0.0430994  -0.224352  -0.587971  
-0.00135654  0.00424141  -0.0029761  -0.00478229  -0.156794  -0.50789  
-0.00675697  0.00526514  -0.00289554  0.0280432  -0.163482  -0.694308  
-0.0099789  0.0100351  0.00296343  -0.0479498  -0.247156  -0.59218  
-0.00773875  0.0219694  -0.00638402  -0.317677  -0.209339  -0.769109  
-0.0054883  0.01551  -0.00288688  -0.222702  -0.151188  -0.849913  
-0.00300909  0.012242  -0.00147863  -0.165625  -0.0774201  -0.743263  
-0.00343736  0.0105056  -0.00199373  -0.114218  -0.140018  -0.891224  
-0.00613105  0.00883048  -0.000900744  -0.0310605  -0.110477  -0.740309  
-0.00524248  0.00840244  -0.00145403  -0.0513765  -0.0815738  -0.808647  
-0.00555948  0.00841569  -0.00195662  -0.059355  -0.0647783  -0.737384  
-0.00440476  0.00882  -0.00279649  -0.0816447  -0.0572246  -0.7646  
-0.00417676  0.0105067  -0.00228898  -0.0750883  -0.0656401  -0.770043  
-0.00127655  0.00809561  -0.000335142  -0.0361018  0.0102046  -0.444028  
-0.000225917  0.00713151  -0.000272209  -0.042678  -0.00376839  -0.573859  
-0.00166352  0.00894158  -0.000116183  -0.0276663  -0.0691974  -0.675945  
0.000139474  0.00900707  8.04763e-05  0.015029  0.00877068  -0.51356  
-0.00139945  0.00917372  -0.000360082  -0.063666  0.0711589  -0.732583  
0.00184837  0.00986168  -0.000959323  -0.114418  -0.00974884  -1.20567  
-0.00104771  0.00961168  0.000592391  -0.114675  -0.00117664  -0.953495  
0.000400388  0.013385  0.000592391  -0.132355  0.0199848  -0.940028  
0.000771409  0.0130383  0.000147381  -0.104336  -0.0154346  -0.912541  
0.00204414  0.0134439  -0.000493259  -0.0806605  -0.0339545  -0.939384  
-0.00257095  0.0134439  -5.87083e-05  -0.0663914  -0.0599058  -0.611741  
-0.00552494  0.0134439  0.000672166  -0.0274607  -0.0932628  -0.338131  
0.00268331  0.0119914  -0.000304544  -0.0381974  -0.0505502  -0.431348  
0.00453467  0.0100654  0.000254013  -0.0599602  0.0172123  -0.630099  
0.00648246  0.0100654  0.000802181  -0.0230352  0.0483598  -0.889012  
0.00682503  0.0103559  0.00103901  -0.00989459  0.0772001  -0.910747  
0.00431847  0.00927765  0.00245434  0.0140076  0.132906  -0.639466  
0.00357423  0.008342  0.00201092  0.00841198  0.0529807  -0.632916  
0.00135369  0.0071001  0.00112402  0.0135848  0.0253681  -0.824559  
0.00117703  0.00675821  0.000514978  0.00707326  0.0810676  -0.69999  
0.000908788  0.00811066  0.00050754  0.0184433  0.027987  -0.827157  
-0.00783694  0.00712814  0.000998346  0.0871444  -0.0604985  -0.661671  
-0.00244416  0.006837  0.001828  0.115288  -0.00569461  -0.67076  
0.00128751  0.00698232  -7.65722e-05  0.0341258  0.049841  -0.656634  
0.00260606  0.00600972  -0.00045935  0.0535688  0.0602253  -0.7266  
-0.00811136  0.0057158  0.000898185  0.064563  -0.021188  -0.77983  
-0.00546861  0.00548415  0.000456272  0.0651836  0.0355696  -0.785747  
-0.00305265  0.00415667  -0.000918378  0.0168852  0.0416629  -0.601741  
0.00290221  0.00391826  0.00137824  0.10322  0.0597579  -0.808662  
0.00689254  0.00463224  0.00225253  0.0947949  0.129294  -0.820663  
0.00524582  0.00334812  0.000791791  0.12229  0.232222  -0.478418  
0.00451481  0.00355035  0.00165032  0.111352  0.178657  -0.464473  
0.00380495  0.00426534  0.00185865  0.108207  0.150673  -0.589549  
0.00464318  0.00479336  0.00241714  0.108638  0.172783  -0.598115  
0.000545383  0.00362401  0.00109904  0.0697338  0.0931991  -0.646851  
-0.00132732  0.00430026  0.00231157  0.102208  0.0446884  -0.426221  
-0.0046365  0.00456292  0.0028982  0.0872656  -0.0302287  -0.587189  
-0.00279051  0.00554065  0.00211802  0.0452978  0.0858922  -0.719629  
-0.00144772  0.00554065  0.00282451  0.0544453  0.0775935  -0.491346  
-0.00189102  0.00382226  0.00211802  0.0349567  0.0708407  -0.551139  
0.00123233  0.00544002  0.00137804  0.0366222  0.0565856  -0.682472  
0.00226971  0.00574259  0.0010596  0.0545086  0.0705369  -0.760289  
0.00162845  0.00526527  0.00136637  0.045097  0.0983655  -0.579539  
0.000478653  0.0056948  0.00133057  0.0343103  0.042737  -0.7048  
0.000593462  0.00574589  0.00062399  -0.00433552  0.0970812  -0.588257  
-0.00346061  0.0059791  0.000530981  0.0280725  0.0414174  -0.682307  
-0.00364947  0.0054505  0.000710424  0.035802  0.0232286  -0.850834  
-0.00686533  0.0052257  0.00129264  0.0861442  0.0303394  -0.740793  
-0.00244983  0.00505226  0.000823447  0.0263988  0.0789154  -0.792843  
-0.00182812  0.00554092  0.000721483  0.0477302  0.0377586  -0.836957  
-0.00396971  0.0061619  0.000695362  0.0665011  0.0349361  -0.682452  
-0.00514347  0.00545879  0.00181009  0.079166  0.0194208  -0.77187  
-0.0151833  0.00381032  0.00384656  0.154699  -0.110905  -0.779996  
-4.3402e-05  0.00675168  0.00229822  0.0633702  0.0713141  -0.918273  
0.00231456  0.00833568  0.00206869  0.0535654  0.0274798  -0.946826  
-0.00406225  0.00801081  0.00158935  0.078687  0.0343222  -0.639837  
-0.00015013  0.00807566  0.00286663  0.041713  0.0570793  -0.613119  
-0.00213374  0.0070912  0.00168685  0.022215  0.0359072  -0.774427  
-0.0028304  0.00819598  0.00148141  0.0478634  -0.00293957  -0.721964  
0.00363308  0.00609487  0.00203613  0.0466357  0.111132  -0.601349  
0.00791982  0.00624633  0.00177828  0.00939551  0.0658283  -0.838805  
0.00479992  0.00578955  0.000445763  0.0237516  0.092705  -0.890893  
0.00529444  0.0072611  0.000667284  0.0437615  0.0590323  -0.790411  
0.00304274  0.00807879  0.000445763  0.0666861  0.0679697  -0.635947  
0.000130774  0.0073603  0.00237942  0.0685156  0.0563855  -0.427459  
-0.000537107  0.00571385  0.00168885  0.0289714  0.0242426  -0.487427  
-0.000301032  0.0060545  0.000938218  0.0365704  0.0161309  -0.567372  
-0.00222369  0.00706172  0.00117613  0.0510237  -0.0117387  -0.533214  
-0.00274821  0.00644167  0.000610858  0.0609575  -0.0141273  -0.538641  
-0.0018317  0.00644167  0.000938218  0.0655595  -0.00317594  -0.604322  
-0.00453327  0.0065259  0.00168208  0.0712099  -0.0366525  -0.604096  
-0.00442107  0.00714347  0.00208147  0.0521178  0.0404713  -0.518238  
-0.0041555  0.00538597  0.00118125  0.0591927  0.0237614  -0.57211  
-0.00547465  0.00568841  0.000255004  0.0787425  0.0242393  -0.489692  
-0.00180479  0.00634655  0.000174348  0.0124883  0.041576  -0.643311  
-0.00157289  0.00623061  0.000127437  0.0286614  0.0253965  -0.711042  
-0.00287137  0.0061212  0.000491109  0.0286501  0.0584548  -0.661583  
-0.0023087  0.00574489  0.000127437  0.0455386  0.0307509  -0.590925  
-0.00478112  0.00498308  0.000127437  0.0591035  0.000906866  -0.626819  
-0.0104666  0.00460857  -0.00030027  0.0427647  -0.0812327  -0.529198  
-0.00619255  0.00243832  -0.000837979  0.056749  0.0801608  -0.274189  
-0.0108514  0.0022473  0.000941809  0.126228  0.0564442  -0.171446  
-0.0127127  0.00366976  0.000595755  0.142669  -0.0304407  -0.464281  
0.00100044  0.00485413  0.00168021  0.11399  0.0779779  -0.664114  
-7.59673e-05  0.00690917  0.00168021  0.0468458  -0.0279365  -0.948473  
-0.00421928  0.00707967  0.00181536  0.0956769  -0.0849019  -0.781656  
-0.00159618  0.00603261  0.00168021  0.0242968  0.0131289  -0.777043  
-0.00152236  0.00543006  0.000614252  0.0294126  -0.00432677  -0.795051  
-0.00341927  0.00603261  0.000614252  0.037412  -0.053951  -0.811121  
-0.00691523  0.00762696  -0.000464776  0.0135864  -0.0563701  -0.687856  
-0.00202632  0.00752199  -0.000607673  0.00625184  0.00861858  -0.813095  
0.001016  0.00798249  0.000351901  0.0406141  -0.0158319  -0.824393  
0.00332957  0.00694593  0.000566099  0.0307152  0.0805804  -0.838928  
0.00531776  0.00764418  0.000952295  0.0261236  0.0624304  -0.984257  
0.00409636  0.00812008  0.000520425  0.0331223  -0.00948344  -0.942152  
0.00988533  0.0050464  0.000199333  0.118531  0.095795  -0.741952  
0.00111645  0.00320452  -0.000962543  0.151673  -0.11029  -1.00042  
-0.0013697  0.00438664  -0.000153476  0.0479337  -0.115586  -0.92716  
-0.0041834  0.00203205  8.13388e-05  0.0753829  -0.0372685  -0.781318  
-0.0059042  0.00299872  0.00270967  0.147821  -0.0676522  -0.738936  
-0.00451072  0.00478126  0.00286966  0.140101  -0.0371839  -0.648747  
-0.00292774  0.00386217  0.00140501  0.0991133  -0.0346397  -0.767752  
-0.00109902  0.00354963  0.000619678  0.111385  0.0138716  -0.757927  
0.00234024  0.00404216  0.00169112  0.11195  0.0446451  -0.679738  
0.00157444  0.00284587  0.00252783  0.111409  0.0569382  -0.386319  
-6.63581e-05  0.00309704  0.00178007  0.106363  -0.0187347  -0.614043  
0.00154387  0.00326485  0.000833399  0.108692  0.0185308  -0.706043  
-0.00237009  0.0045755  0.000663096  0.112206  -0.0361508  -0.741027  
-0.000186451  0.00328693  -0.000170448  0.0572452  -0.00567733  -0.709774  
0.000727895  0.00264714  -0.00114946  0.0860495  -0.0221729  -0.691144  
0.000592922  0.00382067  -0.000450568  0.106447  -0.0177152  -0.646791  
0.00351169  0.00363941  -0.000677687  0.0499615  0.037355  -0.829857  
0.0045184  0.00444039  -0.000589919  0.0670073  0.0271871  -0.922126  
0.00370678  0.00409723  -0.000312559  0.0668982  0.0118615  -0.923634  
0.00432189  0.0047827  -0.000272049  0.0830653  -0.0313735  -0.954496  
0.000426334  0.0047827  0.000216081  0.10389  -0.00580395  -0.848366  
5.3556e-05  0.00442958  -0.000462178  0.0152832  -0.0666917  -0.909251  
0.000917275  0.00519414  -0.000488118  0.0160918  0.00558373  -0.908669  
4.8548e-05  0.0047827  0.000321561  0.075162  0.00367498  -0.894294  
-0.00853493  0.00519293  0.00177629  0.14082  -0.104341  -0.728095  
-0.0055566  0.00760332  0.00174331  0.077392  -0.0571566  -0.641058  
0.00237801  0.00691784  0.00143424  0.0355587  0.0809349  -0.811479  
0.000482174  0.00733718  0.00150633  0.0638987  -0.0719394  -0.802826  
0.00106256  0.00536977  0.000275083  0.0404743  0.0209798  -0.911098  
0.00300803  0.00536977  0.000818016  0.0847982  -0.0418616  -0.940552  
0.00254171  0.00460721  0.000275083  0.0369437  0.0421609  -0.944258  
0.00486349  0.0057347  -4.98391e-05  0.0457976  0.0153893  -1.03718  
0.00547149  0.00576507  0.00058824  0.0687226  0.080106  -1.01959  
0.00286968  0.00437435  0.00100699  0.0262315  0.0947105  -0.766394  
0.0051101  0.00448755  -0.0013567  0.00183451  0.103482  -0.749397  
0.00548432  0.00504136  9.63143e-05  -0.00917055  0.120821  -0.769755  
0.00520568  0.00404253  -0.000574206  -0.0270963  0.098014  -0.731133  
0.00445178  0.00603481  0.000204116  0.0413642  0.0627633  -0.870203  
0.0055427  0.00575498  -0.000615159  0.0453215  0.0624881  -0.880459  
0.00226986  0.00362855  -0.000387303  -0.00618865  0.0552528  -0.749722  
0.00372158  0.00995847  -0.00235593  -0.110385  -0.00904824  -1.16423  
-0.00385269  0.00791125  0.000510623  -0.0219953  0.0494176  -0.9661  
0.00481119  0.00721277  -0.0003677  -0.0714245  0.161697  -1.14174  
0.00486151  0.00876739  0.000317673  -0.0520813  0.106103  -1.18726  
0.00948796  0.0094904  -9.07382e-06  -0.0652929  0.171724  -1.21124  
0.00770087  0.00768931  -0.00074925  -0.0406445  0.107222  -1.22574  
-0.000325816  0.0077641  -0.00247131  -0.126835  0.00689207  -1.14156  
0.00396852  0.00658689  0.000135635  -0.0467645  0.0823652  -1.0813  
0.00520186  0.00708449  -0.000254803  -0.0464932  0.0244988  -1.18475  
-0.00135116  0.00781972  -4.7161e-06  -0.000261219  0.0159487  -1.00885  
-0.00165157  0.00961589  0.000315406  -0.0445659  0.0238357  -1.04732  
-0.0022069  0.0084622  -0.00141846  -0.0573277  0.103068  -0.687006  
-0.00173074  0.00902934  0.00108602  -0.0479549  0.015022  -1.31995  
0.00583383  0.00822263  0.00072276  -0.0462132  0.202652  -1.30624  
0.00633179  0.00869214  -0.00116079  -0.115396  0.158545  -1.32169  
0.00566279  0.0083519  -0.000981342  -0.0841106  0.122905  -1.35053  
0.00638342  0.0075363  -0.000583782  -0.0317418  0.0909643  -1.24998  
0.00392266  0.00534121  -0.00108655  -0.0255616  0.0723235  -0.87758  
0.00250691  0.00565251  -0.00108655  -0.0290016  0.0475534  -1.07018  
0.0027512  0.00662259  -0.000728035  -0.00811827  0.0702587  -1.0549  
0.00122578  0.00662258  -0.000714383  -0.00632005  0.0484713  -0.966658  
0.00315938  0.00662259  -0.000724353  -0.0348851  0.075123  -1.11984  
0.00460275  0.00720234  -0.00108655  -0.0078561  0.0778327  -1.11962  
0.00743259  0.00662259  -0.00179489  -0.0133501  0.0965448  -0.986448  
0.0032979  0.00552615  -0.000644407  0.0243192  0.160853  -0.701124  
0.0033859  0.0059357  3.34989e-05  0.000620566  0.168382  -0.813893  
0.00343756  0.00686284  -0.000184897  -0.0104262  0.118216  -1.02432  
0.00355404  0.00606503  -0.000208004  -0.0279195  0.184541  -1.03327  
0.00398511  0.00526236  -9.51057e-05  0.0141729  0.188627  -0.899965  
0.0017181  0.00508372  0.00037604  -0.00441963  0.159992  -0.893309  
0.00273373  0.00611382  0.000434975  -0.025661  0.150837  -1.01078  
0.00152783  0.00704716  0.000530233  -0.0361196  0.159345  -1.00191  
0.00399087  0.00691438  0.000483205  -0.0479647  0.164064  -0.982327  
0.00230826  0.00655719  0.000290292  -0.0442168  0.130157  -0.948945  
0.00166112  0.00697785  -0.000559528  -0.0206531  0.0997879  -1.03095  
0.00309775  0.00932016  -7.66705e-05  -0.0317981  0.119571  -0.972946  
0.00295489  0.007009  -0.000344725  -0.047905  0.156735  -0.718833  
0.00282282  0.0069959  -0.00145472  -0.0958199  0.0583516  -0.852735  
0.00404534  0.0072291  -0.00164442  -0.109808  0.108003  -0.90973  
0.00333567  0.007919  -0.00190648  -0.0979292  0.0997073  -0.948631  
0.00374041  0.00780429  -0.00190648  -0.0946216  0.147654  -0.82844  
0.00200649  0.00558271  -0.000913479  -0.0439508  0.124613  -0.450845  
0.00454619  0.00678235  -0.00185131  -0.0543846  0.143855  -0.88525  
-0.000213607  0.00578076  -0.000635571  0.0290365  0.0630943  -0.946279  
0.0052427  0.00555819  -0.00118325  -0.012918  0.134465  -1.04941  
-0.000420869  0.0051617  -0.000827394  0.0286332  0.056587  -1.04924  
-0.00232817  0.00707479  -0.000329506  0.00296892  0.00635864  -1.08103  
-0.000715257  0.00885288  -0.000827394  -0.0438879  0.0349886  -0.901798  
-0.00381408  0.00638003  -0.00149404  -0.0131814  0.167836  -0.540863  
-0.00147457  0.00717995  -0.000392231  0.00541267  0.0801664  -0.724948  
0.00687704  0.00877959  -0.000771243  -0.011646  0.0681322  -0.975651  
0.000809352  0.00764654  0.000301328  0.0247626  -0.0173721  -1.03079  
-0.0082314  0.00490117  -0.000209939  0.0617034  -0.0135987  -0.778716  
-0.00454323  0.00730114  -0.000600953  -0.00772432  0.00434665  -0.876194  
-0.00318711  0.00594107  -0.000184636  0.0303495  0.0799773  -0.865826  
-0.000932264  0.0062241  0.00049319  0.017412  0.0426838  -0.868427  
-0.00274194  0.00478835  0.00136416  0.0901597  0.0311253  -0.769513  
-0.006903  0.00674864  0.0016653  0.0779825  -0.0218348  -0.90745  
-0.00283407  0.00936108  0.00119463  0.0392527  -0.0137707  -0.938421  
-0.000465013  0.0080362  4.21611e-05  -0.00446254  0.0648086  -0.959833  
-0.0042689  0.0095585  0.000714076  0.000373843  -0.0151267  -0.874638  
-0.00133227  0.0087004  0.000148036  -0.0438368  0.020181  -0.839036  
-0.00251279  0.00606691  -0.000967533  -0.0828549  0.029317  -1.05104  
0.000147352  0.00595187  -0.000166348  -0.0735725  0.00585861  -0.936152  
-0.00242049  0.00686726  0.000128777  -0.0287563  0.0430419  -0.830269  
0.000322743  0.00902183  -0.00126897  -0.147161  0.040222  -0.879098  
-0.00679905  0.00847226  -5.5228e-05  -0.000911183  -0.0187468  -0.914813  
-0.000218378  0.00730695  0.00382787  0.0265358  0.0611413  -0.789109  
0.00271372  0.00401696  0.000134233  -0.00947372  0.246941  -0.347172  
0.000881626  0.00790705  0.000134233  -0.089753  0.021217  -0.895999  
-0.00160976  0.0103674  0.000194206  -0.229705  0.0611618  -0.941016  
0.000828882  0.0113782  -0.000513251  -0.21465  0.00901479  -1.44667  
0.00388404  0.00871695  -0.00032847  -0.152668  -0.00334488  -1.5837  
-0.00194144  0.00992515  0.000449091  -0.124545  0.0194554  -1.47776  
0.000408714  0.0113709  -0.000330358  -0.211697  0.00749123  -1.12936  
0.00180969  0.00964347  0.000386303  -0.149083  0.0187013  -0.964063  
0.000494364  0.00865354  0.000865744  -0.134272  0.026681  -1.21168  
-0.00227058  0.0093405  0.0014639  -0.107892  0.0224742  -1.20757  
-0.00511412  0.00968065  0.00181904  -0.0946618  -0.0303882  -1.18291  
-0.00200647  0.00654657  0.000979301  -0.0701884  0.0576908  -0.836287  
-0.00330923  0.00648146  0.000999075  -0.0546852  -0.0250338  -1.03723  
-0.00423938  0.00581603  0.00112885  -0.0122356  0.053057  -0.960067  
-0.0024803  0.00643685  0.00207124  0.0123639  0.0555298  -0.760368  
-0.0033464  0.00457851  0.000212687  -0.0549313  0.117068  -0.707264  
-0.00441173  0.00347871  0.000404838  -0.0116247  0.0967345  -0.558914  
-0.00484781  0.00252246  -0.000388605  -0.0651482  0.076729  -0.53534  
-0.00224202  0.00428765  0.00015119  -0.0372539  0.06005  -0.863528  
0.000114502  0.00460783  -0.000148526  -0.0440552  0.135475  -0.940352  
-0.00179398  0.00602498  -0.000448328  -0.0282629  0.0957667  -0.907946  
-7.24068e-05  0.00397546  -3.04065e-06  -0.0453366  0.111496  -0.7217  
0.00313856  0.0031654  -3.72765e-05  -0.0189593  0.161092  -0.640126  
0.00289173  0.00268486  0.000460517  0.0294957  0.256974  -0.63889  
0.00887405  0.00350184  0.00010033  -0.0004396  0.238136  -0.703277  
0.00823542  0.00384294  -0.00034136  -0.0173018  0.189681  -0.992569  
0.00142927  0.00430291  0.000267568  0.0127805  0.129399  -0.819849  
0.000661913  0.00470942  0.00118335  0.0563212  0.081387  -0.711496  
0.00147835  0.00327826  0.00109023  0.0222675  0.181309  -0.703011  
0.00302662  0.00415505  0.00147184  -0.000754056  0.135696  -0.75038  
0.00276148  0.00498844  0.00141783  0.00542236  0.146617  -0.871603  
0.00290043  0.0027639  0.0021166  0.0243507  0.133832  -0.306164  
-3.66598e-05  -3.43172e-05  0.000119116  -0.0014273  0.00353399  0.00208871  
-0.00217233  -0.000112668  0.000924644  0.0196427  -0.108517  0.0939738  
0.000709557  0.000951902  -0.000160974  -0.0268971  0.0317698  -0.365251  
0.00250956  0.00117558  0.000370388  0.032526  0.1647  -0.469803  
0.000373655  0.00168013  0.000540155  0.0121236  0.143798  -0.666846  
0.000809198  0.00237438  0.000525613  0.0194631  0.142384  -0.800811  
0.00139908  0.00226389  0.000693842  -0.00185404  0.177763  -0.819063  
0.00473606  0.00317415  0.000823926  -0.0303162  0.203278  -0.872246  
0.00247905  0.00153615  0.00035304  -0.0171161  0.21094  -0.715023  
0.00334193  0.00341975  0.000944314  0.00256925  0.169802  -0.863458  
-0.000340774  0.00363443  0.000538172  0.012962  0.132499  -0.885282  
0.00199286  0.00481628  0.00105826  0.00158058  0.148203  -0.885967  
0.00539595  0.00559681  0.00125339  0.000998482  0.219793  -0.890948  
0.00651652  0.00463593  0.00125536  -0.00343621  0.241878  -0.915505  
0.0085122  0.00609098  0.00167416  -0.0255963  0.222747  -0.994484  
0.00860745  0.0058285  0.00252001  0.0198989  0.294964  -0.941134  
0.000651894  0.0044158  0.00267753  0.0455727  0.181108  -0.703016  
-0.000268046  0.00402298  0.0019821  0.00234991  0.205066  -0.855531  
-0.00273641  0.00586714  0.0036262  -0.00204543  0.189025  -0.75072  
0.00134607  0.00586714  0.00312106  -0.0011012  0.247147  -0.916327  
0.00535707  0.00537744  0.00126323  -0.0221014  0.25716  -1.04763  
0.00628919  0.00410828  7.92372e-05  0.000672482  0.253314  -0.916535  
0.00296469  0.00312606  0.00153824  0.0674054  0.224199  -0.898938  
0.0056093  0.00449703  0.00338897  0.0811549  0.267581  -0.745668  
0.00396559  0.00467696  0.00335627  0.0960695  0.213777  -0.707847  
0.00199674  0.00316153  0.00407066  0.149602  0.225976  -0.827548  
0.00515293  0.00537074  0.00344836  0.125116  0.199036  -0.948913  
-0.00301339  0.00712767  0.00351991  0.0493626  0.0809661  -0.912866  
-0.00682996  0.0101246  0.00121684  -0.0819387  0.076002  -0.919389  
0.00745363  0.00731333  0.00370363  -0.0696021  0.257609  -0.927244  
0.00365266  0.00198176  0.00128466  0.0578978  0.11971  -0.446231  
0.00183825  0.0017263  0.00146769  0.0646354  0.086494  -0.523329  
0.00348382  0.00244244  0.00194262  0.0757548  0.133185  -0.638217  
0.000771121  0.0028953  0.0026237  0.110999  0.14414  -0.56539  
-0.00100831  0.00256829  0.00136613  0.0426428  0.0711945  -0.541307  
-0.00101402  0.00220428  0.000423835  0.0460469  0.0630737  -0.720461  
0.0019576  0.00290568  0.00112072  0.0511086  0.0857743  -0.758009  
0.00468716  0.00360199  0.00112072  0.0479718  0.122123  -0.773761  
0.00440633  0.0025655  0.00066824  0.0286805  0.153918  -0.705503  
0.00410869  0.00233475  0.000721722  0.00996447  0.122418  -0.767099  
0.00253797  0.0037216  0.00106328  0.040816  0.144697  -0.742193  
0.00197535  0.00350848  0.00100702  0.0457367  0.131862  -0.729831  
0.00854663  0.00312238  0.00110648  0.0270458  0.230071  -0.688678  
0.00492819  0.00202172  0.000789363  0.0345176  0.20029  -0.636539  
0.00457537  0.00268786  0.00148969  0.081772  0.201264  -0.542994  
0.00566685  0.00191787  0.00127946  0.0610359  0.230047  -0.646228  
0.000754397  0.00161315  0.0033543  0.167769  0.300534  -0.259404  
-0.000993276  0.00172767  0.0030296  0.118545  0.058782  -0.526853  
-0.0015443  0.00499095  0.00211678  0.0428106  0.0798543  -0.709468  
0.00230079  0.00618336  0.0038316  0.0759498  0.167636  -0.532189  
0.000860237  0.00618926  0.00310981  0.0576249  0.0874996  -0.597376  
0.00150003  0.00298596  0.0028544  0.0966253  0.126705  -0.478274  
-0.0099922  0.00151325  0.00698021  0.136976  0.0234509  -0.440845  
-0.0173042  0.0104611  0.00572624  0.0270759  -0.134805  -0.643518  
-0.00558042  0.0100062  0.00289093  0.0483145  0.013254  -0.472059  
-0.006808  0.00621102  0.00214893  0.0810781  0.0301558  -0.166455  
-0.0065294  0.00536718  0.00385538  0.0630642  -0.0279438  -0.402508  
-0.008679  0.0039644  0.00164248  0.0388262  -0.0753365  -0.671704  
-0.00873645  0.00321393  0.00180165  0.0876909  -0.0323667  -0.364058  
-0.00474611  0.0031833  0.00251721  0.087882  0.0087605  -0.490761  
-0.000504456  0.00227318  0.00448502  0.105244  0.180431  -0.314044  
0.000447933  0.00291935  0.00400612  0.0606831  0.11878  -0.424858  
0.000369004  0.00291531  0.00285086  0.0264846  0.162209  -0.31911  
-0.00141416  0.0024958  0.00226089  -0.0344744  0.091129  -0.323061  
-0.00035841  0.00389094  0.000734159  -0.0365898  0.00414885  -0.457552  
5.11401e-06  0.00573008  0.00104416  -0.0630861  0.0559516  -0.521775  
0.00359028  0.00662128  0.000602686  -0.096576  0.0995661  -0.872407  
0.00356005  0.00527598  0.000268073  -0.0835839  0.160221  -0.673436  
0.00685243  0.00473678  0.000648345  -0.0837734  0.204149  -0.774707  
0.00559749  0.00484967  0.00116816  -0.0864176  0.154939  -0.734009  
0.0047522  0.00478608  0.00130813  -0.128009  0.138161  -0.706175  
0.00292444  0.00524639  0.00209147  -0.0660173  0.13165  -0.841379  
0.00436223  0.00524451  0.00209147  -0.0610968  0.196871  -0.677304  
0.00675444  0.00382318  0.0012671  -0.0395937  0.175498  -0.858696  
-0.000627222  0.00477585  0.00158387  -0.027924  0.09645  -0.795932  
-0.000930311  0.0028282  0.000123996  0.0888385  0.0950858  -0.553922  
-0.00123013  0.00178608  -2.19693e-05  0.151952  0.116848  -0.361202  
0.00207505  0.00240252  0.000902898  0.110727  0.148562  -0.255835  
0.000709986  0.000930289  0.00177219  0.0711056  0.0942776  0.0355074  
-0.000390729  7.00915e-05  0.00138073  0.0580392  0.0419317  -0.191758  
0.00413573  0.00118767  0.00170552  0.0715777  0.127669  -0.596927  
0.00319849  0.0034462  0.00243316  0.100719  0.193769  -0.531364  
0.00196837  0.00390951  0.00376637  0.144406  0.122314  -0.466486  
0.00551482  0.00212273  0.00214101  0.0578687  0.285695  -0.480607  
0.00108534  0.00259665  0.00283374  0.0658336  0.294415  -0.222977  
0.00102068  0.00278243  0.00269687  0.0457857  0.212061  -0.443155  
-0.00336289  0.00403033  0.00238695  0.0173558  0.103237  -0.645358  
0.00109727  0.00433305  0.00174732  -0.0226021  0.181692  -0.578726  
0.00405797  0.00316493  0.000126239  -0.00553761  0.245897  -0.642528  
-0.00653374  0.00362491  -7.38666e-05  -0.000382871  0.0998987  -0.948562  
0.00156875  0.00559719  -0.00161964  -0.0320078  0.112833  -0.805659  
0.00570924  0.00404332  -0.000411651  -0.0389959  0.267248  -0.664165  
0.00263756  0.00516806  0.00223014  -0.007642  0.117695  -0.804326  
0.00879214  0.00252344  0.00179709  0.0245747  0.205406  -0.821092  
0.00210995  0.00409777  0.00270284  0.0423797  0.0907807  -0.767366  
-0.000202814  0.0053911  0.003408  0.0326126  0.141988  -0.758672  
0.00148719  0.00462807  0.00275115  0.00662783  0.131344  -0.597652  
0.0103142  0.00138309  0.00132715  0.0257055  0.218688  -0.897728  
0.0119646  0.0015638  0.00164955  0.0234128  0.320536  -0.835958  
0.00988636  0.00180354  0.00252604  0.0280833  0.350744  -0.701776  
0.00720027  0.00241693  0.00323904  0.0413039  0.357311  -0.563156  
0.00156016  0.00248594  0.00313989  0.018564  0.198201  -0.717676  
0.00319285  0.00317584  0.00456225  0.0206071  0.24611  -0.431704  
0.00637005  0.0029402  0.00291242  0.017888  0.232891  -0.679233  
0.00562367  0.00293152  0.00391804  0.0254403  0.252368  -0.390326  
0.00535547  0.00325541  0.00273132  -0.0251153  0.188991  -0.544989  
0.00469632  0.00527788  0.00172605  -0.0205965  0.240806  -0.765723  
0.00242916  0.00750069  0.00356979  0.0219328  0.240402  -0.710449  
0.0053244  0.00578002  0.00418155  0.0380184  0.311456  -0.661899  
0.00738463  0.00637271  0.00424633  0.0359771  0.347139  -0.666704  
0.00600092  0.00627157  0.00424632  0.0314654  0.277143  -0.679313  
-0.00851431  0.00489591  0.00381575  0.079715  0.0689826  -0.692099  
-0.00182522  0.00397938  0.00417294  0.0729388  0.20979  -0.595526  
0.00413878  0.00464591  0.00409973  0.0819216  0.266165  -0.628889  
0.00360278  0.00420543  0.00444931  0.0948247  0.38675  -0.426475  
0.0033442  0.00406018  0.0037744  0.0604472  0.334006  -0.515173  
0.00217792  0.00408678  0.00251761  0.0476273  0.284043  -0.540966  
0.00654898  0.00517557  0.0023205  0.0409998  0.360748  -0.704943  
0.00244301  0.00546789  0.00349697  0.104945  0.223982  -0.592631  
0.00083115  0.0048716  0.00300179  0.0644931  0.279783  -0.617516  
0.00426803  0.00594529  0.0033733  0.0623446  0.234735  -0.634701  
0.00407452  0.00632652  0.00312291  0.0183419  0.309159  -0.622928  
0.000504829  0.00486005  0.00323694  0.0635504  0.202711  -0.557207  
-0.00493002  0.00562336  0.00283299  0.0565838  0.176551  -0.589176  
-0.00421255  0.00721633  0.00356382  0.0361953  0.20534  -0.64551  
0.000897819  0.00572913  0.00285601  0.0314914  0.272596  -0.688008  
-0.000463283  0.00500975  0.002161  0.00339158  0.263787  -0.688774  
0.00193915  0.0056822  0.00267835  0.0134931  0.270972  -0.783399  
0.00281379  0.0050676  0.0032598  0.0108535  0.296968  -0.467145  
0.00507583  0.00497386  0.00301108  -0.00412628  0.315211  -0.685734  
0.00485394  0.00611685  0.0032598  0.0114668  0.265392  -0.735595  
0.00386292  0.00505496  0.00273634  0.0106739  0.261133  -0.736059  
0.00235044  0.00421796  0.00256525  -0.00075095  0.299911  -0.657464  
0.00449876  0.00517294  0.00226209  -0.0118226  0.260706  -0.740917  
0.00182244  0.00570682  0.00333306  0.042956  0.279982  -0.695941  
0.00624451  0.0068359  0.00412231  0.046775  0.308925  -0.666312  
0.00735488  0.0100655  0.00210816  -0.107863  0.299198  -0.730451  
0.00321018  0.00890254  0.00137414  -0.0555012  0.241448  -0.606468  
0.00190371  0.00712431  0.00209166  -0.0203524  0.193248  -0.648368  
-0.00114967  0.00558864  0.00222903  -0.00518584  0.180133  -0.441158  
0.00022913  0.00416712  0.00250127  0.0421631  0.33015  -0.294353  
0.00281757  0.00501574  0.0021614  0.0379707  0.284848  -0.437899  
0.00279677  0.00627314  0.00274037  0.0430545  0.255372  -0.514339  
0.000757652  0.00746563  0.00143334  -0.00340766  0.239333  -0.58296  
0.00338463  0.00623677  0.00313645  0.04158  0.15996  -0.521721  
-0.00877558  0.0045984  0.00362988  0.11825  0.0790225  -0.55452  
0.00194761  0.00754224  0.00271235  -0.0115181  0.208862  -0.693577  
-0.00100387  0.00651411  0.00332564  0.0239855  0.190343  -0.623057  
0.00125727  0.00691614  0.00357291  0.0188956  0.129076  -0.969736  
0.00166327  0.00989562  0.00369777  -0.0048787  0.339141  -0.919765  
0.00474995  0.0120339  0.0046089  0.171187  0.0684497  -1.08453  
0.00185282  0.00726043  0.00363367  0.127334  0.235125  -0.787822  
0.000871427  0.00592587  0.00364498  0.126567  0.191461  -0.701949  
0.0031583  0.00565292  0.00381218  0.110388  0.239738  -0.729587  
0.00265765  0.00618441  0.00356183  0.0994624  0.225427  -0.747933  
-0.00486447  0.00963395  0.00544247  0.0675392  0.130736  -0.888992  
-0.00769751  0.0118284  0.00327177  -0.0660697  0.130724  -0.861963  
0.00180707  0.00300419  -0.00196883  0.00853641  0.230179  -0.962888  
0.00345477  0.00424534  0.000244452  0.0610725  0.163412  -1.02791  
-0.00535796  0.00543765  0.00368041  0.121093  0.188329  -0.572174  
-0.00182932  0.00318772  0.00232215  0.0845764  0.219761  -0.66841  
0.000527786  0.00535096  0.00250673  0.0860007  0.191442  -0.81924  
0.00565594  0.00488028  0.00217566  -0.0517509  0.286184  -1.13707  
0.00664715  0.00497288  0.00347028  -0.00691355  0.258642  -0.844885  
0.00487112  0.00505774  0.00371667  0.0343337  0.232639  -0.702009  
-0.0145724  0.00423424  0.00393033  0.0633084  -0.00967387  -0.641564  
-0.0116081  0.00514609  0.00383908  0.0223538  0.0547474  -0.747217  
-0.00654991  0.00510394  0.00213118  -0.0177709  0.17186  -0.778916  
-0.0040369  0.00444397  0.00180258  -0.0327161  0.136651  -0.906492  
-0.00535978  0.00247935  0.00054429  0.0342322  0.367567  -0.41569  
-0.0053176  0.00283838  0.00295632  0.0879059  0.350588  -0.45053  
-0.00444671  0.00437597  0.0038117  0.082265  0.221677  -0.821325  
-0.00599641  0.00458428  0.00298544  0.0391098  0.243218  -0.9463  
-0.00825466  0.0060019  0.00345585  0.0338124  0.179674  -0.870156  
-0.00271094  0.00536217  0.00272244  0.0271804  0.209871  -0.882974  
-0.00751014  0.00590519  0.00342415  0.0573552  0.151025  -0.789569  
-0.00223639  0.00559286  0.00334957  0.0684328  0.169196  -0.810868  
-0.00406301  0.00528489  0.00334744  0.0624342  0.0829004  -0.918254  
-0.00715742  0.00333406  0.00279022  0.042809  0.113717  -0.730103  
-0.00729169  0.00362826  0.00346332  0.0662883  0.14633  -0.807519  
-0.0071768  0.00293014  0.00256921  0.0529595  0.167637  -0.477159  
-0.00518765  0.0055624  0.0021474  -0.0673675  0.10254  -0.903061  
-0.00635869  0.00946079  0.00246864  -0.0553276  0.155078  -0.967699  
-0.00674236  0.00629934  0.0030981  0.00191307  0.209543  -0.721444  
-0.00407552  0.00619113  0.00367421  0.0172187  0.160878  -0.928375  
-0.00465201  0.0063149  0.00370675  0.0242641  0.168641  -0.896376  
-0.00304694  0.00410788  0.00348416  0.010282  0.231169  -0.529937  
0.000586269  0.00379914  0.00337048  0.0514789  0.190407  -0.745736  
0.0014337  0.00517664  0.00349728  0.0036981  0.266568  -0.777937  
0.00149239  0.00606129  0.00412751  0.0139183  0.23496  -0.936565  
0.0030909  0.00626327  0.0057861  0.0556696  0.253458  -0.887856  
-0.00272829  0.00764575  0.00699778  0.131274  0.19123  -0.528963  
-0.00268823  0.00552039  0.00343921  0.0819204  0.378179  -0.439679  
0.00476533  0.00576322  0.00301074  0.0632521  0.308142  -0.877668  
0.00633273  0.00743969  0.004078  0.0888861  0.353747  -0.918616  
0.00483632  0.00531059  0.00386301  0.0475421  0.351024  -0.890537  
0.00525462  0.00584091  0.00386941  0.0316738  0.313682  -0.937467  
0.00485924  0.00706023  0.00402119  0.0528464  0.304697  -0.902112  
-0.00341903  0.00681766  0.00545536  0.13585  0.20309  -0.712004  
-0.00194007  0.00676732  0.00541658  0.133319  0.267341  -0.503811  
0.00087581  0.00643344  0.00450981  0.135154  0.331259  -0.378745  
-0.000545052  0.00522574  0.00362796  0.0708869  0.27289  -0.549276  
-0.00161897  0.00528936  0.0031014  0.0530723  0.16622  -0.781093  
-0.00120647  0.00608876  0.00469168  0.0557727  0.178107  -0.863226  
0.00255749  0.00668759  0.00407777  0.0792275  0.256763  -0.874635  
-0.000687871  0.00731998  0.00466164  0.0987559  0.165605  -0.801614  
-0.00108432  0.00604102  0.00446426  0.0791238  0.284687  -0.566612  
-0.00496755  0.00585988  0.00501569  0.0790934  0.204169  -0.690374  
-0.000842107  0.00739384  0.00501569  0.0797515  0.183392  -0.640465  
-0.000263596  0.00455681  0.00290374  -0.0146339  0.190748  -0.45468  
0.00150045  0.00517938  0.001815  0.0333286  0.235452  -0.805025  
-0.00304458  0.00593611  0.00281852  0.0306131  0.212041  -0.853653  
0.00410515  0.00686628  0.00304808  0.0124916  0.277379  -1.02309  
0.00360588  0.00609572  0.00285114  0.0199239  0.192632  -0.903267  
0.00169043  0.0062886  0.00406306  0.0293692  0.21498  -0.754299  
-0.000436779  0.00789294  0.00320903  0.00752926  0.233864  -0.819868  
0.00294583  0.00858199  0.00357379  0.0127757  0.240813  -0.906875  
-0.00162536  0.00919693  0.00410079  0.0540175  0.170633  -0.9533  
-0.00365466  0.00958384  0.00383774  0.0592507  0.124121  -1.02456  
-0.00201655  0.00982087  0.00214603  0.00970497  0.246682  -0.70739  
-0.00634232  0.00806218  0.000144792  -0.0704388  0.222815  -0.541792  
-0.0038655  0.00706442  0.00132801  -0.0354283  0.19435  -0.66759  
-0.010644  0.00617928  -0.000716626  -0.147942  -0.0325825  -0.992536  
0.00148447  0.00445648  0.000533142  -0.114618  0.176433  -0.96262  
0.000942485  0.00483157  0.00127707  -0.115251  0.135478  -0.87814  
0.00159001  0.00630735  0.00106398  -0.124559  0.144201  -1.04068  
0.00239559  0.00703  0.00239001  -0.105575  0.225384  -0.878667  
0.00105245  0.00593709  0.00133679  -0.123591  0.179279  -0.68422  
0.00479851  0.00728031  0.000774911  -0.125568  0.179786  -0.901092  
-0.000913131  0.00655508  0.0024675  -0.017028  0.212102  -0.714731  
-0.00647797  0.00368373  0.00449738  0.118215  0.100822  -0.650877  
-0.000859703  0.0050973  -0.000998537  0.0190324  0.226131  -0.644702  
0.00106516  0.00916328  0.000759123  -0.0408224  0.225439  -0.872046  
0.00283437  0.00792686  -0.000882937  -0.114373  0.234862  -0.840318  
-0.00468503  0.00448397  0.000824293  -0.0560872  0.137529  -0.866635  
-0.00387182  0.00833892  0.00242041  -0.0624066  0.181506  -0.732205  
0.0024187  0.00833892  0.00284527  -0.0664938  0.349906  -0.775816  
0.00205031  0.00941472  0.0024777  -0.0886562  0.27948  -0.792022  
0.000506364  0.0106011  0.00291017  -0.0702313  0.164412  -0.728729  
0.00183286  0.00649744  0.000680387  -0.0817677  0.322849  -0.438754  
0.00239287  0.00674397  0.00176333  -0.0495583  0.267921  -0.434532  
0.00274405  0.00616051  0.00186653  -0.126088  0.323887  -0.425883  
0.00480175  0.00846639  0.00322451  -0.0698458  0.28287  -0.619995  
0.00858172  0.00624758  0.00176333  -0.0479826  0.464932  -0.533646  
0.0123896  0.00645604  0.00176333  -0.0688431  0.434764  -0.567562  
0.000466012  0.00620757  0.00238252  -0.0232449  0.246023  -0.513556  
-0.00350164  0.00807407  0.00325685  -0.0101872  0.241055  -0.599488  
0.00964435  0.00901498  -0.000117104  -0.146805  0.322443  -0.815729  
0.0100857  0.00799917  0.000765184  -0.131039  0.274282  -1.01182  
0.00895527  0.00835292  0.00111617  -0.129811  0.30897  -0.914208  
0.0107762  0.00835293  0.000924172  -0.107808  0.273813  -0.952309  
0.0091847  0.00873794  0.00177338  -0.0773809  0.290804  -0.906851  
0.00212378  0.00623066  0.00299046  0.052374  0.137343  -0.918182  
0.00469926  0.00808405  0.000712595  -0.0408463  0.233364  -0.889196  
0.00675993  0.00868203  0.00119964  -0.0448775  0.189873  -1.09354  
0.00576179  0.00946237  0.00235944  -0.0450317  0.17645  -0.997779  
0.00500591  0.0117124  0.00294896  -0.0939604  0.236737  -0.787312  
0.00983153  0.0102801  0.0023812  -0.093382  0.251854  -0.864385  
0.0102402  0.0096952  0.00221091  -0.0809021  0.291351  -0.861085  
0.00890945  0.0117131  0.00307974  -0.0494971  0.213994  -0.807528  
0.00469184  0.0110266  0.00345904  -0.021348  0.173394  -0.717335  
0.00767508  0.0106921  0.00293472  -0.0427586  0.228428  -0.844814  
0.00992241  0.0088734  0.000946518  -0.0850945  0.336302  -0.812395  
0.00877996  0.00857535  0.00186789  -0.0624354  0.253405  -0.710154  
0.00827172  0.00644254  0.00146401  -0.0849163  0.282038  -0.624669  
0.0120832  0.00762189  0.00275838  -0.0561122  0.271601  -0.951903  
0.0156509  0.00821608  0.00266111  -0.0555978  0.337022  -0.966692  
0.0128974  0.00838087  0.00267116  -0.0555044  0.387762  -0.966597  
0.0104127  0.00966976  0.00328881  -0.0260837  0.289993  -0.98952  
0.0105004  0.00972246  0.00448025  0.00585252  0.312481  -0.862471  
0.00860696  0.0104457  0.00448025  -0.038297  0.32929  -0.891851  
0.0095817  0.0102996  0.00400651  -0.0386205  0.372457  -0.913921  
0.0095817  0.010331  0.00344516  -0.0317139  0.340096  -0.892211  
0.00789623  0.00986482  0.00433695  0.0174887  0.349786  -0.759626  
0.00806183  0.00920875  0.00435318  -0.0182616  0.338516  -0.846889  
0.00538484  0.00990552  0.00467858  -0.0176795  0.276611  -0.839347  
0.00666757  0.00902689  0.00373254  -0.0307773  0.352764  -0.836775  
0.00720981  0.0109525  0.00506463  0.0141287  0.340999  -0.713577  
0.00821705  0.0108312  0.00444682  -0.00211849  0.378149  -0.933712  
0.0106136  0.00996777  0.00250864  -0.0515193  0.279483  -0.910959  
0.00895069  0.00979307  0.0025293  -0.0515716  0.250122  -0.842836  
0.00850212  0.00956161  0.00358111  -0.0582384  0.359512  -0.720678  
0.00804878  0.00894198  0.00258251  -0.0477874  0.339606  -0.827674  
0.00623016  0.0109199  0.00314152  -0.0150046  0.309353  -0.634096  
0.0084308  0.0116462  0.00324498  -0.0367888  0.264642  -0.724697  
0.00181073  0.0111317  0.00269682  -0.0159953  0.214418  -0.729819  
0.00186495  0.012312  0.00338256  -0.0357703  0.244891  -0.741419  
0.0031275  0.00939197  0.00399721  -0.0580163  0.298763  -0.774926  
0.00668487  0.0101864  0.00440064  -0.01968  0.376891  -0.787961  
-0.00906715  0.0123521  0.00614802  0.0192898  0.132273  -0.843052  
0.00213931  0.0105826  0.00351771  -0.0144374  0.287804  -0.757015  
0.00160515  0.0102996  0.0047365  -0.027892  0.252423  -0.807833  
0.00224724  0.0123201  0.00411393  -0.0746103  0.28082  -0.82047  
0.00190147  0.0132519  0.00388662  -0.0744526  0.200039  -0.94884  
0.00278165  0.0180408  0.00256542  -0.112461  0.29029  -0.930478  
0.00816633  0.0126563  0.00118532  -0.0776919  0.340608  -1.09921  
0.00938994  0.0109754  0.00411442  0.0227233  0.418041  -0.990408  
0.00853192  0.0116374  0.00482331  -0.0216874  0.333085  -1.20759  
0.00687845  0.0117172  0.00437331  -0.0150168  0.309614  -1.07465  
-0.00453946  0.0115432  0.00437331  0.0193776  0.190708  -0.734463  
-0.00228861  0.0102102  0.00437331  0.024975  0.347315  -0.395614  
0.00359269  0.0115377  0.00514824  0.000304122  0.296091  -0.560595  
0.00366086  0.0117503  0.00446822  -0.0133899  0.342095  -0.670633  
0.00563037  0.0109338  0.00343749  -0.00333931  0.332257  -0.831069  
-0.00146322  0.0115979  0.00426295  0.0287921  0.244223  -0.617617  
0.00853234  0.0115979  0.00379145  -0.0396103  0.354289  -0.95559  
0.00219538  0.0112604  0.00410887  -0.00390386  0.28562  -0.59278  
-0.00241177  0.0129918  0.00513396  -0.005883  0.274144  -0.518779  
-0.00226346  0.0103106  0.00338356  -0.0464673  0.262946  -0.466818  
-0.00851844  0.0139784  0.00546775  -0.00968195  0.122222  -0.637023  
-0.00488628  0.0126698  0.00504416  -0.00743431  0.284079  -0.606718  
-0.00166493  0.0127767  0.00422447  -0.0362769  0.245776  -0.733397  
0.000675674  0.0117886  0.00442811  0.0106238  0.272661  -0.731972  
-0.00134474  0.0121204  0.00474284  0.025512  0.176276  -0.787085  
-0.00359598  0.0119884  0.00429582  0.0288066  0.263245  -0.799087  
0.00941631  0.0117463  0.00319518  -0.109878  0.458402  -1.15717  
0.0175251  0.0109183  0.0069199  -0.00894911  0.55559  -1.12299  
0.0132193  0.0108061  0.00531195  -0.0583985  0.448525  -0.975691  
0.0132823  0.0128331  0.00436612  -0.0448343  0.406561  -1.0622  
0.0100059  0.0131588  0.00332042  -0.0104861  0.368071  -1.03289  
0.0109895  0.0115773  0.00267124  -0.00367407  0.402363  -0.870973  
0.00908102  0.0109882  0.00356097  -0.013673  0.37034  -0.997013  
0.00699824  0.0141038  0.00361031  -0.0930229  0.404986  -1.0613  
0.00927257  0.0133688  0.00315597  -0.0953027  0.388335  -1.1534  
0.00364674  0.0136551  0.00363187  -0.0959772  0.323406  -0.981283  
0.00378203  0.0127671  0.00424299  -0.0963981  0.348447  -1.06336  
0.0056227  0.0119274  0.0037459  -0.111509  0.439667  -0.931651  
0.00900344  0.012154  0.00415848  -0.101634  0.371027  -1.12347  
0.0107984  0.012664  0.00456632  -0.0682675  0.407901  -1.0985  
0.00841024  0.0127233  0.00402836  -0.0981861  0.404585  -1.01536  
0.00847833  0.0125792  0.00429688  -0.0862833  0.348974  -1.04441  
0.0102103  0.0119993  0.00429688  -0.0973481  0.414952  -1.10505  
0.0110442  0.0120497  0.00458685  -0.0816937  0.376954  -1.01068  
0.00604127  0.0081493  0.00484641  -0.0104225  0.336082  -0.598433  
0.00426829  0.00591128  0.00355527  -0.0298708  0.267948  -0.594386  
0.00506521  0.0068363  0.0053092  0.0112524  0.299115  -0.578422  
0.00548739  0.00687239  0.00494507  0.0111163  0.285326  -0.701176  
-0.00094212  0.00679035  0.00303106  0.0295782  0.420187  -0.613745  
0.0031641  0.00830624  0.00445013  0.00194139  0.464805  -0.664491  
0.0064452  0.00885748  0.00394313  -0.0350238  0.379023  -0.797002  
0.00608559  0.00956673  0.00439822  -0.0200996  0.396325  -0.723662  
0.00516549  0.00703754  0.00206115  -0.00321465  0.421788  -0.877472  
0.00533723  0.00952853  0.00278798  0.014825  0.393473  -0.665994  
0.0131381  0.0121279  0.00297088  -0.0020799  0.754256  -0.583646  
0.0114808  0.0105287  0.000336745  -0.073793  0.558567  -0.625441  
0.00796173  0.0102205  0.00286482  -0.00345238  0.602286  -0.689288  
0.0128064  0.0122802  0.00383299  0.00108296  0.565558  -0.826977  
0.0169885  0.00996725  0.00283595  -0.0178952  0.480547  -1.0946  
0.0155969  0.00837219  0.00298432  0.0514762  0.535104  -0.919087  
0.00734961  0.00494824  0.00298432  0.0782327  0.560622  -0.446055  
0.00662034  0.0037979  0.00379565  0.103445  0.51364  -0.293289  
0.00482475  0.00535451  0.00440083  0.0832978  0.486507  -0.549384  
0.0171965  0.00457301  0.000930687  0.024855  0.900161  -0.371969  
0.0131744  0.0062568  0.0028051  0.0509608  0.629488  -0.591355  
0.0114592  0.00703745  0.00366053  0.0950694  0.610158  -0.539931  
0.0224361  0.00693948  0.00235764  0.0249906  0.63231  -0.746884  
0.020755  0.00762409  0.00353637  0.0318212  0.628602  -0.717049  
0.0160698  0.00819217  0.00381461  0.0340048  0.644486  -0.749685  
0.0113063  0.00909757  0.00433389  0.0298011  0.434064  -0.638794  
0.00334581  0.0107178  0.00692079  0.15924  0.466  -0.605087  
0.0080279  0.0121552  0.00490144  0.115466  0.451343  -0.575749  
0.00696483  0.0123316  0.00136051  -0.112119  0.34759  -0.606485  
0.0101738  0.0101203  0.00261657  -0.119763  0.423071  -0.628717  
0.00776965  0.0112368  0.00352721  -0.0848072  0.338745  -0.680895  
0.00641383  0.00827129  0.00332047  -0.0231904  0.422156  -0.550273  
0.00624584  0.00887382  0.00464633  -0.0436925  0.448155  -0.554239  
0.0101278  0.00928598  0.00464633  -0.0524585  0.455799  -0.699687  
0.00888605  0.00807981  0.00423055  -0.0694715  0.509277  -0.548853  
0.00900935  0.00760801  0.00385318  -0.0595097  0.456261  -0.640818  
0.0109168  0.00806421  0.00416513  -0.0319084  0.532352  -0.665797  
0.00929087  0.00737546  0.00448014  0.00130491  0.467016  -0.580719  
0.0105047  0.00812996  0.00416513  -0.0545803  0.531122  -0.661762  
0.0117982  0.00861336  0.00477186  -0.0462917  0.557501  -0.62241  
0.0115868  0.00829889  0.00497345  -0.0233931  0.491809  -0.774211  
0.00867455  0.00811863  0.00416513  0.00563093  0.436758  -0.688383  
0.00934917  0.00787186  0.00454872  0.0168333  0.376509  -0.598626  
0.00941046  0.00795419  0.0050202  -0.0128453  0.518091  -0.667799  
0.0127488  0.0109569  0.0069123  -0.087662  0.507179  -0.638449  
0.0154222  0.0113315  0.00451634  -0.111615  0.500753  -0.783733  
0.0116814  0.0105359  0.00500442  -0.0771584  0.448003  -0.66071  
0.00577586  0.0096628  0.00461745  -0.0127532  0.465932  -0.521402  
0.0104775  0.0113454  0.00540199  -0.0120829  0.440389  -0.640535  
0.0105687  0.0110897  0.00515954  -0.0954903  0.508562  -0.643116  
0.0109634  0.0104374  0.00457193  -0.063075  0.454897  -0.665902  
0.00961377  0.0093762  0.00394868  -0.0546662  0.439182  -0.515032  
0.010303  0.00966865  0.00343166  -0.0542625  0.442804  -0.666126  
0.0107059  0.0116551  0.00299657  -0.0399916  0.373197  -0.821776  
0.00276811  0.011658  0.00436608  0.0108327  0.288105  -0.665586  
0.0105931  0.0105208  0.0027346  0.053977  0.427854  -0.591477  
0.0050853  0.0108495  0.0031668  0.0561495  0.326894  -0.445039  
-0.00457396  0.0129557  0.0042626  0.0894018  0.208682  -0.37602  
0.0103653  0.0114066  0.00110503  -0.0710007  0.450085  -0.604974  
0.0179949  0.00953687  0.000277359  -0.0893663  0.4732  -0.835459  
0.00595198  0.00875781  0.00287293  -0.0192295  0.345879  -0.681636  
0.00682857  0.00971802  0.00354217  -0.020421  0.441589  -0.625112  
0.00957478  0.00994805  0.00326546  -0.0163079  0.398559  -0.636531  
0.00947336  0.00899919  0.00416892  0.0574165  0.456912  -0.544438  
0.0103959  0.00677031  0.00476246  0.0464676  0.47984  -0.42251  
0.0135711  0.00886663  0.00466565  0.0234127  0.511753  -0.470193  
0.0164474  0.00951191  0.00224814  -0.0625  0.512093  -0.514506  
0.0214485  0.0110426  0.00258724  -0.0611761  0.411834  -0.951539  
0.0180797  0.0106552  0.00264757  -0.0612982  0.510999  -0.896989  
0.0192244  0.0114522  0.00193277  -0.0391194  0.444777  -0.874374  
0.0203887  0.0143331  0.00156699  -0.0300826  0.514757  -0.942146  
0.0131375  0.0118536  0.00271368  0.00392655  0.549074  -0.452239  
0.0120816  0.0107593  0.00313862  0.0177942  0.497713  -0.362716  
0.0128335  0.0111033  0.00286962  0.0261352  0.482919  -0.46249  
0.000373645  0.0110874  0.00476405  0.070972  0.331781  -0.417723  
0.010403  0.0110874  0.00406796  -0.033093  0.443878  -0.494954  
0.0142461  0.0110871  0.00446781  -0.0626925  0.407756  -0.651423  
0.0150253  0.0112275  0.00485241  -0.0594664  0.449386  -0.649603  
0.0159194  0.0114267  0.00524139  -0.0203379  0.513303  -0.757636  
0.022261  0.00934072  0.00317208  -0.0197112  0.604812  -0.841529  
0.0120613  0.00860704  0.00371919  0.0161485  0.464936  -0.580994  
0.0189197  0.00879128  0.00335269  -0.00194091  0.489814  -0.698775  
0.01778  0.00925775  0.00391096  0.00571116  0.546488  -0.717739  
0.0118631  0.00952351  0.00480177  0.00398759  0.424002  -0.724025  
0.0118752  0.0110869  0.00427314  -0.0236266  0.446073  -0.774983  
0.0165597  0.0116214  0.00480177  0.000396189  0.499285  -0.792594  
0.0173444  0.0116214  0.00480177  -0.0231512  0.538455  -0.782701  
0.0199219  0.00783783  0.00136598  -0.010225  0.368349  -1.37389  
0.017902  0.00751966  0.00430891  -0.0448666  0.398116  -1.59709  
0.0102434  0.00678123  0.00282238  -0.0140751  0.335866  -1.37679  
0.00539621  0.00412586  0.00658467  0.0100673  0.312793  -1.61089  
0.00589765  0.00684336  0.00634806  0.0085451  0.334879  -1.26712  
0.0080705  0.00902276  0.00525456  -0.0135132  0.361754  -1.2172  
