-0.00266908  -0.0454269  -0.0424836  0.44715  0.10268  -0.960798  
-0.00176383  -0.0458771  -0.0429718  0.475725  -0.0107586  -1.24849  
-0.000404126  -0.0421707  -0.0406155  0.421211  0.27573  -0.72291  
0.00216434  -0.0408363  -0.0393739  0.392318  0.349135  -0.364647  
-0.00475359  -0.0426  -0.0387769  0.439395  0.163857  -0.519419  
-0.0111597  -0.0434901  -0.0411774  0.37461  0.0129276  -0.81711  
-0.00477858  -0.0419815  -0.0422099  0.322988  0.212572  -0.801324  
0.00557865  -0.0410799  -0.0420061  0.300384  0.387379  -0.823615  
0.00310586  -0.0401215  -0.0393335  0.312577  0.291113  -0.488428  
-0.000831753  -0.0405708  -0.0411057  0.293912  0.107366  -0.586212  
-0.00645592  -0.0409029  -0.0396387  0.297154  0.121711  -0.498275  
-0.000237736  -0.0395338  -0.0403612  0.261005  0.227619  -0.587712  
-0.00457524  -0.0379053  -0.0388266  0.229244  0.0608017  -0.572118  
-0.000968685  -0.0370652  -0.0368258  0.177356  0.240887  -0.306338  
-0.0047504  -0.0394472  -0.0384984  0.228517  0.0114226  -0.358019  
-0.00692011  -0.0401301  -0.0386416  0.227496  -0.057382  -0.574393  
-0.00567416  -0.0380643  -0.0347984  0.194259  -0.0293492  -0.47204  
-0.00465975  -0.0375325  -0.0352511  0.215352  0.00161005  -0.43586  
-0.00247555  -0.0372934  -0.0362815  0.188625  0.108986  -0.451676  
-0.00421774  -0.0381835  -0.0364165  0.232761  0.0528543  -0.426846  
-0.00591169  -0.0396  -0.0364844  0.257997  -0.040048  -0.375109  
-0.00550057  -0.0396914  -0.0379288  0.24703  -0.0622603  -0.412412  
-0.0120471  -0.04129  -0.0393752  0.254052  -0.12926  -0.367478  
-0.00565774  -0.0401762  -0.0386529  0.221743  0.0010875  -0.404433  
-0.000144119  -0.0395366  -0.0383504  0.250434  0.0767419  -0.545937  
-0.00327265  -0.0391844  -0.0377605  0.26408  0.0102448  -0.391864  
-0.00288965  -0.0381732  -0.0376243  0.238295  0.0142071  -0.415047  
-0.00776386  -0.0391234  -0.0376427  0.205609  -0.0624217  -0.494226  
-0.00641506  -0.0385658  -0.0360178  0.205963  0.0154028  -0.38523  
-0.00683473  -0.0384696  -0.0362902  0.170513  -0.0101219  -0.335671  
-0.0136651  -0.0386516  -0.0355934  0.170607  -0.0740503  -0.318954  
-0.0119881  -0.0385511  -0.0373062  0.18035  -0.115709  -0.425811  
-0.012759  -0.0355563  -0.0366475  0.0823306  -0.126486  -0.448523  
-0.00580378  -0.0374782  -0.0381794  0.169958  -0.163338  -0.323511  
-0.00924642  -0.0369925  -0.0398503  0.209611  -0.174581  -0.503754  
-0.00564298  -0.0375383  -0.0398306  0.213939  -0.12974  -0.475966  
-0.00312771  -0.0368949  -0.0382587  0.193376  -0.0554698  -0.575803  
-0.0130143  -0.036081  -0.0392922  0.0684118  -0.279186  -0.502287  
-0.0121843  -0.0376799  -0.0399772  0.113522  -0.168987  -0.414257  
-0.0068557  -0.0377422  -0.0396677  0.123525  -0.102434  -0.589401  
-0.00721699  -0.0364454  -0.0391062  0.117211  -0.135573  -0.561982  
-0.00574801  -0.034151  -0.0385115  0.0745852  -0.112289  -0.395806  
-0.00693909  -0.0338725  -0.0393697  0.0628865  -0.213533  -0.319799  
-0.00873836  -0.0335671  -0.0387521  0.0539195  -0.249057  -0.377891  
-0.0136443  -0.0352315  -0.0378191  0.107698  -0.175961  -0.374564  
-0.00805555  -0.03552  -0.0362015  0.130272  -0.1278  -0.365283  
-0.00299  -0.0337044  -0.0375534  0.0582621  -0.0762724  -0.494566  
-0.00887487  -0.034802  -0.0387076  0.0652571  -0.222177  -0.460338  
-0.00426159  -0.0370413  -0.0399899  0.115835  -0.0836725  -0.429613  
-0.000854078  -0.0354761  -0.0390448  0.0580094  -0.106448  -0.477179  
-0.00546149  -0.0358215  -0.0390448  0.0504432  -0.139276  -0.314305  
-0.0116141  -0.0364878  -0.0402893  0.0407249  -0.217134  -0.186639  
-0.0136856  -0.0364534  -0.0402893  0.0742506  -0.238495  -0.126936  
-0.00813755  -0.0358204  -0.0412377  0.0315473  -0.0966726  -0.0943703  
-0.0122466  -0.0366311  -0.0412377  0.041891  -0.297742  -0.0450359  
-0.00982787  -0.0358613  -0.0416391  0.0214714  -0.191658  -0.10966  
-0.00902198  -0.0359585  -0.041579  0.041845  -0.250646  -0.0692954  
-0.00961703  -0.0363743  -0.0413919  0.0413342  -0.171073  -0.0399772  
-0.0163481  -0.0381521  -0.0408087  0.0703289  -0.305639  -0.014935  
-0.020364  -0.0383522  -0.0421426  0.0248862  -0.242208  -0.0337631  
-0.0152902  -0.0402616  -0.042615  0.0240013  -0.129207  -0.19814  
-0.0186607  -0.0389874  -0.0423291  0.0368638  -0.322064  -0.147595  
-0.0162056  -0.0372557  -0.042582  -0.0155958  -0.273048  -0.164847  
-0.0166553  -0.0370098  -0.0422706  -0.0374201  -0.200486  -0.0641787  
-0.0118125  -0.037326  -0.0435002  0.0253136  -0.244661  -0.131998  
-0.0124762  -0.0377136  -0.0441612  0.0345624  -0.256221  -0.0492164  
-0.0151683  -0.0384674  -0.0438614  0.0167816  -0.46747  -0.272696  
-0.0184869  -0.0378496  -0.0435678  -0.014968  -0.41057  -0.21231  
-0.0168995  -0.0380606  -0.0418537  0.0371043  -0.424885  -0.16991  
-0.0169702  -0.0371095  -0.0431897  -0.0111025  -0.355209  -0.169003  
-0.0148844  -0.0364662  -0.0449007  -0.0212424  -0.438851  -0.181577  
-0.0139012  -0.0371637  -0.0447483  -0.0362735  -0.371768  -0.170894  
-0.010758  -0.0342592  -0.0424644  -0.0968211  -0.260203  -0.113725  
-0.00747524  -0.0336105  -0.0448767  -0.106174  -0.217439  -0.109697  
-0.00979174  -0.035122  -0.0442224  -0.0351051  -0.280911  -0.29843  
-0.0104074  -0.0338058  -0.0440813  -0.0665789  -0.366588  -0.378824  
-0.0129894  -0.0348511  -0.0447353  -0.0782819  -0.326511  -0.283147  
-0.00906731  -0.0347395  -0.044991  -0.0782766  -0.261185  -0.203448  
-0.0106942  -0.0352337  -0.0450951  -0.0863015  -0.388782  -0.195207  
-0.0116887  -0.0355328  -0.0457435  -0.0857376  -0.297203  -0.146219  
-0.0118912  -0.0366422  -0.0450869  -0.02943  -0.218699  -0.077474  
-0.0115033  -0.0355737  -0.0451791  -0.0499924  -0.394658  0.00866564  
-0.0143295  -0.0348624  -0.0440283  -0.0810708  -0.313508  -0.125674  
-0.0190177  -0.033329  -0.0442408  -0.12495  -0.397681  -0.166066  
-0.0120764  -0.0326997  -0.0422605  -0.0983361  -0.357132  -0.199552  
-0.010462  -0.0332334  -0.042801  -0.127719  -0.333587  -0.0575527  
-0.0171888  -0.0341553  -0.0428726  -0.111797  -0.430933  -0.0312185  
-0.0115608  -0.0323701  -0.0433241  -0.137736  -0.402371  -0.0293779  
-0.0107085  -0.0326675  -0.0429661  -0.119566  -0.379807  -0.00280555  
-0.00426439  -0.0341077  -0.0452347  -0.0931126  -0.20777  0.00488982  
-0.00773322  -0.033865  -0.0448216  -0.0796215  -0.200546  0.0247918  
-0.00713184  -0.0307508  -0.0440736  -0.145146  -0.34155  -0.0633944  
-0.00550575  -0.0311512  -0.0442266  -0.144967  -0.256367  -0.0793972  
-0.00547064  -0.0312691  -0.0453475  -0.156435  -0.294466  0.000357288  
-0.00839919  -0.0317323  -0.0453475  -0.156568  -0.265221  0.122482  
-0.00777218  -0.0320527  -0.0443477  -0.111031  -0.354916  0.0897623  
-0.00793801  -0.0317211  -0.0436374  -0.120447  -0.420389  0.12744  
-0.00449776  -0.0319312  -0.0456215  -0.0891318  -0.385776  0.121381  
-0.00572459  -0.0323176  -0.0456575  -0.105985  -0.231553  0.122457  
-0.00989307  -0.0314494  -0.0458696  -0.120658  -0.443009  0.237055  
-0.00919438  -0.0303663  -0.0446314  -0.144025  -0.429872  0.273038  
-0.0105195  -0.031197  -0.0441845  -0.107914  -0.393346  0.310251  
-0.0104129  -0.0295228  -0.0438643  -0.156522  -0.370507  0.196909  
-0.0114147  -0.0272103  -0.042354  -0.26076  -0.340482  0.355506  
-0.0117173  -0.0286557  -0.0425024  -0.211767  -0.373696  0.489854  
-0.0142531  -0.0297058  -0.0445589  -0.212962  -0.436764  0.243751  
-0.0176776  -0.0308897  -0.0444924  -0.175442  -0.538653  -0.0339449  
-0.00846869  -0.0290174  -0.0450955  -0.205937  -0.346172  -0.0349195  
-0.010159  -0.0291598  -0.0433038  -0.161264  -0.45459  0.0743691  
-0.013946  -0.0292736  -0.0431164  -0.171639  -0.5234  0.213153  
-0.0176986  -0.0320824  -0.0410649  -0.0911303  -0.572301  0.266688  
-0.00499728  -0.0311678  -0.0417714  -0.096834  -0.301714  0.0505955  
-0.00497882  -0.0340886  -0.041928  0.0736599  -0.337522  -0.092923  
-0.00395096  -0.0310569  -0.0414087  0.0742108  -0.2751  -0.102061  
-0.00231106  -0.0314174  -0.04187  0.00835843  -0.246752  0.113079  
-0.00129009  -0.0335302  -0.0405351  0.0681425  -0.186558  0.28401  
-0.00131375  -0.0351783  -0.0403437  0.104384  -0.257473  0.0207779  
-0.000791581  -0.0352108  -0.0406426  0.103094  -0.211299  -0.121157  
0.00011265  -0.0342975  -0.040789  0.0442745  -0.200526  -0.109587  
-0.00865303  -0.0362867  -0.0414425  0.0918846  -0.379341  -0.152259  
-0.00630905  -0.0352531  -0.0420286  0.0783531  -0.285427  -0.128728  
-0.00146077  -0.0352741  -0.0380321  0.117584  -0.318489  -0.0901155  
-0.00508805  -0.0359873  -0.0393871  0.121805  -0.363089  -0.0468481  
-0.00812261  -0.0355662  -0.0397597  0.139444  -0.30884  -0.0220427  
-0.00386279  -0.0345772  -0.037589  0.136705  -0.177439  -0.048309  
-0.00669658  -0.0339221  -0.0380092  0.0960923  -0.279423  -0.0676437  
-0.00664523  -0.0340368  -0.0388487  0.100749  -0.343188  -0.163581  
-0.0049375  -0.0342875  -0.039654  0.0951047  -0.266537  0.108495  
-0.00450896  -0.0339289  -0.0407245  0.0528545  -0.266178  0.0490035  
-0.0030424  -0.0337158  -0.0417775  0.0191142  -0.216416  0.0439529  
-0.00350169  -0.0339996  -0.0407607  0.116707  -0.147803  -0.105406  
-0.00461923  -0.0309922  -0.0386882  0.0538936  -0.193284  -0.126405  
-0.00390291  -0.0304223  -0.0382342  0.0326367  -0.231288  -0.0610732  
-0.00718652  -0.0285741  -0.0382342  -0.0271344  -0.325558  -0.0901572  
-0.0145932  -0.0300437  -0.0380463  -0.0448542  -0.328531  -0.0768456  
-0.0177305  -0.0324768  -0.0391876  -0.0448296  -0.493969  -0.00240739  
-0.000476907  -0.0318574  -0.038506  0.0187936  -0.0828023  -0.248394  
-0.00521853  -0.0302941  -0.0340556  0.00273887  -0.177789  0.0907419  
-0.00611646  -0.0308878  -0.0363087  -0.032921  -0.179894  0.0549826  
-0.010089  -0.0310637  -0.0359014  -0.0665219  -0.287516  0.406609  
-0.00912239  -0.0289576  -0.0365957  -0.0966224  -0.291337  0.400014  
-0.0104874  -0.0316278  -0.0364416  0.0108453  -0.395125  0.59202  
-0.0292085  -0.0339414  -0.0353821  -0.0287956  -0.711833  0.332413  
-0.0253807  -0.0314801  -0.035822  -0.0667993  -0.709692  0.060363  
-0.0204203  -0.0309388  -0.0339915  -0.0458069  -0.559449  0.0041702  
-0.00998995  -0.0284331  -0.0314953  -0.0713781  -0.246286  0.139946  
-0.0151841  -0.0288916  -0.0339667  -0.0948336  -0.426126  0.118584  
-0.01787  -0.0303775  -0.0343544  -0.0606564  -0.467644  -0.0317833  
-0.020951  -0.0326476  -0.0337893  0.016145  -0.597845  0.000928859  
-0.0214323  -0.0315084  -0.0346825  -0.0479386  -0.59335  -0.0831496  
-0.0226871  -0.0304814  -0.0351201  -0.0573311  -0.55533  0.0370545  
-0.0202282  -0.0313832  -0.0346153  0.00456337  -0.540976  0.0908785  
-0.0206742  -0.0311402  -0.0358925  -0.0374966  -0.55896  -0.0671613  
-0.0208906  -0.0287794  -0.0321377  -0.095937  -0.495837  0.119154  
-0.0227458  -0.03014  -0.0328899  -0.0449646  -0.607241  0.171985  
-0.0235134  -0.0331611  -0.0353645  0.0233384  -0.6207  0.0941748  
-0.0223462  -0.03372  -0.036551  -0.0319672  -0.621424  0.125309  
-0.0196094  -0.0335626  -0.0366702  -0.00118871  -0.477921  -0.0468587  
-0.0193183  -0.0321569  -0.0363557  -0.0382463  -0.449925  0.0348313  
-0.0186273  -0.0283911  -0.034116  -0.127279  -0.411279  0.10982  
-0.0241609  -0.0276278  -0.0348734  -0.16664  -0.594931  0.110505  
-0.0345272  -0.0272264  -0.0330662  -0.182392  -0.890792  0.193468  
-0.0236326  -0.0269701  -0.0331785  -0.194869  -0.586467  0.0678321  
-0.0203764  -0.026379  -0.0341708  -0.219656  -0.748343  0.0913938  
-0.0225337  -0.0294097  -0.0337054  -0.108462  -0.862307  0.00289988  
-0.0137073  -0.0317478  -0.0375416  -0.0923676  -0.70429  -0.0629706  
-0.0159699  -0.0306906  -0.0341017  -0.105526  -0.391505  0.790648  
-0.0103377  -0.027461  -0.0331581  -0.134159  -0.518694  0.160404  
-0.0139894  -0.0301366  -0.0330762  -0.0742448  -0.510206  0.0129094  
-0.0188982  -0.0279351  -0.0310525  -0.0348312  -0.623779  -0.284507  
-0.0108851  -0.0250018  -0.0264983  -0.0531703  -0.371276  -0.327466  
-0.0105768  -0.0227558  -0.024694  -0.176761  -0.348474  -0.0590692  
-0.0132315  -0.0243128  -0.0255638  -0.232717  -0.405531  0.34884  
-0.0189302  -0.023497  -0.0283857  -0.235238  -0.632874  -0.0202718  
-0.0162629  -0.023098  -0.0296416  -0.255284  -0.615305  -0.09272  
-0.0145696  -0.0213868  -0.0286248  -0.308927  -0.55906  -0.225983  
-0.0146541  -0.0190897  -0.030469  -0.428048  -0.488446  -0.0781828  
-0.0145913  -0.0230482  -0.0283049  -0.336899  -0.553567  0.334306  
-0.0144966  -0.0222018  -0.0276745  -0.283464  -0.605682  0.083595  
-0.0159409  -0.0206596  -0.0269475  -0.255992  -0.698636  -0.195406  
-0.00430558  -0.0187996  -0.0272889  -0.275054  -0.390445  -0.337197  
-0.000536469  -0.0217551  -0.0259076  -0.260422  -0.37606  -0.381657  
-0.0187832  -0.0206242  -0.0281557  -0.293951  -0.599979  -0.163022  
-0.013668  -0.0187166  -0.0286105  -0.227335  -0.403996  -0.148018  
-0.0106578  -0.0204528  -0.0271659  -0.250353  -0.304877  -0.029417  
-0.0172779  -0.0197547  -0.0266921  -0.280398  -0.54236  -0.223017  
-0.0290238  -0.0201796  -0.0252474  -0.236532  -0.624757  -0.284966  
-0.0250347  -0.0185871  -0.0212824  -0.265641  -0.52376  -0.245059  
-0.0165729  -0.0172765  -0.0233272  -0.277578  -0.358599  -0.243941  
-0.0153873  -0.0173896  -0.0240417  -0.234437  -0.414083  -0.140829  
-0.0205291  -0.0171752  -0.0210584  -0.197334  -0.525551  -0.150014  
-0.0154995  -0.0172608  -0.0218796  -0.233076  -0.463439  -0.216617  
-0.0183316  -0.0187026  -0.0244861  -0.252095  -0.530033  -0.179326  
-0.0175419  -0.0172595  -0.0234873  -0.295472  -0.450606  -0.012476  
-0.0184314  -0.016272  -0.0212594  -0.296669  -0.393745  0.188619  
-0.0160881  -0.0161931  -0.02082  -0.312053  -0.449786  0.0761195  
-0.0210853  -0.0163494  -0.0197113  -0.362984  -0.637967  -0.183146  
-0.0175519  -0.01693  -0.0237436  -0.367149  -0.567226  -0.22204  
-0.0141088  -0.0152281  -0.0224599  -0.346413  -0.401899  -0.182007  
-0.0137045  -0.0148627  -0.0213712  -0.388297  -0.416292  -0.182472  
-0.013249  -0.0142282  -0.020778  -0.384185  -0.428185  -0.127777  
-0.0179644  -0.0148046  -0.0219096  -0.425692  -0.506874  -0.173195  
-0.0202124  -0.0148659  -0.0209421  -0.3723  -0.500308  -0.237498  
-0.0255473  -0.0145487  -0.0210911  -0.372796  -0.604709  -0.254959  
-0.0246993  -0.0153472  -0.0201957  -0.373136  -0.551439  -0.217134  
-0.0244441  -0.0142556  -0.0167576  -0.334008  -0.58881  -0.151897  
-0.0191543  -0.0130124  -0.0160893  -0.327073  -0.541226  -0.174442  
-0.0207555  -0.0158746  -0.0184398  -0.307267  -0.513549  -0.104443  
-0.020188  -0.0168399  -0.0200868  -0.334154  -0.401959  -0.0593889  
-0.0190988  -0.0148263  -0.019176  -0.349864  -0.413701  0.0431371  
-0.0193521  -0.0132228  -0.0161379  -0.333653  -0.350365  0.325242  
-0.0209403  -0.0149393  -0.0197703  -0.370205  -0.579855  0.249709  
-0.0255335  -0.016182  -0.0225238  -0.40475  -0.692896  0.0201354  
-0.0256748  -0.0156507  -0.0221932  -0.356975  -0.741911  -0.261839  
-0.0213528  -0.0158668  -0.019517  -0.321337  -0.55463  -0.293228  
-0.00885437  -0.0149037  -0.0223653  -0.301701  -0.430197  -0.0866458  
-0.0171391  -0.0152259  -0.0209395  -0.387101  -0.439118  0.133659  
-0.0167898  -0.0133207  -0.0195778  -0.387597  -0.535225  -0.0813932  
-0.0165987  -0.013774  -0.0183484  -0.365574  -0.559649  -0.135931  
-0.0155554  -0.0173699  -0.0128925  -0.207883  -0.312155  -0.0837781  
-0.010762  -0.0188476  -0.0127056  -0.19719  -0.272775  0.00720612  
-0.0150864  -0.0179346  -0.0141476  -0.164966  -0.37229  -0.218637  
-0.018153  -0.0145674  -0.0178677  -0.307603  -0.50057  -0.26932  
-0.0294128  -0.0124087  -0.0135852  -0.238244  -0.69967  -0.153759  
-0.0184286  -0.013465  -0.0157026  -0.272483  -0.442837  -0.13587  
-0.019965  -0.0139692  -0.0146028  -0.368867  -0.459756  -0.0329661  
-0.00514146  -0.016589  -0.0191007  -0.138422  -0.289571  -0.422492  
-0.0167009  -0.017729  -0.0174747  -0.193121  -0.319615  -0.362207  
-0.0214128  -0.01633  -0.0200181  -0.188944  -0.304518  -0.199688  
-0.0289196  -0.0182544  -0.0215041  -0.172156  -0.376356  0.142137  
-0.0205696  -0.0158803  -0.0170403  -0.179669  -0.23135  0.0551546  
-0.0215604  -0.0152492  -0.0173376  -0.3199  -0.226242  0.249425  
-0.0190305  -0.016147  -0.0175434  -0.308171  -0.344646  0.0976292  
-0.0187188  -0.0146749  -0.0165149  -0.312053  -0.324464  0.0378818  
-0.0316255  -0.0158302  -0.0164066  -0.274904  -0.561425  -0.13343  
-0.0238887  -0.014517  -0.0147327  -0.235652  -0.291904  -0.215521  
-0.0245639  -0.0115065  -0.00895355  -0.186904  -0.461542  -0.268893  
-0.0229509  -0.0128097  -0.00990597  -0.207492  -0.374969  -0.137931  
-0.0227775  -0.0134517  -0.0107435  -0.199001  -0.362879  -0.0220284  
-0.00636189  -0.0178305  -0.0125979  -0.0377318  -0.241974  -0.259418  
-0.0128208  -0.0195049  -0.0117077  -0.0373803  -0.293008  -0.171359  
-0.0207712  -0.0171622  -0.014999  -0.099903  -0.265566  0.10844  
-0.0240354  -0.0171689  -0.017176  -0.221614  -0.313902  0.0915534  
-0.0221044  -0.0158797  -0.0167011  -0.239066  -0.40519  0.0641271  
-0.0183263  -0.0140937  -0.0144078  -0.208597  -0.289326  0.195115  
-0.0212607  -0.0160694  -0.0122713  -0.15687  -0.325709  0.578853  
-0.0240988  -0.0166347  -0.0123014  -0.151117  -0.468784  0.405414  
-0.0243489  -0.0176416  -0.0126111  -0.167576  -0.480998  0.206759  
-0.0241985  -0.0170479  -0.0151387  -0.233601  -0.475276  0.0729457  
-0.0229624  -0.0155383  -0.014721  -0.221309  -0.485471  0.0694253  
-0.0298593  -0.0157514  -0.0115433  -0.194599  -0.660479  0.189184  
-0.0182278  -0.0145984  -0.0101342  -0.177136  -0.418015  0.292262  
-0.0177006  -0.012056  -0.0107327  -0.218063  -0.372103  0.270075  
-0.00977261  -0.0121183  -0.0139309  -0.251387  -0.286438  0.0853169  
-0.0124337  -0.0117475  -0.0133301  -0.21841  -0.297558  -0.0136296  
-0.0185277  -0.0121825  -0.015494  -0.271445  -0.425171  0.0341578  
-0.0246905  -0.0142792  -0.0178376  -0.288933  -0.327367  0.115809  
-0.0235662  -0.0140337  -0.0175284  -0.279407  -0.36851  0.056448  
-0.0237998  -0.0120911  -0.0142945  -0.257423  -0.399188  -0.0146554  
-0.0204974  -0.0110314  -0.0148459  -0.257727  -0.31329  0.0976059  
-0.024602  -0.0121036  -0.0160759  -0.248349  -0.444506  0.0165511  
-0.0292606  -0.011657  -0.0166017  -0.267788  -0.507672  0.0865435  
-0.018868  -0.0111748  -0.0149228  -0.237186  -0.28953  -0.0131151  
-0.0154338  -0.00980114  -0.0144853  -0.216905  -0.304246  -0.304927  
-0.0121572  -0.0103888  -0.0133223  -0.127733  -0.173427  -0.260683  
-0.0260038  -0.0113916  -0.0108479  -0.115633  -0.512017  -0.134005  
-0.0262513  -0.0109875  -0.0102207  -0.0822954  -0.570541  -0.164124  
-0.0215072  -0.0100277  -0.0114679  -0.119965  -0.392386  -0.234514  
-0.0147873  -0.0107603  -0.0107961  -0.0973769  -0.195871  -0.281466  
-0.0114348  -0.0109695  -0.0147257  -0.122067  -0.127034  -0.130705  
-0.0157126  -0.011386  -0.0105455  -0.10844  -0.165755  -0.112083  
-0.0200522  -0.0109082  -0.00961013  -0.17371  -0.31313  -0.0138004  
-0.0198674  -0.00843815  -0.0101228  -0.186959  -0.335373  -0.104584  
-0.0173408  -0.0074557  -0.0113348  -0.190204  -0.21944  -0.267891  
-0.0209343  -0.00838322  -0.014342  -0.234255  -0.324871  -0.346847  
-0.0255653  -0.0080861  -0.0137245  -0.234676  -0.374623  -0.271528  
-0.0169389  -0.00526986  -0.0103476  -0.23545  -0.238463  -0.207845  
-0.0212897  -0.00587774  -0.0110854  -0.234517  -0.348799  -0.172555  
-0.0230747  -0.00731467  -0.0147363  -0.250254  -0.37264  -0.175366  
-0.0230149  -0.0065695  -0.00999207  -0.228643  -0.666309  -0.16124  
-0.0258397  -0.00993035  -0.00694695  -0.179817  -0.475596  0.242715  
-0.0220792  -0.00967654  -0.0147072  -0.252987  -0.33454  0.248825  
-0.0261277  -0.00746353  -0.0119235  -0.246517  -0.39236  0.328339  
-0.0185189  -0.00698796  -0.0120775  -0.137223  -0.328042  -0.000625903  
-0.0172702  -0.00764664  -0.0125036  -0.125225  -0.3255  -0.188663  
-0.0170314  -0.00761765  -0.0128405  -0.165412  -0.366394  -0.299889  
-0.0133699  -0.00643792  -0.0121769  -0.138633  -0.265473  -0.255985  
-0.0142461  -0.00647323  -0.0121863  -0.178698  -0.348463  -0.203202  
-0.016586  -0.00609827  -0.0123079  -0.196899  -0.308758  -0.0423883  
-0.0173843  -0.00644204  -0.0124209  -0.16863  -0.28818  -0.146989  
-0.0177283  -0.00763248  -0.012767  -0.109673  -0.464742  -0.290146  
-0.0198273  -0.00763468  -0.0110673  -0.0846703  -0.374727  -0.220233  
-0.00976111  -0.00592575  -0.013051  -0.139149  -0.220956  -0.277099  
-0.0188129  -0.00549748  -0.0139016  -0.222851  -0.456518  -0.354929  
-0.0189445  -0.00373215  -0.0148664  -0.233042  -0.515033  -0.276732  
-0.0194137  -0.00386375  -0.0133179  -0.173874  -0.498729  -0.218088  
-0.0212904  -0.00504814  -0.0136783  -0.189706  -0.463542  -0.224549  
-0.0195419  -0.00434197  -0.0139609  -0.198784  -0.327617  -0.141072  
-0.0165408  -0.00472736  -0.0137875  -0.18978  -0.243407  -0.195956  
-0.0164484  -0.00504814  -0.00907336  -0.116148  -0.458338  -0.282851  
-0.0219443  -0.00285529  -0.00902055  -0.245295  -0.678968  -0.23182  
-0.0256542  -0.00774821  -0.0104504  -0.0907713  -0.680336  -0.224645  
-0.00989935  -0.00678801  -0.00751564  -0.0741937  -0.205035  0.214471  
-0.0137721  -0.00552652  -0.0121827  -0.223918  -0.49613  -0.0903448  
-0.024984  -0.00658416  -0.0141303  -0.224374  -0.754438  -0.136578  
-0.0280419  -0.00692405  -0.0119066  -0.187807  -0.704569  -0.11841  
-0.0241174  -0.00550011  -0.0137747  -0.249166  -0.652798  0.296676  
-0.0226346  -0.00727153  -0.0145868  -0.221306  -0.83581  0.11336  
-0.0284387  -0.00654593  -0.0128063  -0.244677  -0.679746  -0.0236877  
-0.0278017  -0.0056886  -0.0114267  -0.237032  -0.643017  -0.123154  
-0.0304306  -0.00551188  -0.00958598  -0.212497  -0.688208  0.0104715  
-0.0291156  -0.00591553  -0.0110193  -0.25012  -0.85459  -0.137314  
-0.0254926  -0.00426014  -0.00936743  -0.231272  -0.581403  0.00724229  
-0.0248134  -0.00312698  -0.013508  -0.276196  -0.652814  0.208413  
-0.0271345  -0.00467996  -0.0113663  -0.191261  -0.725858  0.0136818  
-0.0340453  -0.00428122  -0.012049  -0.203169  -0.979001  -0.0449563  
-0.0341681  -0.00500006  -0.0106067  -0.22005  -0.759204  -0.0921616  
-0.0157881  -0.00283168  -0.00826438  -0.201157  -0.349653  -0.175561  
-0.0113483  -0.00342689  -0.00812316  -0.258452  -0.343682  -0.218103  
0.0017054  -1.03624e-05  -0.0120866  -0.325582  -0.198418  -0.392682  
-0.0119579  -0.00370021  -0.00807504  -0.211442  -0.421138  -0.317308  
-0.0252744  -0.0080738  -0.0115789  -0.151613  -0.413906  -0.299577  
-0.022948  -0.0107895  -0.0193768  -0.149286  -0.441321  -0.278738  
-0.0186908  -0.00696135  -0.0139418  -0.123308  -0.259274  -0.184171  
-0.0123541  -0.00738813  -0.0102036  -0.0583192  -0.197739  -0.190409  
-0.0209633  -0.00778943  -0.0100151  -0.0762624  -0.432048  -0.219858  
-0.0217674  -0.00607622  -0.0120971  -0.112196  -0.495317  -0.176404  
-0.0173008  -0.00439652  -0.0104481  -0.126021  -0.3233  -0.110922  
-0.0195336  -0.00446946  -0.00982001  -0.115013  -0.339074  -0.0864717  
-0.0115108  -0.00493343  -0.00806312  -0.0438568  -0.177686  -0.144646  
-0.00581168  -0.00933146  -0.00822966  0.0571286  -0.20036  -0.852373  
0.000797265  -0.00667236  -0.0109026  0.194106  -0.311368  -1.2588  
-0.0107184  -0.00344784  -0.0108393  0.0803181  -0.116799  -0.0285849  
-0.00685735  -0.00433056  -0.00782568  -0.0148228  -0.0192753  0.0865764  
-0.0150061  -0.00621257  -0.00755647  -0.0323662  -0.159901  -0.446304  
-0.0040026  -0.00354704  -0.00538747  -0.0590618  0.191861  0.614113  
-0.00284776  -0.00398772  -0.00528001  -0.107738  0.0644453  0.132871  
-0.00529705  -0.00450962  -0.00354563  -0.120282  0.0507332  0.0689838  
-0.015985  -0.00540408  -0.00341444  -0.0610111  -0.244592  -0.406595  
-0.0115241  -0.00297992  -0.00346979  0.0134649  -0.0976753  -0.314855  
-0.0117482  -0.00279156  -0.0044945  0.00220697  -0.104585  -0.221035  
-0.0165041  -0.00395542  -0.00446377  0.0146821  -0.276246  -0.084168  
-0.0272564  -0.00542473  -0.00299042  0.0603305  -0.621151  0.00719285  
-0.0132035  -0.00473788  -0.00457019  0.0465043  -0.188212  0.100645  
0.00200203  -0.00546653  -0.0068908  0.0594733  -0.0468444  -0.407755  
-0.0082588  -0.00518327  -0.00382212  0.0124389  -0.237244  -0.508054  
-0.0147667  -0.00442464  -0.00263042  -0.00084811  -0.332118  -0.386997  
-0.0118729  -0.00447945  -0.0025364  0.0487034  -0.253242  -0.289893  
-0.0145103  -0.00371764  -0.000297121  0.0188068  -0.176625  0.100487  
-0.0160605  -0.00295192  -0.00167593  -0.028416  -0.305938  -0.139998  
-0.0175545  -0.00307402  -0.00474382  -0.0371816  -0.339899  -0.264178  
-0.0209792  -0.00622356  -0.00671702  -0.0189318  -0.267176  -0.236659  
-0.0263249  -0.00561615  -0.00322657  -0.0034531  -0.597119  -0.213888  
-0.0213638  -0.00674966  -0.00546341  0.0405242  -0.609848  -0.212189  
-0.0112022  -0.00535814  -0.00788143  -0.00300398  -0.409675  0.139307  
-0.01261  -0.00393712  -0.00802444  -0.0691772  -0.26371  0.565486  
-0.0189014  -0.00797435  -0.00988979  -0.0181943  -0.508354  -1.16596  
-0.0225427  -0.00853438  -0.010308  0.00478512  -0.290311  -1.03707  
-0.0212865  -0.00667949  -0.00717805  0.0448857  -0.260596  -0.787037  
-0.0157924  -0.00622929  -0.00671195  0.0340812  -0.17709  -0.682386  
-0.0203064  -0.00585266  -0.00693205  0.00622727  -0.243714  -0.564375  
-0.0197894  -0.004714  -0.00614289  -0.0117967  -0.297997  -0.430154  
-0.019952  -0.00426223  -0.00537035  -0.105539  -0.170608  -0.130844  
-0.0174704  -0.0055153  -0.00906752  -0.0727917  -0.275136  -0.223015  
-0.01681  -0.00358674  -0.00750475  -0.0949904  -0.237961  -0.369956  
-0.0129769  -0.00240566  -0.00743706  -0.105125  -0.0994112  -0.0690979  
-0.0141652  -0.00243751  -0.00829741  -0.104072  -0.243088  -0.163882  
-0.0134295  -0.00104905  -0.00807429  -0.0578125  -0.268439  -0.206916  
-0.0117968  -0.00069864  -0.00815769  -0.117165  -0.224495  -0.171985  
-0.0139982  -0.00131311  -0.00741163  -0.130332  -0.178265  -0.0792926  
-0.0132955  -0.000763662  -0.00896605  -0.25718  -0.28131  -0.12356  
-0.0167788  0.000248486  -0.00708477  -0.227214  -0.462564  -0.297205  
-0.0111257  -0.00039068  -0.00944812  -0.166294  -0.438616  -0.246874  
-0.0118982  0.000214519  -0.00783529  -0.205684  -0.218231  -0.111873  
-0.0141748  0.00284898  -0.00804795  -0.27148  -0.327272  -0.046265  
-0.00567973  0.00120067  -0.00768521  -0.209597  -0.161175  -0.114187  
-0.0112531  -0.00144239  -0.00537952  -0.160945  -0.33988  -0.105851  
-0.0112468  0.000283543  -0.00490374  -0.170999  -0.374245  -0.0755926  
-0.0174319  0.0028008  -0.00440424  -0.200126  -0.46675  0.223072  
-0.0151053  0.00228061  -0.00561573  -0.234259  -0.520529  0.186496  
-0.0152009  0.00335564  -0.00348701  -0.110802  -0.3548  0.0614386  
-0.0166084  0.00212458  -0.00346879  -0.114712  -0.499218  0.090447  
-0.0139207  0.00223917  -0.00356882  -0.119624  -0.420999  0.0127557  
-0.01388  0.00463646  -0.00293499  -0.167756  -0.440082  0.0146136  
-0.010388  0.00535748  -0.00376315  -0.216807  -0.541786  -0.0340158  
-0.0149519  0.00788011  -0.00498174  -0.262639  -0.480984  0.18827  
-0.0131921  0.0088898  -0.00477921  -0.267604  -0.345102  0.142475  
-0.0114628  0.00653918  -0.00204353  -0.141635  -0.304966  0.19241  
-0.00896122  0.00467342  -0.000961356  -0.0684927  -0.295181  0.0769309  
-0.0142242  0.00400715  -0.00246241  -0.153139  -0.393535  -0.0888035  
-0.0154755  0.00475171  -0.00130098  -0.141406  -0.497271  -0.057878  
-0.0165962  0.00421231  0.000125039  -0.12181  -0.641667  0.000446069  
-0.027447  0.00427528  -0.000286404  -0.154039  -0.984361  0.105272  
-0.0143642  0.00476585  -0.00574803  -0.211219  -0.479556  0.116637  
-0.00864919  0.00346721  0.000472443  -0.116103  -0.302736  -0.0217311  
-0.00261502  -0.0020354  0.00650351  -0.0013261  -0.209952  -0.471262  
-0.00403226  -0.000474967  0.00126006  -0.0289516  -0.154886  -0.423157  
-0.000338336  -0.000490658  0.00409962  0.0306119  -0.0349835  -0.288787  
0.000884068  -0.00181891  0.000567503  0.00197803  -0.181034  -0.210484  
-0.00127413  -0.0015413  0.00170647  -0.0334815  -0.203286  -0.146173  
-0.00211394  -0.000638082  0.000128748  -0.0809801  -0.209911  -0.172435  
-0.00789039  -0.000392934  -0.000332883  -0.125427  -0.311139  -0.240539  
-0.00732078  -0.00069328  -0.000395697  -0.0470745  -0.230235  -0.212314  
-0.00476373  -2.81486e-05  -0.00065087  -0.0155941  -0.0839915  -0.178284  
-7.88083e-05  -4.69947e-05  -5.41374e-05  -0.000129831  0.000372095  -0.00151274  
-0.00550902  -0.000585635  0.00111504  -0.0836126  -0.224308  -0.0547447  
-0.0138357  0.000573277  0.00212214  -0.0533599  -0.373509  -0.370551  
-0.0148732  0.00117701  0.00104943  -0.032701  -0.245248  -0.309296  
-0.00849563  0.00087741  2.07e-05  -0.0302498  -0.140286  -0.283702  
-0.010918  0.000145128  -0.000467072  -0.0303683  -0.179911  -0.215796  
-0.00999554  -0.000498325  0.000137327  -0.0666084  -0.00592924  0.0630574  
-0.0114077  -0.000627146  -0.000932014  -0.111883  -0.1958  -0.250183  
-0.0133022  0.000531812  -0.00211535  -0.128314  -0.239518  -0.363455  
-0.0179272  0.000566949  -0.00132894  -0.0927969  -0.295187  -0.0880396  
-0.0136419  0.00114144  -0.00167672  -0.149727  -0.178336  0.0535287  
-0.0119971  0.00344203  -0.00108503  -0.212303  -0.111194  -0.105716  
-0.00480416  0.00242065  -0.00317334  -0.188683  -0.0653571  -0.30736  
-0.009713  0.000302277  -0.00573002  -0.169689  -0.122666  -0.184794  
-0.0121245  0.00209901  -0.0029846  -0.189537  -0.083712  -0.0861943  
-0.00913003  0.000966879  -0.00210498  -0.15688  -0.161867  -0.13384  
-0.00472857  -4.53943e-05  -0.00347348  -0.0929683  -0.00343588  -0.249147  
-0.00619545  0.000390257  -0.000321004  -0.0672821  -0.0100582  -0.0114577  
-0.00930393  0.00101099  0.000518478  -0.11456  -0.060994  0.22852  
-0.0097996  0.00122679  0.000178382  -0.111915  -0.129997  0.0809558  
-0.0128699  0.0015315  0.000352258  -0.176713  -0.144902  -0.140103  
-0.0125627  0.00163003  -0.000636246  -0.164889  -0.123835  -0.182314  
-0.00880454  0.00359661  -0.000538338  -0.183218  -0.132749  -0.18931  
-0.0142079  0.00318506  -0.000355756  -0.166502  -0.212522  -0.0411009  
-0.0156016  0.00305578  -0.000221385  -0.186702  -0.128989  -0.0736617  
-0.011193  0.00412255  -0.000428394  -0.187126  -0.113886  -0.118854  
-0.00444483  0.00422141  -0.00448571  -0.140718  0.00886614  -0.0546789  
-0.00538639  0.00416053  -0.00128603  -0.139953  0.0437745  -0.000312301  
-0.00902841  0.00514754  -0.000403409  -0.16979  -0.00475482  0.244871  
-0.00978713  0.00412279  -0.00202327  -0.220978  -0.147305  0.037898  
-0.0111093  0.00394996  -0.00228005  -0.24353  -0.187231  -0.0745468  
-0.0168761  0.00490059  -0.00130361  -0.251448  -0.274546  -0.0519624  
-0.0147917  0.0046264  -0.00227053  -0.245971  -0.227987  -0.02888  
-0.0186178  0.00598905  -0.00321961  -0.275325  -0.283635  0.0509281  
-0.0146974  0.00736125  -0.00219248  -0.337351  -0.15031  0.0750451  
-0.0194811  0.010149  -0.00217063  -0.36799  -0.347317  0.023561  
-0.0103224  0.00458004  0.0017852  -0.196827  -0.138201  -0.0774526  
-0.00924488  0.00514967  0.000401427  -0.243089  -0.082451  0.0461655  
-0.0142232  0.00687278  -0.000539  -0.338871  -0.198091  0.0181926  
-0.0158029  0.0071575  -0.00250366  -0.345391  -0.247144  -0.0473077  
-0.0158539  0.00540447  -0.000547986  -0.287326  -0.19886  -0.0773165  
-0.0167732  0.00564063  -0.000385982  -0.263149  -0.265524  0.0303948  
-0.0165613  0.00631844  -6.70714e-05  -0.319575  -0.154095  -0.123166  
-0.0159915  0.00663841  -0.00181452  -0.325476  -0.291014  -0.142078  
-0.0126857  0.00497523  -0.0034956  -0.264016  0.0029153  -0.00359011  
0.00166376  0.00634268  -0.00238695  -0.241226  0.0858523  -0.252304  
0.00211359  0.00308854  0.000508069  -0.182547  0.0341307  -0.287931  
-0.0112305  0.00314977  -0.000395051  -0.2143  -0.1232  -0.365681  
-0.00996707  0.00397504  -0.000196176  -0.234606  -0.120738  -0.263962  
-0.0097201  0.00416362  -0.00126033  -0.246325  -0.136933  -0.260737  
-0.00965413  0.00455431  -0.00153183  -0.235603  -0.157014  -0.187353  
-0.0104546  0.00462879  -0.00248079  -0.241472  -0.14355  -0.121221  
-0.00806207  0.00470631  -0.00158308  -0.225016  -0.119878  -0.0929576  
-0.00753457  0.00515786  -0.00254789  -0.237334  -0.0218687  -0.0690588  
-0.00833236  0.00461422  -0.00160459  -0.214668  -0.0214855  -0.064021  
-0.00774507  0.0055043  -0.00135284  -0.235168  -0.12296  -0.201738  
-0.00761461  0.00569653  -0.00140043  -0.21801  -0.123655  -0.102505  
-0.00762317  0.00627001  -0.000806083  -0.198357  -0.179405  -0.0306858  
-0.00645754  0.00554855  -0.000329013  -0.227559  0.00513261  0.147614  
-0.00198996  0.0056724  -0.00648024  -0.244552  0.0253477  0.0695098  
-0.00131389  0.00156738  -0.00463352  -0.139162  0.191317  0.577641  
0.00557011  0.00162409  -0.00253482  -0.0856144  0.138361  -0.399779  
-0.000583753  0.00108846  -0.00335187  -0.0849874  0.0164858  -0.254937  
-0.00794967  0.000974694  -0.00268338  -0.103394  -0.0329588  -0.140469  
-0.0063886  0.00197854  -0.00261322  -0.103404  -0.0362813  -0.0807595  
-0.0179343  0.0022305  -0.00155597  -0.0628222  -0.0875381  0.521321  
-0.00976123  0.00127557  -0.00227003  -0.0864175  -0.0517244  0.114553  
-0.0071875  0.000586386  -0.00355909  -0.0754891  0.037592  -0.0185135  
-0.00923933  0.000958689  -0.00427671  -0.0886652  0.0515867  0.0661739  
-0.0101752  0.00107443  -0.00355648  -0.0885583  -0.0211573  0.0817379  
-0.0113938  0.00150126  -0.00154719  -0.0860408  -0.0535211  0.0860145  
-0.00726517  0.000497791  -0.00180253  -0.0570484  -0.0776266  0.145513  
-0.0069676  0.000845991  -0.00028894  -0.0815485  0.00322035  0.368926  
-0.00156679  -0.00224268  -0.000839059  -0.0879822  0.0639977  1.01913  
-0.00439937  -0.000669118  -0.00339964  -0.0577758  -0.00394282  0.429387  
-0.006104  0.000363407  -0.00297898  -0.0687946  0.0740668  0.275505  
-0.0155219  0.000757598  -0.00241356  -0.137369  -0.129104  0.0176326  
-0.0158399  -0.00016793  -0.00415463  -0.116837  -0.0521604  0.0776043  
-0.0144352  -2.60989e-05  -0.00311099  -0.13329  -0.0379172  0.162751  
-0.0152627  0.000947364  -0.00390888  -0.162432  0.00466064  0.229622  
-0.007634  0.00165874  -0.00421689  -0.147506  0.11264  0.194731  
-0.00841949  0.000261087  -0.00648082  -0.147581  -0.0304739  0.200111  
-0.00370999  0.000259358  -0.00638797  -0.0710793  0.114373  0.140913  
-0.0125741  -0.00115137  -0.0047796  -0.0961595  -0.0894659  0.218337  
-0.0125997  0.000163844  -0.00591463  -0.133801  -0.0282225  0.122493  
-0.0155907  0.00119866  -0.00452341  -0.112987  -0.0456611  0.0530829  
-0.019273  0.00431624  -0.00152076  -0.152918  -0.174158  0.217054  
-0.0154507  0.00364608  -0.00267444  -0.138588  -0.132401  0.216697  
-0.0150333  0.0026653  -0.00278783  -0.127056  -0.161999  0.39544  
-0.0110709  0.00155714  -0.00333625  -0.126264  -0.00855416  0.459776  
-0.00950571  0.00231876  -0.00317874  -0.126298  0.0123983  0.349938  
-0.0107382  0.00185627  -0.00203957  -0.0967198  0.0308288  0.479566  
-0.0106414  0.00171612  -0.00355923  -0.110312  -0.0996259  0.345203  
-0.00984752  0.0022909  -0.00348239  -0.115427  0.0107003  0.355854  
-0.00916481  0.0023852  -0.00511021  -0.129168  -0.0239568  0.364613  
-0.00827146  0.00182951  -0.00326911  -0.0770533  0.0980334  0.363928  
-0.00773246  0.00184714  -0.00314083  -0.077268  0.0728842  0.312514  
-0.00892191  0.00194835  -0.00374266  -0.0918251  -0.0215507  0.333766  
-0.0110302  0.00058026  -0.00503258  -0.0653203  0.0259145  0.479134  
-0.0101829  0.00145319  -0.00502197  -0.0825525  0.0660389  0.497531  
-0.00921679  0.000707661  -0.00381475  -0.0436049  0.0980086  0.355607  
-0.0111501  0.000737665  -0.00469763  -0.0784557  -0.00780622  0.422876  
-0.00996045  -7.75438e-05  -0.00397932  -0.0314225  0.0282759  0.476601  
-0.0104167  -0.000289163  -0.00452548  -0.0486082  0.0505724  0.537398  
-0.0102299  0.00011357  -0.00454295  -0.0390498  -0.00121585  0.547522  
-0.00805354  0.000945003  -0.00397534  -0.0397688  0.084881  0.52485  
-0.00811639  0.000599759  -0.0045486  0.00811238  0.0702014  0.437462  
-0.00721203  0.00053581  -0.00510085  0.00273436  0.0532697  0.490934  
-0.00887995  0.000584848  -0.00515584  -0.00839088  0.042645  0.629804  
-0.0098486  0.000555738  -0.00520268  -0.0319875  0.0172112  0.552848  
-0.00663928  0.000920565  -0.00476358  -0.0493988  0.039881  0.467171  
-0.00670999  0.00100147  -0.00412026  -0.041755  0.0759438  0.479543  
-0.00501497  0.00128204  -0.00426787  -0.0298806  0.104986  0.462819  
-0.012643  0.0012281  -0.00378243  -0.000395515  -0.0243779  0.626002  
-0.0117921  0.000917686  -0.00484224  -0.0178936  -0.0498888  0.591838  
-0.00917533  0.000106773  -0.00655091  0.0147885  0.0745627  0.665112  
-0.00505068  -0.000547251  -0.00403989  0.0284083  0.144023  0.487167  
-0.00503959  -0.000170607  -0.00348785  0.0328445  0.029683  0.354361  
-0.00722085  -0.0006291  -0.0043239  0.0224108  0.0764863  0.535982  
-0.00742657  -0.000909166  -0.00364389  -0.022181  0.15002  0.798202  
-0.00572747  -0.00239588  -0.00364389  -0.0381256  0.0786546  0.798573  
-0.00697109  -0.00186619  -0.00364389  -0.0199081  0.0581719  0.783337  
-0.00912949  -0.00253999  -0.00613457  -0.0384946  -0.00486352  0.693006  
-0.0135183  -0.00237471  -0.00662136  0.00765019  0.0269106  0.669478  
-0.0123947  -0.00186619  -0.00702919  -0.0370213  0.0289216  0.585531  
-0.00959941  -0.00073698  -0.0066125  -0.050237  0.0485904  0.552185  
-0.0078126  -0.000624125  -0.0066125  -0.0440657  0.0302637  0.598361  
-0.00879723  -0.00140763  -0.00676266  -0.0384456  0.0547203  0.636009  
-0.00936598  -0.00160662  -0.00593688  -0.00292027  0.0978586  0.417964  
-0.0105807  -0.00173879  -0.00609136  -0.0215344  0.068995  0.494272  
-0.0106249  -0.000260771  -0.00550259  -0.0573554  0.045371  0.480707  
-0.0111724  -0.000910325  -0.00649754  -0.0432042  -0.00467635  0.528049  
-0.0107867  -0.00131636  -0.00659483  -0.0285424  0.00982551  0.574857  
-0.012798  -0.000356902  -0.00532409  -0.029439  -0.00354048  0.678285  
-0.010813  -0.000498223  -0.00384518  0.000774062  0.10793  0.732932  
-0.00863816  -0.0016201  -0.00522833  0.0119547  0.0253057  0.592493  
-0.00918247  -0.00152923  -0.00598864  0.00299308  0.0519038  0.566438  
-0.00935278  -0.00122827  -0.00701482  -0.0159023  0.103889  0.627393  
-0.00993953  -0.00130666  -0.00653133  0.0319272  0.0702629  0.648891  
-0.00562619  -0.00147648  -0.00638392  0.0522367  0.174196  0.620768  
-0.00106356  -0.00207108  -0.00507239  0.0895972  0.0996127  0.48544  
-0.00926718  -0.00264984  -0.00588568  0.0892876  0.156864  0.599438  
-0.0042205  -0.00280947  -0.00575845  0.0727745  0.123823  0.508938  
-0.00917203  -0.00210338  -0.00519178  0.024582  0.043613  0.556762  
-0.011915  -0.00211728  -0.00594415  0.0519362  0.0817293  0.655909  
-0.0157505  -0.00255024  -0.00608553  0.0589342  -0.00338884  0.71859  
-0.0145223  -0.00255024  -0.00638822  0.045915  0.00138823  0.722177  
-0.0137238  -0.00255024  -0.00609225  0.0627714  0.00650119  0.711763  
-0.009233  -0.00305958  -0.00717261  0.0890323  0.106684  0.759079  
-0.00878077  -0.00295373  -0.00656455  0.0822544  0.178675  0.779156  
-0.010497  -0.00245287  -0.00558351  0.0713452  0.120197  1.17179  
-0.0109185  -0.00236805  -0.0058991  0.0352392  -0.00829246  0.932192  
-0.0119215  -0.00236805  -0.00635399  0.0419232  -0.0342259  0.782091  
-0.0113044  -0.00219651  -0.00602382  0.015077  -0.0187291  0.635474  
-0.0112244  -0.00236805  -0.00659698  0.00895268  0.00902045  0.675109  
-0.011028  -0.00187622  -0.00691209  0.0218601  0.0212045  0.741201  
-0.00930397  -0.00338583  -0.00791891  0.0292656  0.048838  0.780974  
-0.0130623  -0.00338583  -0.00667088  0.0569195  0.0688157  0.799479  
-0.0112905  -0.00338583  -0.0072339  0.0756942  0.0324271  0.80246  
-0.0056854  -0.00379889  -0.00762726  0.0771126  0.0552233  0.770433  
-0.00812775  -0.00347072  -0.00616611  0.0357139  0.102372  0.712001  
-0.00625144  -0.00255442  -0.00731284  0.0449875  -0.0281668  0.604279  
-0.0126094  -0.00363005  -0.00629146  0.0533786  0.0775465  0.787251  
-0.00966242  -0.00249031  -0.00587926  0.0302161  0.0525314  0.570972  
-0.00969533  -0.00202337  -0.00622473  0.00510994  0.0378084  0.534746  
-0.0105404  -0.00291663  -0.00729562  0.0106966  -0.00250029  0.687668  
-0.0110483  -0.00307068  -0.00744798  0.0142486  -0.0163395  0.824209  
-0.0109323  -0.00322776  -0.00691616  0.00894156  0.058138  0.772131  
-0.0108659  -0.00359704  -0.00739495  0.0172166  -0.031803  0.65823  
-0.0102389  -0.003288  -0.0073523  0.0171946  0.0744535  0.754857  
-0.0106138  -0.0049353  -0.00800957  0.0550104  0.0240222  0.781705  
-0.00795169  -0.0048372  -0.00747292  0.0639495  0.0699709  0.775937  
-0.0104015  -0.0041217  -0.00602329  0.0604776  0.05019  0.820414  
-0.0102743  -0.00363173  -0.00521705  0.0614687  -0.0294297  0.613294  
-0.00467721  -0.00295971  -0.0057779  0.0467259  0.073033  0.551755  
-0.00482337  -0.00289752  -0.0044665  0.0526292  0.120638  0.632296  
-0.0100426  -0.0019402  -0.00528265  0.0355638  0.00608567  0.636214  
-0.00712694  -0.00238054  -0.00586343  0.0339036  0.0532408  0.624608  
-0.0102047  -0.00312329  -0.00655288  0.0451343  0.0281885  0.755601  
-0.00964504  -0.00310599  -0.00593533  0.0528145  0.000807737  0.688377  
-0.00880306  -0.00305729  -0.00635776  0.0605529  0.0384302  0.722118  
-0.00874777  -0.00435046  -0.00712588  0.073438  -0.0212809  0.759897  
-0.00659834  -0.0035149  -0.00546755  0.0753255  0.0888295  0.734294  
-0.00269114  -0.00407694  -0.00546755  0.102285  0.104048  0.587763  
-0.00372747  -0.00427259  -0.00454484  0.0548429  0.177191  0.643118  
-0.00675375  -0.00401516  -0.00550346  0.0561755  0.0458816  0.566757  
-0.00832007  -0.00457675  -0.00550346  0.0740569  -0.00846533  0.535722  
-0.00990787  -0.00396322  -0.00550346  0.0854564  0.039265  0.605678  
-0.00686864  -0.00502725  -0.00667598  0.116319  0.0238384  0.741041  
-0.00773706  -0.0050958  -0.00568838  0.0873858  0.0327574  0.75726  
-0.0115342  -0.00462574  -0.00591554  0.0715938  -0.0315817  0.697126  
-0.0106443  -0.00474122  -0.00679933  0.0625669  -0.00322518  0.743316  
-0.00844968  -0.00380433  -0.00620209  0.0359804  -0.025624  0.762846  
-0.00778053  -0.00438097  -0.00567785  0.0380027  0.0628439  0.765464  
-0.00891038  -0.00446258  -0.00535837  0.0621763  -0.011882  0.579811  
-0.0108141  -0.00474123  -0.00666366  0.0388493  -0.0221006  0.68555  
-0.00743094  -0.00402771  -0.00578198  0.0351441  0.117182  0.720874  
-0.00670716  -0.00344521  -0.00485168  0.0257464  0.0672188  0.700386  
-0.00850569  -0.00344521  -0.0047078  0.0272031  0.029108  0.790876  
-0.00919864  -0.00498589  -0.00504298  0.0344824  -0.0223024  0.697274  
-0.00945421  -0.00506613  -0.0051583  0.0528747  -0.0331237  0.64551  
-0.0106907  -0.00488451  -0.00620632  0.0573808  -0.0159007  0.680565  
-0.0109119  -0.00499378  -0.00688277  0.0407104  -0.0441639  0.794286  
-0.0117918  -0.00527639  -0.00484213  0.0376614  -0.0211456  0.957642  
-0.0150847  -0.00557862  -0.00441171  0.0597035  -0.194453  0.759638  
-0.00874242  -0.00409293  -0.00530118  0.0472986  -0.0885407  0.731944  
-0.00731187  -0.00446576  -0.00599617  0.0403524  0.040078  0.770149  
-0.00255559  -0.00634055  -0.00601298  0.105236  0.0486281  0.761789  
-0.00277809  -0.00669314  -0.00515436  0.0857274  0.176993  0.943394  
-0.00398445  -0.00619147  -0.00438367  0.0586489  -0.0183294  0.890939  
-0.00583515  -0.00562301  -0.00382837  0.0130336  -0.041023  0.766546  
-0.0104483  -0.00581668  -0.00340833  0.0157589  -0.0867449  0.823911  
-0.00841246  -0.00562301  -0.00413376  0.00278496  -0.0450504  0.917016  
-0.00930632  -0.00490691  -0.00513866  -0.0240229  -0.0919685  0.84399  
-0.00920078  -0.00445293  -0.00526281  0.00790607  0.0398876  0.9515  
-0.00900403  -0.00534423  -0.00482308  0.0157254  0.0201153  1.0867  
-0.00614175  -0.00595698  -0.00400459  0.0455373  0.0689563  1.18531  
-0.0094825  -0.00674897  -0.00418373  0.0183588  -0.0752369  0.936607  
-0.0104297  -0.00602535  -0.00463123  -0.033066  -0.115071  0.863346  
-0.0186075  -0.00640595  -0.00357912  -0.0209265  -0.237546  0.909769  
-0.0181545  -0.00567781  -0.00326615  -0.00522162  -0.145895  1.02453  
-0.0143185  -0.00670142  -0.00365363  0.000405497  -0.125195  1.01231  
-0.0157434  -0.00913016  -0.00398067  0.0811698  -0.0739877  1.49105  
-0.0174493  -0.00964254  -0.00418731  0.1085  -0.257834  1.38141  
-0.0165149  -0.00798585  -0.00413547  0.0528977  -0.159976  1.16911  
-0.0209776  -0.00774859  -0.00519638  0.00508917  -0.2812  0.996715  
-0.0216213  -0.00754206  -0.0045964  -0.0299372  -0.332247  1.01325  
-0.0183253  -0.00688449  -0.00516446  -0.0684199  -0.151108  0.996622  
-0.0178008  -0.00667835  -0.00571009  -0.0320254  -0.190449  0.937491  
-0.0139009  -0.0060482  -0.00572035  -0.02941  -0.116643  0.944649  
-0.0167735  -0.00530392  -0.00602227  -0.0486126  -0.236298  1.035  
-0.0141975  -0.00549515  -0.0042855  0.0429655  -0.0736884  1.10336  
-0.0137059  -0.00488288  -0.00516419  -0.00444023  -0.0511016  0.883718  
-0.0149834  -0.00488288  -0.00483552  -0.00457862  -0.146475  0.826056  
-0.0151278  -0.0053038  -0.0050923  0.0100101  -0.100109  0.888371  
-0.0130478  -0.00477051  -0.0051577  0.0250646  -0.11208  0.956349  
-0.00572305  -0.0053038  -0.0062392  0.0360521  -0.0520615  0.983006  
-0.00623019  -0.0066205  -0.00672639  0.0521845  -0.00730084  0.956394  
-0.013027  -0.00650974  -0.00738708  0.0362472  -0.220213  0.748694  
-0.0122683  -0.00633831  -0.00689845  0.0313428  -0.109221  0.833501  
-0.00685572  -0.00757402  -0.00830926  0.0929182  0.0576444  0.939063  
-0.0121558  -0.00758478  -0.00667418  0.0180514  -0.0435623  0.953631  
-0.0144233  -0.00592482  -0.00667418  0.00727968  -0.0332895  0.917751  
-0.0124178  -0.00589156  -0.00629577  -0.000842944  -0.0199431  0.919524  
-0.0137054  -0.00567423  -0.00611881  0.00855809  -0.0768796  0.897995  
-0.0100918  -0.004249  -0.00651638  -0.0195862  0.0107843  0.85188  
-0.0132839  -0.00400495  -0.00661364  -0.0152855  -0.0914446  0.947541  
-0.0120762  -0.0047472  -0.00590534  0.0072891  -0.135738  0.973743  
-0.0143949  -0.00521341  -0.00647839  -0.00816232  -0.0261637  0.98789  
-0.0165666  -0.00618342  -0.00470918  0.0402996  -0.0277976  1.19777  
-0.0167856  -0.00806887  -0.00724576  0.058471  -0.235831  0.808499  
-0.0132053  -0.00709359  -0.00691661  0.0621429  -0.0651518  0.787659  
-0.00868031  -0.00760442  -0.00752384  0.0262256  -0.0116867  0.728872  
-0.012755  -0.00852127  -0.00666225  0.0504168  0.0305416  0.933673  
-0.0120306  -0.00704572  -0.00663565  0.0426636  -0.0259639  0.872569  
-0.0136257  -0.00653822  -0.00667312  0.0496667  0.00137093  0.890031  
-0.0140508  -0.00670846  -0.00809088  0.0684119  -0.0590953  1.07531  
-0.0129071  -0.00656343  -0.00694014  0.035667  0.0447422  1.03455  
-0.0136273  -0.00626823  -0.00670675  0.0115333  -0.0801486  0.878888  
-0.0100229  -0.00504708  -0.00618209  0.0230854  0.0120832  0.84805  
-0.0103636  -0.0062386  -0.00618208  0.0352232  0.0118737  0.803607  
-0.0103755  -0.00571977  -0.00567234  0.0115206  0.0221713  0.853073  
-0.0113177  -0.00521187  -0.00541993  0.0180285  -0.0780784  0.828683  
-0.0101329  -0.00521187  -0.00567262  0.00499916  0.0796587  0.920388  
-0.00837128  -0.00746915  -0.00423867  0.0256908  0.134707  1.40323  
-0.00957426  -0.00961792  -0.00549098  -0.00389218  -0.0576012  1.25113  
-0.0180989  -0.00690801  -0.00435183  -0.0456213  -0.294608  1.01038  
-0.0169733  -0.00599527  -0.00469113  -0.0425577  -0.138101  0.887768  
-0.0159847  -0.00656411  -0.00544477  -0.05172  -0.104106  0.927123  
-0.0128142  -0.00609153  -0.00394014  -0.023971  0.0621541  1.12569  
-0.00563431  -0.00556504  -0.00487554  0.0496573  -0.00547021  1.2106  
-0.00745709  -0.00733766  -0.00565726  0.0491925  0.0504852  1.147  
-0.0119403  -0.0073566  -0.0054956  0.0183642  -0.0243858  0.806844  
-0.014102  -0.0073566  -0.00526204  0.04149  0.0831107  1.19338  
-0.0111974  -0.0062656  -0.00496857  0.0104277  0.00787464  1.0299  
-0.0146094  -0.00501988  -0.00480018  -0.0315769  -0.0796239  0.891881  
-0.0161587  -0.00337959  -0.00593391  -0.0807959  0.0146743  1.03193  
-0.0158725  -0.00442222  -0.00615326  -0.0684583  -0.0196674  0.928303  
-0.0148221  -0.00503438  -0.00630906  -0.0444615  -0.0262191  0.875264  
-0.0147282  -0.00461602  -0.0057133  -0.0263937  0.00277694  0.898276  
-0.0127008  -0.00514388  -0.00515814  -0.0398846  0.0692182  0.966675  
-0.0145647  -0.00619583  -0.00387821  -0.00548932  -0.00945385  1.46903  
-0.012505  -0.0075384  -0.00493263  0.0126499  -0.109217  1.07706  
-0.0136454  -0.00743984  -0.00440887  -0.0104381  -0.0999648  1.01629  
-0.014846  -0.00717855  -0.00462977  -0.0272746  -0.0558232  0.871935  
-0.0168333  -0.00614692  -0.00469191  -0.0349065  -0.114488  0.779332  
-0.0184577  -0.00674903  -0.00426324  -0.000262558  -0.061805  1.04298  
-0.0173062  -0.00560281  -0.00771623  -0.0568251  -0.0551901  0.873583  
-0.014554  -0.00602616  -0.00655782  -0.0413349  0.0415314  0.971336  
-0.0174152  -0.00775394  -0.00672043  -0.052828  -0.0715372  0.99495  
-0.0205423  -0.00689014  -0.00726309  -0.0377308  -0.126532  1.03165  
-0.0176195  -0.00721708  -0.00785976  -0.0516573  -0.0752604  0.973201  
-0.0230335  -0.00733068  -0.00783102  -0.0192923  -0.184512  1.03844  
-0.026142  -0.00734513  -0.00638061  0.0540032  -0.21511  1.16231  
-0.0213607  -0.0073607  -0.00612638  0.0472082  -0.107277  1.34479  
-0.0169834  -0.00715215  -0.00728214  -0.00673362  -0.0303877  1.5811  
-0.0140963  -0.0067299  -0.0062166  -0.0457942  0.0168396  1.09781  
-0.00837544  -0.00607617  -0.00574623  -0.0784638  0.0972511  0.729008  
-0.0161354  -0.00686953  -0.00377379  0.00981617  0.0555463  1.01365  
-0.0161058  -0.00743907  -0.00589135  -0.0258078  0.0328099  1.04051  
-0.0163049  -0.00637584  -0.00605725  -0.0554175  -0.0687259  0.852098  
-0.0199887  -0.00641622  -0.00583251  -0.0247573  -0.157956  0.885995  
-0.0187677  -0.00608787  -0.00538403  -0.0172693  -0.0835533  1.0061  
-0.0197612  -0.006408  -0.00617991  0.0126796  -0.119353  1.00441  
-0.0179871  -0.00609774  -0.00626855  0.0225616  -0.108792  1.01197  
-0.0215617  -0.00569473  -0.00582638  0.0389701  -0.238333  1.06483  
-0.0183436  -0.00597395  -0.0068001  0.0191346  -0.106841  1.08276  
-0.0195161  -0.00551439  -0.00653909  0.0107989  -0.180488  1.144  
-0.0194959  -0.00597396  -0.0072483  0.00300716  -0.0982581  1.11795  
-0.0216687  -0.00565433  -0.00724762  0.0210837  -0.186048  1.16202  
-0.0190638  -0.00611986  -0.0071508  0.0193432  -0.161813  1.16043  
-0.0183916  -0.00632782  -0.00536803  0.0178872  -0.0707014  1.13138  
-0.0138746  -0.00491339  -0.00576831  -0.0831818  -0.0676042  1.12305  
-0.00788082  -0.00484877  -0.00615711  -0.0687203  0.02933  0.732382  
-0.00898815  -0.00461065  -0.00543112  -0.0268153  0.0391467  0.643636  
-0.0115314  -0.0054625  -0.00553534  -0.0136579  0.0370824  0.951569  
-0.00932545  -0.00476471  -0.00591753  -0.0591761  0.0368367  0.818402  
-0.0112154  -0.00443305  -0.00553065  -0.0641327  0.0593423  0.799215  
-0.0124848  -0.00491113  -0.00657717  -0.0589029  -0.0287705  0.705372  
-0.0139643  -0.00520045  -0.00529261  -0.0481395  -0.0870941  0.705011  
-0.0124183  -0.00495609  -0.00534103  -0.0210854  -0.00262743  0.697781  
-0.0108735  -0.0043116  -0.0050519  -0.0324661  0.0315431  0.770132  
-0.0125398  -0.00405367  -0.00533111  -0.0254337  -0.0355914  0.740756  
-0.0125349  -0.00441578  -0.00532472  -0.0517272  0.0693014  0.849096  
-0.00367649  -0.00634532  -0.00558395  0.0479156  0.140702  0.686676  
-0.0101346  -0.00610799  -0.00489298  0.0374576  0.0142788  0.841011  
-0.00971506  -0.00577658  -0.00529203  0.0539633  -0.0021835  0.907271  
-0.00994218  -0.00733671  -0.00628965  0.035609  0.0208632  0.88051  
-0.0102321  -0.00631394  -0.00440248  -0.057034  0.127601  0.954519  
-0.0145484  -0.00668292  -0.00470401  -0.118893  -0.0760461  0.610769  
-0.0106097  -0.00707649  -0.00518333  -0.0536789  0.143494  0.913407  
-0.0109021  -0.00855674  -0.00589824  0.00137218  0.0226897  1.16669  
-0.00842248  -0.00870065  -0.00624417  0.00779489  0.113312  1.14291  
-0.00875887  -0.0091795  -0.00605254  -0.00782764  0.0987691  1.16815  
-0.0154625  -0.00774913  -0.00572716  -0.0382955  -0.0714502  0.873455  
-0.0148083  -0.00758091  -0.00524553  0.0122442  -0.0166838  0.79096  
-0.0143719  -0.00812668  -0.00517319  0.038631  -0.00439447  0.862179  
-0.0126851  -0.00781428  -0.00603385  0.0455704  -0.0511201  0.760735  
-0.013786  -0.00767377  -0.00613011  0.0134354  -0.0539797  0.982564  
-0.0169513  -0.00733057  -0.00604348  0.0378531  -0.126317  0.938181  
-0.0158709  -0.00707985  -0.00453494  0.0610771  -0.0575441  1.0124  
-0.0143415  -0.00779046  -0.00473327  0.0713255  -0.0524157  1.0122  
-0.00991431  -0.00863853  -0.00682501  0.0673974  0.00941527  1.12494  
-0.0127842  -0.0089462  -0.00684203  0.0670676  -0.0278836  1.03225  
-0.00932991  -0.0086024  -0.00538928  0.0910908  -0.0125528  1.01299  
-0.0122865  -0.00930346  -0.0055552  0.0832751  0.0188822  1.51417  
-0.0156913  -0.0114276  -0.00538928  0.126457  -0.189758  1.94514  
-0.014893  -0.010095  -0.00548706  0.100372  -0.161526  1.21173  
-0.0146915  -0.00805762  -0.00685157  -0.0021901  -0.086239  0.80407  
-0.0188586  -0.00621428  -0.00588286  -0.00969151  -0.108332  0.884057  
-0.0187306  -0.0073163  -0.00669696  0.0276401  -0.168485  0.976233  
-0.0143541  -0.00904983  -0.00609257  0.0690265  -0.0604247  1.08065  
-0.0117212  -0.00846819  -0.00612442  0.0310163  0.0459149  1.00191  
-0.0072939  -0.00850066  -0.00576205  0.0262112  0.118188  1.02174  
-0.00885246  -0.0073177  -0.00514745  -0.0228016  0.075012  0.801854  
-0.00951333  -0.0085618  -0.00459208  -0.0116365  0.081787  1.21908  
-0.00852318  -0.00981633  -0.0046445  0.0310729  0.00654102  1.44498  
-0.0126375  -0.00927234  -0.00599749  0.0107779  -0.0784838  1.71772  
-0.0100672  -0.00853553  -0.00674873  -0.0761769  -0.207372  1.40667  
-0.0090795  -0.00971911  -0.00886925  -0.110631  -0.0547745  0.946108  
-0.012471  -0.0114036  -0.00667847  0.0607777  -0.0813395  1.50985  
-0.00623696  -0.0127734  -0.00659055  0.0388604  0.0692303  0.885287  
-0.0159069  -0.0117767  -0.00797239  -0.01091  0.0111622  1.0258  
-0.0131624  -0.0118578  -0.00798965  0.00283191  0.0434438  0.989631  
-0.0153835  -0.0129395  -0.0109084  0.0352127  0.0453398  1.06974  
-0.0112667  -0.0122163  -0.00911315  0.0118883  0.116159  1.12736  
-0.0238838  -0.0110158  -0.00918427  0.00933319  -0.0891616  1.08633  
-0.0235543  -0.011076  -0.010171  -0.00274596  -0.0896632  1.14646  
-0.0213619  -0.0110179  -0.00800588  0.0177539  0.0306321  1.20071  
-0.0172842  -0.0118317  -0.0111363  0.0258639  0.0298946  1.17387  
-0.0150052  -0.0113321  -0.0108072  -0.0248128  0.108705  1.14233  
-0.0172846  -0.0107312  -0.0104498  -0.0159362  0.017334  1.07268  
-0.0157363  -0.00981186  -0.0096987  0.00582202  0.0763777  1.10285  
-0.0144073  -0.0103558  -0.00903664  -0.0235782  0.113864  1.09536  
-0.0146437  -0.0100795  -0.0072933  -0.00337416  0.0623507  1.05881  
-0.0156323  -0.0098385  -0.00854902  -0.020618  0.104085  1.08393  
-0.0192699  -0.00940922  -0.0107499  -0.0673251  0.0265957  1.22748  
-0.0193298  -0.0113745  -0.00763276  0.0443823  -0.0337347  1.23555  
-0.0178142  -0.0131115  -0.0111029  0.0420283  0.0352154  1.28281  
-0.0147731  -0.0126657  -0.011569  0.0404838  0.10514  1.34886  
-0.0143832  -0.0119424  -0.0110709  0.00284455  0.122318  1.43746  
-0.0164947  -0.0127413  -0.00959255  0.0297617  0.0358055  1.43864  
-0.0205025  -0.0137305  -0.0122966  -0.00937743  -0.0461668  1.36412  
-0.0210603  -0.0130928  -0.012635  -0.0132729  -0.106191  1.34361  
-0.0144724  -0.012027  -0.0102513  0.00184007  0.0971945  1.34989  
-0.016938  -0.0119165  -0.008436  0.0404054  0.0892073  1.48919  
-0.013431  -0.0121696  -0.0098577  0.0372278  0.159687  1.42191  
-0.0119102  -0.0117111  -0.00946277  0.0357427  0.135861  1.26361  
-0.0152118  -0.011318  -0.00973708  0.0528849  0.0607348  1.42377  
-0.0172267  -0.0112273  -0.00976433  0.0356432  0.0491129  1.36687  
-0.0159534  -0.0114857  -0.0103896  0.0272059  0.0613065  1.44465  
-0.0181299  -0.0112745  -0.00903776  0.0318525  0.0403567  1.54999  
-0.0177651  -0.0116145  -0.00876613  0.0408536  -0.0442527  1.4336  
-0.0191697  -0.0102916  -0.00771091  0.0239976  0.00749976  1.44949  
-0.0131136  -0.00520862  -0.00482274  0.0231957  0.132555  1.16802  
-0.00887414  -0.00885935  -0.00333559  0.0243906  0.165513  1.03756  
-0.0139744  -0.00831085  -0.00565397  0.0259578  0.101808  1.18134  
-0.0114115  -0.00730896  -0.00618135  -0.0120704  0.140948  1.11452  
-0.0126586  -0.00703248  -0.00634423  -0.0217369  0.166583  1.32778  
-0.0143247  -0.00807939  -0.00486576  -0.0227546  0.164569  1.91993  
-0.0113143  -0.00987826  -0.00578264  0.0394087  0.168081  1.86269  
-0.0165529  -0.00717323  -0.00410787  -0.0926984  -0.0475695  1.57812  
-0.00989376  -0.00578988  -0.00342783  -0.247856  -0.204738  1.21898  
-0.0071048  -0.0071019  0.00494654  0.0629691  0.179246  0.919542  
