0.0331726  -0.0106201  0.00703233  0.572633  0.0367152  -2.61201  
0.0323439  -0.00807491  0.0022676  0.451015  0.113262  -2.60014  
0.0341994  -0.00864079  0.00229338  0.431416  -0.0141951  -2.8907  
0.0321403  -0.00808804  0.00458089  0.457241  0.170631  -2.69841  
0.0298946  -0.00836483  0.00612554  0.427535  0.265855  -2.44471  
0.0295247  -0.00800041  0.0065207  0.446644  0.274329  -2.32939  
0.0286856  -0.00767243  0.0065207  0.419263  0.293003  -2.32564  
0.0301798  -0.00742375  0.0049898  0.391697  0.337656  -2.35351  
0.0289122  -0.00827253  0.00593867  0.440045  0.234509  -2.32266  
0.0291955  -0.00903014  0.00793224  0.500162  0.237085  -2.25263  
0.0284697  -0.00879085  0.00837219  0.489939  0.245289  -2.26501  
0.0287837  -0.00855648  0.00743575  0.470209  0.253172  -2.17792  
0.0285712  -0.00840493  0.00740125  0.460797  0.22344  -2.21314  
0.0288297  -0.00732174  0.00673559  0.413313  0.276476  -2.15226  
0.0272719  -0.00754457  0.00669128  0.423122  0.247856  -2.17811  
0.0275922  -0.00796994  0.00643853  0.425153  0.319889  -2.11975  
0.0267922  -0.00828482  0.00666724  0.417108  0.253125  -2.17834  
0.0291092  -0.00708072  0.00579755  0.400201  0.275136  -2.20125  
0.0375979  -0.00364554  0.00313183  0.3523  0.00614785  -2.88015  
0.0313806  -0.00609023  0.00492847  0.366471  0.231121  -2.61946  
0.0297694  -0.00659389  0.00610127  0.394022  0.315293  -2.2762  
0.0283915  -0.0070536  0.00759203  0.442971  0.261995  -2.11879  
0.0281355  -0.00716998  0.00802217  0.457737  0.338825  -2.02579  
0.027179  -0.00735857  0.00835585  0.437082  0.252254  -1.98143  
0.0270663  -0.00722508  0.00835585  0.444029  0.339057  -1.91435  
0.0257837  -0.00674312  0.00835585  0.437606  0.283751  -1.89517  
0.0253668  -0.00720279  0.00835585  0.473796  0.365684  -1.82596  
0.0251245  -0.00777894  0.00967852  0.490167  0.264132  -1.8829  
0.0255089  -0.00779509  0.00960382  0.485337  0.356481  -1.78578  
0.0248695  -0.00810375  0.0103926  0.482786  0.310729  -1.7827  
0.0243453  -0.00774565  0.0106061  0.492175  0.331791  -1.69865  
0.0243453  -0.00810375  0.010928  0.503165  0.310102  -1.71312  
0.0240809  -0.00810375  0.0112227  0.505306  0.24225  -1.69088  
0.0233174  -0.00810376  0.0110157  0.522329  0.316975  -1.54011  
0.0221046  -0.00859988  0.0116116  0.524363  0.221824  -1.56365  
0.0222615  -0.0082919  0.0117863  0.528381  0.266647  -1.54843  
0.0212167  -0.00793128  0.0114499  0.52538  0.267859  -1.44791  
0.020396  -0.00786822  0.0117863  0.522908  0.195296  -1.47479  
0.0196858  -0.00840571  0.0117863  0.539714  0.261611  -1.37955  
0.0188467  -0.00863987  0.012189  0.550554  0.206813  -1.34347  
0.0191285  -0.00851583  0.011961  0.549072  0.202658  -1.38818  
0.0196105  -0.00888829  0.0117863  0.547305  0.250207  -1.37818  
0.0195613  -0.00881433  0.0118755  0.542482  0.2235  -1.41262  
0.0190386  -0.00864238  0.0120276  0.539842  0.240198  -1.4061  
0.0194181  -0.00897507  0.0117863  0.549377  0.299119  -1.37034  
0.0191653  -0.00897507  0.0117863  0.529329  0.22059  -1.4346  
0.0203165  -0.00876536  0.0117863  0.541732  0.321731  -1.35904  
0.020333  -0.00917713  0.0117863  0.549509  0.255625  -1.43554  
0.0205619  -0.00928012  0.0122112  0.557284  0.256303  -1.45958  
0.0203308  -0.00933658  0.0121259  0.561479  0.319719  -1.39124  
0.0198391  -0.00907261  0.0122423  0.548594  0.258731  -1.45054  
0.0202578  -0.00891088  0.0118273  0.53933  0.333773  -1.40559  
0.0194051  -0.00897871  0.0116368  0.524278  0.261483  -1.46465  
0.0192736  -0.00903391  0.0118752  0.539433  0.303824  -1.43044  
0.0196391  -0.00920287  0.0118176  0.537654  0.295416  -1.42522  
0.0193941  -0.0089269  0.0119048  0.523794  0.249331  -1.43333  
0.019934  -0.00874986  0.0119036  0.520087  0.315172  -1.42617  
0.0191639  -0.00883838  0.0118276  0.545401  0.371567  -1.33112  
0.0200355  -0.00883838  0.0125807  0.553428  0.240794  -1.44534  
0.0194969  -0.00883838  0.0125807  0.548826  0.246605  -1.4374  
0.0192717  -0.00894126  0.0125807  0.545692  0.298076  -1.43505  
0.019356  -0.00935065  0.0120682  0.541773  0.309964  -1.43092  
0.0262327  -0.00731536  0.00662501  0.41527  0.0896507  -1.79582  
0.0242671  -0.00734457  0.00851605  0.443404  0.107873  -1.61122  
0.0218866  -0.00904402  0.0109444  0.512184  0.175037  -1.47548  
0.0283739  -0.00811975  0.00830687  0.481416  0.114735  -1.31795  
0.0231662  -0.00605307  0.00961603  0.43175  0.0538671  -0.924244  
0.0208879  -0.00625113  0.00984472  0.419334  0.0481186  -1.0198  
0.0216534  -0.00627757  0.00984472  0.424107  0.0788414  -1.19301  
0.0220951  -0.00633191  0.00970733  0.409932  0.156323  -1.25761  
0.0213135  -0.00696355  0.00984472  0.436489  0.093017  -1.22484  
0.0222779  -0.00773952  0.0116738  0.506239  0.174551  -1.25861  
0.0211894  -0.00696355  0.0114532  0.479674  0.0575405  -1.20364  
0.0207429  -0.00741803  0.0112032  0.465309  0.145481  -1.18938  
0.0208165  -0.006983  0.0106246  0.445493  0.190961  -1.1807  
0.0202987  -0.00741803  0.0102629  0.432054  0.10217  -1.14547  
0.019858  -0.00750005  0.0104009  0.439756  0.152687  -1.13247  
0.019793  -0.0070703  0.0104009  0.417143  0.175424  -1.15082  
0.019858  -0.00713194  0.0102471  0.423502  0.212654  -1.13711  
0.0188226  -0.00743278  0.0104009  0.428739  0.123323  -1.12098  
0.0187652  -0.00670716  0.00998622  0.412924  0.178859  -1.12668  
0.0193012  -0.00743278  0.0104009  0.428106  0.247668  -1.1034  
0.0188354  -0.00743278  0.0104009  0.412189  0.212112  -1.13746  
0.0182021  -0.00789563  0.0102123  0.42638  0.106618  -1.08089  
0.0175224  -0.00738194  0.009505  0.405163  0.196079  -1.06607  
0.0175224  -0.00766437  0.009505  0.404898  0.189347  -1.04661  
0.0173605  -0.00789563  0.009505  0.398548  0.211412  -1.04455  
0.0173664  -0.00772098  0.00995226  0.406111  0.22491  -1.04985  
0.0167677  -0.00772319  0.00950501  0.403316  0.15939  -1.04166  
0.0170129  -0.00752437  0.00957664  0.398155  0.183621  -1.06149  
0.0176428  -0.00744864  0.00936743  0.393882  0.230598  -1.12443  
0.0167776  -0.00730368  0.00929155  0.389546  0.125062  -1.04853  
0.0163718  -0.00700665  0.00851896  0.366535  0.212622  -1.00994  
0.0161355  -0.007411  0.0086487  0.362941  0.180667  -1.03737  
0.0158591  -0.00699161  0.00855307  0.355456  0.174726  -1.01046  
0.0228677  -0.00686005  0.00735516  0.342781  0.187654  -1.40915  
0.0306042  -0.00487494  0.00473714  0.264652  0.00356446  -1.64093  
0.022126  -0.00561869  0.00532438  0.271631  0.146604  -1.26103  
0.0207651  -0.00572993  0.00578656  0.28034  0.125451  -1.21757  
0.0187983  -0.00552034  0.00556942  0.267547  0.115243  -1.15422  
0.018616  -0.00610538  0.00602511  0.285179  0.155214  -1.10425  
0.0178314  -0.00579887  0.00606975  0.276014  0.11084  -1.09829  
0.0181389  -0.00558413  0.00631524  0.270633  0.196826  -1.1024  
0.0175005  -0.00575835  0.00600815  0.276959  0.0758911  -1.11175  
0.0170886  -0.00616224  0.00590217  0.283064  0.136321  -1.09097  
0.0176171  -0.00616224  0.0061094  0.273775  0.197817  -1.08168  
0.0172926  -0.00616224  0.00616833  0.291362  0.10336  -1.08579  
0.0168943  -0.00616232  0.00583247  0.283243  0.123393  -1.07464  
0.017039  -0.00610322  0.00618076  0.284285  0.166781  -1.08083  
0.0171943  -0.00639806  0.00599311  0.285212  0.109974  -1.09472  
0.0167028  -0.00627435  0.00608535  0.290685  0.120325  -1.06465  
0.0167676  -0.00619135  0.00619486  0.281054  0.160496  -1.05832  
0.0169868  -0.00639806  0.00606788  0.288679  0.141582  -1.06847  
0.0162981  -0.00582758  0.00638339  0.287706  0.110894  -1.05122  
0.0168397  -0.00603256  0.00642186  0.287219  0.196555  -1.02638  
0.0169798  -0.00609608  0.00641372  0.2878  0.104891  -1.07675  
0.0167885  -0.00639807  0.00642186  0.296756  0.206829  -1.05166  
0.016486  -0.00639807  0.00667186  0.313976  0.113158  -1.06898  
0.0161594  -0.00624167  0.00678992  0.30242  0.160713  -1.04645  
0.0163225  -0.00639807  0.00670873  0.313133  0.155224  -1.09134  
0.0161056  -0.00639807  0.00728405  0.319303  0.146109  -1.03141  
0.0157446  -0.00695284  0.00749687  0.342181  0.148762  -1.08447  
0.0160558  -0.00662851  0.00724687  0.325976  0.195479  -1.05092  
0.0156756  -0.00647816  0.00712807  0.315421  0.116047  -1.07035  
0.0155127  -0.00687865  0.00656469  0.306978  0.168104  -1.04083  
0.0155992  -0.00630202  0.0067966  0.31337  0.121186  -1.05267  
0.0164162  -0.00670996  0.00749687  0.344404  0.143524  -1.06898  
0.0155454  -0.00659446  0.00705292  0.333976  0.0935507  -1.06771  
0.0148592  -0.00641225  0.00643721  0.303665  0.147873  -1.01985  
0.0147869  -0.00633855  0.00628374  0.308927  0.141829  -1.02858  
0.0145482  -0.00620582  0.00627  0.316693  0.157468  -0.99346  
0.0145138  -0.00667386  0.00651205  0.325826  0.138186  -1.01472  
0.0147557  -0.00685844  0.00627099  0.317662  0.141856  -1.02514  
0.0165894  -0.0056508  0.00620986  0.311107  0.247601  -1.02824  
0.0273084  -0.00456683  0.00344839  0.308409  -0.140965  -1.73485  
0.0219365  -0.00491404  0.00503344  0.30503  -0.0131957  -1.3362  
0.0179248  -0.00586605  0.00564612  0.31795  0.0542711  -1.24953  
0.0169008  -0.00636678  0.00605334  0.322425  0.139591  -1.13763  
0.0149399  -0.00637257  0.00658513  0.335883  0.0651594  -1.02683  
0.0146209  -0.00684312  0.00605334  0.33095  0.167767  -1.01126  
0.0153754  -0.00684312  0.00637711  0.324062  0.0924204  -1.00672  
0.0139298  -0.006431  0.00580334  0.298292  0.0974841  -0.996001  
0.0140756  -0.00684312  0.00605334  0.292014  0.200163  -0.976586  
0.0134133  -0.00631606  0.00605334  0.306142  0.0751071  -0.955707  
0.013394  -0.00640955  0.00605334  0.307936  0.128601  -0.938945  
0.0130347  -0.00678536  0.00621973  0.32117  0.136272  -0.959131  
0.0130544  -0.00671535  0.00605334  0.321654  0.0658016  -0.969388  
0.0129042  -0.0064198  0.00612573  0.320597  0.12481  -0.879589  
0.0122956  -0.00613321  0.00636622  0.326717  0.0448727  -0.741759  
0.0116304  -0.0061401  0.00612017  0.319079  0.049006  -0.784476  
0.0113694  -0.00642742  0.006544  0.326135  0.111693  -0.81674  
0.0106734  -0.00684313  0.00653929  0.330467  0.0215416  -0.799396  
0.0102659  -0.00684313  0.00663739  0.326483  0.0878271  -0.726444  
0.0103659  -0.00641316  0.00642803  0.325693  0.0297035  -0.750925  
0.010495  -0.00606068  0.00613178  0.312728  0.0733781  -0.769059  
0.0108147  -0.00601797  0.00607709  0.311969  0.106995  -0.780519  
0.0099933  -0.00629277  0.0059541  0.320346  0.0293731  -0.763676  
0.0110223  -0.0059947  0.00615966  0.310686  0.0899969  -0.817087  
0.0115514  -0.00579528  0.00664185  0.316024  0.0564686  -0.812777  
0.0106049  -0.00585814  0.00600487  0.305369  0.0411042  -0.772623  
0.00991824  -0.00566112  0.00604078  0.299192  0.103634  -0.736177  
0.00924386  -0.00604523  0.00612847  0.305847  0.0494277  -0.726514  
0.00864992  -0.00611831  0.00584722  0.308394  0.0883625  -0.687708  
0.00902876  -0.00593346  0.00603846  0.304808  0.0322498  -0.734209  
0.00813939  -0.00611831  0.00591008  0.30061  0.0784929  -0.708759  
0.00951357  -0.00605761  0.00576363  0.275557  0.0247939  -0.732803  
0.0110327  -0.00676724  0.004017  0.307445  -0.0959992  -0.466618  
0.0119577  -0.00617651  0.00514306  0.286133  -0.189631  -0.607951  
0.0100575  -0.00608826  0.00555608  0.283605  -0.0761973  -0.648492  
0.0106524  -0.0059524  0.00550362  0.264721  -0.0485844  -0.701324  
0.0141648  -0.00556362  0.00342799  0.264706  -0.204658  -0.857829  
0.0206507  -0.00622575  0.00367837  0.253917  -0.257389  -1.37525  
0.0154126  -0.00543266  0.0043928  0.274111  -0.113043  -1.04137  
0.0158675  -0.00505931  0.00417278  0.265043  -0.0284509  -1.09201  
0.0153474  -0.00514595  0.00421321  0.265009  -0.0913417  -1.08214  
0.0152324  -0.00545594  0.00436831  0.27539  -0.0847291  -1.07443  
0.0149455  -0.00440848  0.00408751  0.27309  -0.0678223  -1.04032  
0.0164356  -0.00515822  0.00403138  0.279791  -0.0759833  -1.075  
0.020041  -0.00553104  0.00401412  0.283018  -0.14535  -1.20638  
0.0155269  -0.00597787  0.00414691  0.304584  -0.0556122  -1.0474  
0.0164802  -0.00597787  0.00425691  0.300343  -0.0189424  -1.06604  
0.0156838  -0.00645648  0.00431819  0.310413  -0.0308021  -1.06868  
0.0153389  -0.00544262  0.00433278  0.26136  0.0108297  -1.02312  
0.0110193  -0.00579518  0.00495632  0.295704  -0.0901825  -0.847302  
0.0146982  -0.00496449  0.004726  0.314953  -0.267024  -0.7959  
0.0215216  -0.00671239  0.00538054  0.358423  -0.39654  -1.19256  
0.0136366  -0.00749947  0.00544324  0.317238  -0.286769  -0.807391  
0.0148907  -0.00718937  0.00490427  0.284759  -0.123721  -0.964725  
0.0134541  -0.00637397  0.00458019  0.272968  -0.12728  -0.896503  
0.0120948  -0.00637625  0.00424604  0.243602  -0.0807341  -0.874166  
0.0128389  -0.00624654  0.0044752  0.272632  -0.0891132  -0.941225  
0.0132306  -0.00601856  0.00508309  0.288545  -0.0650413  -0.902107  
0.0125373  -0.00520921  0.00508309  0.272947  -0.0791481  -0.81569  
0.0112659  -0.00525895  0.00463703  0.258943  -0.167638  -0.794478  
0.0122411  -0.00569534  0.00433786  0.265659  -0.0395973  -0.860213  
0.0114984  -0.00584084  0.00440854  0.272929  -0.0872865  -0.844007  
0.0113617  -0.00584084  0.00428311  0.264172  -0.0181248  -0.815259  
0.0110737  -0.00584084  0.00488051  0.291247  -0.0123013  -0.814533  
0.0101142  -0.00585493  0.00463869  0.283641  -0.050168  -0.752588  
0.0106838  -0.00562819  0.00475329  0.27714  0.0184377  -0.752482  
0.0109433  -0.006064  0.00466474  0.28886  -0.023087  -0.783528  
0.0100105  -0.00613858  0.00472694  0.289408  -0.0271711  -0.764449  
0.0103875  -0.00621234  0.0045646  0.280772  0.020076  -0.747392  
0.0105123  -0.00629019  0.00508309  0.295344  -0.00655521  -0.743373  
0.00969654  -0.00601991  0.0048407  0.273647  -0.00605006  -0.720052  
0.00994004  -0.00565973  0.00508309  0.283582  0.0178253  -0.734656  
0.00954335  -0.00688512  0.00508309  0.307224  0.0229852  -0.734019  
0.00942341  -0.00692766  0.00508309  0.315124  0.0698935  -0.697864  
0.00918155  -0.00679244  0.00508309  0.310119  0.017889  -0.686291  
0.00844306  -0.00669492  0.00508309  0.306098  0.0597242  -0.64131  
0.00805428  -0.00692145  0.00524793  0.313723  0.00736226  -0.629847  
0.00832062  -0.006398  0.00490652  0.277479  0.070631  -0.588426  
0.00787166  -0.0066537  0.00508309  0.29657  0.0153644  -0.593211  
0.0072351  -0.0064118  0.00508309  0.284533  0.0279156  -0.558426  
0.0072351  -0.00682689  0.00508309  0.29382  0.027579  -0.608262  
0.0069892  -0.00611627  0.00508309  0.281479  -0.0184894  -0.566446  
0.00639152  -0.00606789  0.00463244  0.270974  0.0357296  -0.540693  
0.00610237  -0.00614279  0.00470073  0.273357  -0.0273944  -0.540709  
0.00575663  -0.00614279  0.00513314  0.281548  0.0310759  -0.524168  
0.00616139  -0.00604675  0.00499607  0.281017  -0.018622  -0.529476  
0.00610237  -0.00618834  0.00508309  0.285562  0.0431453  -0.540726  
0.00604281  -0.00612999  0.00508309  0.293662  -0.0294808  -0.503988  
0.00575573  -0.00601678  0.00508309  0.286727  0.0491316  -0.496945  
0.00578281  -0.00603653  0.00508309  0.297441  -0.030265  -0.518869  
0.00527681  -0.00632821  0.00508309  0.292921  -0.00677047  -0.499401  
0.0113872  -0.00762763  0.00508309  0.330859  -0.042881  -0.669571  
0.0284429  -0.00703458  0.00285567  0.275521  -0.343704  -1.46934  
0.01916  -0.00609841  0.00390511  0.267731  -0.20805  -1.00973  
0.0185026  -0.00660323  0.0023345  0.304343  -0.25233  -0.689194  
0.0148277  -0.005175  0.00262053  0.249275  -0.22506  -0.633691  
0.0112429  -0.00458954  0.00157173  0.217418  -0.100727  -0.591676  
0.012195  -0.00459013  0.00244445  0.243387  -0.0760968  -0.72597  
0.0175573  -0.00508254  0.00308611  0.260899  0.0668186  -1.12307  
0.0169724  -0.00498401  0.00323682  0.253511  -0.0235048  -1.11463  
0.0162985  -0.0045125  0.00311574  0.24255  0.0454024  -1.04501  
0.0159081  -0.00419971  0.0029689  0.23742  -0.0426775  -1.00653  
0.0150856  -0.00419971  0.00311631  0.22778  -0.023107  -0.954248  
0.0142428  -0.00441661  0.00334135  0.219258  -0.0262614  -0.863628  
0.0133354  -0.00445876  0.00298102  0.23533  -0.0731873  -0.88217  
0.0133145  -0.00447718  0.0030508  0.231958  -0.0291333  -0.882069  
0.0129621  -0.00447692  0.00308503  0.235296  -0.00942341  -0.882067  
0.0123146  -0.00470989  0.00320141  0.235197  -0.0748585  -0.846512  
0.0116739  -0.00458565  0.00319383  0.231975  -0.0393258  -0.821987  
0.0119375  -0.00455688  0.00318688  0.235277  -0.00116754  -0.873031  
0.0111508  -0.00505756  0.00330022  0.239961  -0.0457946  -0.828057  
0.0115257  -0.00493057  0.0035168  0.245085  -0.0132894  -0.82019  
0.0120913  -0.00539067  0.00375465  0.255992  0.0256033  -0.85723  
0.011088  -0.00593618  0.00375822  0.261942  0.00522451  -0.84431  
0.0113575  -0.00621897  0.00392338  0.277227  0.117881  -0.851639  
0.0111185  -0.00701769  0.00435346  0.303092  0.0504181  -0.851947  
0.0105098  -0.00736422  0.00435346  0.327808  0.0333413  -0.839263  
0.00973056  -0.00736423  0.00427998  0.332721  0.0131738  -0.777761  
0.00870024  -0.00679862  0.00401848  0.328121  -0.0499574  -0.777358  
0.00999134  -0.00625936  0.00435346  0.318657  0.080047  -0.824473  
0.0107549  -0.00709041  0.00435346  0.321174  0.060429  -0.82069  
0.00794852  -0.00723089  0.00435346  0.327857  0.0530443  -0.759652  
0.00927773  -0.00723888  0.00392522  0.327779  0.143129  -0.770975  
0.00870923  -0.00802026  0.00400788  0.344414  -0.00624512  -0.738856  
0.00738938  -0.0067851  0.00348131  0.330751  0.0238469  -0.607804  
0.0114049  -0.00719703  0.00268223  0.37484  -0.14679  -0.685141  
0.00984674  -0.00846061  0.00390375  0.394138  -0.0147217  -0.901518  
0.0111914  -0.00786036  0.00420584  0.389516  0.0257613  -1.04938  
0.0121563  -0.00789905  0.00420669  0.396456  0.108318  -1.03521  
0.0109818  -0.00780304  0.00392986  0.390535  0.00882992  -0.926075  
0.00982622  -0.00757331  0.00389704  0.360633  0.108135  -0.926493  
0.0105139  -0.00737256  0.00391  0.354599  0.0742748  -0.939092  
0.0102735  -0.00723803  0.00369502  0.344679  0.048361  -0.912137  
0.00991594  -0.00727944  0.00382765  0.345894  0.0967775  -0.898845  
0.00971974  -0.00689766  0.00336695  0.333422  0.0514517  -0.863378  
0.00923491  -0.00715405  0.00353079  0.333591  0.0932083  -0.860975  
0.00905975  -0.00745156  0.00369465  0.344897  0.0857283  -0.85476  
0.00919609  -0.00731868  0.00375418  0.347237  0.0462328  -0.85923  
0.00898682  -0.00764186  0.00382011  0.347997  0.0738319  -0.851007  
0.00982433  -0.00769006  0.004256  0.35163  0.0591809  -0.88894  
0.0097828  -0.00740853  0.00413959  0.360274  0.0457772  -0.85332  
0.00930393  -0.00716307  0.004256  0.342925  0.0815802  -0.864362  
0.00880458  -0.00702268  0.00411379  0.342686  -0.00735553  -0.829718  
0.00852992  -0.00702268  0.00392835  0.335085  0.058977  -0.839332  
0.00907669  -0.00702268  0.004256  0.338427  0.09159  -0.867401  
0.00861342  -0.00702268  0.00413979  0.346861  0.00179445  -0.834496  
0.00810714  -0.00702268  0.00380756  0.338932  0.0359388  -0.833677  
0.00849436  -0.00684346  0.004256  0.334444  0.0731269  -0.861328  
0.00811644  -0.00702268  0.004256  0.344361  0.0357279  -0.865049  
0.00775084  -0.00628882  0.00381644  0.315119  -0.00627867  -0.810243  
0.00748429  -0.00648615  0.0038037  0.323103  0.0465102  -0.824307  
0.00855893  -0.00698288  0.00385083  0.327203  0.118818  -0.834696  
0.00863382  -0.00703907  0.00388482  0.342269  0.0416323  -0.80875  
0.00868493  -0.00698288  0.004256  0.345533  0.0578548  -0.809224  
0.00878801  -0.00682246  0.004256  0.338667  0.0874495  -0.818303  
0.00911161  -0.00698288  0.00415329  0.335689  0.15247  -0.822329  
0.00804775  -0.00752616  0.00388636  0.336312  0.0278158  -0.788634  
0.00787013  -0.00684053  0.00280522  0.32139  0.010279  -0.722738  
0.0141852  -0.00752616  0.00165141  0.303572  -0.117672  -0.94994  
0.00798954  -0.0060796  0.00306759  0.287311  -0.141161  -0.602333  
0.0092066  -0.00587911  0.00319886  0.282973  -0.10212  -0.828205  
0.00910961  -0.00614076  0.00313904  0.270723  -0.00236698  -0.822661  
0.0111497  -0.00587911  0.00349444  0.267382  0.0952165  -0.87906  
0.00873148  -0.00552331  0.00368696  0.261511  0.0130607  -0.593767  
0.00694892  -0.00552681  0.00327497  0.271451  -0.0347333  -0.477637  
0.0105104  -0.00587911  0.00141981  0.261424  -0.13406  -0.81607  
0.0113919  -0.00607031  0.00233763  0.243399  -0.0853448  -0.959373  
0.013461  -0.0064866  0.00200611  0.241962  -0.0739912  -0.973237  
0.0110604  -0.00698932  0.00342563  0.28989  0.0140379  -0.839427  
0.0115505  -0.00655993  0.00353836  0.270312  0.104327  -0.831657  
0.0119798  -0.00543057  0.0035523  0.273546  0.154372  -0.65922  
0.00967815  -0.00470457  0.00398312  0.263032  -0.0218  -0.453912  
0.00765888  -0.00436911  0.00398312  0.255024  -0.0690894  -0.487567  
0.00775014  -0.00457883  0.00439124  0.252035  0.0701375  -0.619503  
0.00969564  -0.00480262  0.00429075  0.266297  0.16331  -0.705577  
0.00892358  -0.00511295  0.00452306  0.259221  0.122398  -0.675067  
0.00821095  -0.00511295  0.00434713  0.249529  0.161004  -0.640821  
0.00778439  -0.0051538  0.00453322  0.266197  0.197444  -0.603556  
0.00762841  -0.00543183  0.00468136  0.274156  0.0905339  -0.632962  
0.00835129  -0.0054979  0.00472669  0.275937  0.133656  -0.633025  
0.00864934  -0.00553364  0.0046144  0.27044  0.175124  -0.635454  
0.00860583  -0.00541828  0.00448159  0.261966  0.164013  -0.625975  
0.00829794  -0.00529645  0.00419596  0.250806  0.132183  -0.605903  
0.00733167  -0.0050304  0.0043198  0.251809  0.175047  -0.592928  
0.00781417  -0.00490636  0.00410253  0.25468  0.216499  -0.569163  
0.00772584  -0.00512918  0.00418113  0.255208  0.139462  -0.586007  
0.00755964  -0.00515168  0.00415984  0.252902  0.182856  -0.570236  
0.00782811  -0.00523413  0.00413974  0.258778  0.247149  -0.561291  
0.00775966  -0.00504949  0.00402047  0.259524  0.180687  -0.559356  
0.00745144  -0.00500237  0.00413386  0.25177  0.200789  -0.54269  
0.007022  -0.00516817  0.00396208  0.257631  0.236707  -0.537728  
0.00684536  -0.00506501  0.00418704  0.253991  0.243993  -0.492108  
0.00568488  -0.00531753  0.00436867  0.257039  0.213702  -0.449859  
0.00581269  -0.00526456  0.00420761  0.262036  0.13601  -0.452357  
0.0061501  -0.00595685  0.00257853  0.287869  0.0823082  -0.375484  
0.0138624  -0.00595685  0.00144086  0.305012  -0.18433  -0.532346  
0.00785141  -0.00429219  0.000950784  0.247731  -0.119917  -0.355629  
0.00761949  -0.00450735  0.00213325  0.255078  0.0724683  -0.496869  
0.00878609  -0.00514459  0.00303814  0.271822  0.110906  -0.552905  
0.0109891  -0.00502622  0.00315126  0.268722  0.168627  -0.649842  
0.0107086  -0.00502622  0.0033883  0.277403  0.114227  -0.622965  
0.0111151  -0.00457182  0.00341583  0.261272  0.227638  -0.628571  
0.0114821  -0.00453134  0.00322269  0.256257  0.164812  -0.679872  
0.0152981  -0.00566929  0.00190696  0.308581  0.0346672  -1.01189  
0.0138674  -0.00512426  0.00294773  0.279527  0.181171  -0.89444  
0.0141726  -0.00489011  0.0033696  0.282095  0.225407  -0.872038  
0.0114467  -0.00494942  0.00327585  0.274748  0.164303  -0.785067  
0.0117023  -0.00543327  0.0032655  0.272143  0.271406  -0.807824  
0.0104706  -0.00460324  0.00343124  0.262516  0.172018  -0.702645  
0.00945899  -0.00457693  0.00330745  0.243745  0.209885  -0.635221  
0.0105241  -0.00416779  0.00324684  0.240178  0.257453  -0.678099  
0.00976017  -0.00430677  0.00322946  0.237574  0.163963  -0.649228  
0.00985815  -0.00414273  0.00321969  0.22869  0.228833  -0.67251  
0.0115201  -0.00435107  0.00324547  0.230921  0.289437  -0.741785  
0.0102506  -0.00450475  0.00338163  0.247681  0.143305  -0.694759  
0.00936398  -0.00437923  0.00318164  0.224367  0.206746  -0.616213  
0.00937135  -0.00437278  0.00288049  0.22265  0.257883  -0.63258  
0.00866522  -0.00451306  0.00295107  0.218466  0.208173  -0.598952  
0.00859292  -0.00428598  0.00309051  0.221087  0.265771  -0.58792  
0.0084146  -0.00430996  0.00323184  0.232522  0.199935  -0.573493  
0.00793157  -0.00432201  0.00297071  0.216801  0.22974  -0.558875  
0.00831295  -0.0046792  0.00309528  0.224714  0.269632  -0.567071  
0.00793157  -0.0044292  0.00323184  0.229462  0.212411  -0.582048  
0.00737324  -0.00423705  0.00292986  0.222789  0.220605  -0.531394  
0.00746046  -0.00392257  0.00290533  0.212703  0.267729  -0.507876  
0.00723637  -0.0039751  0.00282036  0.206599  0.190109  -0.505554  
0.0068666  -0.0044292  0.00283085  0.207921  0.223575  -0.502325  
0.0068666  -0.0044292  0.00298755  0.213326  0.25653  -0.505877  
0.0068666  -0.00429318  0.00281124  0.212673  0.215048  -0.50103  
0.00654825  -0.0042428  0.00275063  0.209839  0.207089  -0.475914  
0.00672088  -0.00406315  0.00298187  0.212175  0.263526  -0.427251  
0.00661154  -0.00418943  0.00282642  0.210969  0.211322  -0.465242  
0.00633307  -0.00414182  0.00278398  0.206363  0.193166  -0.43602  
0.00660389  -0.00410412  0.00282115  0.212698  0.27053  -0.453806  
0.00654663  -0.00404355  0.00279209  0.215479  0.192646  -0.457081  
0.00620127  -0.00393351  0.00266458  0.198081  0.233836  -0.459937  
0.0064086  -0.00388613  0.00285936  0.194585  0.290262  -0.427465  
0.00640451  -0.00383868  0.00282211  0.208276  0.162507  -0.408752  
0.00525824  -0.00382249  0.00260569  0.195955  0.221243  -0.387796  
0.00538411  -0.00356804  0.00270687  0.194779  0.259132  -0.355732  
0.00506197  -0.00401392  0.00277066  0.195433  0.205987  -0.364885  
0.00495465  -0.00401392  0.00268907  0.1967  0.210738  -0.353581  
0.00459865  -0.00358153  0.00275101  0.186459  0.260167  -0.321119  
0.00506197  -0.00422077  0.00275101  0.206423  0.254642  -0.353656  
0.00542909  -0.00391363  0.00280367  0.196774  0.184141  -0.337025  
0.00465973  -0.00375281  0.00275101  0.189926  0.228934  -0.325909  
0.00526826  -0.00389947  0.00275101  0.194283  0.274382  -0.357143  
0.00491611  -0.00376904  0.00275101  0.191371  0.184277  -0.349526  
0.00440149  -0.00348906  0.00260233  0.18209  0.22137  -0.340748  
0.00477278  -0.00375063  0.00275101  0.187215  0.261196  -0.340934  
0.00517642  -0.00367753  0.00275101  0.181881  0.20932  -0.340964  
0.00641434  -0.00347898  0.00204615  0.150336  0.164368  -0.33429  
0.0194307  -0.00204281  -0.000738514  0.118877  -0.144247  -0.859974  
0.0136012  -0.00181045  0.000876644  0.0906126  -0.0649655  -0.646926  
0.0121698  -0.00236567  0.00141646  0.11096  0.0702407  -0.71786  
0.0111989  -0.00205245  0.00141488  0.101955  0.129473  -0.674894  
0.0113231  -0.00139775  0.00129199  0.0752001  0.141391  -0.661519  
0.00994271  -0.00125719  0.00129199  0.0755871  0.0496543  -0.595274  
0.00865215  -0.00103389  0.00129199  0.0626165  0.0735847  -0.539859  
0.00859371  -0.00108712  0.00129199  0.0595579  0.104318  -0.522604  
0.00750318  -0.000704561  0.00129199  0.0548057  0.0155229  -0.500771  
0.00724205  -0.000773171  0.00149046  0.0627448  0.0519675  -0.492923  
0.00703148  -0.000719286  0.00129199  0.0526481  0.0772039  -0.486446  
0.00668594  -0.000719286  0.00129199  0.0465033  0.0127748  -0.478638  
0.00639854  -0.000719286  0.00129199  0.0516148  0.0637142  -0.494081  
0.0062736  -0.000610179  0.00129199  0.0561637  0.0981426  -0.45344  
0.0059185  -0.000556434  0.00129199  0.0532731  0.00973834  -0.452344  
0.00536445  -0.000558463  0.00129199  0.0489754  0.0287381  -0.436303  
0.0052168  -0.000559247  0.00129199  0.0513407  0.0510571  -0.422934  
0.00532652  -0.00100462  0.00123431  0.0588655  0.0717548  -0.444364  
0.00530236  -0.000582655  0.00122893  0.0628194  0.000112943  -0.411893  
0.00484517  -0.000814509  0.00129199  0.0602509  0.0467246  -0.422747  
0.00533652  -0.000856368  0.00129199  0.0627381  0.0896748  -0.420374  
0.00525776  -0.000623126  0.00142505  0.06282  0.0388869  -0.417313  
0.00461641  -0.00104449  0.00121644  0.062681  0.0391054  -0.399134  
0.00417986  -0.00104449  0.00129199  0.0626839  0.0569411  -0.399109  
0.00467092  -0.000986623  0.00170896  0.0803118  0.0654273  -0.399121  
0.00448465  -0.00100445  0.00156238  0.0802822  0.0708095  -0.394159  
0.00422236  -0.00100445  0.00138907  0.0648966  0.0625805  -0.379021  
0.00381343  -0.000754449  0.00134635  0.0728266  0.0694736  -0.376231  
0.00397387  -0.00100445  0.00153938  0.080293  0.0909031  -0.359605  
0.0039343  -0.0011384  0.00129199  0.080223  0.00174104  -0.345929  
0.00363907  -0.00124891  0.00154423  0.0802285  0.084419  -0.311865  
0.00389123  -0.0013518  0.00158615  0.0802074  0.0498837  -0.310184  
0.00332779  -0.00146366  0.00146423  0.0717516  0.0485339  -0.307437  
0.0035484  -0.00139873  0.00157597  0.0801845  0.0724618  -0.324326  
0.00389836  -0.00146366  0.00129199  0.0801395  0.0489786  -0.324401  
0.00348884  -0.00146366  0.00129199  0.077434  0.0807706  -0.324257  
0.00320064  -0.00141308  0.00129199  0.0749292  0.0413208  -0.303747  
0.00365108  -0.00146366  0.00152527  0.0734927  0.108436  -0.259608  
0.00335061  -0.00138311  0.0016282  0.0735118  0.036955  -0.239269  
0.00293845  -0.000897454  0.00149557  0.0684248  0.0961215  -0.256234  
0.00287371  -0.000900005  0.00188939  0.0761663  0.0732799  -0.272701  
0.00248476  -0.000900005  0.00170067  0.0736068  0.0347039  -0.267799  
0.00242503  -0.000900005  0.0015752  0.0676985  0.0903139  -0.23718  
0.00261176  -0.000900005  0.00129199  0.0578711  0.0159603  -0.243814  
0.00201087  -0.000368036  0.00129199  0.0519474  0.0621575  -0.209348  
0.00193701  -0.000900005  0.00146987  0.0568314  0.0907332  -0.200055  
0.00252357  -0.00068306  0.00140453  0.0568539  0.00670464  -0.167884  
0.00187697  -0.000706362  0.00154068  0.0568562  0.084286  -0.183524  
0.00158579  -0.000430678  0.00146466  0.0569023  -3.45214e-05  -0.182328  
0.00151739  -0.000430678  0.00129199  0.0569051  0.0586775  -0.17863  
0.00168277  -0.000736275  0.00129199  0.0568471  0.0196217  -0.237346  
0.00174461  -0.000430678  0.00129199  0.0569051  0.0161602  -0.206444  
0.00174461  -0.000796772  0.00129199  0.0568496  0.078575  -0.179213  
0.00190284  -0.000678052  0.00129199  0.0568684  0.00676392  -0.198919  
0.00134435  -0.000420269  0.00129199  0.0539973  0.0373551  -0.194845  
0.00114497  -0.000340432  0.00129199  0.0548351  0.0658131  -0.151132  
0.00141024  -0.000859833  0.00129199  0.05684  0.0510036  -0.195825  
0.00123841  -0.000859833  0.00129199  0.0636818  -0.000789761  -0.166023  
0.00103441  -0.000437442  0.00129199  0.0569029  0.0221606  -0.165983  
0.00100848  -0.000322668  0.00129199  0.0569255  0.0938191  -0.130456  
0.00109709  -0.000547883  0.00129199  0.0568748  -0.00886963  -0.187782  
0.00155673  -0.000859833  0.00129199  0.0743655  0.0138427  -0.152666  
0.00100784  -0.000859833  0.00129199  0.0632013  0.0456773  -0.144796  
0.000790585  -0.000859833  0.00123918  0.0660874  0.0316968  -0.146734  
0.00184874  -0.000594639  0.000885434  0.0870409  0.0168077  -0.126078  
0.00808822  -0.00201381  -0.000610604  0.0991335  -0.231461  -0.4648  
0.00507532  -0.00156884  0.000104683  0.0891291  -0.225146  -0.237452  
0.00259097  -0.000561999  -0.00018032  0.0538598  -0.316588  -0.153576  
0.000820206  -0.000278877  -0.00018032  0.0668287  -0.296711  -0.0398556  
0.000217573  -0.000278877  -0.00018032  0.0513227  -0.212134  -0.0229596  
0.00114969  -0.000558089  -0.00018032  0.0394247  -0.122647  -0.071298  
0.00202604  -0.000493513  0.000430846  0.0698546  -0.137043  -0.155266  
0.00259406  -0.00077617  0.000619667  0.0808679  -0.0757814  -0.189235  
0.00306141  -0.000727739  0.000965965  0.0813846  0.0503549  0.0312993  
0.00250506  -0.000491469  0.00101478  0.0723322  -0.0611842  0.274566  
0.00312133  -0.000808086  0.0010733  0.0698744  -0.19192  0.2162  
0.00171595  -0.000660523  0.00112231  0.0584653  -0.110508  0.173193  
0.0017302  -0.000660523  0.00106476  0.0797337  -0.0286605  0.0448397  
0.00114882  -0.000149971  0.00106276  0.0665875  0.0112958  0.0369604  
0.000910661  -0.00019759  0.00110822  0.0623066  0.0212677  0.0478041  
0.000432347  -0.000492267  0.00121973  0.0540388  0.042721  0.13792  
0.00102378  -0.000855038  0.00153159  0.0820661  0.0837159  0.124116  
0.000995755  -0.000736035  0.00153159  0.0936315  -0.0320252  0.0658213  
0.000366655  -0.000601324  0.00147915  0.0936156  -0.00942125  0.0661724  
0.000555544  -0.000756674  0.00103296  0.0836586  -0.0192328  0.0134041  
0.00078809  -0.000317494  0.000872405  0.0671074  -0.036954  -0.0114812  
0.000145345  -0.000222399  0.000628171  0.0515476  -0.0102131  0.0706193  
8.8783e-05  -0.00026205  0.000764884  0.0645294  -0.00463579  0.0694491  
-4.4738e-05  -0.000164139  0.000478249  0.0532082  -0.0448509  0.0554528  
-0.000568902  9.78477e-05  0.000552972  0.041712  -0.00157521  0.0329102  
-0.000493901  -0.000146212  0.000485671  0.0356877  0.0326045  0.0610696  
-0.000146229  -0.000237434  0.000385863  0.0367174  -0.0400457  0.0208528  
-9.96197e-05  -0.000391912  0.000287619  0.0258542  0.00689337  -0.0392716  
0.000136317  -0.000131021  0.000477444  0.025879  0.0579925  -0.0327014  
0.000440903  -0.000134232  0.00044776  0.0258814  -0.0163851  -0.0125547  
-0.000333887  0.000258829  0.000363521  0.00965293  0.0450394  0.0189905  
-4.36684e-05  0.000171598  0.000185673  0.00473499  0.055881  0.0122457  
-0.000124547  0.000135237  0.000267745  0.00305165  0.00104237  0.0122464  
-0.000256066  0.000154966  0.000183502  -0.0087794  0.0344108  0.0122382  
-0.000175661  0.000191208  0.000148989  -0.00657112  0.0639563  0.0218252  
-3.10507e-06  -2.88716e-05  0.000187699  -0.00154757  -0.00701399  0.00360886  
-0.000238206  -0.000332267  0.000187699  0.0166287  0.0515706  0.00360352  
0.000180779  -0.000332268  0.000264281  0.00982688  0.0631453  -0.0783783  
-0.000175661  -0.000199423  0.000458792  0.0189504  0.0345272  -0.0677598  
0.000784784  -0.000252701  0.000187699  0.0166324  0.108558  -0.067897  
0.000373414  -0.000111396  0.000187699  0.0166354  0.00158972  -0.0677838  
0.000290353  3.35283e-05  0.000273393  0.0166539  0.0704806  -0.0294986  
8.01671e-05  2.46293e-05  0.000187699  0.0119509  0.122594  -0.0125523  
-3.4555e-05  3.67349e-05  0.000375513  0.00545484  0.01549  -0.0559394  
-7.45066e-05  -0.000332268  0.000409028  0.014008  0.0826271  -0.0559183  
-4.73631e-05  7.98563e-05  0.000432468  0.0166603  0.0581559  -0.0715826  
-0.000270231  0.000110742  0.000289189  0.016664  0.0315405  -0.0455263  
-0.000476405  6.19692e-05  0.000296524  -0.000730248  0.0596492  -0.0455228  
-0.000342104  -9.8188e-05  0.000187699  0.0166422  0.0596461  -0.0645626  
-0.000333631  7.21018e-05  0.000412892  -0.00569012  0.0386538  -0.06197  
-0.000513792  0.000133456  0.000187699  -0.0158459  0.0715829  -0.045994  
-0.000454137  7.21018e-05  0.00038905  -0.0012614  0.0298624  -0.0729404  
-0.000270231  0.000245554  0.000427087  -0.0102053  0.0596475  -0.0673294  
-0.000267509  7.21018e-05  0.000454643  -0.000131918  0.0788223  -0.0630937  
-0.000160431  0.000537205  0.000597187  0.00456817  0.00834018  -0.0508817  
-0.000674459  0.000253477  0.000526304  -0.00868279  0.0711427  -0.0303095  
-0.000674459  0.00048488  0.000453348  -0.00699885  0.0397277  -0.0423612  
-0.0010073  7.21018e-05  0.000597634  -0.0017398  0.0634907  -0.0302844  
-0.000427376  0.000359385  0.000670814  0.00475486  0.0373012  -0.0512794  
-0.00060027  0.000480212  0.000615633  0.00585591  0.0763493  -0.0675478  
-0.000458242  0.000295171  0.000605267  0.0166989  -0.0210218  -0.0770787  
-0.000324863  7.21018e-05  0.000565807  0.00593717  0.0770612  -0.0319698  
-0.000588218  0.000535437  0.000688884  0.000585366  0.0280428  -0.0539489  
-0.000873527  0.000535437  0.000790354  -0.0046197  0.0639214  -0.0367064  
-0.00072835  0.000535437  0.000572716  0.00178885  0.0441199  -0.0390751  
-0.000584817  0.000142053  0.000648443  0.0134275  0.0705284  -0.0529798  
-0.000505197  8.4739e-05  0.000937042  0.0166962  0.0174672  -0.0367327  
-0.000771889  8.4739e-05  0.000937042  0.0166962  0.082103  -0.0583802  
-0.000572457  0.000401101  0.000685782  0.00493356  0.0144019  -0.0366921  
-0.000406105  8.4739e-05  0.00051217  0.000205572  0.106357  -0.0207498  
-0.000514004  8.4739e-05  0.000475158  -0.00229813  0.0127915  -0.0615959  
-0.00071175  0.000485577  0.000390448  -0.0108419  0.0796625  -0.0636776  
-0.000633457  0.000207462  0.000532815  -0.011305  0.046746  -0.0771036  
-0.000753382  0.000686323  0.000168144  -0.0165526  0.063748  -0.0470353  
-0.000513486  0.000585713  0.00031572  -0.0149126  0.106277  -0.0503132  
-0.000420421  0.000954986  0.000366448  -0.0232375  0.0836798  -0.0488476  
0.00710199  0.000316324  -0.00181074  0.00641987  -0.183774  -0.192537  
0.00802794  0.000960558  -0.00243103  -0.020946  -0.231805  -0.396014  
0.00507605  0.00160327  -0.0011993  -0.00144217  -0.162361  -0.190919  
0.00580998  0.00118088  0.000182261  0.00774171  -0.0392893  -0.338181  
0.00768923  0.00117756  -6.38537e-05  0.0123611  0.000322597  -0.210878  
0.00630319  0.00139995  -0.000494111  -0.0158902  -0.144033  0.0287727  
0.00473454  0.00124967  -6.97315e-05  -0.0176159  -0.221774  -0.019591  
0.00291224  0.00147547  0.000297723  -0.0176197  -0.0538993  -0.0903586  
0.00346888  0.00124967  -6.97315e-05  -0.0254894  -0.000555859  -0.204986  
0.0029261  0.00124967  -6.97315e-05  -0.0366848  0.0111624  -0.174821  
0.0029261  0.00124967  -6.97315e-05  -0.0508273  0.0672076  -0.18884  
0.00271412  0.0016856  -6.97315e-05  -0.0297498  -0.00274647  -0.181672  
0.00204036  0.00169998  1.37452e-05  -0.0384045  -0.00096784  -0.163815  
0.00270086  0.00172618  -0.00016159  -0.0474056  0.030004  -0.186908  
0.00284836  0.00124967  -6.97315e-05  -0.0495913  0.0407011  -0.18688  
0.00209423  0.00142558  -0.000167304  -0.0533307  0.00579561  -0.17033  
0.00181635  0.00164888  -0.00026952  -0.0595399  0.0308508  -0.161497  
0.00218279  0.00172674  -6.97315e-05  -0.0519455  0.0674117  -0.166644  
0.00182906  0.00175913  -6.97315e-05  -0.0383858  0.0153623  -0.163438  
0.00157637  0.00170951  -0.000238164  -0.0577176  0.0153153  -0.127893  
0.00152384  0.00162785  -6.97315e-05  -0.0556738  0.0640456  -0.118302  
0.00111552  0.00184443  -6.97315e-05  -0.058103  -0.005363  -0.110467  
0.00136708  0.00185625  -0.000348912  -0.0665004  0.0154949  -0.0849792  
0.000984173  0.0019793  -0.00043324  -0.0747084  0.0376676  -0.100554  
0.000995468  0.00193304  -0.000477268  -0.0624485  0.0523219  -0.100524  
0.00117699  0.00173614  -0.000388021  -0.0611074  0.0321732  -0.10872  
0.00123704  0.00168631  -0.000528309  -0.0584878  -0.00815745  -0.110297  
0.000893801  0.00159228  -0.000405499  -0.0584978  0.0396366  -0.121419  
0.000995468  0.00124967  -0.00020032  -0.0508228  0.0728453  -0.0779206  
0.00122961  0.00144878  -3.50083e-05  -0.0426807  0.00776802  -0.0965575  
0.00149588  0.00151873  8.09356e-05  -0.0472966  0.0595921  -0.0362577  
0.00140379  0.00124967  0.00023921  -0.0453629  0.0507511  -0.0463051  
0.00185463  0.00130474  5.58932e-05  -0.0419522  0.00245621  -0.0651598  
0.00153829  0.00124967  -0.000131607  -0.0459851  0.073014  -0.0834412  
0.00135326  0.00124967  -1.85861e-05  -0.0503103  0.102233  -0.0547963  
0.00133024  0.00136465  -0.000139668  -0.0445794  0.0230311  -0.0710217  
0.00146612  0.00124967  -0.000184451  -0.0503513  0.0586623  -0.0863051  
0.000915538  0.00148218  -0.000251844  -0.0584938  0.0935258  -0.0664127  
0.000944909  0.00157331  -0.000251844  -0.067667  0.0527737  -0.0688672  
0.00101967  0.00165832  -0.000375725  -0.075352  0.0698106  -0.0947983  
0.000421774  0.00140153  -0.000422937  -0.0717895  0.0984572  -0.0695643  
0.00066059  0.00159423  -0.000251844  -0.0584866  0.0608029  -0.105834  
0.00080005  0.00131493  -0.000358018  -0.0433102  0.0237293  -0.140595  
0.00606003  0.000943205  -0.00134175  0.0629466  -0.247591  -0.27072  
0.0101737  0.000683728  -0.00129019  0.0601269  -0.271822  -0.509409  
0.00548197  0.00121153  -0.00150385  -0.0121889  -0.274194  -0.273127  
0.0186384  0.0025738  -0.00284736  -0.0531395  -0.301594  -0.885277  
0.0108466  0.00368957  -0.00193835  -0.100748  -0.0845735  -0.714961  
0.008285  0.00399697  -0.00159368  -0.0979313  -0.169307  -0.591802  
0.00639214  0.00441492  -0.0013866  -0.100493  -0.0969958  -0.609906  
0.00535685  0.00382073  -0.0013899  -0.0898486  -0.0318989  -0.513216  
0.00651037  0.00347313  -0.000860669  -0.0807809  -0.102957  -0.540911  
0.00592184  0.00441292  -0.00114571  -0.113586  0.0109915  -0.617522  
0.00581243  0.0041346  -0.000998677  -0.1137  -0.0664909  -0.625987  
0.0061909  0.00419418  -0.00121358  -0.121395  0.00963635  -0.616886  
0.00617694  0.00393192  -0.00103816  -0.113764  0.0229687  -0.566835  
0.0054908  0.00347313  -0.000964361  -0.113984  0.019263  -0.534613  
0.00504919  0.00347313  -0.000760737  -0.0925026  -0.0184199  -0.459794  
0.00515991  0.00347313  -0.000665556  -0.1014  0.0302426  -0.469623  
0.00337963  0.00415065  -7.22831e-05  -0.0877338  0.0695537  -0.425659  
0.00391869  0.00357984  0.000157559  -0.0699915  -0.0259002  -0.440029  
0.0034749  0.00347313  0.000157559  -0.0700286  0.0937865  -0.525063  
0.00313851  0.00353065  0.000157559  -0.0700073  -0.00208511  -0.513317  
0.00382772  0.00347313  0.000157559  -0.0877343  0.0823774  -0.540672  
0.00382772  0.00347313  0.000157559  -0.0877343  0.0543118  -0.517565  
0.00309645  0.00299611  0.000157559  -0.0631511  0.0359395  -0.490869  
0.00439303  0.00299611  0.000157559  -0.0879109  0.100609  -0.564865  
0.00489671  0.00294353  0.00048987  -0.0611228  0.038664  -0.526853  
0.004341  0.0030867  0.000490839  -0.0655259  0.0809548  -0.527137  
0.00492656  0.00299611  0.00034831  -0.0712142  0.151724  -0.579967  
0.00629837  0.00220245  0.000802966  -0.0408859  0.199613  -0.605231  
0.00578075  0.00243733  0.000894188  -0.0450613  0.118918  -0.575958  
0.00530519  0.00211085  0.000851496  -0.0239201  0.131481  -0.542217  
0.00565049  0.00178544  0.00116163  -0.0196371  0.201812  -0.451015  
0.00548054  0.00202398  0.00135574  -0.0171863  0.101481  -0.529774  
0.00457399  0.0023028  0.00102399  -0.0300562  0.168427  -0.506673  
0.00534418  0.00243384  0.00102399  -0.038246  0.263391  -0.523578  
0.00522488  0.00227569  0.00102399  -0.0300091  0.149545  -0.513847  
0.00483367  0.00232595  0.00102399  -0.029999  0.181012  -0.475171  
0.00386164  0.00218654  0.000631118  -0.0343983  0.199838  -0.4556  
0.00404993  0.00223878  0.00102399  -0.047919  0.225585  -0.449706  
0.00452086  0.00223878  0.00102399  -0.0299978  0.22898  -0.46401  
0.00424763  0.00223878  0.000958939  -0.0300115  0.140853  -0.463983  
0.0033397  0.0023559  0.00102399  -0.0431697  0.18911  -0.463756  
0.0033397  0.00272549  0.000684175  -0.0492046  0.234727  -0.456517  
0.00326622  0.00272549  0.000707005  -0.0491864  0.148039  -0.412996  
0.00255898  0.00272549  0.000969584  -0.0491316  0.178544  -0.405202  
0.00292945  0.00272549  0.00102399  -0.04912  0.218547  -0.421542  
0.00268772  0.00261441  0.00102399  -0.0456952  0.156368  -0.422118  
0.00315899  0.00272549  0.00102399  -0.04912  0.187642  -0.413781  
0.00307095  0.00272549  0.000615549  -0.0669033  0.150178  -0.412489  
0.0128597  0.00272549  -0.00203936  -0.048925  -0.158978  -0.785855  
0.0157854  0.0028389  -0.00168364  -0.0935356  -0.0866931  -1.14442  
0.0134364  0.00401239  -0.0011751  -0.0823867  0.0222184  -1.0664  
0.0117548  0.00422743  -0.000309569  -0.077706  0.0221257  -0.983997  
0.0107097  0.00423381  -9.92989e-05  -0.0776979  0.157597  -0.985797  
0.01067  0.00416179  0.000192561  -0.0751591  0.118344  -0.9414  
0.0105381  0.0045113  0.000593156  -0.0729484  0.0963131  -0.950927  
0.0102167  0.00511121  0.000432535  -0.0851803  0.115014  -0.928287  
0.00989299  0.00511121  0.000391844  -0.101597  0.207397  -0.85516  
0.00991259  0.00450606  0.000426015  -0.0856365  0.0514613  -0.918669  
0.00946354  0.00459636  0.00040441  -0.0945375  0.108812  -0.91927  
0.010209  0.00410919  0.000227293  -0.0935523  0.207279  -0.940982  
0.00928047  0.00424829  8.63352e-05  -0.0872781  0.157797  -0.916851  
0.00969078  0.00403846  0.000238821  -0.090035  0.224726  -0.893112  
0.00933642  0.0042339  0.000483214  -0.0968441  0.165904  -0.911354  
0.0100153  0.00431817  0.000434119  -0.11183  0.244151  -0.895103  
0.0095916  0.00421432  0.000394783  -0.111886  0.187303  -0.901028  
0.00855321  0.00406763  0.000610117  -0.11191  0.206963  -0.883174  
0.00915462  0.00415425  0.000394783  -0.111917  0.248227  -0.912077  
0.00913261  0.00406763  0.000394783  -0.111973  0.211699  -0.889444  
0.00837469  0.00395559  0.000583327  -0.111991  0.22306  -0.883128  
0.00851382  0.00406763  0.000663059  -0.1119  0.244423  -0.881442  
0.00839987  0.00406763  0.000394783  -0.111973  0.172662  -0.879068  
0.00831094  0.00406763  0.000535948  -0.117849  0.222913  -0.87856  
0.00849132  0.00395533  0.000542091  -0.112003  0.214086  -0.874153  
0.00840052  0.00367804  0.000599682  -0.105124  0.222  -0.867161  
0.00796499  0.00359874  0.000519609  -0.112221  0.23125  -0.869305  
0.00794896  0.00359874  0.000394783  -0.112253  0.237419  -0.874625  
0.00793781  0.00359874  0.000394783  -0.112253  0.248243  -0.85285  
0.00762416  0.00359874  0.000394783  -0.127624  0.181372  -0.867009  
0.00782782  0.00366424  0.000394783  -0.122347  0.240355  -0.858395  
0.00800052  0.00369568  0.000394783  -0.112191  0.239149  -0.868808  
0.0081435  0.0034058  0.000587683  -0.109272  0.208681  -0.884398  
0.00855703  0.00335858  0.000394783  -0.112409  0.284178  -0.8833  
0.00781716  0.00320144  0.000202358  -0.11255  0.207357  -0.87345  
0.00803971  0.00297953  0.000346885  -0.112597  0.292228  -0.849382  
0.00799885  0.00328568  0.000428199  -0.108794  0.20273  -0.882746  
0.00811434  0.00338548  0.000269691  -0.116521  0.277049  -0.860369  
0.00748797  0.00372859  0.000390574  -0.112155  0.223908  -0.863393  
0.0072477  0.00350252  -4.5638e-06  -0.123272  0.265576  -0.817387  
0.0076374  0.00378027  0.000266593  -0.122269  0.219375  -0.837098  
0.00780758  0.00372859  0.000173201  -0.126129  0.285204  -0.8339  
0.00714467  0.00372859  0.000290595  -0.122788  0.225746  -0.838835  
0.00688796  0.00372859  6.116e-05  -0.130601  0.26702  -0.809873  
0.00857997  0.00372859  0.000197085  -0.1354  0.221824  -0.946203  
0.0100327  0.00342857  -0.000138961  -0.117915  0.290038  -0.967194  
0.0207372  0.00460364  -0.00191468  -0.0895587  0.0193731  -1.26701  
0.0161144  0.00435608  -0.000281296  -0.107512  0.0679889  -1.12424  
0.0154969  0.00381317  -9.05325e-05  -0.0896912  0.102331  -1.12809  
0.0144328  0.00318888  -1.44694e-05  -0.0901306  0.202031  -1.09915  
0.0143163  0.00373225  0.000350327  -0.10603  0.143075  -1.07988  
0.0141646  0.00318888  0.000912277  -0.100833  0.283455  -1.07097  
0.0122469  0.00298967  0.0013921  -0.0772909  0.183741  -1.04324  
0.0095181  0.0019181  0.000190884  -0.0616225  0.159007  -0.899283  
0.0131776  0.00318611  -0.00264018  -0.113456  0.0472196  -0.668535  
0.0144252  0.00404611  -0.00118024  -0.117807  0.0693324  -1.12662  
0.0151738  0.00335246  -0.0010661  -0.0923496  0.165063  -1.19437  
0.0151738  0.00335246  -0.000238417  -0.0742598  0.268552  -1.21635  
0.0143146  0.00377436  7.61815e-05  -0.0944883  0.308294  -1.18744  
0.0168659  0.00388126  -0.000648546  -0.0980991  0.37735  -1.21744  
0.0211812  0.00494651  -0.0022905  -0.0862558  0.194997  -1.46188  
0.0186594  0.00446358  -0.000712076  -0.0754327  0.269512  -1.52042  
0.0170516  0.00282942  0.000298595  -0.0355581  0.346535  -1.45739  
0.0181893  0.00253722  0.000272297  -0.0359007  0.476211  -1.48601  
0.0186266  0.00282942  0.000295529  -0.0355858  0.471829  -1.47362  
0.0177713  0.00282942  0.000766407  -0.0353608  0.4498  -1.45363  
0.0182436  0.0032151  0.000683726  -0.0434645  0.549851  -1.37887  
0.0171176  0.00351705  0.000828033  -0.0456302  0.391053  -1.39291  
0.0164837  0.00340989  0.000849265  -0.0503199  0.435285  -1.37546  
0.0169549  0.00340989  0.000829236  -0.0407549  0.504893  -1.37804  
0.0168564  0.00340989  0.000668471  -0.0530079  0.416991  -1.38092  
0.0167785  0.00326299  0.000983032  -0.0426353  0.502305  -1.36724  
0.0171334  0.00340989  0.000933007  -0.0423919  0.538345  -1.39732  
0.0158296  0.00335149  0.000950731  -0.0534826  0.392447  -1.29684  
0.0154992  0.00340989  0.00078374  -0.0579175  0.453515  -1.2676  
0.0156999  0.00365511  0.00109447  -0.0623716  0.500164  -1.25077  
0.0144477  0.00356905  0.0010221  -0.0548537  0.39931  -1.241  
0.0138585  0.00356394  0.00118814  -0.0448328  0.44169  -1.2378  
0.0156473  0.0030988  0.00112269  -0.0348842  0.562568  -1.33163  
0.0152453  0.00273994  0.000986808  -0.0421973  0.405513  -1.27025  
0.014505  0.00273994  0.000977224  -0.0388441  0.450993  -1.22839  
0.0143921  0.00273994  0.000956192  -0.0353118  0.457829  -1.22182  
0.0125628  0.00222596  0.00117196  -0.0494774  0.521894  -1.20894  
0.0138154  0.00263531  0.00117223  -0.0352932  0.50977  -1.21995  
0.0130011  0.00248827  0.00104162  -0.0355089  0.398609  -1.21809  
0.0134828  0.00221627  0.00119891  -0.0355786  0.492402  -1.23308  
0.0139497  0.0022076  0.0010097  -0.0256423  0.498133  -1.20735  
0.0131398  0.00228334  0.00105064  -0.0356165  0.441308  -1.1516  
0.0137292  0.00255045  0.00121092  -0.0496194  0.531314  -1.20437  
0.012082  0.00222115  0.00100671  -0.0441906  0.417736  -1.14111  
0.011496  0.00246192  0.00112394  -0.0520499  0.444901  -1.10959  
0.0115838  0.00198082  0.0014478  -0.0440291  0.466832  -1.05595  
0.0107558  0.00201135  0.00146528  -0.0356397  0.43968  -1.08986  
0.0102527  0.00222115  0.0013603  -0.0525632  0.424336  -1.03855  
0.00999898  0.0018819  0.0012856  -0.0436544  0.455253  -1.059  
0.0107044  0.00186818  0.00140011  -0.0356853  0.500189  -1.09192  
0.0097421  0.00171694  0.00105513  -0.0403742  0.428182  -1.05931  
0.00936664  0.00156991  0.00114469  -0.0380668  0.434005  -1.03325  
0.00934113  0.00151604  0.000904997  -0.0361877  0.470171  -1.03533  
0.0105048  0.00158099  0.00116672  -0.0359875  0.526506  -1.05665  
0.00893412  0.00161443  0.000904996  -0.0361157  0.402974  -1.03088  
0.00874338  0.00153344  0.000904997  -0.0361583  0.444623  -1.01686  
0.00924587  0.00110902  0.000904997  -0.0220338  0.497064  -1.01351  
0.0087698  0.00111876  0.000904997  -0.0364389  0.434117  -1.02259  
0.00863547  0.00153344  0.000904997  -0.0361583  0.425343  -0.978104  
0.00846394  0.00109239  0.000904997  -0.0364436  0.48389  -0.986628  
0.00859909  0.00124432  0.000904997  -0.026344  0.423476  -0.9534  
0.00798247  0.00153344  0.000904997  -0.0361583  0.413016  -0.918962  
0.00993734  0.000758801  0.000725926  -0.0367837  0.438938  -1.06824  
0.0292973  0.00272527  -0.00157468  -0.0177746  0.0709474  -1.91766  
0.020844  0.00174978  0.000465514  -0.00991344  0.332225  -1.65336  
0.0198953  0.00151073  0.000653156  -0.0219243  0.4199  -1.60071  
0.0180343  0.00171278  0.000903217  -0.0243242  0.369675  -1.49831  
0.0159844  0.00122094  0.000879236  -0.0298078  0.368803  -1.37705  
0.015919  0.0014201  0.00117861  -0.0343404  0.423925  -1.33628  
0.0143833  0.00143197  0.00137624  -0.0224917  0.360979  -1.26575  
0.0149089  0.00160912  0.00137624  -0.03129  0.452106  -1.27337  
0.0128516  0.00212632  0.0016211  -0.0444458  0.333146  -1.2036  
0.0122062  0.00240833  0.00137624  -0.0485243  0.358623  -1.17077  
0.011225  0.00187062  0.0013164  -0.0576669  0.367069  -1.15903  
0.0106915  0.00187062  0.00137624  -0.053421  0.379594  -1.14835  
0.0120184  0.00143195  0.00137624  -0.0371802  0.434574  -1.12333  
0.00986253  0.00124675  0.00142792  -0.0354666  0.330606  -1.01608  
0.00941844  0.00168805  0.00159626  -0.0499648  0.361473  -0.975273  
0.00916299  0.00172934  0.00137624  -0.044608  0.343159  -0.980561  
0.00945396  0.00155605  0.00137624  -0.0487431  0.349372  -0.954671  
0.00915204  0.00150711  0.00137624  -0.046965  0.38078  -0.943125  
0.00855257  0.00150711  0.00137624  -0.0489602  0.31754  -0.933484  
0.00895409  0.00126554  0.00137624  -0.0591677  0.385225  -0.900708  
0.00888084  0.000884621  0.00166136  -0.0398009  0.400156  -0.81063  
0.0068934  0.00164423  0.00159039  -0.0576578  0.265959  -0.791383  
0.00732819  0.00104313  0.00137624  -0.0398384  0.364808  -0.792414  
0.00657627  0.000906927  0.00137624  -0.0398875  0.316455  -0.7884  
0.00653966  0.000749381  0.00137624  -0.0399673  0.33619  -0.779401  
0.00631912  0.000732696  0.00137624  -0.0399767  0.391479  -0.754595  
0.00724711  0.00101835  0.00164035  -0.0397233  0.321776  -0.706359  
0.00619428  0.000778551  0.00195685  -0.0397135  0.389862  -0.731983  
0.00602305  0.000678454  0.00164016  -0.0367775  0.292389  -0.764771  
0.00698713  0.000678454  0.00157056  -0.0399314  0.372456  -0.73134  
0.00800546  0.000678454  0.00228358  -0.00395656  0.376242  -0.480214  
0.00898497  -0.000568478  0.00242627  0.0104135  0.223689  -0.294493  
0.00882533  -0.0010696  0.00252914  0.0388255  0.243843  -0.569097  
0.00824287  -0.00105802  0.00252914  0.0313765  0.345912  -0.549148  
0.0084604  -0.00131954  0.00252914  0.0297789  0.395098  -0.566262  
0.00804142  -0.00131954  0.00252914  0.0247015  0.402977  -0.56996  
0.00757907  -0.00131954  0.00252914  0.0231658  0.39754  -0.572505  
0.0100482  -0.00131954  0.00154437  0.030574  0.325287  -0.529315  
0.0150435  -6.50291e-05  0.00134168  0.0227856  0.134294  -0.597084  
0.00868241  0.000109305  0.00212165  0.0298892  0.178867  -0.316141  
0.00936241  -0.000710883  0.00274077  0.0589251  0.196468  -0.443421  
0.0113586  -0.00104936  0.00256542  0.0546831  0.296801  -0.589527  
0.0109188  -0.000912849  0.0026679  0.0668818  0.244142  -0.602451  
0.0122903  -0.00159346  0.00280628  0.0716382  0.345598  -0.648388  
0.0140095  -0.00119798  0.00290236  0.071853  0.453741  -0.736134  
0.0136097  -0.000916226  0.00280628  0.0515184  0.278955  -0.764365  
0.0140776  -0.00164088  0.00299138  0.0631712  0.343583  -0.765578  
0.0132753  -0.00118918  0.00279053  0.0583907  0.373366  -0.741161  
0.0136702  -0.00159587  0.00276569  0.0536836  0.436992  -0.745091  
0.0124929  -0.000906908  0.00241249  0.0451426  0.328632  -0.707185  
0.0120823  -0.000966915  0.00228369  0.043504  0.361443  -0.687803  
0.0135568  -0.000557398  0.00241645  0.0300942  0.431441  -0.716031  
0.0126512  -0.000995095  0.00241316  0.0456642  0.389776  -0.677739  
0.0115784  -0.00108796  0.00210487  0.0306142  0.281156  -0.637431  
0.011368  -0.00121748  0.00201002  0.0291863  0.361181  -0.615614  
0.0112179  -0.00105167  0.00226106  0.0255267  0.362239  -0.606289  
0.0111126  -0.000783032  0.00182056  0.0155637  0.379041  -0.619659  
0.0108626  -0.000626543  0.0018003  0.00922421  0.395053  -0.657989  
0.0101432  -0.000923733  0.00183041  0.0214395  0.273697  -0.576459  
0.00965797  -0.000955784  0.00190901  0.0214569  0.353969  -0.558837  
0.0104895  -0.000470251  0.00224315  0.0217319  0.383003  -0.583198  
0.00926081  -0.000714635  0.00199863  0.0215633  0.255435  -0.519468  
0.00899023  -0.000981878  0.00183041  0.0264008  0.298321  -0.508278  
0.00970532  -0.000962148  0.0017099  0.0213982  0.389382  -0.53714  
0.00956387  -0.00051049  0.0018304  0.0240979  0.285289  -0.492465  
0.00865091  -0.00088035  0.00183041  0.0214679  0.293925  -0.472774  
0.00858344  -0.000457475  0.00183041  0.000599565  0.316739  -0.4288  
0.00799454  -0.000457475  0.0018304  0.00338473  0.329868  -0.46147  
0.0107559  -0.000157445  0.00136161  -0.0230192  0.236044  -0.553057  
0.0215998  0.00343134  -0.00193524  -0.11247  -0.0951031  -1.1872  
0.0158558  0.00323808  -0.00105772  -0.11641  0.0451977  -0.985743  
0.014285  0.00301323  -0.000947447  -0.124963  0.102561  -0.98196  
0.0130886  0.00315965  -0.000715897  -0.131343  0.0892284  -0.932393  
0.0131742  0.00335097  -0.00070722  -0.135583  0.150559  -0.936916  
0.0129346  0.00301323  -0.000599236  -0.113792  0.116888  -0.914689  
0.0121028  0.0032581  -0.000501723  -0.127065  0.11288  -0.871332  
0.0133825  0.00301323  -0.000395952  -0.1192  0.113187  -0.899102  
0.012601  0.00301323  -0.000537286  -0.126067  0.160864  -0.876585  
0.012064  0.00312378  -0.000556414  -0.122768  0.109495  -0.840011  
0.0116629  0.00330321  -0.000689722  -0.130221  0.0934994  -0.814626  
0.0113233  0.00301323  -0.00109393  -0.149864  0.122747  -0.812714  
0.0113693  0.00301323  -0.0010589  -0.14986  0.130441  -0.829024  
0.0108353  0.00276323  -0.000947448  -0.149979  0.132643  -0.822887  
0.010649  0.00301323  -0.000947448  -0.159337  0.122559  -0.814806  
0.0115797  0.00336251  -0.00106783  -0.149642  0.169933  -0.857722  
0.0108907  0.00301323  -0.000947448  -0.149831  0.0760297  -0.8297  
0.0106067  0.00301323  -0.000947448  -0.149831  0.114317  -0.830276  
0.0109133  0.00295412  -0.00102311  -0.144989  0.138146  -0.846886  
0.0111732  0.00262672  -0.000947449  -0.134977  0.181165  -0.846863  
0.0107772  0.00252579  -0.000947449  -0.133555  0.106017  -0.836589  
0.0107954  0.00265926  -0.00134836  -0.141771  0.134183  -0.802247  
0.0112966  0.00225535  -0.00118363  -0.11494  0.183653  -0.846828  
0.0114092  0.001687  -0.00103861  -0.103601  0.123711  -0.854433  
0.0105789  0.00211112  -0.00134836  -0.131704  0.177982  -0.835757  
0.0111628  0.00211112  -0.00134836  -0.136093  0.210965  -0.801967  
0.0108893  0.00211112  -0.00140276  -0.131715  0.147774  -0.81125  
0.00975645  0.0023843  -0.0015021  -0.151354  0.127037  -0.798355  
0.010129  0.00231076  -0.00183197  -0.151494  0.16556  -0.807516  
0.0107633  0.00209358  -0.00172128  -0.15158  0.196477  -0.85501  
0.0101883  0.00197713  -0.00183197  -0.145692  0.138167  -0.80128  
0.00978632  0.00231303  -0.00183197  -0.151481  0.161905  -0.764543  
0.0108482  0.0018952  -0.00183197  -0.136496  0.237152  -0.813426  
0.0104995  0.0019642  -0.00183197  -0.126216  0.120836  -0.813408  
0.0110504  0.00193284  -0.00183197  -0.121901  0.211995  -0.813495  
0.0114313  0.0019733  -0.00142768  -0.113532  0.188693  -0.8831  
0.0112117  0.00183221  -0.00183197  -0.118708  0.223282  -0.840262  
0.0110947  0.00189308  -0.00183197  -0.120388  0.159518  -0.838936  
0.0107958  0.00182893  -0.0015705  -0.134873  0.185204  -0.804474  
0.0106941  0.00183785  -0.00158473  -0.132431  0.198563  -0.810697  
0.0107115  0.00189206  -0.00159877  -0.148522  0.150431  -0.795265  
0.0100436  0.00188112  -0.00183196  -0.151719  0.214989  -0.795004  
0.0094846  0.00205061  -0.00177394  -0.151623  0.149267  -0.773258  
0.00935661  0.00182798  -0.00183197  -0.151743  0.209494  -0.765979  
0.00938311  0.00179276  -0.00183196  -0.151772  0.177883  -0.779412  
0.00982286  0.00173607  -0.00183196  -0.151805  0.220658  -0.756033  
0.00964108  0.00184993  -0.00189618  -0.151742  0.214595  -0.768473  
0.0096128  0.00188886  -0.00215076  -0.167969  0.111789  -0.768726  
0.00969519  0.00196474  -0.00212728  -0.167956  0.212632  -0.755745  
0.00985595  0.00153025  -0.00199397  -0.146168  0.274875  -0.733149  
0.00976  0.00182283  -0.00200504  -0.16565  0.156722  -0.745831  
0.0092989  0.00190812  -0.00206715  -0.167943  0.198934  -0.730178  
0.00917786  0.00202168  -0.00226877  -0.167923  0.197328  -0.71455  
0.00844233  0.00231302  -0.00226877  -0.18412  0.200975  -0.711571  
0.00874704  0.00230538  -0.00226877  -0.175708  0.182748  -0.705264  
0.00900865  0.00192562  -0.00226877  -0.166316  0.236776  -0.700179  
0.00900865  0.0020767  -0.00199969  -0.160177  0.18097  -0.742666  
0.00894462  0.00211523  -0.00201984  -0.153617  0.152993  -0.703584  
0.00893374  0.00196226  -0.00226877  -0.14382  0.221661  -0.683054  
0.00868512  0.0019273  -0.00226877  -0.151581  0.171024  -0.696608  
0.00919921  0.00161707  -0.00193706  -0.137546  0.246374  -0.666355  
0.00957822  0.00161381  -0.00182767  -0.12483  0.194799  -0.652682  
0.00830973  0.00145754  -0.00195864  -0.1357  0.142547  -0.64611  
0.00822068  0.00150157  -0.00202635  -0.135697  0.203272  -0.610705  
0.00840591  0.00165754  -0.00197103  -0.12956  0.200353  -0.590095  
0.00794195  0.00147637  -0.00191778  -0.132149  0.106446  -0.593617  
0.00794661  0.00141788  -0.00181884  -0.131821  0.157619  -0.590061  
0.00806346  0.00142798  -0.00184334  -0.127695  0.160195  -0.563741  
0.00784878  0.00140162  -0.00178815  -0.124736  0.197173  -0.559103  
0.00760375  0.00160145  -0.00179753  -0.135616  0.0996482  -0.530689  
0.00677588  0.00190914  -0.00185589  -0.135486  0.140288  -0.47824  
0.00673106  0.0015984  -0.00188823  -0.128177  0.102819  -0.457779  
0.00614915  0.00160682  -0.00193767  -0.135598  0.108528  -0.427494  
0.00606462  0.00150437  -0.00198753  -0.13565  0.146347  -0.42951  
0.00682997  0.00139769  -0.00188804  -0.126407  0.152746  -0.434915  
0.00619759  0.00150437  -0.00186486  -0.131569  0.0994863  -0.429919  
0.00642913  0.00150437  -0.00192217  -0.12727  0.166939  -0.439509  
0.00656779  0.00150437  -0.00191884  -0.135656  0.0590803  -0.454746  
0.00621742  0.00150437  -0.00172805  -0.127357  0.116815  -0.454598  
0.00989331  0.00157656  -0.0027714  -0.119401  0.144939  -0.584351  
0.0151356  0.00450566  -0.00376421  -0.187713  -0.14388  -0.985909  
0.00815469  0.00422904  -0.00382774  -0.222018  -0.237316  -0.54351  
0.0071908  0.0033902  -0.00301729  -0.172108  -0.147236  -0.461131  
0.00883905  0.00321371  -0.0024537  -0.163578  -0.00963752  -0.584196  
0.00953513  0.00365848  -0.00214566  -0.147003  -0.0639813  -0.576796  
0.0082182  0.00245614  -0.00166094  -0.109015  0.075251  -0.493454  
0.00809305  0.000767923  -0.00099904  -0.0508285  0.218085  -0.293128  
0.00685283  0.00118302  -0.000132784  -0.0583099  0.208659  -0.156826  
0.00638827  0.00102879  -0.000493255  -0.0414723  0.0516855  -0.188725  
0.00799018  -2.55223e-06  -0.000493255  -0.0253844  0.0920477  -0.323267  
0.00739187  -0.000333036  -0.000243079  -0.016664  0.172931  -0.336094  
0.0074394  -0.000270509  -0.000210084  -0.0192387  0.268783  -0.374528  
0.00875364  -0.000270509  -0.000359587  -0.0191132  0.341257  -0.414246  
0.00846968  -0.000270509  -0.000120146  -0.0148901  0.304718  -0.407001  
0.00772502  -0.000270509  -0.000144565  -0.00707358  0.198638  -0.419907  
0.00749791  -0.000270509  -4.51634e-05  -0.0222771  0.25469  -0.414163  
0.0078053  7.5367e-05  1.17287e-05  -0.0221321  0.329418  -0.480411  
0.00835112  -0.00027051  8.7015e-05  -0.0222202  0.384826  -0.47392  
0.0075119  -0.000270509  0.000146341  -0.0186327  0.309031  -0.476269  
0.00729672  -0.00027051  1.81507e-05  -0.0195059  0.252795  -0.417628  
0.00690934  -0.00027051  -6.95142e-06  -0.0222494  0.304935  -0.383382  
0.00729462  -0.00027051  -1.99468e-05  -0.0222479  0.367199  -0.421963  
0.00645705  0.000252304  4.80735e-05  -0.0195837  0.305711  -0.404299  
0.00641609  0.000102192  9.99727e-05  -0.0221451  0.278761  -0.385167  
0.00568726  0.000190047  3.49925e-05  -0.0221303  0.319202  -0.360196  
0.00614926  0.000190047  1.38088e-05  -0.0319927  0.351636  -0.372314  
0.00497356  0.000131668  5.85995e-05  -0.0221244  0.344096  -0.387071  
0.00431884  0.000190047  0.000118749  -0.0241896  0.262264  -0.327564  
0.0039038  0.000190047  0.000159881  -0.0220987  0.261295  -0.278963  
0.00432578  9.64646e-05  7.04881e-05  -0.0314726  0.322673  -0.27911  
0.00380833  8.90641e-05  5.93452e-05  -0.0221286  0.304747  -0.289156  
0.00353944  0.000169915  3.19028e-05  -0.0329346  0.26192  -0.227194  
0.00373234  0.000231946  5.46134e-05  -0.0341661  0.303228  -0.245541  
0.0041159  0.000233992  7.08509e-05  -0.0330662  0.321087  -0.287833  
0.00359017  0.00016835  0.000117933  -0.0220774  0.256501  -0.245069  
0.00336993  0.00016835  0.000124248  -0.0297788  0.295457  -0.233894  
0.00314502  0.00016835  0.000134419  -0.022044  0.295512  -0.226757  
0.00350419  0.00016835  0.000171289  -0.0365575  0.321114  -0.226884  
0.0033183  0.000344461  0.000296749  -0.0219862  0.271312  -0.226825  
0.00305509  0.000394444  0.000247368  -0.0365311  0.271353  -0.181666  
0.00360103  0.00016835  0.00010965  -0.0294444  0.309783  -0.229556  
0.00325824  0.00016835  0.000273147  -0.0219894  0.28749  -0.199094  
0.0028953  0.00016835  0.000246348  -0.0220422  0.252116  -0.177627  
0.00300355  0.00016835  0.000248169  -0.022029  0.285712  -0.180929  
0.00300552  0.00016835  0.000100005  -0.0387624  0.303574  -0.199006  
0.00297226  0.00016835  0.000228331  -0.0220468  0.256935  -0.199009  
0.00282166  0.00016835  0.000186239  -0.0304288  0.257656  -0.166607  
0.00336101  0.00016835  0.000142465  -0.0276421  0.282706  -0.202316  
0.00392197  0.00016835  0.000186712  -0.022046  0.305801  -0.24362  
0.00308681  0.000241597  0.000189501  -0.0283287  0.225668  -0.160666  
0.00239028  0.000254786  5.15327e-05  -0.022082  0.264065  -0.160437  
0.0029133  0.000133625  9.75828e-05  -0.0353508  0.294032  -0.136799  
0.00239028  0.000205696  6.93574e-05  -0.0334452  0.26407  -0.117339  
0.0025439  0.000502271  4.64721e-05  -0.031931  0.254096  -0.134846  
0.00239028  -5.28463e-05  0.000150401  -0.0282404  0.33457  -0.150258  
0.00238686  3.5057e-05  0.000181929  -0.0220739  0.213793  -0.154697  
0.00238127  -0.000241527  0.000106784  -0.0221216  0.289783  -0.154645  
0.00265931  -0.000241527  0.000148732  -0.0181065  0.253748  -0.126409  
0.00221211  -0.000185465  0.000176308  -0.0150823  0.304662  -0.126242  
0.00206229  -0.00058318  0.000131237  -0.0221629  0.246449  -0.12598  
0.00254648  -0.000208803  0.000106361  -0.0221006  0.256344  -0.122334  
0.00290097  -0.00013203  0.000192042  -0.0161615  0.288848  -0.164272  
0.00287522  -0.00014422  0.000192042  -0.0103614  0.236033  -0.126575  
0.0024951  -0.000163993  0.000192042  -0.0122958  0.291499  -0.119997  
0.00306766  -0.000193652  0.000192042  -0.0115144  0.253756  -0.107286  
0.0031347  -0.000169043  0.000192042  -0.0267521  0.263382  -0.138772  
0.00256175  -7.24137e-05  0.000141552  -0.0220934  0.329953  -0.140034  
0.00279265  -6.98625e-05  0.000192042  -0.0220757  0.212869  -0.155904  
0.00239596  -0.000179574  9.7882e-05  -0.022119  0.241186  -0.128028  
0.00259957  -0.000147568  2.20971e-05  -0.0193212  0.291921  -0.113035  
0.00235613  -0.000562939  -0.000244905  -0.0222775  0.298046  -0.143582  
0.00233929  -0.000442209  -0.000344287  -0.0368448  0.258036  -0.123612  
0.00300296  -0.000325369  -0.000244905  -0.0306789  0.250864  -0.131167  
0.00214596  -0.00047272  -0.000307605  -0.034325  0.306383  -0.140117  
0.00214596  -0.000573305  -0.000244905  -0.0304883  0.242506  -0.144645  
0.00240756  -0.000417145  -0.000244905  -0.033188  0.281603  -0.119709  
0.00293249  -0.000573305  -0.000244905  -0.0222382  0.299568  -0.161551  
0.00283518  -0.000502529  -0.000244905  -0.0222302  0.226182  -0.139357  
0.00337209  -0.000573305  -0.000244905  -0.0222382  0.330687  -0.184379  
0.00328269  -0.000573305  -0.000244905  -0.0222382  0.238634  -0.190844  
0.00296336  -0.000414759  -0.000244905  -0.0222123  0.258559  -0.168438  
0.00296336  -0.000676647  -0.000244905  -0.0222504  0.316305  -0.136733  
0.00288349  -0.000686536  -0.000244905  -0.022251  0.256855  -0.152016  
0.00256493  -0.000584804  -0.000244905  -0.0308306  0.273326  -0.121713  
0.00450881  -0.00100398  -0.000244905  -0.029292  0.344365  -0.24983  
0.00489342  -0.000796056  -0.000244905  -0.0222555  0.261095  -0.193984  
0.0045181  -0.000932224  -0.000432614  -0.0223272  0.278027  -0.218409  
0.00467557  -0.00100398  -0.000449406  -0.0328552  0.309915  -0.191974  
0.00438818  -0.000899441  -0.000287727  -0.0222905  0.275953  -0.210039  
0.00381304  -0.000632638  -0.000264437  -0.0261404  0.244055  -0.187623  
0.00316371  -0.000862052  -0.000243906  -0.0222567  0.272644  -0.188751  
0.00283206  -0.000853311  -0.000291986  -0.0312168  0.284269  -0.182592  
0.00305126  -0.000998173  -0.000268792  -0.0351907  0.28248  -0.154707  
0.00320995  -0.000834988  -0.000445994  -0.0243813  0.313767  -0.154889  
0.00330126  -0.000802216  -0.000678308  -0.036333  0.235215  -0.0982937  
0.00244647  -0.00158989  -0.000570988  -0.0224816  0.19121  -0.023886  
0.00480726  -0.00146052  -0.001452  0.000256729  -0.087002  0.206592  
