0.0020945  0.00103492  -0.00196494  -0.0360185  -0.260278  -0.54123  
0.00186666  0.000969842  -0.00174127  -0.0458147  -0.330214  -0.476438  
0.00362422  0.000638912  -0.0019722  -0.0461232  -0.274404  -0.528307  
0.0050061  0.000530634  -0.00219822  -0.0414883  -0.282462  -0.511757  
0.00380361  0.000530634  -0.00238143  -0.0414873  -0.23749  -0.475892  
0.00277881  0.000530634  -0.00236692  -0.0414749  -0.265364  -0.425808  
0.00337828  0.000530634  -0.00218368  -0.0328453  -0.284262  -0.405678  
0.00303756  0.000601639  -0.00218368  -0.0326054  -0.255101  -0.405696  
0.00254023  0.000530634  -0.00218368  -0.0314561  -0.269249  -0.354902  
0.00304043  0.000530634  -0.00218368  -0.0221595  -0.270475  -0.381941  
0.00315338  0.000820243  -0.00173756  -0.0221017  -0.243658  -0.39096  
0.00286306  0.000530634  -0.00218368  -0.0221595  -0.303346  -0.399686  
0.0023621  0.000530634  -0.00200392  -0.0221888  -0.257695  -0.373277  
0.00241233  0.000530634  -0.00182512  -0.0190525  -0.275996  -0.373251  
0.00285132  0.000530634  -0.00218368  -0.0359346  -0.284175  -0.373172  
0.0018379  0.000530634  -0.00204371  -0.0412842  -0.280705  -0.367417  
0.00272224  0.000530634  -0.00183228  -0.0143213  -0.269638  -0.422756  
0.00298359  0.000530634  -0.00167328  -0.0143151  -0.285836  -0.415762  
0.00197086  0.000530634  -0.00194038  -0.0263318  -0.264633  -0.385368  
0.00219304  0.000530634  -0.00172214  -0.0143117  -0.286515  -0.368566  
0.00330624  0.000726653  -0.000828681  -0.000547024  -0.160972  -0.33389  
0.00341414  -0.000329143  -0.00148228  0.00871202  -0.19961  -0.272977  
0.00182147  6.47785e-05  -0.00208644  0.00412866  -0.283662  -0.29697  
0.00209578  0.000297565  -0.00192627  -0.0118216  -0.23631  -0.314921  
0.00152439  6.47785e-05  -0.00192627  -0.0119042  -0.224961  -0.296003  
0.00184978  0.00090932  -0.00204897  -0.0279227  -0.246971  -0.335549  
0.00179843  0.000718558  -0.00229009  -0.0386907  -0.23397  -0.327067  
0.00187474  0.000338501  -0.00221869  -0.0281364  -0.225097  -0.281413  
0.0021263  0.000498571  -0.0022308  -0.0115365  -0.241734  -0.290122  
0.00180437  0.000670739  -0.00192627  -0.0280351  -0.225056  -0.308262  
0.00228574  0.000638682  -0.00192627  -0.024319  -0.243686  -0.344041  
0.00182469  0.000165909  -0.00137286  -0.0183359  -0.21585  -0.378933  
0.00278842  -3.08318e-05  -0.00161636  -0.0103949  -0.220619  -0.391451  
0.00206565  6.47785e-05  -0.0017364  -0.0270136  -0.200228  -0.366472  
0.00317083  6.47785e-05  -0.00164967  -0.0303636  -0.238582  -0.439999  
0.0028197  0.000336045  -0.00164967  -0.0281577  -0.220198  -0.427882  
0.00275813  0.000462945  -0.00164967  -0.0281106  -0.225831  -0.388869  
0.00293301  0.000738983  -0.00164967  -0.0280003  -0.241729  -0.400779  
0.00188396  0.000323803  -0.00164967  -0.0390472  -0.226673  -0.277809  
0.00159214  6.47785e-05  -0.00164967  -0.0174652  -0.226748  -0.286843  
0.0026909  0.000401057  -0.00182229  -0.0167431  -0.238645  -0.372202  
0.00340476  0.000322269  -0.00199808  -0.0256582  -0.209195  -0.36785  
0.00291788  0.000292593  -0.00208516  -0.0183974  -0.230539  -0.376001  
0.00200375  0.000331373  -0.00231542  -0.0212027  -0.230164  -0.350979  
0.00182685  0.000439253  -0.00240235  -0.00949953  -0.205864  -0.317304  
0.00189195  0.000362521  -0.0023524  -0.00618214  -0.195357  -0.313941  
0.000912317  0.000358732  -0.00261251  -0.00952961  -0.18855  -0.290591  
0.00102322  0.000441367  -0.00281332  -0.0094885  -0.205817  -0.255435  
0.000882681  6.47785e-05  -0.00307644  -0.00959154  -0.199968  -0.233206  
0.000945012  0.000207257  -0.00331236  -0.0095433  -0.17339  -0.233225  
0.000915593  6.47785e-05  -0.00322498  0.00845946  -0.195372  -0.180547  
0.000589116  0.000190288  -0.00333534  0.0115959  -0.178208  -0.194554  
0.000734584  0.000232155  -0.00322498  0.0167354  -0.166464  -0.212092  
0.000749747  0.000174021  -0.00322498  0.000590614  -0.218249  -0.194534  
0.000759633  0.000380909  -0.00350495  -0.00910781  -0.171725  -0.194784  
0.00129071  6.47785e-05  -0.00364034  -0.0151709  -0.17302  -0.212986  
0.0018131  3.81716e-06  -0.00337076  -0.00992949  -0.187601  -0.214837  
0.0011873  6.47785e-05  -0.00334326  -0.0146767  -0.166932  -0.188781  
0.000994019  0.000957366  -0.00321556  -0.0479466  -0.248268  -0.173498  
0.000823  0.00139892  -0.00299431  -0.0526335  -0.209529  -0.203141  
0.00123353  0.00200649  -0.00253153  -0.0774954  -0.268534  -0.257545  
0.00170209  0.00139651  -0.00334239  -0.0681904  -0.246387  -0.319637  
0.00223082  0.0012968  -0.00336061  -0.0576304  -0.237127  -0.402133  
0.0019751  0.0018455  -0.002924  -0.0527258  -0.236967  -0.475654  
0.000993591  0.00163895  -0.00342281  -0.0527767  -0.184427  -0.416767  
0.00147775  0.00166726  -0.00332944  -0.0527955  -0.200606  -0.400374  
0.0022684  0.00167494  -0.00332944  -0.0483653  -0.20706  -0.390386  
0.00242319  0.00189225  -0.0035078  -0.0433569  -0.155576  -0.370632  
0.00256692  0.00176144  -0.00375238  -0.0432145  -0.202937  -0.375677  
0.00226199  0.00155025  -0.00366765  -0.0393206  -0.202834  -0.386809  
0.00224594  0.00130989  -0.00355118  -0.0377629  -0.180892  -0.388786  
0.00257119  0.00105716  -0.00357295  -0.038859  -0.18725  -0.398063  
0.00193006  0.00105716  -0.00358075  -0.0508618  -0.196449  -0.35432  
0.00151445  0.00138991  -0.00370796  -0.0549022  -0.197272  -0.327619  
0.00238418  0.00128788  -0.00347107  -0.0480633  -0.204104  -0.370095  
0.00175124  0.00125374  -0.00357057  -0.054972  -0.183633  -0.359676  
0.00186649  0.00138274  -0.00363164  -0.0549291  -0.190556  -0.365962  
0.00252396  0.00129325  -0.00366015  -0.0517118  -0.195378  -0.362339  
0.00178949  0.00127752  -0.0036373  -0.0523813  -0.186116  -0.345511  
0.00233402  0.00119648  -0.00351338  -0.0391527  -0.195407  -0.351164  
0.00277367  0.000904981  -0.00318798  -0.0444805  -0.214567  -0.380621  
0.00335876  0.00105716  -0.00295757  -0.0420944  -0.198012  -0.403614  
0.00387596  0.00105716  -0.00300039  -0.032444  -0.198266  -0.427669  
0.0038473  0.000865951  -0.00306079  -0.0324955  -0.19825  -0.441034  
0.00448246  0.000687002  -0.0028935  -0.0437155  -0.188456  -0.487948  
0.00364567  0.000984842  -0.0028935  -0.0505774  -0.185339  -0.435247  
0.00175619  0.00144144  -0.00320228  -0.0503975  -0.166734  -0.353623  
0.00227996  0.00144144  -0.00326234  -0.0503705  -0.14846  -0.330616  
0.00131071  0.00152261  -0.0032988  -0.0503393  -0.194409  -0.293292  
0.000906481  0.00152342  -0.00327039  -0.0434541  -0.177849  -0.28247  
0.000974241  0.00144144  -0.00316853  -0.0353207  -0.177848  -0.263684  
0.00122969  0.00144144  -0.00312281  -0.0327222  -0.177897  -0.250455  
0.000993528  0.00144144  -0.00332222  -0.0355534  -0.149405  -0.230849  
0.00117326  0.00144144  -0.0033238  -0.0322767  -0.198715  -0.250423  
0.00346461  0.00189684  -0.00289349  -0.0438417  -0.190978  -0.36557  
0.00170997  0.00161525  -0.00330897  -0.0515206  -0.144013  -0.296009  
0.0024219  0.00144144  -0.00329993  -0.0515693  -0.173866  -0.295684  
0.00187114  0.00121764  -0.00347948  -0.0515972  -0.182859  -0.278193  
0.00114939  0.00144144  -0.00333062  -0.0381383  -0.172555  -0.237467  
0.00159903  0.00144144  -0.00339688  -0.0372444  -0.195863  -0.250981  
0.00154033  0.00144144  -0.00339688  -0.0432389  -0.185275  -0.258011  
0.00139713  0.00175381  -0.00339688  -0.0437947  -0.178644  -0.249875  
0.00161299  0.00144144  -0.00339688  -0.043878  -0.204789  -0.285103  
0.00232913  0.00144144  -0.00324381  -0.0438861  -0.171994  -0.315819  
0.00235697  0.00174221  -0.00342888  -0.0437987  -0.171737  -0.300335  
0.00286883  0.00191741  -0.00342734  -0.0436968  -0.192617  -0.338862  
0.00246635  0.00174539  -0.00360461  -0.0563521  -0.161722  -0.335375  
0.00257161  0.00158591  -0.00336876  -0.0513732  -0.189624  -0.338854  
0.00255105  0.00144144  -0.00365473  -0.0542779  -0.163017  -0.338843  
0.00277612  0.00144144  -0.00364898  -0.0561915  -0.170768  -0.322195  
0.00284561  0.00159158  -0.00366369  -0.0510015  -0.189616  -0.322207  
0.00328893  0.00158719  -0.0037398  -0.0612856  -0.176666  -0.344976  
0.00344072  0.00149323  -0.00373826  -0.0615574  -0.173351  -0.332563  
0.00373778  0.00179722  -0.0037361  -0.0614544  -0.173435  -0.322093  
0.00306363  0.00177535  -0.00364484  -0.0534295  -0.179057  -0.341911  
0.00285996  0.00184287  -0.00367772  -0.0554247  -0.173132  -0.342077  
0.00339651  0.00154065  -0.00363992  -0.052328  -0.178537  -0.350906  
0.00295701  0.00151337  -0.00364795  -0.0537046  -0.178348  -0.342936  
0.0029023  0.00160699  -0.00365758  -0.0597714  -0.198668  -0.322116  
0.00325978  0.00161473  -0.00367761  -0.0570079  -0.198781  -0.331175  
0.00279341  0.00144144  -0.00359216  -0.04879  -0.171407  -0.32211  
0.00313515  0.00150592  -0.00355477  -0.0499976  -0.199829  -0.322063  
0.00314568  0.00144144  -0.00348962  -0.0459742  -0.188717  -0.33139  
0.00280419  0.00144144  -0.00323726  -0.0537375  -0.177954  -0.32214  
0.00273495  0.00144144  -0.00360865  -0.0588317  -0.183269  -0.312359  
0.00317927  0.00144144  -0.00364192  -0.060449  -0.173342  -0.318169  
0.00280067  0.00144144  -0.00364391  -0.0538589  -0.163139  -0.32213  
0.00341024  0.00184859  -0.00391613  -0.0537097  -0.19481  -0.322164  
0.00328842  0.00144144  -0.0038673  -0.0538681  -0.173037  -0.322137  
0.00340374  0.00179579  -0.00396191  -0.0571228  -0.164304  -0.315697  
0.00384387  0.00192404  -0.00397422  -0.0537077  -0.166936  -0.319434  
0.0040225  0.0016092  -0.00390817  -0.0467315  -0.166958  -0.325764  
0.00353232  0.00171714  -0.0037462  -0.0492304  -0.166809  -0.299331  
0.00345704  0.00186718  -0.00386237  -0.0491784  -0.166797  -0.299345  
0.00369329  0.00167263  -0.0037462  -0.0409442  -0.166868  -0.299341  
0.00360173  0.00196366  -0.0037462  -0.0405754  -0.154555  -0.299382  
0.00358287  0.00168795  -0.0037462  -0.0424387  -0.166819  -0.302926  
0.0035352  0.00185252  -0.00400119  -0.0543821  -0.183375  -0.301448  
0.00365892  0.00144144  -0.00388808  -0.0421054  -0.154358  -0.29927  
0.00324378  0.00152509  -0.0037462  -0.0420798  -0.171547  -0.282013  
0.00351115  0.00171665  -0.0034956  -0.0354791  -0.17749  -0.282051  
0.0033214  0.00155208  -0.00332948  -0.0324631  -0.155705  -0.289359  
0.00346234  0.00173848  -0.00351499  -0.035378  -0.158826  -0.267823  
0.00378681  0.00168054  -0.00348151  -0.0418168  -0.166854  -0.293987  
0.00331936  0.00166638  -0.0035624  -0.0434354  -0.159147  -0.282038  
0.00340131  0.00164612  -0.00348431  -0.0349764  -0.166726  -0.282031  
0.00290737  0.00155107  -0.00347601  -0.0379868  -0.166562  -0.2987  
0.00348219  0.00183683  -0.00362243  -0.0378739  -0.183448  -0.309795  
0.00403575  0.00176929  -0.00350774  -0.0378914  -0.166945  -0.315349  
0.00389449  0.00144144  -0.00380228  -0.050784  -0.166955  -0.302054  
0.00429817  0.00144144  -0.00365545  -0.0428952  -0.186765  -0.323594  
0.00358993  0.00144144  -0.00362942  -0.038  -0.166823  -0.296748  
0.00397431  0.00144144  -0.00356102  -0.0420892  -0.195049  -0.302023  
0.00283996  0.00164897  -0.00299982  -0.0333821  -0.250185  -0.337194  
0.00141801  0.000955482  -0.00280037  -0.0177389  -0.310668  -0.201085  
0.00358524  0.00134661  -0.00265898  -0.00368741  -0.232926  -0.28436  
0.00389462  0.00159674  -0.00310029  -0.00622191  -0.232415  -0.285418  
0.0033335  0.00140085  -0.0033683  -0.0153461  -0.193308  -0.266934  
0.00300337  0.0016517  -0.0037834  -0.01947  -0.203119  -0.275123  
0.00410603  0.00143281  -0.00392047  -0.040187  -0.214189  -0.311624  
0.00369553  0.00143282  -0.00392047  -0.0273368  -0.187894  -0.320445  
0.00353015  0.00143281  -0.00404959  -0.036889  -0.203468  -0.308633  
0.00404584  0.00154308  -0.00392047  -0.027301  -0.200804  -0.29041  
0.00368128  0.00169631  -0.00406447  -0.0330628  -0.18994  -0.29045  
0.00385189  0.00181996  -0.00392047  -0.027208  -0.191778  -0.290428  
0.00364432  0.00174371  -0.00412761  -0.0272216  -0.208315  -0.290436  
0.00336979  0.00183721  -0.00392047  -0.0272044  -0.181514  -0.283454  
0.00350633  0.00143282  -0.00413552  -0.0273165  -0.192583  -0.272976  
0.00417593  0.00143282  -0.00426627  -0.0273154  -0.208472  -0.271984  
0.00322361  0.00134489  -0.00416903  -0.027363  -0.190603  -0.267219  
0.00318752  0.00127609  -0.00403321  -0.0154548  -0.174037  -0.246292  
0.00335213  0.000864191  -0.00403433  -0.011789  -0.204383  -0.23822  
0.00219205  0.000991362  -0.00409076  -0.0233711  -0.163772  -0.227509  
0.00218886  0.000864191  -0.00397249  -0.0206847  -0.192216  -0.203383  
0.0026553  0.00117612  -0.00392047  -0.0117104  -0.209917  -0.19003  
0.00237678  0.00113559  -0.00366109  -0.017052  -0.193232  -0.171731  
0.00231005  0.00114521  -0.00392047  -0.011722  -0.196443  -0.167536  
0.00349778  0.00177095  -0.00392047  -0.0278237  -0.19394  -0.213851  
0.00270347  0.00126061  -0.00392047  -0.0236313  -0.182892  -0.185564  
0.0010106  0.00235326  -0.00392047  -0.0569433  -0.234513  -0.138502  
-0.00286459  0.00326779  -0.00364057  -0.078669  -0.184099  0.0682151  
-0.00174128  0.00239401  -0.00343565  -0.0521105  -0.209125  -0.020919  
-0.00139407  0.00253308  -0.00354087  -0.0582516  -0.205745  -0.0218016  
-0.00175401  0.00244867  -0.00351525  -0.0500084  -0.181194  0.0240529  
-0.000214665  0.00284455  -0.0037803  -0.0550232  -0.209348  -0.0125033  
-0.00152308  0.00259359  -0.00296932  -0.0464687  -0.21516  0.0156265  
-0.000783169  0.00257191  -0.00322633  0.000767944  -0.193251  0.00552242  
-0.00119434  0.00223492  -0.00290965  -0.0166356  -0.171093  0.163163  
0.000187168  0.00353981  -0.00272665  -0.0296505  -0.263661  -0.00900684  
-0.000549162  0.00277049  -0.00199462  -0.0281547  -0.227287  0.0194985  
0.000429595  0.00290341  -0.0021467  -0.0251165  -0.218189  -0.0810786  
0.000238513  0.0029961  -0.00275794  -0.0166895  -0.201215  -0.0758326  
0.00122867  0.00327497  -0.00251965  -0.00838552  -0.205919  -0.107075  
0.000518653  0.00336409  -0.00275794  -0.0146167  -0.181309  -0.0876822  
0.00109812  0.00309931  -0.00268429  -0.00611945  -0.206918  -0.0916966  
0.0012562  0.00291828  -0.00275795  0.000571495  -0.201373  -0.111202  
0.00095331  0.00301723  -0.00257227  0.00057492  -0.187794  -0.0909004  
0.00184399  0.00301723  -0.00275794  0.00617961  -0.207777  -0.109563  
0.00148863  0.00301723  -0.00275794  0.000133176  -0.182977  -0.106634  
0.00194089  0.00301723  -0.00275794  0.00677459  -0.201525  -0.100005  
0.00201497  0.00301723  -0.00275794  0.00933309  -0.182248  -0.0991355  
0.00201497  0.00301723  -0.00275794  0.000133176  -0.178274  -0.115943  
0.00184375  0.00301723  -0.00275794  0.000133176  -0.184072  -0.116376  
0.00225023  0.00301723  -0.00275794  0.000133177  -0.194379  -0.119496  
0.00209242  0.00276942  -0.00275794  -0.00285078  -0.184114  -0.120257  
0.00209723  0.0027166  -0.00275794  -0.0114561  -0.187559  -0.119374  
0.00258038  0.00271388  -0.00295512  -0.0160099  -0.184206  -0.120779  
0.00179295  0.002705  -0.00295851  -0.0187578  -0.171659  -0.1235  
0.00258696  0.00264686  -0.00298269  -0.0244714  -0.201383  -0.127988  
0.002122  0.00280964  -0.00298982  -0.0272147  -0.201306  -0.130451  
0.00199306  0.0028129  -0.00319755  -0.0315619  -0.189309  -0.130552  
0.00234463  0.00301723  -0.00310931  -0.0361428  -0.207609  -0.13246  
0.00214849  0.00261023  -0.00275794  -0.0387065  -0.201293  -0.13896  
0.00253918  0.00261639  -0.00311164  -0.0334177  -0.175829  -0.138397  
0.00269909  0.00295215  -0.00316925  -0.0369729  -0.201432  -0.15451  
0.00201661  0.0026348  -0.00300489  -0.0451831  -0.189961  -0.130084  
0.00201661  0.00292152  -0.00317763  -0.0403716  -0.176299  -0.123696  
0.00160662  0.00301723  -0.00316492  -0.049582  -0.174361  -0.0994409  
0.00216077  0.00295327  -0.00328168  -0.0503053  -0.200242  -0.1265  
0.00207071  0.00301723  -0.00316492  -0.0532931  -0.186694  -0.134966  
0.00199109  0.00256892  -0.00316492  -0.0491019  -0.181228  -0.13133  
0.00208166  0.00243217  -0.00316492  -0.0404671  -0.186691  -0.134898  
0.001508  0.00227664  -0.00316492  -0.040497  -0.17443  -0.127357  
0.00201195  0.00221682  -0.00334603  -0.0359757  -0.19819  -0.14157  
0.00190925  0.00221682  -0.00316492  -0.0226745  -0.186662  -0.134883  
0.00122735  0.00200603  -0.00316492  -0.0227114  -0.186532  -0.11573  
0.0018083  0.00221682  -0.00326343  -0.0226638  -0.199443  -0.120334  
0.00201629  0.00221682  -0.00316492  -0.0226745  -0.186686  -0.141666  
0.00122735  0.00168773  -0.00316492  -0.0227845  -0.186532  -0.134897  
0.0013416  0.00169488  -0.00316492  -0.0227822  -0.186555  -0.134892  
0.00144273  0.00169488  -0.0031009  -0.0227841  -0.171729  -0.15319  
0.00170035  0.00169488  -0.00316492  -0.0227822  -0.147724  -0.153187  
0.00128696  0.00169488  -0.00316492  -0.0452815  -0.157724  -0.13765  
0.000845744  0.00199711  -0.00307837  -0.0352708  -0.169784  -0.109222  
0.00100513  0.00193053  -0.00325559  -0.0248741  -0.162314  -0.109197  
0.00152261  0.00197655  -0.00316492  -0.0234366  -0.168951  -0.116758  
0.00214762  0.00185336  -0.00295509  -0.0237031  -0.147167  -0.136339  
0.00126416  0.00169488  -0.00316492  -0.0285045  -0.149614  -0.0815194  
0.00140922  0.00169488  -0.00316492  -0.0295066  -0.161687  -0.100483  
0.0015876  0.00169488  -0.00316492  -0.030224  -0.161707  -0.116466  
0.00126416  0.00176398  -0.00316492  -0.0302094  -0.161662  -0.0974481  
0.00177425  0.00180216  -0.00339015  -0.0302011  -0.159694  -0.0974431  
0.00134448  0.00169488  -0.00316492  -0.0198228  -0.161672  -0.0998524  
0.00126416  0.00178636  -0.00284488  -0.0321406  -0.161639  -0.126391  
0.00194844  0.00169488  -0.00192124  -0.0549914  -0.196789  -0.221739  
0.00182847  0.00155611  -0.00237388  -0.0594602  -0.17906  -0.228937  
0.000396139  0.00158659  -0.00254913  -0.0672212  -0.246128  0.0900512  
0.0001966  0.00203025  -0.00197326  -0.0407036  -0.213601  -0.0362713  
0.000717033  0.00178025  -0.0026532  -0.0453713  -0.184895  -0.0444703  
0.00106007  0.00158771  -0.00267165  -0.0622934  -0.21247  -0.143245  
0.00124341  0.00148357  -0.00262801  -0.054319  -0.185035  -0.112838  
0.0018288  0.00127913  -0.0028079  -0.0471043  -0.185208  -0.141045  
0.00186133  0.00114214  -0.00313541  -0.0471006  -0.20496  -0.133083  
0.00104031  0.00067533  -0.00259693  -0.0308665  -0.185082  -0.08147  
0.0013311  0.000778363  -0.00260351  -0.0439684  -0.206613  -0.0647796  
0.00159377  0.000966945  -0.00260351  -0.0396624  -0.201798  -0.0892866  
0.00117493  0.00102792  -0.00284291  -0.051817  -0.186806  -0.076225  
0.00135144  0.00100375  -0.00302624  -0.0495075  -0.201813  -0.0793013  
0.00154061  0.00101586  -0.00278472  -0.044375  -0.20182  -0.097074  
0.00134216  0.000920079  -0.00270543  -0.0444009  -0.201784  -0.0971016  
0.00134216  0.000887349  -0.00260351  -0.0355137  -0.186087  -0.0971009  
0.00116874  0.000837153  -0.00271193  -0.039202  -0.19769  -0.101121  
0.00150524  0.000906406  -0.00277086  -0.03919  -0.173926  -0.0986994  
0.00175355  0.00122967  -0.00260351  -0.0391521  -0.201838  -0.0978589  
0.00183607  0.000994336  -0.00260351  -0.0344434  -0.178854  -0.11849  
0.00151177  0.000913656  -0.00260351  -0.037675  -0.172112  -0.124966  
0.00242876  0.00105092  -0.00279267  -0.0371658  -0.185177  -0.119087  
0.00168022  0.000783779  -0.00260351  -0.030646  -0.162385  -0.0876356  
0.00152928  0.000708226  -0.00260351  -0.0330302  -0.172124  -0.0842443  
0.00224041  0.000723442  -0.00252079  -0.0177333  -0.19031  -0.1025  
0.00185561  0.000702997  -0.00242221  -0.0127637  -0.172156  -0.0861702  
0.00207327  0.000572912  -0.00241699  -0.013537  -0.172201  -0.0861438  
0.00158635  0.000376741  -0.00235183  -0.00925578  -0.172114  -0.0985254  
0.0010801  0.000506949  -0.00260351  -0.0180905  -0.172043  -0.0861738  
0.00110346  0.000572266  -0.00260351  -0.0180821  -0.168127  -0.082656  
0.00146781  0.000376741  -0.00260351  -0.00991927  -0.176322  -0.0948815  
0.00209574  0.000376741  -0.00242229  -0.00748511  -0.157436  -0.105079  
0.00157246  0.000376741  -0.00260351  -0.0123646  -0.159549  -0.0835372  
0.00173346  0.000376741  -0.00260351  -0.00747847  -0.17214  -0.081266  
0.000994293  0.000715162  -0.00260351  -0.0229807  -0.198013  -0.0462525  
0.000928452  0.000376741  -0.00260351  -0.027943  -0.172051  -0.08135  
0.00155934  0.000376741  -0.00274562  -0.0263301  -0.172152  -0.0813242  
0.00157714  0.000278982  -0.00260351  -0.0195749  -0.167648  -0.107529  
0.00127236  5.4618e-05  -0.00260351  -0.0173979  -0.155815  -0.0813041  
0.00179978  -6.2903e-05  -0.00260351  0.00386271  -0.165114  -0.0812276  
0.00289085  0.000339659  -0.00245721  0.00957778  -0.172263  -0.108725  
0.00136615  -9.56535e-05  -0.00252394  0.000443223  -0.15929  -0.102915  
0.00158731  -9.56535e-05  -0.00260351  -0.00295876  -0.181787  -0.0983017  
0.00107619  -9.56535e-05  -0.00260351  -0.00383405  -0.171911  -0.121949  
0.00111655  -9.56535e-05  -0.00260351  -0.0248355  -0.156741  -0.0664459  
0.00138478  -9.56535e-05  -0.00260351  -0.013429  -0.185798  -0.0883741  
0.00143637  -9.56535e-05  -0.00255129  -0.00383649  -0.159418  -0.0986369  
0.00164294  -9.56535e-05  -0.00260351  -0.00383405  -0.165297  -0.0914899  
0.00185116  -9.56534e-05  -0.00260351  -0.00383405  -0.172023  -0.108154  
0.00140754  -0.000148528  -0.00260351  -0.00384236  -0.16036  -0.111474  
0.00130443  -9.56535e-05  -0.00260351  -0.00383405  -0.171939  -0.0867095  
0.00136296  -9.56535e-05  -0.00260351  -0.00637862  -0.171948  -0.107966  
0.00158224  -9.56534e-05  -0.00260351  -0.00599843  -0.150463  -0.117955  
0.00185134  -0.000165773  -0.00251746  -0.0038442  -0.157396  -0.107975  
0.00174491  -0.000170482  -0.00260351  0.00553093  -0.172007  -0.107975  
0.00177771  -9.56535e-05  -0.00260351  0.00290846  -0.149196  -0.09766  
0.00161126  -9.56535e-05  -0.00271016  0.00303625  -0.17199  -0.113826  
0.00209849  -9.56535e-05  -0.00260351  0.00532439  -0.172078  -0.150704  
0.0019264  -9.56535e-05  -0.00260351  0.000517848  -0.172042  -0.155793  
0.00153109  -9.56535e-05  -0.00271558  -0.00808229  -0.164337  -0.142687  
0.00177282  -9.56535e-05  -0.00260351  -0.00112122  -0.172003  -0.138669  
0.00174078  -9.56535e-05  -0.00260351  0.00315953  -0.139949  -0.13867  
0.00169952  -0.000322204  -0.00226142  -0.000669395  -0.155695  -0.138669  
0.00164285  -9.56535e-05  -0.00217974  -0.00212669  -0.181316  -0.141945  
0.000783937  -9.56535e-05  -0.00195255  0.00313845  -0.152015  -0.154741  
0.00116219  -0.000524549  -0.00200048  0.00301933  -0.153231  -0.128353  
0.00194404  -0.000524549  -0.00218418  -0.0141909  -0.171099  -0.151145  
0.00173286  -0.000524549  -0.00214269  -0.00467579  -0.153442  -0.165121  
0.00148364  -0.000524549  -0.00209938  -0.00142106  -0.149368  -0.13693  
0.00250907  -0.000524549  -0.0021315  0.000572357  -0.161287  -0.151424  
0.00180381  -0.0003677  -0.00196425  0.00306414  -0.156131  -0.131417  
0.00231179  -0.000325551  -0.00202706  0.0030776  -0.146768  -0.135569  
0.00205814  -0.000524549  -0.00172935  -0.0057486  -0.172927  -0.150519  
0.00166324  -0.000218803  -0.00214176  -0.00420362  -0.149001  -0.14793  
0.00231993  -0.000283002  -0.002101  -0.00411835  -0.154206  -0.131333  
0.00131278  -0.000103181  -0.00217524  -0.0102444  -0.154055  -0.097298  
0.00138649  -0.000524549  -0.00217524  0.00303701  -0.154066  -0.100601  
0.00127714  -0.000524549  -0.00217524  0.00303702  -0.15404  -0.0918358  
0.00168027  -0.000298548  -0.00264011  -0.00766791  -0.170034  -0.0918214  
0.00124858  -2.80156e-05  -0.00217524  0.00310219  -0.149151  -0.107923  
0.00136773  -0.000370163  -0.00230345  0.00921316  -0.171798  -0.0917724  
0.00181488  1.73374e-05  -0.00217524  0.00839716  -0.162422  -0.108204  
0.00112752  -0.000524549  -0.00227816  0.00217522  -0.144998  -0.0672205  
0.00121582  -0.000294777  -0.00207387  0.0194575  -0.178549  -0.0836043  
0.00375346  -0.000969786  -0.00121423  0.0192988  -0.154901  -0.255814  
0.00286963  -0.000326881  -0.00159992  0.00684782  -0.171061  -0.233131  
0.00185449  -0.000299648  -0.00144018  0.00179686  -0.128111  -0.218978  
0.00164827  -0.00052455  -0.00122054  0.00174453  -0.142313  -0.204611  
0.00187849  -0.000473385  -0.00143768  0.00176546  -0.128524  -0.211035  
0.00153158  -0.00052455  -0.00143836  0.00175171  -0.119199  -0.180746  
0.00203054  -0.000524549  -0.00144669  0.00176307  -0.117058  -0.185314  
0.000940328  -0.000449222  -0.00147115  0.00732353  -0.116794  -0.202249  
0.000972564  -0.00052455  -0.00127442  0.0129927  -0.116786  -0.172372  
0.00136075  -0.00052455  -0.00116872  0.0225246  -0.116845  -0.177455  
0.000876806  -0.000472667  -0.00112676  0.0225311  -0.106093  -0.173044  
0.000755727  -0.000459027  -0.00122054  0.0225377  -0.108599  -0.170805  
0.000755727  -0.000524549  -0.00122054  0.0110512  -0.127784  -0.170806  
0.000687842  -0.00014762  -0.00122054  -0.0242997  -0.10525  -0.153007  
0.000562158  0.000605077  -0.0014825  -0.0121013  -0.166913  -0.258956  
-0.00155749  0.00068675  -0.00163559  -0.0298445  -0.0774669  -0.140652  
-0.000973105  0.000859324  -0.00169651  -0.0275831  -0.119567  -0.130987  
-0.00145512  0.000448481  -0.00139875  -0.0298245  -0.121744  -0.170379  
-0.000419855  0.000448481  -0.00169651  -0.0298006  -0.16392  -0.197483  
-0.000889472  0.000701832  -0.00128485  -0.0462598  -0.140612  -0.175474  
-0.00123082  0.000981231  -0.00132401  -0.0462196  -0.182125  -0.163131  
-0.000290607  0.00102488  -0.00123619  -0.0332248  -0.150441  -0.185151  
-0.000526683  0.000799566  -0.00121674  -0.0332975  -0.145273  -0.18518  
0.000199865  0.000957679  -0.000915286  -0.0251976  -0.147576  -0.197272  
-0.000658459  0.000874172  -0.000915286  -0.022136  -0.136308  -0.166236  
-0.000528032  0.00122086  -0.00131978  -0.0324657  -0.138158  -0.163237  
-0.000331018  0.00101141  -0.00133058  -0.0220748  -0.129581  -0.201724  
-0.000423751  0.000921909  -0.000915286  -0.0315441  -0.114335  -0.181436  
-0.000350161  0.00100487  -0.000915286  -0.0293571  -0.147115  -0.185161  
-0.000814226  0.00121732  -0.000915287  -0.0220495  -0.116195  -0.209046  
-0.00363814  0.00316203  -0.000843987  0.042313  -0.0682027  -0.0768731  
-0.00639036  0.00333396  -0.00138574  -0.00057427  -0.0936605  0.0885312  
-0.0079726  0.0042796  -0.0015332  -0.0433873  -0.0859353  0.143734  
-0.00938798  0.0061157  -0.000473682  -0.0923259  -0.126817  0.201124  
-0.00837532  0.00685854  -0.000841802  -0.10579  -0.192358  0.101791  
-0.00854423  0.00631447  -0.00113949  -0.0972223  -0.159997  0.0523837  
-0.00732738  0.00553675  -0.00136722  -0.0866344  -0.161692  -0.00610981  
-0.00658954  0.00515556  -0.00166659  -0.079862  -0.128589  -0.0462745  
-0.00671456  0.00536205  -0.00152742  -0.0789203  -0.162175  -0.0444099  
-0.00691295  0.00485315  -0.00157141  -0.0735739  -0.109687  0.000311686  
-0.00797082  0.0046667  -0.00222026  -0.100476  -0.214612  0.264846  
-0.00946401  0.00540502  -0.00191842  -0.11209  -0.195459  0.470644  
-0.00746791  0.0049605  -0.00191842  -0.11114  -0.206044  0.299781  
-0.00730329  0.00550877  -0.00162315  -0.111369  -0.214625  0.261815  
-0.00636818  0.00507421  -0.00148752  -0.0876539  -0.177326  0.275939  
-0.00660134  0.00463569  -0.00118447  -0.0890583  -0.177328  0.312109  
-0.00493883  0.00446611  -0.00160063  -0.0866396  -0.190587  0.203602  
-0.00514794  0.00443903  -0.00146128  -0.0866219  -0.156328  0.2502  
-0.00428417  0.00398559  -0.00177585  -0.0822681  -0.141557  0.213078  
-0.00521232  0.00370763  -0.00170843  -0.0681959  -0.141368  0.255936  
-0.0040212  0.00370763  -0.00170843  -0.0610524  -0.164459  0.221044  
-0.0042654  0.00370763  -0.00170843  -0.0622106  -0.125354  0.213205  
-0.00382381  0.0034146  -0.00209658  -0.0691472  -0.132131  0.225014  
-0.00383431  0.00324011  -0.00170843  -0.0405732  -0.118064  0.220725  
-0.00350964  0.00339064  -0.00134429  -0.0346204  -0.115639  0.245361  
-0.0030796  0.00338473  -0.00135391  -0.0329954  -0.130928  0.219381  
-0.00332719  0.00343399  -0.00147027  -0.0379295  -0.10528  0.238155  
-0.00300489  0.0033497  -0.0012846  -0.0392926  -0.122195  0.209558  
-0.00330376  0.00309678  -0.00136955  -0.0346552  -0.105235  0.194379  
-0.00372927  0.0030885  -0.00127349  -0.0387423  -0.0907683  0.205393  
-0.00305616  0.00257129  -0.00110997  -0.0151143  -0.107473  0.201792  
-0.00317096  0.00266927  -0.000806456  -0.0151193  -0.0923983  0.217734  
-0.00349899  0.00260027  -0.000644524  -0.0150908  -0.0866606  0.237011  
-0.00321938  0.00267635  -0.000644524  -0.0151211  -0.106399  0.216122  
-0.0028973  0.00230588  -0.000644524  -0.0130554  -0.106336  0.188232  
-0.00339799  0.00237177  -0.000714669  -0.0150746  -0.0922445  0.188221  
-0.00293321  0.00262667  -0.000644524  -0.0151186  -0.10186  0.169436  
-0.00325449  0.00246598  -0.000741196  -0.0150824  -0.081732  0.15841  
-0.00417076  0.00233122  -0.000644524  -0.0150614  -0.0753014  0.19243  
-0.00454978  0.00262667  -0.000849816  -0.0434527  -0.0685093  0.200696  
-0.0039916  0.00262667  -0.000732027  -0.0315795  -0.101109  0.15643  
-0.00403587  0.00220448  -0.000769702  -0.0336882  -0.062256  0.145042  
-0.0037905  0.00262667  -0.000878012  -0.0284583  -0.082506  0.144389  
-0.00320115  0.00207807  -0.000735503  -0.0284139  -0.0790298  0.131047  
-0.00355298  0.00218863  -0.000559338  -0.0242859  -0.0514  0.165892  
-0.0035311  0.00218863  -0.000817448  -0.0284342  -0.0938403  0.181746  
-0.00344878  0.00218863  -0.00059626  -0.0284543  -0.0790585  0.159683  
-0.00347195  0.00201066  -0.000818387  -0.00849685  -0.0814136  0.18208  
-0.00530256  0.00218863  -0.000863943  0.0503412  -0.0606816  0.326449  
-0.00703185  0.00184475  -0.000668392  0.0596446  -0.0357067  0.418605  
-0.00591491  0.00171979  -0.000710962  0.0607656  -0.0613707  0.391316  
-0.00519541  0.00140008  -0.000705723  0.0597088  -0.0424888  0.363701  
-0.00456291  0.00119353  -0.000635035  0.0550819  -0.0423057  0.347929  
-0.00335802  0.00154006  -0.000554484  0.0602865  -0.0658521  0.284893  
-0.0031427  0.0016064  -0.000583024  0.0513997  -0.0616595  0.273144  
-0.00301905  0.00175995  -0.000282544  0.0472945  -0.0524432  0.261191  
-0.00245984  0.00134848  -0.000557765  0.0412818  -0.078066  0.233556  
-0.00233731  0.00152202  -0.000563014  0.0372657  -0.0598789  0.213235  
-0.00212519  0.00132265  -0.000582579  0.0318224  -0.0506134  0.196322  
-0.00208603  0.00132265  -0.000727715  0.0473336  -0.0522008  0.177192  
-0.00196641  0.00132265  -0.000550701  0.0432566  -0.0223493  0.178092  
-0.0017696  0.00102932  -0.000544943  0.0473637  -0.0658079  0.150909  
-0.0021861  0.000812173  -0.000628061  0.0473728  -0.0555303  0.147902  
0.00150167  0.00141118  -0.000339388  0.0236595  -0.0680137  -0.0625478  
-0.00197592  0.000902551  -0.00110056  0.0313815  -0.00371437  0.108305  
-0.00281567  0.000902551  -0.000727715  0.0579256  -0.0389351  0.123784  
-0.00300468  0.000630799  -0.000669148  0.0525236  -0.00929311  0.130065  
-0.00253847  0.000902551  -0.000727715  0.0581753  -0.0432879  0.143086  
-0.00320617  0.000476755  -0.000599875  0.0536232  -0.03895  0.123705  
-0.00235787  0.000541328  -0.000448246  0.0480053  -0.0529517  0.0434261  
-0.00194564  0.000501566  -0.000483735  0.0533841  -0.0534044  0.0437365  
-0.00146587  0.00055421  -0.000471339  0.0450904  -0.045197  0.0793953  
-0.0012865  0.000501566  -0.000727716  0.0252786  -0.0612869  0.199637  
-0.00105805  0.000229005  -0.000533642  0.0270965  -0.076715  0.15671  
-0.000796095  0.000178813  -0.000503948  0.0370709  -0.0714476  0.140048  
-0.000607432  0.00018665  -0.000400984  0.0290853  -0.0916746  0.132971  
-0.00125521  3.17943e-06  -0.000370305  0.0370712  -0.0601464  0.152386  
-0.0003258  0.000100725  -0.000492387  0.0463783  -0.0784656  0.174849  
-0.00102479  0.000100725  -0.000523769  0.043314  -0.0772722  0.161792  
-0.00172765  -0.000160041  -0.000665709  0.0488426  -0.0714447  0.153102  
-0.000467368  -0.000328241  -0.000581973  0.0603503  -0.0713605  0.118688  
-0.00119625  -0.000637522  -0.000336503  0.0547145  -0.0361134  0.134806  
-0.00116056  -0.000385981  -0.000409097  0.0569574  -0.0715753  0.15303  
-0.00166049  -0.000332784  -0.000727716  0.0516414  -0.0472597  0.221497  
-0.00243518  -0.000516526  -0.000727716  0.040498  -0.0598419  0.227259  
-0.00096581  -0.000203587  -0.000573533  0.0381426  -0.0819708  0.177019  
-0.000930902  -0.000144571  -0.000601727  0.0466252  -0.0576127  0.177053  
-4.42607e-05  1.80749e-05  -0.000727716  0.0546399  -0.0824462  0.119858  
-0.000362537  -4.31078e-05  -0.000727716  0.0546491  -0.0543591  0.114818  
-0.000543067  -0.000216535  -0.000727716  0.0470028  -0.0591912  0.143807  
-0.000239679  -0.000207607  -0.000514377  0.0546476  -0.0582783  0.152847  
-0.000593552  -0.000184137  -0.000611505  0.0546355  -0.0389035  0.181748  
-0.000228074  -0.000136137  -0.000727715  0.0603231  -0.066166  0.164533  
-0.000421606  0.000182492  -0.000502176  0.0573375  -0.0637818  0.146084  
-0.000678191  -0.000152365  -0.000727715  0.05465  -0.0388347  0.118786  
-0.000417332  -1.46169e-05  -0.000493481  0.0575758  -0.0756127  0.102276  
-0.000788891  -7.61909e-05  -0.000506977  0.0546599  -0.0530829  0.0992476  
-0.000689107  -7.26022e-05  -0.000727715  0.0546562  -0.053057  0.111708  
-0.000744599  2.2461e-05  -0.000475803  0.054659  -0.0700775  0.0990685  
-0.00219576  0.000833542  -0.000109277  0.0377958  -0.0221518  0.0776392  
-0.00171353  0.000619373  -0.000657288  0.0232895  -0.00160653  0.0594673  
-0.000144493  0.000210125  -0.000723825  0.0204674  -0.0230451  0.0307919  
-0.000459591  -3.55306e-05  -0.000700986  0.0104607  -0.0814157  0.0451101  
-0.000113113  0.00047637  -0.000813636  0.0136943  -0.0427191  0.0498049  
-0.00111132  0.000476753  -0.000700986  0.0204727  -0.00707488  0.0979814  
-0.00122924  0.000611311  -0.000700985  0.00702268  -0.0271236  0.114875  
-0.00147083  0.000371841  -0.000700985  0.0115285  -0.0158943  0.127605  
-0.00183686  0.000588368  -0.000700986  0.020406  -0.0360514  0.159447  
-0.0023464  0.000399935  -0.000700986  0.0137588  -0.0105581  0.16382  
-0.00214232  0.000428988  -0.000755488  0.00519306  -0.0191155  0.176275  
-0.00121975  0.000691503  -0.000803219  0.00349081  -0.0322168  0.137094  
-0.00197679  0.000274556  -0.000700986  0.00385314  -0.00291878  0.134745  
-0.00123931  0.000380555  -0.00111829  0.00428366  -0.0395096  0.117175  
-0.000813769  0.000299931  -0.000700986  0.00292392  -0.0315479  0.0939327  
-0.00158691  0.000169757  -0.000700986  0.004458  -0.00823362  0.0968667  
-0.000833718  4.86927e-05  -0.000700986  -0.00350979  -0.0207879  0.0814294  
-0.000669081  -0.000175505  -0.000700986  0.0064236  0.00239092  0.0974876  
-0.000715758  -0.000361597  -0.000700986  0.00754339  -0.0252974  0.0902677  
3.33588e-06  -0.000144909  -0.000700986  0.00336154  -0.0198449  0.081348  
-0.00092727  -0.000107933  -0.000700986  0.000778002  -0.0198952  0.102089  
0.000101736  -8.73212e-05  -0.000700986  0.00652058  -0.0349081  0.0813399  
-0.000253974  -0.000190842  -0.000700986  0.00500462  -0.00262412  0.115075  
4.39329e-05  -3.05693e-05  -0.000700986  0.0081997  -0.0199559  0.116659  
-6.50209e-05  -0.000361597  -0.000700986  0.0204934  -0.0221579  0.0813442  
-0.000135732  -0.000268107  -0.000525992  0.0109175  -0.0171831  0.101526  
0.00194422  -0.000361597  -0.000700986  0.0150249  -0.0322694  0.0548665  
0.000697939  -0.000361597  -0.000700986  0.0219397  -0.0124669  0.0550258  
0.000159928  -0.000361597  -0.000355457  0.0219689  -0.0124815  0.0550797  
0.000985088  -0.000361597  -0.00045906  0.022593  -0.0218963  0.0449387  
0.000985088  -0.00025994  -0.000588947  0.0200346  -0.0124616  0.0286555  
0.000247606  -0.000740491  2.01095e-05  0.0200665  -0.03679  0.078671  
1.44738e-05  -0.000479912  -4.86951e-05  0.0200658  -0.0525011  0.0562305  
-0.000128927  -0.000684912  -0.000143162  0.0200538  -0.0320009  0.0328641  
-0.000647342  -0.000740491  -0.00010306  0.020058  -3.99242e-05  0.0457117  
0.0001208  -0.000336552  -4.86951e-05  0.0200479  -0.0344894  0.051256  
-0.000430393  -0.000432734  -0.000176374  0.0200298  -0.00865721  0.100318  
-0.000792496  -0.000605767  -4.86952e-05  0.0267628  -0.00867596  0.116342  
-0.00013173  -0.000446206  -0.000137649  0.0299723  -0.0242291  0.106363  
-7.30695e-05  -0.000740492  -0.000182492  0.0295792  -0.00859441  0.124607  
-8.63589e-05  -0.000403  -4.86952e-05  0.0295828  -0.0428511  0.105932  
-5.4408e-05  -0.000509355  -4.86952e-05  0.0265335  -0.0238263  0.122109  
-8.25396e-05  -0.000740492  -4.86952e-05  0.0274213  -0.0368959  0.124039  
0.000378389  -0.000477123  -4.86952e-05  0.0295734  -0.0368611  0.128538  
-0.000143577  -0.000412175  5.91491e-05  0.037485  -0.0350855  0.102216  
0.00011323  -0.000468727  -4.86952e-05  0.0376821  -0.0369171  0.0934164  
0.000206653  -0.000464213  -4.86952e-05  0.0405021  -0.0282158  0.0973167  
-0.00168254  -0.000686585  0.000235026  0.0354072  -0.0131975  0.117515  
-0.000324743  -0.000740493  -4.86952e-05  0.0295897  -0.052398  0.103205  
0.000146692  -0.000740493  0.00110345  0.0534662  -0.0317575  0.0686471  
0.000275571  -0.000740493  0.000955621  0.0588468  -0.0283815  0.027174  
-0.000447203  -0.000778547  -1.90455e-05  0.0025019  -0.0285321  0.044517  
-0.000807903  -0.000862765  0.000266207  0.0152917  -0.00623885  0.0444618  
0.000991683  -0.000494903  0.000610633  0.0291933  -0.0341502  -0.0182134  
0.000821473  -0.000174281  0.000747539  0.0388404  -0.062449  -0.0915084  
-0.0011054  0.000731936  0.000414786  0.0154802  -0.0110421  -0.00346652  
-0.00167747  0.000236046  0.00025953  0.0220489  -0.0508078  0.0167892  
-0.00186649  0.000236046  0.000499211  0.0242939  -0.0226862  -0.00251379  
-0.00261169  0.000236046  0.000264784  -0.000649126  -0.0482233  0.0756274  
-0.00339272  -0.000117924  -1.1002e-05  -0.017413  -0.031322  0.0890254  
-0.003226  0.000103397  0.000326157  -0.00969573  -0.0313025  0.118215  
0.000617674  0.000283187  0.000299902  -0.0071761  -0.0616756  -0.120764  
-0.000258922  0.000189199  -0.000110601  -0.00883677  0.0196948  -0.0503014  
-0.00167124  0.000243945  -0.000337652  -0.00740725  -0.0393481  0.018602  
-0.00196506  0.000727564  -0.000339611  -0.0197361  -0.0199046  0.0742999  
-0.00263303  0.00100493  -0.000169421  -0.0263233  -0.00277224  0.112023  
-0.00240288  0.0010245  -0.000169421  -0.0239424  -0.016068  0.104912  
-0.00240288  0.000727564  -0.000169421  -0.036441  -0.0160681  0.0886222  
-0.0013849  0.000727564  -0.000576134  -0.0236461  -0.0362323  0.0485471  
-0.00323773  0.000335112  -0.000169421  -0.00713914  -0.0160336  0.0307812  
0.000350048  0.00013966  -0.000169421  0.0092616  -0.0160666  -0.0191819  
-0.000229343  -0.000114018  -0.000169421  0.0092616  -0.00219418  -0.00791412  
-0.000229343  -0.000439661  0.000260336  0.0121493  -0.0160738  0.016035  
0.00263406  0.000228085  0.00034145  0.00922663  0.00154545  -0.024844  
0.00102346  -0.000124441  0.000235854  0.0127781  0.0213424  -0.00128858  
0.00109876  -3.28816e-05  0.000342808  0.00888205  -0.0055524  -0.0469566  
0.00236646  4.16316e-06  0.00018695  0.00809769  -0.0118049  -0.0982964  
0.00184069  -0.000346894  -0.00022119  0.00389162  0.00804153  -0.1166  
0.00134057  9.24855e-05  5.37722e-07  0.00810292  0.030593  -0.0658695  
0.00256388  0.000688158  -0.000148498  -0.000723833  -0.00322687  -0.128523  
0.00181955  0.000999368  -0.00022119  -0.0128362  -0.00113132  -0.104213  
0.00275013  0.000688158  -0.00022119  0.00978051  0.0207046  -0.0777803  
0.00241054  0.000829363  -0.000159075  0.00912392  0.0156604  -0.0815362  
0.00296262  0.000787588  -0.00022119  -0.00328842  0.02068  -0.10061  
0.0024827  0.000688158  -0.00022119  -0.00618097  0.0207263  -0.0183707  
0.00149983  0.000688158  -0.00022119  -0.00618097  -0.0308868  -0.0307764  
0.00235534  0.000688158  -6.64577e-05  -0.0138854  0.0156552  -0.0478616  
0.0018347  0.000249895  -3.20586e-05  -0.00620051  -0.00729998  -0.031183  
0.0015377  -3.45532e-05  0.000183306  -0.0062178  -0.0245734  -0.0311674  
0.00177177  -0.000486099  -0.00022119  -0.0258481  -0.0468983  0.00988083  
0.000498688  -0.000102315  -0.00022119  -0.0083613  -0.0101266  0.125024  
0.00122222  -1.59238e-05  -0.00022119  0.00147759  -0.024474  0.0467717  
0.00142774  -0.000486099  0.000107239  0.0111204  -0.0513855  0.00682095  
0.00100097  -0.000182335  8.65199e-05  0.0182389  0.00513495  0.0162242  
0.00141386  -0.000279414  0.000131954  0.0230251  -0.0295748  0.0162068  
0.000942715  -6.6361e-05  6.94584e-05  0.026114  0.0110256  0.0317646  
0.00202747  -0.000486099  0.000147513  0.0369739  -0.00687114  0.0161605  
0.00182223  -2.83433e-06  -0.00022119  0.0182152  0.000423006  0.0115085  
0.00245822  -0.000354425  -0.00022119  0.0182208  -0.0154994  -0.00525492  
0.00256493  -0.000298792  -0.000316941  0.0182163  -0.0274866  -0.0128164  
0.0027557  -0.000246468  0.000342884  -0.00566614  -0.0436642  -0.00513961  
0.00199382  -0.000447503  0.000615948  0.00445772  -0.0787964  -0.00515148  
0.00213704  4.97393e-05  0.000615948  -0.0214967  -0.0261394  -0.00274877  
0.00262555  -0.000116305  0.000425441  -0.0260737  -0.0538724  -0.000637399  
0.00188135  -0.000513333  0.000237449  -0.022013  -0.022935  -0.0236473  
0.00226965  -0.00066633  0.000615948  -0.010027  -0.0353909  -0.000599258  
0.00280667  -0.000967869  0.000615948  0.0131719  -0.0203805  0.0297972  
0.00286179  -0.00120785  0.00112581  0.0230216  -0.0147612  0.0350765  
0.003413  -0.000484427  0.00110572  0.023042  -0.0147636  -0.012998  
0.00405355  -0.00102987  0.00112722  0.0253092  -0.00097379  0.00921048  
0.00417425  -0.00153066  0.0012946  0.0309759  -0.0346116  -0.00946015  
0.00317993  -0.00120129  0.00141369  0.0316156  0.00288042  0.0453141  
0.00394988  -0.00127586  0.00150909  0.0362665  -0.0187402  0.0260379  
0.00364819  -0.000956304  0.00150909  0.0384888  0.0141817  0.0208625  
0.00299047  -0.00142808  0.00139464  0.0521589  -0.016082  0.0404278  
0.00405305  -0.00154045  0.00150909  0.0473911  0.00152022  0.00734246  
0.00333973  -0.00159623  0.00150909  0.0464238  0.00151936  0.0286303  
0.0047295  -0.00137039  0.00167513  0.0291851  -0.0423566  0.023069  
0.0028926  -0.000887547  0.00106402  0.025997  -0.00824687  0.0613715  
0.000682461  -0.000874409  0.000598963  0.0535577  -0.0230724  0.171527  
-0.000926748  -0.000260631  0.000659739  0.0434917  0.0396247  0.279237  
-0.000820116  7.97038e-07  0.000259464  0.0413931  0.0103662  0.33685  
-0.00108555  0.000153903  0.000231342  0.0280668  0.0298178  0.342537  
-0.000503964  -0.000150691  0.000391904  0.0454995  0.000582546  0.350793  
-0.000408969  -0.000348677  0.00048703  0.0455663  0.0233609  0.374957  
-8.70509e-05  -0.000212111  0.000375511  0.0455192  0.00601518  0.406159  
-0.000165709  -0.000348677  0.000463166  0.0496242  0.0220059  0.384396  
-0.000463237  -0.000204664  0.000730861  0.0578401  -0.00157334  0.397972  
-0.000859843  -0.000348677  0.000593945  0.0455528  0.000526132  0.373235  
-0.00201189  -0.000515781  0.000679717  0.0406372  0.00546958  0.347502  
-0.000162449  -0.000348677  0.000529865  0.0455596  0.00582513  0.270538  
-0.000852252  -0.000348677  0.000629678  0.0354178  0.0591183  0.261419  
-0.00107915  -0.000123295  0.000603888  0.026975  0.0135277  0.29128  
0.00028454  -0.000405192  0.000799203  0.0329884  0.0111459  0.193104  
0.00141105  -0.000762363  0.000987702  0.0295495  -0.0112528  0.13535  
-0.000194741  -0.00116292  0.000934034  0.0342002  -0.0151792  0.368654  
-9.27756e-05  -0.000746528  0.000994306  0.0334072  -0.00652876  0.382223  
-0.000565054  -0.00111489  0.000994306  0.046841  -0.0231199  0.376673  
0.000253032  -0.000975381  0.000715612  0.0270334  -0.00292493  0.326631  
0.000531391  -0.000881344  0.000576804  0.0241989  -0.000295697  0.347051  
0.000547368  -0.000671662  0.000551038  0.0283184  -0.019874  0.349155  
-6.64773e-05  -0.000460543  0.000298744  0.0235005  0.00678756  0.375946  
0.000439609  -0.000460543  0.000371713  0.0220954  -0.0202918  0.327511  
0.000202309  -0.000355826  0.000274347  0.0123892  0.00158515  0.292865  
0.000426848  -0.000395459  0.000354278  0.0205721  -0.0154755  0.290435  
0.000284213  -0.000387514  0.000421566  0.0254956  0.00159282  0.294076  
-0.000528253  -0.000523847  0.000551038  0.0300385  0.00139428  0.299696  
7.01518e-05  -0.000460543  0.000551038  0.0300234  -0.0119184  0.306856  
-0.000611791  -0.000920523  0.000551038  0.0328848  0.01673  0.306889  
0.000211938  -0.000982712  0.000551038  0.0301466  -0.0306147  0.276942  
-0.000156785  -0.000982712  0.000886341  0.0301442  -0.0207936  0.259511  
0.000339493  -0.00128873  0.000826674  0.0398785  -0.0206799  0.293575  
0.00031646  -0.000982712  0.000711796  0.0473677  -0.0206781  0.274936  
-0.000299615  -0.00127013  0.000551038  0.0412967  0.0315786  0.274956  
5.91972e-07  -0.000982712  0.00085918  0.0398952  -0.0383531  0.308833  
0.000415545  -0.00116762  0.000551039  0.0418808  -0.0311044  0.366725  
-0.000303266  -0.000982712  0.000551039  0.0333887  -0.0313927  0.386052  
-0.000214392  -0.000982712  0.000551039  0.0333887  -0.0132967  0.374874  
-0.00030854  -0.000982712  0.000551039  0.0427069  -0.0133296  0.378407  
0.000222393  -0.00142905  0.00130863  0.0604714  0.0269466  0.400401  
-0.00071638  -0.0016609  0.00137624  0.0699871  0.115175  0.445842  
0.000258035  -0.00140732  0.0014023  0.0767685  0.0607396  0.430684  
0.00034696  -0.000982712  0.00117384  0.0618302  0.0206911  0.401405  
-0.000631813  -0.00148261  0.00129431  0.0768642  -0.00743229  0.374051  
0.000121413  -0.00167708  0.00129431  0.0769259  0.0279918  0.352093  
-3.64527e-05  -0.00181009  0.00129431  0.0769731  0.0279392  0.374371  
-0.000306069  -0.00185362  0.00129431  0.084802  0.0137957  0.410873  
0.000234125  -0.00167032  0.00117664  0.076944  0.0279461  0.430946  
-0.000193907  -0.00192477  0.00118313  0.0770467  0.00998998  0.494812  
-0.000511676  -0.00142751  0.00103807  0.060681  0.00988392  0.452093  
-0.000876221  -0.00131836  0.000758423  0.0512861  -0.00853594  0.468317  
-0.000904899  -0.00142751  0.000758423  0.0606924  -0.0139835  0.454248  
0.000142678  -0.00142751  0.000330512  0.0439464  0.00409439  0.34273  
-0.000558082  -0.00142751  0.000205146  0.0349318  0.0396136  0.337465  
-0.000659322  -0.00160161  0.000263297  0.0406598  0.0267479  0.419435  
-9.0354e-05  -0.00142751  0.000263297  0.0437159  0.0269562  0.326466  
8.33581e-05  -0.00148607  0.000263297  0.038987  0.0269995  0.329597  
-6.88596e-05  -0.00142751  0.000263297  0.0437159  0.0135541  0.330836  
4.87014e-05  -0.00142751  0.000365011  0.0502857  0.0280668  0.289133  
7.546e-05  -0.00142751  0.000263297  0.0559949  0.0260506  0.299281  
-0.000335694  -0.00142751  0.000263297  0.0575611  0.00824723  0.285451  
0.000574496  -0.00109098  0.000482126  0.0592529  0.0377757  0.290389  
0.000163181  -0.00140503  0.000263297  0.050184  0.00565818  0.318552  
0.000416591  -0.00141588  0.000263297  0.0558176  0.0297574  0.301893  
-0.000105097  -0.00141588  0.000582833  0.0653381  0.0390421  0.308232  
-0.000299118  -0.00141588  0.000503581  0.0697764  0.0174676  0.315676  
-0.000741043  -0.0021257  0.000263297  0.0757346  0.0517666  0.295373  
0.00020744  -0.00203356  0.00040948  0.078651  0.0225402  0.273905  
0.00125182  -0.00177732  0.000607656  0.0676815  -0.0255171  0.173102  
2.12964e-05  -0.00152469  0.000485389  0.0818479  0.0426322  0.20739  
-0.000129198  -0.00174444  0.00041201  0.085508  0.00914355  0.280257  
-0.00136092  -0.0015247  0.000781387  0.0950235  0.0304586  0.369801  
-0.00177718  -0.00134762  0.000772065  0.084745  0.0352318  0.397579  
-0.00188116  -0.0015247  0.00053389  0.085549  0.0387603  0.411832  
-0.00206271  -0.0015247  0.000481009  0.0811389  0.0107228  0.425558  
-0.00246566  -0.00120571  0.000516543  0.0819955  0.0384908  0.389418  
-0.00415806  -0.000807472  0.000280657  0.0762308  0.0478056  0.535015  
-0.00427586  -0.000128623  0.000418188  0.0666572  0.0286455  0.540953  
-0.00364048  -0.000128623  0.000342727  0.0666628  0.0685789  0.519614  
-0.00378771  -0.000532424  0.000342727  0.0837829  0.0235718  0.499605  
-0.0020615  -0.000605041  0.000457932  0.0733928  0.0498427  0.458052  
-0.00228168  -0.0010402  0.000531479  0.0797136  0.0349535  0.407029  
-0.00109439  -0.000765944  0.000560081  0.0816827  0.0176698  0.369275  
-0.00138913  -0.00103547  0.000601792  0.0804169  0.0507326  0.349801  
-0.00166345  -0.00117845  0.000342727  0.0799227  0.0267782  0.317723  
2.38847e-05  -0.00120896  0.000735706  0.0836067  0.0223947  0.252185  
0.000572194  -0.00138379  0.00105015  0.0810861  0.0225089  0.204849  
0.000686618  -0.00138379  0.000797831  0.0754093  0.0177505  0.226781  
0.000235657  -0.00138379  0.000701565  0.0760304  0.022398  0.290994  
0.000105087  -0.00131022  0.000627984  0.0759141  0.0351383  0.29394  
0.00038556  -0.00132982  0.000342727  0.0800356  0.0167044  0.285881  
0.000185939  -0.00138379  0.000546808  0.0859896  0.0482867  0.28946  
-0.000101432  -0.00121517  0.000342727  0.0829311  0.0254722  0.293744  
0.00031703  -0.0012284  0.000491864  0.0907523  0.0116998  0.278467  
2.55355e-05  -0.00138379  0.000597358  0.0940103  0.0416945  0.290943  
0.000506992  -0.00123091  0.000342727  0.0944525  0.0115315  0.252506  
0.000346344  -0.00130332  0.00062613  0.0923996  0.0410431  0.269467  
-8.4986e-05  -0.00138379  0.000548783  0.0920974  0.019402  0.293442  
-8.94954e-05  -0.00138379  0.000714575  0.10015  0.0193652  0.269389  
-0.00170796  -0.00138379  0.00060629  0.0911166  0.0309777  0.325193  
-0.000373706  -0.00138379  0.0005215  0.0911145  -0.000680603  0.331546  
-0.000229367  -0.00138379  0.000559997  0.091122  0.0284476  0.2782  
0.00028386  -0.00110466  0.000947211  0.0910809  0.0285281  0.168816  
0.0002193  -0.00138379  0.000981785  0.0890622  0.0284081  0.265781  
-7.41207e-05  -0.00138379  0.000807189  0.0911118  0.0283566  0.271909  
-0.000265079  -0.00138379  0.000869485  0.0954963  0.0152966  0.307586  
-0.000416217  -0.00138379  0.000705828  0.0911084  0.0263694  0.350417  
-0.000228094  -0.00138379  0.00078506  0.0944942  0.0516913  0.328092  
-0.00019577  -0.00138379  0.000962985  0.0911162  -0.00280748  0.34509  
-2.36378e-05  -0.00098366  0.000510396  0.0771867  0.00841824  0.310333  
-0.000397787  -0.00138379  0.000443873  0.0791024  0.0319637  0.327822  
0.000190035  -0.00100009  0.000518655  0.0841885  0.015669  0.316364  
-1.86469e-05  -0.00110888  0.000342728  0.0910336  0.0389532  0.316376  
-0.000249455  -0.00107193  0.000476011  0.091019  0.0194747  0.319306  
-4.31547e-05  -0.00109287  0.000547169  0.091036  0.00763799  0.28953  
-0.000326741  -0.00115393  0.000531231  0.0910528  0.0409853  0.283669  
-0.000165478  -0.00104292  0.000607832  0.0910242  0.0126165  0.288992  
-0.000236358  -0.00138379  0.000529527  0.104458  0.0453449  0.268154  
-0.000201209  -0.00121568  0.000608808  0.0910656  0.0291258  0.298354  
0.000131464  -0.00120795  0.0005441  0.0910542  0.0221624  0.250561  
-0.000359343  -0.00118937  0.00064177  0.0961226  0.042032  0.318902  
-0.000300948  -0.00106465  0.000570684  0.102535  0.0201867  0.329889  
-6.2508e-05  -0.000633008  0.000696129  0.102922  0.0300393  0.290629  
-0.000409527  -0.00103069  0.00074349  0.109782  0.0429054  0.31721  
9.39793e-05  -0.000872423  0.0008767  0.117566  0.00455589  0.287483  
-0.000401694  -0.000774364  0.000841707  0.111468  0.0487062  0.301843  
-0.000105643  -0.00104573  0.000799393  0.112233  0.0513517  0.301779  
9.4678e-05  -0.00118217  0.000817635  0.113738  0.0348694  0.30175  
-0.000451933  -0.00121639  0.000720684  0.105488  0.0478101  0.336269  
-0.000398479  -0.00107446  0.000887871  0.0998092  0.0223182  0.33562  
-0.000289808  -0.00138379  0.000829295  0.0968831  0.0373988  0.341261  
-0.000776622  -0.00138379  0.000818951  0.103638  0.0478121  0.350285  
-0.00017043  -0.00114262  0.000887871  0.0910807  0.0181983  0.311353  
-0.00020645  -0.00110351  0.000806487  0.0910606  0.0570588  0.31354  
-0.000225419  -0.00115401  0.000887871  0.0972916  0.0266116  0.358718  
-6.59116e-05  -0.00115993  0.000790761  0.0910784  0.0266846  0.33623  
-1.3049e-05  -0.00138379  0.000887871  0.0965762  0.0436251  0.353392  
-0.000149126  -0.00126427  0.000887871  0.0994157  0.035204  0.361849  
7.10773e-05  -0.00138379  0.000887871  0.105412  0.0199562  0.332738  
-2.88627e-05  -0.00128334  0.00083265  0.102062  0.0441799  0.329268  
-0.000215331  -0.00126237  0.000887871  0.103486  0.0178097  0.315437  
-7.81022e-06  -0.00121969  0.000887871  0.108158  0.0178867  0.297036  
-0.000215349  -0.00138379  0.000887871  0.109061  0.0576243  0.298135  
0.000113497  -0.0013052  0.000887871  0.117422  0.0290001  0.297417  
8.91327e-05  -0.00138379  0.000887871  0.117276  0.0397027  0.304952  
-5.55492e-05  -0.00124465  0.000887871  0.117402  0.0508921  0.357622  
0.000108281  -0.000960196  0.000887871  0.112918  0.0253793  0.357617  
-0.000747244  -0.00138379  0.000660784  0.105196  0.0441629  0.380233  
-0.000380539  -0.00116681  0.000696594  0.104488  0.0275346  0.362052  
-0.000380539  -0.00105426  0.000524449  0.107324  0.0298543  0.334509  
1.32752e-05  -0.00125844  0.000465744  0.109805  0.0484086  0.323399  
0.000726306  -0.00115285  0.000596215  0.110841  0.0249169  0.291046  
-0.000828425  -0.00138378  0.000465744  0.103219  0.0433444  0.316035  
-0.000442073  -0.00168904  0.000465744  0.104261  0.0372785  0.308648  
8.44507e-05  -0.00138378  0.000465744  0.0911453  0.042452  0.290973  
8.81218e-05  -0.00167984  0.000465744  0.0912107  0.0617811  0.238336  
0.00172524  -0.00138378  0.000465744  0.0911453  0.00788115  0.13235  
0.000978861  -0.00138378  0.000465744  0.0911453  0.0471483  0.127084  
0.00281918  -0.0012916  0.000465744  0.0911371  0.04732  0.0934521  
0.00375922  -0.00123405  0.000465744  0.0911051  -0.00487056  -0.00401815  
0.00130941  -0.00141249  0.000413527  0.0911042  0.0714319  0.146243  
0.00158002  -0.00117138  0.000465744  0.0965861  0.0481839  0.153298  
0.00060139  -0.00130196  0.000465744  0.107214  0.0675311  0.221119  
0.000709495  -0.000917687  0.000822344  0.108862  0.0315633  0.205492  
0.00035139  -0.00110472  0.000528344  0.114703  0.0871521  0.206547  
0.000827072  -0.00107476  0.000310032  0.111699  0.0392891  0.197178  
0.00044623  -0.00111206  0.000465744  0.122001  0.054443  0.169225  
0.000338815  -0.00129952  0.000465745  0.104597  0.044873  0.195406  
0.000870458  -0.000692923  0.000802573  0.0910616  0.0125704  0.134062  
-2.27107e-05  -0.000241623  0.000465744  0.0908638  0.0954418  0.235431  
-0.000473641  -0.000702803  0.000240268  0.0947025  0.0302554  0.258249  
-0.000178274  -0.000702803  7.20156e-05  0.0851885  0.0719613  0.235122  
0.000977676  -0.000890204  0.000155704  0.0781679  0.032521  0.204895  
0.000325739  -0.000702803  0.000130359  0.0759751  0.0307948  0.256737  
0.00027941  -0.000702803  0.000209774  0.0748504  0.0607574  0.279002  
0.000972924  -0.000868367  0.00021666  0.0748864  0.0380443  0.244839  
0.000507721  -0.000702803  5.02323e-06  0.07199  0.0673155  0.288539  
0.000624289  -0.00106087  2.10087e-05  0.0701315  0.0315043  0.286213  
0.00112619  -0.000812144  2.10087e-05  0.0694515  0.050224  0.272485  
0.000811483  -0.000702804  2.10087e-05  0.0607223  0.0465037  0.272504  
0.00134381  -0.000702804  2.10087e-05  0.0467037  0.0238822  0.206995  
0.000507287  -0.00114437  0.000251824  0.0511804  0.0472746  0.259396  
0.000234939  -0.000822202  2.10087e-05  0.0467293  0.0297679  0.248282  
0.000796536  -0.000441665  2.10087e-05  0.0533743  0.036101  0.228486  
0.000659762  -0.000450138  2.10087e-05  0.0694679  0.0475756  0.247853  
0.00134481  -0.000639888  8.43845e-05  0.0869342  0.0310847  0.226916  
0.00082482  -0.000494294  0.000405878  0.077997  0.0466432  0.257703  
0.00166153  0.000648052  0.000314034  0.0729915  0.0240013  0.223242  
-0.000629775  0.000225783  2.10087e-05  0.0785293  0.0882339  0.346352  
0.000418474  -0.000172472  -4.24141e-05  0.0779907  0.0216731  0.328086  
-6.63981e-05  -0.000320217  0.000468332  0.0868546  0.0617159  0.330441  
-0.000826885  -0.000646743  0.000324309  0.0926895  0.0726666  0.351901  
0.000252712  -0.000514752  0.000324309  0.0870074  0.0237736  0.316309  
-0.000425695  -0.000320217  0.000476822  0.0876927  0.0441921  0.34137  
0.000119833  -0.000320217  0.000598029  0.0780723  0.0245486  0.297163  
-0.00048731  -0.000731665  0.000810032  0.0856494  0.0587469  0.304981  
-0.000286661  -0.000894141  0.000841981  0.100208  0.0255615  0.306184  
0.000355208  -0.000940046  0.000653246  0.0782506  0.052055  0.287543  
-0.000205091  -0.00124173  0.000324309  0.066618  0.0386892  0.372363  
-0.000151714  -0.000775544  0.000324309  0.0879375  0.0343374  0.298906  
-0.00264692  -0.000343102  0.000324309  0.0620347  0.0413476  0.462758  
-0.00211287  -0.000593555  0.000324309  0.0588608  0.0163318  0.352215  
-0.000949975  -0.00108153  0.000324309  0.0572472  0.0166862  0.28784  
-0.000185094  -0.00124173  0.000529028  0.0783659  0.0168714  0.291516  
0.000219521  -0.00124173  0.000838875  0.0783627  0.0169479  0.277065  
-0.000198211  -0.000744527  0.0010073  0.0782136  0.0280058  0.33535  
0.000258883  -0.000637594  0.000947078  0.0609898  -0.0167813  0.295363  
0.000724183  -0.000944994  0.000861174  0.0783668  0.00479145  0.332247  
0.000383468  -0.000944994  0.00123254  0.0905778  -0.0135799  0.306014  
9.89222e-05  -0.000944993  0.00117827  0.103392  -0.00256528  0.304747  
-0.00054346  -0.000944994  0.000640424  0.0783799  0.00448339  0.300786  
-3.64367e-05  -0.000944994  0.000640424  0.0850197  -0.00588229  0.283362  
-0.000346093  -0.00128291  0.000969832  0.103233  0.0265261  0.261006  
-0.000317514  -0.00124071  0.001117  0.0979253  -0.00801381  0.279101  
-0.000447184  -0.00101032  0.000944575  0.0879963  0.0145142  0.313808  
-1.35746e-06  0.000665206  0.00220929  0.103171  -0.0127447  0.273408  
-0.00141291  0.000747611  0.00194289  0.0973492  -0.0807987  0.330217  
-0.00160251  0.000204651  0.00142217  0.107936  -0.0529964  0.285024  
-0.00148464  0.000454971  0.00142217  0.111652  -0.0754925  0.254299  
-0.0015679  0.00060187  0.00102165  0.0984184  -0.0103746  0.263446  
-0.000122391  0.00103442  0.00102165  0.101161  -0.0235153  0.250285  
-0.00070053  0.000709378  0.00126078  0.103484  -0.0160133  0.293963  
-0.000378243  0.00109548  0.00102165  0.0962853  -0.0439464  0.264372  
-0.000942517  0.00060187  0.00102165  0.0855403  -0.0200808  0.198489  
-0.000708498  0.00060187  0.0011888  0.0909212  -0.0467785  0.221779  
-0.00079459  0.000508927  0.00115733  0.0824065  -0.0101272  0.290675  
-0.00146341  0.00060187  0.00102165  0.0776458  -0.0163247  0.429988  
-0.0012073  0.00060187  0.00102165  0.0776458  -0.0123364  0.503222  
-0.0010908  0.000136375  0.00102165  0.0778196  0.00563658  0.459639  
-0.000519635  9.72616e-05  0.00102165  0.0778132  -0.017341  0.401081  
-0.00110736  0.000653863  0.000741814  0.0775982  0.0181366  0.43045  
-0.000760662  0.000549695  0.00102165  0.0776352  0.0182423  0.419815  
-0.000246133  0.000577643  0.00102165  0.0946346  0.0021292  0.391593  
0.000196692  0.000166743  0.00102165  0.0933757  0.0269464  0.399681  
3.71899e-05  0.000166743  0.000912069  0.0777939  0.00313645  0.435863  
0.000677648  0.000166743  0.000794587  0.0885102  0.00341013  0.390522  
0.000240761  0.000166743  0.000761978  0.077806  0.0109417  0.390496  
0.000383017  -0.000262267  0.000741344  0.0779497  -0.0223165  0.355802  
0.000425265  -0.000362981  0.000595121  0.0928059  -0.00102383  0.34327  
0.000212686  -0.000257829  0.000738553  0.0899349  0.0153274  0.389369  
0.00062594  -0.000257829  0.000595121  0.0965599  -0.000963002  0.35965  
8.51536e-05  -0.000257829  0.000595121  0.0925888  0.0272116  0.398428  
-0.000381908  -0.000543583  0.000651453  0.0895699  -0.0105094  0.422568  
0.000189766  -0.000719586  0.000595121  0.0954614  0.0282737  0.398751  
0.000623133  -0.0011749  0.000996253  0.112889  0.010896  0.403057  
0.000951079  -0.00150932  0.00108428  0.116866  0.00685366  0.389519  
0.000794878  -0.00165383  0.00122212  0.118402  0.0267044  0.401877  
0.00112306  -0.00165144  0.00122479  0.117845  0.00342592  0.387227  
0.000717047  -0.00115904  0.00128534  0.10227  0.0295364  0.441966  
0.000769828  -0.001002  0.00102132  0.078173  -0.0204995  0.394754  
0.0010215  -0.000830922  0.000595121  0.0781524  0.0216204  0.396219  
0.00131426  -0.000642473  0.000806255  0.088447  0.0178562  0.393241  
0.00124653  -0.00104725  0.00100931  0.102003  0.0317293  0.399631  
0.000260601  -0.00167753  0.00114366  0.114703  0.0143322  0.415718  
0.000971933  -0.00167753  0.00103695  0.121223  0.031598  0.399482  
0.000392446  -0.00167753  0.00081413  0.107847  0.0315243  0.364611  
0.000274226  -0.00126109  0.00075186  0.107872  0.00774642  0.320461  
-0.00038462  -0.00128135  0.000595122  0.10464  0.0123273  0.307155  
0.00197251  -0.00156062  0.0010093  0.086248  -0.0252465  0.207087  
-0.000203917  -0.00137002  0.000595122  0.103963  0.0492067  0.342697  
0.000878019  -0.0014478  0.000789291  0.124143  0.00245133  0.275282  
0.000550359  -0.00167753  0.00115243  0.129579  0.0332476  0.349261  
0.000768295  -0.00167753  0.00126034  0.136992  0.0306629  0.336944  
0.00118503  -0.00193347  0.00117388  0.145322  0.0321066  0.333121  
0.000991026  -0.00220665  0.00149016  0.163719  0.0290061  0.354489  
0.00140655  -0.00210436  0.00155548  0.157799  0.0238576  0.305951  
0.00112536  -0.00194603  0.00134134  0.144459  0.0449231  0.297286  
0.000965093  -0.00203924  0.00128344  0.143846  0.0331777  0.309455  
0.00129499  -0.00208772  0.00107419  0.129621  0.0681772  0.28669  
0.00104065  -0.00245  0.00107419  0.129742  0.0248582  0.355938  
0.00160223  -0.00209819  0.00136063  0.129628  0.00672914  0.282169  
0.00105033  -0.00209819  0.00135542  0.129627  0.0394726  0.313553  
0.00118073  -0.00142484  0.00142181  0.129467  0.018456  0.291775  
0.00130508  -0.00163295  0.00148804  0.140721  0.0339334  0.251924  
0.000338693  -0.00209819  0.00153909  0.153848  0.0336519  0.299606  
0.00143069  -0.00176768  0.00147252  0.143484  0.0339748  0.270031  
0.000588075  -0.00173685  0.001144  0.129521  0.0707397  0.335774  
0.000267217  -0.00163163  0.00129738  0.121487  -0.00472248  0.271838  
0.00171361  -0.00178854  0.00166131  0.12956  0.0044031  0.192177  
0.00123074  -0.00178243  0.00155037  0.126556  0.0415052  0.239954  
0.0017068  -0.00155642  0.00139666  0.12954  0.0173522  0.235338  
0.00128902  -0.00188465  0.00109974  0.129607  0.042077  0.238489  
0.00119029  -0.00205147  0.001142  0.131887  0.0215547  0.231539  
0.00134487  -0.00205147  0.0013884  0.136785  0.0310757  0.212838  
0.00107049  -0.00217922  0.00155654  0.142059  0.030977  0.245036  
0.000604277  -0.00221138  0.00151053  0.142658  0.0020123  0.241261  
0.00101749  -0.00205147  0.00156377  0.143555  0.0281471  0.210402  
0.00120446  -0.00205147  0.00145056  0.13844  0.0402582  0.230251  
0.00133879  -0.00220003  0.00160501  0.143915  0.0281939  0.226991  
0.00110973  -0.00205147  0.00156014  0.137415  0.0470657  0.253323  
0.000776723  -0.00205147  0.00131409  0.135379  0.0235525  0.252115  
0.00112295  -0.00205147  0.00145974  0.133815  0.0326633  0.265419  
0.000856141  -0.00205147  0.00160489  0.129647  0.0282856  0.282094  
0.00112287  -0.00205147  0.00148583  0.129652  0.0283783  0.266509  
0.000778645  -0.00199674  0.00172364  0.135044  0.0510647  0.245838  
0.000278553  -0.00188021  0.00177045  0.129632  0.0424202  0.262089  
0.000464874  -0.00205147  0.0016933  0.129694  0.0395157  0.247592  
0.000768794  -0.00205147  0.0017053  0.12968  0.0522466  0.221426  
0.00155164  -0.00186192  0.0020485  0.147623  0.0225516  0.192338  
0.00169001  -0.00225668  0.00204361  0.153443  0.0695199  0.193155  
0.000965734  -0.00245397  0.00191065  0.156376  0.023991  0.233785  
0.00177562  -0.00243531  0.00171668  0.140658  0.0397223  0.196578  
0.00158187  -0.00247397  0.00168191  0.148206  0.0396892  0.233048  
0.00200343  -0.00251137  0.00171916  0.141576  0.0365733  0.185243  
0.00165582  -0.00256066  0.00162934  0.140782  0.05299  0.198013  
0.00176355  -0.00250573  0.00158455  0.145243  0.0325907  0.191655  
0.00192706  -0.00250069  0.00184507  0.150762  0.0473136  0.191513  
0.00160636  -0.00250069  0.0021725  0.154048  0.0585422  0.235761  
0.00185202  -0.00250069  0.00197058  0.153743  0.0353329  0.228473  
0.00150604  -0.00250069  0.00190082  0.156181  0.0590879  0.248314  
0.00168885  -0.00254463  0.0019823  0.158819  0.0458112  0.233148  
0.002005  -0.00270679  0.00187893  0.156715  0.0493862  0.217514  
0.00111058  -0.00289672  0.001988  0.162815  0.0521102  0.233777  
0.00192238  -0.00305626  0.00202931  0.177487  0.0296467  0.234231  
0.00190778  -0.00331091  0.00202885  0.174941  0.0538488  0.236183  
0.00192173  -0.00370763  0.00222019  0.175038  0.0508236  0.254182  
0.00224252  -0.00327131  0.0020875  0.17903  0.0300965  0.227447  
0.00154147  -0.00352197  0.00182606  0.16553  0.0721575  0.306473  
0.00121218  -0.0031149  0.00219883  0.167654  0.044815  0.276272  
0.00122823  -0.00376446  0.00169616  0.175093  0.0478133  0.258792  
0.000640419  -0.00334412  0.00217522  0.165759  0.0475054  0.295725  
0.00199598  -0.00314147  0.00185878  0.166865  0.0479641  0.219352  
0.0020112  -0.00327876  0.00189524  0.166628  0.0642942  0.195428  
0.00187327  -0.00326988  0.00186702  0.175  0.0510017  0.220466  
0.00222668  -0.00342969  0.00188227  0.169365  0.0548593  0.228526  
0.00188448  -0.0034955  0.00180645  0.161806  0.0749834  0.24285  
0.00146677  -0.00376447  0.00186713  0.175083  0.0423493  0.251921  
0.00032918  -0.00376447  0.00131409  0.135747  0.045218  0.235379  
0.00255634  -0.00367206  0.00216974  0.159181  -0.00709972  0.132392  
0.00302925  -0.00284989  0.00211798  0.152113  0.0379356  0.102423  
0.00163791  -0.00290862  0.0015053  0.155792  0.0635206  0.155215  
0.00237457  -0.00341593  0.00169324  0.171721  0.0466003  0.167706  
0.0025743  -0.00339123  0.00176299  0.179509  0.0419539  0.171011  
0.0016173  -0.00356527  0.00193944  0.192798  0.0613756  0.208591  
0.00235679  -0.00338805  0.00190474  0.18945  0.041387  0.179037  
0.00209936  -0.00331239  0.00195606  0.180244  0.0664544  0.179105  
0.00175403  -0.00335054  0.00204293  0.192756  0.0532675  0.206913  
0.00235999  -0.00331107  0.00197297  0.197136  0.0527544  0.183332  
0.00173555  -0.00331829  0.00190181  0.187847  0.0728058  0.190041  
0.00210238  -0.00322613  0.00200562  0.192706  0.053524  0.193785  
0.0013034  -0.00321602  0.00200762  0.197296  0.0462567  0.20405  
0.00157469  -0.00322882  0.00207027  0.195678  0.0728617  0.208656  
0.00169781  -0.0029036  0.00209064  0.192666  0.054002  0.209027  
0.0018461  -0.00328954  0.00196087  0.198284  0.0585757  0.194651  
0.0015225  -0.0029036  0.00213554  0.194789  0.0758524  0.227225  
0.0017399  -0.0029036  0.00233333  0.192726  0.0526782  0.216635  
0.0016902  -0.0026536  0.00233333  0.192672  0.0688101  0.211829  
0.00177903  -0.0029036  0.00233333  0.19531  0.0688337  0.21759  
0.00181308  -0.00301422  0.00217761  0.192745  0.0429122  0.229428  
0.001743  -0.0029036  0.00233333  0.192726  0.0667849  0.216405  
0.00121166  -0.0029036  0.00233333  0.192726  0.0666604  0.245174  
0.00138102  -0.00306821  0.00222246  0.192761  0.047287  0.221265  
0.0010574  -0.00313876  0.00233333  0.192781  0.0546148  0.221188  
0.000329351  -0.00283433  0.00221469  0.185484  0.0466377  0.256433  
0.00140064  -0.00314982  0.00233842  0.179043  0.0305069  0.232553  
0.00120715  -0.00292556  0.00260403  0.171753  0.0529194  0.207295  
0.000873058  -0.00328513  0.0024394  0.17622  0.0473987  0.233274  
0.00114069  -0.00305581  0.00251692  0.177314  0.0403206  0.214842  
0.000607821  -0.00318893  0.00238546  0.177959  0.0731043  0.240697  
0.000907212  -0.00319897  0.0023761  0.182129  0.0570721  0.258822  
0.00143014  -0.00303291  0.00248574  0.175732  0.0569589  0.22576  
0.000923718  -0.00307559  0.00239007  0.184075  0.0693456  0.256981  
0.00111363  -0.00278302  0.00249783  0.178223  0.0436726  0.246887  
0.000904065  -0.00310703  0.00242567  0.182993  0.0560192  0.257207  
0.000816322  -0.00322996  0.00252373  0.192775  0.0559626  0.284519  
0.000866479  -0.00303375  0.0024757  0.183749  0.0204008  0.269552  
0.00114877  -0.00278302  0.00242065  0.177927  0.0539322  0.254073  
0.00114128  -0.00294793  0.00233142  0.178088  0.043588  0.244249  
0.000664821  -0.00278302  0.00260372  0.177361  0.0342611  0.237786  
0.000347078  -0.00321075  0.00246765  0.182201  0.0554173  0.231484  
0.00153988  -0.00321075  0.0026463  0.192762  0.0558793  0.214612  
0.0015559  -0.00324968  0.00252883  0.167791  0.0307922  0.164013  
0.0019378  -0.0030581  0.00173547  0.157773  0.063647  0.164614  
-0.000353142  -0.00278981  0.00155505  0.141201  0.0369346  0.367838  
-0.000669389  -0.00294624  0.00176921  0.122738  0.0496464  0.391373  
-0.000284567  -0.00307294  0.00172275  0.127189  0.0181899  0.357  
-0.00058697  -0.00283599  0.00192762  0.127113  0.0325907  0.391788  
-0.000276524  -0.00283599  0.00192762  0.151546  0.0313958  0.360343  
0.000119278  -0.00283599  0.00192762  0.158841  0.0256087  0.32  
-0.00095298  -0.00283599  0.00192762  0.156145  0.0252038  0.358093  
0.000168261  -0.00243474  0.00192763  0.150162  0.0241148  0.358113  
-0.000146933  -0.00263574  0.00192762  0.160048  0.0373971  0.37404  
-0.000550854  -0.00283599  0.00216847  0.162382  0.0371835  0.415303  
-0.000805882  -0.00315207  0.00223195  0.173021  0.0139759  0.411546  
-0.000146933  -0.00286776  0.00192762  0.168594  0.0601962  0.374347  
0.000340449  -0.0026333  0.00218871  0.163116  0.0304415  0.36186  
0.000392538  -0.00243434  0.00192762  0.156942  0.0216768  0.36098  
-7.61519e-05  -0.00272204  0.00192762  0.15509  0.0582367  0.360863  
0.000335097  -0.00243434  0.00214945  0.166398  0.0310576  0.358792  
0.000226406  -0.00283998  0.00234247  0.1686  0.0691215  0.370727  
0.000221993  -0.00243434  0.00226282  0.168461  0.0459699  0.37187  
0.000828123  -0.0023539  0.00204861  0.168426  0.0462349  0.330507  
0.000172448  -0.00243434  0.00192763  0.149959  0.0731605  0.315037  
-9.77885e-05  -0.00197036  0.00271981  0.135134  0.027491  0.332907  
0.000174675  -0.00186378  0.0023606  0.142255  0.0176615  0.331691  
0.000208651  -0.00186197  0.00192763  0.132838  0.0516845  0.314037  
0.000235333  -0.00183921  0.00192763  0.132856  0.0148673  0.295858  
0.000898003  -0.00188826  0.00228349  0.138936  0.0332147  0.299263  
0.000367116  -0.00229759  0.00202142  0.137538  0.0527567  0.328243  
0.000141556  -0.00242864  0.00221098  0.149219  0.0137156  0.374519  
0.000574086  -0.00276127  0.00192763  0.149347  0.0509892  0.364318  
-0.000522486  -0.00289821  0.00216349  0.157582  0.000810022  0.356353  
0.00051731  -0.00300193  0.00251664  0.16507  0.0276992  0.322973  
0.000163168  -0.00312673  0.0021508  0.166763  0.0495091  0.339573  
0.00212109  -0.00275335  0.00151876  0.11472  -0.0043015  0.208387  
5.665e-05  -0.00275335  0.00151876  0.142715  0.0799755  0.317501  
0.000408119  -0.00323226  0.00170569  0.159613  0.0497822  0.324021  
0.000530548  -0.00275335  0.0019114  0.159488  0.0562579  0.311008  
0.000599221  -0.00282476  0.00192421  0.1595  0.072509  0.318734  
0.000685243  -0.00270236  0.00193196  0.153118  0.0461521  0.302358  
0.00060916  -0.00275335  0.00180904  0.150175  0.0512309  0.298094  
0.000377458  -0.00275335  0.00176368  0.159477  0.0704135  0.329933  
0.000716182  -0.00318171  0.00173712  0.159593  0.0579898  0.29807  
0.001351  -0.00322844  0.00170833  0.142903  0.0581648  0.232136  
0.00100759  -0.00400369  0.00193012  0.152256  0.0333415  0.30313  
0.00106288  -0.00329321  0.00151876  0.133321  0.0270914  0.260162  
0.000807572  -0.00277304  0.00170527  0.124548  0.0723918  0.239879  
0.00098552  -0.00286997  0.00191413  0.143449  0.0547401  0.219271  
0.00128483  -0.00350878  0.00215583  0.163218  0.047577  0.216508  
0.00135253  -0.00350878  0.00214589  0.166151  0.0765442  0.252598  
-6.62995e-05  -0.00350878  0.00255705  0.181882  0.0379601  0.252511  
0.00323139  -0.00323098  0.00241255  0.172656  0.0436421  0.146048  
0.0022582  -0.00282331  0.0023079  0.177355  0.0969761  0.169657  
0.00167378  -0.00316554  0.0023079  0.177412  0.0831708  0.223695  
0.00253462  -0.00331788  0.00242824  0.177458  0.0415321  0.215048  
0.00241564  -0.00374436  0.00259123  0.177541  0.0473554  0.196648  
0.00185812  -0.00382973  0.00230791  0.17757  0.0473225  0.226241  
0.00232983  -0.00329156  0.00262165  0.184386  0.0427384  0.175543  
0.0020848  -0.00337863  0.00252977  0.177483  0.0662215  0.175568  
0.0022685  -0.0032666  0.00268559  0.191093  0.0450301  0.169033  
0.00222467  -0.00337683  0.00291966  0.205896  0.0439892  0.151398  
0.00258072  -0.0032035  0.00283455  0.200881  0.0709932  0.195082  
0.00260895  -0.00335597  0.00308165  0.204659  0.0440245  0.211626  
0.00246702  -0.00359847  0.0029606  0.21033  0.0744338  0.197182  
0.00219846  -0.00346504  0.0029752  0.208414  0.0643239  0.210645  
0.00259458  -0.00316184  0.00300319  0.207558  0.0643981  0.173462  
0.00252982  -0.00317462  0.00305233  0.213952  0.0835902  0.192029  
0.00231972  -0.00317462  0.0030181  0.210027  0.0737345  0.182427  
0.00244724  -0.00317462  0.00301135  0.219389  0.0649593  0.157422  
0.001713  -0.00318178  0.00315072  0.219389  0.0767226  0.169675  
0.00236621  -0.00302634  0.00308432  0.219369  0.0599221  0.162757  
0.00243978  -0.00307082  0.00306532  0.219354  0.064164  0.134401  
0.00197352  -0.00306685  0.00336667  0.221438  0.0639951  0.134561  
0.00223648  -0.00311127  0.00319489  0.219358  0.0701146  0.158599  
0.00245865  -0.00292267  0.00312045  0.219313  0.071235  0.131843  
0.00232083  -0.00309143  0.00309446  0.219344  0.064134  0.122294  
0.00198415  -0.00296421  0.00336667  0.219348  0.0820627  0.156686  
0.00263856  -0.00320118  0.00316689  0.211358  0.0543233  0.127414  
0.00273941  -0.00317936  0.00336667  0.219386  0.0628586  0.129684  
0.0022242  -0.00357312  0.00301907  0.2162  0.0745657  0.181973  
0.00250583  -0.00323887  0.00258661  0.21934  0.0165447  0.0499383  
0.00183282  -0.00352847  0.00310862  0.210141  0.0509685  0.0773982  
0.0031077  -0.00296421  0.00338552  0.219347  0.0579807  0.0303409  
0.00304536  -0.00296421  0.00325617  0.208545  0.0474204  -0.0250935  
0.00153692  -0.00296421  0.00265523  0.207112  0.0667418  0.0431145  
0.00313176  -0.00296421  0.00348042  0.208399  0.0370653  -0.0341767  
0.0013987  -0.00332587  0.00363636  0.21936  0.0620801  0.0862853  
0.0015077  -0.00296421  0.00338695  0.221455  0.0648498  0.103748  
0.000585852  -0.00296421  0.00324493  0.219318  0.0440489  0.208426  
0.000989052  -0.00296421  0.00314852  0.212423  0.0503811  0.190398  
0.000413723  -0.00336671  0.0030353  0.205282  0.044948  0.233674  
0.000398827  -0.00322697  0.00314852  0.205394  0.0458848  0.306941  
0.000431474  -0.00322903  0.00314852  0.208267  0.0534216  0.281931  
0.00106582  -0.00346255  0.00314852  0.196014  0.0214443  0.175871  
5.25834e-05  -0.00395665  0.00322887  0.18734  0.0212222  0.220858  
2.17782e-05  -0.00343231  0.00332354  0.177129  0.0840896  0.10482  
0.00173204  -0.00418619  0.00314852  0.167388  0.0313437  0.0752083  
0.000966212  -0.0037148  0.00314852  0.187371  0.0706186  0.118579  
0.000680938  -0.00408143  0.00314852  0.187439  0.0602562  0.144349  
0.00136393  -0.00368747  0.00325068  0.197948  0.0692404  0.166099  
0.000503755  -0.00343517  0.00314852  0.212779  0.0804695  0.2113  
0.000863881  -0.003951  0.00327322  0.215708  0.0722253  0.203237  
0.00144344  -0.00447169  0.00336079  0.225328  0.0407552  0.165758  
0.00149415  -0.0049745  0.0041726  0.225303  0.020944  0.10447  
0.00147836  -0.00558909  0.00414091  0.225399  0.0291675  0.0890649  
0.000308789  -0.0050298  0.00423405  0.215471  0.11156  0.203649  
-0.000775221  -0.00528212  0.00459111  0.22031  0.0449472  0.269008  
-0.000954928  -0.00487407  0.00406312  0.205507  0.0646543  0.317174  
-0.0027528  -0.00507847  0.00370494  0.202025  0.0222121  0.492542  
-0.00817607  -0.0052716  0.00371229  0.146055  -0.0223926  1.04604  
