0.00472186  0.00176716  1.69407e-21  -0.0722121  0.0770472  0.185247  
0.00513887  0.00164504  1.69407e-21  -0.0804171  0.0455162  0.137943  
0.00526023  0.00141755  -0.000115362  -0.0778805  0.0455354  0.142109  
0.0055809  0.00137478  0  -0.0756055  0.0579196  0.133255  
0.00570955  0.00143925  1.69407e-21  -0.0740948  0.0797956  0.119159  
0.00551788  0.00142997  0  -0.0728151  0.0798039  0.161732  
0.00565  0.00131383  0  -0.073162  0.0728344  0.131292  
0.00551678  0.00121166  -8.47033e-22  -0.073451  0.0882881  0.150741  
0.0058739  0.00127116  -6.42308e-05  -0.0745903  0.0760661  0.11544  
0.00592633  0.00129825  -0.000207475  -0.0752146  0.0898508  0.118629  
0.00592794  0.00126304  -0.000128766  -0.0767844  0.0891523  0.155591  
0.00637549  0.00147087  -0.000338472  -0.0843535  0.0881445  0.117087  
0.00664297  0.00128773  -0.000286874  -0.0803909  0.0938682  0.0503073  
0.00603175  0.00104863  -0.000241403  -0.0758414  0.0927956  0.134306  
0.00580495  0.00117772  -0.000234165  -0.0826095  0.110796  0.113092  
0.00584154  0.00144888  -2.37092e-05  -0.0860125  0.0353284  0.180258  
0.00598075  0.00141814  2.75254e-05  -0.0779976  0.108429  0.187793  
0.00624123  0.00134608  -0.000114474  -0.0886725  0.0709738  0.143706  
0.00568214  0.00133169  -0.000100729  -0.080689  0.0525896  0.153895  
0.00595438  0.00229166  -0.000434063  -0.0720529  0.0981242  0.320828  
0.00618468  0.00229454  -0.000434063  -0.0815137  0.041344  0.225435  
0.00562132  0.00182736  0.000184463  -0.0983252  0.0594942  0.100963  
0.00622738  0.00189074  0.0003788  -0.0887181  0.0477139  0.0946659  
0.00605222  0.00187444  4.64266e-06  -0.0956264  0.0943177  0.130008  
0.00541344  0.00198891  0.000184463  -0.0880812  0.108077  0.159646  
0.00540436  0.00196757  0.000184463  -0.0849845  0.0633292  0.159448  
0.00538221  0.00184702  0.000184463  -0.0851058  0.0835275  0.149742  
0.00567533  0.00185443  0.000184463  -0.0828929  0.0676913  0.157852  
0.00580312  0.00203111  0.000184463  -0.0839213  0.0645966  0.127797  
0.00542653  0.00191315  0.000184463  -0.0830549  0.0684027  0.147992  
0.00556228  0.00200925  0.000184463  -0.0770064  0.052758  0.159569  
0.00500858  0.00187196  0.000184463  -0.0773095  0.0770089  0.174502  
0.00557031  0.00197972  0.000184463  -0.073689  0.0374605  0.161179  
0.0050528  0.00195079  0.000184463  -0.0730499  0.0796806  0.183321  
0.00531517  0.00184159  0.000184463  -0.0753569  0.0533687  0.163767  
0.00513439  0.0017377  0.000184463  -0.0803116  0.0773235  0.143198  
0.00501137  0.00204312  0.000343375  -0.0755106  0.0832817  0.156842  
0.00516692  0.00186057  0.000483539  -0.0733373  0.0716857  0.152669  
0.00518515  0.00189356  0.000356367  -0.0707087  0.0715337  0.154833  
0.0050591  0.00187599  0.000349993  -0.0733812  0.0744187  0.151637  
0.00507893  0.00193178  0.000368688  -0.0714552  0.0569422  0.160377  
0.00502051  0.00174115  0.000336403  -0.0693218  0.0542327  0.156322  
0.00489125  0.00170893  0.000328493  -0.0650185  0.055582  0.174023  
0.0046316  0.00187124  0.000477778  -0.0702117  0.0553307  0.171482  
0.00479617  0.00177143  0.000383329  -0.067432  0.0329986  0.164477  
0.0049048  0.00182497  0.0003909  -0.067139  0.0511224  0.15621  
0.00457949  0.00168527  0.000426179  -0.0673483  0.0707696  0.182843  
0.00467405  0.00174802  0.000487889  -0.0661654  0.051085  0.179453  
0.00410447  0.00149638  0.000515328  -0.06438  0.085647  0.189734  
0.00472478  0.00172806  0.000519824  -0.0699183  0.0373089  0.154647  
0.00433639  0.00158531  0.000543508  -0.0663856  0.0814762  0.161722  
0.00455143  0.00168877  0.000619774  -0.0620938  0.0600405  0.157897  
0.00416351  0.00161479  0.000426883  -0.0615714  0.0825805  0.17361  
0.00471196  0.0016107  0.000357358  -0.0686866  0.0366964  0.160547  
0.0045669  0.00149313  0.000408053  -0.0711126  0.0620087  0.155076  
0.00437616  0.00150902  0.000465501  -0.0591451  0.0670642  0.192433  
0.00450915  0.00152629  0.000457079  -0.064927  0.0699071  0.158237  
0.00448967  0.00161539  0.000403006  -0.0603256  0.0434171  0.181018  
0.00452258  0.00156055  0.000467981  -0.0652424  0.0575455  0.157397  
0.00440315  0.00167725  0.000553012  -0.0622267  0.0548966  0.181673  
0.00462497  0.00166934  0.000486992  -0.0604062  0.0507061  0.174468  
0.00469659  0.00158236  0.00037931  -0.0603108  0.0588537  0.157676  
0.00418793  0.0015681  0.000464692  -0.0638735  0.0654315  0.198256  
0.00417407  0.00162738  0.000478429  -0.066134  0.0510879  0.169756  
0.00449285  0.00165934  0.000544484  -0.0600091  0.0241211  0.170902  
0.00453523  0.0016984  0.00047189  -0.0602093  0.0509621  0.160115  
0.00459537  0.00166393  0.00045825  -0.0605631  0.0519957  0.160594  
0.00427869  0.00173732  0.00042713  -0.0597589  0.0528174  0.18368  
0.0044515  0.00160403  0.000471405  -0.0618235  0.0404733  0.174522  
0.0045116  0.00158399  0.00047304  -0.0591937  0.0657326  0.165074  
0.00421858  0.00156745  0.000585226  -0.0585304  0.065686  0.179404  
0.0042316  0.00154169  0.000585226  -0.0577167  0.0524456  0.193663  
0.00391817  0.00155407  0.000585226  -0.0575807  0.0616134  0.200519  
0.00450355  0.00148043  0.000585226  -0.0558297  0.0258147  0.163172  
0.00433366  0.00157014  0.000520355  -0.0579581  0.059683  0.164255  
0.00416245  0.00152959  0.000585226  -0.0557297  0.0553343  0.18884  
0.00438021  0.0014756  0.000585226  -0.059406  0.0396971  0.168992  
0.00428462  0.00145828  0.000469484  -0.0601908  0.0543017  0.170324  
0.0042078  0.001417  0.000585226  -0.0548998  0.0519642  0.189099  
0.00425961  0.00148433  0.000585226  -0.0548387  0.0483541  0.186842  
0.00431306  0.00150024  0.000585226  -0.0562013  0.0519826  0.176581  
0.00401102  0.00145372  0.000666957  -0.0536238  0.0571121  0.195996  
0.00437436  0.00154309  0.000585226  -0.058538  0.0417227  0.185537  
0.00443917  0.00153232  0.000585226  -0.0585129  0.0425398  0.163484  
0.0042785  0.0015558  0.000585226  -0.0573108  0.0559499  0.168884  
0.0041821  0.00158903  0.000691657  -0.05329  0.0435643  0.186985  
0.00434993  0.00146867  0.000460587  -0.0569892  0.0411342  0.168763  
0.00439171  0.00150824  0.000511082  -0.0594476  0.0527087  0.164906  
0.00444977  0.00157241  0.000585226  -0.0573228  0.0618413  0.159841  
0.00395554  0.00157763  0.000452664  -0.0553768  0.0641188  0.203196  
0.00436927  0.0015173  0.000503709  -0.0579895  0.0416899  0.149845  
0.00419781  0.00138628  0.000525413  -0.0558472  0.052674  0.178726  
0.00434539  0.00152403  0.000508091  -0.0583514  0.0478246  0.166161  
0.00451025  0.00153398  0.000530095  -0.0553323  0.0526827  0.154277  
0.00449109  0.00156029  0.000497668  -0.0601441  0.0694715  0.149337  
0.00431355  0.00170631  0.000516263  -0.0569804  0.0571166  0.168639  
0.0043671  0.00167744  0.000500925  -0.0573631  0.0484206  0.175663  
0.00376324  0.00163887  0.000438563  -0.0631284  0.065339  0.191465  
0.00442935  0.00151797  0.000502506  -0.059397  0.0278651  0.133822  
0.00446444  0.00152813  0.000501339  -0.0568984  0.0616986  0.14177  
0.00435344  0.00148651  0.000455919  -0.0590026  0.0575833  0.158691  
0.00441308  0.00143001  0.000505685  -0.051026  0.0575941  0.167827  
0.00443637  0.00166989  0.000582916  -0.0546978  0.0749904  0.147307  
0.00434692  0.00165651  0.000498921  -0.0550681  0.057574  0.159232  
0.00431463  0.00151086  0.000535929  -0.0532367  0.0575714  0.161895  
0.00445294  0.00158883  0.000556451  -0.0535538  0.0700173  0.146859  
0.00445902  0.00168274  0.000561615  -0.0551403  0.0784464  0.149999  
0.00435941  0.00146009  0.000519106  -0.0550242  0.0488125  0.157305  
0.00451333  0.00147098  0.000513771  -0.0523655  0.0510916  0.157062  
0.0043124  0.00146188  0.000621321  -0.0537657  0.0717944  0.160974  
0.00447118  0.00147372  0.000588701  -0.0537045  0.0382997  0.161805  
0.0046589  0.0015694  0.000461688  -0.0515811  0.0485364  0.139357  
0.00454643  0.00151388  0.00065839  -0.052312  0.0654951  0.138665  
0.00427966  0.00145381  0.00064518  -0.0513095  0.060162  0.171308  
0.00457861  0.0014445  0.000691142  -0.0521611  0.0516274  0.144668  
0.00418155  0.00146069  0.0005957  -0.0541822  0.0782586  0.158059  
0.00433623  0.00134079  0.000438827  -0.0534466  0.051237  0.159262  
0.00455343  0.00129698  0.000636097  -0.0529317  0.0651985  0.126098  
0.00435219  0.00122862  0.00056319  -0.0495643  0.0830187  0.141802  
0.00406264  0.00137177  0.000626551  -0.0482939  0.0651582  0.165606  
0.00462999  0.0014337  0.00059476  -0.048064  0.0552048  0.131411  
0.0042593  0.00127524  0.000657356  -0.0535787  0.0731981  0.158808  
0.00444982  0.00129445  0.000684203  -0.0503966  0.0523023  0.159472  
0.00445023  0.00126777  0.0006943  -0.0447095  0.0617159  0.141592  
0.00427042  0.00112172  0.000621267  -0.0430913  0.0622066  0.181777  
0.0046201  0.00127188  0.000809345  -0.0462955  0.0374719  0.151046  
0.00396787  0.00107294  0.000804597  -0.0474534  0.0643556  0.184784  
0.00457343  0.00108177  0.0007712  -0.0433166  0.0282177  0.158268  
0.00435782  0.00113659  0.000643948  -0.0487541  0.0552431  0.144192  
0.00419118  0.00115887  0.000590162  -0.0430987  0.0621062  0.167547  
0.00427286  0.00109001  0.000680481  -0.0434035  0.0516902  0.165677  
0.00453845  0.00110339  0.000770793  -0.0413512  0.0661634  0.143673  
0.00393634  0.00100199  0.000706712  -0.0413579  0.0826331  0.18785  
0.00453064  0.000974237  0.000745511  -0.0430802  0.0475302  0.133855  
0.00420954  0.000855824  0.000666763  -0.0456153  0.0793756  0.145789  
0.0050058  0.000829585  0.000412741  -0.061215  0.0390551  0.107396  
0.00397971  0.000671304  0.000332482  -0.0473954  0.0922107  0.164568  
0.0043136  0.000827974  0.000449689  -0.0526117  0.0530395  0.131124  
0.00427203  0.000723981  0.000449056  -0.0481559  0.066269  0.147293  
0.00424814  0.000736746  0.000590297  -0.0398165  0.072522  0.154758  
0.00439769  0.000724045  0.000600118  -0.0374718  0.072746  0.151003  
0.00434824  0.000728426  0.000432664  -0.0423289  0.082374  0.125217  
0.00429476  0.000740691  0.000641522  -0.0372114  0.0698082  0.143529  
0.00408406  0.000719058  0.000591203  -0.0375626  0.0653926  0.143832  
0.00429426  0.000839968  0.000668104  -0.0381404  0.0698156  0.125459  
0.00403808  0.000649509  0.000805015  -0.035151  0.067242  0.144111  
0.00390875  0.000623392  0.000814821  -0.0317884  0.0525172  0.161712  
0.00408194  0.00061002  0.00082985  -0.0302751  0.052521  0.15243  
0.00397735  0.000798279  0.00082679  -0.0344746  0.056277  0.137776  
0.00384964  0.00082643  0.000880074  -0.0287053  0.0633438  0.154347  
0.00374917  0.00085741  0.000939878  -0.0332842  0.0666655  0.149372  
0.00403937  0.000909103  0.00094556  -0.0329148  0.0710588  0.133587  
0.00381001  0.000943588  0.000911175  -0.0285005  0.082971  0.140308  
0.00374665  0.000772216  0.00101326  -0.0259144  0.0688941  0.157052  
0.00374206  0.000718658  0.000920795  -0.0313515  0.0653717  0.154371  
0.00355654  0.000745968  0.00097349  -0.0334787  0.0828261  0.145841  
0.00396743  0.0006716  0.000862749  -0.0288636  0.0453875  0.142244  
0.00359955  0.000733528  0.000956697  -0.0312151  0.0739815  0.143121  
0.00360085  0.00050429  0.00109853  -0.0220351  0.0530301  0.17301  
0.00395904  0.000423406  0.00106089  -0.0260421  0.0733531  0.128841  
0.00356996  0.00036002  0.00113291  -0.0184855  0.0779153  0.175496  
0.00410091  0.000303187  0.00106709  -0.0197088  0.0535798  0.140681  
0.0037045  0.00036002  0.00112803  -0.0192495  0.0703313  0.163067  
0.00382378  0.00061002  0.00112228  -0.0231242  0.0604575  0.146306  
0.00401287  0.00036002  0.00114058  -0.0226923  0.0718377  0.13361  
0.00406836  0.000703656  0.00113046  -0.0265925  0.0833599  0.129358  
0.00373932  0.000544198  0.00113848  -0.0267988  0.0790615  0.154325  
0.00405712  0.000521368  0.00111788  -0.0259461  0.0582513  0.148072  
0.00414013  0.000443051  0.00109904  -0.0251002  0.08531  0.121083  
0.0037893  0.000460972  0.00112021  -0.0229197  0.0756246  0.160889  
0.0041839  0.000454304  0.00116085  -0.024184  0.0580971  0.122984  
0.00377373  0.000355172  0.00120731  -0.0220913  0.0788693  0.1521  
0.00404084  0.000164205  0.00121975  -0.0124491  0.0461722  0.152292  
0.00384253  5.79233e-05  0.0012607  -0.0189473  0.0678995  0.137341  
0.00384975  -0.000121431  0.00127213  -0.0153042  0.0516408  0.149794  
0.00409924  4.89039e-05  0.00132384  -0.0151265  0.0579575  0.135865  
0.00341922  -0.000311803  0.00133859  -0.00843064  0.0775587  0.209312  
0.00425145  -0.000121431  0.00137904  -0.00963874  0.0578579  0.123317  
0.00367395  -0.000121431  0.00129484  -0.00853276  0.0747616  0.186141  
0.00272589  0.000109664  0.00124389  -0.0183039  0.0803903  0.233048  
0.00391159  8.53682e-06  0.00124658  -0.0181436  -0.00235742  0.12165  
0.00327726  -0.000121431  0.00143336  -0.00400203  0.0404065  0.20466  
0.00314254  1.59538e-05  0.00136896  -0.0042103  0.056857  0.212268  
0.00407919  0.000231821  0.00116161  -0.0249846  0.063004  0.160564  
0.00376523  0.000344653  0.0011342  -0.0175689  0.0679556  0.151236  
0.00332606  4.81776e-05  0.0012613  -0.0113441  0.0751459  0.18237  
0.00328394  -7.50656e-06  0.00125186  -0.00284671  0.0367637  0.200125  
0.00342729  -0.000121431  0.00123246  -0.0048446  0.0608856  0.179535  
0.00314039  -0.000121431  0.00130507  -0.00403836  0.0498227  0.208253  
0.00344901  -0.000121431  0.00130315  -0.00602401  0.0436905  0.186996  
0.00237986  -0.000121431  0.00124116  -0.00625399  0.0621816  0.234687  
0.00337739  0.000180502  0.00125981  -0.0111837  0.01715  0.174009  
0.0025921  -0.000121431  0.00126364  -0.00555079  0.0550437  0.227389  
0.00336998  -0.000121431  0.00136139  -0.00906243  0.0249734  0.18594  
0.00222519  -0.000121431  0.00141058  -0.00806832  0.0513463  0.237237  
0.00333502  -0.000121431  0.00122731  -0.00945057  0.0281433  0.199632  
0.00262212  -0.000121431  0.00123396  -0.00905373  0.0629575  0.224828  
0.00298401  -0.000121431  0.0012547  -0.0105455  0.0427787  0.217849  
0.00328559  -0.000121431  0.00124371  -0.00382728  0.0737059  0.191663  
0.00250582  -0.000214377  0.00125293  0.00135522  0.0660759  0.248446  
0.00321414  -0.000121431  0.00136503  -0.00803926  0.0521047  0.195691  
0.00247826  -0.000121431  0.00135075  -0.00215331  0.0406688  0.242922  
0.00307614  -0.000121431  0.00125133  1.98537e-05  0.0359185  0.199325  
0.00285353  -0.00024953  0.00136473  0.00140304  0.0307465  0.221321  
0.00297269  -0.00018965  0.00138903  0.00155324  0.0372687  0.219881  
0.00248476  -0.000174827  0.00141008  -0.0041754  0.0547725  0.22856  
0.00313103  -0.000314967  0.00138445  -0.00406495  0.014394  0.208397  
0.00317444  -0.000313701  0.00128331  -0.00574687  0.0554203  0.196096  
0.00246642  -0.000303974  0.00144959  -0.000494725  0.0533703  0.241714  
0.00246642  -0.00033795  0.00128405  0.00421026  0.0471054  0.228686  
0.00299428  -0.000615529  0.00123539  0.00765553  0.0165788  0.214214  
0.00203682  -0.000615529  0.00128334  0.00745788  0.0580816  0.244904  
0.00240763  -0.00031278  0.00126292  0.00203972  0.0309696  0.215384  
0.00258638  -0.000615529  0.00120466  0.00459784  0.0150742  0.218632  
0.00279545  -0.000434618  0.00140956  0.00179833  0.0381927  0.205274  
0.00235023  -0.000390748  0.00125629  0.00912721  0.0365137  0.23768  
0.00246856  -0.000404065  0.00128019  0.0057425  0.0352353  0.233567  
0.00237957  -0.000429331  0.00132634  0.00225172  0.0512974  0.218016  
0.00218273  -0.000520614  0.00126226  0.0033751  0.0404242  0.266453  
0.00237178  -0.000192966  0.00124207  -0.00705806  0.0280963  0.238536  
0.00337978  -6.02221e-05  0.00123542  -0.00725288  0.0276002  0.169181  
0.00230287  -0.000291629  0.00128597  0.00264418  0.011692  0.22318  
0.00250483  -0.000402577  0.00120601  0.00425259  0.0133205  0.22316  
0.0028679  -0.000607629  0.00132332  0.00474427  0.0335182  0.207749  
0.00231912  -0.000565486  0.00125896  0.00857661  0.0367719  0.229154  
0.00231912  -0.000561384  0.00123838  0.00979264  0.0226424  0.237853  
0.00220656  -0.000619654  0.00125571  0.00627106  0.02603  0.227659  
0.0022343  -0.000494207  0.00125453  -0.00392992  0.0405371  0.209854  
0.00211599  -0.000491191  0.00118209  0.00418983  0.0353374  0.234651  
0.00219328  -0.000549769  0.00125148  0.00999344  0.0170702  0.231395  
0.00215873  -0.000565876  0.00136421  0.00542831  0.0343748  0.22336  
0.00205633  -0.000763083  0.00133485  0.0128946  0.0112062  0.248411  
0.00215361  -0.000560531  0.00144756  0.00670011  0.0134471  0.222653  
0.00194299  -0.000459895  0.00132969  0.00815043  0.0213724  0.230918  
0.00209537  -0.000466634  0.00127548  0.0120567  0.0134347  0.236731  
0.0019014  -0.00059244  0.0014076  0.00957932  0.0106621  0.223824  
0.00181364  -0.000533511  0.00139437  0.00833529  0.0409619  0.209702  
0.00175464  -0.000583496  0.00143929  0.0188676  0.0254953  0.244407  
0.00177919  -0.000638209  0.00135808  0.0206091  0.0148931  0.230734  
0.0013968  -0.000690261  0.00135437  0.0174035  0.0382239  0.258959  
0.00208932  -0.000555784  0.00134774  0.0180702  -0.00975613  0.215562  
0.00168151  -0.00069026  0.00143931  0.0136614  0.0218155  0.239517  
0.00171719  -0.00069026  0.0013301  0.0207143  -0.00705613  0.23725  
0.00165107  -0.000616931  0.00146336  0.0155682  0.0171681  0.207055  
0.00164736  -0.000712885  0.00144091  0.0200806  0.0336067  0.213839  
0.00168994  -0.000811581  0.00139402  0.0295957  0.0197515  0.231496  
0.0018414  -0.000811581  0.00139299  0.0280808  0.0140115  0.212187  
0.00142494  -0.00078554  0.00139372  0.0239964  0.0319741  0.271596  
0.00116466  -0.000824672  0.00152517  0.0153742  0.00128682  0.2555  
0.00168623  -0.000667894  0.0015999  0.017047  -0.0305931  0.21036  
0.0015654  -0.00070214  0.00157068  0.01682  0.00705248  0.220996  
0.0015654  -0.000757034  0.00149488  0.0185648  -0.010421  0.230746  
0.00175903  -0.000768099  0.00141272  0.0221849  0.0170868  0.215626  
0.00180617  -0.000781969  0.00135112  0.0230766  0.0242307  0.205764  
0.00180069  -0.000741469  0.00138471  0.0201228  0.0221236  0.205175  
0.0015654  -0.000844737  0.00139952  0.0213257  0.0127743  0.228326  
0.0015654  -0.000644872  0.00146999  0.0155956  0.0220739  0.212195  
0.00137775  -0.000827763  0.00151111  0.0186792  0.00109629  0.238495  
0.00171778  -0.000835917  0.0014848  0.0168727  -0.0118236  0.191706  
0.00176876  -0.000775821  0.00141114  0.0172824  0.0116886  0.18654  
0.0015654  -0.000873196  0.00136776  0.0217146  0.0037423  0.207543  
0.00196674  -0.0009486  0.00138811  0.0226063  -0.00272991  0.193636  
0.00186808  -0.000907976  0.00133564  0.0214928  0.0264937  0.186733  
0.0015654  -0.000845835  0.00142785  0.0227874  0.0269445  0.220817  
0.0015654  -0.000977986  0.00146249  0.0230354  0.00320093  0.187625  
0.00107779  -0.000907976  0.00152102  0.0196095  0.0453838  0.235914  
0.00134629  -0.000907977  0.0014491  0.0210976  0.0127915  0.213659  
0.0017676  -0.000979399  0.00148056  0.0237425  -0.0217577  0.191612  
0.00113143  -0.000907977  0.00163418  0.0199592  0.0411843  0.218936  
0.00208405  -0.000907977  0.00142386  0.0222263  -0.0190285  0.172606  
0.00165998  -0.000907977  0.00146476  0.0233956  0.0264351  0.199531  
0.0017525  -0.00105537  0.00145096  0.0248903  0.0239314  0.223142  
0.00170026  -0.00115021  0.00152432  0.0269832  0.0190838  0.217575  
0.00173283  -0.000907977  0.00152451  0.0265421  0.0422561  0.210994  
0.00163868  -0.00101866  0.00148174  0.0293139  0.026002  0.233335  
0.00190804  -0.000993988  0.0015862  0.0254059  0.0123226  0.221796  
0.00178307  -0.00100193  0.00161455  0.0227068  0.0225942  0.200727  
0.00188456  -0.000907977  0.00148902  0.0279089  0.0170184  0.236477  
0.00178307  -0.000907977  0.0015525  0.0272728  0.00202769  0.222723  
0.00139767  -0.000907977  0.00150553  0.0217643  0.0333901  0.242312  
0.00181891  -0.000833603  0.00160017  0.0266673  -0.00318687  0.212575  
0.00164578  -0.000758881  0.00151488  0.0225883  0.0333087  0.213755  
0.00164578  -0.000782755  0.00143119  0.0261109  0.0261905  0.240434  
0.00178993  -0.00080874  0.0015676  0.0270915  0.0175622  0.213289  
0.00180615  -0.000730393  0.0014796  0.0231477  0.0410509  0.195624  
0.00164578  -0.000828415  0.00150938  0.0208149  0.0230799  0.223551  
0.00182039  -0.000732032  0.00149255  0.0204652  0.0144634  0.226036  
0.00189084  -0.000705356  0.00153838  0.022144  0.0346196  0.202139  
0.00144922  -0.000872245  0.00159946  0.0239197  0.0362279  0.245961  
0.00208468  -0.000764802  0.00155738  0.0314966  0.00904198  0.203949  
0.00133215  -0.0010174  0.0015421  0.0281377  0.0293603  0.250116  
0.00192544  -0.000846287  0.00156515  0.0230351  -0.0163041  0.21044  
0.00119346  -0.000936791  0.00158982  0.0247471  0.0242961  0.268205  
0.00159728  -0.000781224  0.00164629  0.0224506  -0.0107421  0.211687  
0.00159728  -0.000933781  0.00162366  0.0346885  0.00850569  0.249453  
0.00184728  -0.000795106  0.00161261  0.0271629  0.0131457  0.21455  
0.00149886  -0.000921442  0.00149081  0.0259233  0.0182596  0.256567  
0.00200622  -0.000865891  0.00155994  0.0364551  0.00927289  0.225888  
0.00150767  -0.000790515  0.00161741  0.0262736  0.0259222  0.259468  
0.00185562  -0.000832978  0.00150414  0.0306356  -0.0014368  0.241308  
0.0016839  -0.00075692  0.0016241  0.0290712  0.0269871  0.227242  
0.0016839  -0.000860461  0.00147377  0.0292035  0.0108235  0.257919  
0.00184606  -0.000795991  0.00152047  0.0290486  -0.0074922  0.230251  
0.00162229  -0.000937209  0.00163717  0.0292694  0.0208311  0.246881  
0.00184433  -0.00084305  0.00155453  0.0308119  -0.0218071  0.249125  
0.00190191  -0.000792885  0.00153382  0.0254183  0.0019113  0.224707  
0.00150372  -0.000893329  0.00158439  0.0310504  -0.00169407  0.27015  
0.00189104  -0.000804158  0.00158956  0.0284999  -0.0121675  0.222398  
0.00172825  -0.000618341  0.00151751  0.0291101  0.0136783  0.25147  
0.00183968  -0.000763846  0.00151568  0.0342811  -0.0029325  0.257002  
0.00163579  -0.000708226  0.00163516  0.0295608  0.0257751  0.233874  
0.00161829  -0.000792878  0.00160677  0.0249849  0.00903637  0.246422  
0.00172825  -0.000677083  0.00159578  0.0315285  0.0104132  0.226159  
0.00172825  -0.000678588  0.00160313  0.0320427  0.0369324  0.215474  
0.00133072  -0.000866232  0.00164592  0.0360014  0.0262702  0.268894  
0.00113828  -0.000684764  0.00148644  0.0280488  -0.00810659  0.279814  
0.00215005  -0.000618341  0.00152614  0.0156106  -0.0168503  0.214092  
0.00165227  -0.000484886  0.00159064  0.0215621  -0.0303631  0.225143  
0.00146272  -0.000520442  0.00157315  0.0214461  0.00424504  0.255219  
0.00125621  -0.000633386  0.00165124  0.0238067  -0.0107492  0.271173  
0.00119225  -0.000767281  0.00165676  0.0292545  0.00685995  0.265092  
0.0014911  -0.000641939  0.00146903  0.0304425  0.0245099  0.242194  
0.00139614  -0.000744167  0.00148167  0.034135  0.027497  0.259912  
0.0014633  -0.00085098  0.00151391  0.0321588  0.00421097  0.25247  
0.00152761  -0.000726411  0.00160829  0.0271105  0.0148601  0.226677  
0.00136417  -0.000679711  0.00162802  0.0298527  0.00440456  0.250399  
0.00136417  -0.000662169  0.00155755  0.0291911  -0.0310907  0.245908  
0.00130991  -0.000808329  0.00156316  0.0272136  -0.0180133  0.228784  
0.00150316  -0.000661027  0.00157553  0.030133  -0.000186012  0.223446  
0.00136417  -0.000895349  0.00144642  0.0366861  -0.0101522  0.249243  
0.0014429  -0.000895349  0.00149822  0.0402974  -0.0253684  0.263004  
0.00130755  -0.000895349  0.00157595  0.0323934  -0.0160135  0.243865  
0.00148648  -0.000895349  0.00157331  0.0315945  -0.00788995  0.265588  
0.00157247  -0.000634074  0.00153628  0.0313321  -0.01298  0.242869  
0.00165011  -0.000667557  0.00154062  0.0336511  0.00979918  0.234235  
0.00127652  -0.000779134  0.00153097  0.0393649  0.000629055  0.287027  
0.00155595  -0.000716906  0.00158336  0.0319241  -0.0154468  0.229748  
0.00115725  -0.000708345  0.00166883  0.033615  0.0070704  0.260579  
0.00136417  -0.00068727  0.00151428  0.0327363  -0.0202399  0.228804  
0.00136417  -0.000586363  0.00155582  0.0371802  0.0145822  0.229881  
0.0015298  -0.000713205  0.00153157  0.0364292  -0.0106401  0.251373  
0.00168463  -0.000747257  0.00149446  0.035724  -0.0106056  0.241383  
0.00165928  -0.000709412  0.00160521  0.0297982  0.0155081  0.236326  
0.00157822  -0.000631636  0.00161375  0.028783  0.0021168  0.239315  
0.00136417  -0.00051063  0.00161824  0.03349  -0.0103571  0.246214  
0.001626  -0.000432681  0.00151806  0.024801  0.000480103  0.222643  
0.00117294  -0.000569186  0.00144705  0.0304341  0.0204081  0.281891  
0.000902705  -0.00063418  0.00165234  0.031428  -0.00849061  0.269601  
0.00160236  -0.000657223  0.00161831  0.0325045  -0.0443346  0.219458  
0.00136417  -0.000590215  0.00165758  0.0313463  0.00088783  0.233866  
0.00151522  -0.000663303  0.00143626  0.0326864  -0.0135049  0.248546  
0.00177941  -0.000707853  0.00146621  0.033028  0.00518816  0.228734  
0.00152421  -0.000853003  0.00158932  0.0297442  0.0180272  0.239417  
0.00150935  -0.000853003  0.00162475  0.0341743  0.00755885  0.262979  
0.00149445  -0.00079571  0.00163645  0.0326661  0.0215717  0.23264  
0.00153046  -0.000853003  0.00159079  0.0387937  -0.000222779  0.246518  
0.00122793  -0.000776202  0.00170258  0.0360855  0.021295  0.252377  
0.00160859  -0.000834524  0.00161376  0.0349379  -0.0249335  0.230476  
0.0011924  -0.000788973  0.00159552  0.0357838  0.0147793  0.266542  
0.001619  -0.000788973  0.00166152  0.0335085  -0.0255279  0.225659  
0.00143967  -0.000912884  0.00164267  0.0343923  -0.0158422  0.253061  
0.00148147  -0.000923134  0.001652  0.0344279  -0.0151753  0.228823  
0.000994703  -0.000788973  0.00166039  0.0378701  0.030595  0.2729  
0.00117034  -0.000877333  0.00168311  0.0321422  -0.0075163  0.250755  
0.00173578  -0.000965886  0.00176333  0.035326  -0.0253715  0.201867  
0.00128041  -0.00100084  0.00174191  0.040461  0.00361557  0.250001  
0.00156236  -0.000858848  0.00178817  0.0410845  0.00253606  0.211214  
0.00118695  -0.000966096  0.0017342  0.043263  0.00392874  0.256284  
0.00141777  -0.000788973  0.0017517  0.0393348  0.00924727  0.222368  
0.00141331  -0.000910161  0.00177615  0.0463205  -0.00750926  0.24739  
0.00142103  -0.000969639  0.00170714  0.0383307  0.0111955  0.221302  
0.00131844  -0.00106605  0.00168811  0.0408882  -0.00751655  0.249757  
0.0014773  -0.000970583  0.0017976  0.0409581  -0.00748606  0.216903  
0.0014773  -0.00102692  0.00168361  0.0360386  0.0151162  0.212703  
0.00141887  -0.00107335  0.00172394  0.0388432  -0.00147298  0.242772  
0.00162361  -0.00115237  0.00178818  0.0466942  -0.000431711  0.217281  
0.00160698  -0.00113318  0.00170517  0.0466979  0.0291527  0.214256  
0.0014773  -0.00108685  0.00171774  0.0472084  0.0060047  0.246158  
0.0014773  -0.00123106  0.00178849  0.0506853  0.000947343  0.222399  
0.00135635  -0.00123106  0.00179382  0.0473327  0.014688  0.214852  
0.00136483  -0.00123106  0.00182021  0.0453968  -0.00182859  0.238727  
0.00139065  -0.00128707  0.00167  0.0473169  -0.00860766  0.250004  
0.0014773  -0.00103578  0.00178689  0.0476193  -0.00621386  0.209681  
0.00120736  -0.00109726  0.00181051  0.0423659  -0.00309008  0.21503  
0.00135349  -0.00112668  0.0017048  0.0428911  -0.00884565  0.203561  
0.00129608  -0.00101756  0.00176962  0.0452055  0.0104194  0.212858  
0.00133052  -0.00108936  0.00164991  0.0449098  -0.00665392  0.238271  
0.00125406  -0.00115926  0.00167258  0.0452962  -0.0155387  0.23113  
0.00145583  -0.00109736  0.00171786  0.045806  0.000434562  0.202379  
0.00124279  -0.00126262  0.00168852  0.0466666  0.0180964  0.230241  
0.00136688  -0.00109692  0.00166891  0.0465613  -0.0124817  0.22298  
0.00132269  -0.00119007  0.00172195  0.043461  0.00068017  0.188507  
0.0012545  -0.00111287  0.00162895  0.0422597  0.0226906  0.197909  
0.00119303  -0.00115618  0.00161344  0.0439268  -0.00264104  0.229891  
0.0014981  -0.00126262  0.00155386  0.046057  -0.00538605  0.202325  
0.00116604  -0.00102766  0.00161327  0.0418981  0.0055794  0.225793  
0.00109846  -0.00123027  0.00175413  0.0430808  -0.0274217  0.22608  
0.0013088  -0.0011062  0.00170461  0.043165  -0.000561712  0.206655  
0.0012434  -0.00113513  0.00164379  0.0447691  -0.00703921  0.223952  
0.0013088  -0.00103088  0.00161066  0.0417465  -0.0234874  0.216244  
0.00116553  -0.00107204  0.00167713  0.0393595  0.00960043  0.216328  
0.00132112  -0.00104109  0.00161079  0.0447673  -0.0106099  0.231195  
0.00132112  -0.00102528  0.00169769  0.0443521  -0.00102781  0.214689  
0.00118565  -0.0012131  0.00171727  0.0454786  0.0180715  0.214684  
0.00116071  -0.00120307  0.00164042  0.0492353  -0.00198107  0.247151  
0.000879324  -0.000953066  0.00169142  0.0379084  -0.00027084  0.234771  
0.0013785  -0.00108032  0.00165315  0.044942  -0.0424929  0.225814  
0.000926006  -0.00108341  0.00148228  0.0386598  0.00502898  0.255744  
0.000592174  -0.00122673  0.00148552  0.0422849  -0.0219881  0.304889  
0.00115028  -0.00119924  0.0014137  0.0426688  -0.0559863  0.235478  
0.00133608  -0.00113608  0.00158395  0.0461169  -0.0573367  0.220281  
0.00126015  -0.0012257  0.00160628  0.0448611  0.00903775  0.229532  
0.00115028  -0.00119651  0.00164366  0.0477196  -0.0167282  0.229711  
0.00115028  -0.00108762  0.00154474  0.0486206  0.025622  0.227661  
0.00131722  -0.0011403  0.00161461  0.0469134  0.00358973  0.234553  
0.00134919  -0.00107238  0.00158332  0.0445519  0.0153251  0.202294  
0.00113922  -0.00120374  0.00164602  0.0462087  0.00570968  0.259929  
0.00119769  -0.00102326  0.00165177  0.0458726  0.000716856  0.208166  
0.00139432  -0.00102689  0.00150588  0.0396369  -0.0185578  0.228681  
0.00139723  -0.00100053  0.00146244  0.0480331  -0.0178245  0.222015  
0.00144769  -0.000965598  0.00147346  0.0494329  0.00278352  0.203701  
0.00119769  -0.00107232  0.00135025  0.041883  -0.00724772  0.242046  
0.00146077  -0.00101915  0.00159604  0.0484866  -0.0115762  0.213543  
0.00144769  -0.000941858  0.00150491  0.0443531  0.00280081  0.208262  
0.00119769  -0.00103341  0.00154843  0.0452873  0.0027478  0.224135  
0.00139573  -0.000916879  0.00149982  0.0450661  -0.00117892  0.221846  
0.00155443  -0.00116688  0.00145142  0.0477356  0.00692888  0.205857  
0.00114619  -0.00116688  0.00157917  0.043641  0.00956366  0.242741  
0.00154512  -0.000923556  0.00153857  0.0391775  -0.017204  0.195236  
0.00123996  -0.000954335  0.00156035  0.0343637  0.00624207  0.199832  
0.00116281  -0.000944558  0.00140781  0.046243  -0.0231384  0.2203  
0.00136873  -0.000927113  0.00149037  0.0446404  -0.017705  0.200795  
0.00114842  -0.000828732  0.00146881  0.0446314  0.00491967  0.21974  
0.00123996  -0.000902833  0.00159738  0.0384246  -0.0153529  0.209326  
0.00138032  -0.000875886  0.0015941  0.0421503  0.014747  0.193724  
0.00137439  -0.000973984  0.00147461  0.046618  0.00733051  0.229341  
0.00157165  -0.00093438  0.00149559  0.048326  -0.0118995  0.218456  
0.000942643  -0.000945269  0.00155771  0.047117  0.0189256  0.257476  
0.00148996  -0.000930165  0.00151829  0.0443975  -0.0253441  0.20498  
0.00111333  -0.000962803  0.00154351  0.0411248  0.00160505  0.240992  
0.00156073  -0.0008844  0.00154015  0.0484303  -0.01804  0.22501  
0.00129459  -0.000953646  0.00150324  0.0512883  0.00580535  0.224991  
0.00137674  -0.000973409  0.00142316  0.0514655  -0.0222166  0.235897  
0.00139576  -0.00115169  0.0014806  0.0509359  -0.00345221  0.217882  
0.00122125  -0.00102466  0.00146204  0.0517084  0.0161465  0.230371  
0.00126881  -0.00115169  0.00155288  0.0514212  -0.00894666  0.22698  
0.00127933  -0.00102595  0.00160583  0.0497443  0.00184712  0.19919  
0.000890473  -0.00124001  0.00150379  0.053214  -0.00173648  0.245978  
0.00120247  -0.00114732  0.00147751  0.0543711  -0.0317053  0.212308  
0.00121184  -0.000937664  0.00158437  0.0521806  0.000945053  0.206404  
0.00126343  -0.00107638  0.00146473  0.0517218  -0.0133552  0.232705  
0.00114436  -0.00119475  0.00151782  0.0518699  -0.0273972  0.227408  
0.00132453  -0.00110417  0.00157436  0.0513074  -0.00193372  0.21295  
0.00106932  -0.00104722  0.00155792  0.0498198  0.00091254  0.22278  
0.00126325  -0.00107658  0.00155171  0.048251  -0.0154068  0.213003  
0.000719709  -0.000828452  0.00134867  0.0370422  0.0148271  0.252224  
0.00203837  -0.00076295  0.000962451  0.0319384  -0.0186161  0.174961  
0.00147331  -0.000786611  0.0010997  0.0408135  -0.0434664  0.183493  
0.00132223  -0.000779198  0.00122611  0.0339624  0.0288488  0.24434  
0.00155949  -0.000608764  0.000989322  0.0211165  -0.00758003  0.213099  
0.000854078  -0.000738005  0.00108674  0.0273607  -0.0490513  0.204838  
0.000200868  -0.00081138  0.00119219  0.0317364  0.0290907  0.27825  
0.000674928  -0.000528619  0.000879542  0.0317063  -0.0704485  0.223694  
0.000481398  -0.000886581  0.000999005  0.0377818  -0.00707163  0.275027  
0.000855032  -0.000406063  0.000689771  0.0348661  0.00144627  0.302908  
0.00102487  -0.000247946  0.000767521  0.0148217  -0.04571  0.233913  
0.000549284  -0.000427725  0.000921783  0.0236271  -0.0778293  0.21402  
0.000690917  -0.000612064  0.00121094  0.0263447  -0.0280548  0.224078  
0.000422683  -0.000801525  0.000981417  0.0365871  -0.0469673  0.267661  
0.000519223  -0.000680567  0.00113161  0.0383146  -0.0371576  0.249952  
0.000299092  -0.000735922  0.000931023  0.0394924  -0.0456912  0.270878  
0.00124415  -0.000106949  0.000867975  0.0114593  -0.0272178  0.252484  
0.00041385  -2.82049e-05  0.00100003  0.0237072  -0.0741198  0.227714  
0.000570334  1.5533e-05  0.00115649  0.0232054  -0.0223478  0.230584  
0.000174118  -0.000137939  0.000908906  0.0271355  -0.0390678  0.280387  
0.000651722  -8.94585e-06  0.000913827  0.0254165  -0.0571109  0.241864  
1.18139e-05  -0.00014875  0.000447181  0.0348675  -0.036781  0.281849  
0.000321728  -4.9637e-05  0.000283946  0.032439  -0.0618812  0.240779  
0.000869967  -6.61418e-05  0.000783946  0.019436  -0.0135581  0.226246  
0.000833401  -6.02244e-05  0.000413139  0.0282049  -0.0103949  0.234316  
0.000657017  -0.000125052  0.000283946  0.0348612  -0.0396485  0.24092  
0.000793059  -5.73825e-05  0.000449864  0.0348398  -0.0219523  0.2155  
0.0006441  -0.000196234  0.000631338  0.0284888  -0.021979  0.235009  
0.000888066  -0.000235323  0.000533946  0.0239911  -0.024234  0.243897  
0.000681126  -0.000428051  0.000592165  0.0309515  -0.0391956  0.245326  
0.000955857  -0.000181415  0.000628295  0.0293054  -0.0120864  0.228977  
0.00076795  -0.000383914  0.000592129  0.0274055  -0.0325191  0.235312  
0.000943881  -0.000209531  0.000607749  0.0286625  -0.0449062  0.216147  
0.000877491  -0.000143042  0.000838471  0.0234025  -0.0131707  0.231117  
0.000487017  -0.000261227  0.00100945  0.0250454  -0.0486443  0.246288  
0.000543059  -8.90249e-05  0.000920789  0.0212634  -0.0291192  0.23859  
0.000467866  -0.000321311  0.000475319  0.027258  -0.0618085  0.234771  
0.000691825  -0.000147112  0.000283946  0.0290461  -0.0420617  0.212974  
0.000514517  -0.00010853  0.000840844  0.0181853  -0.000879652  0.247151  
0.00103212  -0.000275644  0.000655551  0.0229118  -0.0217794  0.230198  
0.000653719  -3.09467e-05  0.000674305  0.0223513  0.0171721  0.233465  
0.000473347  -0.000254691  0.000283946  0.0290079  -0.0560564  0.228412  
0.00100124  -6.95011e-05  0.000763434  0.0159598  -0.0138415  0.210099  
0.000294889  -0.000302847  0.000283946  0.0323098  -0.0493008  0.247479  
0.00101433  -0.000203599  0.000760061  0.0218886  -0.0353994  0.219594  
0.000494877  -0.000260182  0.000773599  0.0282077  -0.0273241  0.263949  
0.000794764  -0.000203599  0.00076505  0.0254284  -0.0339289  0.21883  
0.000497572  -0.000313539  0.000533946  0.0312561  -0.063271  0.229319  
0.00077742  -0.000260676  0.00102854  0.0246883  -0.0181015  0.218722  
0.000868934  -0.000256658  0.000645014  0.0273595  -0.0202221  0.247691  
0.000793823  -0.000203599  0.000627584  0.0291515  -0.0412012  0.246852  
0.000793083  -0.000198439  0.000533946  0.0287102  -0.0278091  0.231395  
0.000965126  -9.30111e-05  0.000451753  0.02615  -0.00146093  0.219568  
0.000854249  -4.01512e-05  0.000654235  0.0237195  -0.0270156  0.230812  
0.000915138  -4.42686e-05  0.000283947  0.0220539  -0.0340142  0.224245  
0.000825925  -0.000186464  0.000385557  0.0283075  -0.0308424  0.221794  
0.000737872  -0.000186464  0.000283947  0.0316252  -0.0100898  0.217288  
0.000713375  -0.000186464  0.000798655  0.0199925  -0.00335875  0.22422  
0.00074063  -0.000186464  0.000606283  0.0242159  -0.03089  0.224226  
0.000883391  -0.000186464  0.0004557  0.0287576  -0.0186874  0.211474  
0.000656353  -0.000186464  0.000283947  0.0303041  -0.0123326  0.215466  
0.000314746  -0.000249485  0.000283947  0.0348797  -0.0365451  0.245653  
0.000649727  -0.000204989  0.000533947  0.0225425  -0.0223338  0.215732  
0.00049063  3.77549e-05  0.000309851  0.0254619  -0.0325065  0.230172  
0.000795573  0.000335847  0.000687058  0.00953715  -0.0186995  0.207762  
0.000628511  0.000667201  0.000462296  0.00378572  -0.00660343  0.209105  
0.000578502  -1.68582e-05  0.000171203  0.0254727  -0.007076  0.231575  
0.000465405  1.87215e-06  4.8128e-05  0.0283801  -0.0446147  0.205528  
0.000683125  0.000241156  7.43428e-07  0.0212727  0.00246724  0.194398  
0.000363112  0.000171884  0.000164147  0.0222968  -0.0189073  0.223516  
0.000614049  0.000626608  0.000524484  0.00603777  -0.0303762  0.211229  
0.00049063  0.000175235  0.000179164  0.0233515  0.0126964  0.212052  
0.000178914  9.91815e-05  6.93628e-05  0.0267188  -0.0375902  0.218726  
0.000753597  0.00012194  -9.14049e-07  0.029377  -0.038423  0.215241  
0.00073884  0.000139289  4.14131e-05  0.0317469  -0.00953723  0.21015  
0.000719923  8.50732e-05  8.60317e-06  0.0309828  -0.00203002  0.213189  
5.9095e-06  5.08738e-05  4.75422e-05  0.0321715  -0.0396174  0.236004  
0.000338445  0.000241156  0.000111378  0.028846  -0.0443763  0.214649  
0.000250162  0.000241156  0.000272131  0.0213913  -0.0299638  0.214848  
0.000123983  0.000153324  2.59815e-05  0.0269755  -0.05303  0.22895  
0.000226105  0.000241156  0.000117946  0.0262823  -0.0520743  0.209378  
4.04058e-06  0.000241156  4.83642e-05  0.0248548  -0.0396845  0.220805  
5.44778e-05  0.000157631  7.43286e-05  0.0254799  -0.0496125  0.236756  
0.000154333  0.000922319  8.06263e-05  -0.000332256  -0.0439236  0.215927  
-0.000190601  0.000597696  -0.000125137  -0.00156366  -0.0487366  0.243467  
0.000446982  0.000974244  -0.000524467  -0.0126094  -0.0426438  0.199899  
-2.94886e-06  0.000653624  0.000195414  -0.0043218  -0.055567  0.211974  
0.000408898  0.000774884  0.000492601  0.00276638  -0.0341687  0.210959  
-0.000161484  0.00075434  -0.000125137  0.0100179  -0.0404524  0.242591  
0.000247829  9.38919e-05  2.59646e-05  0.0301091  -0.0496324  0.234424  
-4.68957e-05  0.00064585  0.000226957  0.0221432  -0.0315011  0.232621  
-8.32544e-06  0.000241156  0.000101379  0.0339818  -0.0495221  0.242335  
0.000246094  0.000241156  0.000194093  0.0292731  -0.043563  0.202512  
0.000408898  0.000241156  0.000276631  0.0235496  -0.00735852  0.183153  
-0.000174764  0.000241156  0.000173276  0.0240451  -0.0384988  0.21611  
2.88963e-05  0.000565519  0.00033693  0.014546  -0.0477177  0.182212  
-0.00011607  0.000626703  0.00037838  0.0167922  -0.0351974  0.206402  
5.44363e-05  0.000241156  4.60374e-05  0.0283173  -0.0431523  0.216142  
5.44363e-05  0.000241156  3.18247e-05  0.0348259  -0.0455742  0.193239  
0.000430215  0.000241156  0.000172761  0.0341249  -0.0228304  0.173726  
-2.49416e-07  0.000294267  3.85693e-05  0.0319733  -0.034757  0.195597  
-4.72595e-05  0.000298208  2.18499e-05  0.0250323  -0.035607  0.201366  
0.000106665  0.00109176  0.00018354  0.00889374  -0.0374313  0.186203  
3.85998e-05  0.00110317  8.62087e-05  0.0039611  -0.0278081  0.188282  
-0.000107798  0.000876321  0.000104884  0.00257221  -0.0467243  0.188273  
0.000127208  0.00101328  -9.98929e-05  0.0020277  -0.0545982  0.173039  
0.000281028  0.00110527  0.000451986  0.00778063  -0.0237015  0.178893  
-5.83543e-05  0.00107081  -0.000122814  0.00209984  -0.0360486  0.191157  
-4.44172e-05  0.000962535  -0.000122814  -0.0030151  -0.0377167  0.174828  
0.000411955  0.00114068  5.78282e-06  0.00226159  -0.0220733  0.165503  
-0.000358105  0.00115234  -0.000351165  0.00157981  -0.00636921  0.178541  
9.37013e-05  0.00117056  -0.000122814  0.000310917  -0.0404345  0.170318  
0.000401258  0.0012335  -0.000422077  0.000947587  -0.015123  0.148852  
-0.000146582  0.00116434  -0.000122814  -0.000434138  0.0223419  0.1809  
3.50957e-05  0.00108744  -0.000122814  0.006396  -0.0480551  0.156674  
-0.000105667  0.00118649  -3.55218e-05  0.000675303  0.0189745  0.15075  
-0.000243136  0.00121973  -0.000122814  0.00768931  -0.0277358  0.181641  
0.00036793  0.00121641  0.000247722  0.00188243  -0.0376934  0.1592  
9.22611e-05  0.00120081  -0.000481325  0.00243922  -0.019792  0.155457  
-0.000183265  0.00111414  -0.000122814  -0.00265268  -0.0288723  0.16524  
-0.000101728  0.00118669  -0.000122814  -0.00103207  -0.0331302  0.152351  
-5.03005e-05  0.00130408  -0.000122814  -0.000382095  0.020349  0.154447  
-0.000237699  0.00124171  -0.000122814  -0.000658356  -0.0423288  0.163313  
-5.03005e-05  0.00129675  -0.000122814  -0.00110948  -0.0313668  0.15099  
-5.03005e-05  0.00127401  -0.000122814  0.000888588  0.0182347  0.154453  
-0.000417759  0.00115731  -0.000122814  -0.000843809  -0.0341851  0.180786  
-0.000138349  0.00132062  -0.000122814  -0.00146117  -0.0311367  0.14554  
-0.000102598  0.00114528  -0.000259839  -0.000426392  -0.0373394  0.154408  
-5.03005e-05  0.00114321  -0.000122814  0.00211278  -0.0378846  0.150413  
-5.03005e-05  0.00122362  -0.000443266  0.000580728  -0.0193764  0.133003  
-0.000243494  0.00119761  -0.000400251  0.000494256  -0.003167  0.152789  
-0.000475196  0.00107504  -0.000122814  0.00184224  -0.0386906  0.163461  
-0.000115586  0.00114188  -0.000122814  0.00079011  -0.0294379  0.144008  
-0.000253553  0.00116585  -0.00050796  5.97155e-05  -0.00347166  0.15355  
-0.000537087  0.00103887  -0.000253669  4.53218e-05  -0.0328336  0.156628  
-0.000432432  0.00102364  -0.000213197  -0.00296218  -0.0329573  0.136823  
-0.000709618  0.00113049  -0.000580843  0.00105251  -0.0178306  0.126727  
-0.00134221  0.000936946  -0.000715029  0.00114712  -0.0215874  0.165865  
-0.00106094  0.000870774  -0.000684256  0.00206602  -0.0389298  0.155929  
-0.00103201  0.00107578  -0.000672501  -0.00091049  -0.0392827  0.133765  
-0.001352  0.000938857  -0.000596384  0.00215547  -0.0195297  0.155867  
-0.00103495  0.000599776  -0.00086981  0.00235336  -0.0441251  0.149405  
-0.000955028  0.000789186  -0.00072359  0.000219443  -0.0397051  0.123464  
-0.00134082  0.000927285  -0.000647655  0.000579495  -0.018024  0.13707  
-0.00120893  0.000444977  -0.000882526  0.00190389  -0.034988  0.14766  
-0.00133053  0.00091321  -0.000705141  0.000576025  -0.0404636  0.11981  
-0.00147781  0.000931384  -0.000646242  -0.000740615  -0.0274964  0.104813  
-0.00169528  0.000838061  -0.000647126  0.000445729  -0.025781  0.157757  
-0.0013935  0.000970462  -0.000564042  5.88204e-07  -0.0580608  0.108029  
-0.00135511  0.00089905  -0.000502882  0.00127567  -0.0227459  0.103331  
-0.00143422  0.000710405  -0.000631426  0.00278358  -0.024427  0.121197  
-0.00127956  0.000668956  -0.000724401  0.00596837  -0.0315206  0.115251  
-0.00111371  0.000735652  -0.000818702  0.00689529  -0.0224183  0.0948214  
-0.00209926  0.00107285  -0.000596504  0.0012998  -0.018705  0.06654  
-0.00145736  0.000672729  -0.000765937  -0.000168646  -0.0169071  0.0817419  
-0.00137151  0.000671485  -0.000872471  -0.000559308  -0.0189709  0.089126  
-0.00109806  0.000696128  -0.000880525  -0.00477267  -0.0188324  0.0780258  
-0.00166208  0.000914103  -0.000731248  -0.00850756  -0.020597  0.0903251  
-0.0013542  0.000831586  -0.000725224  -0.0108031  -0.0482176  0.0817288  
-0.00175465  0.00108438  -0.000744623  -0.0130295  -0.0372189  0.0375999  
-0.00163015  0.00115237  -0.000773252  -0.0130795  -0.0247841  0.0468838  
-0.0016855  0.00110923  -0.000813772  -0.00941004  -0.0397342  0.0635366  
-0.00153015  0.00127255  -0.000775322  -0.0119138  -0.0340229  0.0479738  
-0.00208805  0.00153562  -0.000639825  -0.0121569  -0.0121531  0.0674497  
-0.00145003  0.000876571  -0.000713953  -0.00965816  -0.0472989  0.0816083  
-0.00170669  0.000826492  -0.000682853  -0.00814982  -0.0301713  0.0286948  
-0.00207042  0.00125859  -0.00053168  -0.0113386  -0.0031954  0.0696368  
-0.00140349  0.000642456  -0.000900141  -0.00714749  -0.0400665  0.0693062  
-0.00216443  0.000968547  -0.000758977  -0.00943071  -0.0238006  0.0605161  
-0.00136867  0.000896731  -0.000780726  -0.0111316  -0.0458239  0.067946  
-0.00203259  0.00127992  -0.000612096  -0.0115104  -0.0294539  0.025532  
-0.00224154  0.00129061  -0.000685549  -0.0101543  -0.0131171  0.0833116  
-0.00207517  0.00130684  -0.000440018  -0.00931651  -0.0410244  0.0287446  
-0.00209709  0.00133116  -0.000478243  -0.0112796  -0.0141425  0.0683681  
-0.00186248  0.00125161  -0.000481203  -0.011462  -0.0536932  0.0376383  
-0.00213182  0.00124532  -0.00053771  -0.0139256  -0.0199932  0.0205335  
-0.00197228  0.0013694  -0.000599834  -0.0118032  -0.016575  0.0437851  
-0.00207667  0.00124724  -0.000565038  -0.00974735  -0.0287021  0.0286877  
-0.00210422  0.00116878  -0.000585368  -0.0132253  -0.0262583  -0.0027106  
-0.00211792  0.00121526  -0.000649629  -0.0182022  -0.0140406  -0.004734  
-0.00213183  0.00122841  -0.000618713  -0.0151385  -0.0105077  0.073672  
-0.00213799  0.00123757  -0.000439769  -0.0143296  -0.0357317  0.00690104  
-0.00203893  0.00113334  -0.000497442  -0.0116955  -0.0205014  0.0160615  
-0.00201695  0.00113447  -0.000630288  -0.0126346  -0.029398  0.0445181  
-0.0022371  0.00108073  -0.000534944  -0.0158161  -0.0203627  -0.00417524  
-0.00209826  0.00109482  -0.000711539  -0.0108181  -0.016154  0.0472128  
-0.00181997  0.000700195  -0.00070572  -0.0102273  -0.037879  -0.00538212  
-0.00250533  0.00106719  -0.000522935  -0.0143424  -0.00459738  0.0364366  
-0.00199659  0.00112497  -0.000568729  -0.0123679  -0.0539423  0.0107778  
-0.00228706  0.000933304  -0.00053481  -0.012815  -0.0112176  0.00949498  
-0.00221723  0.0011847  -0.000613213  -0.00894421  -0.0374532  0.0423033  
-0.00218235  0.00100851  -0.000564621  -0.0135377  -0.0356435  -0.00872723  
-0.00235284  0.00107165  -0.000502557  -0.00690663  -0.00878588  0.0565104  
-0.00200922  0.000161952  -0.000122814  0.0233289  -0.044928  0.00401714  
-0.0024802  0.000154923  -0.000122814  0.0233314  -0.0193228  0.0729919  
-0.00215593  0.000167179  -0.000122814  0.0233283  -0.0511562  -0.000197725  
-0.00243397  9.9208e-05  -0.000852205  0.00115397  -0.0236208  0.0683508  
-0.00224947  0.00012937  -0.000122814  0.0209733  -0.0452967  -0.00390026  
-0.00241157  3.32299e-05  -0.000122814  0.0233405  -0.0252341  0.0522912  
-0.00221276  5.25073e-05  -0.000122814  0.0233329  -0.0268463  -0.00669181  
-0.00244621  5.80251e-05  -0.000122814  0.0284173  0.00552474  0.0533207  
-0.00215367  -3.71071e-05  -0.000122814  0.0255807  -0.0341571  -0.0071558  
-0.00240643  9.9787e-05  -0.000122814  0.0233331  -0.00293863  0.0252738  
-0.00210706  -9.58243e-05  -0.000122814  0.0293738  -0.0439063  0.018057  
-0.00250759  7.02051e-05  -0.000122814  0.0286211  -0.00106756  0.0411051  
-0.00228086  -0.000200027  -0.000122814  0.0233425  -0.0530801  0.0239044  
-0.00231912  3.50979e-05  -0.000122814  0.0254393  -0.0141821  0.0115254  
-0.00249512  -0.000151565  -0.000122814  0.0298235  -0.0305432  0.0277098  
-0.00211083  -0.000110919  -0.000122814  0.0276925  -0.0291408  -0.0166888  
-0.00247586  6.95245e-05  -0.000122814  0.0277166  0.003345  0.0352074  
-0.00230053  -7.78848e-05  -0.000675688  0.00803233  -0.0465075  0.017573  
-0.00251764  0.000132746  -0.000705038  0.00574029  -0.0104984  0.0138592  
-0.0022347  3.5305e-05  -0.000746403  0.0133139  -0.0342059  0.0293467  
-0.00265342  3.70207e-05  -0.000739366  0.00497494  -0.0123631  0.022254  
-0.00226796  4.85582e-05  -0.000855925  0.0060309  -0.045157  0.0273278  
-0.00225339  7.46335e-05  -0.000657498  0.0107992  -0.0290608  -0.0136861  
-0.00262338  7.9407e-05  -0.000733517  0.0111768  -0.000842034  0.063411  
-0.00199741  0.00021943  -0.000809179  0.00161135  -0.0442191  -0.0137814  
-0.00239457  6.62538e-05  -0.00081843  0.00389323  -0.00583905  0.00380951  
-0.00221166  4.1839e-05  -0.000814118  0.00826126  -0.0298595  0.0146268  
-0.00209853  0.00021943  -0.000892647  0.00725781  -0.0196289  -0.0155911  
-0.00235368  6.87051e-05  -0.000789644  0.00270405  -0.0298853  0.0350112  
-0.00265777  0.000151462  -0.000833004  -0.00164577  -0.0190713  0.0244535  
-0.00209664  -8.04815e-05  -0.000713517  0.0038592  -0.0608036  -0.0044219  
-0.00212961  0.000587223  -0.000829441  -0.00809027  -0.0140111  0.0257654  
-0.00119814  0.000992504  -0.00111731  -0.021428  -0.0323689  -0.0543934  
-0.00226382  0.00117778  -0.00105278  -0.0230776  -0.0162613  0.00640621  
-0.00181945  0.0011459  -0.000961426  -0.0206193  -0.0345138  -0.0299999  
-0.00224086  0.00116973  -0.00100774  -0.0188693  -0.0035403  0.0144744  
-0.00188201  0.00117833  -0.0011062  -0.0152305  -0.0365616  0.0072863  
-0.00191907  0.000974914  -0.00105807  -0.0123276  -0.0183927  -0.0346528  
-0.00227271  0.00093857  -0.00101963  -0.012342  -0.0163972  -0.0128672  
-0.00215806  0.00108171  -0.00104039  -0.0161534  -0.0416417  -0.00352307  
-0.00215476  0.00104618  -0.00105477  -0.0148961  -0.0443798  -0.0160999  
-0.0021972  0.000933133  -0.00103282  -0.012052  -0.0289455  -0.0132774  
-0.00224947  0.00101054  -0.00106695  -0.0113861  -0.0379599  0.00370881  
-0.00208286  0.00112277  -0.000983993  -0.0112255  -0.0468609  -0.0186091  
-0.002169  0.000977717  -0.00113252  -0.0157518  -0.0210443  -0.0441719  
-0.00215518  0.00101897  -0.00116914  -0.0131438  -0.0223938  -0.0317732  
-0.00218444  0.00104344  -0.000994457  -0.0200284  -0.033259  -0.0207375  
-0.00215957  0.000946497  -0.00117568  -0.0135302  -0.0283164  -0.0523516  
-0.00228463  0.0010644  -0.00094803  -0.0207715  -0.0167053  -0.0332544  
-0.00224202  0.00097981  -0.00107539  -0.0199676  -0.0383042  -0.0170112  
-0.00200452  0.00101147  -0.00103212  -0.0157584  -0.0259851  -0.054869  
-0.00231391  0.000869673  -0.00120684  -0.0104924  -0.0241816  -0.0295551  
-0.00205111  0.000704782  -0.00108563  -0.0103285  -0.0400745  -0.0251874  
-0.00200915  0.000999609  -0.00121484  -0.0110885  -0.0278861  -0.0418098  
-0.00223422  0.000962007  -0.00101502  -0.0104665  -0.017975  -0.021786  
-0.00212314  0.000886704  -0.00103937  -0.00873048  -0.0335076  -0.0349607  
-0.00204484  0.000601081  -0.000953326  -0.00713949  -0.0111285  -0.0554357  
-0.00233651  0.000582793  -0.000953986  -0.00949682  -0.00308408  -0.022937  
-0.0023243  0.000589482  -0.000961645  -0.0104467  -0.0331873  -0.00968614  
-0.0022588  0.000481819  -0.00104088  -0.00761968  -0.0246213  -0.0478683  
-0.00244123  0.000452189  -0.00108063  -0.00522322  -0.0281181  -0.00860255  
-0.00220163  0.000519772  -0.000943627  -0.00151688  -0.0513654  -0.042851  
-0.00215074  0.000542867  -0.0010145  -0.00384482  -0.020314  -0.0597251  
-0.0025453  0.000892441  -0.00100948  -0.0056093  -0.018182  -0.00121681  
-0.0026989  0.000719917  -0.000980024  -0.0114714  -0.0237095  0.0166368  
-0.00246489  0.000710138  -0.000908079  -0.00832998  -0.0574735  -0.029002  
-0.00219569  0.000443667  -0.000928132  -0.00145988  -0.0694813  -0.0318059  
-0.00248031  0.000423522  -0.0010285  -0.00150364  -0.0206739  -0.0295641  
-0.00245721  0.000552102  -0.000893709  -0.00399768  -0.042268  -0.0110941  
-0.00231562  0.000450157  -0.000909163  -0.0015134  -0.0219338  -0.0397357  
-0.00235141  0.00050784  -0.000916948  -0.00628797  -0.0285129  -0.00537104  
-0.00240992  0.000142837  -0.00100965  -0.00759068  -0.0309921  -0.0388  
-0.00240993  0.000375777  -0.00088114  -0.00567328  -0.0475348  -0.0069271  
-0.00231392  0.000297522  -0.000907987  -0.00394479  -0.0365129  -0.0489936  
-0.00251356  0.000281758  -0.000940634  -0.0014795  -0.0474961  -0.0159157  
-0.00241356  0.000270758  -0.000951657  -0.00148328  -0.0483052  -0.0362722  
-0.00245806  0.000392837  -0.000872478  -0.00146798  -0.0476403  -0.0127919  
-0.00228593  0.000362239  -0.00109715  -0.00145385  -0.0541697  -0.0308809  
-0.00226713  0.00026045  -0.000923035  -0.00147703  -0.0328308  -0.0471272  
-0.0024035  0.000142837  -0.00106091  -0.0014708  -0.0310624  -0.028586  
-0.00237597  0.000142837  -0.00100468  -0.0014682  -0.0514804  -0.0280427  
-0.00220195  0.000142837  -0.00106538  0.00115542  -0.0446617  -0.0612551  
-0.00212758  0.000142837  -0.00103818  0.00212282  -0.0170287  -0.0621458  
-0.00241161  0.000142837  -0.00102984  -0.00423044  -0.0301343  -0.036134  
-0.00227974  0.000142837  -0.00092166  -0.00380245  -0.0419528  -0.0546357  
-0.00196449  7.34471e-05  -0.00106645  -0.00461912  -0.0270659  -0.0874499  
-0.00241024  0.000142837  -0.00107304  -0.00357377  -0.0274092  -0.0359288  
-0.00213742  0.000142837  -0.00105206  -0.000491278  -0.035791  -0.0537777  
-0.00262622  0.000305732  -0.00102226  -0.00146042  -0.0195322  -0.0186359  
-0.00201907  0.000142837  -0.000992403  -0.00315851  -0.0634825  -0.0714066  
-0.00259128  0.000866517  -0.000873149  -0.00328468  -0.0177778  -0.0164411  
-0.0020772  6.75289e-05  -0.000995621  0.000813912  -0.054851  -0.0545014  
-0.00252407  0.000142837  -0.00100194  -0.00522508  -0.0138261  -0.0476839  
-0.00224976  0.000142837  -0.00110681  -0.00504766  -0.0370082  -0.0541218  
-0.00207134  0.000142837  -0.001093  -0.0040654  -0.0122429  -0.0729188  
-0.00234811  0.000142837  -0.00106906  -0.00396681  -0.0203268  -0.0332462  
-0.00210452  4.0169e-05  -0.00104407  -0.00551892  -0.0383668  -0.0475408  
-0.00191319  0.000142837  -0.00108566  -0.00580531  -0.0268711  -0.0712551  
-0.00214249  5.11032e-05  -0.000927782  -0.00626306  -0.0172727  -0.0327594  
-0.00205785  -0.000210797  -0.00100307  -0.000590558  -0.0484056  -0.0488001  
-0.00194985  -0.000160975  -0.000976325  0.000323433  -0.0244126  -0.0743598  
-0.00198811  -2.64042e-06  -0.0010426  0.000159634  -0.0209546  -0.0482723  
-0.00194194  -0.000257109  -0.001058  -0.00109534  -0.0293912  -0.0489375  
-0.00176567  -9.68586e-05  -0.00107925  0.00293355  -0.0266825  -0.0726946  
-0.00160149  -0.00027645  -0.00107256  0.00717547  -0.00478825  -0.0774709  
-0.00208786  -0.000194457  -0.000945616  0.00639566  -0.0287245  -0.0374324  
-0.00166766  -0.00027645  -0.00112192  0.0011733  -0.0297568  -0.083734  
-0.0018565  -0.00027645  -0.00105883  0.00229426  -0.00764501  -0.0759478  
-0.00200049  -0.000151759  -0.000947209  0.00477035  -0.0215076  -0.0542367  
-0.00187514  -5.15274e-05  -0.00105774  0.00600162  -0.023659  -0.0650978  
-0.00212381  -4.54552e-06  -0.00103811  0.00212029  -0.0042759  -0.0570405  
-0.00194257  8.32987e-05  -0.00115443  0.00149251  -0.0389318  -0.059654  
-0.00147302  -9.42963e-06  -0.00110108  0.00399037  -0.0262918  -0.100844  
-0.00185681  1.28146e-06  -0.00109174  0.00335208  -0.0125817  -0.0628393  
-0.00183083  1.22077e-05  -0.00107054  0.00342689  -0.0298536  -0.0575067  
-0.000895326  -0.000167245  -0.00127095  0.005164  -0.0217171  -0.105273  
-0.00197201  -7.23885e-06  -0.00105541  -0.00187668  -0.00786877  -0.061076  
-0.00199028  -0.000229003  -0.000853234  0.00519134  -0.0371704  -0.0428539  
-0.00151363  -0.000354751  -0.00106017  0.00631991  -0.0322247  -0.075003  
-0.00159671  -0.000268812  -0.00112755  -0.00121984  -0.00920722  -0.0890497  
-0.00189046  -0.000293783  -0.00110597  0.00238854  -0.0211169  -0.0578924  
-0.00172203  -0.000271474  -0.00102587  0.0116202  -0.0264905  -0.0680179  
-0.000880572  -0.000354752  -0.00104058  0.00929434  -0.00320058  -0.100762  
-0.00186656  -0.000896831  -0.000928247  0.00929091  -0.00603901  -0.0539705  
-0.00186785  -0.000354752  -0.00101755  0.0036776  -0.0320587  -0.0616837  
-0.000882117  -0.000164634  -0.00109875  0.00401947  -0.00874127  -0.113  
-0.00176362  -0.000354751  -0.000990208  0.00931741  -0.0101736  -0.0773852  
-0.00197357  -0.000233146  -0.00107711  0.00935295  -0.0302795  -0.0535658  
-0.00148462  -0.00024987  -0.00103091  0.00348955  -0.0227  -0.108508  
-0.00193165  -9.13764e-05  -0.00101949  0.00619867  -0.0145553  -0.0621367  
-0.00199578  -0.000131009  -0.000962075  0.00472963  -0.0325522  -0.051189  
-0.00143756  -0.000267136  -0.00101325  0.00284862  -0.023723  -0.101655  
-0.00192606  -1.70981e-05  -0.00103193  -0.00241742  -0.00893606  -0.0615463  
-0.00192386  -2.93429e-05  -0.00100833  0.00362616  -0.0192573  -0.0715384  
-0.0013726  6.57906e-05  -0.000991818  0.00638078  -0.0133248  -0.100576  
-0.00171961  -9.86627e-05  -0.00104474  0.00931833  -0.00715958  -0.0684605  
-0.00156614  -0.000161717  -0.00106738  0.00932102  -0.0250482  -0.0700688  
-0.00202447  -6.76646e-05  -0.00105614  0.00345404  -0.00283455  -0.0563938  
-0.00173217  6.57906e-05  -0.000897192  0.00304263  -0.0418054  -0.0706961  
-0.00204686  -6.83795e-05  -0.00102149  0.000481852  -0.00367584  -0.05966  
-0.00150212  6.57906e-05  -0.00104738  0.00344004  -0.0385534  -0.092796  
-0.00212145  6.57906e-05  -0.00102499  0.00252799  0.0111927  -0.0652862  
-0.00170616  -0.000210644  -0.000874097  0.00711374  -0.0320723  -0.0589209  
-0.001623  -0.000650379  -0.00102747  0.0118268  0.00700723  -0.0890735  
-0.00189291  -0.000119876  -0.00106097  0.00926707  -0.00410889  -0.0511169  
-0.000690361  6.57906e-05  -0.00119567  0.00567355  -0.00164984  -0.105998  
-0.00191244  -6.81262e-05  -0.00105158  0.00199112  -0.000834855  -0.0512866  
-0.000454789  0.00020294  -0.00142244  -0.0103438  -0.0156863  -0.119879  
-0.00206754  0.000814869  -0.00119487  -0.0141038  -0.00446484  -0.069208  
-0.000924557  0.000563653  -0.00115489  -0.0081901  -0.0218142  -0.118756  
-0.00218528  0.0010141  -0.0011342  -0.0174839  -0.00565113  -0.0374527  
-0.00160192  0.00134912  -0.00125478  -0.0264293  -0.0230202  -0.0654246  
-0.000563459  0.000719155  -0.00140561  -0.0245983  -0.0307741  -0.129466  
-0.0015238  0.00122165  -0.001354  -0.0248287  -0.0122103  -0.087503  
-0.00161336  0.00109338  -0.00131799  -0.0227376  -0.0352914  -0.061014  
-0.000584695  0.000431253  -0.00144739  -0.0158881  -0.00071115  -0.119281  
-0.00151753  0.000860944  -0.00134332  -0.0192019  -0.00206932  -0.0655402  
-0.00151271  0.000479819  -0.00144604  -0.0117675  -0.0155814  -0.0629394  
-0.00164445  0.00112481  -0.00126376  -0.01891  0.00952825  -0.0855046  
-0.00170588  0.00106337  -0.00128435  -0.0148586  -0.0161349  -0.0555884  
-0.000633175  0.000156862  -0.00141462  -0.0122365  -0.0103162  -0.105557  
-0.000737894  0.000377316  -0.0014254  -0.00877931  0.0238599  -0.10908  
-0.00162852  0.000983774  -0.00123342  -0.0177091  -0.0137421  -0.0735328  
-0.000622965  0.000240295  -0.00145785  -0.00933477  -0.00316323  -0.113732  
-0.000556349  0.000214202  -0.00139715  -0.00912896  0.00953048  -0.112253  
-0.00173414  0.000916542  -0.00119465  -0.0170238  -0.00914097  -0.0628502  
-0.000556349  0.000227037  -0.00147876  -0.0110636  -0.024766  -0.0983929  
-0.000958296  0.00111241  -0.0011981  -0.0130139  0.00975256  -0.0907878  
-0.00159254  0.00106656  -0.0012325  -0.0152836  -0.0224633  -0.0321227  
-0.000610375  0.000904249  -0.00131395  -0.0110124  0.00417304  -0.0916822  
-0.00157453  0.001104  -0.00126169  -0.010561  -0.00541777  -0.0214243  
-0.000955423  0.00104181  -0.0011434  -0.0128367  -0.0201788  -0.0891284  
-0.00166402  0.000983557  -0.0011799  -0.0118748  -0.00405063  -0.0368904  
-0.0009454  0.0011866  -0.00110128  -0.0130809  -0.0355058  -0.074001  
-0.00055635  0.000227295  -0.00138308  -0.00930428  0.000476131  -0.0875102  
-0.000612866  0.000257982  -0.00135094  -0.00911262  -0.0208538  -0.077942  
-0.00065712  0.000156862  -0.00132525  -0.00850961  -0.0131625  -0.0902541  
-0.00030635  0.000156862  -0.00130034  -0.00402092  0.00454664  -0.0934769  
-0.00055635  0.000156862  -0.00140784  -0.00303515  0.00410564  -0.0834782  
-0.00055635  1.83619e-05  -0.00133973  -0.00485143  -0.0169925  -0.0834771  
-0.000360204  0.000156862  -0.00135023  -0.00247306  -0.00028007  -0.100111  
-0.000406557  0.000241747  -0.0013053  -0.00626081  0.0239301  -0.093475  
-0.00128646  0.00029043  -0.00123272  -0.00758958  -0.0114133  -0.0690234  
-0.000159524  8.7315e-05  -0.00127576  -0.00747874  0.0136957  -0.109955  
-0.000480836  3.68814e-05  -0.00132561  -0.00466444  0.011547  -0.091718  
-0.00166954  0.000156862  -0.00124649  -0.00920138  -0.00871718  -0.0498331  
-0.00030635  1.53947e-05  -0.00125406  -0.00493484  0.00743311  -0.10489  
-0.00118441  8.75234e-06  -0.00117931  -0.00558724  0.000628669  -0.0651065  
-0.000556351  -4.11867e-05  -0.00119257  -0.00149119  -0.0159238  -0.08625  
-0.000376243  -6.43071e-05  -0.00130144  -0.00193113  0.0166593  -0.0862552  
-0.000556351  -0.000183834  -0.00129398  -0.0033388  0.00550532  -0.0820136  
-0.000556351  -0.000350422  -0.00133947  -0.00137896  -0.0143284  -0.0734372  
-0.000254881  -0.000168516  -0.00127179  -0.00258805  0.00409795  -0.0962039  
-0.00140646  -0.000232322  -0.00116303  -0.00353463  0.00606072  -0.0388324  
-0.000239395  -0.000273608  -0.00125881  -0.00281831  -0.0198939  -0.0882024  
-0.000385656  -0.000164652  -0.00129045  -0.00292319  0.013014  -0.0929888  
-0.00044992  -6.31141e-05  -0.00126128  0.00240698  0.00594708  -0.0741182  
-0.000556351  -6.74546e-05  -0.00136655  -0.00869068  0.00161748  -0.0853452  
-0.000114926  -0.000176987  -0.00124393  -0.00386467  0.017498  -0.0958776  
-0.00138161  -0.000271839  -0.00113574  0.000263535  0.00192338  -0.0520075  
-0.000383191  -0.000286341  -0.00127862  -0.000398589  -0.015905  -0.0728321  
-0.000306351  -0.000191579  -0.00124887  0.00114473  0.00541413  -0.0961925  
-0.000363175  -0.000239558  -0.00124818  -0.0012577  0.0128266  -0.0863509  
-0.000556352  -0.000353149  -0.00127186  0.000363774  -0.00609466  -0.0794888  
-0.000556352  -0.000119456  -0.0013082  0.00261622  -0.00727185  -0.0938379  
-0.000380694  -0.000136062  -0.00117949  0.00363134  0.0282772  -0.102865  
-0.000556352  -6.81007e-05  -0.00131378  0.00171713  0.0117723  -0.0757987  
-0.000556352  -0.000302526  -0.00126814  0.00275967  0.000420367  -0.0855164  
-0.000414466  -0.000131789  -0.00128739  -0.00132251  0.0174698  -0.103467  
-0.000556352  -0.000138896  -0.00125122  -0.00388877  0.028281  -0.0901682  
-0.0015158  -0.000121697  -0.00113493  -0.000174425  -0.00833159  -0.0281543  
-0.000467909  -9.16811e-05  -0.00126382  0.00254609  0.00637797  -0.0929227  
-0.0014997  3.34341e-05  -0.00113748  -0.00152521  0.0088822  -0.0505417  
-0.00109117  -0.000267971  -0.0012872  -0.00282116  -0.00546011  -0.074631  
-0.000306352  4.06588e-05  -0.00137293  -0.0145599  0.0310705  -0.111794  
-0.000415365  0.000208473  -0.00150134  -0.0186224  0.0383402  -0.115195  
-0.000306352  4.06588e-05  -0.00160576  -0.0175724  0.0251991  -0.103622  
-6.43015e-06  -4.47199e-05  -0.00145585  -0.00847854  0.0217614  -0.13057  
-0.0017559  0.000458675  -0.00138428  -0.0162243  0.0397464  -0.0329272  
-0.000310424  -0.000115796  -0.0014594  -0.0156198  0.00890179  -0.111856  
-0.000326239  -0.000140085  -0.00151527  -0.0135041  -0.00945175  -0.0902334  
-0.000142395  -0.000129059  -0.00146327  -0.012093  0.0192009  -0.117784  
-0.000472233  4.34739e-05  -0.0015506  -0.0184453  0.0248658  -0.104593  
-0.000333918  3.72272e-05  -0.00155559  -0.0146898  0.0183225  -0.091079  
-0.000297215  1.80049e-05  -0.00151836  -0.0165921  0.0480922  -0.109015  
-0.000124956  2.34791e-05  -0.00156742  -0.0195314  0.0141114  -0.0983763  
-0.000313476  4.14414e-05  -0.0015894  -0.0201651  0.0194949  -0.0983697  
-0.000319281  0.000102796  -0.00156365  -0.0208373  0.0456537  -0.107064  
-0.000324948  3.88672e-05  -0.001562  -0.0156912  0.0213292  -0.0946995  
-0.000216575  1.54323e-05  -0.00156807  -0.0182881  0.0253334  -0.110089  
-0.000216575  1.24939e-05  -0.00145454  -0.0204217  0.0443302  -0.116794  
-0.000313183  0.000101955  -0.00153321  -0.0198437  0.0516487  -0.115969  
-0.000299309  0.000415385  -0.0016401  -0.0258466  0.0307239  -0.0983839  
0.000335665  0.000950838  -0.00170455  -0.0326099  0.0488863  -0.120721  
0.000142942  0.000857124  -0.00157776  -0.0274048  0.00270919  -0.142581  
0.000150961  0.000480794  -0.00134587  -0.0269423  0.05101  -0.129026  
0.000102206  0.000488093  -0.00153741  -0.0218248  0.0461391  -0.112359  
-1.02427e-05  0.000367991  -0.00147751  -0.0160081  0.0435844  -0.108246  
0.00011089  0.000531076  -0.00142195  -0.0143926  0.0461507  -0.115161  
0.000162353  0.00043262  -0.00140836  -0.0130406  0.0586325  -0.12834  
-1.14753e-05  0.000769097  -0.00139381  -0.0175078  0.0400541  -0.0949942  
-1.04824e-05  0.000824747  -0.00127252  -0.0201967  0.0424663  -0.10391  
-0.000200742  0.000923449  -0.00121287  -0.0172884  0.0488627  -0.0933119  
5.35498e-05  0.000909944  -0.00120955  -0.0190735  0.0461567  -0.123611  
-0.000290772  0.000680243  -0.00127538  -0.0175077  0.0429519  -0.0788402  
-0.00025161  0.000662147  -0.00124558  -0.0166578  0.0206926  -0.0957332  
-0.000116068  0.000738237  -0.00130493  -0.0132151  0.00336174  -0.0857363  
-4.66001e-05  0.000488237  -0.00125267  -0.0166075  0.0457707  -0.104505  
-0.000253056  0.000488237  -0.00134827  -0.0169634  0.0212677  -0.0835005  
0.000167923  0.00068095  -0.00118094  -0.0168501  0.0454941  -0.123859  
-2.83878e-05  0.000488237  -0.00126243  -0.0166676  0.051631  -0.0957317  
2.23371e-05  0.000183364  -0.0013502  -0.0166444  0.0334268  -0.101863  
7.29208e-05  0.00019485  -0.00131393  -0.0184689  0.03892  -0.129131  
-4.12117e-05  0.000262927  -0.00125696  -0.0186473  0.0719929  -0.0996359  
0.000196611  0.000126461  -0.00136608  -0.0159828  0.0216184  -0.111074  
9.32024e-05  0.000344478  -0.00132757  -0.0220867  0.0390709  -0.10116  
0.000108741  0.000241176  -0.00134852  -0.0147362  0.0390779  -0.0899226  
0.000225858  0.000178502  -0.00131245  -0.0162021  0.0218981  -0.113839  
8.30955e-05  0.000363067  -0.00133426  -0.0210083  0.0465427  -0.109114  
0.000344042  0.000511774  -0.00125402  -0.014623  0.0450419  -0.103985  
0.000110906  7.0175e-05  -0.0013982  -0.0113174  0.0509567  -0.0991058  
0.00014142  1.29361e-05  -0.00130347  -0.0111037  0.0579017  -0.119202  
-5.33894e-05  -2.70293e-06  -0.00135908  -0.00921637  0.0287566  -0.0969654  
-0.00179576  0.000667863  -0.00115731  -0.0162284  0.0453827  0.0029804  
0.000358647  0.000250686  -0.0013642  -0.0162635  -0.00608815  -0.145679  
0.000312735  0.000153064  -0.00116491  -0.00983356  0.036208  -0.120374  
0.000301377  -0.000144645  -0.000999531  -0.00379818  0.0519495  -0.109438  
0.000301377  -0.000198439  -0.00101026  0.000210836  0.0556314  -0.107456  
0.000551377  -0.000297244  -0.00114325  -0.00787936  0.0636535  -0.123844  
0.000301377  -0.000347017  -0.000975912  0.00106899  0.0662856  -0.115393  
0.000301377  -0.000518095  -0.00121286  -0.00070897  0.0359012  -0.098197  
0.000497453  -0.000384168  -0.00100596  0.00470288  0.0411278  -0.106931  
0.000215818  -0.000394865  -0.000878938  0.00838667  0.0541587  -0.100904  
3.71099e-05  -0.000404773  -0.00111751  0.00406608  0.0109782  -0.0885171  
0.000212921  -0.000231686  -0.00111779  0.00845415  0.00863681  -0.0974679  
-2.04395e-05  -0.000334804  -0.00111676  0.00843948  0.012586  -0.100889  
-0.000665941  -0.00127465  -0.000995616  0.00839214  0.00119627  -0.0572717  
-0.00115455  -0.000146743  -0.00120768  0.000201086  0.0190779  -0.0210057  
0.000538376  -0.000672274  -0.00118601  0.00641331  -0.0213732  -0.0455265  
0.000261931  -7.39243e-05  -0.00126221  -0.0054611  0.0106788  -0.075816  
0.000665643  -0.000707204  -0.00127706  -0.000693885  0.0301661  -0.0714385  
6.05018e-05  -0.000336873  -0.00129701  -0.00233688  0.0187022  -0.0692267  
0.00018554  -0.000431309  -0.00125582  -0.00209811  0.0248251  -0.0674647  
0.000187424  -0.00043539  -0.00122823  -0.005033  0.0336561  -0.0768148  
1.09569e-05  -0.000464982  -0.00133247  -0.00674424  0.016513  -0.0604004  
6.73162e-05  -0.0003729  -0.00128292  -0.00192455  -0.00508953  -0.0805189  
-3.23585e-05  -0.00067737  -0.00122448  0.00241617  0.0365611  -0.0789984  
-4.39997e-05  -0.000753717  -0.0012295  -0.00436942  0.0045279  -0.0830777  
6.27122e-05  -0.000513185  -0.00127471  -0.000648091  0.0124693  -0.0989034  
0.000351413  -0.000560141  -0.00109363  -0.00927275  0.0389695  -0.156753  
6.47495e-05  -0.00073935  -0.00112665  -0.00383623  0.0192933  -0.08713  
-0.000335167  -0.00144341  -0.0011484  0.00359087  0.00147175  -0.05096  
-0.000346339  -0.00133581  -0.000942799  0.00433465  -0.00212072  -0.033369  
-0.000252332  -0.000823717  -0.00110329  0.00838325  0.00908939  -0.0528505  
-0.000925938  -0.00143197  -0.000833523  0.0116354  0.00234405  0.00537798  
-0.00147982  -0.00134499  -0.000546606  0.0110014  -0.0224062  -0.0082034  
-0.00100364  -0.00170921  -0.000603306  0.008401  -0.0224657  -0.00459653  
-0.00128193  -0.0015962  -0.000442615  0.008432  -0.0171578  -0.0214649  
-0.000991347  -0.00160252  -0.000463896  0.0151147  -0.0193716  -0.0214  
-0.00131035  -0.00164462  -0.000519757  0.00841562  -0.0186912  0.0256689  
-0.000820473  -0.0018223  -0.000414411  0.0157418  -0.0115824  -0.0320042  
-0.000921988  -0.00179928  -0.000336469  0.0200751  -0.00557128  -0.0174715  
-0.00118599  -0.00182766  -0.000235246  0.0249255  -0.0213977  0.00315246  
-0.000655069  -0.00178075  -0.000320293  0.0198045  -0.00224104  -0.0388568  
-0.00105251  -0.00179114  -3.49275e-05  0.0282228  0.00907494  -0.00102743  
-0.00103962  -0.00181497  -0.00016214  0.0292631  -0.0130944  0.0217399  
-0.00151003  -0.00170714  0.000188852  0.0280403  0.00192662  0.0496343  
-0.000539361  -0.00196654  8.78603e-05  0.0314377  -0.0479563  -0.00286143  
-0.00128292  -0.00180878  0.000155797  0.0249606  -0.0138417  -0.0146756  
-0.000896209  -0.00194561  8.78603e-05  0.0280086  -0.0283454  0.0102675  
-0.000507893  -0.00193621  0.00033735  0.0279034  -0.0331426  0.0111142  
-0.000566229  -0.0020705  0.0003507  0.0283089  -0.00187462  -0.0305232  
-0.00117933  -0.00196717  0.000310917  0.0317834  -0.00536682  0.0163288  
-0.000507697  -0.00223343  0.000344121  0.0375286  -0.0437911  -0.0151645  
-0.000630607  -0.00212504  0.000490023  0.0316338  -0.0147058  -0.030925  
-0.000499907  -0.002266  0.000408389  0.0352954  -0.00905528  -0.0159042  
-0.000405236  -0.00230075  0.000314871  0.0326386  -0.0304057  -0.0140217  
0.000452122  -0.00224775  0.000553456  0.0362038  0.0135011  -0.0369242  
-9.20831e-05  -0.00228885  0.000681291  0.0356407  0.020905  -0.0502871  
-0.000591995  -0.00227359  0.000460321  0.0371779  -0.0108216  -0.0175048  
-0.000767394  -0.00231749  0.000464227  0.038542  -0.0357464  -0.0112007  
0.000356245  -0.00217626  0.000592503  0.0397444  0.0169167  -0.047548  
-0.000949484  -0.00242438  0.000460653  0.0379723  0.00705784  0.00618346  
-6.543e-05  -0.00242108  0.000596576  0.0358055  -0.0424774  -0.0393056  
-6.78282e-06  -0.00231993  0.000741442  0.0312575  0.0140629  -0.0550541  
-0.000746977  -0.00243777  0.000465445  0.0394723  -0.020206  -0.00891577  
-0.000154851  -0.00239183  0.00040839  0.0361335  -0.0322681  -0.0409372  
-0.00107709  -0.00247467  0.000408389  0.0374774  -0.00508867  0.00454624  
-0.000387606  -0.00251374  0.000408389  0.0392366  -0.0426158  -0.0393382  
-0.000553928  -0.00223716  0.000602087  0.0373942  0.00726228  -0.045356  
-0.000640787  -0.00249969  0.000520886  0.0372817  -0.00312677  -0.0330058  
0.000179508  -0.0024857  0.000708154  0.0396979  0.00722491  -0.0422861  
-0.000704462  -0.00247821  0.000527878  0.0354958  0.043621  -0.020642  
-0.000296764  -0.0025193  0.000547756  0.0326107  -0.0399117  -0.0232872  
-8.36e-05  -0.00250057  0.000587358  0.0340417  0.0161194  -0.0346364  
0.000164999  -0.00229137  0.000701583  0.0331139  0.0340318  -0.0598448  
0.000421688  -0.00255324  0.000526439  0.0360923  0.0350733  -0.035658  
0.000223594  -0.0024499  0.000696055  0.0365956  0.0242545  -0.0546241  
-0.000151068  -0.00266649  0.000703222  0.03887  -0.0198681  -0.0211397  
-0.000724432  -0.00261635  0.000568122  0.0392838  0.00119047  -0.0413127  
0.000262937  -0.0027177  0.000535232  0.0418067  -0.0442126  -0.0429427  
-0.000487355  -0.00277616  0.000716893  0.0417973  0.0008988  -0.0445636  
-0.00038477  -0.00279491  0.000592467  0.041785  -0.030577  -0.0364454  
-0.000514159  -0.00272168  0.000765701  0.0389502  0.0258457  -0.0399027  
-0.000200494  -0.00267713  0.00055952  0.0417701  -0.0366742  -0.0597202  
0.000217114  -0.00239046  0.00086782  0.0418147  0.00493117  -0.0763176  
0.000279991  -0.00251944  0.000655509  0.0394034  0.0409393  -0.0717916  
-0.000568008  -0.00283169  0.000733492  0.041832  -0.00392471  -0.0220054  
0.000217114  -0.00274382  0.000887668  0.0417885  0.0063511  -0.0514642  
-0.000384312  -0.00277567  0.00057272  0.0468056  -0.0256459  -0.0308955  
-0.000340675  -0.00277671  0.00059772  0.041761  -0.0421096  -0.0488516  
-0.00075493  -0.00269141  0.00079673  0.0418397  0.0134345  -0.018112  
-0.000125152  -0.00280674  0.000567477  0.0418107  -0.0541687  -0.0456085  
-2.81726e-05  -0.00277331  0.000872914  0.0397201  -0.00625561  -0.0378336  
-0.000532388  -0.00299779  0.000658389  0.0417897  -0.0404686  -0.0171561  
-0.000322637  -0.00278921  0.000658389  0.0417659  -0.0389791  -0.0542862  
-0.000961934  -0.00291072  0.000824531  0.048942  -0.0189435  -0.00203808  
-1.84868e-05  -0.00275406  0.000947379  0.048252  -0.0262184  -0.0575643  
-0.000764801  -0.00301476  0.000818434  0.0490836  0.00695774  -0.0126129  
-0.000764801  -0.00288963  0.000824054  0.0488738  -0.0452949  -0.0160322  
-0.000359907  -0.00285308  0.000881965  0.0493011  -0.0179887  -0.0417028  
-0.00157332  -0.00283532  0.000712405  0.050342  0.0185236  0.0654446  
-0.000430815  -0.00289958  0.000658389  0.0402092  -0.0549961  -0.045006  
-0.00100611  -0.00293357  0.00065839  0.0435262  -0.0555043  -0.018879  
-0.0012771  -0.00303036  0.000750805  0.0513405  -0.0218497  0.0122244  
-0.00077089  -0.00302713  0.000692005  0.0435424  -0.0310846  -0.000153363  
-0.000788467  -0.00301124  0.000478144  0.0401266  -0.0128836  -0.0220069  
-0.001039  -0.0030723  0.000562002  0.0435389  0.00559611  0.00735749  
-0.000402399  -0.003178  0.000475623  0.0461367  -0.0451506  -0.018237  
-0.000725644  -0.00308622  0.000590151  0.0409129  -0.0186314  -0.025697  
-0.000855747  -0.00308646  0.000613884  0.0395984  -0.0130802  0.000135952  
-0.000453278  -0.00296807  0.000554918  0.043479  -0.0437968  -0.0159146  
-0.000765401  -0.0029942  0.000658389  0.0388875  -0.01674  -0.0285024  
-0.00041061  -0.00313231  0.000610134  0.0435003  -0.0421888  -0.000362257  
-0.000919599  -0.00317101  0.00071518  0.040988  -0.0299804  0.002155  
-0.000751876  -0.0030669  0.000408389  0.0435129  -0.0577725  0.0319116  
-0.000970959  -0.00310601  0.000602843  0.0411975  -0.0208107  -0.00594588  
-0.000646351  -0.00328238  0.000527089  0.0434642  -0.0551997  -0.00579095  
-0.00139392  -0.00319094  0.000658389  0.0435254  -0.00560406  0.0126827  
-0.000302924  -0.0031793  0.00040839  0.0435083  -0.0633113  -0.0454503  
-0.00100427  -0.00324679  0.000658389  0.0508432  -0.0160462  0.0124496  
-0.00133602  -0.00327097  0.000559493  0.0460825  -0.013521  0.0154797  
-0.000521614  -0.0032979  0.000494562  0.0476202  -0.0635189  -0.0276723  
-0.00127135  -0.00320474  0.00040839  0.0474037  0.0115808  0.0133381  
-0.00061831  -0.00326817  0.000408389  0.0489016  -0.0515541  -0.0364215  
-0.000350896  -0.00319373  0.000469733  0.0478689  -0.011579  -0.050392  
-0.0013982  -0.00331979  0.00040839  0.0496063  0.000880995  0.0308804  
-0.000809636  -0.00340116  0.000535754  0.0487179  -0.0365012  -0.0103543  
-0.000274709  -0.0034165  0.000523159  0.0495318  -0.0692808  -0.0213839  
-0.00125118  -0.00336644  0.000577205  0.0513983  -0.00203738  0.0127949  
-0.000155834  -0.00322852  0.000468756  0.0503409  -0.0641659  -0.0277837  
-0.000580831  -0.00334992  0.000532502  0.0500314  -0.0304226  -0.0088773  
-0.000370357  -0.00327956  0.000516136  0.0513461  -0.0368819  -0.0244211  
-0.00124062  -0.00320561  0.000494019  0.0480985  0.000346778  0.0214361  
-0.000213593  -0.00325208  0.00048152  0.0504545  -0.053795  -0.0371955  
-0.000710481  -0.00322003  0.000521604  0.0536608  -0.00121256  -0.0328267  
-0.000616145  -0.0031913  0.000587687  0.0512992  -0.0377664  -0.0250498  
-0.00144565  -0.00296559  0.000473284  0.0454678  -0.00867888  -0.0089276  
-0.000743528  -0.0029409  0.00040839  0.044502  -0.0536501  -0.0477828  
6.10992e-06  -0.00277495  0.000259822  0.0307424  -0.060468  -0.034711  
-0.00139315  -0.00284256  0.000575898  0.042059  -0.0403191  -0.00880849  
-0.00143596  -0.00273028  0.000612077  0.039915  -0.032214  -0.0262153  
-0.000701643  -0.00296522  0.000580182  0.0444862  -0.0640026  -0.0497862  
-0.00191799  -0.00288597  0.000548925  0.044528  -0.00869695  0.00212451  
-0.00195961  -0.00275865  0.000541099  0.0394609  -0.0379771  -0.0197111  
-0.00131006  -0.0028547  0.000658389  0.0444903  -0.0732319  -0.0212391  
-0.00198421  -0.00279117  0.000658389  0.0445157  -0.0190595  -0.00863112  
-0.00104993  -0.00288278  0.000584905  0.0445144  -0.0657419  -0.0343866  
-0.00147113  -0.003039  0.000748753  0.0445255  -0.0330404  -0.025909  
-0.00130022  -0.00299524  0.000794975  0.0444719  -0.0499965  -0.0316008  
-0.00114608  -0.00316916  0.000720256  0.044419  -0.0566393  -0.0439765  
-0.000947247  -0.00323436  0.000738983  0.0524645  -0.0339634  -0.0450596  
-0.00178343  -0.00323387  0.000658389  0.054827  -0.0216719  0.00663125  
-0.00190342  -0.00322949  0.000728107  0.0488619  -0.0375484  -0.019962  
-0.00071664  -0.00274099  0.000408389  0.0331719  -0.0539123  -0.0905954  
-0.000467448  -0.00263588  0.000599372  0.0479009  -0.0823684  -0.106175  
-0.000903081  -0.00288009  0.000514695  0.0477818  -0.0399883  -0.0871344  
-0.00106553  -0.00314077  0.000595707  0.0481556  -0.054092  -0.0785257  
-0.00107368  -0.00301426  0.000777637  0.0507214  -0.00998999  -0.0639603  
-0.000919829  -0.00312017  0.000723597  0.0507016  -0.027181  -0.06354  
-0.000850864  -0.00305757  0.000550252  0.045171  -0.0246613  -0.0760203  
-0.00122356  -0.00290542  0.000473442  0.0467625  0.0135069  -0.0618667  
-0.000716092  -0.00293343  0.000556043  0.0481997  -0.0492611  -0.0916669  
-0.00156387  -0.00294517  0.000469411  0.0485937  0.00106562  -0.0370348  
-0.000903212  -0.00298881  0.000596989  0.0484578  -0.0451956  -0.0641729  
-0.000276689  -0.00289734  0.000559576  0.0507379  -0.0665756  -0.0721962  
-0.00160634  -0.00313242  0.000569909  0.0508029  -0.0189847  -0.0114672  
-0.000839582  -0.00317006  0.000605795  0.0484643  -0.0680677  -0.0606204  
-0.000512275  -0.00287424  0.000564446  0.0477328  -0.0651213  -0.0641324  
-0.00172685  -0.00299321  0.000603881  0.0508185  -0.00628741  0.00557901  
-0.000663479  -0.00293868  0.000408389  0.0507622  -0.0785026  -0.0661335  
-0.000934068  -0.00304433  0.000601935  0.0486342  -0.0421501  -0.0441358  
-0.0012789  -0.00299339  0.000658389  0.0478304  -0.0376679  -0.0517669  
-0.00103593  -0.00297162  0.000759499  0.0506918  -0.0528693  -0.0548578  
-0.00082212  -0.00300349  0.000593706  0.0507412  -0.0415781  -0.0659691  
-0.000984774  -0.00302009  0.000498198  0.0430574  -0.0332618  -0.0697239  
-0.0011796  -0.0030149  0.000596564  0.04246  -0.0241042  -0.0659671  
-0.000493605  -0.00295776  0.000480477  0.0430551  -0.0524863  -0.0830954  
-0.000907339  -0.00307617  0.000600051  0.0418264  -0.0429488  -0.0593248  
-0.000734774  -0.00309092  0.00062555  0.0466798  -0.061022  -0.0594668  
-0.000734774  -0.00298839  0.000658389  0.0434594  -0.0436782  -0.0759099  
-0.000357785  -0.00276853  0.00057144  0.0403049  -0.0571082  -0.101257  
2.27402e-05  -0.00264487  0.000408389  0.0412828  -0.0477133  -0.109795  
-0.000282241  -0.00253221  0.000335728  0.0341169  -0.0278978  -0.112949  
-0.000469252  -0.00246827  0.000607323  0.0421867  -0.0129789  -0.0998467  
-0.000583129  -0.00288217  0.000806417  0.0429521  -0.0144602  -0.0699239  
-0.00113749  -0.00290946  0.000710269  0.0437232  0.0198083  -0.061974  
-0.000282243  -0.00270742  0.000613377  0.0456694  -0.0546325  -0.0949214  
0.000305647  -0.00218834  0.000842939  0.0408299  -0.00104362  -0.1494  
6.10222e-05  -0.00261461  0.000773286  0.0414165  0.0310346  -0.1204  
0.000251964  -0.00263899  0.000694101  0.0404117  -0.00253851  -0.124257  
0.000234304  -0.00233368  0.000588042  0.040512  0.00415176  -0.120519  
0.000385375  -0.00235658  0.000585094  0.0341327  0.018343  -0.135251  
0.000407315  -0.00264003  0.000509275  0.0402167  0.0315191  -0.126622  
0.000210765  -0.00239978  0.000408389  0.0393823  0.0193643  -0.110492  
0.000479778  -0.00237936  0.000408389  0.0341364  0.0229575  -0.142198  
-0.00026689  -0.00227866  0.000417579  0.0341541  0.0341761  -0.117538  
0.000294222  -0.00215442  0.000605539  0.0416551  -0.00967096  -0.12711  
-0.000381327  -0.00264268  0.000520824  0.0408904  0.0467001  -0.0923274  
0.00025516  -0.0023849  0.000441512  0.041621  -0.0449057  -0.114001  
-0.00026689  -0.00270216  0.000550516  0.0440149  0.0406533  -0.0932887  
-9.75672e-05  -0.00256026  0.000395484  0.0408805  -0.0388105  -0.111177  
0.00029099  -0.00220228  0.000619526  0.0394544  0.0283582  -0.141125  
6.95052e-05  -0.00274812  0.000679024  0.0385368  0.0285664  -0.104601  
0.000303136  -0.00268723  0.000687621  0.0414752  0.00831484  -0.10624  
-1.68898e-05  -0.0025694  0.000706426  0.0398329  0.0368664  -0.11811  
0.000326814  -0.00274442  0.000697987  0.0367456  0.00498594  -0.108905  
0.000442032  -0.00278459  0.000722743  0.0384867  -0.000958641  -0.110365  
0.000458627  -0.00267536  0.000622927  0.0341133  0.00448111  -0.12347  
-0.00026689  -0.00235221  0.000808203  0.0427085  0.00208001  -0.119989  
-0.000444986  -0.00283951  0.000575803  0.041801  -0.0220329  -0.0856583  
-0.000807194  -0.00283026  0.000687338  0.0401768  -0.00733663  -0.090351  
-0.00026689  -0.00272148  0.000507021  0.0407578  -0.0527479  -0.115796  
-0.00059793  -0.00286963  0.000689402  0.0407676  0.0209033  -0.0908643  
-0.00029374  -0.00274989  0.000522764  0.0404836  -0.0469723  -0.114056  
-0.000434245  -0.00276354  0.000788298  0.0404352  0.0258168  -0.0963272  
-0.00029374  -0.0029584  0.000522584  0.0471672  -0.0402603  -0.0997488  
-0.00113892  -0.00303056  0.000749716  0.0418554  0.0133322  -0.0580977  
-0.000104414  -0.00283332  0.000656665  0.0459344  -0.05393  -0.0989921  
-0.000818903  -0.00303129  0.000708059  0.046932  0.0269306  -0.0773527  
-0.00027163  -0.00284721  0.000575804  0.0446576  -0.0362666  -0.125133  
-2.16302e-05  -0.00291132  0.000840027  0.0425748  0.00981589  -0.107313  
0.000360235  -0.00282788  0.000963757  0.0450232  -0.0158675  -0.122482  
0.000282516  -0.00315604  0.00113726  0.0483007  0.0230206  -0.0750792  
0.000611948  -0.00334541  0.000858981  0.0483121  0.00975568  -0.113149  
0.000468903  -0.00340884  0.00118669  0.0522756  -0.00708361  -0.111844  
0.000422181  -0.00354298  0.00116855  0.0580689  -0.00332937  -0.119313  
0.000365004  -0.00350388  0.00120761  0.0582208  0.00627328  -0.11999  
-0.000594838  -0.00363964  0.00125988  0.0611734  0.0271814  -0.0510213  
6.89943e-05  -0.00345582  0.00134223  0.0573582  -0.0124369  -0.100319  
0.000445266  -0.00358033  0.00137005  0.0609901  -0.0251033  -0.104609  
-0.0010562  -0.00355527  0.00111035  0.0598228  0.019403  0.020019  
-0.000614312  -0.00314644  0.000826901  0.0487929  -0.056119  0.0960849  
0.000175496  -0.00330146  0.000636346  0.0473424  -0.0865267  -0.0751791  
0.000453298  -0.00379535  0.0010077  0.0559039  -0.00245063  -0.0810687  
0.000849288  -0.00374236  0.00121778  0.0603038  0.014488  -0.103336  
0.00105869  -0.003817  0.00125921  0.0652521  0.0483949  -0.084285  
0.000688213  -0.00402185  0.00125345  0.0678195  0.0794633  -0.0761974  
0.00157367  -0.00389494  0.00124859  0.0645779  0.000164065  -0.0949848  
0.0011413  -0.00390492  0.00139859  0.0659211  0.0480523  -0.0983242  
0.00148323  -0.00379799  0.0014267  0.0656165  0.0028438  -0.113614  
0.00145627  -0.00376134  0.00149943  0.0697974  0.0200826  -0.119491  
0.00151698  -0.00388048  0.0014962  0.0679883  0.0106879  -0.127654  
0.00100513  -0.0038919  0.00142833  0.0667146  0.0436807  -0.102611  
0.00160553  -0.00365883  0.0015245  0.0638554  0.000161323  -0.145858  
0.00173651  -0.00359241  0.00152351  0.0660101  0.0251301  -0.15267  
0.00144948  -0.00367218  0.00152773  0.0633671  0.056461  -0.124135  
0.00186673  -0.00365889  0.00147828  0.0688949  0.0291723  -0.143128  
0.00161687  -0.00361069  0.00162096  0.0655424  0.0532308  -0.150851  
0.0018729  -0.00376802  0.00156642  0.0674362  0.0344929  -0.150835  
0.00172342  -0.00373992  0.00162997  0.0688208  0.0451689  -0.137245  
0.00119651  -0.00376043  0.00167908  0.0708615  0.0655137  -0.122453  
0.00176875  -0.0035485  0.00166102  0.0709513  0.0142132  -0.162202  
0.000981895  -0.00374339  0.0017453  0.0708326  0.0492709  -0.108919  
0.00176938  -0.00361286  0.0017558  0.0709648  0.0140018  -0.164822  
0.00169492  -0.00374288  0.00172714  0.0711191  0.0245193  -0.126357  
0.00115983  -0.00364481  0.00182078  0.0705942  0.0542433  -0.132036  
0.00197389  -0.00353974  0.00160157  0.0687612  -0.00731907  -0.159601  
0.0015574  -0.00346359  0.00160827  0.0619046  0.0495641  -0.150739  
0.00166182  -0.00357624  0.00156992  0.0669202  0.0441554  -0.138367  
0.000794455  -0.00352777  0.00155781  0.0668588  0.0803838  -0.108276  
0.00169286  -0.00347193  0.00169025  0.0646462  0.00683119  -0.158929  
0.00179621  -0.00349  0.00163301  0.066568  0.0329952  -0.157768  
0.00190693  -0.00342079  0.00173178  0.0620743  0.0258243  -0.156923  
0.00196409  -0.00328206  0.00167068  0.0628788  0.0327227  -0.170242  
0.00173212  -0.00336793  0.0016259  0.0655404  0.0446184  -0.152306  
0.00191474  -0.00337225  0.0016173  0.0641404  0.0258335  -0.166062  
0.00151502  -0.00350638  0.00152803  0.0662671  0.0572777  -0.108733  
0.00210966  -0.00344401  0.00156879  0.0622842  0.0213239  -0.180068  
0.00229421  -0.00319732  0.00151857  0.0642372  0.0127523  -0.197818  
0.00261376  -0.0031219  0.00141469  0.0641776  0.0404976  -0.192091  
0.00192631  -0.00338705  0.00147159  0.0627088  0.0697017  -0.133722  
0.00220419  -0.00319229  0.00150768  0.0625431  0.0498786  -0.156688  
0.00275881  -0.00329622  0.00148453  0.0650361  0.0235947  -0.180998  
0.00197425  -0.00336889  0.00137469  0.0643359  0.0726853  -0.136205  
0.00203807  -0.00320655  0.00146157  0.0608909  0.0490013  -0.167694  
0.00260211  -0.00317792  0.00145679  0.0660877  0.0230854  -0.212746  
0.00209591  -0.00344632  0.00141705  0.0652167  0.0772776  -0.145927  
0.00228998  -0.00330684  0.00153492  0.0608897  0.0374166  -0.178682  
0.00263131  -0.0033574  0.00148352  0.064283  0.0373466  -0.187813  
0.00241782  -0.00342501  0.00148236  0.063364  0.0713373  -0.173767  
0.00276444  -0.00351115  0.00150163  0.0646669  0.0456436  -0.175981  
0.00213642  -0.00350618  0.00148422  0.0650649  0.0793972  -0.143814  
0.00238829  -0.00322989  0.00136821  0.0607721  0.0329033  -0.206543  
0.00250085  -0.00307626  0.00121398  0.0549575  0.0552998  -0.184042  
0.0026369  -0.00316504  0.00134667  0.0549752  0.0426481  -0.194197  
0.00280103  -0.00312027  0.00141762  0.0586418  0.0474175  -0.184115  
0.0028618  -0.00314058  0.00140136  0.0643806  0.0623472  -0.159544  
0.00285791  -0.00295656  0.00125346  0.0575182  0.0936649  -0.147815  
0.00334305  -0.0028934  0.00136417  0.0550116  0.0497989  -0.219292  
0.00312786  -0.002864  0.00122747  0.0550312  0.0389929  -0.2011  
0.00535935  -0.00187193  0.00042687  0.0382342  0.0814959  -0.0554193  
0.00386988  -0.00149062  0.000770591  0.0134694  0.067196  -0.354175  
0.00357533  -0.00193093  0.00109716  0.0226131  0.115744  -0.309647  
0.00434571  -0.00212801  0.00134601  0.0310182  0.0766976  -0.323113  
0.00429349  -0.00231088  0.00140172  0.0339002  0.120078  -0.330031  
0.00427747  -0.00237168  0.00125547  0.0389672  0.123383  -0.316369  
0.00393037  -0.0025511  0.00132266  0.0442072  0.126954  -0.288009  
0.00366168  -0.00252071  0.00145958  0.036644  0.124018  -0.312181  
0.00448833  -0.00251294  0.00148481  0.041577  0.0615473  -0.342923  
0.00390048  -0.00255059  0.00147993  0.0426056  0.116525  -0.315089  
0.00362463  -0.00264598  0.00150986  0.0440761  0.0900171  -0.327107  
0.00428086  -0.00263601  0.00149266  0.046381  0.0659673  -0.337438  
0.00412398  -0.00266971  0.00159845  0.0486574  0.106968  -0.332275  
0.0039944  -0.00277242  0.00157179  0.0540651  0.121776  -0.337561  
0.00380106  -0.00285541  0.00147667  0.0540423  0.137223  -0.336097  
0.00336274  -0.00281043  0.00156679  0.0518608  0.144537  -0.356186  
0.00396109  -0.00293845  0.00147899  0.049839  0.09877  -0.353076  
0.00344405  -0.00287471  0.00132266  0.0487634  0.128273  -0.34071  
0.00397272  -0.00308312  0.00147674  0.0539593  0.0803297  -0.363165  
0.0030648  -0.00297467  0.00151708  0.0518331  0.130924  -0.330273  
0.00389627  -0.00313642  0.00156764  0.0539299  0.0768332  -0.37588  
0.00397861  -0.0030935  0.00141646  0.0476033  0.10539  -0.385672  
0.00405232  -0.0029678  0.00137537  0.0506005  0.114651  -0.387957  
0.00390927  -0.00264867  0.00119672  0.0454456  0.131299  -0.402907  
0.00406423  -0.00266069  0.00101938  0.0376945  0.137816  -0.400402  
0.00342719  -0.00266994  0.000941541  0.0376774  0.162513  -0.364594  
0.00402196  -0.00273789  0.001035  0.0399766  0.0986826  -0.421841  
0.00309214  -0.00288922  0.000939872  0.037623  0.153895  -0.33103  
0.00285616  -0.00259303  0.000889327  0.0332259  0.093511  -0.388071  
0.0029169  -0.00270816  0.000848094  0.0326553  0.0843432  -0.406309  
0.00276666  -0.00279952  0.000945679  0.0321984  0.122749  -0.405341  
0.00303604  -0.00288707  0.000792956  0.0319332  0.0873778  -0.407115  
0.00303863  -0.00284764  0.000935962  0.0286477  0.121879  -0.412926  
0.00324659  -0.00275081  0.000848094  0.0304166  0.121093  -0.416919  
0.00289185  -0.0029884  0.000848094  0.032824  0.13072  -0.383894  
0.00287817  -0.00316138  0.000924837  0.0374905  0.121708  -0.400992  
0.00345278  -0.00298037  0.00103514  0.0428361  0.0856093  -0.401812  
0.00314504  -0.00292829  0.00119977  0.0434942  0.128882  -0.403596  
0.00354211  -0.00317348  0.00114817  0.0438866  0.106162  -0.412263  
0.00328388  -0.00318701  0.00120163  0.0475283  0.134011  -0.386511  
0.0036034  -0.00343947  0.0014255  0.0540383  0.108806  -0.415509  
0.00376737  -0.00316647  0.00143253  0.0500038  0.12129  -0.418757  
0.00362418  -0.0035674  0.00129055  0.0515447  0.129291  -0.407169  
0.00374351  -0.00349682  0.00122624  0.0485111  0.126887  -0.426032  
0.00354122  -0.00359713  0.00121024  0.0474726  0.130248  -0.400163  
0.003758  -0.00342861  0.00125331  0.0466683  0.112101  -0.421751  
0.00335948  -0.00344767  0.00128227  0.0476264  0.140328  -0.411217  
0.00385096  -0.0035559  0.00128227  0.0427986  0.11516  -0.427955  
0.00359109  -0.00353241  0.00134389  0.0428271  0.124266  -0.434882  
0.00358096  -0.0035744  0.001317  0.0428025  0.131364  -0.441602  
0.0032968  -0.00371119  0.0013282  0.0481555  0.143172  -0.420434  
0.00364993  -0.00363266  0.00132347  0.0504512  0.100767  -0.43835  
0.00358852  -0.00376534  0.00149996  0.0527603  0.130029  -0.445189  
0.00360054  -0.0036986  0.00144234  0.0527677  0.131896  -0.446465  
0.00376406  -0.0034435  0.00152975  0.0489741  0.139138  -0.451447  
0.00398368  -0.00358779  0.00143627  0.0494244  0.141771  -0.462789  
0.00391888  -0.00351851  0.0015548  0.0428706  0.140465  -0.447125  
0.00388758  -0.00363414  0.00138051  0.0459978  0.13477  -0.447142  
0.00419972  -0.00364496  0.00143829  0.0427706  0.122331  -0.459877  
0.00423504  -0.00353027  0.00158349  0.0457162  0.144361  -0.442649  
0.00450063  -0.00347441  0.00151076  0.0428747  0.141196  -0.439026  
0.0044178  -0.00341024  0.00143888  0.042893  0.146328  -0.418902  
0.0037536  -0.00366741  0.00175139  0.0428721  0.148411  -0.431864  
0.00477419  -0.00386436  0.00179063  0.0527959  0.093532  -0.449525  
0.00481239  -0.00365556  0.00184013  0.0493927  0.132106  -0.44612  
0.00454502  -0.00374424  0.00182004  0.048856  0.136887  -0.434682  
0.0040689  -0.00369918  0.00187516  0.0484301  0.152268  -0.453595  
0.00448813  -0.00378116  0.00183982  0.0428293  0.129619  -0.454054  
0.00464379  -0.00415433  0.00176742  0.0483071  0.139747  -0.495055  
0.00424815  -0.00394514  0.00180469  0.0492734  0.155872  -0.467442  
0.00387011  -0.00399834  0.00177131  0.0482112  0.156597  -0.477447  
0.00481877  -0.00390997  0.00181193  0.0448673  0.114805  -0.523914  
0.00404609  -0.00397593  0.00175115  0.048683  0.162734  -0.490958  
0.00461218  -0.00430191  0.00167417  0.0508937  0.122001  -0.503219  
0.00419752  -0.00435308  0.0018331  0.0518259  0.162344  -0.511875  
0.00468661  -0.00434245  0.00166267  0.0515608  0.122246  -0.53211  
0.00422319  -0.00425452  0.00173514  0.0415848  0.157359  -0.530493  
0.00521386  -0.00442722  0.00173245  0.050539  0.120696  -0.55181  
0.00408731  -0.00432634  0.00189932  0.0573677  0.170659  -0.490753  
0.00458518  -0.00445408  0.00203552  0.0613016  0.130814  -0.510388  
0.00493278  -0.00446545  0.00214039  0.0612843  0.122089  -0.523443  
0.00402557  -0.00467385  0.00224462  0.0727682  0.16074  -0.474215  
0.00462348  -0.00493889  0.00221509  0.0714658  0.126639  -0.505954  
0.00470307  -0.00498418  0.00221222  0.0724905  0.129783  -0.51073  
0.00489998  -0.00509565  0.00223924  0.0746636  0.141025  -0.514852  
0.00469174  -0.00496387  0.00232598  0.075226  0.133165  -0.50804  
0.00429462  -0.00497491  0.00246292  0.078575  0.141305  -0.495987  
0.00506091  -0.00535081  0.00241304  0.0783806  0.106652  -0.527296  
0.00406334  -0.00507431  0.00241381  0.0831582  0.164776  -0.480624  
0.00529516  -0.0053731  0.00253768  0.0783722  0.108973  -0.542701  
0.00433097  -0.00504713  0.00239675  0.0785524  0.148063  -0.487554  
0.00489569  -0.00547018  0.00252119  0.0833625  0.135334  -0.531844  
0.00513607  -0.00551471  0.00246915  0.0783236  0.132544  -0.525197  
0.00423447  -0.00521261  0.00246805  0.0807614  0.152504  -0.483281  
0.00514089  -0.00532257  0.00223652  0.0719417  0.113124  -0.525947  
0.00510873  -0.00504562  0.00226323  0.0694546  0.151059  -0.53492  
0.0052038  -0.00527239  0.00213447  0.0693466  0.146749  -0.536109  
0.00559703  -0.005208  0.00216054  0.0685211  0.139297  -0.574225  
0.0050746  -0.00553438  0.00233965  0.073727  0.165152  -0.53835  
0.00555183  -0.00552454  0.0022946  0.073077  0.119813  -0.553506  
0.00426533  -0.00492445  0.00246941  0.0751232  0.166618  -0.49839  
0.00608441  -0.005241  0.00208046  0.0621133  0.139093  -0.582211  
0.00673815  -0.00547059  0.00225627  0.0721944  0.121764  -0.623537  
0.00607289  -0.00538189  0.00238647  0.0736181  0.170744  -0.592763  
0.00660142  -0.00541667  0.00234773  0.0782937  0.142702  -0.608705  
0.00567251  -0.00548678  0.00245124  0.076209  0.185296  -0.542719  
0.00636118  -0.00550314  0.00238693  0.0736749  0.134117  -0.606407  
0.0063374  -0.00559814  0.00230324  0.0781573  0.169266  -0.606249  
0.00480196  -0.00507746  0.0024158  0.0785053  0.193115  -0.54616  
0.00626822  -0.0054831  0.00244633  0.0755834  0.125751  -0.62088  
0.00617822  -0.00552072  0.00238019  0.0782709  0.151895  -0.597741  
0.00599491  -0.00549232  0.00243579  0.0731847  0.159907  -0.61067  
0.00640807  -0.00550284  0.00226345  0.0750129  0.147415  -0.621261  
0.00528146  -0.00544676  0.00225716  0.073722  0.188026  -0.552069  
0.00535556  -0.00559955  0.002409  0.0782216  0.111429  -0.573467  
0.00469923  -0.00563729  0.00238966  0.0836388  0.14311  -0.544215  
0.00500649  -0.00560285  0.00248205  0.0782153  0.139595  -0.536642  
0.00533786  -0.00576127  0.00258672  0.084908  0.125004  -0.56158  
0.0043564  -0.00522891  0.00305362  0.089051  0.15163  -0.574992  
0.00663458  -0.00543917  0.0033083  0.0956492  0.169183  -0.650291  
0.00621205  -0.00505504  0.00289702  0.0785365  0.192403  -0.617159  
0.00578519  -0.00525182  0.00297463  0.0839921  0.144159  -0.628495  
0.00600702  -0.00517485  0.00300499  0.0862524  0.127156  -0.630451  
0.00534665  -0.00502371  0.0030812  0.0846094  0.159327  -0.587472  
0.00651493  -0.00535158  0.00304061  0.0883971  0.126819  -0.638441  
0.0051834  -0.00514308  0.00309044  0.0839865  0.186647  -0.568266  
0.0062034  -0.00552921  0.00319367  0.0879703  0.144626  -0.635123  
0.00717783  -0.00500852  0.00280386  0.0694772  0.181365  -0.689302  
0.00620386  -0.00468502  0.00292079  0.0777858  0.202595  -0.63546  
0.00596571  -0.00505976  0.002947  0.0775682  0.178897  -0.630314  
0.00633119  -0.0052406  0.00292883  0.0845168  0.142399  -0.667168  
0.00545479  -0.00516159  0.00289971  0.077473  0.18658  -0.613914  
0.00553405  -0.00531857  0.0031124  0.0873767  0.154941  -0.635113  
0.00666398  -0.00533471  0.00295531  0.0871313  0.121052  -0.696766  
0.00632897  -0.0054365  0.00306072  0.0896981  0.163425  -0.667879  
0.00589072  -0.00560245  0.00316013  0.0894233  0.159407  -0.644023  
0.00641698  -0.00560279  0.00316196  0.0935808  0.138077  -0.660036  
0.00580756  -0.00545273  0.00321354  0.0912786  0.171592  -0.651268  
0.00630548  -0.00553181  0.00311774  0.0962259  0.146336  -0.657877  
0.0053775  -0.00550901  0.00312783  0.0928075  0.190954  -0.612248  
0.00614475  -0.0056953  0.00330659  0.0941462  0.128566  -0.657751  
0.00614377  -0.00558128  0.00333726  0.0962999  0.172954  -0.633605  
0.00624623  -0.00547647  0.00324472  0.0934193  0.15954  -0.65936  
0.00642004  -0.00547647  0.00296678  0.0888735  0.154014  -0.716526  
0.00535829  -0.00531026  0.00305641  0.0910107  0.193133  -0.618815  
0.00634958  -0.00555692  0.00322735  0.0898327  0.127522  -0.679375  
0.00661477  -0.00555692  0.00284742  0.0856249  0.155099  -0.708028  
0.00594446  -0.00513166  0.00291191  0.0930963  0.179554  -0.67492  
0.00539437  -0.00519863  0.00319062  0.0926675  0.166765  -0.639747  
0.00585717  -0.00530327  0.00307412  0.0963919  0.128786  -0.669806  
0.00515828  -0.00515348  0.0031889  0.0941877  0.174711  -0.614719  
0.00599149  -0.00538377  0.00304015  0.0930142  0.115308  -0.651565  
0.00590588  -0.00526169  0.00308318  0.0867509  0.157508  -0.66732  
0.00560547  -0.00517694  0.00316472  0.0899745  0.172983  -0.638853  
0.0063002  -0.00525142  0.00320116  0.0916566  0.144675  -0.65728  
0.00530652  -0.00530317  0.00312484  0.0941636  0.186311  -0.619814  
0.00545641  -0.00537068  0.00309558  0.0963289  0.152964  -0.629228  
0.00632326  -0.00537068  0.00309522  0.0963646  0.131897  -0.651191  
0.0054095  -0.00537068  0.00310721  0.0928084  0.167832  -0.611299  
0.00578202  -0.00537068  0.00313967  0.096287  0.122989  -0.638967  
0.00592588  -0.00549377  0.0032199  0.0962925  0.152308  -0.645721  
0.00504975  -0.00543287  0.00332466  0.0963375  0.17688  -0.596707  
0.00580053  -0.00561411  0.00324247  0.096171  0.12205  -0.62983  
0.00598259  -0.00567221  0.00319474  0.0961285  0.136163  -0.635415  
0.00536334  -0.00544195  0.00324063  0.0955871  0.149289  -0.616044  
