-0.00567641  -0.00327049  0.0064571  -0.0870686  -0.116067  -0.249047  
-0.00513736  -0.00307347  0.0061667  -0.0980481  -0.209145  -0.297789  
-0.00510802  -0.0029957  0.00618503  -0.0929419  -0.128637  -0.247598  
-0.00574952  -0.00278427  0.00617908  -0.0978665  -0.123162  -0.230313  
-0.00509038  -0.00285835  0.00606753  -0.0969329  -0.211692  -0.286266  
-0.0053742  -0.00302813  0.00615713  -0.095208  -0.0750127  -0.201348  
-0.00549394  -0.00302336  0.0060301  -0.101312  -0.182639  -0.279476  
-0.00476288  -0.00294039  0.00577765  -0.0933259  -0.144185  -0.245064  
-0.00523014  -0.00268546  0.00572211  -0.100308  -0.0979771  -0.255728  
-0.00489947  -0.00268546  0.00591389  -0.103063  -0.200565  -0.282673  
-0.0056041  -0.00312091  0.00591182  -0.0927789  -0.0792211  -0.236204  
-0.00552642  -0.00279795  0.00570302  -0.112621  -0.211586  -0.265019  
-0.00534532  -0.00282277  0.00570302  -0.0965091  -0.136369  -0.276095  
-0.00584825  -0.00272409  0.00570302  -0.107348  -0.11101  -0.235878  
-0.00518675  -0.00236795  0.00587332  -0.107567  -0.224467  -0.331634  
-0.00560115  -0.00258469  0.00570301  -0.112642  -0.0871513  -0.227672  
-0.0054077  -0.00224102  0.00570301  -0.114089  -0.199235  -0.326386  
-0.00508955  -0.00241505  0.00570301  -0.108783  -0.125021  -0.25391  
-0.00535641  -0.00236882  0.00548996  -0.120084  -0.15316  -0.321317  
-0.00475295  -0.00205537  0.00570301  -0.116131  -0.164457  -0.279241  
-0.00446736  -0.00231501  0.00542763  -0.117399  -0.10722  -0.26418  
-0.00321301  -0.00228319  0.00532307  -0.114445  -0.197757  -0.279357  
-0.00431918  -0.00206397  0.00548818  -0.105479  -0.092952  -0.241025  
-0.0044091  -0.00226962  0.00530207  -0.112347  -0.179284  -0.316514  
-0.00417298  -0.00202436  0.00541291  -0.109619  -0.108992  -0.273051  
-0.00448599  -0.00238883  0.00533236  -0.107622  -0.0939847  -0.255164  
-0.00430771  -0.00219327  0.00531547  -0.104923  -0.17419  -0.306293  
-0.00432726  -0.00233745  0.00533813  -0.102755  -0.0749918  -0.245373  
-0.00461476  -0.00219376  0.00530911  -0.111571  -0.1581  -0.29357  
-0.00435603  -0.00239969  0.00532119  -0.112806  -0.147782  -0.313475  
-0.00475783  -0.00239537  0.00527098  -0.120911  -0.0920548  -0.231715  
-0.00433997  -0.00237415  0.00505066  -0.120034  -0.199277  -0.338981  
-0.00464263  -0.00230682  0.00525763  -0.120223  -0.105663  -0.248342  
-0.00453075  -0.00217911  0.00525763  -0.132795  -0.163967  -0.317346  
-0.00432453  -0.00221357  0.00525763  -0.122452  -0.157904  -0.292848  
-0.00455101  -0.00239648  0.00520115  -0.123656  -0.0998623  -0.274842  
-0.0043338  -0.00193514  0.00525763  -0.119765  -0.187162  -0.287712  
-0.00460097  -0.00233851  0.00525763  -0.107419  -0.0515437  -0.238468  
-0.0053745  -0.002429  0.00592366  -0.0833224  -0.0625721  -0.20106  
-0.00423802  -0.00240752  0.00633171  -0.0912687  -0.255065  -0.200243  
-0.00353585  -0.00256253  0.0056108  -0.0859686  -0.208966  -0.277008  
-0.00350245  -0.00241591  0.00573827  -0.0813143  -0.0862644  -0.200038  
-0.00325308  -0.00234284  0.00553359  -0.0997832  -0.168313  -0.245907  
-0.00319072  -0.00214889  0.00557173  -0.0871284  -0.146007  -0.252491  
-0.00319403  -0.00236048  0.0056075  -0.0974838  -0.079685  -0.20127  
-0.00317867  -0.00193292  0.00539163  -0.100396  -0.179921  -0.263235  
-0.00316682  -0.00199873  0.00550452  -0.0988036  -0.103269  -0.234294  
-0.00361847  -0.00214295  0.0054496  -0.10199  -0.121541  -0.235869  
-0.00286676  -0.00191091  0.00559454  -0.0946382  -0.13324  -0.235472  
-0.00375343  -0.00202749  0.00557661  -0.097795  -0.0867851  -0.173721  
-0.00301687  -0.00193593  0.00541687  -0.104247  -0.177691  -0.217173  
-0.0037164  -0.00207902  0.00564293  -0.100558  -0.0578336  -0.16732  
-0.00364039  -0.00200341  0.00541383  -0.113711  -0.169748  -0.206022  
-0.00320847  -0.00205666  0.00551071  -0.105817  -0.124851  -0.210078  
-0.00359696  -0.00207226  0.00547463  -0.107263  -0.0809791  -0.174218  
-0.00318809  -0.00200926  0.00546882  -0.100785  -0.183865  -0.261981  
-0.00371776  -0.00200479  0.00546518  -0.10881  -0.0579314  -0.17717  
-0.00336781  -0.00198346  0.00511891  -0.117305  -0.172791  -0.258982  
-0.00344174  -0.00199536  0.00536496  -0.105949  -0.101174  -0.192497  
-0.0034371  -0.00200524  0.00524656  -0.115746  -0.116276  -0.222727  
-0.00303578  -0.00178889  0.00514806  -0.109344  -0.155702  -0.222793  
-0.00341036  -0.00199891  0.00536754  -0.107745  -0.0539223  -0.158596  
-0.00322819  -0.00187018  0.00501866  -0.132299  -0.17431  -0.212231  
-0.00316175  -0.00197634  0.00542693  -0.127953  -0.120049  -0.230705  
-0.00374974  -0.00176051  0.0053552  -0.125091  -0.0854159  -0.188023  
-0.00318718  -0.00170494  0.00515403  -0.130936  -0.172831  -0.24746  
-0.00343794  -0.00172884  0.00519958  -0.1239  -0.0483003  -0.138359  
-0.00327194  -0.0017392  0.00531453  -0.143666  -0.146608  -0.193464  
-0.00291616  -0.00165153  0.00535343  -0.12569  -0.130512  -0.188378  
-0.00333285  -0.00161953  0.00550225  -0.117558  -0.0672575  -0.179941  
-0.00316018  -0.00181554  0.00538479  -0.129484  -0.184084  -0.207841  
-0.00352299  -0.00153535  0.00555277  -0.123413  -0.0569168  -0.17223  
-0.00326536  -0.00153535  0.00520638  -0.146679  -0.160674  -0.201811  
-0.00298888  -0.00194795  0.00534329  -0.132182  -0.115476  -0.211154  
-0.00345627  -0.00182678  0.00533693  -0.1309  -0.076686  -0.157515  
-0.00290506  -0.00143327  0.00520689  -0.122627  -0.175057  -0.264565  
-0.00342884  -0.00148671  0.00534824  -0.119474  -0.0615584  -0.151302  
-0.00310794  -0.00140676  0.00524867  -0.137748  -0.14911  -0.218848  
-0.00290598  -0.00151801  0.00518652  -0.141398  -0.12026  -0.2013  
-0.00320211  -0.00151982  0.00523061  -0.135908  -0.0708802  -0.194  
-0.00295118  -0.00160382  0.00507322  -0.145724  -0.160968  -0.213956  
-0.00317971  -0.00154364  0.00516688  -0.144508  -0.0557315  -0.183543  
-0.00274758  -0.00145023  0.00514452  -0.14796  -0.144235  -0.188121  
-0.00280927  -0.00128639  0.00524587  -0.136724  -0.10168  -0.204662  
-0.00338326  -0.00139779  0.00516782  -0.142691  -0.0626805  -0.13351  
-0.00297453  -0.000990516  0.00490641  -0.151146  -0.174539  -0.230624  
-0.00312817  -0.00151084  0.00514884  -0.127153  -0.0655863  -0.134113  
-0.00286798  -0.00131437  0.00534607  -0.131289  -0.138129  -0.205877  
-0.00255591  -0.00135719  0.00525203  -0.118363  -0.130965  -0.192724  
-0.00281958  -0.00144077  0.00546245  -0.124942  -0.057819  -0.143297  
-0.00232344  -0.000990516  0.0052613  -0.140069  -0.168623  -0.208475  
-0.00245854  -0.00137164  0.00551364  -0.125253  -0.0940837  -0.187588  
-0.00328891  -0.00124503  0.0055194  -0.128289  -0.0973264  -0.144411  
-0.00249437  -0.00134374  0.00526135  -0.127664  -0.177421  -0.212476  
-0.00289011  -0.00118065  0.00541947  -0.119945  -0.066062  -0.141593  
-0.00259482  -0.00138183  0.00545784  -0.12666  -0.140106  -0.201218  
-0.00254614  -0.00112058  0.00531542  -0.126193  -0.132511  -0.184497  
-0.00304068  -0.00126082  0.00526232  -0.127402  -0.046839  -0.155946  
-0.00273717  -0.000933026  0.0053782  -0.136661  -0.175798  -0.210198  
-0.00274905  -0.00101286  0.00516235  -0.126325  -0.0802842  -0.166993  
-0.00304808  -0.0011449  0.00532898  -0.13464  -0.128344  -0.202294  
-0.00265931  -0.000972529  0.00519687  -0.128981  -0.149832  -0.204122  
-0.00305665  -0.000982706  0.00528166  -0.128126  -0.0539297  -0.147026  
-0.00238474  -0.00108335  0.00511981  -0.126326  -0.166459  -0.224597  
-0.00260722  -0.00101752  0.00524107  -0.116572  -0.0973508  -0.220949  
-0.00283408  -0.000958329  0.00516607  -0.121158  -0.0858757  -0.173569  
-0.00237871  -0.00100166  0.0051095  -0.119075  -0.14428  -0.23532  
-0.00281304  -0.00114506  0.00520087  -0.117624  -0.0487875  -0.121405  
-0.00241372  -0.000851347  0.00513251  -0.123431  -0.150462  -0.22823  
-0.0025249  -0.00123289  0.00511314  -0.111322  -0.0741935  -0.139839  
-0.00274576  -0.00109991  0.00514121  -0.106931  -0.0935719  -0.18531  
-0.00235604  -0.00119015  0.00538325  -0.104568  -0.132725  -0.216693  
-0.0030491  -0.00123547  0.00567755  -0.0919749  -0.0461737  -0.149267  
-0.00279593  -0.00113669  0.00536062  -0.101238  -0.161265  -0.234085  
-0.00260319  -0.00101623  0.0054485  -0.101946  -0.0941977  -0.220397  
-0.00306641  -0.0011211  0.00517452  -0.0974149  -0.0500253  -0.176699  
-0.00260081  -0.000971368  0.00526574  -0.0941938  -0.176021  -0.273041  
-0.00284021  -0.00117429  0.00543165  -0.0943639  -0.0513655  -0.164835  
-0.00267138  -0.00109159  0.00543736  -0.097033  -0.145742  -0.242993  
-0.00275846  -0.00141554  0.00550495  -0.0859206  -0.0945058  -0.188208  
-0.00296104  -0.00130917  0.00530718  -0.0878005  -0.100508  -0.224108  
-0.00272611  -0.00126247  0.00539544  -0.086259  -0.138601  -0.257499  
-0.00289719  -0.00103838  0.00548888  -0.0975134  -0.0409926  -0.182953  
-0.00253315  -0.000858925  0.00531791  -0.0995245  -0.161664  -0.285238  
-0.00237574  -0.00137973  0.00540475  -0.0903121  -0.0537357  -0.189215  
-0.00252277  -0.00113424  0.00534889  -0.0983871  -0.123493  -0.26579  
-0.00215248  -0.000963955  0.00545666  -0.0940637  -0.10413  -0.264929  
-0.00272636  -0.00138917  0.00542582  -0.0980817  -0.063749  -0.198547  
-0.00200358  -0.000953892  0.00539414  -0.0991543  -0.156647  -0.298282  
-0.00267875  -0.00123306  0.00545446  -0.0991531  -0.0348273  -0.173336  
-0.00208445  -0.00134615  0.0052391  -0.119425  -0.143872  -0.28263  
-0.002462  -0.00114744  0.00543373  -0.108794  -0.0786101  -0.197621  
-0.00255106  -0.00131334  0.00529245  -0.111983  -0.0768546  -0.20021  
-0.002117  -0.00139123  0.00538101  -0.109586  -0.151009  -0.232472  
-0.00237374  -0.00141832  0.00527996  -0.120862  -0.0391916  -0.176527  
-0.0022876  -0.00148449  0.00521737  -0.128048  -0.139999  -0.246713  
-0.00216857  -0.0015572  0.00548779  -0.125096  -0.0674649  -0.201328  
-0.00243098  -0.00203811  0.00536411  -0.138821  -0.0664221  -0.163224  
-0.00194099  -0.00225908  0.00566347  -0.0985336  -0.134872  -0.248118  
-0.00252895  -0.00227719  0.0057388  -0.102953  -0.0376505  -0.147724  
-0.00247717  -0.00188291  0.00527713  -0.105371  -0.143651  -0.244163  
-0.00222297  -0.00194707  0.00523606  -0.101029  -0.0845008  -0.18941  
-0.0024608  -0.00215875  0.00519757  -0.104782  -0.0563177  -0.173133  
-0.00199514  -0.00168022  0.00490641  -0.107838  -0.136157  -0.243506  
-0.00221445  -0.00170413  0.00532711  -0.108848  -0.0626804  -0.217482  
-0.00293799  -0.0018565  0.00509288  -0.114573  -0.0563978  -0.166499  
-0.00183568  -0.00153907  0.00490641  -0.122699  -0.143072  -0.230269  
-0.00246468  -0.00195264  0.00510109  -0.102494  -0.0535954  -0.148114  
-0.00239607  -0.00186254  0.00514222  -0.105559  -0.081276  -0.17502  
-0.00206935  -0.00186805  0.00490641  -0.0998149  -0.131766  -0.1755  
-0.00252373  -0.00198401  0.00511008  -0.103032  -0.0360565  -0.157928  
-0.00234243  -0.00191362  0.00490641  -0.115863  -0.130616  -0.178919  
-0.00197298  -0.00203143  0.00490641  -0.112103  -0.10239  -0.207598  
-0.00254344  -0.0020115  0.00490641  -0.101071  -0.0646686  -0.151573  
-0.00210016  -0.00196436  0.00490641  -0.0976679  -0.153077  -0.232055  
-0.00247394  -0.00193932  0.00515187  -0.0915196  -0.0652701  -0.132927  
-0.0023615  -0.00217622  0.00490641  -0.0999652  -0.0750317  -0.16738  
-0.00216551  -0.00195895  0.00490641  -0.0968736  -0.127515  -0.177433  
-0.0025822  -0.00204342  0.00522249  -0.0884931  -0.0276103  -0.117669  
-0.00296003  -0.00197579  0.00490641  -0.103163  -0.126063  -0.166518  
-0.00212429  -0.00198522  0.00490641  -0.0993361  -0.104682  -0.182984  
-0.00267977  -0.00172892  0.00505805  -0.106582  -0.0372598  -0.125235  
-0.00185772  -0.00164559  0.00481973  -0.121211  -0.156234  -0.18285  
-0.00246551  -0.00220345  0.00490641  -0.0994309  -0.0233758  -0.0528775  
-0.00311981  -0.00233017  0.00579631  -0.0759031  -0.127458  -0.0797388  
-0.00310272  -0.00257669  0.00639683  -0.0729387  -0.0818923  -0.0545367  
-0.00378927  -0.00178139  0.00597504  -0.104081  -0.0735693  -0.0772247  
-0.00263002  -0.00214539  0.00542049  -0.0989382  -0.131468  -0.112597  
-0.003352  -0.00228339  0.0056433  -0.113898  -0.0263136  -0.0646051  
-0.00279889  -0.00198285  0.00512153  -0.129576  -0.133981  -0.107899  
-0.00274562  -0.00178142  0.00497983  -0.13554  -0.0681688  -0.0709505  
-0.00321849  -0.00169646  0.00497983  -0.137078  -0.0494131  -0.0567666  
-0.00270613  -0.00161642  0.00497983  -0.13752  -0.127408  -0.090931  
-0.00315414  -0.00178043  0.0051549  -0.133743  -0.0139719  -0.0176468  
-0.00307989  -0.00157578  0.00497983  -0.143961  -0.119503  -0.0791419  
-0.00281308  -0.00119456  0.00497983  -0.144279  -0.101619  -0.0590839  
-0.00308171  -0.0016702  0.00492735  -0.149279  -0.0289119  -0.0583607  
-0.00296103  -0.00119456  0.00472453  -0.147622  -0.139238  -0.0915037  
-0.00345231  -0.00119456  0.00497983  -0.156193  -0.0244718  -0.0675599  
-0.00302523  -0.0013336  0.00454108  -0.149461  -0.130406  -0.13448  
-0.00304064  -0.00153384  0.00483546  -0.153735  -0.0410242  -0.0685959  
-0.00348187  -0.00154452  0.00454108  -0.173745  -0.0507061  -0.0797528  
-0.00264419  -0.00194941  0.00410304  -0.155568  -0.121531  -0.102476  
-0.0032701  -0.00288934  0.00437318  -0.127555  -0.0139948  -0.0377808  
-0.00294366  -0.00223458  0.00438082  -0.124801  -0.132802  -0.130952  
-0.00328295  -0.00202444  0.00424234  -0.13816  -0.085327  -0.11647  
-0.00351665  -0.00203271  0.00410304  -0.14656  -0.0586384  -0.113797  
-0.0028384  -0.00161062  0.00396006  -0.150705  -0.152828  -0.170753  
-0.00345364  -0.00178389  0.00410304  -0.155117  -0.046082  -0.0934124  
-0.00312476  -0.00173858  0.00410304  -0.158822  -0.141508  -0.143813  
-0.00281766  -0.00170867  0.00391888  -0.145616  -0.102303  -0.111208  
-0.00355808  -0.00172712  0.00404121  -0.155918  -0.0388719  -0.0687226  
-0.00300656  -0.00169099  0.00382766  -0.15436  -0.14199  -0.132278  
-0.00280729  -0.00173911  0.00386693  -0.153069  -0.0647285  -0.0985148  
-0.00318088  -0.00190514  0.00363039  -0.154954  -0.0588474  -0.0944514  
-0.0029349  -0.00197132  0.00362072  -0.15109  -0.104021  -0.115684  
-0.00354651  -0.00197681  0.00376937  -0.15726  -0.0287264  -0.0629243  
-0.00279515  -0.00190793  0.00362072  -0.1504  -0.144228  -0.147439  
-0.00326108  -0.00186816  0.00392542  -0.147567  -0.0198051  -0.0585376  
-0.0029142  -0.00208823  0.00362072  -0.155477  -0.123124  -0.122009  
-0.00231593  -0.00220256  0.00362073  -0.144567  -0.089802  -0.0717912  
-0.00276966  -0.00233015  0.00362073  -0.147455  -0.0306199  -0.057719  
-0.00219793  -0.00206824  0.00321482  -0.156368  -0.142967  -0.110158  
-0.00264652  -0.00225156  0.00334548  -0.162271  -0.0176554  -0.0282532  
-0.00229638  -0.00220046  0.00321482  -0.171734  -0.114441  -0.0911266  
-0.00143841  -0.00204082  0.00283519  -0.180991  -0.081551  -0.0461374  
-0.00221268  -0.00232102  0.00290721  -0.192183  -0.0255193  -0.0560499  
-0.00170666  -0.00271223  0.00293385  -0.170477  -0.144641  -0.0781882  
-0.00196723  -0.00290865  0.00318225  -0.142868  -0.0361669  -0.0470493  
-0.0020364  -0.00273669  0.00346427  -0.16465  -0.0772377  -0.0543946  
-0.00180211  -0.00250248  0.00299526  -0.162807  -0.104468  -0.0310439  
-0.00248454  -0.00262216  0.00326791  -0.16079  -0.0193136  -0.0140833  
-0.00180221  -0.00228497  0.00299526  -0.165607  -0.137521  -0.0512711  
-0.00199248  -0.00271172  0.00312461  -0.16449  -0.0408807  -0.0151657  
-0.00198957  -0.00235029  0.00299527  -0.175447  -0.0834915  -0.0478198  
-0.00132158  -0.00244845  0.00299527  -0.192671  -0.0907126  -0.0511902  
-0.00214194  -0.00274189  0.00299527  -0.180928  -0.033724  0.00405461  
-0.00117681  -0.00275374  0.00299527  -0.177491  -0.106285  -0.0327313  
-0.00183088  -0.00277634  0.00307089  -0.17549  -0.0273341  0.0443555  
-0.00180431  -0.00264862  0.00304814  -0.178244  -0.0859579  -0.0109671  
-0.001705  -0.00270274  0.00299527  -0.16618  -0.073751  0.0168079  
-0.00209362  -0.00293398  0.00325189  -0.157807  -0.0125522  0.0376693  
-0.0011921  -0.00352428  0.00322436  -0.137821  -0.132327  -0.0109692  
-0.00188602  -0.00325332  0.00343163  -0.129656  -0.0283753  0.0437442  
-0.00173528  -0.00329861  0.00353311  -0.116533  -0.1069  0.0203229  
-0.00146858  -0.00344082  0.00362209  -0.108642  -0.0866739  0.0552819  
-0.00211677  -0.00349626  0.00396458  -0.117466  -0.014  0.0912496  
-0.00122914  -0.00377216  0.00336399  -0.128526  -0.124359  0.0735165  
-0.00170399  -0.00360877  0.00346339  -0.133538  -0.0212284  0.118761  
-0.00174128  -0.00360549  0.00338988  -0.146183  -0.0427001  0.0575493  
-0.00143363  -0.00332766  0.00318756  -0.146257  -0.101986  0.0504629  
-0.00197173  -0.00354427  0.00343129  -0.140077  -0.0139247  0.0932314  
-0.00142906  -0.00331186  0.00329141  -0.141983  -0.110916  0.036498  
-0.00164786  -0.00353159  0.00344346  -0.132423  -0.0320479  0.0932871  
-0.00215719  -0.00334618  0.00329144  -0.146245  -0.0505242  0.0658267  
-0.00145797  -0.00309013  0.00350349  -0.143152  -0.0866793  0.0392914  
-0.00223139  -0.00331455  0.00383925  -0.138942  0.00836058  0.0716837  
-0.00153374  -0.00314516  0.00356513  -0.137354  -0.110429  0.0341066  
-0.00174047  -0.00332477  0.00368871  -0.124391  -0.0324644  0.0642644  
-0.00189986  -0.00317668  0.00369178  -0.134174  -0.0614669  0.0349369  
-0.00153303  -0.00328448  0.00396765  -0.117287  -0.0763227  0.0365371  
-0.00225036  -0.00318511  0.00402574  -0.12286  -0.0236669  0.0672866  
-0.00139883  -0.0031648  0.00390107  -0.118962  -0.107037  0.0415751  
-0.00203061  -0.00337657  0.00421331  -0.115845  0.00427878  0.125488  
-0.00141658  -0.00321537  0.00394251  -0.129134  -0.0862619  0.068624  
-0.00105207  -0.00326784  0.00382606  -0.120261  -0.0431049  0.10073  
-0.00182369  -0.00333734  0.00384488  -0.124403  -0.00172633  0.117796  
-0.00104427  -0.0032387  0.00352274  -0.131712  -0.0919079  0.0792315  
-0.00115485  -0.00323244  0.0035943  -0.123179  -0.0582009  0.0535139  
-0.0019485  -0.00335615  0.00385072  -0.123359  0.00319854  0.111905  
-0.00126916  -0.00337072  0.00371877  -0.122977  -0.0965874  0.0639373  
-0.00119384  -0.0034694  0.0039611  -0.115443  -0.044857  0.11216  
-0.00187219  -0.0038662  0.00408215  -0.101955  -0.00156585  0.150458  
-0.000953708  -0.00328594  0.00368888  -0.120874  -0.0957508  0.064666  
-0.00156479  -0.00399401  0.00408389  -0.11312  0.0244741  0.16109  
-0.00165321  -0.00381614  0.00406031  -0.121084  -0.0511832  0.105734  
-0.00120577  -0.0039124  0.0038652  -0.116084  -0.0650251  0.0980375  
-0.00168205  -0.00399458  0.00401276  -0.113791  0.0102307  0.151988  
-0.00111442  -0.00403622  0.00382035  -0.108631  -0.0939669  0.084235  
-0.000902512  -0.00391883  0.00409057  -0.113511  -0.029204  0.118173  
-0.0016712  -0.00401519  0.00422939  -0.111632  -0.00317479  0.164545  
-0.00101853  -0.00374619  0.00379197  -0.121681  -0.0926576  0.0837311  
-0.00129105  -0.0039275  0.0040823  -0.109862  -0.00249407  0.13756  
-0.00177061  -0.00386127  0.00431702  -0.11535  -0.0271412  0.132234  
-0.000982454  -0.00388204  0.00392325  -0.100471  -0.0859739  0.0816589  
-0.00170192  -0.00422771  0.0042924  -0.10485  0.00630207  0.189943  
-0.00145955  -0.00380963  0.00386653  -0.105059  -0.0686532  0.101257  
-0.00114201  -0.00379222  0.00367406  -0.112568  -0.0815204  0.0737318  
-0.00158451  -0.00396955  0.00385792  -0.104942  0.0123439  0.152716  
-0.00168564  -0.00381799  0.00405198  -0.0974624  -0.0424086  0.130315  
-0.00113208  -0.00370833  0.00383424  -0.105043  -0.0869015  0.100131  
-0.0017847  -0.00377335  0.00391267  -0.104927  0.0254176  0.16238  
-0.00104018  -0.00381809  0.00382713  -0.11114  -0.0850271  0.101302  
-0.00127665  -0.00385817  0.00423675  -0.103236  0.00968861  0.160173  
-0.0014662  -0.00365658  0.00425731  -0.124998  -0.0330799  0.149944  
-0.000938774  -0.00379984  0.00421296  -0.12502  -0.0635998  0.141149  
-0.00152352  -0.00379556  0.00434864  -0.106905  0.0243601  0.177035  
-0.0011664  -0.00382898  0.00418804  -0.105416  -0.101236  0.100652  
-0.00135026  -0.00411391  0.00448127  -0.100124  -0.000764382  0.174633  
-0.00158294  -0.00384346  0.0043603  -0.105158  -0.0574099  0.10415  
-0.00107872  -0.00391563  0.00455058  -0.0931965  -0.0578  0.116799  
-0.00141219  -0.00413744  0.00473646  -0.0948075  -0.00152953  0.184485  
-0.00100804  -0.00412135  0.00426257  -0.10296  -0.0735055  0.116995  
-0.00114058  -0.00425103  0.00446572  -0.102368  -0.00126003  0.179476  
-0.00136514  -0.00425843  0.00460486  -0.102038  -0.018608  0.154357  
-0.000846795  -0.00377649  0.00454125  -0.0870847  -0.089756  0.0816642  
-0.00143261  -0.00403055  0.00477731  -0.0919054  0.0398997  0.184739  
-0.00125764  -0.00380142  0.00438011  -0.109207  -0.0638657  0.110547  
-0.00152958  -0.00368268  0.00450304  -0.102815  -0.0553388  0.121942  
-0.0015893  -0.00396986  0.00460971  -0.101359  0.0156351  0.174451  
-0.000824883  -0.00386801  0.00417935  -0.102081  -0.101625  0.119984  
-0.00108376  -0.00399665  0.00455856  -0.0939963  0.0330329  0.190397  
-0.00102813  -0.00441291  0.004337  -0.0721897  -0.0544957  0.160583  
-0.000865106  -0.00346777  0.00417308  -0.0523687  -0.0631024  0.117041  
-0.00127554  -0.00347806  0.0042375  -0.0523508  -0.0212952  0.119211  
-0.000408295  -0.00356689  0.00404216  -0.0587711  -0.102078  0.115857  
-0.00113162  -0.00339008  0.00444899  -0.0686326  0.0014617  0.152105  
-0.000375739  -0.00346414  0.00379756  -0.0630176  -0.110826  0.0938953  
6.49199e-05  -0.00425732  0.0040661  -0.049082  0.0220501  0.0834896  
0.000339854  -0.00682871  0.00226283  0.0845169  0.0580462  0.447295  
0.00140698  -0.00577242  0.00135434  0.127801  -0.0610223  0.464805  
0.000105389  -0.0052566  0.00319121  0.0863789  -0.0254602  0.364951  
0.00162684  -0.00406132  0.00421893  0.108561  -0.111312  0.284983  
0.00190038  -0.00399744  0.0038143  0.0922392  0.0152653  0.342391  
0.00221281  -0.002869  0.00318993  0.0623797  -0.0406062  0.287562  
0.00198942  -0.0026609  0.00250283  0.0450951  -0.0275349  0.299828  
0.000954859  -0.00323419  0.00250283  0.0163811  0.026143  0.331738  
0.0015451  -0.00276895  0.00250707  0.0375526  -0.073304  0.282055  
0.000820153  -0.00286052  0.00278481  0.0260665  0.0470522  0.360552  
0.00133518  -0.00275905  0.00278338  0.0371022  -0.0387652  0.324354  
0.00130702  -0.00308594  0.00278166  0.0495939  -0.0165504  0.34777  
0.000810797  -0.00302488  0.00296485  0.0399732  0.0393557  0.366955  
0.00163494  -0.00266321  0.0026054  0.0309062  -0.0656997  0.312954  
0.000730769  -0.00269045  0.0027918  0.0221565  0.0602804  0.385846  
0.00135676  -0.00228627  0.00243422  0.0152076  -0.0532977  0.306255  
0.00106388  -0.00269362  0.00278286  0.0236931  0.0576105  0.37801  
0.00137206  -0.00280069  0.00275877  0.0341961  -0.0216773  0.304698  
0.00141623  -0.00296212  0.00283788  0.0323497  -0.0026777  0.339958  
0.00101194  -0.00294979  0.00278609  0.0310064  0.0273398  0.348689  
0.00164728  -0.00276552  0.0026234  0.0375524  -0.0422906  0.320317  
0.0012683  -0.00277238  0.00286312  0.0343926  0.0603244  0.357951  
0.00201102  -0.00271351  0.0027296  0.0261309  -0.0442456  0.315387  
0.00191189  -0.00303017  0.00281116  0.0341681  0.0631259  0.348417  
0.00304425  -0.0018536  0.000842778  0.0434984  -0.00539641  0.371372  
0.00165946  -0.00342724  0.00126612  0.0449945  0.0310861  0.407464  
0.00146233  -0.00380429  0.00262691  0.016849  0.0317976  0.232499  
0.00183884  -0.00399034  0.00227072  0.026342  -0.0485883  0.225165  
0.00197922  -0.0039227  0.0023113  0.0168214  0.0678141  0.284964  
0.00208514  -0.00358205  0.00211841  0.016673  -0.00290567  0.234024  
0.00229372  -0.00341731  0.00212893  0.0292299  0.000288364  0.257076  
0.00152859  -0.00342728  0.00206035  0.0166568  0.0724666  0.316  
0.00206809  -0.00325683  0.00183752  0.0165494  -0.0413334  0.255885  
0.0015127  -0.00327995  0.00203703  0.016694  0.0761816  0.284972  
0.00153547  -0.00311105  0.00176376  -0.00404647  -0.0115945  0.226954  
0.0018098  -0.00312807  0.00178207  -0.00402772  0.0126739  0.25806  
0.00135212  -0.00322703  0.00176155  -0.00401204  0.0307288  0.229393  
0.00205265  -0.00311245  0.00165161  -0.00409471  -0.0246452  0.22711  
0.00133327  -0.00314742  0.00194179  -0.00398131  0.0659836  0.278413  
0.00198762  -0.0028783  0.00178422  0.0045429  -0.0283359  0.215281  
0.00167458  -0.00344374  0.00192571  -0.00389215  0.064671  0.295867  
0.00159412  -0.00315298  0.00162258  -0.00405289  0.00777821  0.250228  
0.00165167  -0.00320669  0.00171373  -0.00933726  0.00367792  0.259564  
0.00122283  -0.00341647  0.0017689  -0.00822715  0.0660412  0.276019  
0.00174374  -0.00337926  0.0016791  -0.00400418  -0.0352969  0.228436  
0.00144556  -0.00345352  0.00178271  -0.000201551  0.0693511  0.306667  
0.00133649  -0.0033658  0.00148754  -0.0040193  -0.00348195  0.239123  
0.00166521  -0.00321026  0.00158703  -0.00405388  0.00675593  0.258151  
0.00125003  -0.00295502  0.00154554  -0.011255  0.0497408  0.264004  
0.00129988  -0.00295502  0.00125833  -0.00414681  -0.0446787  0.237053  
0.0012674  -0.00303771  0.001491  -0.00870536  0.0632509  0.274543  
0.0017109  -0.00309134  0.00125833  -0.022711  -0.0238636  0.227735  
0.00215423  -0.00312756  0.00151694  -0.00756465  -0.00105523  0.214174  
0.00151807  -0.00307719  0.00160395  -0.0100066  0.0575599  0.258104  
0.00243722  -0.0030012  0.00127323  -0.00378985  -0.0344226  0.212702  
0.00180071  -0.00334301  0.00161003  0.000970559  0.063823  0.278314  
0.00165492  -0.00304164  0.00142315  -0.00725026  -0.00195727  0.235771  
0.00286898  -0.00305993  0.00157013  0.00355904  -0.000567672  0.227393  
0.00130495  -0.00296984  0.00138741  -0.00783198  0.0737787  0.276424  
0.00201983  -0.00283183  0.00127739  0.00407285  -0.0387559  0.220313  
0.00226926  -0.00296718  0.0014695  0.00360778  0.026763  0.241864  
0.00192368  -0.00353351  0.00211426  0.018005  0.0813135  0.267412  
0.00159695  -0.0024423  0.00255712  0.0351021  -0.0330801  0.156639  
0.000985083  -0.00190271  0.00269309  0.00507863  0.0373647  0.142878  
0.00157717  -0.001666  0.00227932  -0.00865931  -0.0587428  0.104302  
0.00173832  -0.00175774  0.00243138  0.0129379  -0.00587484  0.146508  
0.00139662  -0.00159176  0.00237879  0.00576961  0.0400778  0.151382  
0.00175284  -0.00133039  0.00203536  0.00640841  -0.0631742  0.142177  
0.00150909  -0.00147135  0.00241845  0.00176439  0.0500871  0.216463  
0.00173215  -0.00120481  0.00218848  -6.20307e-05  -0.0287329  0.173309  
0.0020425  -0.00132011  0.00236253  0.0223841  -0.0109677  0.18643  
0.0011774  -0.00109843  0.00253039  0.00399323  0.0501433  0.205346  
-0.00207433  -0.000437714  0.00384855  -0.0860394  -0.107926  0.0737133  
-0.00084449  0.000218208  0.00455317  -0.084771  -0.0603842  -0.111008  
-0.000387451  -0.000218711  0.00345554  -0.0571953  -0.0459749  -0.0856972  
0.000382865  0.000281803  0.0028136  -0.0505602  -0.0706563  -0.130186  
0.000288507  0.000768461  0.00255684  -0.0763674  -0.0175231  -0.175781  
0.000735591  0.000833653  0.00278126  -0.0702698  -0.0946064  -0.197796  
0.000445933  0.000771657  0.00255684  -0.0836681  0.00369453  -0.158083  
0.000454605  0.000975355  0.00255684  -0.0870258  -0.0832077  -0.167126  
0.000707637  0.000833653  0.00255684  -0.079532  -0.0325518  -0.122501  
-0.000167978  0.00115767  0.00250403  -0.0870293  -0.0202315  -0.154176  
0.000386514  0.0013769  0.00262125  -0.0911221  -0.0779002  -0.143807  
-4.38875e-05  0.00096394  0.00248375  -0.0895037  0.0138162  -0.125655  
0.000341313  0.000958255  0.00255684  -0.080117  -0.0790146  -0.16466  
0.000211147  0.000976816  0.00255684  -0.0809994  -0.021783  -0.146057  
-0.000182554  0.000890642  0.00255684  -0.0866891  -0.0254669  -0.142077  
0.0002045  0.00111152  0.00255684  -0.0898081  -0.0790669  -0.178596  
-0.000291873  0.000873869  0.00215548  -0.11158  0.0187359  -0.0978949  
0.000452654  0.000918985  0.00207521  -0.103383  -0.0963737  -0.167723  
5.26656e-05  0.000918985  0.00207521  -0.104586  0.0152394  -0.0796571  
0.000146897  0.000902434  0.00191439  -0.118375  -0.0498253  -0.120282  
0.000569687  0.000874374  0.00207521  -0.102823  -0.0552617  -0.107259  
0.000158433  0.000881016  0.00207521  -0.105659  0.00794943  -0.105596  
0.000596691  0.00140629  0.00207521  -0.107312  -0.0860702  -0.136568  
0.000211995  0.00104094  0.00207521  -0.111502  -0.0024518  -0.118197  
-0.000293126  0.00106303  0.00207521  -0.122956  -0.0343673  -0.0967329  
0.000422956  0.00107376  0.00185362  -0.111773  -0.0714913  -0.110113  
-0.000154146  0.00107376  0.00171213  -0.123021  0.016019  -0.0696035  
0.00029914  0.000964959  0.00165982  -0.118848  -0.0835633  -0.112869  
-0.000199676  0.00107376  0.00192756  -0.113193  0.0188957  -0.0840314  
-0.000190706  0.00107376  0.00165982  -0.123873  -0.0771833  -0.113008  
0.000271359  0.00107376  0.00178499  -0.113777  -0.0309937  -0.12001  
-0.000190913  0.00107376  0.00179592  -0.114793  -0.00994655  -0.0948898  
0.000716522  0.000580595  0.00165982  -0.0862264  -0.0681257  -0.106639  
0.000368722  0.000581112  0.00165982  -0.0964499  0.0316515  -0.0703093  
0.000297799  0.000744516  0.00165982  -0.0964039  -0.082037  -0.0999693  
0.000378637  0.000811738  0.00175096  -0.0919869  -0.0197685  -0.0872001  
-0.000256083  0.00081669  0.0017116  -0.105527  0.000806817  -0.0635752  
0.00046635  0.000978956  0.00165982  -0.0961891  -0.0848919  -0.126517  
-0.00014096  0.00107376  0.00165982  -0.0962059  0.0362908  -0.0507805  
0.000110682  0.00107376  0.00165982  -0.114098  -0.0596846  -0.109696  
0.000360133  0.00112446  0.00182903  -0.0978575  -0.034992  -0.0927087  
-0.000202054  0.00116456  0.00192851  -0.0987833  0.027467  -0.0643135  
0.000401289  0.00102277  0.00165982  -0.0970387  -0.0693891  -0.0856751  
0.000119728  0.00102277  0.0018239  -0.0945672  -0.0131354  -0.0882679  
-0.000158851  0.0012295  0.0017555  -0.104224  0.0038022  -0.0621901  
0.000246595  0.00120199  0.00165982  -0.106844  -0.0728262  -0.11498  
0.000412457  0.00176749  0.000698731  -0.0952172  0.013435  -0.145341  
0.00085309  0.00121546  -0.000538966  -0.113461  -0.10168  -0.474853  
0.00173891  0.000513519  -0.000265121  -0.0771295  -0.104464  -0.572481  
0.000743711  0.00113245  0.0008625  -0.0548904  -0.00616006  -0.423871  
0.00131575  0.00120452  0.0008625  -0.0616062  -0.115342  -0.459738  
0.000730057  0.00138992  0.000354035  -0.0729557  -0.0135137  -0.434844  
0.00121453  0.00164996  0.0005051  -0.0704034  -0.0856031  -0.458976  
0.001482  0.00188462  0.000325205  -0.0828905  -0.0329388  -0.422135  
0.00063357  0.00211496  0.000325205  -0.109701  -0.0251624  -0.387553  
0.00170704  0.00203938  0.000325205  -0.103328  -0.0905683  -0.42196  
0.000408896  0.00194826  0.000508803  -0.115823  0.00808679  -0.33012  
0.000799352  0.0021145  0.000325205  -0.124912  -0.0834267  -0.397481  
0.00104956  0.00192111  0.000325205  -0.104132  -0.0449504  -0.37698  
0.000158976  0.00222603  0.000325205  -0.119369  -0.0140513  -0.377484  
0.000669326  0.00226645  0.000273767  -0.11602  -0.0886148  -0.382522  
-3.50858e-05  0.00207885  0.000325205  -0.117171  0.00680207  -0.344895  
0.000254256  0.00189521  0.000398122  -0.0976342  -0.107643  -0.415411  
-2.60703e-05  0.00183316  0.000125711  -0.116435  -0.00292533  -0.341411  
-0.000197525  0.00183316  -9.49493e-05  -0.126878  -0.056227  -0.387593  
0.00063615  0.00229204  3.68955e-05  -0.120721  -0.0732748  -0.40485  
-0.000307456  0.00188745  0.000101855  -0.117734  0.00508957  -0.348824  
0.000265844  0.00158726  5.12143e-05  -0.102497  -0.100367  -0.435674  
0.000193219  0.00172023  8.7044e-05  -0.107694  -0.0130548  -0.369617  
0.000311361  0.00173858  0.000132291  -0.110422  -0.034444  -0.403855  
0.000421164  0.00171494  -9.49493e-05  -0.10454  -0.0621311  -0.399438  
-9.25919e-05  0.00165206  0.000156625  -0.104269  -0.00200141  -0.370262  
0.000370574  0.00131144  0.000242313  -0.0887395  -0.100191  -0.391715  
0.000260697  0.00132644  0.000476166  -0.0880908  -0.00857403  -0.331008  
-4.35969e-05  0.00167876  0.000363464  -0.0967885  -0.0374964  -0.378453  
0.000399606  0.00162268  0.000293575  -0.0907098  -0.0595501  -0.37074  
-0.00045875  0.00132064  0.000300892  -0.0903578  -0.00690646  -0.372009  
0.000270958  0.00129334  0.000374136  -0.0850273  -0.0831649  -0.379995  
0.000144669  0.00129334  0.000401417  -0.0848248  -0.00156962  -0.349879  
4.72139e-05  0.00106154  0.000431829  -0.0798911  -0.0605625  -0.383619  
0.000297151  0.00105261  0.000480159  -0.0771694  -0.0385225  -0.361355  
3.29758e-06  0.0010884  0.000411841  -0.0858014  -0.00643524  -0.335838  
0.00121254  0.00128015  0.00039145  -0.085191  -0.0951591  -0.405783  
-0.000159935  0.00117817  0.000411693  -0.0856684  0.00545741  -0.323028  
0.000386858  0.00143677  0.000321417  -0.0793258  -0.0752842  -0.37057  
0.000399297  0.00126706  0.000423779  -0.0719187  -0.0451545  -0.353798  
-0.00025944  0.00143677  0.00039475  -0.0805836  0.00546928  -0.349104  
0.000377848  0.00085462  0.000210737  -0.0688869  -0.108651  -0.39275  
-0.000289395  0.00113198  0.000283249  -0.0819915  0.00765004  -0.308935  
0.000459702  0.00131996  0.000259616  -0.0876909  -0.0779345  -0.382641  
0.000498059  0.00133207  0.000260423  -0.0808547  -0.0457075  -0.336752  
-0.000199481  0.00135626  0.000177627  -0.0872425  -0.000443625  -0.318896  
3.79156e-06  0.00129596  0.000135294  -0.0827758  -0.111295  -0.385886  
-9.49157e-06  0.00129596  0.000133948  -0.0767449  0.000524719  -0.311118  
-8.14339e-05  0.00129596  0.000265796  -0.078597  -0.0845816  -0.367327  
0.000184229  0.00111703  9.06189e-05  -0.0752127  -0.032374  -0.313039  
0.00025315  0.00129596  6.94699e-05  -0.0837637  -0.0561987  -0.36089  
0.00128785  0.00129596  0.000131637  -0.0632578  -0.0553022  -0.340492  
0.000492587  0.00129596  0.0001914  -0.0867362  -0.00041332  -0.312054  
0.000541396  0.00129596  9.51915e-05  -0.085247  -0.100876  -0.347152  
0.000516707  0.001337  0.00020682  -0.0819964  -0.0248542  -0.312985  
-0.000176153  0.00128064  0.000259188  -0.0806872  -0.0490369  -0.30928  
0.000648259  0.00128064  -9.49494e-05  -0.0659128  -0.0700654  -0.326097  
-0.000108629  0.00128064  0.000179605  -0.0806783  0.0104153  -0.280388  
0.00065693  0.00128064  0.000124682  -0.0777184  -0.0833381  -0.344326  
0.000542029  0.00113669  -3.10919e-05  -0.0642256  -0.0279916  -0.29377  
0.000207666  0.00128064  -2.9349e-05  -0.0767773  -0.0065932  -0.289613  
0.000979383  0.000978179  -9.49494e-05  -0.0670626  -0.0699503  -0.320307  
0.000383445  0.000942429  -0.000164157  -0.0567687  0.0260644  -0.234023  
0.000869665  0.00141769  -9.49494e-05  -0.0768435  -0.0472732  -0.3066  
0.000989329  0.00138037  -0.000266703  -0.0759963  -0.0358598  -0.271665  
0.000504184  0.000893756  -0.000209493  -0.0590603  0.0959567  -0.213005  
0.000148735  0.00062027  -0.000181719  -0.0741361  0.0165121  -0.183648  
0.00138106  0.000790112  -0.000332829  -0.065319  -0.141022  -0.293616  
0.00172501  0.000746079  -0.000499796  -0.0589905  -0.0345731  -0.316421  
0.00153259  0.000746079  -0.000499796  -0.0572797  -0.00532388  -0.292662  
0.00176497  0.00101188  -0.000326452  -0.0544788  -0.0366259  -0.300445  
0.00196788  0.000903608  -0.000499796  -0.0585941  0.000481379  -0.289217  
0.00218157  0.00116479  -0.000499796  -0.060443  -0.0332719  -0.308498  
0.00162141  0.0007163  -0.000488961  -0.0629452  -0.0194555  -0.274335  
0.00122017  0.00095328  -0.000557115  -0.0666092  0.0264052  -0.25712  
0.00185852  0.000962699  -0.000604712  -0.0605933  -0.0707268  -0.287833  
0.00127899  0.000900605  -0.000731633  -0.0672373  0.0174929  -0.233113  
0.00125853  0.000770171  -0.000741894  -0.0722139  -0.0355013  -0.288659  
0.00158018  0.000770171  -0.000932909  -0.0605967  -0.0384793  -0.263545  
0.0008769  0.000770171  -0.00100664  -0.0729105  0.0143599  -0.207343  
0.00176939  0.000770171  -0.00100454  -0.0703416  -0.0764222  -0.260598  
0.000931029  0.000770171  -0.00108407  -0.0745298  0.0265627  -0.204926  
0.00120346  0.000483879  -0.00100218  -0.0701693  -0.0538199  -0.247691  
0.00120977  0.000373673  -0.00096318  -0.0662335  -0.0148704  -0.237357  
0.000868094  0.000308865  -0.0009807  -0.0681955  0.00369441  -0.238558  
0.00148458  0.000472138  -0.000859055  -0.0566025  -0.0409853  -0.244424  
0.000715809  0.000513583  -0.00105456  -0.0711153  0.029079  -0.204513  
0.00139456  0.000308865  -0.000900186  -0.069728  -0.0807954  -0.28737  
0.00086195  0.000436499  -0.000983151  -0.0839735  0.0484852  -0.180518  
0.000761958  0.00074882  -0.00134772  -0.0925298  -0.058685  -0.249086  
0.00122512  0.000802031  -0.00112004  -0.0855456  -0.042113  -0.258318  
0.00103678  0.000702609  -0.00134772  -0.104953  0.0246303  -0.262823  
0.00129266  0.000750178  -0.00114997  -0.104943  -0.0862198  -0.301834  
0.000960579  0.000552032  -0.00134772  -0.103019  0.0251739  -0.248796  
0.000965128  0.000884576  -0.00121182  -0.0995522  -0.0304537  -0.277518  
0.00156705  0.000802031  -0.00102901  -0.0731574  -0.0363442  -0.271926  
0.00111906  0.000802031  -0.00105636  -0.0831584  0.0154878  -0.24659  
0.00189074  0.000692976  -0.000933487  -0.0744161  -0.0512052  -0.278822  
0.00115157  0.000822808  -0.000895648  -0.0731953  0.0355386  -0.193105  
0.0012992  0.000524929  -0.000743366  -0.0697188  -0.049597  -0.241715  
0.00147513  0.000503673  -0.000472315  -0.0557253  -0.00745583  -0.220034  
0.000878887  0.000405912  -0.000578326  -0.0583115  0.0162051  -0.200059  
0.00148467  0.000405912  -0.000571317  -0.0583202  -0.0564713  -0.22499  
0.000923515  0.000405912  -0.000610197  -0.0609388  0.0475482  -0.17684  
0.000752171  0.000405912  -0.000582045  -0.0611398  -0.0575124  -0.207651  
0.00120013  0.000405912  -0.000591328  -0.0572399  -0.00788054  -0.198003  
0.00110712  0.000616304  -0.000474196  -0.0574133  -0.00591107  -0.223212  
0.0014067  0.000480928  -0.000433242  -0.051485  -0.0309383  -0.226216  
0.000798591  0.000480928  -0.000628665  -0.0569817  0.022682  -0.286399  
0.000743498  0.000153586  -0.000631161  -0.0454565  -0.0477366  -0.101084  
0.000628661  -0.000205258  -0.000376937  -0.0258437  0.043992  -0.0976818  
-1.93689e-05  4.74752e-05  -2.69738e-06  0.00327192  0.000480245  -0.00158477  
-0.00028346  0.00054154  -0.000425167  -0.00335552  -0.0091584  -0.0563704  
-0.000151633  0.000415077  4.69486e-06  -0.00201194  -0.0299573  -0.15699  
0.000794055  0.000243881  -0.000246073  -0.0197933  0.00367708  -0.123158  
0.000895666  0.00054154  -0.000425167  -0.0148138  -0.0230234  -0.154044  
0.000721686  0.00037125  -0.00063983  -0.0235256  -0.00531962  -0.128085  
0.000766366  0.00047698  -0.000836348  -0.0297023  0.0493713  -0.116889  
0.00150129  0.00054154  -0.000836348  -0.0336591  -0.0635787  -0.19832  
0.000835404  0.00054154  -0.000977588  -0.026486  0.0517813  -0.117754  
0.00149913  0.00054154  -0.000915572  -0.0250417  -0.0438314  -0.187929  
0.00140289  0.00054154  -0.000688581  -0.0211798  0.0475433  -0.151066  
0.00118362  0.000541539  -0.000544525  -0.0230546  -0.0214486  -0.21673  
0.00198224  0.000592656  -0.000565953  -0.0207259  -0.00676973  -0.211474  
0.00132141  0.00054154  -0.000747878  -0.0280155  0.0373384  -0.159206  
-0.000603028  0.00247337  0.000907371  -0.0534758  0.157424  -0.206076  
-0.00291179  0.000891073  0.00217672  0.0348458  0.0239577  0.0480471  
0.00144613  0.000165276  0.00185069  0.0240564  -0.244547  -0.0371443  
0.00233929  0.00125475  0.00118571  -0.0239742  0.00552729  -0.105232  
0.00265858  0.00176634  0.00125297  -0.0368687  0.0187617  -0.11999  
0.00267674  0.00216528  0.000592219  -0.0782508  0.00789686  -0.160088  
0.00173592  0.00216528  -1.25989e-05  -0.120362  0.0555104  -0.198865  
0.00191634  0.00258165  -7.86906e-05  -0.119816  -0.0396765  -0.21428  
0.0012875  0.00240527  -0.000186962  -0.132108  0.0591285  -0.168872  
0.00170408  0.00260353  -0.000147252  -0.123142  0.00121896  -0.228459  
0.00125734  0.0028102  -0.000439677  -0.136027  0.0256634  -0.188465  
0.00037086  0.00281515  -0.000240989  -0.148837  0.0758373  -0.189748  
0.0019179  0.00301118  -0.000175796  -0.134412  -0.0370164  -0.239727  
0.000745308  0.00292006  -0.000439677  -0.145963  0.0593561  -0.191271  
0.00166729  0.00301118  -0.000439677  -0.149258  -0.0156833  -0.243566  
0.00116474  0.0031616  -0.00027673  -0.147835  0.00814767  -0.228033  
0.000626006  0.00312758  -0.000271625  -0.148837  0.0530667  -0.232077  
0.00150788  0.00340027  -0.000188905  -0.14468  -0.0282291  -0.250786  
0.000391941  0.00320541  -0.000439678  -0.153913  0.0758219  -0.193576  
0.000770206  0.0033985  -0.000171651  -0.159522  -0.0105822  -0.23776  
0.00101362  0.00283412  -0.000241446  -0.12917  0.0219859  -0.169584  
0.00121635  0.00272422  1.35603e-06  -0.140978  0.0535383  -0.176671  
0.00138689  0.00308078  -4.50484e-05  -0.148537  -0.0278579  -0.185001  
0.000950066  0.0034928  -0.000132238  -0.157341  0.0808651  -0.181177  
0.00146934  0.00330178  -8.99926e-05  -0.160383  -0.0105109  -0.224587  
0.00154974  0.00336397  -0.000114341  -0.156251  0.0259188  -0.175677  
0.00127038  0.00325114  5.03618e-06  -0.154873  0.0580021  -0.201305  
0.00162407  0.00342418  7.61947e-05  -0.156706  -0.0192715  -0.200549  
0.0013136  0.00325829  0.000153598  -0.152844  0.0781617  -0.146207  
0.00150681  0.00349744  0.000110118  -0.159438  0.000452167  -0.207335  
0.00175797  0.00366687  -9.16333e-05  -0.155391  0.0378085  -0.163566  
0.00133778  0.00342218  0.000168803  -0.156302  0.0699831  -0.184111  
0.00175163  0.00323447  8.5051e-05  -0.153265  -0.0136758  -0.165565  
0.00130218  0.00326046  0.0001126  -0.156581  0.0580246  -0.175558  
0.0017593  0.00351027  0.000176551  -0.152882  -0.0142662  -0.174473  
0.00157248  0.00316413  0.00024822  -0.144961  0.0503784  -0.132132  
0.00137445  0.00339233  0.000197791  -0.153877  0.0304143  -0.160846  
0.00186625  0.00346057  0.000117966  -0.15064  0.008464  -0.161949  
0.0013985  0.0033029  5.86765e-05  -0.157966  0.0760778  -0.139622  
0.00187362  0.00366687  5.56813e-05  -0.167977  -0.0106218  -0.172256  
0.00139894  0.00299615  2.44385e-07  -0.173956  0.0711932  -0.150781  
0.00158767  0.00342285  -2.57943e-05  -0.17247  0.00496316  -0.170118  
0.00205935  0.00321698  -7.16091e-06  -0.170496  0.0561524  -0.161353  
0.00147063  0.00366687  -0.000110941  -0.179281  0.04234  -0.201092  
0.00209288  0.00366687  -3.50232e-05  -0.167059  -0.000879721  -0.190128  
0.00125298  0.00344005  -3.04818e-05  -0.164637  0.0944502  -0.114818  
0.00152995  0.00366687  -8.97604e-05  -0.170893  0.00484808  -0.174537  
0.00192347  0.00361028  -3.20771e-06  -0.165659  0.0233105  -0.174561  
0.0013775  0.00343594  -3.93727e-05  -0.167517  0.0895236  -0.143859  
0.00196034  0.00366687  -0.00020201  -0.166058  -0.01939  -0.194554  
0.0015459  0.00366687  5.89387e-06  -0.166789  0.0795518  -0.120802  
0.00165103  0.00347134  -3.8584e-05  -0.178102  0.0171037  -0.166563  
0.00173524  0.00368593  2.27129e-05  -0.176639  0.00937462  -0.164206  
0.00107059  0.00346958  0.000145392  -0.169447  0.0895891  -0.108652  
0.00184333  0.00387884  0.000232582  -0.174146  0.00113599  -0.162284  
0.00304511  0.00398505  0.000143904  -0.178439  0.0464501  -0.120973  
0.00167534  0.00366311  9.15461e-06  -0.17779  0.0915269  -0.136736  
0.00199756  0.00419406  -0.000103028  -0.178781  -0.022849  -0.157641  
0.00221794  0.00378679  9.7483e-05  -0.168925  0.0423718  -0.117397  
0.00200886  0.00383168  5.59052e-05  -0.175455  0.0567898  -0.127779  
0.00234329  0.00409185  4.05055e-05  -0.166659  -0.00316854  -0.137269  
0.00176384  0.00377547  0.000143346  -0.170552  0.0953738  -0.12319  
0.00196075  0.00392228  6.50695e-05  -0.17268  0.00276934  -0.164677  
0.00212106  0.00419406  9.80787e-05  -0.168846  0.0459009  -0.157178  
0.00190406  0.00372448  0.000123558  -0.170381  0.0799158  -0.141699  
0.00245784  0.00378754  8.45994e-05  -0.168749  -0.00717183  -0.180934  
0.00211749  0.00366864  0.000161627  -0.169278  0.0943422  -0.0871502  
0.00208473  0.00384733  0.000116232  -0.178605  0.0239104  -0.161969  
0.00227614  0.00378754  0.00020004  -0.166942  0.030833  -0.144579  
0.00176767  0.00363527  0.000394065  -0.1655  0.101973  -0.107589  
0.00211813  0.00378754  0.000173967  -0.166553  -0.00655732  -0.170443  
0.00199907  0.00369075  0.000201379  -0.164531  0.0657253  -0.140648  
0.00182341  0.00372748  -3.37081e-07  -0.164831  0.0415296  -0.16846  
0.00253173  0.00378754  7.37349e-05  -0.16142  0.0341645  -0.156865  
0.00188345  0.00378754  0.000127875  -0.16264  0.0810726  -0.149265  
0.00300091  0.00378754  -3.37081e-07  -0.161353  0.0194897  -0.16898  
0.00194404  0.00349995  -3.3708e-07  -0.161371  0.0979482  -0.152047  
0.00218976  0.00366799  0.000259005  -0.159995  0.00335887  -0.160272  
0.00205625  0.00329181  0.000258983  -0.159255  0.0626269  -0.154441  
0.00185763  0.00329346  0.000404891  -0.149875  0.0360997  -0.177327  
0.00241695  0.00320021  0.000472743  -0.142647  0.029692  -0.166428  
0.00177599  0.00315874  0.000343008  -0.142428  0.0640294  -0.170639  
0.00236033  0.00328898  0.000325047  -0.146066  0.0144564  -0.177187  
0.00245614  0.00347738  0.000354609  -0.159446  0.0929249  -0.150115  
0.00216969  0.00367354  0.000228682  -0.161074  0.00313028  -0.167711  
0.00186772  0.00341428  0.000158153  -0.165519  0.0837517  -0.165526  
0.00197322  0.00372642  0.000174436  -0.166264  0.00420291  -0.182477  
0.00185213  0.00358804  0.000223217  -0.169434  0.0846464  -0.135403  
0.00173783  0.00371221  0.000150916  -0.173281  0.0348352  -0.174486  
0.00200915  0.00362068  0.00024764  -0.168412  0.0397992  -0.128162  
0.00156518  0.00378754  0.000230467  -0.176241  0.0568915  -0.147554  
0.00225054  0.00378754  0.000355572  -0.164959  0.00685357  -0.134715  
0.00144566  0.003387  0.000168731  -0.170669  0.0926171  -0.151242  
0.00210661  0.00378754  0.000355273  -0.1648  0.00107169  -0.174499  
0.00155242  0.00348206  0.000416713  -0.167481  0.0970046  -0.1329  
0.00186349  0.00367083  0.000293019  -0.16797  0.00385356  -0.174281  
0.00229144  0.00372493  0.000302677  -0.164088  0.0582737  -0.126136  
0.00154165  0.00349737  0.000333529  -0.173638  0.0605026  -0.142093  
0.00211838  0.00378753  0.000357371  -0.169579  0.000450403  -0.150739  
0.00164684  0.00350744  0.000400193  -0.173809  0.0958893  -0.0970183  
0.00200421  0.00378753  0.000215405  -0.182533  0.00760599  -0.157429  
0.00199976  0.00378753  0.000475447  -0.178333  0.0390607  -0.144283  
0.00159985  0.00378753  0.000436226  -0.180098  0.0635753  -0.131202  
0.00241527  0.00388371  0.000211077  -0.17292  0.00150667  -0.170458  
0.00158972  0.00378753  0.000385461  -0.167815  0.0933917  -0.0991041  
0.0017401  0.00372447  0.000488998  -0.1647  0.0249809  -0.157783  
0.00202329  0.00378753  0.000451135  -0.161435  0.0296505  -0.152859  
0.00161687  0.00356548  0.000370603  -0.168443  0.0762621  -0.116703  
0.0019472  0.00378753  0.000383669  -0.165882  -0.00986557  -0.166808  
0.00144645  0.0037338  0.000227289  -0.167145  0.0881871  -0.118526  
0.00167895  0.00378753  0.000486943  -0.171247  0.0298088  -0.161429  
0.00199795  0.00378753  0.000418914  -0.165131  0.0235264  -0.165277  
0.00162167  0.00378753  0.000316585  -0.167593  0.0927719  -0.146141  
0.00189807  0.00390232  0.000321125  -0.172191  -0.00117177  -0.192808  
0.00180082  0.00410016  0.000236189  -0.166064  0.0911379  -0.106905  
0.00184455  0.00378753  0.000348995  -0.16842  0.046907  -0.175999  
0.00201837  0.00378753  0.000426036  -0.16183  0.0167165  -0.137434  
0.00183688  0.00367728  0.000537421  -0.162797  0.0980907  -0.173672  
0.00180096  0.00385675  0.000505459  -0.166083  0.00118725  -0.183423  
0.00138965  0.00368208  0.000559209  -0.170867  0.0898524  -0.130786  
0.00156802  0.00385675  0.000648353  -0.163006  0.0229704  -0.209161  
0.00195799  0.00385675  0.000683425  -0.156253  0.0295529  -0.163147  
0.00149776  0.00353843  0.000633834  -0.156585  0.0754839  -0.158935  
0.00188462  0.00357158  0.000677988  -0.138745  -0.0158421  -0.204094  
0.00159378  0.00358185  0.000750956  -0.137504  0.0855559  -0.140751  
0.00171492  0.0036312  0.000542957  -0.143161  0.0328684  -0.185025  
0.0020348  0.0038503  0.000580239  -0.13674  0.0167088  -0.175337  
0.0016564  0.00347796  0.000836457  -0.142469  0.10297  -0.161386  
0.00190372  0.00372267  0.000651288  -0.145152  -0.00329996  -0.189024  
0.00202966  0.00359854  0.000554045  -0.140261  0.0519957  -0.155117  
0.00141176  0.00359663  0.000528441  -0.146079  0.0667536  -0.155001  
0.00194178  0.0038503  0.000553826  -0.145144  0.000267205  -0.175647  
0.0015126  0.0038503  0.000684399  -0.137904  0.0918989  -0.164597  
0.00175484  0.0038503  0.000651357  -0.149463  0.0144614  -0.198443  
0.00223795  0.0038503  0.000623258  -0.142317  0.0457351  -0.172558  
0.00166893  0.0038503  0.000588762  -0.143759  0.0736452  -0.181123  
0.00229116  0.0038503  0.000756571  -0.148216  -0.00207124  -0.204779  
0.00156279  0.0038503  0.000608432  -0.147066  0.104538  -0.155693  
0.00276292  0.0038503  0.000748777  -0.150934  0.00852605  -0.220444  
0.00197221  0.00392464  0.000701724  -0.138921  0.0762755  -0.156751  
0.0015302  0.0038503  0.000721242  -0.145164  0.0576196  -0.188388  
0.00219158  0.00377418  0.000384016  -0.134934  -0.0117166  -0.195457  
0.0016418  0.00361883  0.000603854  -0.141757  0.0976397  -0.164175  
0.00172752  0.00382596  0.0005508  -0.140854  0.0156802  -0.207088  
0.00205811  0.00375087  0.000627516  -0.140277  0.0349136  -0.194926  
0.00176453  0.0035124  0.00071432  -0.143711  0.0742803  -0.194017  
0.00241262  0.00373623  0.000930112  -0.121787  -0.00776573  -0.217653  
0.00180468  0.00345362  0.00102652  -0.118211  0.100153  -0.161743  
0.00252664  0.00368579  0.00103276  -0.121739  0.00975222  -0.224454  
0.00198061  0.00345362  0.000965934  -0.137829  0.0926118  -0.155664  
0.0020226  0.00355453  0.000959781  -0.137182  0.0459202  -0.214339  
0.00246086  0.00362592  0.000857077  -0.130137  0.0301345  -0.20506  
0.00194977  0.00346869  0.000857077  -0.128473  0.0860572  -0.160109  
0.00271583  0.00346869  0.00101687  -0.122496  0.000520041  -0.193684  
0.00179367  0.00346869  0.00106665  -0.130505  0.0871161  -0.170211  
0.00218756  0.00346869  0.00105299  -0.123419  0.0154215  -0.221253  
0.00258467  0.00306044  0.00116983  -0.113133  0.0501485  -0.195821  
0.00210689  0.00296603  0.00113937  -0.122346  0.0675563  -0.18365  
0.00270831  0.0030213  0.00117362  -0.111472  0.0122453  -0.201719  
0.00179472  0.00261595  0.00132143  -0.104142  0.101346  -0.139084  
0.0025151  0.00284837  0.00140632  -0.100573  0.00817414  -0.213215  
0.00198461  0.00273769  0.00135784  -0.104434  0.0820155  -0.148709  
0.00251224  0.00280194  0.00126908  -0.108948  0.0336078  -0.220241  
0.00269109  0.00274687  0.00148091  -0.107419  0.0466403  -0.170981  
0.00249894  0.00266855  0.00129517  -0.109359  0.0986718  -0.194144  
0.0028459  0.00291239  0.00129517  -0.110494  -0.0039895  -0.201315  
0.00226482  0.00267598  0.00140202  -0.107764  0.117232  -0.150864  
0.00249521  0.0027614  0.00129517  -0.110076  0.0326177  -0.218709  
0.00305265  0.00266096  0.00157382  -0.102821  0.0424325  -0.181372  
0.00229894  0.00255911  0.00131711  -0.103417  0.0967859  -0.161719  
0.00287716  0.00273566  0.00131711  -0.105579  -0.00566645  -0.195745  
0.00262594  0.00273566  0.00163309  -0.104817  0.08928  -0.146687  
0.0025176  0.0027236  0.00131711  -0.107771  0.0425194  -0.215148  
0.00290327  0.00278328  0.00151735  -0.0961707  0.0374022  -0.16429  
0.00335693  0.00278327  0.00164256  -0.0981244  0.087413  -0.204728  
0.00284217  0.00278328  0.00165054  -0.0848478  -6.42779e-05  -0.167695  
0.0021977  0.00247706  0.00147349  -0.0961624  0.114626  -0.130865  
0.00289276  0.00273539  0.00131711  -0.0983903  0.015024  -0.205685  
0.00281083  0.00283502  0.00146563  -0.0925024  0.0344282  -0.15583  
0.00213557  0.00283502  0.00131711  -0.0926245  0.0893637  -0.152596  
0.00288889  0.00283502  0.0015029  -0.0872565  -0.00591644  -0.178461  
0.00239775  0.00241911  0.00170165  -0.0796611  0.0926802  -0.125722  
0.00255947  0.00283502  0.00171662  -0.0900947  0.0287741  -0.223364  
0.00277627  0.00283502  0.00157229  -0.0827237  0.030797  -0.18534  
0.00237805  0.00283502  0.0017516  -0.0869797  0.0931589  -0.183994  
0.00297025  0.00283502  0.001765  -0.0823506  0.0205971  -0.20284  
0.00248955  0.00283654  0.0016381  -0.082614  0.0862227  -0.223705  
0.00271515  0.00285909  0.0016381  -0.0801808  0.00889083  -0.239887  
0.00280498  0.00259351  0.00178776  -0.0776188  0.0949389  -0.201165  
0.00237302  0.00234624  0.00185951  -0.0764914  0.0535604  -0.200463  
0.00292623  0.00265888  0.00185951  -0.0716777  0.0195837  -0.206006  
0.00241511  0.00241579  0.00191558  -0.0719741  0.0761305  -0.22738  
0.00302083  0.00243651  0.00185951  -0.0664078  0.0289579  -0.219762  
0.00258234  0.00264931  0.00204879  -0.0649774  0.0996666  -0.196553  
0.00240008  0.00243931  0.00209284  -0.0688899  0.0469471  -0.229889  
0.00302531  0.00240897  0.0021079  -0.0604817  0.0337162  -0.200301  
0.00213786  0.00244166  0.00185952  -0.0618769  0.10377  -0.196053  
0.00294306  0.00258794  0.00220084  -0.0537902  0.0156068  -0.216417  
0.00224363  0.00245668  0.00239197  -0.0441931  0.106128  -0.205901  
0.00309353  0.00245668  0.00243207  -0.0461752  -0.00155763  -0.239824  
0.00285925  0.00245028  0.00248693  -0.044609  0.0759728  -0.197773  
0.00226757  0.00252949  0.00248693  -0.0466833  0.0900162  -0.212099  
0.00309362  0.00233719  0.00248693  -0.0440433  0.00720036  -0.199162  
0.00331578  0.00185862  0.00248693  -0.051921  0.114228  -0.131126  
0.00328288  0.00456972  0.00285311  -0.0983596  0.0589417  -0.290384  
0.0034785  0.00471655  0.00261986  -0.0980032  0.0210854  -0.248799  
0.00271039  0.00417163  0.00268528  -0.0935167  0.121624  -0.218807  
0.00319789  0.00425184  0.00252962  -0.0833412  0.0299026  -0.269213  
0.00321545  0.00405649  0.00248296  -0.0774113  0.0662378  -0.270986  
0.0025897  0.00353761  0.00263863  -0.0619391  0.0980616  -0.238784  
0.00349828  0.00327357  0.00263863  -0.0618704  0.024206  -0.228214  
0.00236713  0.00296635  0.00250798  -0.0638395  0.11457  -0.208896  
0.00327841  0.00327357  0.00263863  -0.0645903  0.0222826  -0.253011  
0.00316663  0.00310512  0.0024747  -0.0714801  0.0675703  -0.235754  
0.00279658  0.00327357  0.00263863  -0.0653429  0.0972524  -0.217382  
0.00340037  0.00327357  0.00263863  -0.0577939  0.028421  -0.267325  
0.0025831  0.00312505  0.00263863  -0.0574051  0.125596  -0.180975  
0.00309335  0.00313129  0.00236091  -0.0695774  0.0200034  -0.247502  
0.00313129  0.00352357  0.00263863  -0.0680092  0.0603979  -0.227667  
0.00245074  0.00327357  0.00263863  -0.0683796  0.100066  -0.223943  
0.00328502  0.00358181  0.00263863  -0.0653669  0.00291449  -0.253328  
0.00265556  0.00308947  0.00251802  -0.0651315  0.125291  -0.161665  
0.00301795  0.00340993  0.00255968  -0.0685605  0.00497702  -0.263619  
0.0027288  0.00327357  0.00263863  -0.0602379  0.0836759  -0.189536  
0.00307432  0.0034481  0.00263863  -0.0685231  0.105157  -0.227346  
0.00298298  0.00351449  0.00263863  -0.0656277  0.0147467  -0.263154  
0.00217661  0.00327357  0.00263863  -0.0645243  0.11793  -0.18583  
0.00255979  0.00347578  0.00263863  -0.0669146  0.0336481  -0.258873  
0.00286953  0.00337713  0.00263863  -0.0627417  0.0820295  -0.213359  
0.00233149  0.00342502  0.00263863  -0.0642457  0.0989796  -0.225687  
0.00281681  0.00370144  0.00263863  -0.0570706  0.0154815  -0.265917  
0.00189097  0.00331414  0.00263863  -0.0616565  0.130381  -0.187079  
0.00251678  0.00364266  0.00263863  -0.0594338  0.019503  -0.268325  
0.00251193  0.00364267  0.0028629  -0.0547045  0.0606699  -0.215752  
0.00220227  0.00323906  0.002965  -0.0560904  0.102106  -0.218116  
0.00371499  0.00346403  0.00301257  -0.0555719  0.00931274  -0.305659  
0.00473643  0.00244853  0.00349196  0.0298783  0.0219178  -0.336866  
0.00289822  0.00252953  0.00395354  0.022657  0.0937005  -0.361098  
0.00425535  0.00192284  0.00331031  0.0029844  0.0402227  -0.365312  
0.00591558  0.00191609  0.00372839  0.0509909  0.0195714  -0.500905  
0.00544222  0.00172578  0.00359497  0.0256129  0.104874  -0.504303  
0.00480912  0.00116195  0.00365356  0.0224118  0.144896  -0.384513  
0.00485523  0.00131994  0.00368643  0.0260235  -0.0287477  -0.4794  
0.00585621  0.00194467  0.0038162  0.0353076  0.0354755  -0.498687  
0.00464447  0.00169204  0.00389592  0.0367372  0.11296  -0.467322  
0.0048354  0.00182498  0.00390112  0.0286974  0.0063248  -0.468964  
0.00440234  0.00162948  0.00392547  0.0299773  0.0762869  -0.496697  
0.00422699  0.0016936  0.00394318  0.027463  0.102094  -0.464465  
0.00479136  0.00185548  0.00386572  0.029169  0.017899  -0.480659  
0.00455448  0.00162278  0.00389985  0.0295958  0.0897162  -0.506391  
0.00449559  0.00199753  0.00392027  0.0235805  0.0570935  -0.514809  
0.00480425  0.00199331  0.00391357  0.0237892  0.0325088  -0.514035  
0.00418506  0.00156978  0.00390783  0.0156786  0.109204  -0.47878  
0.00409058  0.00187017  0.00376528  0.0136871  0.047199  -0.520002  
0.0041359  0.00191188  0.00394856  0.00938453  0.035389  -0.489407  
0.00378764  0.00156978  0.00375063  0.0159366  0.101359  -0.501517  
0.00429585  0.00156978  0.00377856  0.0225693  0.0127338  -0.509517  
0.00380787  0.00156978  0.00384533  0.0209391  0.0899953  -0.46438  
0.00380414  0.00156978  0.00386678  0.0197529  0.0639781  -0.493863  
0.00380836  0.00170622  0.00382686  0.0156189  0.0163402  -0.484919  
0.00288487  0.00170241  0.00394856  0.00853166  0.105447  -0.480577  
0.00351637  0.00176158  0.00381248  0.00790636  0.00424509  -0.514401  
0.00325134  0.00163373  0.00394856  0.0151348  0.0581842  -0.484842  
0.00316833  0.00145267  0.00394856  0.027202  0.0965391  -0.479178  
0.00367973  0.00154075  0.00394856  0.0229303  -0.010427  -0.499821  
0.0028281  0.00156679  0.00394856  0.0308665  0.108038  -0.425942  
0.0035893  0.00135038  0.00394856  0.0261291  0.0270132  -0.523714  
0.00389873  0.00123378  0.00419588  0.0349237  0.0499259  -0.482553  
0.00275464  0.00114315  0.00423579  0.0303787  0.0939059  -0.452405  
0.00369879  0.00140092  0.00404478  0.0231041  0.00661429  -0.498788  
0.00236926  -0.000259608  0.00536116  0.0216307  0.0752979  -0.333866  
0.00231913  -0.00214695  0.00589651  0.115567  -0.0270479  -0.208644  
0.00157961  -0.00335675  0.0057578  0.159295  0.08302  -0.256467  
0.00351581  -0.00601547  0.00421374  0.136526  0.0273381  -0.0131724  
0.00097794  0.000359119  0.00808673  0.0648786  0.223416  -0.0698113  
0.00060327  8.53151e-05  0.00739064  0.0946363  0.00694509  -0.21114  
-7.86597e-05  -0.000560372  0.00739064  0.0964106  0.119266  -0.156294  
0.000479606  -0.000560372  0.00698762  0.0888566  0.0276528  -0.202139  
0.000290683  -0.00146244  0.00628976  0.0862295  0.0348482  -0.148404  
0.0012059  -0.00358757  0.00203161  0.0399796  -0.204316  0.172974  
-0.000576571  -0.00499092  0.00479377  0.0682182  0.168271  0.0124675  
-0.00255367  -0.00975506  0.00831578  0.206825  0.0908492  0.125404  
-0.000128309  -0.00999012  0.0130548  0.358246  0.198222  0.435666  
-7.87007e-05  -0.00744971  0.0122192  0.302216  0.0201321  0.123881  
-0.000589254  -0.008492  0.0116749  0.299453  0.111606  0.194699  
-0.00146314  -0.00756538  0.0119939  0.267779  0.0797199  0.124715  
-0.00228147  -0.00723903  0.0117728  0.276565  0.0490837  0.153383  
-0.00401644  -0.00775105  0.0109877  0.236104  0.145582  0.351981  
-0.00446789  -0.00774051  0.0128733  0.280924  0.0159246  0.14816  
-0.00421191  -0.00868296  0.0125341  0.277732  0.130844  0.251626  
-0.00435211  -0.00832318  0.0114954  0.252581  0.050775  0.212518  
-0.00451317  -0.00810783  0.0112125  0.243177  0.0694031  0.237307  
-0.00473068  -0.00782806  0.0104782  0.218738  0.0997991  0.223393  
-0.00443151  -0.00781205  0.0106677  0.243089  0.0334747  0.209931  
-0.00549331  -0.00807464  0.0112978  0.243176  0.125669  0.297121  
-0.00524853  -0.00854047  0.0103052  0.230332  0.0335712  0.276745  
-0.00535612  -0.00849598  0.0105378  0.243336  0.0600227  0.306192  
-0.00551768  -0.00897604  0.0110385  0.253615  0.121745  0.314384  
-0.00506064  -0.00504159  0.00977217  0.173325  -0.010469  0.142842  
-0.00501163  -0.00632659  0.0095331  0.183767  0.125033  0.208849  
-0.00456206  -0.00683881  0.00949247  0.18279  0.0617922  0.172759  
-0.00474101  -0.00727124  0.0101611  0.209318  0.0602024  0.214194  
-0.00501336  -0.00754814  0.0103951  0.214631  0.117893  0.235598  
-0.00544866  -0.00751887  0.0105253  0.229265  0.0168206  0.212313  
-0.00581203  -0.007987  0.0107615  0.230761  0.122626  0.279771  
-0.00577504  -0.00843647  0.0111793  0.250238  0.0530028  0.244061  
-0.00610548  -0.0083905  0.0110382  0.255691  0.0527438  0.27884  
-0.00658028  -0.00883706  0.0110936  0.24581  0.132742  0.357376  
-0.00628664  -0.00862918  0.0107554  0.24572  0.0270851  0.281545  
-0.00669286  -0.00883706  0.0108193  0.245816  0.1026  0.33444  
-0.00673539  -0.00883706  0.0106773  0.227957  0.0806198  0.340461  
-0.0054205  -0.00816653  0.00811322  0.215891  -0.175647  0.194712  
-0.00379954  -0.0121841  0.00492386  0.00710615  -0.214316  0.247303  
-0.00249138  -0.0156573  0.00306144  -0.0937274  -0.110659  0.198226  
-0.00368957  -0.0203156  0.000233293  -0.17058  -0.221412  0.119756  
-0.00570834  -0.0292336  0.00714158  -0.0243779  -0.0885002  0.0743771  
-0.00871294  -0.0303286  0.0153652  0.300121  -0.105063  0.219838  
-0.00639537  -0.0274668  0.0167424  0.316823  0.0649032  0.195317  
-0.00616926  -0.0296074  0.0156595  0.445106  -0.0134607  0.292345  
-0.00884574  -0.0313483  0.0180811  0.524477  0.0997026  0.480306  
-0.0102829  -0.0283259  0.0231679  0.661892  0.0994505  0.408422  
-0.00977737  -0.0250525  0.0222699  0.574873  -0.0495836  0.280052  
-0.0103474  -0.0243088  0.0220709  0.55526  0.00273575  0.304277  
-0.0108297  -0.0252424  0.0226629  0.604327  0.0093291  0.286878  
-0.0112902  -0.0262532  0.0224154  0.604023  -0.049259  0.323483  
-0.0120346  -0.0265734  0.0225795  0.619409  0.0573519  0.382283  
-0.0112122  -0.0274182  0.0229427  0.656961  -0.0687263  0.323016  
-0.0118129  -0.0263785  0.0223601  0.615643  0.0626842  0.317504  
-0.0118294  -0.0265094  0.0225364  0.645839  -0.0303824  0.285185  
-0.0116472  -0.0269087  0.0226823  0.657133  -0.0169253  0.346443  
-0.012068  -0.0260385  0.0222676  0.633754  0.0223811  0.348582  
-0.0122042  -0.0252047  0.0218888  0.606673  -0.0651573  0.336928  
-0.0123384  -0.0258358  0.0216962  0.594231  0.0552429  0.355662  
-0.0120852  -0.0245998  0.0218707  0.585124  -0.082087  0.296338  
-0.0121859  -0.0248462  0.0213806  0.574899  0.0550309  0.335591  
-0.0120845  -0.0250295  0.0210002  0.59295  -0.065728  0.297268  
-0.0121545  -0.0255446  0.021688  0.616757  0.0288731  0.361351  
-0.0128712  -0.0255035  0.02197  0.600383  -0.0175054  0.397918  
-0.0127418  -0.0278116  0.0224238  0.644173  -0.0113699  0.495178  
-0.0123839  -0.0274173  0.0217653  0.617969  0.0512359  0.53087  
-0.0129597  -0.0269457  0.0218212  0.631651  -0.079439  0.475354  
-0.012738  -0.027149  0.0219528  0.639902  0.0525455  0.50203  
-0.0128798  -0.0270266  0.0223546  0.642929  -0.0398843  0.435812  
-0.0129495  -0.0272636  0.0219214  0.642685  -0.0256239  0.489821  
-0.0127123  -0.0269781  0.0218194  0.629322  0.0579397  0.527174  
-0.0129707  -0.0270706  0.0213914  0.60517  -0.0785675  0.487606  
-0.0138236  -0.0280329  0.0215632  0.625396  0.0162163  0.627485  
-0.0134265  -0.0281394  0.0216222  0.635043  0.0166845  0.603333  
-0.0130811  -0.0282202  0.0213251  0.641799  -0.0553176  0.609193  
-0.013872  -0.0287527  0.021891  0.680243  0.0444199  0.634378  
-0.00862585  -0.0234106  0.0249759  0.629417  0.00266147  0.326234  
0.00386842  -0.0191597  0.0379008  0.663443  0.111403  0.210203  
-0.00237487  -0.023605  0.0262578  0.574739  0.168106  0.489192  
-0.0035821  -0.0226449  0.0260905  0.545394  0.0448592  0.404714  
-0.00516428  -0.022819  0.0250871  0.53482  0.163269  0.432967  
-0.00554014  -0.0233957  0.0249162  0.549745  0.037118  0.425814  
-0.006065  -0.0237428  0.0257048  0.563734  0.171027  0.508733  
-0.00632379  -0.0237805  0.0252956  0.552764  0.0373859  0.448736  
-0.00662315  -0.024204  0.0255736  0.569925  0.141525  0.516678  
-0.00673512  -0.0242313  0.0256443  0.576881  0.0849343  0.487786  
-0.00653948  -0.0244516  0.0256362  0.590058  0.0683887  0.486662  
-0.00668769  -0.0244886  0.02545  0.589692  0.126888  0.51901  
-0.006393  -0.0249752  0.025143  0.598496  0.0229805  0.505649  
-0.00637844  -0.0248257  0.0251982  0.601926  0.145675  0.559695  
-0.00680877  -0.0244886  0.0253481  0.601721  0.0555305  0.496122  
-0.00646674  -0.0248046  0.0253909  0.61605  0.111606  0.549942  
-0.00659813  -0.0249919  0.0252836  0.601985  0.107472  0.547332  
-0.00671501  -0.0255458  0.0251832  0.614642  0.0456752  0.570317  
-0.00730907  -0.0258034  0.0253604  0.610769  0.164807  0.589452  
-0.00708346  -0.0257809  0.0251652  0.610418  0.0155548  0.542011  
-0.00735058  -0.0265044  0.0255114  0.631173  0.142802  0.617578  
-0.00753802  -0.0262697  0.0251019  0.621694  0.0604911  0.565813  
-0.007554  -0.0266054  0.0248404  0.631192  0.100068  0.620592  
-0.00789618  -0.0265728  0.0255103  0.631185  0.0957434  0.601781  
-0.00813782  -0.0267949  0.0256806  0.657213  0.0433814  0.601603  
-0.00840831  -0.0268017  0.0256806  0.65344  0.133421  0.622002  
-0.00825619  -0.026806  0.0258437  0.671927  -0.0161625  0.559202  
-0.00954691  -0.0269494  0.0261991  0.669451  0.138589  0.664528  
-0.00946087  -0.0265409  0.0259764  0.669222  0.034546  0.59777  
-0.00933678  -0.02757  0.0261107  0.692035  0.0992876  0.666149  
-0.00926804  -0.0279546  0.0264131  0.721253  0.0827494  0.622583  
-0.00874522  -0.0271682  0.0257012  0.680877  0.0430262  0.63013  
-0.00908584  -0.0278886  0.0257012  0.689851  0.122434  0.651108  
-0.00883812  -0.0280901  0.0255136  0.690162  -0.00153519  0.63602  
-0.00926662  -0.0276819  0.0251082  0.671985  0.125976  0.66802  
-0.00885523  -0.0274034  0.0251082  0.676169  -0.0101691  0.613544  
-0.00938031  -0.0274747  0.0251271  0.67617  0.132137  0.710764  
-0.00727009  -0.0285399  0.0245312  0.6747  0.0479472  0.630741  
-0.00915352  -0.0251336  0.0259863  0.608177  0.0621831  0.623604  
-0.00917284  -0.0259622  0.025372  0.623897  0.112466  0.633305  
-0.00933556  -0.0265862  0.0255734  0.651053  -0.0374119  0.623335  
-0.00929504  -0.0270243  0.0251651  0.660856  0.103996  0.682449  
-0.00949708  -0.0278074  0.0261596  0.712329  -0.00471336  0.616248  
-0.00940097  -0.0278506  0.0264171  0.712371  0.0288715  0.663508  
-0.00964516  -0.0277563  0.0263129  0.702382  0.102018  0.693193  
-0.00950478  -0.0279137  0.0262071  0.71406  -0.0338142  0.661206  
-0.00963207  -0.027994  0.0260998  0.709833  0.107238  0.725133  
-0.00963742  -0.0279629  0.0258338  0.703082  0.00502358  0.678286  
-0.00971538  -0.0280102  0.025877  0.713037  0.0387661  0.697608  
-0.00981089  -0.0278373  0.0257367  0.702062  0.106735  0.714386  
-0.00914831  -0.0279634  0.0251651  0.713093  -0.0331749  0.701322  
-0.00852017  -0.0282845  0.0246396  0.724699  0.0905054  0.660974  
-0.00878751  -0.0285407  0.0246049  0.715383  -0.0169051  0.639013  
-0.00905399  -0.0289339  0.0246084  0.738223  0.0226077  0.664335  
-0.00912901  -0.0284687  0.0247582  0.713439  0.073223  0.650613  
-0.00869302  -0.0286618  0.0245678  0.713507  -0.0447846  0.649644  
-0.009048  -0.0282246  0.0244454  0.696613  0.106931  0.712401  
-0.00907675  -0.0276751  0.0238939  0.686647  -0.0185762  0.651662  
-0.0090208  -0.0280897  0.0242117  0.689483  0.0409638  0.696486  
-0.00945163  -0.0277  0.0239971  0.667777  0.105928  0.694715  
-0.00866854  -0.0285858  0.0243564  0.698184  -0.0133847  0.656831  
-0.00900732  -0.0279943  0.0242502  0.663302  0.113214  0.696721  
-0.00857304  -0.02747  0.0241491  0.663732  0.0101508  0.669176  
-0.00873052  -0.0281533  0.0237707  0.666483  0.0636516  0.729729  
-0.009002  -0.0282221  0.023915  0.658706  0.0713889  0.726344  
-0.00852391  -0.0283941  0.0234618  0.667012  0.00430826  0.70873  
-0.00914626  -0.0296591  0.0221497  0.641318  0.111393  0.766872  
-0.00887565  -0.0274045  0.0240963  0.587803  -0.00572716  0.667342  
-0.00855074  -0.0253956  0.0244215  0.600731  0.0596334  0.661713  
-0.00928148  -0.0260638  0.0238697  0.592919  0.0887882  0.697057  
-0.00870643  -0.0265909  0.0236619  0.613789  7.48346e-05  0.687813  
-0.00922039  -0.0269745  0.0245941  0.630025  0.166926  0.771935  
-0.00947265  -0.027785  0.0258902  0.69386  0.245814  0.795826  
-0.00955786  -0.0277306  0.0254192  0.673266  -0.106221  0.75814  
-0.00879705  -0.027221  0.0239421  0.648383  -0.0756586  0.760417  
-0.00938842  -0.0274837  0.0235219  0.642279  0.0438949  0.790361  
-0.00752756  -0.0276997  0.0239018  0.669571  0.0485752  0.774165  
-0.00442082  -0.0273596  0.0238133  0.657193  0.128581  0.632539  
-0.00412946  -0.0273109  0.0243895  0.674071  0.138121  0.63753  
-0.00443234  -0.0266573  0.0239349  0.67135  0.0921175  0.541738  
-0.00478235  -0.0268407  0.0240585  0.619519  0.0850376  0.481567  
-0.00655869  -0.0266231  0.0227581  0.648941  0.0968943  0.748935  
-0.0056874  -0.0278782  0.0213975  0.658895  0.138674  0.723891  
-0.00411494  -0.0277961  0.021322  0.663097  0.0572417  0.692479  
-0.00462902  -0.0285453  0.0221039  0.683394  0.118481  0.74947  
-0.00513981  -0.0288511  0.0224006  0.694339  0.150684  0.765006  
-0.00458406  -0.0290524  0.0215273  0.690641  0.0487529  0.766939  
-0.0050042  -0.0291024  0.0216288  0.670448  0.17374  0.798522  
-0.0043653  -0.0291146  0.0215909  0.680092  0.0817452  0.759562  
-0.00315621  -0.0298025  0.0221052  0.725777  0.15906  0.782411  
-0.00386213  -0.0297758  0.0221106  0.725807  0.150802  0.798411  
-0.00320185  -0.0290615  0.0220131  0.715797  0.0999687  0.78159  
-0.00386495  -0.0297513  0.0223245  0.715449  0.191626  0.826758  
-0.00385314  -0.0289689  0.0220449  0.693637  0.0781566  0.797753  
-0.00417598  -0.0291761  0.0222765  0.700941  0.165828  0.844332  
-0.00432762  -0.0288093  0.0223242  0.697731  0.143315  0.800867  
-0.00393249  -0.0293908  0.0218802  0.71582  0.12339  0.781906  
-0.00430353  -0.0293541  0.0221603  0.736528  0.202525  0.796919  
-0.00394307  -0.0291355  0.0220627  0.725693  0.0559394  0.761792  
-0.0031814  -0.0300459  0.0231845  0.752923  0.243357  0.943255  
0.00068196  -0.0340746  0.0213904  0.932169  0.357871  2.2058  
0.00351329  -0.0375551  0.0208123  1.11951  0.371537  2.42231  
-0.000278651  -0.0369171  0.0209916  1.02665  0.0291255  1.42881  
-0.00203899  -0.035994  0.0203788  0.969014  0.18496  1.42125  
-0.0023263  -0.0356023  0.0193861  0.927193  0.157143  1.38757  
-0.00167237  -0.0353997  0.0192629  0.935424  0.160821  1.37615  
-0.00263784  -0.0349633  0.019236  0.910928  0.247113  1.4136  
-0.00260098  -0.0338992  0.0189672  0.885453  0.10725  1.3351  
-0.00290957  -0.0341862  0.0188742  0.87905  0.172223  1.34938  
-0.00356281  -0.033667  0.0188655  0.866706  0.206603  1.34473  
-0.00359093  -0.0338005  0.0187781  0.866769  0.099571  1.30871  
-0.00381049  -0.0339862  0.0190951  0.867033  0.213523  1.33151  
-0.0031421  -0.0339137  0.0184264  0.866947  0.116321  1.29052  
-0.0032442  -0.0339853  0.0184291  0.867077  0.194996  1.34553  
-0.00343077  -0.0338058  0.0183369  0.863635  0.155689  1.32446  
-0.00309451  -0.033908  0.0182633  0.857088  0.137769  1.3172  
-0.00352323  -0.0340789  0.0190514  0.86504  0.21644  1.35362  
-0.00303038  -0.0338428  0.0183719  0.870044  0.10064  1.2762  
-0.00331018  -0.0340055  0.018781  0.871732  0.210871  1.31035  
-0.00279721  -0.0332463  0.0181559  0.842442  0.128162  1.24451  
-0.00326603  -0.0329172  0.0181751  0.811538  0.181577  1.28499  
-0.00416366  -0.0328072  0.018106  0.782393  0.226785  1.33913  
-0.00368356  -0.032765  0.0173884  0.785117  0.107125  1.28162  
-0.00345843  -0.0329339  0.0177547  0.791125  0.22399  1.2871  
-0.00383026  -0.0328378  0.0173755  0.790907  0.104618  1.25855  
-0.00384965  -0.032713  0.0176591  0.80097  0.170221  1.30081  
-0.00400818  -0.0326926  0.0176952  0.816924  0.156446  1.25109  
-0.00383109  -0.0323574  0.0177485  0.80277  0.149611  1.26393  
-0.00385615  -0.0319761  0.0176272  0.790338  0.216587  1.23551  
-0.0035365  -0.0320172  0.0175475  0.800478  0.136824  1.21694  
-0.00245893  -0.0322445  0.0171611  0.790504  0.261439  1.27535  
-0.00235889  -0.0316287  0.0171146  0.793105  0.122113  1.19643  
-0.0033367  -0.0318338  0.0176839  0.771749  0.235074  1.23534  
-0.00304693  -0.0318589  0.0170716  0.770185  0.133508  1.18017  
-0.00311156  -0.0315592  0.0170456  0.766478  0.184179  1.19395  
-0.0029424  -0.0312497  0.0168205  0.748582  0.202815  1.2012  
-0.00297467  -0.031519  0.0165885  0.751922  0.155578  1.20427  
-0.00349709  -0.0311262  0.0168191  0.727163  0.238051  1.22611  
-0.00286595  -0.0304277  0.0167363  0.727696  0.123208  1.174  
-0.00343452  -0.0311186  0.0171309  0.738456  0.250233  1.23234  
-0.00323626  -0.0304591  0.0160926  0.7132  0.137246  1.18465  
-0.00348877  -0.0311269  0.0167935  0.723194  0.24889  1.2762  
-0.00315131  -0.0317066  0.0170712  0.749115  0.155128  1.23293  
-0.00299327  -0.0310764  0.0167657  0.74116  0.191774  1.2703  
-0.0037474  -0.0312559  0.0171068  0.732469  0.222234  1.27429  
-0.00318963  -0.0305645  0.0161216  0.719575  0.128425  1.23225  
-0.0042285  -0.0306102  0.016523  0.708104  0.235512  1.25952  
-0.00336316  -0.0299644  0.0156682  0.697182  0.138561  1.21172  
-0.00429381  -0.0306354  0.016308  0.706849  0.262893  1.2593  
-0.0055561  -0.0282149  0.0160063  0.652512  0.121396  1.17873  
-0.00505784  -0.0284539  0.0166336  0.657866  0.208055  1.21685  
-0.00527507  -0.0274817  0.0162731  0.613468  0.116945  1.11546  
-0.00514057  -0.0275857  0.0161145  0.606656  0.136206  1.11808  
-0.00518506  -0.0281778  0.0161413  0.608411  0.164616  1.10457  
-0.00501988  -0.0279965  0.016035  0.597328  0.130031  1.12166  
-0.00561592  -0.0281749  0.0161788  0.597549  0.185444  1.13427  
-0.00505646  -0.0278339  0.0154756  0.597146  0.0923072  1.09607  
-0.00537194  -0.0277522  0.0160557  0.597304  0.206221  1.10191  
-0.00504447  -0.0279309  0.01603  0.617375  0.104267  1.08004  
-0.00560213  -0.027765  0.0163614  0.609631  0.193471  1.10804  
-0.00594268  -0.0275717  0.0162573  0.596893  0.117775  1.05066  
-0.00582709  -0.0276876  0.016327  0.602198  0.111622  1.04265  
-0.00573473  -0.0273312  0.0161338  0.578737  0.17166  1.04327  
-0.00586482  -0.0272863  0.0158921  0.583577  0.0681692  1.03685  
-0.00611495  -0.0275454  0.0162072  0.572455  0.197046  1.07356  
