-0.0124563  0.00753885  -0.00671733  -0.22158  -0.0889743  -1.61521  
-0.0123002  0.00778557  -0.00705638  -0.20413  -0.0324626  -1.62185  
-0.0135567  0.00692298  -0.00659439  -0.238669  0.0524526  -1.07516  
-0.0181775  0.00492411  -0.00729466  -0.266358  0.191171  1.47367  
-0.0307027  0.00630445  -0.0110898  -0.183527  -0.29804  0.558191  
-0.0331684  0.00843593  -0.00993678  -0.213614  -0.348633  0.724522  
-0.0286426  0.00698829  -0.0105018  -0.180395  -0.236632  0.119638  
-0.0290129  0.00794028  -0.00959902  -0.224486  -0.297319  0.567375  
-0.0257217  0.0075008  -0.00937559  -0.217866  -0.306616  0.563952  
-0.0243069  0.00717515  -0.00950597  -0.225158  -0.314107  0.521436  
-0.0248364  0.00700374  -0.00877037  -0.206179  -0.283991  0.499159  
-0.0229867  0.00636213  -0.00861697  -0.202235  -0.302451  0.525963  
-0.0247385  0.00659539  -0.00908064  -0.232158  -0.29158  0.588528  
-0.0245216  0.00671936  -0.00906433  -0.231195  -0.312978  0.590422  
-0.0253877  0.00706373  -0.00928124  -0.259365  -0.306051  0.643752  
-0.0253423  0.00709783  -0.0102218  -0.277133  -0.300239  0.649346  
-0.0254424  0.00761017  -0.0108284  -0.301549  -0.313883  0.665365  
-0.0265438  0.00784374  -0.011377  -0.303381  -0.317705  0.720425  
-0.0262612  0.00790347  -0.0116422  -0.320597  -0.342491  0.746981  
-0.0270035  0.00836841  -0.0118956  -0.299347  -0.334027  0.771823  
-0.0254186  0.00768879  -0.0110273  -0.282025  -0.34461  0.703698  
-0.0259802  0.00774471  -0.0103831  -0.282404  -0.281487  0.773346  
-0.0246668  0.00770344  -0.0112772  -0.293421  -0.31192  0.722294  
-0.0263864  0.00800255  -0.0108609  -0.297494  -0.28976  0.794583  
-0.0252701  0.00749288  -0.0113128  -0.289063  -0.325382  0.772978  
-0.0263685  0.00749336  -0.0108347  -0.293996  -0.308151  0.820605  
-0.0252324  0.00743514  -0.0109383  -0.289097  -0.33189  0.771496  
-0.0266667  0.00762319  -0.0110779  -0.303429  -0.333526  0.802011  
-0.0258452  0.00808034  -0.0116032  -0.330269  -0.32432  0.75932  
-0.0258531  0.00782858  -0.0114544  -0.330701  -0.326639  0.763248  
-0.0268799  0.00795161  -0.0114847  -0.318572  -0.303782  0.786714  
-0.026005  0.00783692  -0.0113222  -0.325842  -0.339043  0.763324  
-0.0266043  0.00780582  -0.011499  -0.330767  -0.311628  0.771287  
-0.0254452  0.00753143  -0.0111124  -0.318873  -0.343028  0.729662  
-0.026397  0.00753103  -0.0107772  -0.307346  -0.320148  0.763323  
-0.0248267  0.00728027  -0.0107654  -0.318902  -0.344298  0.686273  
-0.0259181  0.00720087  -0.0109076  -0.317018  -0.314392  0.736929  
-0.0244466  0.00687976  -0.0109959  -0.317749  -0.356465  0.654922  
-0.0256478  0.00655677  -0.0103876  -0.295616  -0.339182  0.722144  
-0.023961  0.00629279  -0.0108909  -0.292918  -0.354037  0.657777  
-0.0254011  0.00585097  -0.0102508  -0.272518  -0.385454  0.69529  
-0.0247238  0.00597969  -0.00996631  -0.25461  -0.383419  0.657577  
-0.0235026  0.00543666  -0.00913464  -0.253228  -0.407102  0.622079  
-0.0238999  0.00532601  -0.00927082  -0.255293  -0.366289  0.653841  
-0.0234222  0.00502808  -0.00935473  -0.270611  -0.395199  0.63219  
-0.0245544  0.00536394  -0.00907821  -0.274496  -0.353757  0.700459  
-0.0239142  0.0054496  -0.00955268  -0.291884  -0.375505  0.656923  
-0.0249285  0.00556478  -0.00967489  -0.291195  -0.355162  0.710675  
-0.0243542  0.00564447  -0.00963817  -0.303679  -0.359907  0.6726  
-0.0242975  0.00549431  -0.00939689  -0.299453  -0.351887  0.722769  
-0.0247454  0.00568843  -0.00972861  -0.298941  -0.328268  0.70154  
-0.0243008  0.00559313  -0.0100183  -0.306221  -0.352072  0.692648  
-0.0252435  0.00592819  -0.0100999  -0.3037  -0.319195  0.723767  
-0.0240238  0.00575512  -0.0100831  -0.316743  -0.364965  0.652739  
-0.0248607  0.00562914  -0.00997383  -0.304753  -0.341597  0.72187  
-0.0245446  0.00538005  -0.00994863  -0.304599  -0.343462  0.643465  
-0.0246044  0.00545174  -0.0096045  -0.306039  -0.347278  0.695262  
-0.0244264  0.00561093  -0.00980944  -0.308809  -0.322128  0.665653  
-0.0240248  0.00546507  -0.00987067  -0.29899  -0.36453  0.675216  
-0.0243821  0.00556219  -0.00993012  -0.305607  -0.325261  0.680706  
-0.0236327  0.00520275  -0.00963797  -0.304397  -0.366265  0.659914  
-0.0247251  0.00527742  -0.010033  -0.30664  -0.31676  0.710306  
-0.0235478  0.00533412  -0.00988015  -0.306164  -0.349425  0.681971  
-0.0248278  0.00533251  -0.00973443  -0.301671  -0.303833  0.725459  
-0.0238685  0.00554866  -0.0101532  -0.300536  -0.336466  0.655799  
-0.0242568  0.00564123  -0.0101428  -0.297307  -0.305379  0.715481  
-0.0244576  0.00557313  -0.0101043  -0.296305  -0.313453  0.651731  
-0.0247056  0.00588985  -0.0104066  -0.301214  -0.308621  0.724557  
-0.0249662  0.00582244  -0.0103165  -0.308902  -0.317799  0.673515  
-0.0243275  0.00585141  -0.0105098  -0.30293  -0.313915  0.692536  
-0.025273  0.00576661  -0.0106269  -0.30326  -0.295213  0.656962  
-0.0244071  0.00559238  -0.0105122  -0.304211  -0.323215  0.675933  
-0.0254201  0.00573436  -0.0104198  -0.301286  -0.289597  0.680916  
-0.024404  0.00577378  -0.0108085  -0.290057  -0.32146  0.672731  
-0.0251058  0.00600457  -0.0104442  -0.303543  -0.28291  0.690854  
-0.0236709  0.00602114  -0.0110791  -0.304299  -0.303841  0.672362  
-0.0248365  0.00606242  -0.0108486  -0.313281  -0.306806  0.714066  
-0.0247963  0.00610407  -0.0109208  -0.330049  -0.306458  0.712639  
-0.0245607  0.00612111  -0.0109791  -0.328019  -0.327147  0.693831  
-0.0251472  0.0062956  -0.0106117  -0.329829  -0.30606  0.718723  
-0.0245358  0.00621429  -0.010881  -0.327399  -0.335191  0.657669  
-0.0254451  0.00628778  -0.0112027  -0.338692  -0.30491  0.746098  
-0.024356  0.00648528  -0.0112009  -0.343181  -0.328009  0.660251  
-0.0245676  0.0066488  -0.0109393  -0.341137  -0.32191  0.730591  
-0.0245176  0.00659104  -0.0108758  -0.359482  -0.323121  0.686293  
-0.02425  0.00646813  -0.0109146  -0.364758  -0.342973  0.702711  
-0.0246406  0.00655015  -0.0111733  -0.366422  -0.312054  0.692457  
-0.0238402  0.00633626  -0.01156  -0.361432  -0.358578  0.636489  
-0.0252254  0.00622032  -0.0116982  -0.362584  -0.308244  0.679165  
-0.0237771  0.00622722  -0.0114608  -0.35884  -0.349754  0.642469  
-0.0252701  0.00624535  -0.0115233  -0.353812  -0.30175  0.726281  
-0.0245319  0.00633254  -0.0114327  -0.359114  -0.32713  0.668548  
-0.0242278  0.00651052  -0.0113476  -0.362127  -0.316152  0.705878  
-0.0249524  0.00647774  -0.0111554  -0.355286  -0.300627  0.682141  
-0.0236094  0.00655566  -0.0118209  -0.361296  -0.332529  0.679571  
-0.0251276  0.00669679  -0.0116793  -0.354947  -0.288147  0.727776  
-0.0235302  0.00651866  -0.0116768  -0.360172  -0.308316  0.666003  
-0.024192  0.00652759  -0.0117433  -0.373592  -0.290058  0.718168  
-0.0233859  0.00668973  -0.0114199  -0.358937  -0.297141  0.639889  
-0.0231134  0.00663168  -0.0115935  -0.36339  -0.299427  0.646264  
-0.02428  0.00673432  -0.0115231  -0.364057  -0.29171  0.657861  
-0.022741  0.006815  -0.0116154  -0.359904  -0.303924  0.576439  
-0.0235837  0.00695314  -0.0114757  -0.352841  -0.27304  0.622603  
-0.0228509  0.00670264  -0.0113315  -0.35264  -0.285935  0.558454  
-0.0234478  0.00656701  -0.0114798  -0.352185  -0.281888  0.618178  
-0.0233442  0.00649788  -0.0115642  -0.3563  -0.254159  0.615818  
-0.0229142  0.00667382  -0.0116806  -0.354395  -0.290329  0.572946  
-0.0241441  0.00671765  -0.0117154  -0.354474  -0.238122  0.613249  
-0.0234416  0.00671554  -0.0117391  -0.352153  -0.300396  0.548087  
-0.024258  0.00684075  -0.0118853  -0.351347  -0.256912  0.669661  
-0.0239815  0.00679773  -0.0119558  -0.331666  -0.29661  0.57547  
-0.0239615  0.00677692  -0.0121227  -0.363711  -0.289492  0.65544  
-0.0236976  0.0068918  -0.0119283  -0.347549  -0.267311  0.584591  
-0.0238351  0.00694735  -0.0118802  -0.355539  -0.301113  0.634295  
-0.0240651  0.0068759  -0.0120219  -0.352046  -0.274766  0.581689  
-0.0230297  0.00671002  -0.0118907  -0.34612  -0.303879  0.58393  
-0.0243202  0.00674904  -0.0120409  -0.33835  -0.256027  0.614317  
-0.0233164  0.00651529  -0.0121676  -0.340798  -0.303279  0.576642  
-0.0246243  0.00673001  -0.0120816  -0.344802  -0.28449  0.632228  
-0.0238333  0.00673185  -0.0117355  -0.334663  -0.294337  0.578808  
-0.0236375  0.00658974  -0.0117051  -0.343393  -0.295892  0.587327  
-0.0242259  0.00664514  -0.0118658  -0.346017  -0.273744  0.621126  
-0.0230387  0.00679326  -0.012106  -0.354884  -0.291565  0.55558  
-0.0242808  0.00693013  -0.0120544  -0.340754  -0.27335  0.631916  
-0.0234677  0.00672033  -0.0119155  -0.346355  -0.294087  0.54278  
-0.0241813  0.00676577  -0.0119775  -0.347328  -0.289494  0.613204  
-0.0239476  0.00622459  -0.0115236  -0.331272  -0.298086  0.522412  
-0.0239856  0.00636079  -0.0113019  -0.337738  -0.292051  0.559722  
-0.024424  0.00632615  -0.0113343  -0.337743  -0.26114  0.546825  
-0.0232475  0.00636976  -0.0112896  -0.341186  -0.295891  0.525704  
-0.0242656  0.00624917  -0.0112336  -0.339804  -0.246231  0.572191  
-0.0234476  0.00653427  -0.0115932  -0.348279  -0.284579  0.536304  
-0.0239888  0.00645202  -0.0115748  -0.351358  -0.282578  0.562352  
-0.0238708  0.00640523  -0.0114411  -0.351672  -0.271227  0.553394  
-0.0232109  0.00663849  -0.0113583  -0.353415  -0.300263  0.536008  
-0.0239427  0.00620236  -0.0111371  -0.345375  -0.260037  0.579296  
-0.0226337  0.00631472  -0.0112735  -0.348657  -0.30199  0.534362  
-0.0236066  0.00642701  -0.0114221  -0.346167  -0.272064  0.625326  
-0.023475  0.00625242  -0.0112975  -0.334143  -0.275109  0.565789  
-0.0227739  0.00621822  -0.011412  -0.356388  -0.293709  0.549401  
-0.023442  0.00642967  -0.0109618  -0.353452  -0.265918  0.544953  
-0.0224334  0.00621017  -0.011363  -0.359753  -0.295905  0.487562  
-0.0236065  0.00644364  -0.0109524  -0.356282  -0.269039  0.57664  
-0.0229393  0.00655176  -0.0114797  -0.356732  -0.268738  0.516047  
-0.0230088  0.00636633  -0.0113663  -0.357484  -0.268232  0.570358  
-0.0235495  0.0065786  -0.0115486  -0.34814  -0.2638  0.527583  
-0.0236213  0.0064423  -0.0114748  -0.343421  -0.279914  0.568094  
-0.0243366  0.00655331  -0.01129  -0.333401  -0.249565  0.531871  
-0.023588  0.00641839  -0.0114061  -0.340758  -0.301494  0.504914  
-0.023766  0.00687212  -0.0114138  -0.3496  -0.251742  0.52191  
-0.0229267  0.00652443  -0.0115114  -0.349243  -0.294534  0.491208  
-0.0240565  0.00684246  -0.0116384  -0.373879  -0.24625  0.5647  
-0.0225778  0.00713381  -0.0118678  -0.390737  -0.299705  0.475406  
-0.0231917  0.00698354  -0.0122296  -0.401453  -0.234477  0.538331  
-0.0226525  0.00727998  -0.0121311  -0.388749  -0.284364  0.472077  
-0.0234746  0.00676619  -0.011477  -0.361554  -0.256672  0.535011  
-0.0232962  0.00658  -0.0115635  -0.364053  -0.26679  0.482959  
-0.0233247  0.00673999  -0.0114731  -0.357325  -0.2605  0.55146  
-0.0224917  0.00723068  -0.0118565  -0.362962  -0.196072  0.51088  
-0.0203306  0.00577782  -0.00923984  -0.28387  -0.251672  0.544433  
-0.0220349  0.00587992  -0.00883475  -0.254385  -0.232157  0.473693  
-0.0220218  0.00572245  -0.0090814  -0.248671  -0.231447  0.433422  
-0.0214591  0.00602203  -0.00931594  -0.267095  -0.263439  0.454052  
-0.022052  0.00591964  -0.00934376  -0.268771  -0.225667  0.468815  
-0.0217752  0.00598232  -0.00921252  -0.285885  -0.270452  0.487061  
-0.0220579  0.00592392  -0.00893877  -0.277036  -0.219092  0.478418  
-0.021271  0.00598967  -0.00907252  -0.281383  -0.27793  0.448962  
-0.0227281  0.00585357  -0.00902341  -0.262991  -0.213743  0.465278  
-0.021827  0.00576284  -0.00903069  -0.262185  -0.264598  0.470684  
-0.0229045  0.00560837  -0.00880114  -0.265875  -0.222029  0.534919  
-0.0219542  0.00575302  -0.00908511  -0.284669  -0.258304  0.494964  
-0.022375  0.00550157  -0.00843135  -0.280106  -0.244444  0.568573  
-0.0227897  0.00549246  -0.00849039  -0.258861  -0.253506  0.498224  
-0.0235769  0.00567928  -0.00844791  -0.252724  -0.289158  0.527044  
-0.0241914  0.00551822  -0.0084617  -0.234934  -0.251174  0.50079  
-0.0226868  0.00552708  -0.00848549  -0.247619  -0.284616  0.419563  
-0.023048  0.00600943  -0.00871935  -0.275717  -0.240122  0.470255  
-0.0225532  0.00606318  -0.00877855  -0.29133  -0.254318  0.395943  
-0.0233865  0.00604506  -0.00835652  -0.278992  -0.277815  0.451832  
-0.0244379  0.00593898  -0.00857772  -0.282253  -0.278034  0.447722  
-0.0239273  0.00539989  -0.00878048  -0.282936  -0.287453  0.478159  
-0.0246809  0.00536893  -0.0086203  -0.277144  -0.260605  0.511638  
-0.0229163  0.00533917  -0.00847731  -0.284144  -0.299998  0.452754  
-0.0244609  0.00568156  -0.00861179  -0.298672  -0.261444  0.525853  
-0.023247  0.00562237  -0.00862773  -0.301825  -0.301107  0.458719  
-0.0235482  0.00543537  -0.00844509  -0.301483  -0.280361  0.51754  
-0.0231083  0.00526516  -0.00847351  -0.289707  -0.280718  0.468423  
-0.0223341  0.00521408  -0.0080839  -0.280057  -0.289468  0.530162  
-0.0224573  0.00494427  -0.0076893  -0.278654  -0.261583  0.481758  
-0.0224797  0.00486459  -0.0076909  -0.290647  -0.286005  0.517122  
-0.0218016  0.00473392  -0.00774049  -0.287019  -0.250302  0.429272  
-0.0203981  0.00503531  -0.00807203  -0.281405  -0.280376  0.399176  
-0.0222832  0.0049844  -0.00819733  -0.280865  -0.249054  0.428006  
-0.0213635  0.00519952  -0.00825556  -0.286547  -0.282377  0.453572  
-0.0223648  0.00503138  -0.00812318  -0.292942  -0.261623  0.476982  
-0.0214808  0.00484008  -0.00826274  -0.293932  -0.293924  0.417533  
-0.0222722  0.00530175  -0.00805778  -0.294884  -0.256696  0.474974  
-0.021019  0.00504004  -0.00827126  -0.291686  -0.281709  0.428388  
-0.0217884  0.00491762  -0.00799754  -0.27738  -0.235072  0.474619  
-0.021193  0.00508143  -0.00808496  -0.293968  -0.285133  0.40443  
-0.0218044  0.00538902  -0.00817482  -0.300901  -0.241314  0.484088  
-0.0210656  0.0052935  -0.00814802  -0.283361  -0.255152  0.4203  
-0.0221345  0.00509982  -0.00822199  -0.288163  -0.211785  0.487232  
-0.0208648  0.00546535  -0.00813085  -0.283833  -0.227235  0.427569  
-0.0222194  0.00509211  -0.00834226  -0.297395  -0.226108  0.493345  
-0.021946  0.00507376  -0.00807331  -0.295368  -0.228312  0.445359  
-0.0220256  0.00525165  -0.00818151  -0.305948  -0.237829  0.466744  
-0.0222849  0.0053599  -0.0084286  -0.303959  -0.201253  0.457078  
-0.0217601  0.00530751  -0.00831231  -0.309504  -0.232799  0.410529  
-0.022523  0.00560451  -0.00869225  -0.310442  -0.188012  0.469986  
-0.0217078  0.00569193  -0.00902078  -0.313523  -0.238676  0.404949  
-0.0226768  0.00604276  -0.00907541  -0.325442  -0.199084  0.478949  
-0.021501  0.00601992  -0.00903828  -0.32343  -0.219687  0.375497  
-0.022275  0.00608033  -0.00942242  -0.316988  -0.192332  0.478838  
-0.022359  0.00542971  -0.00904637  -0.286233  -0.203707  0.414817  
-0.0279581  0.00517649  -0.00864451  -0.204962  -0.315025  0.468611  
-0.0321117  0.00582579  -0.00997236  -0.214474  -0.33951  0.519933  
-0.0305309  0.00531574  -0.00936047  -0.221058  -0.377439  0.53589  
-0.030435  0.00587065  -0.0095435  -0.244796  -0.413956  0.501683  
-0.0309212  0.00640135  -0.00983103  -0.267275  -0.364114  0.586261  
-0.0299317  0.006215  -0.00962108  -0.274616  -0.375736  0.551399  
-0.0293016  0.00616904  -0.00968295  -0.278657  -0.379064  0.578214  
-0.0288746  0.0060232  -0.00925534  -0.272613  -0.356139  0.522292  
-0.0282996  0.00580365  -0.00871419  -0.270305  -0.366638  0.512898  
-0.0288077  0.00575634  -0.00870226  -0.267676  -0.325065  0.502226  
-0.0280189  0.0057194  -0.00827263  -0.275187  -0.384826  0.49856  
-0.0284257  0.00581163  -0.00903845  -0.279244  -0.348168  0.4958  
-0.0267713  0.00580467  -0.00891212  -0.286915  -0.384672  0.473315  
-0.0270642  0.00593145  -0.00912089  -0.287525  -0.328221  0.505106  
-0.0268794  0.00611774  -0.00914386  -0.290268  -0.351427  0.51439  
-0.0269365  0.00606719  -0.00918942  -0.279093  -0.34061  0.516385  
-0.0265966  0.00613201  -0.00917896  -0.27866  -0.307643  0.492634  
-0.0262095  0.00626797  -0.00915802  -0.275308  -0.335132  0.489099  
-0.0260131  0.00623568  -0.00911949  -0.285324  -0.314483  0.480035  
-0.0247772  0.0060314  -0.0086517  -0.294928  -0.36808  0.420818  
-0.0243094  0.00604433  -0.00879178  -0.294848  -0.319378  0.456039  
-0.0234393  0.00571405  -0.0084975  -0.284042  -0.34466  0.386025  
-0.0238446  0.00513823  -0.00819739  -0.282819  -0.3083  0.438571  
-0.0227715  0.0048663  -0.00794159  -0.276845  -0.318857  0.311308  
-0.0229584  0.00486952  -0.00793503  -0.281494  -0.310876  0.379968  
-0.0234966  0.00467773  -0.00782829  -0.266461  -0.301248  0.364212  
-0.0230343  0.00507476  -0.00832663  -0.284712  -0.301465  0.389381  
-0.0245348  0.00527958  -0.00870329  -0.295643  -0.276746  0.408666  
-0.0234176  0.00521553  -0.00841154  -0.280416  -0.325326  0.352361  
-0.024774  0.0052011  -0.00835991  -0.286194  -0.292578  0.407781  
-0.0242214  0.00489605  -0.00819499  -0.284335  -0.297589  0.343313  
-0.0242019  0.00526605  -0.00845526  -0.30893  -0.300122  0.414594  
-0.0244921  0.0055102  -0.0091259  -0.316159  -0.276523  0.420837  
-0.0253978  0.00580208  -0.00884586  -0.30657  -0.308138  0.523878  
-0.0244062  0.00544225  -0.00858059  -0.298157  -0.259917  0.443389  
-0.0236496  0.00529804  -0.00903027  -0.300256  -0.303995  0.439703  
-0.0248043  0.00533157  -0.00887892  -0.30523  -0.266424  0.444525  
-0.0232942  0.00558332  -0.00929569  -0.305377  -0.290264  0.395698  
-0.0236288  0.00547247  -0.00914612  -0.311133  -0.263413  0.43714  
-0.0232151  0.0056647  -0.00921003  -0.313729  -0.258883  0.40331  
-0.0231093  0.00555719  -0.00916056  -0.315258  -0.290778  0.428425  
-0.0235071  0.00594554  -0.00964916  -0.325351  -0.25729  0.435  
-0.0220438  0.00543979  -0.00919835  -0.302471  -0.27949  0.373814  
-0.0227543  0.00528469  -0.00883003  -0.290221  -0.22041  0.391229  
-0.022197  0.00543455  -0.0091456  -0.289381  -0.266427  0.35627  
-0.0230734  0.00536751  -0.00920604  -0.299572  -0.235437  0.391919  
-0.0223311  0.00538738  -0.00919666  -0.303339  -0.239778  0.357668  
-0.0222376  0.00540359  -0.0087272  -0.2938  -0.252946  0.371518  
-0.0217797  0.00491781  -0.00873425  -0.287992  -0.215308  0.350287  
-0.0209443  0.0050356  -0.00872987  -0.296146  -0.245146  0.326873  
-0.021735  0.00521555  -0.00882609  -0.301815  -0.211058  0.333573  
-0.0193121  0.00538142  -0.00864733  -0.306743  -0.230093  0.278953  
-0.0206067  0.00550908  -0.00876169  -0.324231  -0.210631  0.339509  
-0.019343  0.00524108  -0.00852659  -0.318649  -0.224589  0.268551  
-0.0204283  0.00530388  -0.00846644  -0.314809  -0.222343  0.334622  
-0.0197902  0.00497837  -0.0080397  -0.302169  -0.216252  0.235908  
-0.0201266  0.0050828  -0.0082912  -0.291291  -0.219145  0.251796  
-0.0207823  0.0051376  -0.00841341  -0.290476  -0.20353  0.277968  
-0.0219692  0.00458782  -0.00796771  -0.262373  -0.24031  0.338334  
-0.0249253  0.00342038  -0.00645299  -0.196699  -0.211841  0.503553  
-0.0239828  0.00398448  -0.00617959  -0.189577  -0.253378  0.430488  
-0.0233637  0.00406875  -0.0066448  -0.195819  -0.229274  0.384475  
-0.0227491  0.00361107  -0.00656017  -0.189699  -0.180798  0.360614  
-0.0210389  0.00333694  -0.00636868  -0.185549  -0.209833  0.362332  
-0.0222986  0.00334364  -0.006302  -0.194863  -0.185317  0.415296  
-0.0206008  0.00369629  -0.00667648  -0.203658  -0.216491  0.367466  
-0.0218048  0.00360046  -0.00666514  -0.218693  -0.209596  0.434979  
-0.0210127  0.00374841  -0.00668291  -0.225402  -0.253413  0.34812  
-0.0210273  0.00401868  -0.00679605  -0.245615  -0.228478  0.398506  
-0.0208846  0.00375621  -0.0067903  -0.224045  -0.21943  0.346667  
-0.0206905  0.00395723  -0.00694588  -0.241599  -0.219273  0.396908  
-0.0210647  0.00391882  -0.00664654  -0.237643  -0.185567  0.379096  
-0.0200176  0.00381222  -0.00652543  -0.2441  -0.227697  0.360886  
-0.0211677  0.00394878  -0.0064863  -0.236963  -0.20771  0.351965  
-0.020152  0.0038777  -0.00674928  -0.240897  -0.234593  0.32226  
-0.0213151  0.00392753  -0.00680163  -0.230691  -0.177831  0.354849  
-0.0214781  0.00396194  -0.00666495  -0.222807  -0.231554  0.335451  
-0.022492  0.00406949  -0.00686586  -0.22029  -0.206912  0.419263  
-0.0229627  0.00388527  -0.00675351  -0.202709  -0.243277  0.437847  
-0.0249032  0.00385757  -0.00651593  -0.1801  -0.253545  0.489886  
-0.0248442  0.00412658  -0.00669717  -0.179334  -0.227117  0.474201  
-0.0237  0.00400528  -0.00675207  -0.188995  -0.268858  0.421546  
-0.0236627  0.00392913  -0.00685104  -0.198187  -0.21052  0.425167  
-0.0227451  0.00359836  -0.00658271  -0.199408  -0.251392  0.396126  
-0.0230009  0.00366657  -0.00601297  -0.220135  -0.196412  0.361911  
-0.0228725  0.00348809  -0.00655829  -0.20218  -0.23243  0.363757  
-0.0232317  0.00383335  -0.00626272  -0.220241  -0.188091  0.391759  
-0.0226675  0.00387598  -0.00630027  -0.206533  -0.22974  0.344687  
-0.0232027  0.0037232  -0.00636452  -0.219701  -0.210476  0.396567  
-0.0238525  0.00376457  -0.00658016  -0.209725  -0.136862  0.421909  
-0.0242566  0.00338021  -0.00670226  -0.199964  -0.152  0.471452  
-0.0237786  0.00360109  -0.00676225  -0.210436  -0.208554  0.411932  
-0.0254696  0.00380063  -0.00682518  -0.20808  -0.228555  0.425797  
-0.0257177  0.00378718  -0.00673644  -0.17662  -0.226175  0.546342  
-0.0259325  0.00431223  -0.00687417  -0.172214  -0.211868  0.525099  
-0.0247648  0.00411547  -0.00708963  -0.168977  -0.256813  0.517171  
-0.0244456  0.00471194  -0.0072626  -0.192132  -0.203483  0.491845  
-0.0239973  0.00457802  -0.00728631  -0.179049  -0.238351  0.496048  
-0.0246188  0.00483503  -0.00759518  -0.198232  -0.250009  0.537861  
-0.0238168  0.00465109  -0.00793265  -0.212603  -0.245955  0.532981  
-0.0200183  0.00353892  -0.00729097  -0.175446  -0.216193  0.515503  
-0.0133743  0.0025388  -0.00437032  -0.0773197  -0.186671  0.472994  
-0.0231213  0.00294058  -0.00554002  -0.142028  -0.299138  0.505174  
-0.0273994  0.00408368  -0.00605132  -0.167926  -0.362028  0.485977  
-0.0250485  0.00407996  -0.00611968  -0.191599  -0.242719  0.411611  
-0.0233532  0.00407996  -0.00618751  -0.163712  -0.235311  0.369425  
-0.02191  0.00420882  -0.00604667  -0.172042  -0.196359  0.391423  
-0.0216807  0.00401594  -0.00613081  -0.181751  -0.146343  0.377024  
-0.0194615  0.00367513  -0.00607658  -0.169403  -0.185462  0.365134  
-0.0195906  0.00323294  -0.00564629  -0.166991  -0.11251  0.346256  
-0.0181312  0.00325999  -0.00565669  -0.174059  -0.13758  0.337415  
-0.0203936  0.00358644  -0.00600866  -0.189056  -0.125967  0.42331  
-0.0224624  0.0035525  -0.00611999  -0.191342  -0.117275  0.437646  
-0.0233013  0.00401023  -0.00656563  -0.191504  -0.213517  0.447049  
-0.0252082  0.00454037  -0.00679948  -0.191667  -0.209871  0.506341  
-0.025868  0.00478673  -0.00712999  -0.20715  -0.185394  0.521114  
-0.0244851  0.00480959  -0.00699614  -0.200716  -0.214617  0.509901  
-0.0255349  0.00485824  -0.00695921  -0.223762  -0.186396  0.527889  
-0.0247423  0.00511314  -0.00717236  -0.215907  -0.23749  0.482606  
-0.025574  0.00523926  -0.00709134  -0.21742  -0.227133  0.495559  
-0.0255987  0.00531522  -0.0074616  -0.223969  -0.225919  0.495733  
-0.0250599  0.00562256  -0.00734404  -0.224115  -0.244219  0.507133  
-0.0252648  0.00562256  -0.00736566  -0.213701  -0.205903  0.497956  
-0.0243707  0.0049447  -0.00733705  -0.203631  -0.248504  0.474139  
-0.0249595  0.00469185  -0.00693386  -0.207278  -0.203785  0.411829  
-0.0231147  0.00444687  -0.00701265  -0.193363  -0.225083  0.345268  
-0.0241979  0.00449672  -0.00699736  -0.199071  -0.174547  0.426781  
-0.0242592  0.0044778  -0.00720872  -0.193711  -0.209852  0.429749  
-0.0248045  0.00446089  -0.00749787  -0.197307  -0.224869  0.484217  
-0.0248585  0.00440575  -0.00717997  -0.201705  -0.234236  0.424399  
-0.0243062  0.00447334  -0.00709559  -0.200605  -0.205168  0.501511  
-0.0249912  0.00426914  -0.0070146  -0.198685  -0.203763  0.497241  
-0.0231204  0.00417564  -0.00711543  -0.203922  -0.217047  0.443499  
-0.0247123  0.00418003  -0.00681418  -0.20452  -0.188794  0.43318  
-0.0230857  0.00388624  -0.00672341  -0.205365  -0.224675  0.337243  
-0.0229835  0.00417276  -0.00674486  -0.204564  -0.200316  0.35038  
-0.0232481  0.00423513  -0.00685856  -0.225409  -0.175956  0.341245  
-0.0222264  0.00425328  -0.00688811  -0.235198  -0.215306  0.31772  
-0.0219722  0.00392783  -0.00705712  -0.234009  -0.173341  0.324745  
-0.0205828  0.00378763  -0.00674249  -0.233322  -0.226085  0.231244  
-0.0209827  0.0033816  -0.00648179  -0.224443  -0.177064  0.286719  
-0.0197923  0.00307493  -0.00637175  -0.213669  -0.223515  0.20235  
-0.0203107  0.00271589  -0.00648225  -0.211293  -0.212231  0.268622  
-0.019022  0.00253983  -0.00612557  -0.209624  -0.220439  0.19422  
-0.0191491  0.00259008  -0.00621581  -0.215795  -0.203078  0.26091  
-0.0200378  0.00267222  -0.00630674  -0.218759  -0.203324  0.262923  
-0.0182903  0.00257341  -0.00632898  -0.223855  -0.21166  0.288145  
-0.0199056  0.00235555  -0.0060011  -0.213254  -0.198897  0.286265  
-0.0185319  0.00273678  -0.00599199  -0.229861  -0.237401  0.287916  
-0.0191802  0.00261546  -0.00600604  -0.23803  -0.179651  0.309484  
-0.0183393  0.00249165  -0.00591141  -0.241662  -0.200171  0.267222  
-0.018513  0.00207807  -0.00593904  -0.236021  -0.189948  0.291045  
-0.0185333  0.00259356  -0.0060465  -0.257728  -0.178036  0.285938  
-0.0177786  0.00250558  -0.00577411  -0.257818  -0.213541  0.276763  
-0.0186347  0.00256361  -0.00564682  -0.257805  -0.180576  0.305469  
-0.0171753  0.00222916  -0.00530793  -0.24477  -0.197561  0.250933  
-0.0180048  0.00238085  -0.00562055  -0.235168  -0.164971  0.277939  
-0.017964  0.0021575  -0.00563811  -0.241314  -0.180432  0.227977  
-0.0179879  0.00259652  -0.00582197  -0.25367  -0.162949  0.247029  
-0.0187616  0.00275375  -0.00615806  -0.243944  -0.157564  0.224065  
-0.018371  0.00279264  -0.00606021  -0.233995  -0.183575  0.239598  
-0.019456  0.00274761  -0.00629698  -0.219951  -0.139651  0.24332  
-0.018182  0.0027773  -0.00615763  -0.227362  -0.184081  0.238703  
-0.0188499  0.00289588  -0.00602202  -0.225543  -0.130987  0.267248  
-0.0170492  0.00315525  -0.00601536  -0.239937  -0.17971  0.240037  
-0.0190698  0.00297349  -0.00644298  -0.239806  -0.154925  0.246767  
-0.0185425  0.00280388  -0.0061776  -0.23184  -0.170286  0.217024  
-0.0192339  0.00280049  -0.00633394  -0.226906  -0.166066  0.26574  
-0.0186729  0.00290646  -0.0064603  -0.226215  -0.163184  0.21208  
-0.018486  0.00315986  -0.00617351  -0.246381  -0.159914  0.268708  
-0.0188627  0.00290424  -0.00627038  -0.236903  -0.11644  0.27244  
-0.0180283  0.00322615  -0.00637867  -0.256283  -0.164018  0.250551  
-0.0191294  0.00280152  -0.00642353  -0.242525  -0.120515  0.289658  
-0.0182779  0.00278528  -0.0061484  -0.243534  -0.179739  0.239225  
-0.0190272  0.00286934  -0.00648582  -0.239313  -0.13655  0.273983  
-0.0191412  0.00282509  -0.0062364  -0.230945  -0.15798  0.176438  
-0.0198832  0.00284434  -0.00642547  -0.232562  -0.151367  0.267856  
-0.0200551  0.0026763  -0.00663181  -0.226097  -0.143788  0.226301  
-0.0202223  0.00314066  -0.00643706  -0.229047  -0.166687  0.286106  
-0.0207631  0.0034515  -0.00655121  -0.230256  -0.130342  0.349603  
-0.0205869  0.00352242  -0.00656239  -0.225055  -0.167178  0.331377  
-0.0211261  0.00329556  -0.00656567  -0.229216  -0.145991  0.395631  
-0.0211069  0.00339187  -0.0067323  -0.210503  -0.179983  0.328618  
-0.0215522  0.00358246  -0.00640624  -0.210719  -0.169053  0.4381  
-0.0227164  0.00378718  -0.00646392  -0.226948  -0.14151  0.38966  
-0.0235141  0.00427921  -0.00631658  -0.202851  -0.19152  0.407003  
-0.0235268  0.00387573  -0.00665643  -0.19902  -0.182188  0.372346  
-0.0234717  0.00428986  -0.00686335  -0.213329  -0.165854  0.391374  
-0.0231033  0.00403517  -0.00704563  -0.225679  -0.204966  0.408232  
-0.0229705  0.00387076  -0.00705923  -0.215238  -0.167642  0.426055  
-0.0221648  0.00402537  -0.00679229  -0.206714  -0.193974  0.397371  
-0.022906  0.00403714  -0.00679589  -0.214209  -0.14815  0.428224  
-0.0218705  0.00404481  -0.00698676  -0.216146  -0.188393  0.360324  
-0.023215  0.00389602  -0.00703384  -0.215307  -0.171408  0.446146  
-0.0258793  0.00361222  -0.0065844  -0.175625  -0.228228  0.513139  
-0.0271691  0.00399177  -0.00669918  -0.174145  -0.227494  0.512902  
-0.0272612  0.00468377  -0.00663679  -0.178896  -0.317068  0.511536  
-0.027813  0.0040953  -0.00677792  -0.160636  -0.282917  0.599159  
-0.0283133  0.00471006  -0.00667534  -0.153869  -0.278983  0.594725  
-0.0276079  0.00410585  -0.00649088  -0.130078  -0.320064  0.551166  
-0.0266151  0.00494881  -0.00502211  -0.0940475  -0.268356  0.609554  
-0.0240459  0.00372553  -0.00741346  -0.178265  -0.27896  0.58076  
-0.0226814  0.00303313  -0.006601  -0.135256  -0.299161  0.486744  
-0.0213421  0.00225366  -0.00643328  -0.138987  -0.242546  0.432403  
-0.0211819  0.00277076  -0.00668626  -0.159235  -0.262047  0.469642  
-0.0230618  0.00288873  -0.00700661  -0.15917  -0.234865  0.534595  
-0.0235543  0.0023125  -0.00706982  -0.139247  -0.169962  0.642245  
-0.0234385  0.00162243  -0.00649432  -0.130296  -0.220615  0.691986  
-0.0224106  0.00206959  -0.00667794  -0.148234  -0.236629  0.607516  
-0.0213507  0.00239909  -0.00671809  -0.153998  -0.221074  0.5936  
-0.0219469  0.00240212  -0.00696205  -0.154022  -0.19913  0.632992  
-0.0215833  0.00194617  -0.00686886  -0.145178  -0.202589  0.585998  
-0.0203384  0.00194617  -0.00710592  -0.147285  -0.21243  0.54966  
-0.0205354  0.00194617  -0.00699735  -0.152799  -0.159796  0.513308  
-0.0204421  0.0015891  -0.0068191  -0.125512  -0.203155  0.540216  
-0.0226886  0.00194617  -0.00677788  -0.135265  -0.178159  0.651479  
-0.022366  0.00168927  -0.00668603  -0.127737  -0.200073  0.568129  
-0.0220787  0.00194617  -0.00679536  -0.135242  -0.20417  0.587657  
-0.0224527  0.0017264  -0.00692129  -0.129001  -0.165041  0.588252  
-0.0215685  0.00194617  -0.00689522  -0.13527  -0.208219  0.556627  
-0.0226539  0.00223218  -0.00675366  -0.135414  -0.183691  0.598996  
-0.0223125  0.00238993  -0.00703927  -0.135421  -0.196771  0.564111  
-0.021905  0.00204167  -0.00716269  -0.135302  -0.210096  0.578124  
-0.0232649  0.00237525  -0.00699188  -0.135476  -0.186722  0.576888  
-0.0223351  0.00237525  -0.006975  -0.125739  -0.19574  0.554926  
-0.0228551  0.00237525  -0.00702761  -0.133084  -0.206737  0.557972  
-0.022732  0.00248169  -0.00708195  -0.147882  -0.176183  0.552566  
-0.0215381  0.00237525  -0.00685209  -0.14173  -0.214552  0.503531  
-0.0222475  0.00249848  -0.00674482  -0.159365  -0.163422  0.569388  
-0.0224575  0.00258115  -0.00705612  -0.159418  -0.179273  0.51759  
-0.0231108  0.00290541  -0.0070188  -0.178218  -0.165212  0.595143  
-0.0237295  0.00314242  -0.00713757  -0.177118  -0.144359  0.610357  
-0.0228334  0.0031699  -0.00749205  -0.188993  -0.170637  0.592442  
-0.0233584  0.00298872  -0.00744616  -0.177602  -0.140891  0.590345  
-0.0228482  0.00300406  -0.00737831  -0.177893  -0.171355  0.57349  
-0.022959  0.00298529  -0.00727929  -0.173718  -0.151611  0.577666  
-0.0221908  0.0030204  -0.007455  -0.166198  -0.156185  0.564152  
-0.0221288  0.00303677  -0.00712227  -0.161973  -0.158152  0.588698  
-0.0227654  0.00283584  -0.00722966  -0.16343  -0.158107  0.58883  
-0.0219554  0.00302466  -0.00731642  -0.17452  -0.207575  0.581972  
-0.0223028  0.00300855  -0.00739235  -0.167411  -0.137072  0.586848  
-0.0211631  0.0034395  -0.00717255  -0.184663  -0.194247  0.566333  
-0.0215683  0.00264552  -0.00717899  -0.188942  -0.13808  0.494598  
-0.0248038  0.00307071  -0.00722378  -0.147687  -0.220688  0.580571  
-0.0358666  0.00290128  -0.00720865  -0.0799109  -0.267164  0.702871  
-0.0330219  0.0027991  -0.00730679  -0.103118  -0.234647  0.671504  
-0.0310713  0.003011  -0.00730137  -0.114872  -0.296278  0.681714  
-0.0293286  0.00322123  -0.0073338  -0.144394  -0.290551  0.663095  
-0.0295672  0.00333916  -0.00738584  -0.144439  -0.248611  0.701037  
-0.0289268  0.00277335  -0.00731432  -0.144254  -0.26077  0.636813  
-0.0277548  0.00224063  -0.00744825  -0.143942  -0.258383  0.641802  
-0.0274996  0.00182293  -0.00719367  -0.143739  -0.219402  0.630649  
-0.0260517  0.00181682  -0.00722814  -0.151506  -0.254813  0.620857  
-0.0262562  0.00139928  -0.00725858  -0.143532  -0.227113  0.610798  
-0.0252064  0.00139928  -0.00736055  -0.152488  -0.260895  0.627837  
-0.0253226  0.00194182  -0.00732118  -0.160374  -0.238821  0.632647  
-0.0245235  0.00195824  -0.00726491  -0.160402  -0.223183  0.583152  
-0.0237433  0.00216221  -0.00717574  -0.150516  -0.246875  0.622796  
-0.024631  0.00164236  -0.00674521  -0.137219  -0.168272  0.670322  
-0.0254401  0.00152416  -0.00627155  -0.127512  -0.201563  0.833852  
-0.0266168  0.00176578  -0.00516066  -0.147596  -0.358663  0.907501  
-0.0269815  0.00221996  -0.00535027  -0.142804  -0.317801  0.813288  
-0.0252461  0.00232203  -0.00578604  -0.17024  -0.326129  0.675655  
-0.0234463  0.00286733  -0.00618399  -0.200908  -0.298053  0.683214  
-0.0236243  0.00277219  -0.00628966  -0.173357  -0.245484  0.742307  
-0.024543  0.0027712  -0.00665028  -0.175619  -0.31515  0.819712  
-0.0253604  0.00261053  -0.00684856  -0.185684  -0.333534  0.883521  
-0.0238857  0.00342284  -0.00670607  -0.194548  -0.279761  0.851623  
-0.0224918  0.00293826  -0.00667982  -0.194354  -0.316634  0.786983  
-0.0222334  0.0028007  -0.00712141  -0.194183  -0.283559  0.735848  
-0.022988  0.0028007  -0.00680841  -0.164729  -0.257403  0.743715  
-0.0216868  0.00235397  -0.00691118  -0.158944  -0.295769  0.690212  
-0.0214164  0.00254221  -0.00691421  -0.16398  -0.2396  0.699694  
-0.0221746  0.00233301  -0.00689007  -0.162231  -0.222551  0.68002  
-0.0213011  0.00239015  -0.00705619  -0.151858  -0.216872  0.680556  
-0.0222468  0.00209225  -0.00631953  -0.127199  -0.197331  0.702263  
-0.022829  0.00200692  -0.006152  -0.13104  -0.177755  0.771131  
-0.0255071  0.00229415  -0.00638895  -0.107715  -0.282372  0.891611  
-0.0277222  0.00174982  -0.00605152  -0.0849914  -0.349778  1.02845  
-0.0285036  0.00254859  -0.00557663  -0.0812227  -0.354616  1.05516  
-0.0276187  0.00262732  -0.00577387  -0.08834  -0.322936  0.989001  
-0.0277555  0.00297411  -0.00606048  -0.0871094  -0.298894  0.956546  
-0.0259178  0.00291527  -0.00615829  -0.112106  -0.319527  0.884754  
-0.0252764  0.00277676  -0.00640063  -0.131688  -0.283931  0.866252  
-0.0247801  0.00254859  -0.00634179  -0.123642  -0.299305  0.846991  
-0.0246283  0.00254859  -0.00635608  -0.114008  -0.270113  0.846222  
-0.0253151  0.00254859  -0.0061668  -0.105546  -0.270996  0.846635  
-0.0248626  0.00260185  -0.00621677  -0.111852  -0.333027  0.850536  
-0.0243041  0.00249068  -0.00611848  -0.100074  -0.306717  0.83626  
-0.0244299  0.00230698  -0.00590189  -0.0943315  -0.289016  0.832734  
-0.0233884  0.00254859  -0.00591484  -0.111904  -0.305774  0.784593  
-0.0242405  0.00254859  -0.0060486  -0.111851  -0.277905  0.819134  
-0.0239076  0.00254859  -0.00601048  -0.111895  -0.315973  0.777282  
-0.0243073  0.00254859  -0.00606244  -0.111854  -0.281724  0.775745  
-0.023873  0.00254859  -0.00631362  -0.121935  -0.295883  0.74737  
-0.0235095  0.00232812  -0.00622686  -0.117763  -0.287659  0.752997  
-0.0235064  0.00235326  -0.00616608  -0.119655  -0.262261  0.708215  
-0.0225768  0.00214036  -0.00629876  -0.107471  -0.292415  0.691131  
-0.0240342  0.00254859  -0.00655754  -0.11754  -0.24561  0.762495  
-0.0237968  0.00254859  -0.00636888  -0.10842  -0.319147  0.764386  
-0.0242085  0.00286465  -0.00646473  -0.127881  -0.263007  0.81431  
-0.023456  0.00254859  -0.00619547  -0.110235  -0.291054  0.773012  
-0.0236603  0.00254859  -0.0063067  -0.112747  -0.263577  0.778554  
-0.0134912  0.00150459  -2.85401e-05  0.0781939  -0.00886699  0.62124  
0.00448073  -0.00031574  -0.00102004  -0.022698  0.0819388  0.131888  
-3.74275e-06  -9.07471e-05  -0.000173231  0.00642916  0.00924101  -0.00117011  
-0.00443848  0.000901102  -0.001468  -0.0256611  -0.0764919  0.0976972  
-0.00528909  0.000970598  -0.00140537  -0.00704635  -0.0510276  0.0655648  
-0.00524436  0.00113557  -0.00136459  -0.0111452  0.0106124  0.111575  
-0.00485475  0.000688254  -0.001546  -0.0107086  -0.0300539  0.152483  
-0.00638429  0.000461808  -0.00131466  0.00494063  0.00961885  0.188907  
-0.00577251  0.000788674  -0.00175351  -0.0329534  -0.0275262  0.174359  
-0.00627661  0.000620263  -0.00195683  -0.0382388  -0.0075661  0.176707  
-0.00659185  0.00076262  -0.00212912  -0.0461733  0.00977659  0.175447  
-0.00642374  0.000817839  -0.00190175  -0.0341431  -0.00926463  0.193175  
-0.0073017  0.00113557  -0.00194098  -0.0342042  0.0158732  0.217981  
-0.00666983  0.000847416  -0.00205357  -0.0387482  -0.0421671  0.216089  
-0.00806783  0.00113557  -0.00249205  -0.0412688  0.0103666  0.226728  
-0.0069558  0.00113557  -0.00255016  -0.0505868  -0.0356515  0.195775  
-0.00767921  0.00113557  -0.00270261  -0.052784  0.0125943  0.244621  
-0.00655029  0.00113557  -0.00270668  -0.0585546  -0.0125109  0.193278  
-0.00709923  0.00131572  -0.00275206  -0.0610192  0.00789956  0.244039  
-0.00764364  0.00136134  -0.00279574  -0.0673712  0.0133603  0.219086  
-0.00763066  0.00136402  -0.00301084  -0.0697123  0.00129125  0.24658  
-0.00877509  0.00170908  -0.00300098  -0.0735947  0.00340823  0.243915  
-0.0077728  0.00170528  -0.00302799  -0.0725481  -0.0329524  0.214706  
-0.00906372  0.00196002  -0.00302151  -0.0614721  0.0161884  0.282568  
-0.00851695  0.00189279  -0.00298304  -0.0529328  -0.0189308  0.291253  
-0.00889039  0.00164797  -0.00287648  -0.0630666  -0.0259793  0.311018  
-0.00942361  0.00172865  -0.00291066  -0.0700107  -0.0135935  0.334522  
-0.00882674  0.00159585  -0.00284535  -0.0741956  -0.041986  0.319769  
-0.0101415  0.00175102  -0.00296671  -0.0700559  0.0050237  0.334641  
-0.00925303  0.00175102  -0.0029165  -0.0836423  -0.0452552  0.290534  
-0.0103639  0.00175103  -0.00321472  -0.0866816  -0.00461749  0.344407  
-0.00986887  0.00158014  -0.00326141  -0.0986465  -0.019462  0.295513  
-0.00952421  0.00175102  -0.00325072  -0.103489  -0.0200975  0.338447  
-0.00999917  0.00153993  -0.00329908  -0.0849676  -0.00172335  0.342728  
-0.0097025  0.00132001  -0.00319973  -0.0837285  -0.0345284  0.373197  
-0.0104263  0.00175102  -0.00320375  -0.0805396  -0.0169656  0.372892  
-0.010387  0.00140505  -0.00315468  -0.0780412  -0.0474196  0.391309  
-0.0106487  0.00107619  -0.00322516  -0.0789429  -0.0352322  0.429818  
-0.01087  0.00175103  -0.00346176  -0.0975648  -0.0548397  0.427884  
-0.0111776  0.0013464  -0.00291841  -0.0616175  -0.0161421  0.498911  
-0.0125546  0.00168508  -0.0028113  -0.0594055  -0.03758  0.480627  
-0.0120656  0.00175103  -0.00270698  -0.055566  -0.0786005  0.477099  
-0.012245  0.00153192  -0.0027947  -0.0644147  -0.0586455  0.518302  
-0.0118994  0.00139146  -0.00266194  -0.0531303  -0.0558582  0.460634  
-0.0114197  0.00132737  -0.00258464  -0.053718  -0.0795452  0.460064  
-0.0103407  0.0012406  -0.00289293  -0.0539295  -0.0423249  0.362493  
-0.00871854  0.00116428  -0.00270572  -0.0627854  -0.0639064  0.319809  
-0.0103018  0.00147711  -0.00291741  -0.0434693  -0.0191383  0.380716  
-0.0100358  0.000994553  -0.00292621  -0.0474122  -0.0643395  0.346432  
-0.0096778  0.00134589  -0.00281818  -0.0641927  -0.0827074  0.325118  
-0.0103018  0.00128471  -0.00299359  -0.0596106  -0.0575679  0.374597  
-0.0103018  0.00131309  -0.00312908  -0.0537272  -0.0559157  0.372603  
-0.010707  0.00131725  -0.00328427  -0.0562751  -0.0629579  0.449358  
-0.0114809  0.00132955  -0.00341459  -0.0696226  -0.0809085  0.508294  
-0.0161976  0.00163778  -0.00173417  -0.0390632  -0.187936  0.624171  
-0.0189623  0.00202735  -0.00210927  -0.0505946  -0.193544  0.604828  
-0.0161358  0.0023407  -0.00248943  -0.05065  -0.10113  0.520714  
-0.0145735  0.00173356  -0.0024887  -0.0505148  -0.14152  0.474279  
-0.014373  0.00189615  -0.00274832  -0.0578147  -0.0921372  0.421002  
-0.0139629  0.00191903  -0.00277883  -0.0647827  -0.0967769  0.432651  
-0.0125688  0.00154615  -0.00301145  -0.051425  -0.117898  0.374242  
-0.0128759  0.0015994  -0.00306221  -0.0580329  -0.0820042  0.400619  
-0.0120233  0.00137728  -0.00312913  -0.0529339  -0.0957252  0.326108  
-0.0116826  0.00121429  -0.0031986  -0.0671072  -0.0825925  0.392197  
-0.0121024  0.00131149  -0.00324041  -0.0709996  -0.0826282  0.381178  
-0.0121024  0.00141519  -0.00336573  -0.0712589  -0.107796  0.433043  
-0.0129529  0.00154615  -0.00346312  -0.0713121  -0.0669156  0.445948  
-0.0116377  0.00154615  -0.00368535  -0.0729067  -0.138609  0.444166  
-0.0126946  0.00193158  -0.00358002  -0.0655587  -0.0954914  0.484364  
-0.0119468  0.00191885  -0.00361479  -0.0627494  -0.0896766  0.439253  
-0.0114828  0.00192197  -0.00353523  -0.0547722  -0.103845  0.43712  
-0.0124794  0.00247164  -0.00342555  -0.0730596  -0.0694096  0.461166  
-0.0120875  0.00247164  -0.00350384  -0.0963063  -0.134107  0.52006  
-0.0133182  0.00268128  -0.00307882  -0.083934  -0.107598  0.617387  
-0.0139112  0.0026542  -0.00298203  -0.0767856  -0.111061  0.556699  
-0.0147268  0.00279225  -0.00315207  -0.0769802  -0.144608  0.569072  
-0.0160189  0.00263257  -0.00334053  -0.0702414  -0.1115  0.597772  
-0.0154363  0.00281169  -0.00318198  -0.0791477  -0.176526  0.576745  
-0.0147741  0.00252924  -0.00327061  -0.0637541  -0.167417  0.55303  
-0.0151273  0.00244521  -0.00318461  -0.0752833  -0.139767  0.560856  
-0.0141552  0.00252924  -0.00348846  -0.086363  -0.168698  0.584136  
-0.0134768  0.00267618  -0.00372648  -0.104847  -0.151848  0.62411  
-0.0128015  0.00252923  -0.00433483  -0.104646  -0.192137  0.62797  
-0.0127324  0.00278938  -0.00515958  -0.141066  -0.214808  0.657076  
-0.0133463  0.00306146  -0.00463994  -0.141291  -0.200568  0.64454  
-0.0125267  0.00373934  -0.00449973  -0.150737  -0.198  0.572051  
-0.0116559  0.00373934  -0.00464154  -0.149049  -0.223109  0.544969  
-0.012081  0.00362727  -0.00486486  -0.13644  -0.150722  0.555337  
-0.0108632  0.0034659  -0.00470857  -0.137784  -0.191531  0.514487  
-0.0109547  0.00344304  -0.00461042  -0.140878  -0.186944  0.57054  
-0.01227  0.00373934  -0.00432985  -0.136702  -0.128641  0.569024  
-0.0104783  0.00373934  -0.00423568  -0.137873  -0.199098  0.445071  
-0.0109479  0.00339958  -0.00420388  -0.13511  -0.135869  0.456861  
-0.0113599  0.00327941  -0.00425194  -0.137185  -0.143896  0.397646  
-0.0109479  0.0033413  -0.00438957  -0.134945  -0.145114  0.47244  
-0.0115046  0.00373934  -0.00422581  -0.130362  -0.114495  0.500742  
-0.0135876  0.00301959  -0.00419478  -0.0939905  -0.182081  0.655116  
-0.0159746  0.00373934  -0.00415187  -0.103715  -0.175911  0.747702  
-0.01552  0.003527  -0.0041371  -0.10219  -0.175056  0.671939  
-0.014743  0.00373934  -0.00405446  -0.0976758  -0.224954  0.724632  
-0.016051  0.00411517  -0.00426276  -0.108862  -0.205502  0.80046  
-0.0156855  0.00395349  -0.00409211  -0.0941866  -0.223977  0.817597  
-0.0159536  0.00407718  -0.00405228  -0.101713  -0.211147  0.7994  
-0.0151658  0.00400874  -0.00405435  -0.108932  -0.225349  0.750236  
-0.0152666  0.00367871  -0.00391316  -0.0992517  -0.207838  0.726827  
-0.0152666  0.00320428  -0.00408616  -0.0961581  -0.204667  0.69735  
-0.0165065  -0.000290841  0.000505569  0.060512  -0.213736  0.769877  
-0.0168023  0.00097966  -0.00185651  -0.0202149  -0.266942  0.79593  
-0.0176298  0.0021299  -0.00254021  -0.0979145  -0.264997  0.625939  
-0.0207674  0.00188685  -0.00270574  -0.0792363  -0.230776  1.1405  
-0.0268329  0.00398357  -0.00500377  -0.160872  -0.303292  1.47863  
-0.0274389  0.00373751  -0.00554561  -0.162136  -0.343273  1.45246  
-0.0279207  0.00408841  -0.00549333  -0.13017  -0.464784  1.44232  
-0.0293859  0.00373751  -0.00561916  -0.116365  -0.429786  1.37776  
-0.0281431  0.00328785  -0.00535876  -0.115938  -0.307069  1.55366  
-0.0301292  0.00270038  -0.00538846  -0.115301  -0.350132  1.54468  
-0.0311478  0.00270038  -0.00563824  -0.121605  -0.538587  1.50073  
-0.0299273  0.00343114  -0.00571769  -0.112952  -0.514878  1.38498  
-0.0294559  0.00343114  -0.00578028  -0.0879831  -0.492778  1.41067  
-0.0293389  0.00315447  -0.00606804  -0.0942145  -0.471962  1.46406  
-0.0277715  0.00327026  -0.00642083  -0.118227  -0.553881  1.51751  
-0.0284141  0.00324877  -0.00663078  -0.131009  -0.487911  1.55556  
-0.0283482  0.00390465  -0.00658249  -0.13882  -0.546146  1.53081  
-0.0284639  0.00420701  -0.00659164  -0.147466  -0.555709  1.5684  
-0.0279418  0.0039111  -0.00674116  -0.141195  -0.571069  1.57433  
-0.0290009  0.0039111  -0.006564  -0.12054  -0.540509  1.4892  
-0.0281523  0.00448282  -0.0065239  -0.123242  -0.583984  1.33782  
-0.0287469  0.0041646  -0.00618121  -0.103588  -0.547771  1.3641  
-0.0295841  0.00380058  -0.0056047  -0.100385  -0.470112  1.40961  
-0.03003  0.00343955  -0.00560783  -0.100075  -0.596646  1.47793  
-0.0297156  0.0036597  -0.00538191  -0.100329  -0.539004  1.42834  
-0.0290885  0.00416105  -0.00489508  -0.10105  -0.5322  1.38383  
-0.0272948  0.00385632  -0.00479004  -0.0966924  -0.548299  1.3192  
-0.0256483  0.00369969  -0.00500395  -0.0837619  -0.530375  1.2765  
-0.0252926  0.00380313  -0.00511497  -0.100565  -0.514376  1.29821  
-0.0255481  0.00388718  -0.00481419  -0.117525  -0.517121  1.30842  
-0.0263882  0.00383727  -0.00502188  -0.117398  -0.513945  1.36619  
-0.0266578  0.0035681  -0.00476614  -0.111515  -0.511139  1.32743  
-0.024524  0.00339581  -0.0053435  -0.11688  -0.557009  1.22656  
-0.0252108  0.00394074  -0.00573353  -0.123117  -0.591741  1.34596  
-0.0268246  0.00427152  -0.00577265  -0.118032  -0.536037  1.41245  
-0.0276903  0.00446178  -0.00560732  -0.125729  -0.50585  1.37747  
-0.0276996  0.00450197  -0.0059977  -0.134575  -0.536197  1.45035  
-0.0269396  0.00427152  -0.00579581  -0.128469  -0.623105  1.4402  
-0.0270871  0.00405362  -0.00575627  -0.11621  -0.57274  1.34988  
-0.0268848  0.00418225  -0.00551187  -0.113513  -0.498047  1.30048  
-0.0266276  0.00465772  -0.00574119  -0.130692  -0.543274  1.35321  
-0.0268454  0.00457728  -0.00609798  -0.11669  -0.551814  1.37757  
-0.0275675  0.00504106  -0.00630172  -0.134971  -0.507453  1.42355  
-0.0273684  0.00479698  -0.00650914  -0.110882  -0.557059  1.41379  
-0.0274049  0.00444347  -0.00632997  -0.0976726  -0.581828  1.36775  
-0.0275943  0.00479698  -0.0061961  -0.0888133  -0.553379  1.37647  
-0.0277014  0.00479698  -0.00609524  -0.0980407  -0.534177  1.40306  
-0.0278987  0.00479698  -0.00613173  -0.0980205  -0.569161  1.38756  
-0.0277475  0.00445233  -0.00592798  -0.0934237  -0.56415  1.36086  
-0.0279906  0.00420657  -0.00593967  -0.0859097  -0.565198  1.35181  
-0.0272096  0.00414758  -0.00589655  -0.0975849  -0.530303  1.38548  
-0.0262647  0.00453724  -0.00602383  -0.120018  -0.55609  1.37552  
-0.0260272  0.00468411  -0.00635493  -0.10139  -0.491442  1.38758  
-0.0262014  0.00492102  -0.00581559  -0.10334  -0.462138  1.41143  
-0.0252912  0.00506756  -0.00619132  -0.100806  -0.514132  1.35441  
-0.0251886  0.00492102  -0.0061979  -0.102964  -0.532749  1.3499  
-0.0243612  0.00452534  -0.00629326  -0.102547  -0.500582  1.28007  
-0.0240886  0.00394965  -0.00597699  -0.0816126  -0.482422  1.25245  
-0.0235533  0.00368324  -0.00613592  -0.0853176  -0.48392  1.19602  
-0.0244227  0.00347231  -0.00600494  -0.0795637  -0.475012  1.21551  
-0.0238383  0.00338168  -0.00608421  -0.0651365  -0.503528  1.18403  
-0.0235474  0.00345925  -0.00586768  -0.0694839  -0.453898  1.19933  
-0.0253005  0.00373142  -0.0062356  -0.0680028  -0.435416  1.22795  
-0.0274109  0.00370924  -0.00636189  -0.0623151  -0.528517  1.35757  
-0.0273514  0.00365219  -0.00644639  -0.0699936  -0.529995  1.30573  
-0.0263563  0.00365219  -0.00652253  -0.0839432  -0.489206  1.21855  
-0.0258733  0.00312739  -0.00644708  -0.0835366  -0.472273  1.20392  
-0.0257378  0.00283615  -0.00630058  -0.0833108  -0.467837  1.1998  
-0.0257165  0.00286545  -0.0063776  -0.0833364  -0.473247  1.22722  
-0.0244836  0.0027093  -0.00642908  -0.0832505  -0.498621  1.19982  
-0.0259415  0.00245556  -0.00644493  -0.0829573  -0.462285  1.1919  
-0.0265149  0.00275068  -0.00612129  -0.0622084  -0.452089  1.24879  
-0.0262376  0.00255926  -0.00599623  -0.0710479  -0.543739  1.26487  
-0.0249116  0.00245556  -0.0060182  -0.0688236  -0.526935  1.21953  
-0.0252915  0.00245556  -0.00601739  -0.0606716  -0.473578  1.22496  
-0.0254417  0.00245556  -0.00631866  -0.072567  -0.530581  1.29603  
-0.0248101  0.00309987  -0.00612992  -0.0837538  -0.544424  1.25841  
-0.0247412  0.00333162  -0.00656077  -0.0922773  -0.510289  1.23969  
-0.0249134  0.00290539  -0.0065689  -0.0976442  -0.534187  1.26858  
-0.0255872  0.00304557  -0.00668686  -0.0856041  -0.518082  1.24884  
-0.02546  0.00330391  -0.00620751  -0.0707108  -0.453267  1.24966  
-0.0257501  0.00315497  -0.00631958  -0.0790243  -0.515467  1.25319  
-0.0265687  0.00330575  -0.00636593  -0.0763155  -0.489402  1.29332  
-0.0263988  0.003476  -0.00636168  -0.0804453  -0.522706  1.27674  
-0.0260366  0.00342133  -0.00632839  -0.0907875  -0.512832  1.26731  
-0.0259036  0.00304557  -0.00622165  -0.0713797  -0.503685  1.2287  
-0.024982  0.00304557  -0.00620151  -0.0779307  -0.538548  1.21146  
-0.0240557  0.00304557  -0.00608335  -0.0837842  -0.492183  1.12759  
-0.0244712  0.00326113  -0.00616208  -0.0854844  -0.504151  1.209  
-0.023844  0.00293964  -0.00596859  -0.0712251  -0.502576  1.13166  
-0.0238679  0.00257407  -0.00590398  -0.0741094  -0.470775  1.14681  
-0.0234057  0.00250312  -0.0057006  -0.068615  -0.500221  1.13104  
-0.0233593  0.00252362  -0.00583414  -0.069579  -0.469711  1.14114  
-0.0236847  0.00254971  -0.00581945  -0.0655497  -0.49046  1.17506  
-0.0250071  0.00299043  -0.00600789  -0.0744258  -0.481899  1.2419  
-0.0260829  0.00285156  -0.00600162  -0.0743538  -0.55262  1.28444  
-0.0262331  0.00309734  -0.00558373  -0.0747467  -0.536504  1.31981  
-0.0257251  0.00280153  -0.00620493  -0.0719709  -0.557423  1.28112  
-0.0247893  0.00324062  -0.00624803  -0.0746394  -0.524597  1.27278  
-0.0268086  0.00299856  -0.00596658  -0.0657503  -0.515971  1.29118  
-0.0254368  0.00299856  -0.00601338  -0.0744955  -0.545194  1.25546  
-0.0249461  0.00299856  -0.006045  -0.0744234  -0.505435  1.18749  
-0.0243123  0.0027613  -0.00613386  -0.0721661  -0.513844  1.17448  
-0.0253783  0.00278374  -0.00628469  -0.0631006  -0.445618  1.22557  
-0.0247787  0.00306279  -0.00622083  -0.0694996  -0.490685  1.2048  
-0.0256872  0.00308509  -0.00620256  -0.0526292  -0.429719  1.27883  
-0.0270385  0.00247694  -0.00525348  -0.0638091  -0.425423  1.42648  
-0.0273971  0.00284002  -0.00529511  -0.0914586  -0.461801  1.41237  
-0.028508  0.00329165  -0.00550058  -0.0966925  -0.491347  1.22344  
-0.0278668  0.00377126  -0.00620884  -0.0897451  -0.520905  1.20007  
-0.0272428  0.00360559  -0.00624305  -0.0896235  -0.503297  1.21083  
-0.0266043  0.00235651  -0.00608409  -0.0670435  -0.491474  1.17356  
-0.0252601  0.00266573  -0.00627889  -0.088831  -0.519108  1.16746  
-0.0250137  0.00267289  -0.00629907  -0.0887848  -0.487346  1.14975  
-0.0248676  0.0029111  -0.00655395  -0.103061  -0.495463  1.20148  
-0.0243838  0.00280846  -0.00665119  -0.105452  -0.48814  1.21141  
-0.0251446  0.00280846  -0.00628075  -0.0997008  -0.453877  1.22165  
-0.0255205  0.00280846  -0.006613  -0.1055  -0.500382  1.25672  
-0.0257904  0.00280846  -0.0067088  -0.0882688  -0.537338  1.2113  
-0.025538  0.00260335  -0.00659755  -0.0859294  -0.509909  1.16641  
-0.0258792  0.00246635  -0.00696193  -0.0914039  -0.493533  1.20626  
-0.0265784  0.00270809  -0.00657811  -0.0849738  -0.465747  1.18047  
-0.0266645  0.00302152  -0.00683229  -0.080568  -0.504852  1.16905  
-0.0254481  0.0026508  -0.00641094  -0.0849266  -0.495647  1.0801  
-0.0242754  0.00264896  -0.00669903  -0.0848106  -0.444214  1.01445  
-0.0234616  0.0027081  -0.00643363  -0.0854904  -0.449747  0.99476  
-0.0234318  0.0027081  -0.00656756  -0.0960314  -0.424624  0.999135  
-0.0232085  0.0027081  -0.00651366  -0.0928819  -0.474632  0.98722  
-0.0233116  0.0027081  -0.00637077  -0.0746302  -0.425569  1.01501  
-0.0235056  0.00215545  -0.00611984  -0.056081  -0.435725  0.972593  
-0.0222661  0.0018574  -0.00588506  -0.0559649  -0.453424  0.931528  
-0.0218027  0.0018574  -0.00590104  -0.0559425  -0.421644  0.939295  
-0.0209871  0.00159193  -0.00564847  -0.0558966  -0.426701  0.889482  
-0.0201333  0.00175432  -0.00583382  -0.0702932  -0.417839  0.896989  
-0.0208215  0.00187586  -0.00581815  -0.0720967  -0.410266  0.879295  
-0.0205185  0.00204575  -0.00591339  -0.0721645  -0.430175  0.903674  
-0.021885  0.00187107  -0.00588467  -0.0720255  -0.406136  0.945373  
-0.0221434  0.00217806  -0.00575899  -0.0780164  -0.426403  1.00314  
-0.0213094  0.00265066  -0.00596663  -0.0934735  -0.486801  0.998265  
-0.0205212  0.0029031  -0.00641722  -0.133569  -0.456542  1.0435  
-0.0212814  0.0029758  -0.00649998  -0.133604  -0.459525  1.06147  
-0.0221683  0.00256201  -0.0054324  -0.138462  -0.472194  1.1035  
-0.0226788  0.00256201  -0.00536255  -0.108285  -0.455613  1.04026  
-0.0215884  0.00256201  -0.00575465  -0.110858  -0.470478  0.96591  
-0.0200808  0.00240059  -0.00600861  -0.110639  -0.400899  0.888394  
-0.0185525  0.00216909  -0.00586505  -0.110597  -0.426704  0.83683  
-0.0186901  0.00217434  -0.00573887  -0.131741  -0.406616  0.854666  
-0.0205881  0.00247568  -0.00591747  -0.118925  -0.42765  0.972238  
-0.0208125  0.00258038  -0.005703  -0.105956  -0.396176  0.973238  
-0.0204222  0.0025187  -0.00592766  -0.111243  -0.440008  0.898222  
-0.0195771  0.00194136  -0.00568554  -0.0928142  -0.426257  0.865404  
-0.0192797  0.00218095  -0.00564804  -0.111055  -0.386074  0.853804  
-0.0180615  0.0017497  -0.00549532  -0.0970826  -0.384426  0.86313  
-0.0191651  0.00201171  -0.00534213  -0.0866373  -0.35235  0.885297  
-0.0185148  0.00198446  -0.00524467  -0.0900826  -0.385581  0.911399  
-0.0187533  0.0018029  -0.00523017  -0.0801143  -0.347927  0.86559  
-0.0182975  0.00139536  -0.00500975  -0.0665368  -0.38618  0.86589  
-0.0193165  0.00193222  -0.00512832  -0.0779463  -0.36402  0.935176  
-0.0198321  0.00254893  -0.00533647  -0.0835836  -0.412292  1.00544  
-0.0206222  0.00239913  -0.00534314  -0.0792908  -0.367897  1.00769  
-0.0203019  0.00239913  -0.00550493  -0.0552718  -0.399109  0.938379  
-0.0203179  0.00254327  -0.00528904  -0.0739125  -0.33792  0.94155  
-0.0199271  0.00239913  -0.00555209  -0.0673532  -0.370598  0.881359  
-0.0207626  0.00259941  -0.00537752  -0.0651193  -0.34562  0.940216  
-0.0226088  0.00266217  -0.00483912  -0.0740465  -0.351022  1.1205  
-0.0234174  0.00261278  -0.00516485  -0.0882628  -0.403077  1.15514  
-0.0236785  0.00259414  -0.00572077  -0.0930369  -0.464832  1.12511  
-0.0244128  0.00264529  -0.00602991  -0.0738555  -0.449175  1.20439  
-0.0239189  0.00264529  -0.00556291  -0.0681077  -0.400436  1.17609  
-0.0244891  0.00307168  -0.00559041  -0.0684554  -0.44518  1.16195  
-0.0243789  0.00304024  -0.00499314  -0.066001  -0.412256  1.11548  
-0.0241442  0.00281602  -0.0047987  -0.0853631  -0.385874  1.14953  
-0.024094  0.00264529  -0.00515788  -0.0739309  -0.362063  1.17811  
-0.0247193  0.00324826  -0.00542403  -0.0855507  -0.394866  1.16806  
-0.0251704  0.00355987  -0.00558477  -0.0858479  -0.435068  1.22395  
-0.025786  0.00403291  -0.0058353  -0.0862072  -0.415201  1.25877  
-0.024895  0.00377856  -0.0057965  -0.0955188  -0.379016  1.23169  
-0.0244837  0.00374718  -0.00541154  -0.0893905  -0.42732  1.24645  
-0.0250293  0.00349473  -0.00553475  -0.0952264  -0.472764  1.25382  
-0.0241567  0.00340397  -0.00573353  -0.101742  -0.413003  1.18742  
-0.0230063  0.00303672  -0.00577201  -0.119189  -0.424209  1.10346  
-0.0232636  0.00330758  -0.00587011  -0.136902  -0.414962  1.11494  
-0.0220182  0.00325677  -0.00594452  -0.13687  -0.395473  1.04736  
-0.0207248  0.00296266  -0.00588715  -0.133281  -0.397885  0.934687  
-0.0211316  0.00301118  -0.00592654  -0.125238  -0.364261  0.959664  
-0.0214043  0.00304451  -0.00608339  -0.132194  -0.397565  0.994437  
-0.0233048  0.00316274  -0.00613621  -0.164589  -0.384158  1.05723  
-0.0250284  0.00356167  -0.00570685  -0.161107  -0.368347  1.24711  
-0.0248114  0.00354058  -0.00596749  -0.153395  -0.42182  1.20911  
-0.0229987  0.00358292  -0.00654803  -0.147447  -0.435387  1.14768  
-0.0229223  0.00378757  -0.00645958  -0.149796  -0.429072  1.16667  
-0.0233702  0.00391657  -0.00646215  -0.14179  -0.401076  1.18077  
-0.0225358  0.0034522  -0.00621145  -0.118596  -0.435724  1.15793  
-0.0230841  0.00327543  -0.0063309  -0.102404  -0.396729  1.15727  
-0.0240366  0.00391657  -0.00614084  -0.114965  -0.330171  1.16248  
-0.0239059  0.00391657  -0.00646121  -0.114887  -0.354503  1.16324  
-0.023885  0.00391657  -0.00681034  -0.114797  -0.417449  1.14956  
-0.0239949  0.00422313  -0.00672218  -0.120736  -0.421921  1.15265  
-0.023518  0.00424002  -0.00677649  -0.121102  -0.403764  1.1473  
-0.0235805  0.00452086  -0.00698217  -0.128311  -0.415237  1.14217  
-0.0220206  0.0044412  -0.0069094  -0.131775  -0.41619  1.09467  
-0.0201604  0.00391657  -0.00659031  -0.115157  -0.417773  0.987293  
-0.0189765  0.0033162  -0.00610898  -0.10511  -0.339793  0.934604  
-0.0196035  0.00317796  -0.00598703  -0.106724  -0.359185  0.958333  
-0.0192002  0.00338275  -0.00616025  -0.124513  -0.394782  1.00055  
-0.024257  0.00292913  -0.00559766  -0.11177  -0.4789  1.35747  
-0.0270801  0.00292877  -0.00591366  -0.137533  -0.421044  1.5404  
-0.027696  0.00364725  -0.00550214  -0.184264  -0.543743  1.85277  
-0.0324954  0.00454092  -0.00718276  -0.238728  -0.699645  2.35534  
-0.0320469  0.00455386  -0.00740495  -0.200531  -0.731831  2.39612  
-0.0318014  0.00506135  -0.00759698  -0.210276  -0.75415  2.31328  
-0.0322516  0.00490777  -0.00705443  -0.191821  -0.671605  2.346  
-0.0322931  0.00432081  -0.00713325  -0.183725  -0.699132  2.29933  
-0.0309543  0.00473889  -0.00696679  -0.183825  -0.740544  2.24493  
-0.0309677  0.00477552  -0.00704398  -0.172203  -0.699369  2.16574  
-0.0316482  0.00463159  -0.00679588  -0.170447  -0.672927  2.18555  
-0.0309438  0.00389347  -0.00674853  -0.135818  -0.722267  2.17757  
-0.0303676  0.00460684  -0.00680136  -0.142589  -0.716309  2.12826  
-0.0317331  0.0040496  -0.00707537  -0.137256  -0.652682  2.18864  
-0.0308645  0.0042441  -0.00715744  -0.126098  -0.701017  2.08229  
-0.030106  0.0042441  -0.00658921  -0.132562  -0.700592  1.97538  
-0.0293847  0.0038323  -0.00657566  -0.125201  -0.668513  1.98918  
-0.028888  0.0038323  -0.00721224  -0.138169  -0.683  2.00839  
-0.0282619  0.0038323  -0.00682582  -0.163492  -0.615003  2.03023  
-0.0281021  0.00428083  -0.00699864  -0.155431  -0.631276  1.91426  
-0.0286832  0.00469779  -0.00688307  -0.157239  -0.574907  1.91391  
-0.028504  0.00488337  -0.00654918  -0.15675  -0.5947  1.80751  
-0.0284609  0.00488748  -0.00684405  -0.160601  -0.610057  1.82934  
-0.0287963  0.00469779  -0.00654328  -0.15077  -0.532132  1.86316  
-0.028134  0.00469779  -0.00631733  -0.130693  -0.60979  1.85692  
-0.029402  0.00439235  -0.00632566  -0.107871  -0.559032  1.85625  
-0.0298393  0.00469779  -0.0064183  -0.105012  -0.559367  1.85597  
-0.0278393  0.00469779  -0.00592734  -0.0952521  -0.591783  1.78208  
-0.0279712  0.00403151  -0.00591331  -0.0761106  -0.55963  1.80963  
-0.0281707  0.00469779  -0.00598125  -0.0951529  -0.51728  1.83052  
-0.0268402  0.00460239  -0.00618812  -0.0970209  -0.551319  1.76421  
-0.028037  0.0044036  -0.00596761  -0.0968124  -0.523214  1.82379  
-0.0267142  0.00463763  -0.00629554  -0.0965961  -0.558064  1.76973  
-0.0278015  0.00469779  -0.00619667  -0.100528  -0.508961  1.78387  
-0.0273453  0.00469779  -0.00598166  -0.110961  -0.543134  1.72849  
-0.0266936  0.00450293  -0.00584484  -0.111204  -0.537205  1.62994  
-0.026492  0.0043478  -0.00569848  -0.105631  -0.529624  1.56839  
-0.0268366  0.0043478  -0.00595694  -0.116388  -0.462881  1.55169  
-0.0259941  0.0043478  -0.00596546  -0.0980743  -0.52243  1.5678  
-0.0248777  0.00406939  -0.00579  -0.0999428  -0.520434  1.59203  
-0.0260874  0.00419935  -0.00587005  -0.0971611  -0.475203  1.59685  
-0.0258754  0.00424322  -0.00594144  -0.0932394  -0.532131  1.60931  
-0.0257853  0.00311735  -0.00757618  -0.14673  -0.540113  1.69354  
-0.0277978  0.00493248  -0.00487231  -0.0643887  -0.519001  1.78389  
-0.0235729  0.00361262  -0.00646728  -0.131034  -0.546413  1.76579  
-0.0254797  0.00434267  -0.00537588  -0.0995619  -0.525121  1.72065  
-0.0246362  0.00422259  -0.00591819  -0.0842298  -0.502669  1.68024  
-0.0247719  0.00434267  -0.0056518  -0.0824295  -0.488301  1.64919  
-0.0250872  0.00399324  -0.00540312  -0.0821623  -0.474174  1.70371  
-0.0236559  0.00388075  -0.00523155  -0.0821341  -0.502424  1.63074  
-0.0254482  0.00388075  -0.00553621  -0.0975589  -0.466997  1.67516  
-0.0257218  0.00445631  -0.00578701  -0.100546  -0.489951  1.63471  
-0.0248917  0.00430086  -0.0059733  -0.100279  -0.493348  1.61478  
-0.0253499  0.00439469  -0.00604731  -0.104705  -0.455452  1.58452  
-0.0254688  0.00474205  -0.00623028  -0.100644  -0.468214  1.56557  
-0.026167  0.00449902  -0.00616976  -0.110677  -0.425592  1.61398  
-0.0253715  0.00493049  -0.00625139  -0.112019  -0.495131  1.59692  
-0.0260801  0.00479775  -0.00601589  -0.109095  -0.432124  1.63411  
-0.0255154  0.00506321  -0.00629276  -0.112862  -0.441577  1.64996  
-0.025073  0.00473857  -0.00634604  -0.10849  -0.460485  1.62162  
-0.0265018  0.00461512  -0.00619871  -0.110811  -0.43946  1.69437  
-0.0259387  0.00461512  -0.00622386  -0.103899  -0.486236  1.61278  
-0.0251275  0.00434922  -0.00598584  -0.109437  -0.483806  1.58248  
-0.0255139  0.00461512  -0.00593998  -0.100572  -0.432359  1.52857  
-0.0250568  0.00461512  -0.00603477  -0.104704  -0.45045  1.50799  
-0.0241356  0.00461512  -0.00622666  -0.100556  -0.449281  1.4202  
-0.0245079  0.00489747  -0.00635207  -0.111228  -0.440839  1.49385  
-0.0246741  0.00461512  -0.00599749  -0.100651  -0.445057  1.4846  
-0.0253572  0.00467052  -0.00602735  -0.10067  -0.441382  1.4767  
-0.0245113  0.00440913  -0.00603735  -0.107296  -0.467595  1.52707  
-0.0257453  0.00444483  -0.00633316  -0.116523  -0.460783  1.58176  
-0.0254837  0.00483569  -0.0063534  -0.116965  -0.463557  1.583  
-0.0250474  0.00461512  -0.00634551  -0.116729  -0.474508  1.58259  
-0.026214  0.00475923  -0.00665382  -0.116753  -0.434251  1.56714  
-0.0255142  0.0047904  -0.00655723  -0.116822  -0.455354  1.51414  
-0.0247107  0.00461513  -0.00622647  -0.116722  -0.437673  1.48454  
-0.0253697  0.00512031  -0.00665888  -0.134546  -0.402322  1.51734  
-0.0245684  0.00461513  -0.00643715  -0.1341  -0.436049  1.46006  
-0.0252359  0.00461513  -0.00649928  -0.12477  -0.403501  1.48158  
-0.0244159  0.00461513  -0.00645533  -0.134073  -0.431024  1.46549  
-0.024845  0.00461513  -0.00638222  -0.127049  -0.415836  1.49273  
-0.0247429  0.00427316  -0.00646371  -0.133712  -0.417955  1.55272  
-0.0240624  0.00461513  -0.00651746  -0.150879  -0.458291  1.53796  
-0.0244216  0.00421488  -0.00615234  -0.133112  -0.431111  1.50475  
-0.0229284  0.00451785  -0.00631462  -0.145789  -0.404799  1.46647  
-0.0237425  0.00461513  -0.00657581  -0.14998  -0.361244  1.53968  
-0.0233729  0.00461513  -0.00643064  -0.150038  -0.402607  1.53985  
-0.0232097  0.00461513  -0.00650398  -0.162631  -0.375781  1.56987  
-0.0230163  0.00497925  -0.00631415  -0.163103  -0.341043  1.50166  
-0.0230967  0.00492573  -0.00640937  -0.132776  -0.401585  1.51493  
-0.0254713  0.00485302  -0.00677175  -0.140868  -0.400917  1.56516  
-0.0241575  0.00461513  -0.00645503  -0.148771  -0.419415  1.51832  
-0.0246353  0.00461513  -0.0062072  -0.148846  -0.370393  1.44448  
-0.0250881  0.00494119  -0.00602937  -0.231195  -0.417353  1.80299  
-0.0271432  0.0050115  -0.00573395  -0.281836  -0.484204  1.9422  
-0.0259145  0.00504261  -0.00521811  -0.277386  -0.576203  2.27844  
-0.0262861  0.00548321  -0.00575744  -0.264055  -0.537387  2.2482  
-0.0261783  0.00560534  -0.00563195  -0.255588  -0.554852  2.06284  
-0.0249088  0.00587048  -0.00595103  -0.261332  -0.538765  1.79111  
-0.0246406  0.00670751  -0.00674542  -0.25138  -0.418847  1.48278  
-0.0237545  0.00660972  -0.00678859  -0.242072  -0.448309  1.47168  
-0.0231815  0.00613622  -0.0072433  -0.256264  -0.443435  1.56824  
-0.0250254  0.00631719  -0.00656776  -0.253515  -0.445271  1.59601  
-0.025408  0.00613622  -0.0064499  -0.218843  -0.423645  1.52323  
-0.0236253  0.00639467  -0.00704066  -0.227083  -0.43298  1.37878  
-0.0242455  0.00623719  -0.00699919  -0.213664  -0.388969  1.48877  
-0.025208  0.00585531  -0.00712567  -0.219213  -0.420209  1.5273  
-0.0248317  0.00585396  -0.00714798  -0.211759  -0.422447  1.61191  
-0.0256936  0.00613622  -0.00665159  -0.20786  -0.398862  1.60594  
-0.0248243  0.00599566  -0.00681616  -0.214507  -0.440578  1.49145  
-0.0236605  0.00627431  -0.00664653  -0.236435  -0.422601  1.45355  
-0.0235437  0.00649661  -0.00652166  -0.236725  -0.36779  1.53196  
-0.0247612  0.00545853  -0.00634808  -0.207947  -0.462232  1.74446  
-0.0295245  0.00332555  -0.00558697  -0.135253  -0.412696  2.30335  
-0.0293151  0.00406502  -0.00549468  -0.146951  -0.465741  2.04741  
-0.0289397  0.00460148  -0.00528341  -0.172025  -0.568603  1.96963  
-0.0289393  0.00530958  -0.00545403  -0.189346  -0.514911  1.88125  
-0.0284449  0.00556011  -0.00547864  -0.189262  -0.513964  1.82568  
-0.028251  0.0057798  -0.0059669  -0.208044  -0.510164  1.83213  
-0.0279867  0.00622896  -0.00598648  -0.208565  -0.527589  1.75466  
-0.0270369  0.00509753  -0.00582972  -0.211255  -0.504685  1.77698  
-0.0273402  0.00509753  -0.00572529  -0.214964  -0.491341  1.75432  
-0.0263748  0.00509753  -0.00571864  -0.222484  -0.4873  1.69272  
-0.0253217  0.00509753  -0.0054711  -0.219195  -0.466998  1.51157  
-0.0236067  0.00438227  -0.00535235  -0.205762  -0.428897  1.45342  
-0.0242048  0.00456576  -0.00575611  -0.209604  -0.364558  1.44364  
-0.0227362  0.00499312  -0.00582856  -0.221042  -0.387543  1.36223  
-0.0242624  0.00484057  -0.00600854  -0.225399  -0.363172  1.48264  
-0.024457  0.0051079  -0.00597256  -0.225711  -0.38234  1.4887  
-0.0254223  0.00557433  -0.00625813  -0.226202  -0.384866  1.59434  
-0.0256555  0.00540996  -0.00614203  -0.205128  -0.410813  1.5681  
-0.0260896  0.00489738  -0.00573355  -0.186048  -0.450808  1.65615  
-0.0278865  0.00380548  -0.0056099  -0.153397  -0.400479  1.67596  
-0.0282702  0.00402827  -0.00604572  -0.160102  -0.440795  1.65795  
-0.0272765  0.0048499  -0.00620527  -0.182904  -0.474848  1.68039  
-0.0272546  0.00502668  -0.00643667  -0.183043  -0.427644  1.70951  
-0.0269275  0.00488331  -0.00662129  -0.158019  -0.429897  1.66672  
-0.0263967  0.005067  -0.00643847  -0.157788  -0.445349  1.62939  
-0.0268164  0.00483381  -0.00642343  -0.152037  -0.425105  1.59346  
-0.0255786  0.00460396  -0.0061437  -0.150849  -0.443564  1.53231  
-0.0265613  0.00396984  -0.00591794  -0.156706  -0.412549  1.52  
-0.0246731  0.00417042  -0.00617748  -0.159587  -0.42983  1.50895  
-0.0248218  0.00411097  -0.00600165  -0.17305  -0.355448  1.6118  
-0.0239936  0.00445952  -0.00608448  -0.20549  -0.359163  1.59169  
-0.0242567  0.00411097  -0.00605338  -0.210942  -0.369392  1.62476  
-0.0244812  0.00439491  -0.00590408  -0.181936  -0.345326  1.59408  
-0.0250726  0.00404478  -0.00586166  -0.185161  -0.369173  1.60726  
-0.0270918  0.00446333  -0.00577454  -0.182089  -0.442402  1.63737  
-0.0264017  0.00483824  -0.00643337  -0.15879  -0.434784  1.57374  
-0.0252654  0.0047408  -0.00608694  -0.160126  -0.379684  1.45853  
-0.0233897  0.00429456  -0.00601151  -0.174174  -0.393571  1.41136  
-0.0247464  0.00475726  -0.00620489  -0.181488  -0.370382  1.56016  
-0.0266392  0.00350347  -0.00833533  -0.204099  -0.442109  1.60838  
-0.0259898  0.00387606  -0.00611225  -0.125501  -0.451522  1.59744  
-0.0260883  0.0040694  -0.00559413  -0.122151  -0.463986  1.62487  
-0.0268853  0.00442639  -0.00586806  -0.14016  -0.451891  1.58346  
-0.0262531  0.00462373  -0.00581046  -0.130902  -0.411347  1.60111  
-0.0263875  0.00466003  -0.00590242  -0.141517  -0.406924  1.61528  
-0.0266935  0.00461363  -0.00591551  -0.14351  -0.456977  1.66787  
-0.0268327  0.00495682  -0.00632907  -0.156248  -0.503001  1.69686  
-0.0268766  0.00557756  -0.00643138  -0.161106  -0.487268  1.61934  
-0.027019  0.00509056  -0.00642004  -0.169025  -0.460631  1.67467  
-0.0267754  0.00470249  -0.00639509  -0.16217  -0.502105  1.7182  
-0.0284131  0.00470249  -0.0064754  -0.143918  -0.501952  1.69958  
-0.0291126  0.00470249  -0.00616201  -0.152077  -0.479238  1.69904  
-0.0278085  0.00498344  -0.00657776  -0.157979  -0.506111  1.69788  
-0.0271634  0.00519136  -0.00671498  -0.147253  -0.516498  1.63236  
-0.0262378  0.00501353  -0.00640953  -0.151593  -0.463971  1.60884  
-0.0251705  0.0047025  -0.00624951  -0.143414  -0.46275  1.54554  
-0.0248264  0.0047025  -0.00595278  -0.151485  -0.459748  1.51163  
-0.0248704  0.00436484  -0.00585106  -0.14332  -0.425013  1.39726  
-0.0239429  0.00401664  -0.00578557  -0.140853  -0.437765  1.39655  
-0.0246509  0.00376146  -0.00565424  -0.150589  -0.392042  1.43763  
-0.0255458  0.00414087  -0.00579438  -0.150935  -0.400045  1.50962  
-0.0262636  0.00424371  -0.00596023  -0.146081  -0.46301  1.51868  
-0.0260871  0.00440098  -0.00648099  -0.151376  -0.4643  1.52082  
-0.0266264  0.00434392  -0.00606868  -0.159939  -0.401795  1.5362  
-0.0258922  0.00414123  -0.00614701  -0.14479  -0.422367  1.53106  
-0.0264198  0.00401665  -0.00618696  -0.148963  -0.409138  1.52306  
-0.0262222  0.00434098  -0.00666009  -0.176668  -0.433862  1.50712  
-0.0259572  0.00488473  -0.00664948  -0.168033  -0.404395  1.56049  
-0.0259005  0.00545732  -0.00649002  -0.148686  -0.391431  1.55347  
-0.0253527  0.00545732  -0.00661753  -0.166032  -0.420684  1.49936  
-0.025412  0.00545732  -0.00637148  -0.152015  -0.404141  1.44891  
-0.0251139  0.00502198  -0.00638785  -0.141979  -0.382436  1.4315  
-0.0262364  0.00545732  -0.00642439  -0.14388  -0.37574  1.50355  
-0.02548  0.00468983  -0.00637144  -0.140635  -0.386137  1.4212  
-0.0243541  0.00468983  -0.00634899  -0.145458  -0.394608  1.32652  
-0.024596  0.00444951  -0.00673984  -0.145068  -0.339217  1.27312  
-0.023047  0.00429485  -0.00641026  -0.149711  -0.357417  1.22203  
-0.0237443  0.0043281  -0.00630554  -0.145082  -0.34832  1.29287  
-0.0240205  0.00406902  -0.00628539  -0.138885  -0.348896  1.27887  
-0.0261046  0.00468983  -0.00673993  -0.145316  -0.398771  1.50136  
-0.0279714  0.00468984  -0.00683567  -0.145339  -0.440921  1.61515  
-0.0274293  0.0048003  -0.006886  -0.162251  -0.431193  1.57068  
-0.0265986  0.00427308  -0.00644847  -0.163481  -0.42936  1.4798  
-0.0266732  0.00405857  -0.00660097  -0.163149  -0.395548  1.50243  
-0.0255021  0.00400262  -0.00657341  -0.191415  -0.394743  1.43027  
-0.0257844  0.00471427  -0.00617788  -0.214471  -0.429677  1.44776  
-0.0255786  0.00520137  -0.0064475  -0.214937  -0.435174  1.47891  
-0.0264895  0.00520137  -0.00665265  -0.214972  -0.41368  1.48453  
-0.0257141  0.0054841  -0.00675685  -0.215285  -0.44141  1.48259  
-0.02565  0.00534069  -0.00675875  -0.201649  -0.42891  1.46349  
-0.0256506  0.00468976  -0.00656186  -0.194001  -0.412463  1.44337  
-0.0251347  0.00459237  -0.00669259  -0.194383  -0.419366  1.41724  
-0.0249879  0.00449711  -0.00653721  -0.195117  -0.406622  1.38722  
-0.0248405  0.00481779  -0.00675562  -0.194691  -0.405508  1.44511  
-0.0252748  0.00520137  -0.00670549  -0.192639  -0.386131  1.43933  
-0.0245426  0.00520137  -0.00674477  -0.193712  -0.417157  1.4233  
-0.0250452  0.00530328  -0.00695678  -0.205356  -0.363435  1.39151  
-0.0255398  0.00566034  -0.00717049  -0.189614  -0.434069  1.38713  
-0.0251273  0.00540691  -0.00703904  -0.1993  -0.397317  1.37227  
