-0.00343156  0.00112382  -0.00321357  -0.110274  -0.227319  0.390886  
-0.00295098  0.00128805  -0.00324942  -0.108824  -0.227176  0.373996  
-0.00280006  0.00128013  -0.00329921  -0.104875  -0.226298  0.374746  
-0.00247315  0.000869317  -0.00322877  -0.107614  -0.217  0.359751  
-0.00239127  0.000806572  -0.00319505  -0.109247  -0.222041  0.359116  
-0.00278916  0.000869317  -0.00314132  -0.105782  -0.205626  0.371065  
-0.00242183  0.000869317  -0.00320249  -0.103643  -0.214315  0.360434  
-0.00210398  0.000869317  -0.0032397  -0.108957  -0.214472  0.349014  
-0.00211233  0.000869317  -0.00305783  -0.101824  -0.216305  0.349009  
-0.00211233  0.000815227  -0.0031192  -0.106815  -0.21632  0.349017  
-0.00216605  0.000687294  -0.00317406  -0.106286  -0.216561  0.349027  
-0.00225349  0.000648373  -0.00320341  -0.112581  -0.206552  0.360328  
-0.00220924  0.000548277  -0.00315236  -0.112723  -0.203505  0.360669  
-0.00223776  0.000548277  -0.00313765  -0.106252  -0.209526  0.357381  
-0.00222788  0.000771426  -0.00314756  -0.107324  -0.206966  0.368184  
-0.00169444  0.000869472  -0.00306757  -0.106804  -0.228657  0.358779  
-0.00197028  0.000548277  -0.0031338  -0.106003  -0.205224  0.360269  
-0.00222639  0.000629071  -0.00329651  -0.104225  -0.193679  0.37194  
-0.00190914  0.000777003  -0.00329939  -0.0983668  -0.210798  0.371982  
-0.00184102  0.000508067  -0.00319745  -0.100271  -0.195613  0.368462  
-0.00192027  0.00030407  -0.00315694  -0.105035  -0.205583  0.369026  
-0.00196634  0.000298868  -0.00318773  -0.104167  -0.206658  0.366876  
-0.00176149  0.000261891  -0.00316147  -0.103066  -0.209704  0.368642  
-0.00181449  0.000286343  -0.00312522  -0.102784  -0.208812  0.362289  
-0.00164015  5.93294e-05  -0.00317911  -0.0985494  -0.192624  0.352328  
-0.00170943  7.48985e-05  -0.00317816  -0.0965203  -0.195041  0.359406  
-0.00171302  8.51065e-05  -0.00309898  -0.0927349  -0.187495  0.360526  
-0.0022452  -8.19339e-05  -0.00338151  -0.0915759  -0.167123  0.364941  
-0.00197482  -8.19339e-05  -0.00324561  -0.0896527  -0.194314  0.360066  
-0.00201459  -8.19339e-05  -0.00308157  -0.0864143  -0.187148  0.349354  
-0.00184495  -0.0001349  -0.00318867  -0.0930128  -0.191247  0.345787  
-0.00211634  -1.24881e-05  -0.003093  -0.0880028  -0.184636  0.360395  
-0.00204434  -0.000145393  -0.00307546  -0.0908103  -0.189061  0.349146  
-0.00222737  -8.19339e-05  -0.00325023  -0.0868265  -0.189346  0.353059  
-0.00226641  -8.19339e-05  -0.00314273  -0.0889193  -0.188519  0.350998  
-0.00230048  0.000164017  -0.00317269  -0.0791164  -0.185903  0.347221  
-0.0020404  -8.19339e-05  -0.00310689  -0.0807443  -0.182221  0.333407  
-0.00187478  0.000216534  -0.00297183  -0.0856717  -0.186977  0.326969  
-0.00185698  0.000350848  -0.0028567  -0.0919796  -0.180621  0.334659  
-0.00185909  0.000257025  -0.0028781  -0.0906839  -0.178582  0.32696  
-0.00203314  0.000361661  -0.00301679  -0.0820895  -0.185823  0.347853  
-0.00195064  0.000387457  -0.00301521  -0.0821727  -0.183422  0.342424  
-0.0020222  0.000417285  -0.00301628  -0.0795568  -0.196102  0.344736  
-0.00208763  0.000602797  -0.00297459  -0.0784174  -0.181964  0.319812  
-0.00220016  0.000417285  -0.00293659  -0.0727048  -0.181983  0.336892  
-0.00220135  0.000417285  -0.00313424  -0.0794609  -0.17168  0.336889  
-0.00209291  0.000364388  -0.00316135  -0.0724762  -0.193435  0.336921  
-0.00210697  0.000417285  -0.00302677  -0.0772131  -0.178804  0.332297  
-0.00222638  0.000780526  -0.00312773  -0.0727682  -0.188996  0.346879  
-0.00213913  0.000528195  -0.00284649  -0.0758501  -0.180707  0.325743  
-0.00199428  0.000373896  -0.00296743  -0.073264  -0.184186  0.335811  
-0.00203494  0.000373896  -0.00305713  -0.0674159  -0.1642  0.334169  
-0.00219154  0.000373896  -0.00292449  -0.0662115  -0.173283  0.3374  
-0.00217704  0.000373896  -0.00297348  -0.0631524  -0.167216  0.333205  
-0.00270764  0.000546753  -0.00300731  -0.0601689  -0.15937  0.343444  
-0.00266565  0.000601754  -0.00304424  -0.0622945  -0.161581  0.348033  
-0.00281207  0.00068093  -0.0030082  -0.055545  -0.175428  0.35565  
-0.00287992  0.000634556  -0.00289876  -0.0573071  -0.159911  0.351901  
-0.00296905  0.000639406  -0.00298064  -0.054115  -0.168876  0.362357  
-0.00292015  0.000809473  -0.00285228  -0.0587568  -0.169663  0.362151  
-0.00286782  0.000561975  -0.002839  -0.0559549  -0.17413  0.365142  
-0.00267231  0.000701715  -0.00295855  -0.0538664  -0.172866  0.358056  
-0.00277116  0.000634384  -0.00281478  -0.0505806  -0.174722  0.358039  
-0.00272473  0.00050306  -0.00284159  -0.0516188  -0.165639  0.3542  
-0.00274709  0.000373896  -0.00287352  -0.0487882  -0.163479  0.348622  
-0.00272316  0.000557637  -0.00273519  -0.0453066  -0.158649  0.343165  
-0.00275593  0.000679385  -0.00271683  -0.0449439  -0.159926  0.359501  
-0.00278911  0.000677281  -0.00273907  -0.0437236  -0.160552  0.35201  
-0.00289017  0.000744777  -0.00285549  -0.0401014  -0.159683  0.369479  
-0.00242561  0.000734302  -0.00280593  -0.040028  -0.161121  0.366242  
-0.0023984  0.00072005  -0.0026234  -0.0304165  -0.157831  0.359573  
-0.00258436  0.000899926  -0.00275443  -0.0417216  -0.147235  0.357829  
-0.0025228  0.000899926  -0.00274685  -0.0407206  -0.161329  0.367172  
-0.00240212  0.000899926  -0.00268119  -0.0394881  -0.165282  0.364868  
-0.00236012  0.00115888  -0.00253765  -0.038816  -0.161384  0.352849  
-0.00280918  0.000899926  -0.00275101  -0.0426362  -0.149001  0.36173  
-0.00268023  0.000528718  -0.00274828  -0.0445122  -0.14501  0.374859  
-0.00233558  0.000732438  -0.00272382  -0.0438119  -0.146609  0.359572  
-0.0020474  0.000646006  -0.00267532  -0.0407365  -0.152145  0.354493  
-0.0023389  0.000732438  -0.00266308  -0.0396223  -0.144608  0.367557  
-0.00250448  0.000732438  -0.00259334  -0.0455623  -0.143405  0.37207  
-0.00279801  0.000732438  -0.00256197  -0.041882  -0.140563  0.367472  
-0.00265796  0.000732438  -0.00260458  -0.0436696  -0.14074  0.367493  
-0.00237564  0.000550748  -0.00261186  -0.0484224  -0.152899  0.357837  
-0.0023927  0.000639144  -0.00263374  -0.0515512  -0.148231  0.356543  
-0.00248375  0.000604865  -0.00261155  -0.0480301  -0.139701  0.354237  
-0.00254378  0.000600492  -0.00263308  -0.0497484  -0.145748  0.359232  
-0.00255213  0.000761952  -0.00255947  -0.0502343  -0.13885  0.366801  
-0.00284489  0.000761952  -0.00251661  -0.0413968  -0.138023  0.365687  
-0.00288159  0.00106061  -0.00256791  -0.0474202  -0.140005  0.367681  
-0.00267788  0.00108448  -0.00255495  -0.0485826  -0.144903  0.365723  
-0.00257067  0.00107852  -0.00249215  -0.0561876  -0.128085  0.359823  
-0.00255682  0.0013118  -0.00247829  -0.0556801  -0.137986  0.36572  
-0.0025895  0.00138512  -0.00248949  -0.06188  -0.120016  0.365712  
-0.00257446  0.00118972  -0.0024412  -0.0618494  -0.131742  0.370739  
-0.00271641  0.00105017  -0.00250692  -0.0596975  -0.133993  0.369179  
-0.00302408  0.00119184  -0.00244052  -0.0584213  -0.136101  0.378578  
-0.00300204  0.0010128  -0.00246058  -0.0565342  -0.132507  0.372472  
-0.00317131  0.00112999  -0.00247403  -0.0646419  -0.139261  0.359175  
-0.00293537  0.000954019  -0.00242927  -0.0606418  -0.132453  0.370314  
-0.00291218  0.000670256  -0.00253781  -0.0592373  -0.125991  0.373831  
-0.00308831  0.000459586  -0.00260969  -0.0592905  -0.124652  0.378751  
-0.00315159  0.000306727  -0.00252672  -0.0587478  -0.11934  0.371673  
-0.00309276  0.000226888  -0.00260037  -0.0597474  -0.123594  0.381961  
-0.00297108  0.000235377  -0.00254518  -0.0518436  -0.119162  0.389461  
-0.00269473  0.000306727  -0.00249165  -0.0454112  -0.1357  0.38457  
-0.00294341  0.000235757  -0.0025765  -0.0471228  -0.118059  0.38025  
-0.00284525  0.000194943  -0.00246987  -0.0512083  -0.138356  0.373313  
-0.00287189  0.000213588  -0.00251207  -0.0545066  -0.128469  0.390125  
-0.0026044  3.41668e-05  -0.00247138  -0.049749  -0.114482  0.391676  
-0.0026473  -8.37183e-05  -0.00242685  -0.0481041  -0.11693  0.393833  
-0.0026942  -0.00026799  -0.00248832  -0.0491559  -0.100364  0.384622  
-0.00257516  -0.000321781  -0.00246789  -0.0456447  -0.116244  0.379048  
-0.00260246  -0.000100985  -0.00236632  -0.04378  -0.115071  0.369758  
-0.00258649  -9.20781e-06  -0.0025214  -0.0447417  -0.11803  0.345986  
-0.00198709  5.84102e-05  -0.00249354  -0.0435194  -0.135588  0.336274  
-0.00084997  -0.00026799  -0.00250159  -0.0448727  -0.123135  0.307337  
-0.00112486  -0.000501213  -0.00255488  -0.0422478  -0.122999  0.319791  
-0.00140025  -0.000671952  -0.00252516  -0.0395945  -0.117639  0.338834  
-0.00110127  -0.000885346  -0.00254895  -0.0358882  -0.117023  0.339294  
-0.00117942  -0.000897634  -0.00246818  -0.0376009  -0.113654  0.335549  
-0.00111088  -0.000733815  -0.00248545  -0.0311804  -0.104061  0.345095  
-0.00129393  -0.000883227  -0.00245759  -0.0386081  -0.0927454  0.342368  
-0.00120675  -0.000761623  -0.0025475  -0.0324069  -0.0996342  0.343806  
-0.0014094  -0.000763741  -0.00254727  -0.0365471  -0.102017  0.336085  
-0.00137594  -0.000733296  -0.0025171  -0.0327003  -0.12464  0.343444  
-0.00114068  -0.000671952  -0.00260792  -0.0383698  -0.106822  0.328668  
-0.00107051  -0.000773944  -0.00268925  -0.0267683  -0.11706  0.324886  
-0.000977093  -0.000845555  -0.00251463  -0.0313452  -0.103671  0.328688  
-0.00121871  -0.000907564  -0.00246727  -0.0294928  -0.0929492  0.354526  
-0.00102112  -0.000901482  -0.00240673  -0.0372424  -0.124947  0.333596  
-0.00137287  -0.000671952  -0.00237122  -0.0360095  -0.0862151  0.351461  
-0.00159039  -0.00077015  -0.00243318  -0.0336281  -0.083133  0.370719  
-0.00118893  -0.000906149  -0.00246038  -0.0330914  -0.109781  0.363863  
-0.00136162  -0.0010895  -0.00234918  -0.0335315  -0.0871218  0.350606  
-0.00154121  -0.000973097  -0.00234137  -0.0357259  -0.0957119  0.353241  
-0.00151133  -0.0010727  -0.00237632  -0.0362963  -0.0900353  0.355172  
-0.00183579  -0.00095174  -0.00246134  -0.0347606  -0.0848037  0.369372  
-0.0016959  -0.000780369  -0.00240335  -0.0325127  -0.0925775  0.35857  
-0.00167465  -0.00075118  -0.00234369  -0.0376208  -0.0937005  0.351479  
-0.00173477  -0.0008967  -0.00232362  -0.032155  -0.0966298  0.353727  
-0.0018278  -0.000776311  -0.00231865  -0.0362085  -0.0866871  0.361896  
-0.00206153  -0.000832429  -0.00232991  -0.0319353  -0.0926107  0.374447  
-0.00222042  -0.000875138  -0.00233539  -0.0351868  -0.0840416  0.361877  
-0.00238447  -0.000855894  -0.00248062  -0.0306496  -0.0784483  0.390115  
-0.00198166  -0.000671951  -0.00227833  -0.0289373  -0.107876  0.354759  
-0.00233468  -0.000748946  -0.00230162  -0.0342727  -0.0793869  0.385177  
-0.00222015  -0.00074828  -0.00246355  -0.0385159  -0.096053  0.368127  
-0.00199062  -0.000861239  -0.00228498  -0.0373424  -0.103884  0.36613  
-0.00216009  -0.000834346  -0.00221726  -0.0388381  -0.093138  0.367245  
-0.00231311  -0.00078837  -0.00222833  -0.0443142  -0.0975769  0.375311  
-0.00230195  -0.000920566  -0.00228381  -0.0458842  -0.0880231  0.368667  
-0.00248151  -0.000972242  -0.00222039  -0.0435354  -0.0864871  0.366163  
-0.00234122  -0.00115234  -0.002222  -0.0426491  -0.092867  0.362047  
-0.00250976  -0.000999533  -0.00227972  -0.0480935  -0.0865153  0.358929  
-0.00224385  -0.000671952  -0.00216793  -0.047547  -0.0920415  0.350154  
-0.0023429  -0.000671951  -0.00219208  -0.0499799  -0.0612615  0.371488  
-0.00231394  -0.000876511  -0.00220924  -0.0524998  -0.0815654  0.374009  
-0.00211779  -0.000974342  -0.00225325  -0.052045  -0.0970354  0.364499  
-0.00189745  -0.00135872  -0.002173  -0.0494605  -0.0916528  0.352839  
-0.00193135  -0.00162209  -0.00221119  -0.0456165  -0.098967  0.352547  
-0.00184927  -0.0013932  -0.00218697  -0.0432143  -0.0822219  0.352547  
-0.00186323  -0.00140798  -0.00218329  -0.0446784  -0.0854535  0.35048  
-0.00197408  -0.00149848  -0.00218813  -0.0454964  -0.0889896  0.362535  
-0.00179285  -0.00162079  -0.00226494  -0.0429562  -0.0801069  0.36213  
-0.00181034  -0.00151833  -0.00230562  -0.0386708  -0.0917851  0.359834  
-0.0017542  -0.00151398  -0.00220468  -0.0402219  -0.0978157  0.352543  
-0.00177873  -0.00167851  -0.00217577  -0.0351893  -0.092257  0.352552  
-0.00197898  -0.00148014  -0.00207911  -0.0381533  -0.0900516  0.352535  
-0.00190673  -0.00144954  -0.00213451  -0.036265  -0.0880371  0.355679  
-0.00200332  -0.00155792  -0.00225806  -0.0322083  -0.0833343  0.365322  
-0.00165877  -0.00166567  -0.00232257  -0.0364531  -0.086502  0.350568  
-0.00159727  -0.00175674  -0.00216442  -0.0324684  -0.0872321  0.348522  
-0.0017426  -0.00157531  -0.00211509  -0.034389  -0.0817053  0.350553  
-0.00183822  -0.00142285  -0.00215359  -0.0363338  -0.0835339  0.358517  
-0.00196653  -0.00162579  -0.00221552  -0.0324202  -0.0761993  0.350551  
-0.00172263  -0.00136017  -0.00216311  -0.0350869  -0.0933967  0.354882  
-0.0018186  -0.00146756  -0.00218752  -0.0310669  -0.0920722  0.348515  
-0.00178816  -0.00142637  -0.00232307  -0.0345161  -0.0886036  0.345765  
-0.00175378  -0.00166863  -0.00211532  -0.029231  -0.0818678  0.343455  
-0.00176402  -0.00147166  -0.00212916  -0.0327341  -0.0862654  0.350559  
-0.00173981  -0.00159011  -0.00208066  -0.0366298  -0.087852  0.3342  
-0.00208867  -0.00181129  -0.00216897  -0.0345031  -0.0892402  0.344192  
-0.00200006  -0.00167127  -0.00203605  -0.0320784  -0.080474  0.344296  
-0.00214805  -0.00168276  -0.00207442  -0.0308428  -0.0801591  0.339314  
-0.00203257  -0.00171726  -0.00220984  -0.0286116  -0.0900392  0.342873  
-0.00180294  -0.00186909  -0.00211935  -0.0365129  -0.0974589  0.350625  
-0.00140571  -0.00181201  -0.00194655  -0.0281751  -0.108159  0.342981  
-0.00189127  -0.00171165  -0.0020557  -0.0341793  -0.0853513  0.329417  
-0.00199939  -0.00178171  -0.0020152  -0.0278178  -0.101685  0.328467  
-0.00176743  -0.00194732  -0.00226537  -0.0332081  -0.09387  0.361715  
-0.00151913  -0.00192318  -0.00209313  -0.032559  -0.0981403  0.354571  
-0.00168387  -0.00224313  -0.00203306  -0.0286764  -0.0754425  0.35387  
-0.00184084  -0.00238184  -0.00205987  -0.024416  -0.0822711  0.346288  
-0.00169547  -0.0024553  -0.00207027  -0.0276938  -0.0825175  0.348958  
-0.00178206  -0.00244948  -0.00210114  -0.0184393  -0.086014  0.351878  
-0.0018826  -0.00248569  -0.0020357  -0.0154712  -0.0875925  0.346112  
-0.00180508  -0.00242082  -0.00203642  -0.0112407  -0.0889757  0.347752  
-0.00175366  -0.00246009  -0.00198277  -0.0201953  -0.0908908  0.33816  
-0.00174371  -0.00250383  -0.00194375  -0.0259834  -0.0963671  0.331088  
-0.00173835  -0.00240926  -0.00197398  -0.0293581  -0.0873348  0.340016  
-0.00186778  -0.00239331  -0.00179309  -0.0327995  -0.0762285  0.335225  
-0.0017975  -0.00246711  -0.00189631  -0.0253979  -0.0832006  0.330029  
-0.00178396  -0.00235421  -0.00185206  -0.0224542  -0.0874397  0.323852  
-0.00192284  -0.00223554  -0.00186383  -0.0255395  -0.0940685  0.327752  
-0.00210878  -0.00225952  -0.00167886  -0.0295628  -0.0852264  0.317207  
-0.0021605  -0.00234489  -0.00173048  -0.0268187  -0.0965456  0.319416  
-0.00205776  -0.00218565  -0.00164107  -0.0193654  -0.0933544  0.303966  
-0.00236225  -0.00216999  -0.00183729  -0.0192059  -0.079626  0.310277  
-0.00273632  -0.00191191  -0.00168814  -0.0179549  -0.0834809  0.328308  
-0.00303575  -0.00177338  -0.00199145  -0.0260824  -0.0934569  0.33465  
-0.00315101  -0.0019879  -0.00188999  -0.0240283  -0.0992031  0.325688  
-0.00345054  -0.0014155  -0.00207169  -0.027435  -0.102106  0.332263  
-0.00344289  -0.00125001  -0.00199244  -0.039387  -0.0727687  0.328339  
-0.0028825  -0.0012055  -0.00199747  -0.0367054  -0.107763  0.329787  
-0.00296829  -0.00128351  -0.00183733  -0.0408688  -0.0793559  0.337674  
-0.00290437  -0.00171274  -0.00187413  -0.0404599  -0.0946721  0.350217  
-0.00287888  -0.00145448  -0.00176331  -0.0406339  -0.096392  0.346492  
-0.00310145  -0.00138152  -0.00185581  -0.0367084  -0.099981  0.344453  
-0.0029895  -0.00141427  -0.00198671  -0.0424912  -0.0944032  0.346679  
-0.00287713  -0.00150518  -0.00186037  -0.0341909  -0.107344  0.342288  
-0.00304875  -0.00136251  -0.00194224  -0.0371313  -0.0973586  0.341059  
-0.00293206  -0.00138296  -0.00197207  -0.0380884  -0.0914381  0.334483  
-0.00314583  -0.00141655  -0.00186233  -0.0400092  -0.0884264  0.342346  
-0.00314364  -0.0013476  -0.00205908  -0.036616  -0.0947985  0.348238  
-0.00293821  -0.00129752  -0.002081  -0.0368692  -0.101212  0.344473  
-0.00306932  -0.00112424  -0.00192492  -0.0343293  -0.105955  0.342338  
-0.00328011  -0.00101012  -0.00195544  -0.0344006  -0.0868279  0.334437  
-0.0030818  -0.000877452  -0.00204763  -0.0374208  -0.0945244  0.334441  
-0.00338761  -0.00101958  -0.00207352  -0.0370114  -0.0855311  0.338721  
-0.0034833  -0.00117193  -0.00194478  -0.0420188  -0.086246  0.344423  
-0.00310221  -0.000852972  -0.00215721  -0.04103  -0.100827  0.34208  
-0.00301355  -0.000858223  -0.00205047  -0.0408003  -0.0947998  0.334445  
-0.00309396  -0.000882989  -0.00210253  -0.0375744  -0.100486  0.332295  
-0.00311107  -0.00119004  -0.00215618  -0.0409112  -0.0862838  0.338379  
-0.00335937  -0.00120929  -0.00208995  -0.0364135  -0.086122  0.344433  
-0.00314551  -0.00131077  -0.00189609  -0.0365626  -0.0861786  0.339582  
-0.00313699  -0.00122281  -0.00205437  -0.0357187  -0.0883296  0.344452  
-0.00301355  -0.00122281  -0.00205272  -0.0324053  -0.0866924  0.338582  
-0.00309162  -0.00122281  -0.00195906  -0.0310239  -0.0874673  0.344117  
-0.00310939  -0.00122281  -0.00182484  -0.0306614  -0.0851678  0.334449  
-0.00325345  -0.00145973  -0.00196954  -0.0343234  -0.0833935  0.351153  
-0.00331903  -0.00149014  -0.00205331  -0.0328226  -0.0800082  0.345193  
-0.00322622  -0.00154702  -0.00199806  -0.0217172  -0.0906227  0.343546  
-0.00308623  -0.0014836  -0.00195135  -0.0233623  -0.0818276  0.344715  
-0.00300348  -0.00146535  -0.00203508  -0.0258323  -0.0799354  0.34768  
-0.00282998  -0.00135362  -0.00195762  -0.0300156  -0.0910542  0.344952  
-0.00282622  -0.00169772  -0.00204506  -0.027617  -0.0907034  0.347102  
-0.00289527  -0.00156974  -0.00194948  -0.0285603  -0.0870656  0.341817  
-0.00268285  -0.00134873  -0.00198903  -0.027648  -0.0824503  0.344191  
-0.00285708  -0.00141767  -0.00182618  -0.0308857  -0.0817392  0.321662  
-0.00305001  -0.00136978  -0.0020363  -0.0291204  -0.0914707  0.319668  
-0.00280432  -0.00139593  -0.00197046  -0.0310525  -0.0914561  0.313323  
-0.00281623  -0.00162512  -0.00201078  -0.0310424  -0.0927837  0.321563  
-0.00271928  -0.00132296  -0.00196425  -0.0329334  -0.0879975  0.321364  
-0.00285559  -0.00142357  -0.00190616  -0.0361543  -0.0939119  0.315312  
-0.00278894  -0.00147094  -0.00195952  -0.0342678  -0.102019  0.313308  
-0.00283578  -0.00163008  -0.00207838  -0.0362642  -0.0858818  0.324469  
-0.00282698  -0.00153789  -0.00204544  -0.0382142  -0.0963719  0.328085  
-0.00254524  -0.00149273  -0.00206624  -0.0464641  -0.0873837  0.310428  
-0.00255558  -0.00151118  -0.00195766  -0.0425841  -0.0953353  0.304185  
-0.0026601  -0.00150041  -0.00205235  -0.047176  -0.0786434  0.320218  
-0.00268709  -0.00166117  -0.00204073  -0.0428364  -0.0926131  0.326299  
-0.00266029  -0.00170421  -0.00190987  -0.052567  -0.0849765  0.31323  
-0.00264391  -0.00186544  -0.00207782  -0.0474341  -0.0931932  0.312494  
-0.00255531  -0.00167767  -0.00209773  -0.0409737  -0.0936624  0.309507  
-0.00305936  -0.0017114  -0.00214706  -0.0406563  -0.0792782  0.311066  
-0.00305936  -0.00156026  -0.002304  -0.0459606  -0.085594  0.326946  
-0.00271979  -0.00154195  -0.00199099  -0.0499315  -0.0842961  0.293094  
-0.00283831  -0.00172137  -0.00185957  -0.0549071  -0.0765292  0.296966  
-0.00280121  -0.00150705  -0.00191694  -0.058189  -0.0838446  0.294432  
-0.00263252  -0.00144084  -0.00187057  -0.0529371  -0.0846516  0.306263  
-0.0028705  -0.00171918  -0.00202723  -0.049396  -0.0819753  0.323435  
-0.00267114  -0.00166809  -0.00185549  -0.0439881  -0.0852801  0.312254  
-0.00262822  -0.00153807  -0.00195603  -0.0496119  -0.0853626  0.308566  
-0.00265563  -0.00156727  -0.00183601  -0.0463169  -0.0799429  0.301097  
-0.00294986  -0.00165249  -0.00197828  -0.0393746  -0.0858844  0.300296  
-0.00305055  -0.00171103  -0.00180229  -0.0499755  -0.0841943  0.285482  
-0.00348278  -0.00173862  -0.00187595  -0.0482374  -0.0836624  0.287385  
-0.00351561  -0.00162417  -0.00185887  -0.0472912  -0.0921168  0.291568  
-0.00358526  -0.00174412  -0.00193835  -0.0407148  -0.0809395  0.303549  
-0.00349247  -0.00186141  -0.00189309  -0.0442611  -0.0814462  0.292039  
-0.00330542  -0.00142559  -0.00190938  -0.0489497  -0.0827681  0.279249  
-0.00309395  -0.0013272  -0.00190224  -0.0584409  -0.0716212  0.268439  
-0.00311576  -0.00140175  -0.00189596  -0.055072  -0.080139  0.273678  
-0.0031059  -0.00146086  -0.00185099  -0.067128  -0.0801577  0.275922  
-0.00289434  -0.00125216  -0.00199896  -0.0598491  -0.0770186  0.279702  
-0.00312041  -0.00143536  -0.00203273  -0.0575964  -0.082486  0.2796  
-0.00299094  -0.00154258  -0.00212755  -0.0474024  -0.0877211  0.286794  
-0.0029479  -0.00148901  -0.00202457  -0.0505975  -0.0812718  0.279804  
-0.00352541  -0.00170971  -0.0019251  -0.0501643  -0.0829884  0.276527  
-0.00307327  -0.00136754  -0.00214252  -0.0455384  -0.0831788  0.263304  
-0.00215514  -0.00063811  -0.00226842  -0.0552134  -0.106089  0.258927  
-0.00305318  -0.000311391  -0.00222703  -0.0595945  -0.0601174  0.271362  
-0.00308237  -0.00055996  -0.00226404  -0.0573506  -0.0722731  0.287706  
-0.00281019  -0.000892545  -0.00214394  -0.0520607  -0.0857938  0.27985  
-0.00293325  -0.000760562  -0.00204159  -0.047094  -0.0787581  0.278931  
-0.00294277  -0.000899532  -0.00198676  -0.0517675  -0.0750495  0.284187  
-0.00293724  -0.000761705  -0.00206153  -0.0534395  -0.0750796  0.278251  
-0.0029665  -0.000872491  -0.00193373  -0.0470393  -0.0739084  0.284184  
-0.00256381  -0.000723485  -0.00199502  -0.0515111  -0.0794767  0.27129  
-0.0025289  -0.0005665  -0.001925  -0.053011  -0.0757404  0.281071  
-0.00278448  -0.000564628  -0.0020713  -0.053735  -0.0709983  0.2838  
-0.00293274  -0.000804323  -0.0020496  -0.0469929  -0.0767601  0.295107  
-0.00300056  -0.000846354  -0.00194606  -0.0496514  -0.0778335  0.295733  
-0.00280081  -0.000898441  -0.00192015  -0.0502735  -0.0814268  0.289691  
-0.00238004  -0.000907594  -0.00191473  -0.0441851  -0.0993788  0.287457  
-0.00291281  -0.00088071  -0.00199215  -0.0501789  -0.071158  0.28305  
-0.00297539  -0.000816521  -0.00202547  -0.050705  -0.0733084  0.283039  
-0.00290662  -0.00073672  -0.00183969  -0.0556309  -0.0922312  0.298174  
-0.00286857  -0.000410181  -0.00195616  -0.0579556  -0.0712789  0.280434  
-0.00278406  -0.000394008  -0.00176638  -0.052931  -0.0690452  0.271027  
-0.00292347  -0.000468073  -0.00178952  -0.0568215  -0.0646346  0.277703  
-0.00298919  -0.000552625  -0.00181389  -0.0553884  -0.0500214  0.279487  
-0.00286857  -0.000589328  -0.00189338  -0.0564075  -0.0571687  0.281947  
-0.00275708  -0.000467249  -0.00178151  -0.058133  -0.0663298  0.27861  
-0.00269555  -0.000490769  -0.00201158  -0.049734  -0.070028  0.276356  
-0.00252197  -0.000626329  -0.00179343  -0.0555683  -0.0770408  0.274732  
-0.00240848  -0.000483619  -0.00166661  -0.0617577  -0.0799273  0.264283  
-0.00259025  -0.000596698  -0.00174807  -0.0620774  -0.0655889  0.261778  
-0.00270697  -0.000639041  -0.00169031  -0.073173  -0.0549049  0.26124  
-0.00268083  -0.000789855  -0.00155329  -0.0633523  -0.0628629  0.270087  
-0.00268941  -0.000789855  -0.00168538  -0.0600799  -0.0642529  0.274446  
-0.00257564  -0.000789855  -0.00167362  -0.0651093  -0.0654718  0.267774  
-0.00260988  -0.000789855  -0.00145968  -0.0642384  -0.0630158  0.263032  
-0.00272787  -0.000845013  -0.00147162  -0.0651876  -0.0566589  0.261589  
-0.002702  -0.000789854  -0.0015068  -0.0697508  -0.0577876  0.262415  
-0.00282117  -0.000789854  -0.00145801  -0.0644696  -0.0610264  0.256501  
-0.00263493  -0.000789854  -0.00139039  -0.0702918  -0.0649672  0.253907  
-0.00260323  -0.000789854  -0.00139869  -0.0650245  -0.0656058  0.254614  
-0.00233889  -0.000789854  -0.00139305  -0.0716229  -0.0808468  0.254634  
-0.00243318  -0.000895963  -0.00150449  -0.0649348  -0.0699522  0.253037  
-0.00277599  -0.000789854  -0.00133211  -0.0680442  -0.0659629  0.255945  
-0.00254331  -0.000558729  -0.00129218  -0.0748719  -0.0685725  0.250708  
-0.00277448  -0.000709899  -0.0014783  -0.0649926  -0.0641389  0.252052  
-0.00237878  -0.00069285  -0.00133378  -0.0635462  -0.0754723  0.246737  
-0.0026469  -0.000747991  -0.00121436  -0.0704868  -0.0518812  0.243799  
-0.00265552  -0.000747991  -0.00110755  -0.070405  -0.0543999  0.246751  
-0.00280602  -0.000747991  -0.00117958  -0.0631379  -0.0396325  0.24124  
-0.00257868  -0.000409874  -0.00119572  -0.0708619  -0.0498104  0.240612  
-0.00226984  -0.000374079  -0.00109001  -0.0784879  -0.0621983  0.242798  
-0.00200892  -0.000656986  -0.00126458  -0.0732855  -0.0751263  0.244577  
-0.00241267  -0.000719406  -0.0013703  -0.0731302  -0.0499992  0.239684  
-0.00219748  -0.000602166  -0.00129437  -0.0655289  -0.0627435  0.242041  
-0.00219775  -0.000657474  -0.00129228  -0.0719627  -0.0651175  0.246957  
-0.00199201  -0.000719406  -0.00125593  -0.0687454  -0.0588408  0.230795  
-0.00260201  -0.000950506  -0.00150559  -0.0604895  -0.0422687  0.248347  
-0.00223614  -0.000939346  -0.00145466  -0.064179  -0.0642385  0.240015  
-0.00201829  -0.000901656  -0.00146505  -0.0636045  -0.079321  0.248431  
-0.00205357  -0.000978136  -0.00136873  -0.064018  -0.0595693  0.236997  
-0.00183387  -0.00115044  -0.00135158  -0.0722302  -0.0652382  0.223528  
-0.00194549  -0.00119849  -0.00132796  -0.0745892  -0.0522786  0.224437  
-0.00188696  -0.000998535  -0.00142926  -0.0723381  -0.048248  0.238471  
-0.00169833  -0.00099753  -0.00135894  -0.0731049  -0.0591305  0.241148  
-0.00144308  -0.000978116  -0.00136202  -0.0672904  -0.0606061  0.23473  
-0.00173688  -0.00109195  -0.00153636  -0.0657629  -0.0519259  0.22802  
-0.001639  -0.000972407  -0.00145777  -0.0644443  -0.0493356  0.226981  
-0.00158374  -0.000969998  -0.00144697  -0.0641038  -0.0488878  0.227944  
-0.00158374  -0.000971659  -0.00146777  -0.0700683  -0.0541682  0.23224  
-0.001498  -0.000813614  -0.00107978  -0.0778455  -0.0552259  0.22446  
-0.00158374  -0.000719406  -0.00107769  -0.0752304  -0.0546196  0.226449  
-0.00158374  -0.00090939  -0.00155691  -0.0623749  -0.0547118  0.219778  
-0.00158374  -0.000899061  -0.00138155  -0.063254  -0.0519631  0.231289  
-0.00154407  -0.00114593  -0.00167331  -0.0580232  -0.0497388  0.232791  
-0.00141987  -0.000843841  -0.00158564  -0.0580538  -0.0578562  0.22481  
-0.00182758  -0.00120148  -0.0018491  -0.057482  -0.0277617  0.238735  
-0.00156407  -0.000803516  -0.00148898  -0.0614445  -0.0602817  0.22843  
-0.00165238  -0.000989605  -0.00157975  -0.0652253  -0.0411732  0.230199  
-0.00174516  -0.00111837  -0.00159511  -0.0605595  -0.0489397  0.223205  
-0.0017644  -0.00125599  -0.00165651  -0.0600369  -0.0411873  0.228126  
-0.00165238  -0.00110454  -0.00165546  -0.0609251  -0.0514677  0.22928  
-0.00154223  -0.000759597  -0.00152794  -0.0613036  -0.0503367  0.219787  
-0.00137909  -0.000802784  -0.00150498  -0.0660928  -0.0461497  0.217468  
-0.00162997  -0.00106901  -0.00154576  -0.0604553  -0.0535947  0.230522  
-0.00150715  -0.0010982  -0.00144709  -0.0606905  -0.046531  0.229074  
-0.00131504  -0.00112567  -0.001546  -0.0589521  -0.0618657  0.229917  
-0.00136084  -0.00104688  -0.00151009  -0.0574165  -0.0421975  0.212368  
-0.00139421  -0.0011891  -0.00144478  -0.0579738  -0.0416077  0.222782  
-0.0014023  -0.00118568  -0.00142752  -0.0612923  -0.0401535  0.224723  
-0.00138745  -0.00131129  -0.00149645  -0.0594043  -0.0482001  0.230723  
-0.00114048  -0.00128203  -0.00151392  -0.0558696  -0.0578256  0.232928  
-0.00117218  -0.00153341  -0.00141712  -0.052129  -0.0514097  0.216146  
-0.00146765  -0.00137768  -0.00138419  -0.0540561  -0.0557386  0.226037  
-0.00127045  -0.00146951  -0.00145139  -0.0494378  -0.0440081  0.230806  
-0.00121765  -0.00143765  -0.0014488  -0.0487654  -0.0534719  0.227649  
-0.0012235  -0.00145363  -0.00143122  -0.0467394  -0.0456045  0.228526  
-0.00111063  -0.00127139  -0.00149233  -0.0378262  -0.0459883  0.234389  
-0.00127253  -0.00104688  -0.00130511  -0.0414808  -0.0476266  0.225126  
-0.00146253  -0.00104688  -0.00131447  -0.0418289  -0.0430094  0.229661  
-0.00132776  -0.000978876  -0.00129887  -0.0470595  -0.0347078  0.226028  
-0.00131439  -0.000962415  -0.00137219  -0.0521605  -0.0457697  0.226753  
-0.00110335  -0.000738293  -0.0013773  -0.0583746  -0.0399137  0.215985  
-0.00123762  -0.00065052  -0.00138196  -0.0563249  -0.0448578  0.221683  
-0.00142119  -0.000705667  -0.00150392  -0.0562512  -0.0428538  0.214551  
-0.00137749  -0.000763869  -0.00137703  -0.0528167  -0.0374006  0.227316  
-0.000579961  -0.000728014  -0.00162518  -0.0532892  -0.0544872  0.232738  
-0.00120988  -0.000648047  -0.00166823  -0.0520945  -0.0309686  0.210094  
-0.000988552  -0.000979236  -0.00161508  -0.0491444  -0.0510124  0.214022  
-0.00104246  -0.000749116  -0.00155957  -0.0561619  -0.0569723  0.218445  
-0.000980712  -0.000791124  -0.00146  -0.0517037  -0.0545901  0.205034  
-0.00108117  -0.0005155  -0.0013526  -0.0623168  -0.0448678  0.204651  
-0.00133117  -0.000122544  -0.00103489  -0.0698424  -0.0471815  0.207192  
-0.00133117  -0.000516702  -0.00154636  -0.0564656  -0.0375421  0.202271  
-0.00108117  -0.000705209  -0.00152053  -0.0553426  -0.0469239  0.199841  
-0.000847912  -0.000568544  -0.00129731  -0.0600195  -0.0527133  0.184348  
-0.00155078  -0.000638686  -0.0015676  -0.052474  -0.048839  0.210531  
-0.00112212  -0.000584595  -0.00146679  -0.0539942  -0.051898  0.193062  
-0.00100782  -0.000828498  -0.0013978  -0.0585334  -0.0503338  0.193786  
-0.00119323  -0.000705209  -0.00126712  -0.0529834  -0.0467596  0.203947  
-0.000968459  -0.000769621  -0.00122333  -0.0553759  -0.0424333  0.202733  
-0.000850152  -0.000758616  -0.00126238  -0.0569201  -0.0424295  0.188559  
-0.00109489  -0.000613168  -0.0011498  -0.0644061  -0.0352545  0.189488  
-0.00127621  -0.000533128  -0.00139553  -0.0479553  -0.030801  0.200509  
-0.00127621  -0.000329639  -0.000920532  -0.0626967  -0.0335117  0.176757  
-0.00118219  -0.000244045  -0.00100208  -0.0503714  -0.0477707  0.186533  
-0.00105678  -0.000275405  -0.00117198  -0.054552  -0.0376174  0.178219  
-0.0012799  -0.000333944  -0.00100919  -0.0598256  -0.0408981  0.194249  
-0.000856401  -0.000265803  -0.000873951  -0.0660966  -0.0567519  0.189129  
-0.00102745  -0.000528481  -0.00114489  -0.0623024  -0.0440049  0.179242  
-0.00121847  -0.000270251  -0.00127107  -0.0588252  -0.0492979  0.184922  
-0.00121847  -0.000364365  -0.0013813  -0.0597501  -0.0399297  0.181579  
-0.000979631  -0.000332039  -0.00147018  -0.0571438  -0.0499251  0.1661  
-0.00118971  -0.000332702  -0.00132333  -0.0523041  -0.0386375  0.166101  
-0.000989839  -0.000379975  -0.00128441  -0.0579847  -0.0290762  0.162695  
-0.000995763  -0.000448717  -0.0012935  -0.0641604  -0.043521  0.159333  
-0.00112502  -0.000493407  -0.00120994  -0.0626563  -0.0417302  0.163018  
-0.00112502  -0.000743407  -0.00127686  -0.0571295  -0.0411776  0.171489  
-0.000831282  -0.000743407  -0.00119171  -0.0586134  -0.0482348  0.168424  
-0.000727786  -0.000743407  -0.00115512  -0.0578506  -0.0490329  0.15927  
-0.000999658  -0.000743408  -0.0011133  -0.0639259  -0.040827  0.171113  
-0.000840071  -0.000798006  -0.00121463  -0.0622313  -0.0330022  0.177862  
-0.000999658  -0.000809625  -0.00124527  -0.0648369  -0.0508884  0.174786  
-0.000924454  -0.000894054  -0.00127532  -0.0630714  -0.0396391  0.170089  
-0.000982868  -0.000694578  -0.00107972  -0.0653999  -0.0450627  0.16942  
-0.00107995  -0.000944578  -0.001232  -0.066207  -0.022215  0.152499  
-0.00152948  -0.00110056  -0.00133547  -0.0611327  -0.0213488  0.20484  
-0.000868749  -0.000851834  -0.00115191  -0.0595555  -0.0371081  0.1688  
-0.000910627  -0.000838147  -0.00111209  -0.052531  -0.0405807  0.168457  
-0.000910627  -0.000948278  -0.00110268  -0.058527  -0.0311493  0.164619  
-0.00106652  -0.000961213  -0.00120671  -0.05248  -0.0341511  0.187066  
-0.000592124  -0.00102119  -0.00121663  -0.0524356  -0.0425482  0.175514  
-0.000686646  -0.000867941  -0.00108881  -0.0525385  -0.0366694  0.167551  
-0.000977162  -0.00076352  -0.00113543  -0.0563546  -0.0212833  0.151312  
-0.00110817  -0.00101073  -0.00123896  -0.0525441  -0.0220043  0.169498  
-0.000335806  -0.00110046  -0.00114683  -0.036568  -0.0289826  0.159908  
-0.000236622  -0.00075812  -0.00156383  -0.0392683  -0.0385922  0.167724  
-7.86476e-05  -0.000920254  -0.00126094  -0.0488263  -0.049866  0.157235  
-0.000322313  -0.000920254  -0.0012965  -0.0485818  -0.0413519  0.153994  
-0.000606787  -0.000920254  -0.00130391  -0.0406601  -0.0424084  0.164588  
-0.000606787  -0.000920254  -0.00143049  -0.0461903  -0.0300249  0.163807  
-0.000497971  -0.00100873  -0.00149108  -0.0415251  -0.0314389  0.165217  
-0.000429254  -0.00117994  -0.00148273  -0.0383721  -0.0163169  0.163909  
-5.72931e-05  -0.00135693  -0.00134759  -0.0384007  -0.0266438  0.158274  
-0.00024585  -0.00147623  -0.0013468  -0.0364914  -0.0235097  0.150871  
-0.00010975  -0.00134095  -0.00137529  -0.0409244  -0.0349204  0.145935  
-5.72931e-05  -0.0013525  -0.0013652  -0.0348341  -0.0324778  0.14913  
-0.000239434  -0.00147538  -0.00142451  -0.0356494  -0.0285962  0.159434  
5.37972e-05  -0.00128771  -0.00144312  -0.0334476  -0.0371852  0.153528  
0.000110373  -0.00139976  -0.00125543  -0.0343109  -0.0332003  0.148987  
0.000232031  -0.00128771  -0.00117925  -0.0403813  -0.0250901  0.140037  
2.63067e-05  -0.00128771  -0.00117661  -0.0394643  -0.0248566  0.149439  
-0.000219737  -0.00141526  -0.00128192  -0.0348271  -0.00877649  0.156479  
0.000324483  -0.00130148  -0.00126174  -0.0332752  -0.0348715  0.156337  
3.10189e-06  -0.00122784  -0.0013464  -0.0380679  -0.00804224  0.149049  
-8.09511e-05  -0.00120002  -0.00132178  -0.0357731  -0.0178411  0.165521  
-0.000268366  -0.00110403  -0.00125338  -0.0398543  -0.0233188  0.155897  
-3.92465e-05  -0.00108246  -0.00100506  -0.0428401  -0.0372761  0.16308  
-0.000186162  -0.001081  -0.00119768  -0.0380946  -0.0369072  0.167903  
-7.72966e-05  -0.00112632  -0.00122847  -0.0403218  -0.0327566  0.151104  
-0.000354865  -0.00120399  -0.00135148  -0.0352779  -0.0202484  0.166878  
-3.14651e-05  -0.00120413  -0.00126493  -0.0375262  -0.024791  0.147113  
7.43436e-05  -0.00110401  -0.00124392  -0.0359629  -0.032833  0.143605  
-1.21402e-05  -0.000938186  -0.00120947  -0.0410683  -0.0242781  0.149986  
6.61831e-05  -0.00138728  -0.00109581  -0.0400804  -0.0220438  0.151865  
-0.000181612  -0.00127516  -0.00125584  -0.0423888  -0.0180453  0.151654  
-0.000217211  -0.00127516  -0.0012358  -0.0376824  -0.0100653  0.145925  
-0.000191167  -0.00111901  -0.00118927  -0.0384192  -0.0260186  0.14515  
7.1308e-05  -0.000870833  -0.0011098  -0.0443938  -0.0125876  0.140892  
3.4487e-05  -0.000854858  -0.00105978  -0.0410274  -0.0199226  0.141475  
-0.000228251  -0.000814356  -0.00120027  -0.0384901  -0.00664475  0.123196  
-0.000211481  -0.000912719  -0.00124703  -0.0346659  -0.0142643  0.140985  
0.000221857  -0.00127203  -0.00108692  -0.0462659  -0.00965244  0.143148  
0.000367231  -0.00134849  -0.000952367  -0.0427751  -0.011023  0.157958  
0.000411485  -0.00139639  -0.000838313  -0.0401211  -0.0142575  0.158548  
0.000272019  -0.00145583  -0.00100089  -0.0431143  -0.0090406  0.164104  
0.000275195  -0.00148096  -0.00112455  -0.0412372  -0.00543615  0.165894  
0.000336223  -0.00157349  -0.00110253  -0.0395758  -0.0168778  0.162038  
0.000295455  -0.00150527  -0.00108023  -0.04315  -0.0110819  0.144764  
0.000288493  -0.00150302  -0.00103303  -0.038774  -0.012003  0.152644  
0.000347793  -0.00168074  -0.000914186  -0.0371212  0.0108506  0.151274  
-4.69112e-05  -0.00164108  -0.00107681  -0.0360731  -0.00606263  0.162078  
2.72042e-05  -0.00147077  -0.00114377  -0.0402449  -0.00786014  0.158407  
0.000385542  -0.00149749  -0.00118924  -0.0374916  -0.00977213  0.169958  
0.000272226  -0.00165135  -0.000848917  -0.0372661  0.017682  0.144787  
0.000324694  -0.00184648  -0.00090484  -0.0368135  0.0102754  0.159276  
0.000619621  -0.0017096  -0.000896011  -0.0350544  -0.0189265  0.162774  
0.00078687  -0.00185895  -0.000851409  -0.0353097  -0.0217796  0.157266  
0.00039945  -0.00213992  -0.00115633  -0.0304579  -0.00605376  0.174104  
0.000628605  -0.00192082  -0.00101446  -0.0341766  -0.0246928  0.172005  
0.000823783  -0.00212113  -0.000909485  -0.032918  -0.000909435  0.151976  
0.000163265  -0.00202655  -0.000682921  -0.0364385  0.0423059  0.160765  
0.000880715  -0.00186868  -0.000871533  -0.0322093  -0.0305768  0.154224  
0.000663276  -0.00187065  -0.000844498  -0.0349698  0.0098573  0.166913  
0.000812234  -0.00209064  -0.00100229  -0.028845  -0.0109603  0.163712  
0.000812234  -0.00225741  -0.000877186  -0.0326707  -0.0221443  0.164365  
0.000999691  -0.00209115  -0.000713138  -0.0298513  -0.0218472  0.161489  
0.000767687  -0.00197217  -0.000818243  -0.0382204  -0.00124493  0.154002  
0.000360242  -0.00187038  -0.000698879  -0.0318328  0.00951049  0.161937  
0.000557121  -0.00178761  -0.000605035  -0.0344435  0.00678098  0.159101  
0.000570828  -0.00193038  -0.000813538  -0.0309609  -0.00684669  0.157566  
0.000450142  -0.00176858  -0.000854212  -0.0310013  0.0115566  0.153969  
0.000328411  -0.00167217  -0.00086339  -0.0237941  -0.013042  0.153969  
0.000200611  -0.0016281  -0.000789796  -0.0310512  0.00547304  0.15292  
2.8742e-05  -0.00176656  -0.000850292  -0.0235284  -0.00934149  0.161831  
-0.000242487  -0.00163455  -0.000824796  -0.0232319  -0.0228664  0.153106  
-0.00055826  -0.00147304  -0.000607556  -0.0267127  -0.0163868  0.166516  
-0.000666823  -0.00136634  -0.000111512  -0.0217441  0.0192592  0.177891  
-0.000555937  -0.00132587  7.44575e-06  -0.013469  0.0362783  0.175135  
-0.00144517  -0.00125479  -0.000197297  -0.022488  -0.000694442  0.167381  
-0.00174547  -0.000965511  -0.000117964  -0.0245405  0.00155633  0.176169  
-0.00227108  -0.000944794  -0.000132869  -0.0241144  0.0153544  0.19199  
-0.00206131  -0.00094819  0.000244682  -0.011752  -0.0129693  0.200101  
-0.00214227  -0.00090727  0.000407412  -0.00707115  0.0155967  0.187685  
-0.00242395  -0.000932901  0.000519924  -0.00705468  0.00736503  0.192868  
-0.00247991  -0.000829022  0.00056159  0.00292399  0.011523  0.183882  
-0.00243976  -0.000927491  0.0005795  -0.000775725  0.0116762  0.197848  
-0.00231998  -0.000579022  0.000623377  0.0027113  0.00325462  0.198963  
-0.00214521  -0.000390649  0.000740322  0.00270867  0.0103086  0.190136  
-0.00244482  -0.000579022  0.000606553  0.000211134  0.0160517  0.194079  
-0.00254076  -0.000528779  0.000604942  0.0023131  0.0204695  0.205987  
-0.00244892  -0.000455506  0.000615457  0.00452712  0.006624  0.212145  
-0.002306  -0.000783852  0.000537284  0.00141172  0.0128014  0.205657  
-0.00245855  -0.000662197  0.000640248  0.0101265  0.0142768  0.211194  
-0.00256497  -0.000912197  0.000244683  -0.00168171  0.0261916  0.199078  
-0.00263565  -0.000829236  0.000518219  0.00140899  0.00748337  0.207498  
-0.00253344  -0.000836506  0.000592708  0.00606211  0.00648655  0.207126  
-0.00236442  -0.000795587  0.000601407  0.00848574  0.00103914  0.204309  
-0.0026113  -0.000430833  0.000653892  0.01461  0.00678836  0.199901  
-0.00295434  -0.000919412  0.000320369  0.00380889  0.0140757  0.194835  
-0.00274118  -0.00102235  0.00039871  0.00958074  0.0117717  0.190845  
-0.00266406  -0.00109766  0.000494683  0.0111372  0.0143363  0.191009  
-0.00261712  -0.000994716  0.000612067  0.0114023  0.00520291  0.189093  
-0.00293084  -0.000829301  0.000627075  0.0123591  0.0171174  0.192723  
-0.00277213  -0.000715372  0.000574454  0.0119396  0.0136638  0.187797  
-0.00276363  -0.00056129  0.000748047  0.0200106  0.019732  0.204202  
-0.00289757  -0.000643143  0.000552026  0.0200243  0.00876048  0.194638  
-0.00243055  -0.000595401  0.000604459  0.0200159  -0.00307116  0.1952  
-0.00258148  -0.00060452  0.000544703  0.0159147  0.0293725  0.204691  
-0.00235735  -0.000520594  0.000602862  0.0108095  0.0277192  0.205622  
-0.00263082  -0.000492232  0.000471818  0.014811  0.0333506  0.210333  
-0.00237945  -0.000593833  0.000517892  0.0171681  0.0303095  0.202661  
-0.00259385  -0.000624664  0.000521509  0.0200357  0.0312485  0.207893  
-0.00248297  -0.00056276  0.000534542  0.0124281  0.0205446  0.204523  
-0.00239314  -0.000506874  0.00058111  0.00966381  0.0199647  0.208135  
-0.00222647  -0.000444739  0.000556477  0.0137351  0.0293445  0.199173  
-0.00210817  -0.000803283  0.000244683  0.0131395  0.0367975  0.19915  
-0.00183106  -0.00105472  0.000402846  0.0125514  0.0285978  0.194063  
-0.00120855  -0.00112879  0.000569715  0.0142857  0.0419687  0.184173  
-0.00138185  -0.00130145  0.000548607  0.011534  0.041877  0.186961  
-0.00162197  -0.00132516  0.000494684  0.015889  0.0482639  0.192808  
-0.0016119  -0.00154055  0.000430487  0.0201694  0.0423917  0.198656  
-0.00149613  -0.00135923  0.000494684  0.0201359  0.0174711  0.195394  
-0.00108558  -0.00136405  0.000494684  0.0201453  0.0468109  0.191766  
-0.00145111  -0.00174775  0.000390275  0.0202195  0.0454053  0.205411  
-0.00167889  -0.00171513  0.000547938  0.0258797  0.0267742  0.201501  
-0.00150113  -0.00173354  0.000573642  0.0301968  0.0136719  0.203312  
-0.00116327  -0.00158036  0.000721533  0.0317424  0.0279362  0.190469  
-0.00145508  -0.00164847  0.000544716  0.0318093  0.033128  0.195713  
-0.00128134  -0.00168924  0.000615181  0.0364867  0.0414937  0.194967  
-0.00118229  -0.00169479  0.000846145  0.0364999  0.0402539  0.20348  
-0.00123649  -0.00163931  0.000853438  0.0430646  0.0439631  0.203135  
-0.00153821  -0.00167432  0.000789264  0.0342997  0.0345117  0.19567  
-0.00174016  -0.00163558  0.000690812  0.0388609  0.0270491  0.197303  
-0.0019773  -0.00165058  0.000675655  0.042191  0.0375651  0.205563  
-0.00203842  -0.00150439  0.000742065  0.0409297  0.0148787  0.20304  
-0.00250017  -0.00154313  0.000705419  0.0364621  0.0201981  0.181599  
-0.00259564  -0.00150133  0.000688031  0.036438  0.0184296  0.194737  
-0.00206975  -0.0012875  0.00093409  0.0417512  0.0151721  0.203545  
-0.0021868  -0.00121344  0.001005  0.0459463  0.0207753  0.206455  
-0.00240293  -0.00134025  0.000814992  0.0383959  0.043726  0.211305  
-0.00216299  -0.00115601  0.000888922  0.0324655  0.017253  0.212614  
-0.00204146  -0.00115601  0.000825448  0.0356894  0.0338762  0.2171  
-0.0023402  -0.00103888  0.000849431  0.0328924  0.0214  0.205777  
-0.00252102  -0.000935707  0.000952028  0.0356893  0.0351636  0.207972  
-0.00256223  -0.000898502  0.000939514  0.032424  0.0332508  0.205583  
-0.00230207  -0.00102963  0.00102563  0.0291109  0.0320435  0.216047  
-0.00239362  -0.000921617  0.00111346  0.0356621  0.0270227  0.225143  
-0.00255789  -0.000975225  0.00100168  0.0329042  0.0210908  0.222512  
-0.00252355  -0.000933538  0.00103011  0.0332334  0.0267539  0.22266  
-0.00253009  -0.000952654  0.00114155  0.0329191  0.0166476  0.21575  
-0.00257501  -0.000824544  0.00109875  0.0335128  0.0296401  0.208642  
-0.00250839  -0.00068881  0.00113934  0.028432  0.0385639  0.204677  
-0.00282318  -0.000804895  0.00100173  0.0356475  0.0328143  0.210432  
-0.00249639  -0.000795756  0.00111135  0.0356612  0.0375128  0.212624  
-0.00222317  -0.000751355  0.00114387  0.039327  0.032069  0.213904  
-0.00245612  -0.000989028  0.00103917  0.0381686  0.0452275  0.206463  
-0.00272222  -0.00105082  0.00103466  0.0357012  0.040473  0.207793  
-0.00242805  -0.00100553  0.00109682  0.0333265  0.0279684  0.226306  
-0.00216037  -0.000928066  0.00114873  0.0356445  0.0221873  0.213264  
-0.00243746  -0.000968687  0.00109572  0.0356626  0.0301155  0.209821  
-0.00268916  -0.00106231  0.00100654  0.0395321  0.0248182  0.225002  
-0.00251291  -0.00109701  0.00107968  0.0334936  0.0309786  0.202975  
-0.00234752  -0.000899458  0.0011891  0.0356657  0.0285757  0.209321  
-0.00233387  -0.000978398  0.00117526  0.0395444  0.0323552  0.212763  
-0.00247484  -0.000930135  0.0011085  0.0356659  0.0376196  0.20095  
-0.00247692  -0.000958246  0.00109443  0.0356811  0.0425494  0.211974  
-0.00223799  -0.000747525  0.00106747  0.0298753  0.0324344  0.191801  
-0.00198358  -0.00068881  0.0011178  0.0284051  0.0309919  0.195278  
-0.00219772  -0.000302792  0.00103593  0.0272704  0.0285809  0.187414  
-0.00217215  -0.000191294  0.00101242  0.0335293  0.0389138  0.179459  
-0.00245351  -0.000499555  0.000870133  0.0429725  0.035983  0.193972  
-0.00248503  -0.000191294  0.000949822  0.035536  0.0330886  0.189573  
-0.00239076  -0.000191294  0.000978429  0.0389832  0.0159765  0.18956  
-0.00277205  -0.000191294  0.00102641  0.0355095  0.0214534  0.185245  
-0.00279573  -0.000191294  0.000908863  0.0297387  0.0256007  0.184352  
-0.00297543  0.000673954  0.000959151  0.0194314  0.0309688  0.180707  
-0.00241699  0.000357237  0.00110868  0.015142  0.0342399  0.172867  
-0.0023563  0.000649961  0.00110502  0.0168723  0.0330189  0.178462  
-0.00210382  0.000290833  0.0011195  0.0271974  0.0313842  0.185448  
-0.00230799  0.000321769  0.000976242  0.0282112  0.0524378  0.188906  
-0.00208291  -0.000121142  0.00085026  0.0355195  0.0421779  0.19587  
-0.00211188  -0.000121142  0.00105136  0.0355309  0.0462226  0.188031  
-0.00178448  9.93283e-05  0.00108515  0.0354792  0.0365507  0.19259  
-0.00169239  0.000217011  0.00125542  0.0354715  0.0493406  0.192614  
-0.00211802  -0.000278001  0.001093  0.0355229  0.0313114  0.195814  
-0.00204908  -0.000423967  0.0010623  0.0464513  0.0346223  0.210073  
-0.00179843  -0.000409292  0.00105066  0.0403847  0.0417953  0.197758  
-0.0019213  -0.00036517  0.00102481  0.0467039  0.0313243  0.192316  
-0.00218345  -0.000543662  0.000940177  0.0446159  0.0496218  0.181903  
-0.00225584  -0.000543662  0.000973426  0.0404103  0.0380207  0.192268  
-0.00188223  -1.64145e-05  0.00120459  0.0272758  0.0430181  0.178282  
-0.00192468  -0.000132211  0.00116133  0.0282224  0.0407383  0.184364  
-0.00183651  0.000118675  0.00133277  0.0221151  0.0396175  0.177704  
-0.00193956  -1.64145e-05  0.00115931  0.0255173  0.0362856  0.177043  
-0.00239718  -1.64145e-05  0.00121654  0.0229733  0.0466519  0.16672  
-0.00196747  -0.000200688  0.00108851  0.0311299  0.0367968  0.178995  
-0.00175413  -0.000158426  0.00117961  0.0304392  0.0379765  0.178993  
-0.00163668  -0.000125902  0.0011264  0.0342521  0.0355707  0.176182  
-0.0015951  -0.000164577  0.00123816  0.0281653  0.0383982  0.165808  
-0.00137928  -1.64145e-05  0.00134929  0.0228528  0.0473382  0.156659  
-0.0013708  -0.000255421  0.00134566  0.0187323  0.027943  0.144988  
-0.000740467  -0.000636781  0.00138681  0.0132023  -0.00385101  0.121391  
-0.000762553  -0.000636781  0.00134904  0.00898099  0.00963374  0.118365  
-0.000905344  -0.000866073  0.00129271  0.00780546  0.0158834  0.119132  
-0.000647252  -0.000996107  0.00130085  0.00796009  0.0169354  0.114651  
-0.000526781  -0.00105836  0.00136178  0.0134629  0.0110284  0.116786  
-0.000407319  -0.00104494  0.00132736  0.01038  0.0238386  0.110118  
-0.000399977  -0.000917175  0.0011677  0.0110352  0.0149562  0.111133  
-0.000670237  -0.00109538  0.00116028  0.0125253  0.0275277  0.0982325  
-0.00082986  -0.00130344  0.00122675  0.0111654  0.0192392  0.0959708  
-0.000372063  -0.00102808  0.00131615  0.010422  0.00713529  0.111671  
-0.000124292  -0.00104292  0.00131772  0.0158725  0.0228568  0.101564  
-0.000291552  -0.00164936  0.00117295  0.0103427  0.0257928  0.0994873  
-0.000274809  -0.001246  0.00114278  0.00508212  0.0322842  0.0944006  
-0.000504971  -0.00160046  0.000970184  0.00701208  0.0432303  0.0954637  
-0.000112732  -0.00118468  0.00110185  0.00406812  0.036786  0.0846997  
-0.00027591  -0.0012775  0.0010376  0.00410431  0.036503  0.0847062  
-0.000236053  -0.00118918  0.00111356  0.00374974  0.0432525  0.0780185  
-0.000345036  -0.0009398  0.00124486  0.00595637  0.0313887  0.0763005  
-0.00132641  -0.00161718  0.000821887  0.00350797  0.0252293  0.0421979  
-0.00171404  -0.00154158  0.000801327  -0.00552186  0.0171589  0.0408535  
-0.000958216  -0.00168501  0.000926556  -0.00566666  0.0274201  0.039265  
-0.000377549  -0.00138649  0.00116833  0.00251508  0.0259598  0.0305265  
-0.000217922  -0.00148983  0.00106373  0.00112182  0.0364671  0.038436  
-0.000534856  -0.00158116  0.00103408  0.000174313  0.0312848  0.0272562  
-0.000737278  -0.00123195  0.00110444  -0.00225491  0.0344937  0.0412667  
-0.000883087  -0.00122553  0.00116904  -0.0101013  0.0083041  0.0370962  
-0.0010899  -0.00147364  0.00100758  -0.00524289  0.00954518  0.0334393  
-0.00140271  -0.00143062  0.00105566  0.000286515  -0.00911725  0.0240344  
-0.00119888  -0.00103688  0.00112549  -0.00196597  0.00490663  0.0328698  
-0.00190106  -0.00115773  0.000865448  -0.0047789  0.000287208  0.0145534  
-0.00137241  -0.00137645  0.00105389  -0.00466454  -0.000266238  0.0116759  
-0.00138803  -0.00143629  0.000952441  -0.00982517  -0.00441832  0.0228094  
0.00120345  -0.00158004  0.00105862  -0.00889856  0.0330825  0.0216316  
0.00111256  -0.00142623  0.0010329  -0.0144312  0.0400638  0.0279584  
0.000616491  -0.00156912  0.000860417  -0.00954383  0.0333069  0.0324165  
1.74848e-05  -0.00179891  0.000459788  -0.0134948  0.0453085  0.0272768  
0.0013004  -0.00157152  0.000877054  -0.0100603  0.032105  0.0205719  
0.00139647  -0.00148846  0.000926582  -0.005311  0.037709  0.00426  
0.00132324  -0.00173441  0.000786503  -0.0155997  0.0459077  0.0113015  
0.00117691  -0.00179611  0.000640401  -0.018925  0.0333437  0.0306275  
0.00153864  -0.00161906  0.000628277  -0.00782136  0.0196798  0.0196741  
0.00180668  -0.00120872  0.00095418  -0.0081013  0.0336164  -0.00735951  
0.00106105  -0.00172365  0.000619379  -0.00301515  0.0316354  0.0223568  
0.0012992  -0.00137357  0.000634749  -0.00577923  0.00991065  -0.00227796  
0.0011988  -0.00144401  0.000983147  -0.00575609  0.0259617  0.0126671  
0.00123337  -0.00145633  0.00097826  -0.00854194  0.0259841  0.0161331  
0.00179134  -0.000103184  0.000381428  -0.040544  0.0381481  -0.00530796  
0.0015252  -0.00139376  0.000824255  -0.0179641  0.0179127  0.000149488  
0.00122125  -0.00144073  0.000946498  -0.0223659  0.0339189  -0.00718938  
0.000427612  6.66769e-05  0.00049956  -0.0476928  0.0337013  -0.0529411  
0.00171355  0.00043195  0.00108543  -0.0357096  0.0281804  -0.00968601  
0.00188311  0.00044314  0.000404684  -0.0478721  0.0202047  -0.0245151  
0.00170189  0.000528251  0.000741294  -0.0403003  0.033595  -0.0372862  
0.00124772  0.000412641  0.00105551  -0.0379233  0.0460724  -0.0456163  
0.00127001  0.000497279  0.000307751  -0.0521287  0.0307818  -0.0427667  
0.00140564  0.000449272  0.000464986  -0.0510743  0.0405287  -0.0427872  
0.00144995  0.000395879  0.000970747  -0.0411274  0.038435  -0.042775  
0.00164527  0.000277691  0.000397859  -0.0487222  0.0404485  -0.052584  
0.00141338  -0.000127274  0.00105426  -0.032312  0.0485402  -0.042778  
0.00158522  0.000115608  0.00108296  -0.0339148  0.0349478  -0.0427642  
0.00205938  -0.00103806  0.000721151  -0.0230894  0.0246246  -0.0345666  
0.00182599  -0.000823608  0.000964755  -0.0223791  0.0353597  -0.0576573  
0.0013916  -0.000659721  0.000953581  -0.0308574  0.0398964  -0.0816231  
0.00118779  -0.000505651  0.00100275  -0.0277076  0.0349501  -0.0771371  
0.00164449  -0.000179387  0.000307752  -0.0468006  0.0347336  -0.06436  
0.00202825  -0.000755651  0.000879447  -0.0315628  0.0286036  -0.071983  
0.00115314  -0.000883322  0.000797238  -0.0290363  0.0417661  -0.0850667  
0.00114455  -0.000186337  0.000307752  -0.0368586  0.0430634  -0.0850818  
0.00161766  -0.000362137  0.000307752  -0.0361401  0.0434898  -0.0951029  
0.00206242  -0.00116159  0.000612422  -0.0243671  0.0486016  -0.0851316  
0.00230958  -0.00137524  0.000726497  -0.0168282  0.0329566  -0.0730718  
0.00219555  -0.00149113  0.000476902  -0.0225829  0.0493674  -0.0798298  
0.00181895  -0.00151929  0.000613576  -0.015218  0.0436494  -0.0787214  
0.0019836  -0.00171024  0.000626638  -0.0125038  0.0506256  -0.0850905  
0.0024774  -0.00172124  0.000807327  -0.00717599  0.0353426  -0.0983336  
0.00265656  -0.00167019  0.000670807  -0.00775361  0.0289365  -0.085106  
0.00234991  -0.00183602  0.00072824  -0.0108014  0.0353906  -0.0797479  
0.00206322  -0.00189268  0.000704074  -0.00676247  0.0409474  -0.0648881  
0.0023421  -0.00156939  0.000790533  -0.0102846  0.0250739  -0.0850894  
0.00239744  -0.00157524  0.000541943  -0.00555452  0.0174596  -0.11047  
0.00182989  -0.00154481  0.000658819  -0.00977413  0.0378877  -0.111316  
0.00195623  -0.00156221  0.000594445  -0.00651892  0.027005  -0.104668  
0.00195634  -0.00157898  0.000680081  -0.00841539  0.0311779  -0.10267  
0.00219638  -0.00150804  0.00082117  -0.005573  0.0245176  -0.108194  
0.00132106  -0.000978537  0.00100354  -0.00912315  0.0297964  -0.125282  
0.0015055  -0.0014273  0.000726817  -0.0128854  0.0398823  -0.109666  
0.00199103  -0.00153745  0.000754184  -0.0155821  0.0312376  -0.106621  
0.00216411  -0.00144941  0.000710076  -0.0194286  0.0259179  -0.103941  
0.00194268  -0.00138448  0.000771323  -0.012851  0.027194  -0.122716  
0.00191622  -0.00139359  0.000945612  -0.0156348  0.0212065  -0.123211  
0.00193884  -0.0016742  0.000705835  -0.0200195  0.0427382  -0.110663  
0.00200197  -0.0016669  0.000609161  -0.0227365  0.0443533  -0.103961  
0.00201472  -0.00166337  0.000681193  -0.0189905  0.0335607  -0.103938  
0.00207467  -0.00136094  0.000796575  -0.0174845  0.0308866  -0.108392  
0.00113003  -0.00128647  0.000969074  -0.0133838  0.051864  -0.119912  
0.00130779  -0.00120308  0.00100378  -0.00804217  0.0350136  -0.117428  
0.00131365  -0.00114383  0.00105371  -0.0120365  0.0410414  -0.126195  
0.00182817  -0.00154026  0.00103938  -0.0180518  0.0474156  -0.101694  
0.00191972  -0.00143209  0.00116941  -0.0156452  0.0440833  -0.100893  
0.00181086  -0.00168241  0.00101248  -0.0143611  0.039813  -0.101804  
0.00154975  -0.00138128  0.0010002  -0.0120844  0.038419  -0.113536  
0.000999835  -0.000978537  0.00121624  -0.0161762  0.0441484  -0.122444  
0.00145261  -0.0013757  0.00097765  -0.0142447  0.0441116  -0.110644  
0.00141036  -0.000978538  0.00115904  -0.0173058  0.0385859  -0.127537  
0.00157086  -0.00119277  0.000901155  -0.0168026  0.038483  -0.128398  
0.00146681  -0.00149994  0.000690428  -0.0142913  0.032361  -0.128118  
0.00175765  -0.0016086  0.000529745  -0.0140498  0.0284574  -0.11241  
0.00219563  -0.00168991  0.000586913  -0.0161767  0.0247985  -0.10316  
0.00210479  -0.00138667  0.000920967  -0.0176198  0.0317996  -0.0991976  
0.00175203  -0.00113904  0.000988999  -0.0213527  0.0424898  -0.105773  
0.00154857  -0.000755246  0.00119159  -0.020628  0.036838  -0.106676  
0.00152316  -0.000524567  0.00117492  -0.0255256  0.0416568  -0.106239  
0.00166417  -0.000732403  0.00100767  -0.0289452  0.0406885  -0.106179  
0.0017195  -0.000596835  0.00121516  -0.0247175  0.0403094  -0.106852  
0.00128765  -0.000100509  0.00123598  -0.0314734  0.0395242  -0.121506  
0.000886192  0.000119975  0.00116224  -0.0362447  0.0372386  -0.114489  
0.00112171  -7.31893e-05  0.00118611  -0.028532  0.0411325  -0.119163  
0.000916481  0.000265761  0.000868012  -0.0425448  0.0425803  -0.122177  
0.000864627  0.000353151  0.00109363  -0.032714  0.0422418  -0.125955  
0.000915279  0.000711057  0.00109158  -0.0302293  0.0413608  -0.145197  
0.000994973  0.00100489  0.00098626  -0.0379919  0.0295497  -0.119578  
0.00120372  0.00102741  0.00105178  -0.0373898  0.0275034  -0.128258  
0.00151841  0.00103863  0.00100906  -0.0436543  0.0393879  -0.126811  
0.00100347  0.000860384  0.00102768  -0.0457706  0.0331127  -0.127982  
0.00159933  0.000888407  0.000331149  -0.0580032  0.0253795  -0.117151  
0.00168458  0.00134774  0.000999115  -0.0422145  0.0165067  -0.112877  
0.00115155  0.00068336  0.000752556  -0.0476468  0.0438736  -0.138179  
0.000895687  0.000779168  0.000418227  -0.0517081  0.0430567  -0.135011  
0.00111249  0.000809208  0.000983945  -0.0442835  0.0427697  -0.138659  
0.000996546  0.000725092  0.00110278  -0.0476111  0.040113  -0.139044  
0.00140135  0.000862729  0.00112214  -0.0492632  0.0352283  -0.143851  
0.00117973  0.000816731  0.000643549  -0.0485362  0.0379552  -0.144232  
0.00113213  0.00089305  0.0011271  -0.0381439  0.0493758  -0.155236  
0.00102465  0.000674771  0.000407399  -0.0487467  0.0414943  -0.140552  
0.000973782  0.00074523  0.00101884  -0.0408728  0.0307749  -0.137451  
0.00139631  0.000800831  0.000992334  -0.0450251  0.0286529  -0.133489  
0.00135897  0.00102709  0.000804434  -0.0497215  0.0328619  -0.148983  
0.00108678  0.000850673  0.00104461  -0.0487024  0.0352522  -0.144813  
0.00116739  0.000620564  0.000796303  -0.0463739  0.0352328  -0.138387  
0.00125239  0.000654704  0.000496786  -0.0532318  0.0399817  -0.131107  
0.00161395  0.000814073  0.000511735  -0.0517569  0.0351849  -0.127927  
0.00127289  0.00071197  0.000957969  -0.046826  0.0403381  -0.14531  
0.00124255  0.000794046  0.000995547  -0.048442  0.0352484  -0.140901  
0.0010311  0.000706533  0.00107734  -0.0456607  0.0418718  -0.143481  
0.00121817  0.00082104  0.00117459  -0.0388396  0.032943  -0.143152  
0.00116429  0.000780163  0.00101657  -0.0461996  0.0352289  -0.148819  
0.000802285  0.000781006  0.0010019  -0.0464771  0.0539002  -0.154324  
0.000996792  0.000716222  0.000561274  -0.0493542  0.0473527  -0.146821  
0.00127161  0.000799282  0.00064142  -0.0532606  0.0465773  -0.146486  
0.000974611  0.000870428  0.00115774  -0.040225  0.0418076  -0.147352  
0.000795283  0.000813379  0.000443533  -0.053313  0.0557118  -0.154632  
0.00105026  0.000851713  0.000984554  -0.046427  0.0402774  -0.155393  
0.00138421  0.000928011  0.00110243  -0.041486  0.0375902  -0.149102  
0.0012228  0.000829831  0.00116331  -0.038951  0.0567967  -0.162094  
0.000940188  0.00071572  0.00110494  -0.0350521  0.0558532  -0.144551  
0.00128671  0.000879332  0.00116908  -0.0371888  0.0321609  -0.14261  
0.00129661  0.000899198  0.00112042  -0.0371487  0.0373809  -0.16343  
0.0011791  0.000729727  0.0011234  -0.0420246  0.0327612  -0.150106  
0.000980277  0.000779269  0.00111357  -0.0373522  0.0527086  -0.156407  
0.000728679  0.000731528  0.000301522  -0.0505698  0.0624289  -0.151949  
0.00121879  0.00100517  0.0011748  -0.0351143  0.0440256  -0.160295  
0.000496284  0.000694613  0.000857925  -0.0375342  0.0797849  -0.150003  
0.00130031  0.000988053  0.00105955  -0.0354709  0.0231408  -0.146048  
0.00113994  0.000988765  0.000991123  -0.040023  0.045235  -0.161908  
0.000595872  0.00103729  0.00099413  -0.0363654  0.0455631  -0.159372  
0.000797073  0.00093472  0.00103399  -0.0397652  0.0433116  -0.161211  
0.00101687  0.000994466  0.00110326  -0.0367105  0.0454271  -0.163356  
0.00108092  0.000953986  0.000996315  -0.0364307  0.0620435  -0.168436  
0.00102771  0.000959638  0.000944667  -0.0475762  0.0490306  -0.16397  
0.000905196  0.00115927  0.000956608  -0.0392607  0.056289  -0.157176  
0.001095  0.00115821  0.00103664  -0.0347957  0.0594349  -0.161171  
0.0017694  0.00121607  0.00101591  -0.0318868  0.0336686  -0.178265  
0.0018897  0.00079935  0.000768835  -0.0450676  0.0230029  -0.187233  
0.00181279  0.0008891  0.000961976  -0.0451698  0.0327292  -0.193236  
0.00227439  0.000675179  0.000954507  -0.0427736  0.0369481  -0.201889  
0.00273684  0.000563925  0.000713785  -0.0517517  0.0368727  -0.18864  
0.00271696  0.000802628  0.00101161  -0.0405043  0.0530144  -0.188941  
0.00245777  0.000771365  0.00109215  -0.0419801  0.0587888  -0.20853  
0.00218865  0.000735822  0.00105057  -0.044009  0.0531011  -0.207526  
0.00177571  0.000864921  0.000983364  -0.0440152  0.0619335  -0.203599  
0.0023415  0.00099516  0.000742945  -0.04757  0.0253887  -0.196137  
0.00210458  0.000938396  0.000798353  -0.0440853  0.0452794  -0.209339  
0.00285942  0.000878247  0.000743351  -0.04462  0.0265799  -0.208606  
0.00241937  0.00110191  0.000793438  -0.0435788  0.0447844  -0.216286  
0.00230752  0.000716048  0.000758695  -0.0400394  0.0448082  -0.213395  
0.00231468  0.000874395  0.000894164  -0.0399195  0.038174  -0.197756  
0.00220423  0.000819725  0.000887179  -0.04113  0.0367081  -0.192422  
0.00233264  0.00119506  0.000891416  -0.0403917  0.0416664  -0.195221  
0.00218805  0.00115418  0.000872315  -0.0401861  0.0385629  -0.209527  
0.0017472  0.000813117  0.000888877  -0.0451382  0.0515079  -0.212223  
0.00198384  0.000790244  0.000943827  -0.0411398  0.0636325  -0.203595  
0.0019365  0.000887153  0.00086385  -0.0416904  0.0624419  -0.188784  
0.00178388  0.00164326  0.000851992  -0.0274193  0.0449126  -0.201237  
0.0019009  0.00117359  0.000839929  -0.032446  0.0615321  -0.205013  
0.00178584  0.000972561  0.000992473  -0.0317722  0.0589894  -0.202051  
0.00211262  0.000802582  0.00100553  -0.0364614  0.0532367  -0.209795  
0.00241192  0.000879051  0.000951586  -0.0349448  0.0548413  -0.204298  
0.00241448  0.000821597  0.000976196  -0.0216812  0.0448254  -0.20668  
0.00245974  0.000906817  0.00103178  -0.0238818  0.0515869  -0.211946  
0.00223141  0.000661042  0.000962398  -0.0221353  0.0654209  -0.199223  
0.00254396  0.000864842  0.00110657  -0.0190505  0.061938  -0.204403  
0.00304105  0.00119763  0.00091841  -0.0200256  0.0464916  -0.18452  
0.0026622  0.00109343  0.000696444  -0.0246015  0.0370142  -0.214033  
0.00302205  0.000982734  0.000616935  -0.0272799  0.055518  -0.214633  
0.00332826  0.00079782  0.000794168  -0.0307108  0.0553363  -0.213178  
0.00335988  0.000864898  0.000665128  -0.0319613  0.0580411  -0.201873  
0.00363799  0.000801663  0.000611388  -0.0273841  0.0469775  -0.218743  
0.00356227  0.000704201  0.000707844  -0.0272736  0.0386077  -0.226117  
0.00404616  0.000607344  0.000700248  -0.0260297  0.0392227  -0.225793  
0.00388335  0.000247205  0.000691538  -0.0230602  0.046999  -0.228145  
0.00371158  0.000444657  -7.29515e-05  -0.0293612  0.049825  -0.20586  
0.00410633  0.00052551  0.000546217  -0.0194371  0.0433264  -0.214906  
0.00422628  0.000504555  0.00087019  -0.0108173  0.0577575  -0.22345  
0.00412112  0.000300841  0.000787209  -0.0170837  0.0637978  -0.232053  
0.00402551  0.0006667  0.000621951  -0.00617047  0.0554785  -0.226209  
0.00433559  0.000448106  0.000731086  -0.0170357  0.0624047  -0.237146  
0.00420437  0.000652155  0.000822143  -0.0131733  0.0639778  -0.237094  
0.00370316  0.00062909  0.000700932  -0.0169603  0.0638848  -0.251442  
0.00351023  0.000780387  0.000770415  -0.00779052  0.0626142  -0.245726  
0.0034256  0.000995961  0.000560397  -0.00859477  0.0738864  -0.248872  
0.0033971  0.000834217  0.000818415  -0.0103962  0.0675334  -0.254642  
0.00373846  0.000936403  0.000710589  -0.0122681  0.0647371  -0.254452  
0.00375658  0.00107574  0.000761906  -0.00704823  0.0705176  -0.25706  
0.00391689  0.000989354  0.000561768  -0.00810348  0.057733  -0.280789  
0.00372967  0.00108353  0.00051967  -0.00109703  0.0601468  -0.288856  
0.00361101  0.00107639  0.000449583  -0.00122274  0.061049  -0.277992  
0.00347136  0.00100414  0.000199583  0.0128481  0.0652646  -0.26533  
0.00358528  0.00120452  0.000199583  0.0175969  0.0578676  -0.262066  
0.00424695  0.000548207  -8.5621e-06  0.0372319  0.0486482  -0.278201  
0.00376249  0.000523843  4.12382e-05  0.0372306  0.0578053  -0.285919  
0.00354018  0.000482044  -9.85881e-05  0.0416866  0.0556666  -0.269681  
0.00427291  0.000530421  -3.59503e-05  0.0426922  0.0458351  -0.260161  
0.00410472  0.000355353  -6.92807e-05  0.0371917  0.0577038  -0.266777  
0.0038902  0.000233946  -0.000116031  0.0423818  0.0608917  -0.26793  
0.00402758  0.000233946  3.43838e-06  0.0371677  0.0545156  -0.267107  
0.00425801  0.000233946  4.39432e-05  0.0450603  0.0475852  -0.268631  
0.00382753  0.000226118  -0.000123275  0.0414973  0.0577699  -0.268851  
0.0035772  0.000189744  -0.000126908  0.0432448  0.0631166  -0.268105  
0.00374171  0.000241983  -0.000103654  0.037159  0.0602328  -0.271792  
0.00361125  0.000241983  -4.59627e-05  0.0449054  0.0613008  -0.282404  
0.00355297  0.000478275  -5.74634e-05  0.0407646  0.0702382  -0.296751  
0.0032559  0.000241983  6.76728e-05  0.0439976  0.0603251  -0.281328  
0.00314977  0.000360209  9.74775e-05  0.0443522  0.0649142  -0.265076  
0.00355615  0.000542221  8.82871e-05  0.0428939  0.0578461  -0.264221  
0.00366481  0.000400723  0.000218989  0.0436174  0.0481965  -0.263621  
0.00323736  0.00037405  0.000314791  0.0527468  0.0558582  -0.260651  
0.00315796  0.000203415  0.000319392  0.0497108  0.0538464  -0.2585  
0.00323939  2.78928e-06  0.000483548  0.0481004  0.0640237  -0.266687  
0.00327945  -0.000167455  0.00046803  0.0525564  0.0635458  -0.264458  
0.0030874  -7.10064e-05  0.00047833  0.0546842  0.0599185  -0.267936  
0.00315631  7.25591e-05  0.000412755  0.0523934  0.0557944  -0.269765  
0.00350601  9.89718e-05  0.00036921  0.0547265  0.0545721  -0.272566  
0.0029246  8.25449e-05  0.000482492  0.0521126  0.0752619  -0.278946  
0.00299445  0.000110734  0.000350743  0.0525004  0.0655705  -0.277869  
0.00308417  9.08248e-05  0.000389837  0.0599944  0.0741819  -0.278222  
0.00326193  2.837e-06  0.00037299  0.0604749  0.0696723  -0.282461  
0.00329593  -0.000167455  0.00030614  0.0621876  0.0516816  -0.283944  
0.00109173  -0.000484722  0.000230456  0.0638598  0.0723489  -0.329775  
0.00230135  5.30084e-05  0.000388511  0.0664453  0.0620269  -0.300106  
0.00264516  0.000313425  0.000358846  0.0676514  0.0599321  -0.299653  
0.00289457  0.000313425  0.000230455  0.0683492  0.050908  -0.298295  
0.00251403  0.000313425  0.000230455  0.0699463  0.0520036  -0.297247  
0.00250433  0.000313425  0.000411005  0.069728  0.0719704  -0.302997  
0.00218931  0.000313425  0.000230455  0.0688024  0.0787549  -0.300128  
0.00229246  0.000445502  0.000230455  0.0693139  0.0862397  -0.30014  
0.00215668  0.000474965  0.000230455  0.0647662  0.0770475  -0.302843  
0.0023004  0.000313425  0.000230455  0.0619201  0.0754466  -0.316468  
0.00233757  0.000313425  0.000371868  0.0555227  0.072008  -0.321468  
0.00248159  0.000313425  0.000427622  0.0667235  0.0719576  -0.330143  
0.00222839  0.000313425  0.00042639  0.0687082  0.0804406  -0.317806  
0.00198987  0.000313425  0.000444719  0.0703701  0.0877694  -0.308149  
0.00238996  0.00037244  0.000230455  0.0686322  0.0797629  -0.311612  
0.0021413  0.000313425  0.000384188  0.0667041  0.084819  -0.307091  
0.002193  0.000313425  0.000412709  0.0604562  0.0853438  -0.298667  
0.0022081  0.000257347  0.000383289  0.0652029  0.0916204  -0.32134  
0.00209158  0.000313425  0.000368247  0.0693858  0.08528  -0.327579  
0.00223589  0.000262482  0.000375086  0.0758158  0.0820085  -0.321057  
0.00233852  0.000313425  0.000455849  0.0732693  0.084924  -0.315733  
0.00236428  0.000313425  0.000492416  0.0736079  0.0794989  -0.316228  
0.00227089  0.000495569  0.000512706  0.0733601  0.0841057  -0.322148  
0.00239366  0.000247911  0.000385604  0.0717558  0.0803915  -0.321791  
0.00240716  0.000313425  0.000424707  0.0768651  0.0743523  -0.315362  
0.00226941  0.000240228  0.000432358  0.0787028  0.0710221  -0.312252  
0.00228824  0.000247938  0.000512924  0.0809948  0.0710167  -0.307604  
0.00237729  0.000326091  0.000457423  0.081018  0.0710091  -0.307234  
0.00226532  0.000466157  0.000432226  0.0810596  0.0710354  -0.314222  
0.00247753  0.000484571  0.000508706  0.0810768  0.0770473  -0.341107  
0.00230433  0.000378523  0.000480685  0.0810356  0.0710243  -0.323219  
0.00193206  0.000378523  0.000539051  0.0810401  0.0756232  -0.324097  
0.00164387  0.000355704  0.000494735  0.0810332  0.0832773  -0.32185  
0.00169419  0.00033186  0.000476691  0.0901067  0.0766477  -0.318217  
0.00148471  0.00033186  0.000463871  0.0916472  0.0772418  -0.318691  
0.00127858  0.000467711  0.000538686  0.089114  0.0839883  -0.324828  
0.00132698  0.000593795  0.000518418  0.0939192  0.08382  -0.324525  
0.00125063  0.000619054  0.000638289  0.0932278  0.0810355  -0.32431  
0.000819198  0.000526559  0.000533727  0.0962393  0.086973  -0.319163  
0.00135048  0.000465873  0.000588031  0.0992439  0.0859361  -0.313194  
0.00154376  0.000467229  0.0006025  0.0992288  0.0658392  -0.31975  
0.00132686  0.000331861  0.000602216  0.0991991  0.0786198  -0.313865  
0.0013316  0.000602765  0.000543959  0.105327  0.0743397  -0.325198  
0.00125957  0.000632471  0.000576665  0.107087  0.0747465  -0.328891  
0.000916007  0.00058186  0.00056059  0.114549  0.0782905  -0.320239  
0.00112854  0.000663237  0.00058919  0.114988  0.0749446  -0.325912  
0.000655756  0.000760446  0.000536973  0.11426  0.0805312  -0.32791  
0.000518402  0.00063756  0.00054933  0.118337  0.0739404  -0.330545  
0.000598926  0.000755391  0.000541715  0.11689  0.0816562  -0.326664  
0.000930777  0.000755391  0.000542832  0.117403  0.0749469  -0.335746  
0.00061894  0.000755391  0.000496992  0.117485  0.0817136  -0.331577  
0.000709737  0.000691325  0.000466412  0.120877  0.0896275  -0.331739  
0.0011173  0.000662994  0.000585505  0.115338  0.0809743  -0.341194  
0.000473588  0.000700778  0.000468992  0.120877  0.0805305  -0.335097  
0.000595853  0.000678142  0.000470244  0.120879  0.0854766  -0.346699  
0.00048062  0.000690612  0.000576511  0.120901  0.0865939  -0.33172  
0.000326086  0.00062697  0.00053283  0.120865  0.083792  -0.329913  
0.000466849  0.000690612  0.000473047  0.127056  0.0813839  -0.335977  
0.000264251  0.000690612  0.00043409  0.126602  0.0824422  -0.331078  
0.000189698  0.000690612  0.000552267  0.128023  0.0821474  -0.324362  
0.000111051  0.00093157  0.000631577  0.13355  0.0932148  -0.334149  
0.000136102  0.000989394  0.000729682  0.128338  0.0940767  -0.342886  
7.77201e-05  0.000947612  0.000536271  0.129497  0.0819366  -0.342376  
0.00026397  0.000690612  0.000596473  0.132046  0.07225  -0.334997  
0.000202852  0.000690612  0.000666432  0.132173  0.0816305  -0.337605  
-3.48249e-05  0.000690612  0.000574282  0.120872  0.0852216  -0.349708  
-0.00025348  0.000690612  0.00057454  0.120872  0.0815884  -0.350774  
-0.000224343  0.000690612  0.000660352  0.132626  0.0861621  -0.356091  
-0.000178196  0.000933975  0.000722145  0.136848  0.0807776  -0.352077  
-0.000367116  0.000997178  0.000693512  0.136326  0.0767498  -0.352319  
9.47626e-05  0.00111031  0.000646423  0.139985  0.0967534  -0.364077  
0.000619828  0.000961771  0.00063368  0.138143  0.0851477  -0.355197  
0.000711825  0.00129565  0.000635126  0.13837  0.0692117  -0.352785  
0.000736461  0.000977408  0.000565262  0.139454  0.0797384  -0.345781  
0.000638565  0.000885623  0.000595209  0.136495  0.077295  -0.352829  
0.000291939  0.000690613  0.000520198  0.141555  0.0729722  -0.33373  
0.00018756  0.000690613  0.000674265  0.13628  0.0770148  -0.338094  
2.2871e-05  0.000690612  0.000630756  0.140797  0.0897465  -0.34254  
8.94221e-05  0.000690613  0.000604405  0.139972  0.0872518  -0.353659  
2.62695e-05  0.000690613  0.000590675  0.140022  0.0871928  -0.352804  
2.05812e-05  0.000690613  0.000481312  0.138199  0.0834093  -0.361674  
-0.000296969  0.000690613  0.000573204  0.147889  0.0956578  -0.3568  
-0.000149203  0.000690613  0.00059592  0.147886  0.0930178  -0.354482  
-4.59822e-05  0.000690613  0.000620785  0.14479  0.0898984  -0.358108  
3.92803e-05  0.000212236  0.000724591  0.147741  0.0856751  -0.374116  
-3.13247e-05  0.000347613  0.000732126  0.147786  0.0850311  -0.396025  
-0.000360486  0.000212236  0.000668472  0.15485  0.0859433  -0.388373  
-0.000409146  0.000393565  0.000691037  0.155145  0.0868406  -0.36493  
-0.000392026  0.000462236  0.000749601  0.147806  0.0720985  -0.369478  
-0.000364857  0.000609073  0.000807774  0.153144  0.0713894  -0.377014  
-0.000339155  0.000549069  0.000756284  0.147844  0.0872518  -0.383299  
-0.000391021  0.000366565  0.000842356  0.160865  0.0802462  -0.36098  
-0.000341979  0.000212236  0.00088197  0.160002  0.0805829  -0.348843  
-0.000575454  0.000212236  0.000954335  0.160645  0.101456  -0.359635  
-0.000391671  0.000212236  0.000961735  0.157923  0.0889497  -0.364664  
-0.000570847  0.000212236  0.000961735  0.156827  0.0912217  -0.368584  
-0.000658816  0.000212236  0.000961735  0.153894  0.10031  -0.370294  
-0.000682424  0.000392048  0.000961735  0.154299  0.0875885  -0.363972  
-0.000676734  0.000401356  0.000974097  0.157385  0.070745  -0.3602  
-0.0004892  0.000212236  0.000927187  0.158736  0.0748479  -0.357768  
-0.000308006  0.000212236  0.00101145  0.160892  0.0829608  -0.371028  
-0.000901822  9.40586e-05  0.000899574  0.164791  0.0968666  -0.353109  
-0.000380907  0.000108335  0.00114268  0.160868  0.0579413  -0.340729  
-0.000371468  -4.90884e-05  0.00109924  0.165257  0.0921989  -0.341841  
-0.00072669  -7.85623e-05  0.000953242  0.166686  0.0945972  -0.320301  
-0.000644062  0.000379721  0.00108622  0.170128  0.0661693  -0.337729  
-0.00108198  0.000442772  0.00109587  0.169897  0.0943791  -0.338775  
-0.0011709  0.000379721  0.00105057  0.168606  0.0840504  -0.329339  
-0.000682456  0.000629721  0.0011167  0.168793  0.0638731  -0.345508  
-0.000888651  0.000379721  0.00124466  0.16813  0.0833321  -0.35105  
-0.000993328  0.000379721  0.0010673  0.175363  0.0768074  -0.331694  
-0.00114376  0.000379721  0.00126297  0.176321  0.0680941  -0.33108  
-0.00132598  0.000481825  0.00124519  0.175245  0.0653538  -0.338069  
-0.00152322  0.000458205  0.00129186  0.178817  0.066546  -0.33912  
-0.00145042  0.000537369  0.00128957  0.178985  0.089372  -0.34284  
-0.00127948  0.000544278  0.00141778  0.181229  0.0783385  -0.351927  
-0.00178268  0.000660087  0.00128957  0.178344  0.0468286  -0.311549  
-0.00253406  0.00056948  0.00119713  0.181192  0.0534165  -0.320773  
-0.00278406  0.000353429  0.00118666  0.181141  0.053284  -0.2912  
-0.00298461  0.000354095  0.0011749  0.188065  0.0382123  -0.285142  
-0.00312316  0.000303398  0.00119903  0.186375  0.0309455  -0.279554  
-0.00388055  0.000260378  0.00103957  0.188952  0.0376312  -0.268539  
-0.00433379  0.000301538  0.00103957  0.186896  0.0281479  -0.253351  
-0.00408462  0.000354095  0.00103957  0.181124  0.0210614  -0.264048  
-0.00438804  0.000354095  0.00103957  0.181124  0.0116214  -0.273639  
-0.004734  0.000210136  0.000983604  0.178229  0.0132704  -0.275263  
-0.00496607  0.000147838  0.00103957  0.17848  0.00978819  -0.273295  
-0.00545569  0.000149631  0.000987  0.177955  0.0107657  -0.267313  
-0.00487534  0.000108768  0.00105417  0.181083  -0.010048  -0.272824  
-0.00539306  7.21546e-05  0.000869896  0.181076  0.0123842  -0.271125  
-0.00569217  9.13743e-05  0.000804307  0.179014  0.00250931  -0.256413  
-0.00552604  0.000251607  0.000908205  0.181107  -0.00808834  -0.255396  
-0.0061262  4.99278e-05  0.00074848  0.177116  0.0140406  -0.270228  
-0.00635381  1.69019e-05  0.000787492  0.178581  -0.00411528  -0.253499  
-0.00594124  0.000300966  0.000787492  0.177918  -4.38787e-08  -0.269463  
-0.0062122  0.000300966  0.000664968  0.181118  0.0014836  -0.269153  
-0.00665576  0.000243598  0.000681416  0.176828  -0.00248693  -0.25583  
-0.00660223  0.000228731  0.00071489  0.178718  -0.00682766  -0.256606  
-0.00671139  0.000110353  0.000787492  0.179276  -0.0136185  -0.253989  
-0.00682308  9.8872e-05  0.000678778  0.174984  0.00189567  -0.267607  
-0.00679521  0.000131013  0.000537492  0.176058  -0.00846389  -0.242299  
-0.00697178  0.000249341  0.000677123  0.17257  -0.00804849  -0.233903  
-0.00717989  0.000300966  0.000537492  0.175036  -0.0190022  -0.24147  
-0.00694121  0.000590707  0.000537492  0.175035  -0.0272525  -0.249394  
-0.00740694  0.000300966  0.000537492  0.176595  -0.013285  -0.228272  
-0.00726007  0.000410393  0.000478577  0.177833  -0.015631  -0.224975  
-0.0073742  0.000607543  0.000484741  0.176237  -0.0222707  -0.220339  
-0.00723467  0.00104924  0.000427562  0.172541  -0.0296467  -0.244836  
-0.00705532  0.00122367  0.00042188  0.170141  -0.0337116  -0.237951  
-0.00728373  0.00119045  0.00037513  0.173371  -0.0128075  -0.228227  
-0.00717286  0.00116267  0.000346273  0.171538  -0.0176909  -0.237197  
-0.00719782  0.00118044  0.000487621  0.164831  -0.022666  -0.249771  
-0.00651747  0.000921006  0.000398559  0.164796  -0.0158468  -0.25177  
-0.00534166  0.00115302  0.000262566  0.16485  -0.0229085  -0.29035  
-0.00458497  0.0013206  0.000254172  0.156476  -0.0318642  -0.308316  
-0.00620669  0.00175937  9.62726e-05  0.154026  -0.0321897  -0.26562  
-0.00593812  0.00145929  0.00023544  0.158779  -0.0263428  -0.26048  
-0.00639815  0.00151893  0.000201  0.163036  -0.0351772  -0.250174  
-0.00660286  0.00149555  0.000183162  0.16624  -0.0356609  -0.247522  
-0.0072125  0.00134686  5.9575e-06  0.163365  -0.0269363  -0.25379  
-0.00746115  0.00134686  4.58901e-05  0.166133  -0.0275095  -0.230447  
-0.00770261  0.0012215  7.13131e-07  0.165321  -0.0393507  -0.237557  
-0.00812576  0.00126753  -0.000106597  0.168649  -0.0424108  -0.241373  
-0.00832335  0.00130192  -6.06852e-05  0.169644  -0.0644596  -0.25859  
-0.00843596  0.0016597  -8.37174e-05  0.163279  -0.051525  -0.275835  
-0.00866842  0.00158835  -4.60537e-05  0.164628  -0.0423271  -0.253831  
-0.00845501  0.00149045  -3.66716e-05  0.164991  -0.0603349  -0.259081  
-0.00867441  0.0014154  -8.20818e-05  0.167437  -0.055843  -0.251836  
-0.0087325  0.00194164  4.43961e-06  0.162402  -0.0503834  -0.255081  
-0.00876958  0.0020495  -0.000104834  0.167578  -0.0514316  -0.255409  
-0.00895379  0.00220787  6.65705e-06  0.167696  -0.0472042  -0.253803  
-0.00925562  0.00228782  -0.000290349  0.167637  -0.0361202  -0.262349  
-0.00874966  0.00255539  -0.000290349  0.164792  -0.0581748  -0.275374  
-0.00897835  0.00266298  -9.86004e-05  0.166696  -0.0442397  -0.278574  
-0.00906293  0.00262632  -0.0001398  0.169868  -0.0491085  -0.301167  
-0.00884939  0.00270849  -8.63967e-05  0.166201  -0.0272972  -0.279906  
-0.00900139  0.00298965  -2.39883e-06  0.167847  -0.0443098  -0.270944  
-0.00910278  0.00281271  -2.03575e-05  0.167742  -0.0451001  -0.260541  
-0.0084788  0.00318836  9.15772e-06  0.167726  -0.0569633  -0.281533  
-0.00821079  0.00336163  -2.14935e-05  0.164619  -0.044996  -0.28948  
-0.00845869  0.00353166  -4.54909e-05  0.170033  -0.0384414  -0.28699  
-0.00831141  0.00316487  6.03061e-07  0.169963  -0.061979  -0.287125  
-0.00866971  0.00351583  7.17506e-05  0.173565  -0.0598047  -0.287128  
-0.00894473  0.0028813  -0.000136692  0.179661  -0.0413313  -0.287187  
-0.00811805  0.00280445  -0.000109872  0.169919  -0.0512381  -0.30135  
-0.00770646  0.00288389  -5.49251e-05  0.165687  -0.0559609  -0.319262  
-0.00795076  0.0032502  -5.49252e-05  0.162586  -0.0719741  -0.329793  
-0.00780372  0.00366294  -0.000105655  0.15308  -0.0446336  -0.314309  
-0.00770431  0.00360249  -3.87582e-05  0.147971  -0.0448295  -0.332363  
-0.00776706  0.00378965  -5.49252e-05  0.142456  -0.0517235  -0.313536  
-0.00787375  0.0037747  -7.35803e-05  0.148035  -0.0505413  -0.329395  
-0.0085651  0.00348643  -5.49253e-05  0.147921  -0.0610949  -0.329848  
-0.00878173  0.00332145  -6.61592e-05  0.147882  -0.0500242  -0.31018  
-0.00848598  0.00350747  -6.31192e-05  0.147936  -0.042554  -0.317561  
-0.0083299  0.00380208  6.90375e-05  0.141331  -0.0514551  -0.347578  
-0.00819233  0.00387913  -2.77394e-05  0.137696  -0.0374549  -0.343102  
-0.00797852  0.00373438  0.000155642  0.143459  -0.030888  -0.348284  
-0.00710619  0.00408698  0.000155642  0.140559  -0.0312674  -0.367903  
-0.00739221  0.00382888  0.000155642  0.148067  -0.015881  -0.370755  
-0.0073562  0.00397293  0.000424696  0.154814  -0.00763783  -0.3546  
-0.00717192  0.00414838  0.000373299  0.150855  -0.018022  -0.335328  
-0.00681574  0.00399663  0.000457034  0.148074  -0.0253238  -0.336448  
-0.00669431  0.00401198  0.0003388  0.148085  -0.030189  -0.34122  
-0.00648567  0.00397671  0.000489221  0.145873  -0.0312122  -0.346055  
-0.00685885  0.00397668  0.000155642  0.14348  -0.0250151  -0.329284  
-0.00580732  0.00382885  0.000155642  0.14297  -0.0256062  -0.374378  
-0.00656546  0.00437562  9.37779e-05  0.143319  -0.0511708  -0.348894  
-0.00733067  0.00450756  0.000101671  0.143251  -0.00827302  -0.33279  
-0.00716509  0.00446707  0.000155642  0.142215  -0.0257483  -0.341111  
-0.00678176  0.00435513  0.000155642  0.145347  -0.0218324  -0.334638  
-0.00672239  0.00434672  0.000155642  0.140644  -0.0273521  -0.336848  
-0.00692229  0.00430389  0.000155642  0.143523  -0.0349203  -0.3401  
-0.00647056  0.00436811  0.000155642  0.14099  -0.0261622  -0.342568  
-0.00650721  0.00478457  0.000405642  0.126253  -0.0256849  -0.358263  
-0.00701149  0.00463039  0.000395375  0.133544  -0.0271801  -0.338546  
-0.00733566  0.00425507  0.00029793  0.139762  -0.0210476  -0.337863  
-0.00741624  0.00403266  0.00031785  0.139554  -0.0245647  -0.339315  
-0.0078451  0.00348115  0.000405642  0.144546  -0.0303805  -0.338037  
-0.00788724  0.00393133  0.000434268  0.134528  -0.0406006  -0.330572  
-0.00797596  0.00406184  0.000287777  0.127967  -0.030996  -0.324453  
-0.00797736  0.00368494  0.000401676  0.137233  -0.0436118  -0.347629  
-0.00762346  0.00359952  0.000351655  0.142063  -0.0330963  -0.366019  
-0.00780056  0.00341655  0.000155642  0.141361  -0.025745  -0.345211  
-0.00738339  0.00436266  0.000155642  0.133779  -0.0342551  -0.361942  
-0.00713375  0.00444855  0.000155642  0.13115  -0.0369072  -0.360991  
-0.00700822  0.00425916  0.000155642  0.133802  -0.0147919  -0.350206  
-0.00672433  0.00385269  0.000287772  0.138866  -0.0293893  -0.351411  
-0.00650516  0.00359272  0.000155642  0.142456  -0.0286096  -0.34852  
-0.00636259  0.00377359  0.000327572  0.145794  -0.0216319  -0.357438  
-0.00666856  0.00377509  0.00034702  0.138189  -0.0186143  -0.356653  
-0.00688706  0.00392194  0.000308874  0.141264  -0.0319422  -0.382009  
-0.00693659  0.00398056  0.000155642  0.135128  -0.0273145  -0.381206  
-0.0068969  0.00389523  0.000155642  0.137433  -0.0329365  -0.379827  
-0.00689143  0.00414377  0.000406103  0.134743  -0.0303088  -0.377223  
-0.00702026  0.00410163  0.000441234  0.132187  -0.0298123  -0.377839  
-0.00693541  0.00440676  0.000454646  0.135667  -0.0421574  -0.387171  
-0.00699659  0.00442407  0.000465984  0.136075  -0.0343811  -0.383481  
-0.0069536  0.00466201  0.000538677  0.129907  -0.0455687  -0.381245  
-0.00701761  0.00453957  0.000523583  0.137126  -0.0365859  -0.379681  
-0.00712411  0.00424607  0.000448894  0.142813  -0.0273789  -0.369551  
-0.00710342  0.0041413  0.00034881  0.145996  -0.0251948  -0.36469  
-0.00713694  0.00417249  0.000447556  0.138579  -0.0218828  -0.381566  
-0.00685193  0.00419766  0.000390074  0.142623  -0.0390285  -0.382345  
-0.00705884  0.00421525  0.000455146  0.143008  -0.0131282  -0.378677  
-0.00709327  0.00416935  0.000378931  0.136308  -0.0209521  -0.379605  
-0.00689424  0.00387838  0.000405642  0.13008  -0.0256142  -0.365345  
-0.00709915  0.00387161  0.000537922  0.138244  -0.0226132  -0.383664  
-0.00714539  0.0038009  0.00060332  0.142978  -0.0271192  -0.379653  
-0.00688544  0.00373067  0.000637073  0.142911  -0.0338274  -0.371233  
-0.00688533  0.00376118  0.000637073  0.146445  -0.0384195  -0.356249  
-0.00697652  0.00366033  0.000584843  0.14909  -0.0354482  -0.375092  
-0.00550649  0.00279178  0.000380205  0.147714  -0.0422099  -0.441472  
-0.00551197  0.00327488  0.000443952  0.139122  -0.01157  -0.430173  
-0.0052826  0.00350506  0.000193952  0.140025  -0.0476081  -0.418893  
-0.00570354  0.00325368  0.000330811  0.13707  -0.0483779  -0.415152  
-0.00594  0.00301544  0.000193952  0.143732  -0.0332743  -0.411059  
-0.00615676  0.00319722  0.000346424  0.143648  -0.0283254  -0.410936  
-0.00590933  0.0031299  0.000193952  0.147641  -0.0287853  -0.41444  
-0.00593058  0.00296907  0.000193952  0.148686  -0.0386178  -0.405024  
-0.00599689  0.00292366  0.000348324  0.148448  -0.0290732  -0.405232  
-0.00643292  0.00296381  0.000383673  0.152651  -0.0348595  -0.40026  
-0.00640604  0.00314076  0.000369847  0.152716  -0.0388989  -0.401554  
-0.00620632  0.00342635  0.000336695  0.149495  -0.0332961  -0.401765  
-0.00617287  0.00354943  0.000443952  0.14817  -0.0459852  -0.401943  
-0.00585117  0.00350623  0.000386279  0.15077  -0.0390527  -0.417805  
-0.00548049  0.00362203  0.000193952  0.152921  -0.0303798  -0.433412  
-0.00625543  0.0037788  0.000193952  0.155208  -0.0299605  -0.416783  
-0.00535052  0.00405955  0.000366738  0.156118  -0.0542598  -0.450104  
-0.00538713  0.00399498  0.00013557  0.148118  -0.0399506  -0.458203  
-0.00589445  0.00493303  -0.000262652  0.135285  -0.053844  -0.441376  
-0.00624094  0.00469506  -6.80146e-05  0.140301  -0.0307823  -0.429313  
-0.00592983  0.00488419  -1.91676e-05  0.138352  -0.0670217  -0.438013  
-0.00576531  0.00464575  5.45666e-05  0.137923  -0.0482729  -0.438599  
-0.00592789  0.00469978  6.67132e-05  0.137667  -0.0456858  -0.436592  
-0.0057916  0.00447705  3.49466e-05  0.13714  -0.0425932  -0.438617  
-0.00620276  0.00466644  8.99926e-05  0.134728  -0.055278  -0.450833  
-0.00647176  0.00461788  4.90154e-05  0.131597  -0.0586904  -0.464494  
-0.00626392  0.00448539  -5.04007e-05  0.131222  -0.0472782  -0.454807  
-0.00527869  0.00433771  -4.41146e-05  0.132127  -0.0393353  -0.462846  
-0.00599421  0.00435277  -0.000200985  0.130064  -0.045583  -0.444039  
-0.00638785  0.00442768  -0.000200985  0.129104  -0.0320161  -0.449581  
-0.00605835  0.00425412  8.23182e-05  0.136664  -0.0528215  -0.441209  
-0.00641466  0.0041925  -2.38743e-05  0.144595  -0.035847  -0.444454  
-0.00650075  0.00401432  -0.000200985  0.141681  -0.00971898  -0.423636  
-0.00632053  0.0043382  -8.49202e-06  0.142989  -0.0512884  -0.439373  
-0.00636154  0.0042967  9.94061e-05  0.144164  -0.0397201  -0.44223  
-0.00657683  0.00385979  0.000194499  0.147335  -0.0394244  -0.431715  
-0.00598381  0.0040493  0.000223384  0.155546  -0.0499031  -0.43682  
-0.00591072  0.00371121  0.000206488  0.152416  -0.0442001  -0.444668  
-0.00567355  0.00364527  2.50682e-05  0.15222  -0.046721  -0.449293  
-0.00617608  0.0040127  3.41281e-05  0.153035  -0.0272915  -0.434448  
-0.00534031  0.00352868  0.000232369  0.161141  -0.0472304  -0.452088  
-0.00535401  0.0031701  0.000260626  0.164477  -0.031283  -0.453883  
-0.00561647  0.00321193  0.000263062  0.162412  -0.0412448  -0.466391  
-0.00660436  0.00339409  0.000144702  0.161066  -0.0241173  -0.454521  
-0.00576679  0.00350849  0.000164749  0.162126  -0.0531784  -0.463445  
-0.00553893  0.00324089  1.8385e-05  0.152655  -0.0349424  -0.465229  
-0.00548997  0.00346762  -3.937e-05  0.130168  -0.0288199  -0.44686  
-0.00510574  0.00306673  -0.000265544  0.129628  -0.0228295  -0.445403  
-0.00464096  0.00282159  -0.000664013  0.134734  -0.0433875  -0.460152  
-0.00478196  0.0025824  -0.000588059  0.142238  -0.0342757  -0.453112  
-0.00473755  0.00273249  -0.000433229  0.150789  -0.0332326  -0.447296  
-0.00443777  0.00299177  -0.00046009  0.145349  -0.0129487  -0.441943  
-0.00432324  0.00304725  -0.000552475  0.14537  -0.0216074  -0.423038  
-0.00466004  0.0031485  -0.000302475  0.145423  -0.00195423  -0.409163  
-0.00439652  0.00340411  -0.000145007  0.145501  0.00509415  -0.419578  
-0.00498117  0.00335174  -0.000183954  0.149896  -0.0144612  -0.415564  
-0.00517645  0.00316056  -0.00014672  0.154931  -0.0141317  -0.405775  
-0.00499204  0.00293878  -9.54579e-05  0.161546  -0.0109292  -0.399369  
-0.00488856  0.00325667  -0.000147426  0.156553  -0.00863959  -0.403609  
-0.0053567  0.00318373  -0.000151349  0.16977  -0.0167046  -0.388182  
-0.00577955  0.00329176  8.94035e-05  0.166643  -0.0160347  -0.380943  
-0.00605039  0.00340307  -9.54579e-05  0.161848  -0.00285253  -0.372974  
-0.00609971  0.00389579  -0.00016962  0.140886  -0.0199155  -0.353172  
-0.00666213  0.00377386  -0.000324668  0.133109  -0.0189044  -0.360516  
-0.00638409  0.00389972  -0.000495512  0.139742  -0.0123969  -0.371026  
-0.00607102  0.00390564  -0.000245512  0.142836  -0.0222636  -0.36582  
-0.00597904  0.00370222  -2.97019e-05  0.158302  -0.0248009  -0.341652  
-0.00588147  0.00359017  -1.26211e-05  0.158287  0.0121726  -0.355368  
-0.0036533  0.00329968  -0.000117634  0.166131  -0.0154634  -0.389556  
-0.00342581  0.00327025  -0.000262621  0.162888  -0.0017193  -0.399543  
-0.00355706  0.00298026  -0.000262621  0.161667  -0.00428749  -0.405874  
-0.00331013  0.002902  -0.000262621  0.1546  0.00013626  -0.44178  
-0.00299254  0.003616  -0.000349305  0.141691  0.00604614  -0.472357  
-0.00250685  0.00409846  -0.000558638  0.144749  -0.0165537  -0.495221  
-0.00386595  0.00296486  -0.000262621  0.168914  -0.0197933  -0.473046  
-0.00565357  0.00341822  -0.000130591  0.166407  -0.00237798  -0.443484  
-0.0056966  0.00357448  -7.19289e-05  0.168803  -0.00539134  -0.447054  
-0.00612784  0.00366543  -0.000131881  0.16542  -0.00393461  -0.406503  
-0.00579752  0.00345099  -7.9013e-05  0.16239  -0.000750362  -0.413183  
-0.00514412  0.00363165  -0.000262621  0.164654  -0.00831575  -0.426062  
-0.00496528  0.00343775  -0.000125448  0.160774  -0.0180211  -0.458872  
-0.0050681  0.00363378  -0.000262621  0.157812  -0.0125685  -0.442864  
-0.00456773  0.00385  -0.000369114  0.155525  -0.0315174  -0.451095  
-0.00481699  0.00383977  -0.000345477  0.155539  -0.0276119  -0.457915  
-0.00540282  0.00329534  -0.00040873  0.155321  -0.0380217  -0.462154  
-0.00595916  0.00349791  -0.000369528  0.159784  -0.0198452  -0.475838  
-0.005123  0.00369839  -0.000262622  0.151764  -0.0046936  -0.467379  
-0.00479199  0.00375111  -0.000262622  0.155481  -0.0172815  -0.451398  
-0.00466277  0.00364399  -0.000262622  0.159855  -0.0038728  -0.446365  
-0.00456434  0.00326415  -0.000262622  0.161069  -0.018608  -0.458279  
-0.00500859  0.00318084  -1.26217e-05  0.157777  -0.0092638  -0.463037  
-0.0048356  0.00325987  -4.81075e-05  0.14599  -0.021637  -0.501044  
-0.00443682  0.00399212  -0.000262622  0.135788  -0.00874167  -0.480393  
-0.00446877  0.0036742  -0.000262622  0.139945  0.00201186  -0.472644  
-0.00463775  0.00307269  6.74564e-05  0.135439  -0.00408741  -0.462946  
-0.00475785  0.00311196  0.000158055  0.140844  -0.000473943  -0.46061  
-0.00479663  0.00301151  0.000158055  0.135414  0.00104824  -0.448743  
-0.00530295  0.00305163  0.000158055  0.128118  -0.00101975  -0.449923  
-0.00533178  0.00301087  0.000106408  0.129393  0.00712307  -0.445449  
-0.00373711  0.00366787  -8.6456e-05  0.133256  -0.00239198  -0.452238  
-0.00379483  0.00358553  -1.72769e-05  0.138073  0.00242638  -0.444598  
-0.0037441  0.0030275  8.75993e-05  0.152117  -0.000668153  -0.450719  
-0.00356467  0.00294828  0.000108953  0.156896  -0.00804256  -0.432045  
-0.00374053  0.00311635  7.77511e-05  0.149171  -0.00182053  -0.420002  
-0.00400222  0.00348504  7.1722e-05  0.152261  0.011471  -0.42388  
-0.00277292  0.0034312  0.000333867  0.145245  0.0311436  -0.425206  
-0.00150398  0.00317864  0.000130119  0.143104  0.0488736  -0.457957  
-0.000928778  0.0037624  0.000133718  0.138477  0.0609778  -0.475931  
-0.000859442  0.00348774  -0.000149799  0.126568  0.0654304  -0.42154  
-0.0012809  0.00337008  -9.6897e-05  0.120772  0.0174415  -0.457784  
-0.00183813  0.00313216  -4.85352e-05  0.124103  0.0207369  -0.442207  
-0.00129403  0.00355833  0.000336222  0.113008  0.0294659  -0.419179  
-0.0011956  0.00291047  0.000452172  0.120475  0.0407947  -0.402399  
-0.000871816  0.00315529  0.00089198  0.118885  0.056664  -0.35235  
-0.00124691  0.00314409  0.00112327  0.123494  0.0538114  -0.333915  
-4.83675e-05  0.00385539  0.000915078  0.113402  0.0752871  -0.410824  
6.77837e-05  0.00375468  0.00110312  0.116911  0.0747242  -0.353952  
-0.00053083  0.00322324  0.00100183  0.126474  0.0660542  -0.327833  
-0.000391164  0.00296854  0.00109387  0.135502  0.0473865  -0.331354  
-0.000318745  0.00323384  0.00106786  0.116753  0.0396278  -0.341814  
-0.000876123  0.00381807  0.000843148  0.105371  0.0373296  -0.362546  
-0.00109849  0.00373319  0.000770877  0.0974252  0.0648388  -0.353192  
-0.000549833  0.00354183  0.000624556  0.101462  0.0723964  -0.328722  
-0.00053714  0.00330962  0.000485809  0.117288  0.0789715  -0.301636  
6.83862e-05  0.00291384  0.000111255  0.12577  0.083359  -0.346945  
0.00140807  0.00354796  0.000110884  0.12375  0.0468672  -0.367613  
0.000487532  0.00403535  -0.000143744  0.119159  0.0821971  -0.324927  
0.000607287  0.00455421  -0.000393744  0.116836  0.0795923  -0.294158  
0.000804627  0.00482036  -0.000393744  0.115493  0.0837421  -0.28026  
0.00019227  0.0055551  -0.00064943  0.103124  0.107607  -0.226052  
0.000878908  0.00542286  -0.000491293  0.104883  0.0845685  -0.226798  
0.000728016  0.00515324  -0.000393744  0.112755  0.0934029  -0.247822  
0.000543857  0.00474795  -0.000393744  0.11934  0.0743098  -0.258818  
5.72101e-05  0.00445421  -0.000629857  0.125771  0.092455  -0.258398  
0.000480541  0.00454093  -0.000596655  0.127482  0.0626011  -0.274556  
0.000319654  0.00445553  -0.000456111  0.122234  0.085899  -0.272042  
-0.000113986  0.00435291  -0.00060981  0.124874  0.0987161  -0.254129  
0.000418872  0.00444753  -0.000393744  0.138037  0.0709563  -0.268334  
0.000409153  0.00417099  -0.000393744  0.140138  0.0912989  -0.30506  
0.00018898  0.00424805  -0.000393744  0.136403  0.0876317  -0.294274  
0.000404887  0.00428186  -0.000393744  0.139265  0.0795693  -0.285474  
0.000264323  0.00424637  -0.000450907  0.145556  0.0889365  -0.282083  
0.000325843  0.00430164  -0.000316438  0.138255  0.0943379  -0.290873  
0.000273835  0.00446381  -0.000262747  0.142521  0.102493  -0.285179  
0.000432657  0.00441805  -0.000393744  0.141908  0.0944377  -0.274417  
0.000688441  0.00436274  -0.000326607  0.145527  0.087013  -0.284705  
0.00056396  0.00434781  -0.000393744  0.154373  0.0802305  -0.289743  
0.000332672  0.00472425  -0.000518581  0.135296  0.0927155  -0.244008  
0.000550008  0.00408475  -0.000443836  0.133991  0.0734676  -0.299803  
0.00081638  0.00440775  -0.000620365  0.124434  0.0765415  -0.299956  
0.000366815  0.00476181  -0.000843596  0.122216  0.093407  -0.279542  
0.000457193  0.00387526  -0.00080197  0.128594  0.0682953  -0.306203  
0.000514997  0.00371189  -0.000576508  0.13703  0.078253  -0.300825  
0.000595108  0.00364918  -0.000417739  0.133511  0.0848695  -0.307888  
0.00035045  0.00388044  -0.000717669  0.126229  0.10784  -0.280672  
0.000715622  0.00366588  -0.000859126  0.136752  0.0815388  -0.287817  
0.000600591  0.00345291  -0.000654843  0.139917  0.0703415  -0.288295  
0.000561638  0.00336096  -0.000535896  0.139939  0.0847144  -0.300834  
0.000244668  0.00326307  -0.000579179  0.138241  0.0959136  -0.260168  
0.000363258  0.00320088  -0.00047105  0.144668  0.0853391  -0.261881  
0.000486277  0.00299165  -0.000390994  0.15177  0.0791933  -0.253845  
0.000549297  0.00275425  -0.000506631  0.149665  0.0662802  -0.279388  
0.000245473  0.00260227  -0.000369896  0.147937  0.0748318  -0.286378  
-0.000112324  0.00295905  -0.000597338  0.142593  0.106063  -0.241689  
0.000422737  0.00317353  -0.000354545  0.148339  0.0735432  -0.261146  
0.000723337  0.00284295  -0.000293147  0.145599  0.0796772  -0.292548  
0.00062549  0.00312461  -0.000347283  0.140136  0.0693529  -0.272138  
0.000688939  0.00320153  -0.000207278  0.143958  0.0686704  -0.277346  
0.000848638  0.00284206  -0.000173  0.148465  0.071607  -0.290395  
0.000769813  0.00299307  -0.000376254  0.13352  0.0806836  -0.2774  
0.0011644  0.0032661  -0.000543152  0.121706  0.0715152  -0.286623  
0.00106871  0.00307033  -0.000661645  0.13328  0.0676986  -0.281079  
0.00132474  0.00301504  -0.000730963  0.131927  0.0636166  -0.284852  
0.00125322  0.00261995  -0.000611742  0.132368  0.0764438  -0.278011  
0.00101404  0.00309416  -0.00066138  0.11831  0.0868318  -0.290691  
0.000956416  0.00323442  -0.000942256  0.113288  0.0734419  -0.293729  
0.00138764  0.00367906  -0.000861407  0.107629  0.0521932  -0.309714  
0.00118735  0.00376036  -0.000853606  0.107498  0.0679421  -0.304531  
0.00104822  0.00368482  -0.000920109  0.112929  0.063262  -0.297929  
0.00155181  0.00368843  -0.000921487  0.11858  0.0521847  -0.306816  
0.00143162  0.00382103  -0.00106716  0.112348  0.0845557  -0.27006  
0.00135615  0.00439226  -0.0012509  0.103745  0.056903  -0.26031  
0.00108984  0.00480607  -0.00136198  0.0886248  0.0711896  -0.29378  
0.0015815  0.00469983  -0.00128479  0.0840502  0.0546032  -0.308828  
0.00148052  0.00466981  -0.00126756  0.0846474  0.0540051  -0.281663  
0.00155039  0.00481615  -0.0013814  0.0856021  0.0534154  -0.271513  
0.00180254  0.00495187  -0.00124949  0.0883342  0.050587  -0.275201  
0.00193594  0.00527525  -0.00126566  0.0791268  0.0529747  -0.279728  
0.00208719  0.00512308  -0.0013204  0.0736316  0.0566213  -0.29479  
0.00217163  0.00516682  -0.00133766  0.0746691  0.0359573  -0.286629  
0.00156274  0.00514479  -0.00152523  0.0741984  0.0473075  -0.260763  
0.00132487  0.0055815  -0.00148549  0.0728109  0.0537337  -0.218064  
0.000708382  0.00590433  -0.00177209  0.0695014  0.0521787  -0.227401  
0.00105436  0.00644427  -0.00179438  0.0595497  0.0371572  -0.265972  
0.000561158  0.00622103  -0.00195341  0.0566805  0.0252772  -0.256989  
0.0001264  0.00553789  -0.00202678  0.0600554  0.0122723  -0.306154  
-4.39141e-05  0.00534117  -0.00206799  0.0616609  0.0148848  -0.298652  
-0.000506918  0.00635776  -0.00204999  0.0615649  0.029046  -0.269974  
-0.000732  0.0063645  -0.0020145  0.0631451  0.0057579  -0.259989  
-0.000980829  0.00605298  -0.00203038  0.0594848  -0.00945082  -0.271825  
-0.00113067  0.00568024  -0.00208262  0.0560384  -0.00155561  -0.282806  
-0.00158007  0.00582001  -0.00190815  0.0536675  -0.0178319  -0.27677  
-0.00168003  0.00602459  -0.00187498  0.049047  -0.0110116  -0.29413  
-0.00183432  0.00632689  -0.00173849  0.04726  -0.00772715  -0.299602  
-0.00121331  0.00602279  -0.00175474  0.0510983  -0.0210909  -0.337912  
-0.000144098  0.00594333  -0.00189371  0.0445886  -0.00110968  -0.336281  
0.000593026  0.00521838  -0.00205617  0.0504372  0.0240889  -0.34648  
0.000347399  0.00499399  -0.00217034  0.0499506  0.00498218  -0.343558  
0.000641734  0.00489761  -0.00209609  0.052934  -0.00591171  -0.343177  
0.000560472  0.00510343  -0.00193491  0.0499597  -0.00592045  -0.347314  
0.000279109  0.00470062  -0.00202602  0.0517667  -0.0106204  -0.345557  
0.000105948  0.0050369  -0.00188887  0.0526596  0.00247502  -0.341192  
0.00010515  0.00535398  -0.00184307  0.055627  -0.0101575  -0.345589  
-9.47129e-05  0.00494303  -0.00203318  0.0447391  -0.00215725  -0.349559  
-9.06009e-05  0.00479135  -0.00211644  0.0428972  0.00563904  -0.327363  
