0.00176453  -0.00333041  0.00214185  0.141373  -0.428484  0.512858  
0.00202938  -0.00312204  0.00228295  0.141278  -0.466995  0.54764  
0.00208715  -0.00305154  0.00222525  0.133299  -0.422146  0.540906  
0.00224712  -0.00257087  0.00221549  0.122183  -0.46501  0.552378  
0.00195661  -0.00257087  0.00221364  0.124352  -0.400508  0.546139  
0.00250832  -0.00250167  0.00215094  0.116828  -0.486415  0.550633  
0.00238331  -0.00257087  0.00233458  0.118714  -0.377888  0.568997  
0.0025632  -0.00233354  0.00199081  0.104758  -0.465006  0.564712  
0.00178201  -0.00257087  0.00202547  0.113196  -0.397305  0.579109  
0.00177326  -0.00253875  0.00194123  0.104871  -0.471751  0.567302  
0.00145201  -0.00228272  0.00213451  0.104669  -0.420386  0.560921  
0.00233228  -0.00164242  0.00198602  0.0868048  -0.486733  0.540362  
0.00199593  -0.00164242  0.00227492  0.086479  -0.419645  0.55885  
0.0020914  -0.00164242  0.00219841  0.0808956  -0.468081  0.529522  
0.00170487  -0.00164242  0.00223501  0.0749882  -0.43193  0.558707  
0.001408  -0.00164242  0.00216552  0.075025  -0.426633  0.530112  
0.00146663  -0.00164242  0.00221072  0.0750359  -0.478085  0.534742  
0.00156797  -0.00187802  0.00220999  0.0798164  -0.405048  0.518822  
0.00188261  -0.00164242  0.0022379  0.0750226  -0.506871  0.499652  
0.00158894  -0.00183862  0.00220911  0.0825267  -0.409576  0.496419  
0.00188395  -0.00164242  0.00227527  0.0749904  -0.484351  0.51218  
0.0016847  -0.00194434  0.00221625  0.0810841  -0.404458  0.49328  
0.0019792  -0.00180425  0.00211343  0.0751195  -0.475562  0.500196  
0.00165773  -0.00176495  0.00217316  0.0859945  -0.391695  0.489057  
0.00191531  -0.00164242  0.00206165  0.0750716  -0.437112  0.522006  
0.00160048  -0.00164242  0.00209673  0.0750538  -0.396042  0.49911  
0.00186606  -0.00155555  0.00184752  0.0752187  -0.464154  0.519192  
0.00145237  -0.00164242  0.0020141  0.0751521  -0.422505  0.499062  
0.00177847  -0.00164242  0.0019668  0.0752035  -0.464395  0.524707  
0.00124911  -0.00164242  0.00202533  0.0751509  -0.422366  0.498648  
0.00195699  -0.00164242  0.00172237  0.075301  -0.446122  0.525366  
0.00215049  -0.00164242  0.00208862  0.0816368  -0.409449  0.498715  
0.00236497  -0.00164242  0.00213404  0.0812427  -0.421986  0.5248  
0.0023699  -0.00183918  0.00204969  0.0751354  -0.383395  0.476818  
0.00233513  -0.00164242  0.0019864  0.0751202  -0.420352  0.492341  
0.00186349  -0.00155036  0.00217092  0.0749865  -0.390569  0.473732  
0.00256437  -0.00121361  0.00218741  0.0578177  -0.429498  0.47042  
0.00220498  -0.00125888  0.0022936  0.0704949  -0.368426  0.484148  
0.00271594  -0.00140216  0.00216683  0.0579132  -0.447672  0.493525  
0.00164218  -0.00136589  0.0023561  0.0577903  -0.403365  0.493681  
0.00247004  -0.00113748  0.00213977  0.0577912  -0.445085  0.47525  
0.0020853  -0.00133842  0.00220122  0.0578189  -0.373235  0.461169  
0.0025369  -0.00126002  0.00216182  0.0578257  -0.442237  0.482311  
0.00221639  -0.00122607  0.00229022  0.0577526  -0.398997  0.468612  
0.0023288  -0.000998042  0.00188304  0.0556801  -0.420801  0.501471  
0.00225926  -0.00126541  0.00210248  0.0565476  -0.394363  0.455892  
0.00229688  -0.00105469  0.00218379  0.0595951  -0.400391  0.484964  
0.00250185  -0.000998042  0.00200856  0.0530444  -0.413199  0.451901  
0.00226547  -0.000998042  0.00186166  0.0508404  -0.411278  0.454002  
0.00206893  -0.000998042  0.00196219  0.0594132  -0.336635  0.445537  
0.00283368  -0.00128776  0.00199029  0.0559476  -0.393302  0.414002  
0.00245834  -0.00123942  0.00208229  0.0588301  -0.341863  0.448052  
0.00254084  -0.000998042  0.00204533  0.0466806  -0.420787  0.442665  
0.00202679  -0.000998042  0.00196658  0.0574475  -0.332973  0.470031  
0.00248709  -0.000998042  0.00180021  0.051661  -0.415839  0.44072  
0.00253759  -0.00114612  0.00179792  0.0586704  -0.320072  0.451181  
0.00262397  -0.000998042  0.00184277  0.0554802  -0.419086  0.432479  
0.00208034  -0.000998042  0.00187434  0.0600881  -0.344308  0.449631  
0.00296526  -0.000998042  0.00181757  0.0503326  -0.38663  0.412935  
0.00260819  -0.000998042  0.00184599  0.0503216  -0.356803  0.459863  
0.00280181  -0.000998042  0.00208754  0.0524369  -0.385813  0.436704  
0.00288798  -0.000998042  0.00186262  0.0466119  -0.378414  0.474252  
0.00286758  -0.00143811  0.00184525  0.0656278  -0.343116  0.432432  
0.0031684  -0.000998042  0.00181655  0.0426676  -0.405124  0.439069  
0.00301288  -0.000998042  0.00210198  0.0561055  -0.327888  0.463807  
0.00327514  -0.000998042  0.00182973  0.0480138  -0.390094  0.425487  
0.0019898  -0.00118444  0.0018438  0.0544678  -0.345019  0.441925  
0.00181869  -0.0013326  0.00185344  0.0475744  -0.407411  0.43124  
0.00273085  -0.000998042  0.00200454  0.0398209  -0.359614  0.470651  
0.00255311  -0.00119902  0.00207166  0.0433192  -0.359665  0.430896  
0.00275656  -0.000947419  0.00185925  0.0398888  -0.404798  0.438225  
0.00221291  -0.000998042  0.00202461  0.039801  -0.334616  0.4143  
0.00262279  -0.00110578  0.00200746  0.0398361  -0.409715  0.400534  
0.00238274  -0.00114363  0.00188705  0.0398934  -0.312309  0.441372  
0.00240364  -0.000998042  0.00227016  0.0396806  -0.387415  0.413787  
0.00234865  -0.000998043  0.00212557  0.0397417  -0.327903  0.420525  
0.00284347  -0.000998042  0.00227016  0.0234937  -0.396915  0.384717  
0.00238968  -0.000998042  0.00211509  0.0287448  -0.333644  0.400651  
0.00233064  -0.000998042  0.00203096  0.0191223  -0.372088  0.396012  
0.00254348  -0.000998043  0.00227016  0.0266879  -0.328801  0.410846  
0.00342634  -0.000851584  0.00192702  0.0242512  -0.351583  0.401226  
0.00253253  -0.000718923  0.00185607  0.0259013  -0.307842  0.400361  
0.00274916  -0.000998042  0.00159564  0.0288407  -0.352014  0.382207  
0.00240766  -0.000998042  0.0020214  0.032927  -0.298867  0.398192  
0.00280717  -0.000998042  0.00211047  0.0253867  -0.363567  0.370843  
0.00251186  -0.000998042  0.001832  0.0247502  -0.334403  0.405008  
0.00262348  -0.000682895  0.00199174  0.0176228  -0.355841  0.377477  
0.00191583  -0.000763854  0.00184465  0.0254311  -0.339441  0.411321  
0.00232709  -0.000588371  0.00181761  0.0199966  -0.359365  0.387902  
0.00213617  -0.000593117  0.00195661  0.0233114  -0.325522  0.403345  
0.00199382  -0.000998043  0.00185269  0.0120187  -0.366987  0.390943  
0.00226447  -0.000554585  0.00185213  0.0303287  -0.33491  0.427333  
0.00219935  -0.000427236  0.0017885  0.0315339  -0.338983  0.408006  
0.00225795  -0.000448021  0.0017986  0.0207511  -0.366199  0.414886  
0.00198426  -0.000416764  0.00176306  0.0406245  -0.324138  0.390631  
0.00223817  -0.000349582  0.0016619  0.0249306  -0.382457  0.422371  
0.00189052  -0.000554585  0.00174109  0.0334285  -0.30843  0.401837  
0.00279063  -2.24023e-05  0.00167774  0.0285638  -0.385428  0.407427  
0.00189286  -0.000304506  0.00167803  0.0295915  -0.305314  0.400719  
0.00221707  -0.000150929  0.0017087  0.0167974  -0.384185  0.403797  
0.00190122  -2.24023e-05  0.00184616  0.0231197  -0.311185  0.393754  
0.00234396  -0.000455053  0.00175624  0.0314075  -0.34022  0.380992  
0.00212809  -0.000550712  0.00169123  0.0370485  -0.350675  0.402901  
0.00233965  -0.000596551  0.00227016  0.039011  -0.270517  0.373778  
0.00253493  -0.000536178  0.00227016  0.0289561  -0.396826  0.405382  
0.00148936  -0.000489689  0.00227016  0.034181  -0.319812  0.43264  
0.00264271  -0.00073551  0.00227016  0.0303945  -0.344539  0.382559  
0.00236745  -0.000437966  0.00220334  0.0319612  -0.342523  0.40957  
0.00195762  -0.000631637  0.00227016  0.040883  -0.319121  0.385877  
0.0026546  -0.000427  0.00227016  0.0384894  -0.356749  0.393303  
0.00197795  -0.000610893  0.00227016  0.0524353  -0.285812  0.397407  
0.00242982  -0.000463332  0.00219043  0.0410702  -0.33336  0.388939  
0.0027031  -0.000476121  0.00227016  0.0385488  -0.35337  0.417659  
0.0020973  -0.000509259  0.00227016  0.0430936  -0.281377  0.40362  
0.00240641  -0.000442959  0.00227016  0.0432971  -0.357009  0.393627  
0.00241643  -0.000425693  0.00227016  0.0511282  -0.320602  0.390894  
0.00199271  -0.000447438  0.00227016  0.0452089  -0.314722  0.373168  
0.0025525  -0.000237208  0.00227016  0.0386488  -0.33773  0.390131  
0.00140133  -0.000441533  0.00249461  0.0432187  -0.28784  0.372393  
0.00227247  -0.000477763  0.00227016  0.0420777  -0.338988  0.366455  
0.00197201  -0.000455354  0.00227016  0.0415383  -0.324691  0.362598  
0.00212841  -0.00031782  0.00227016  0.0481974  -0.247532  0.353319  
0.0026138  -2.24023e-05  0.00227016  0.0387906  -0.292331  0.320501  
0.00157798  -2.24023e-05  0.0026114  0.0344725  -0.26564  0.357812  
0.00275827  -0.000218882  0.00245639  0.0271443  -0.270152  0.326626  
0.00258353  -2.24023e-05  0.00227016  0.0258893  -0.293839  0.34684  
0.00254545  -0.000376061  0.00227016  0.0288499  -0.258716  0.34682  
0.00283075  4.30995e-05  0.00242097  0.0225735  -0.308353  0.346936  
0.00284998  -2.24023e-05  0.00249545  0.0198521  -0.26177  0.331153  
0.00300639  -2.24023e-05  0.00227016  0.0115582  -0.306376  0.329419  
0.00320415  -2.24023e-05  0.00227016  0.0115582  -0.245355  0.310939  
0.00342637  -2.24023e-05  0.00227016  0.0115582  -0.30724  0.322809  
0.00345977  4.89854e-05  0.00227016  0.0115399  -0.243817  0.308778  
0.00324606  -2.24023e-05  0.00227016  0.0115582  -0.290048  0.329541  
0.00262274  -2.24023e-05  0.00227016  0.0115582  -0.219727  0.318394  
0.00348373  -2.24023e-05  0.00249791  -0.00306515  -0.293068  0.31697  
0.00318153  0.000125158  0.00252216  0.00200857  -0.243717  0.327114  
0.004685  0.000257561  0.00265127  -0.00272189  -0.306087  0.310744  
0.0049039  0.000642767  0.00227016  -0.00575677  -0.226044  0.306266  
0.00324731  0.000370308  0.00256017  -0.00576633  -0.206685  0.313925  
0.00390918  0.000502851  0.00249508  -0.00175648  -0.283922  0.298279  
0.00334533  0.000479935  0.00239395  0.00158376  -0.217427  0.317201  
0.00382987  0.000528376  0.00255143  -0.00583511  -0.28518  0.31023  
0.00294782  0.000501993  0.00227016  0.00609919  -0.225316  0.321934  
0.0038131  0.000499004  0.00251743  -0.00583562  -0.284362  0.303013  
0.00335228  0.00049106  0.00238684  0.000581366  -0.221563  0.31758  
0.00373544  0.000646011  0.00255288  -0.00584837  -0.28481  0.309211  
0.00288786  0.000646011  0.00255881  0.0117164  -0.213051  0.303645  
0.00340675  0.000646011  0.00239704  0.000331317  -0.268838  0.304921  
0.00293624  0.000646011  0.00267818  0.00770107  -0.187328  0.304468  
0.0034121  0.000445188  0.00260387  0.00183791  -0.236731  0.283811  
0.00273586  0.000646011  0.00227016  0.012002  -0.195851  0.319278  
0.00415961  0.000646011  0.00227016  -0.00144474  -0.23225  0.279364  
0.0028766  0.000428846  0.00227016  0.0172371  -0.202927  0.304507  
0.00329684  0.00018822  0.00227016  0.00177427  -0.233032  0.296867  
0.00285922  0.000571856  0.00227016  0.0124573  -0.178367  0.298066  
0.00280735  0.000646011  0.00227016  -0.00575467  -0.260195  0.281292  
0.00230501  0.000646011  0.00227016  0.00598452  -0.185967  0.297247  
0.00377191  0.000646011  0.00227016  -0.00575467  -0.244968  0.267654  
0.0021539  0.000646011  0.00219468  0.00658747  -0.213165  0.31181  
0.00314002  0.000646011  0.00227016  0.00605906  -0.206582  0.296373  
0.00254968  0.000747198  0.0021986  0.000158101  -0.246262  0.315523  
0.0024306  0.000646011  0.00227016  -0.00575467  -0.201851  0.298262  
0.00278199  0.000646011  0.00205984  -0.00568235  -0.257877  0.291902  
0.0026108  0.000589273  0.00184803  -0.00561949  -0.208994  0.27852  
0.00301078  0.000646011  0.00175759  -0.0119672  -0.274285  0.290155  
0.0027136  0.000724687  0.00198555  -0.00943293  -0.203463  0.284379  
0.00319496  0.000878407  0.00185649  -0.031181  -0.256105  0.288342  
0.00241567  0.000830171  0.00200552  -0.02558  -0.195731  0.286086  
0.00314825  0.000951831  0.00204221  -0.0418061  -0.263332  0.269066  
0.00252921  0.00105948  0.00187756  -0.0370433  -0.209909  0.292377  
0.0030787  0.00105948  0.00204687  -0.0393834  -0.244872  0.270517  
0.00332207  0.0014882  0.00227016  -0.0459771  -0.238209  0.291604  
0.00211419  0.00115026  0.00227016  -0.0344642  -0.198518  0.291237  
0.00342978  0.00124645  0.00213181  -0.0401482  -0.264215  0.289557  
0.00251038  0.001138  0.00227016  -0.0339658  -0.208199  0.320133  
0.00292875  0.001138  0.0017694  -0.0357811  -0.248711  0.273507  
0.00249036  0.00103897  0.00183234  -0.0273476  -0.21123  0.292322  
0.00331614  0.001138  0.00192606  -0.0241867  -0.230683  0.24616  
0.00173567  0.001138  0.00200211  -0.0290614  -0.224287  0.278578  
0.00255296  0.001138  0.00186867  -0.0281988  -0.212642  0.252698  
0.00239142  0.00107396  0.0018621  -0.0233116  -0.226241  0.273613  
0.00258015  0.001138  0.0018179  -0.031484  -0.214519  0.258974  
0.00216904  0.001138  0.00163944  -0.0292664  -0.188665  0.294429  
0.00254641  0.00107537  0.00165633  -0.0273639  -0.224007  0.268422  
0.00272523  0.00108244  0.00168476  -0.0238647  -0.203995  0.296653  
0.00278965  0.00103859  0.00183051  -0.0198252  -0.203048  0.260024  
0.0027556  0.000998976  0.00149559  -0.0222652  -0.21594  0.275127  
0.00253082  0.001138  0.0016431  -0.0214247  -0.176715  0.257114  
0.0030904  0.001138  0.00173973  -0.0250093  -0.234375  0.262841  
0.00239274  0.001138  0.00183051  -0.0170423  -0.189633  0.275299  
0.00308242  0.00108423  0.0018305  -0.0262542  -0.229975  0.263548  
0.00235733  0.00105366  0.00152546  -0.0191232  -0.156725  0.247888  
0.00301414  0.001138  0.00170136  -0.0233669  -0.219136  0.245989  
0.00252909  0.00107671  0.0018305  -0.0214819  -0.157123  0.263962  
0.00312746  0.001138  0.0018305  -0.0276002  -0.231276  0.270506  
0.00250624  0.001138  0.0018305  -0.0196156  -0.155143  0.273427  
0.00408951  0.001138  0.00163183  -0.0201011  -0.236701  0.269914  
0.00195121  0.001138  0.00175647  -0.0166431  -0.179174  0.272071  
0.00307246  0.001138  0.00156561  -0.0214134  -0.207275  0.245311  
0.00240538  0.001138  0.00153308  -0.0119032  -0.150193  0.261  
0.00271758  0.00105891  0.00153065  -0.015252  -0.204252  0.251638  
0.00223364  0.001138  0.00143625  -0.00950975  -0.158701  0.278038  
0.00262569  0.00108701  0.00148537  -0.0165462  -0.21385  0.258272  
0.00240393  0.001138  0.00143019  -0.00966087  -0.156718  0.262032  
0.003659  0.001138  0.00138367  -0.0108636  -0.20595  0.230674  
0.00256902  0.001138  0.00152702  -0.0095728  -0.170744  0.272503  
0.00211777  0.001138  0.0014652  -0.0162566  -0.182622  0.260506  
0.00222992  0.001138  0.00159586  -0.0135066  -0.207443  0.29037  
0.00252937  0.001138  0.00142701  -0.0103018  -0.162228  0.259092  
0.00266592  0.00126134  0.00142712  -0.0190202  -0.207373  0.272047  
0.00211055  0.001138  0.00141859  -0.00857968  -0.161286  0.272988  
0.00279109  0.001138  0.00133938  -0.0189964  -0.217655  0.250048  
0.0020818  0.001138  0.00150375  -0.0132105  -0.157074  0.249604  
0.00216695  0.001138  0.00142796  -0.0159963  -0.182969  0.254482  
0.00254466  0.001138  0.00152219  -0.012089  -0.180013  0.279034  
0.00200757  0.000972297  0.00148689  -0.0100792  -0.187005  0.267803  
0.00284806  0.00147053  0.00152109  -0.0174672  -0.22782  0.267543  
0.00213833  0.00125026  0.00148632  -0.014248  -0.165365  0.26915  
0.00309173  0.00144898  0.0015417  -0.0143412  -0.228985  0.256141  
0.00212115  0.00104303  0.0018305  -0.00285326  -0.161257  0.263267  
0.00305103  0.00104303  0.00153506  -0.0129504  -0.217763  0.245664  
0.00153229  0.00110141  0.00167747  -0.00693495  -0.207423  0.267447  
0.00273376  0.000940774  0.00164679  -0.010579  -0.217818  0.247417  
0.00235257  0.00104303  0.00147271  -0.0052348  -0.187815  0.263474  
0.00244388  0.000637211  0.00138128  -0.00190247  -0.166336  0.243877  
0.00233727  0.00104303  0.0013695  -0.00460789  -0.199941  0.263484  
0.00229195  0.000707811  0.00140269  -0.000862144  -0.161445  0.246046  
0.00249907  0.00104303  0.0013895  -0.00460888  -0.188139  0.263578  
0.00181119  0.000778564  0.00138957  -0.00456108  -0.177315  0.246704  
0.00202959  0.000939346  0.00141293  -0.00457729  -0.211869  0.277595  
0.00188999  0.000919016  0.0013531  -0.00457913  -0.153948  0.253224  
0.00259497  0.000646049  0.00147247  -0.00454238  -0.224633  0.255169  
0.00231642  0.000593605  0.00172383  0.00955439  -0.175132  0.263794  
0.00198359  0.000704527  0.00159713  0.0031751  -0.165104  0.258049  
0.00221762  0.000770647  0.00143077  -0.00455362  -0.226122  0.264447  
0.00199916  0.000271243  0.0016004  -0.000319717  -0.16531  0.260065  
0.00270454  0.00104303  0.00150017  -0.00459899  -0.234183  0.274816  
0.00180959  0.000876762  0.00166117  0.0122522  -0.172708  0.286348  
0.00244817  0.000691204  0.0014189  -0.00452249  -0.234289  0.251568  
0.00189949  0.000620494  0.00148063  0.00754399  -0.170732  0.261659  
0.00236775  0.00059778  0.00137079  -0.00449797  -0.234294  0.244223  
0.00202452  0.00104303  0.0016139  0.00206507  -0.173343  0.28005  
0.00227212  0.000731443  0.00152828  -0.00454857  -0.241042  0.267606  
0.00182593  0.000557133  0.00137071  0.00252062  -0.166383  0.283105  
0.00213589  0.000746813  0.00158497  -0.00455582  -0.231868  0.254549  
0.00198487  0.000652805  0.00146082  0.00629638  -0.167369  0.271048  
0.00348409  0.000442165  0.00141165  -0.00154267  -0.203272  0.24317  
0.00279129  0.000462837  0.0014266  -0.000592584  -0.226124  0.240781  
0.00189911  0.000592659  0.00151218  0.013268  -0.191803  0.271947  
0.00231047  0.000269642  0.00150068  -0.00443577  -0.195005  0.255119  
0.00376663  0.000387664  0.00154014  -0.00150191  -0.227833  0.236983  
0.00267796  0.000228669  0.00142108  0.00280922  -0.186607  0.266491  
0.00275019  0.000387664  0.00131064  9.05398e-05  -0.19792  0.254261  
0.00243731  0.000387664  0.00150155  -0.00439721  -0.231939  0.283131  
0.00357766  0.000198918  0.00139058  0.00596792  -0.177001  0.244344  
0.00352137  5.42214e-05  0.00110727  0.0120337  -0.213023  0.227877  
0.00335644  0.000387664  0.00140915  0.0121658  -0.190793  0.245516  
0.003177  0.000231519  0.00140916  0.0176192  -0.181519  0.233513  
0.00332581  0.000492946  0.00140915  0.00582354  -0.220702  0.233547  
0.00212687  0.000387664  0.00140915  0.0112377  -0.147673  0.253908  
0.00441227  0.000522428  0.00140915  0.0102134  -0.230564  0.263055  
0.00212737  0.000387664  0.0013582  0.0101471  -0.161479  0.271558  
0.00185806  0.00063516  0.00140915  6.4976e-05  -0.249611  0.263629  
0.00187051  0.000387664  0.00127878  0.00735737  -0.160253  0.277781  
0.00264786  0.000387664  0.00129473  0.0107381  -0.210997  0.253611  
0.00179925  0.000803414  0.00140915  0.00364767  -0.1871  0.280143  
0.00148339  0.000398236  0.00129262  0.00624979  -0.215639  0.249004  
0.00196803  0.000630506  0.00135026  -0.00440904  -0.215548  0.268199  
0.00175125  0.000498871  0.00131003  0.00421537  -0.192588  0.262104  
0.0028387  0.000441316  0.00100124  -0.00427267  -0.22765  0.24892  
0.00231799  0.000519272  0.00132703  -0.00438217  -0.211286  0.244889  
0.00213425  0.000447385  0.00134453  0.00252317  -0.160797  0.259255  
0.00278316  0.000558207  0.00140915  -0.00211171  -0.232843  0.228186  
0.00148828  0.000304689  0.00124256  0.00268559  -0.203114  0.265554  
0.00224343  0.000151386  0.00105617  0.0115183  -0.214584  0.256662  
0.00328521  0.000242959  0.000873947  -0.00416351  -0.206484  0.240776  
0.00349716  -4.98057e-06  0.00120986  0.00754394  -0.202308  0.2448  
0.00292588  -0.000290933  0.00140916  0.0131106  -0.140003  0.24973  
0.00236826  6.98546e-05  0.00116812  0.0148203  -0.202752  0.26595  
0.00214252  6.98546e-05  0.00109582  0.00846315  -0.203612  0.279887  
0.00220793  -6.58506e-05  0.000994509  0.0135017  -0.159976  0.293953  
0.00301072  6.98546e-05  0.00106526  0.0026528  -0.239783  0.285581  
0.00215521  1.48374e-05  0.00104493  0.00866241  -0.16853  0.301589  
0.00225977  6.98546e-05  0.00116876  0.0130425  -0.217528  0.285155  
0.00262492  0.000592605  0.00112963  0.00187854  -0.239579  0.248915  
0.00202775  0.000160128  0.00095334  0.0111931  -0.159245  0.260683  
0.00280904  0.000241801  0.0010707  -0.00172995  -0.207299  0.223816  
0.00162342  0.000378502  0.00110798  -0.00430683  -0.18228  0.260541  
0.0030534  6.98547e-05  0.00122091  -0.00426635  -0.186798  0.229418  
0.00225137  6.98547e-05  0.00140916  -0.00689494  -0.219938  0.280463  
0.0024015  0.00023405  0.000994461  -0.00422729  -0.188863  0.240905  
0.00248401  0.000478558  0.00103635  -0.00427017  -0.220736  0.23863  
0.00213749  0.000120507  0.00113212  -0.0042568  -0.1584  0.23035  
0.00281176  0.000478558  0.00122501  -0.00432432  -0.213804  0.229085  
0.00247736  0.000288449  0.00121311  -0.00428626  -0.161231  0.249656  
0.00302489  0.000226355  0.00117116  -0.0123316  -0.213788  0.235086  
0.00239171  0.000478558  0.00118823  -0.00431811  -0.178281  0.239135  
0.00243386  0.000238473  0.00117126  -0.00427584  -0.175705  0.218232  
0.00248876  0.000478558  0.00110537  -0.00429966  -0.208597  0.230196  
0.00202855  0.000138847  0.00107908  -0.00424638  -0.150585  0.225967  
0.00329979  0.000478558  0.00140916  -0.00566989  -0.217582  0.20911  
0.00198783  0.000478558  0.00120739  -0.00545231  -0.152435  0.242586  
0.00199344  0.000245126  0.00113031  -0.0123918  -0.219768  0.221348  
0.00150392  0.000478558  0.00126669  -0.0144727  -0.178419  0.237051  
0.00186621  0.000478558  0.00129609  -0.00986148  -0.189317  0.221902  
0.00223783  0.000317093  0.00118588  -0.0133155  -0.219727  0.243459  
0.00186717  0.000337974  0.00140916  -0.00812544  -0.168642  0.243352  
0.00213046  0.000478558  0.00110328  -0.00904066  -0.22484  0.219541  
0.00210167  0.000478558  0.00122892  -0.00803196  -0.129432  0.271811  
0.00251235  0.000401505  0.00106887  -0.00598908  -0.195577  0.25714  
0.00150161  0.000478558  0.00118632  -0.00271437  -0.200299  0.279189  
0.00215185  0.000279737  0.00121126  -0.00216433  -0.179909  0.263686  
0.00215185  0.000478558  0.00107208  -0.0028688  -0.205846  0.24722  
0.00187204  0.000300184  0.00113687  -0.00469485  -0.167698  0.238245  
0.002359  0.000478558  0.00113464  -0.0045729  -0.214861  0.218974  
0.00221002  0.000478558  0.00140916  -0.00941759  -0.185106  0.232289  
0.00206977  0.000478558  0.00111921  -0.00904925  -0.179189  0.22903  
0.00238471  0.000478558  0.00104364  -0.0131183  -0.217081  0.231541  
0.00185023  0.000543453  0.00116398  -0.00497635  -0.144872  0.252373  
0.00263885  0.000478558  0.00103314  -0.0115159  -0.223991  0.233134  
0.00216365  0.000478558  0.00140916  0.0022353  -0.155752  0.239484  
0.00245442  0.000478558  0.00111449  -0.00367081  -0.221852  0.231133  
0.00199163  0.000478558  0.000905045  0.00173966  -0.170903  0.235174  
0.00208403  0.000478558  0.000932954  0.00621341  -0.191167  0.216299  
0.0018414  0.000478558  0.000985731  0.00326224  -0.180284  0.224301  
0.00221607  0.000478558  0.00106856  0.00639372  -0.149329  0.216005  
0.00201294  0.000478558  0.000968065  0.0105067  -0.157015  0.225374  
0.00182697  -0.000143596  0.000677045  0.0166579  -0.108983  0.213319  
0.00185498  6.91107e-05  0.000804082  0.0209215  -0.150189  0.233278  
0.00163443  4.65221e-05  0.000786708  0.0166351  -0.131388  0.217834  
0.00179656  3.65565e-05  0.000701365  0.0167031  -0.170065  0.238225  
0.00146951  0.000244323  0.000810553  0.0119055  -0.135475  0.236414  
0.00197512  0.000304849  0.00083091  0.00562172  -0.193245  0.235434  
0.00147488  0.00029722  0.00100097  0.0087488  -0.127988  0.237952  
0.00190673  0.000478558  0.000830557  0.00245798  -0.182185  0.222436  
0.000863128  0.000427496  0.00100097  0.000238578  -0.162011  0.224259  
0.0019309  0.000349649  0.000738173  0.000317964  -0.182196  0.234432  
0.00155943  0.000621039  0.000925697  0.00489359  -0.161638  0.254927  
0.00180313  0.000478559  0.000798277  0.000273702  -0.173143  0.233587  
0.00141243  0.000228558  0.000767155  0.00924838  -0.148846  0.225741  
0.00154804  0.000478558  0.000816442  0.00793057  -0.163179  0.190537  
0.0012609  0.000478558  0.00100097  0.00969846  -0.156825  0.227332  
0.00140821  0.000478558  0.00100097  0.000229779  -0.139063  0.194501  
0.00150345  0.000478558  0.000792349  0.00676015  -0.150883  0.216796  
0.00172042  0.000478558  0.00100097  0.00704532  -0.131056  0.201824  
0.00165816  0.000478559  0.000775511  0.000274871  -0.17554  0.225378  
0.00111959  0.000478559  0.000742014  0.00907732  -0.122291  0.220238  
0.00156683  0.000626676  0.000846116  0.00546439  -0.175402  0.22749  
0.00160411  0.000478559  0.00100097  0.00022978  -0.104918  0.252769  
0.00186809  0.000478559  0.00100097  0.00022978  -0.169445  0.220265  
0.00139752  0.000478559  0.000805473  0.000273529  -0.143302  0.231415  
0.00263793  0.000478559  0.00100097  0.00022978  -0.145354  0.188954  
0.00170728  0.000478559  0.00081583  0.0023486  -0.14999  0.2197  
0.00146953  0.000309135  0.00069411  0.000303629  -0.115712  0.201773  
0.00161383  0.000478559  0.000820927  0.00250318  -0.171985  0.218301  
0.00114258  0.000478559  0.000787761  0.00304156  -0.124089  0.216482  
0.00112569  0.000478559  0.000744872  0.000293222  -0.179015  0.199045  
0.00124327  0.000478559  0.000862919  0.000258634  -0.12251  0.18779  
0.00172533  0.000478559  0.00073191  -0.00608298  -0.175437  0.193061  
0.00146579  0.000478559  0.000587711  0.000305496  -0.102073  0.214391  
0.00190301  0.000478559  0.000685168  -0.0191175  -0.179349  0.19188  
0.00110009  0.000478559  0.000735775  -0.00993138  -0.123279  0.201802  
0.00189086  0.000389644  0.000766559  -0.00752978  -0.186151  0.196556  
0.00162689  0.000478559  0.000944715  -0.00311047  -0.135575  0.214436  
0.00362689  0.000478559  0.000859242  -0.00448242  -0.179129  0.168329  
0.000999516  0.000478559  0.000807225  -0.00383059  -0.130677  0.190127  
0.00154565  0.000478559  0.000695822  -0.00605004  -0.137737  0.15562  
0.00163102  0.000478559  0.000774861  -0.00167068  -0.116473  0.179256  
0.001589  0.000478559  0.000764954  -0.00404871  -0.123804  0.179258  
0.00134393  0.000478559  0.000819888  -0.00862207  -0.143352  0.196946  
0.00107885  0.000370306  0.000758851  -0.00824166  -0.0905761  0.18418  
0.00191546  0.000478559  0.00100097  -0.0191935  -0.179483  0.146417  
0.0014211  0.000478559  0.000635819  -0.0191298  -0.140107  0.159923  
0.00138026  0.000478559  0.000797359  -0.0120348  -0.120586  0.165476  
0.00172422  0.000597944  0.000646519  -0.0191213  -0.181363  0.153891  
0.00167482  0.000478559  0.000540718  -0.0191056  -0.137437  0.193131  
0.00133965  0.000478559  0.000633096  -0.0191268  -0.0975355  0.170944  
0.00141965  0.000478559  0.000533259  -0.0190726  -0.186153  0.190992  
0.000776187  0.00059004  0.000661599  -0.00319406  -0.0915416  0.205846  
0.00153766  0.000657308  0.000669001  -0.0168483  -0.165314  0.198784  
0.00118475  0.000478559  0.000598884  -0.00825547  -0.106417  0.207682  
0.00283001  0.000478559  0.000629768  -0.0015843  -0.136457  0.161611  
0.0025536  0.000478559  0.000557231  -0.00739057  -0.123706  0.147292  
0.00131314  0.00035529  0.000588741  0.000185618  -0.0795315  0.195011  
0.00155777  0.000478559  0.000515783  -0.00816111  -0.135506  0.152259  
0.0011885  0.000478559  0.000529297  -0.0029174  -0.0811413  0.194346  
0.00211767  0.000478559  0.000590767  -0.00148121  -0.110445  0.135536  
0.00114294  0.000478559  0.000585221  -0.00285348  -0.0803782  0.197536  
0.00191398  0.000611695  0.00053825  -0.00330354  -0.129372  0.159817  
0.00123451  0.000478559  0.000696638  -0.00658611  -0.0901178  0.209415  
0.00155427  0.000478559  0.000672842  -0.0114753  -0.109157  0.171726  
0.000992957  0.000584679  0.000756592  -0.00500544  -0.080838  0.21632  
0.00147099  0.000478559  0.000472451  -0.00305378  -0.129422  0.166767  
0.000953352  0.000478559  0.000653811  -0.00474784  -0.0925473  0.216926  
0.00155427  0.000544082  0.000597843  -0.00465303  -0.0962771  0.191093  
0.00127562  0.000478559  0.00057544  0.007698  -0.0679026  0.20333  
0.00155427  0.000377576  0.000472017  -0.00257395  -0.12725  0.167079  
0.000909823  0.000417909  0.00057612  0.00235622  -0.056496  0.216158  
0.00120451  9.11763e-05  0.000519616  0.00204677  -0.114461  0.171872  
0.00106038  0.000355527  0.000565309  0.00745722  -0.101357  0.209439  
0.000909823  0.00028662  0.000430579  0.0111698  -0.0869762  0.197295  
0.00114168  0.000300956  0.000372904  -0.00140326  -0.12483  0.197353  
0.00068404  0.000228732  0.000413269  -0.000675212  -0.0799834  0.171155  
0.00118029  0.000478559  0.000341126  -0.00497038  -0.114983  0.143545  
0.000595895  0.000360348  0.000568206  -0.000969519  -0.0733646  0.185027  
0.0010901  0.000478559  0.000377959  -0.00931651  -0.12717  0.157983  
0.000843067  0.000478559  0.000568206  -0.00674715  -0.121913  0.18508  
0.000873464  0.000478559  0.000568206  -0.00987859  -0.111107  0.156662  
0.000873464  0.000478559  0.00016811  -0.00298817  -0.144824  0.185078  
0.000536797  0.000396999  0.0004158  -0.00738194  -0.0998199  0.181731  
0.00089679  0.000478559  0.000328171  -0.0054204  -0.141971  0.164225  
0.000290008  0.000478559  0.000568206  0.012951  -0.0833053  0.19207  
0.000748673  0.000409801  0.000346487  0.00164385  -0.0929443  0.164025  
0.000637164  0.000597586  0.000568207  -0.00302125  -0.107571  0.186356  
0.000486663  0.000478559  0.000399898  -0.00147392  -0.078686  0.167337  
0.000699437  0.000573359  0.000430355  -0.00328576  -0.150075  0.162371  
0.000699437  0.000478559  0.000568206  -0.00718417  -0.0776065  0.186967  
0.00215604  0.00091591  0.000568207  -0.0171005  -0.123933  0.126842  
0.000901472  0.000737231  0.000568206  -0.00210243  -0.0744768  0.177803  
0.000929966  0.000304007  0.000338611  -0.00620171  -0.0845624  0.149716  
0.000847828  0.00057029  0.000322119  -0.0115556  -0.0898095  0.155921  
0.00128476  0.00057029  0.000314662  -0.0121055  -0.0734477  0.125473  
0.000712556  0.00057029  0.000379049  -0.00225406  -0.0817099  0.160661  
0.00107808  0.00057029  0.000271331  -0.0125494  -0.0898044  0.126307  
0.000558806  0.00057029  0.000568207  -0.0141795  -0.0789158  0.155306  
0.00175384  0.00057029  0.0001341  -0.0190426  -0.0555138  0.110821  
0.00145683  0.00057029  7.58558e-05  -0.01903  -0.0922726  0.112225  
0.000779325  0.00057029  0.000150497  -0.0113836  -0.0563948  0.124324  
0.00135548  0.000303418  0.000176522  -0.0116104  -0.0905319  0.113795  
0.000887833  0.000429774  0.000236837  -0.0190171  -0.100053  0.144349  
0.000899517  0.000172601  0.000168278  -0.010434  -0.0517402  0.131936  
0.00160714  0.000432488  0.000133936  -0.0151928  -0.111122  0.132074  
0.000532565  0.000393479  0.000204351  -0.00940222  -0.0413001  0.1563  
0.0010173  0.000351412  0.000140563  -0.0190132  -0.092784  0.107689  
0.000538188  0.00057029  0.000453374  -0.00200258  -0.0875166  0.132949  
0.000837441  0.000188328  0.000275408  -0.00991731  -0.0557015  0.106794  
0.00157878  0.000395454  0.000117608  -0.0100195  -0.0902712  0.0953735  
0.000351686  0.00057029  0.000370881  -0.00289301  -0.090347  0.0972475  
0.000473115  0.000361132  0.000145638  -0.00609468  -0.0228091  0.116064  
0.000719217  8.10445e-05  0.000120721  -0.00333153  -0.0423849  0.0717118  
0.000379148  0.000111629  9.64415e-05  -0.00153075  -0.0629526  0.0895492  
0.000262128  -0.000248605  0.00016244  -0.000967499  -0.0210823  0.0895281  
0.00218333  -8.79143e-05  0.000114831  -0.00642868  -0.0880618  0.0732123  
0.000363914  0.000397541  0.000127574  -0.00961667  -0.0204434  0.104864  
0.00104981  -0.000123647  0.000122151  -0.0190283  -0.0778243  0.0732511  
0.000552931  0.000397541  0.000255585  -0.0170028  -0.0585484  0.102934  
0.000567656  0.00020187  0.000188783  -0.0190379  -0.0468275  0.0798591  
0.000589125  0.00033837  0.000149944  -0.0190305  -0.0963154  0.0896443  
0.000227468  0.000397541  0.000142325  -0.0135218  -0.0198731  0.0959698  
0.00064413  0.000397541  0.000101304  -0.0190408  -0.0768018  0.0700835  
0.000285122  0.000203667  2.75196e-05  -0.0014236  -0.0231345  0.0824343  
0.000963752  0.000242132  -5.77214e-05  -0.0190328  -0.0422786  0.0333616  
0.000500827  0.000234569  -1.93102e-05  -0.0190324  -0.0319843  0.0693019  
0.000554162  0.000323735  -7.55326e-05  -0.0120141  -0.0390439  0.0692807  
0.00161728  0.000676182  -9.68847e-05  -0.0190152  -0.0579829  0.0489989  
0.000253291  0.000397541  0.000101304  -0.0101046  -0.0310678  0.0766419  
0.000676278  0.000397541  -5.05302e-05  -0.0190226  -0.0742899  0.0713571  
0.000131099  0.000397541  0.000101304  -0.00612617  -0.00837326  0.0844136  
0.000743728  0.000397541  5.90051e-06  -0.0118886  -0.0646953  0.0673591  
0.000244484  0.000397541  0.000101304  -0.00572389  -0.0248045  0.0606295  
0.000731738  0.000251927  2.94026e-06  -0.016806  -0.0538296  0.022646  
-2.13041e-05  0.000397541  0.000101304  -0.00624292  -0.0219637  0.050877  
0.000863869  0.000397541  0.000101304  -0.0123329  -0.0353311  0.0305608  
6.47665e-05  0.000317558  0.000101304  0.000199134  -0.00335054  0.050883  
0.000461278  0.000397541  0.000101304  -0.00739579  -0.040979  0.0278014  
1.60918e-05  2.94249e-05  0.000101304  -0.00326659  -0.0314974  0.0626661  
0.000120537  0.000397541  0.000101304  -0.00605948  -0.0255402  0.0418256  
0.000451937  0.000397541  4.29596e-05  -0.00469534  -0.0538347  0.0651331  
0.000156777  0.000397541  0.000101304  -0.00918662  -0.0085227  0.050866  
0.000490267  0.000205902  0.000101304  -0.0190464  -0.0834064  0.0509094  
0.000127816  0.000296897  0.000101304  0.00141417  -0.0122828  0.0509705  
0.000509972  0.000208425  -5.7775e-06  0.00384588  -0.0498458  0.0447143  
-0.00012837  0.000369013  0.000101304  -0.00135121  -0.000586705  0.0309385  
0.000833957  0.000369013  0.000101304  -0.00267426  -0.0473044  0.0171652  
0.00125263  0.000369013  0.000101304  0.005047  0.00459035  0.0314523  
0.00100597  0.000369013  0.000101304  -0.0190561  -0.0520883  0.0148542  
0.000570166  0.000369013  0.000101304  -0.0108836  0.00887873  0.0156994  
0.000820166  0.000369013  -4.68908e-05  -0.0190516  -0.0359449  0.00439427  
0.000315168  0.000369013  0.000101304  -0.00824282  -0.0120307  0.0295807  
0.000570166  0.000369013  0.000101304  -0.00647101  -0.00658247  0.0103139  
0.000138846  0.000285777  0.000101304  -0.007324  -0.0314049  0.0358718  
0.000595852  0.000285576  0.000101304  -0.0190595  -0.00816617  0.00523203  
0.00139139  4.99135e-05  0.000101304  -0.00314143  -0.0437313  -0.00256767  
4.18397e-05  -7.262e-05  0.000101304  -0.00192929  0.00241069  0.00258184  
3.09324e-05  8.60286e-05  -3.23914e-05  -0.00337322  -0.0527067  0.0112265  
-0.000149986  0.00017603  0.000101304  0.00289608  0.0101104  -0.0054051  
0.000627355  0.000180377  0.000101304  -0.000973021  -0.0331587  0.00148099  
0.00011168  1.31392e-05  0.000101304  0.00152267  0.0250778  0.0171485  
0.001465  -0.000153527  0.000101304  -0.000515958  -0.0360006  -0.00273897  
-0.00038489  9.75643e-05  -7.51669e-05  0.00716444  0.0228907  0.0297256  
0.000418474  0.000260124  0.000101304  0.000238677  -0.038136  0.00174004  
0.000199197  0.000260124  0.000101304  0.00553386  -0.00149865  0.0297401  
0.00157947  -0.000140682  8.49163e-06  0.00892572  0.00311798  -0.0127651  
0.00156735  5.13648e-05  0.000101304  0.00998519  -0.0298535  0.018268  
-0.000317189  0.00015122  0.000101304  0.0120173  0.00811737  -0.00206387  
0.000705367  5.13648e-05  0.000101304  0.00692323  -0.0320693  -0.00422761  
-0.000685853  5.13648e-05  -0.000140363  0.0219558  0.0291441  0.0169843  
0.00121041  -0.00033479  -0.000390919  0.0235871  -0.0276526  -0.0131183  
-0.00157443  -0.000396111  -0.000340374  0.0235756  0.0108175  0.0146906  
0.000390047  -0.000569914  -0.000340374  0.0235667  0.0114743  -0.0103987  
-0.000508961  -0.000436132  -0.000340374  0.0268939  0.0115202  0.0089275  
0.000802651  -0.000385959  -0.000795566  0.0267004  0.00475559  -0.0164375  
-0.000940367  -0.000385959  -0.000680213  0.0236035  0.0250325  -0.000932238  
-0.00019428  -0.000385959  -0.000795566  0.0236076  0.0115347  -0.0465835  
-0.000870845  -0.000455626  -0.000552989  0.0337293  0.014556  0.0067062  
-0.00019428  -0.000385959  -0.000795566  0.0236076  -0.00423514  -0.0124512  
-0.00118625  -0.000456368  -0.000669204  0.0315993  0.0366847  -4.13413e-05  
-0.000611136  -0.000530933  -0.000556436  0.0236037  0.0115518  -0.049995  
-0.00103927  -0.000530933  -0.000795566  0.0236006  0.043319  0.0139997  
-0.000611136  -0.000530933  -0.000795566  0.0236006  0.0115602  -0.0415117  
-0.000845169  -0.000530933  -0.000553909  0.041431  0.0115572  -0.00756213  
-0.00128227  -0.000596525  -0.000795566  0.0419454  0.0370936  -0.00756178  
-0.00105917  -0.000618924  -0.000853722  0.0401497  0.00189009  -0.012855  
-0.00103264  -0.000422396  -0.000795566  0.0400259  0.0693039  -0.0207656  
-0.000554879  -0.000515412  -0.000795566  0.0328633  0.00918651  -0.00710841  
-0.00114009  -0.000592883  -0.000795566  0.0442774  0.0915907  -0.0276246  
-0.00077965  -0.000630129  -0.000795566  0.0322479  0.0190218  -0.032928  
-0.00112092  -0.000422396  -0.000795566  0.0363824  0.0749169  0.000103278  
-0.000640502  -0.000422396  -0.000616516  0.0300761  0.0243177  -0.0524184  
-0.00111637  -0.00065535  -0.000795566  0.0338962  0.0411548  -0.0284274  
-0.000220106  -0.000536209  -0.00057647  0.0298636  0.0410629  -0.0499975  
-0.000796396  -0.000422396  -0.000795566  0.0333127  0.0411195  -0.0358187  
-0.00135938  -0.000654285  -0.000795566  0.0336758  0.0784891  -0.0501312  
0.00131609  -0.000791272  -0.000795566  0.0294202  -0.012709  -0.0784736  
-0.000776369  -0.000739197  -0.000795566  0.023581  0.0759569  -0.0324515  
-0.000308338  -0.000651401  -0.000795566  0.0336332  0.0682302  -0.0608915  
0.000470217  -0.000739197  -0.000795566  0.0385188  0.0730639  -0.0315339  
-0.000751396  -0.000739197  -0.000880033  0.0346771  0.102665  -0.084464  
0.000523272  -0.000739197  -0.000695081  0.0235773  0.0425663  -0.0730703  
-0.000403994  -0.000828284  -0.000795566  0.0289581  0.0940283  -0.059207  
0.00120611  -0.000959697  -0.000795566  0.0235737  0.0252447  -0.0679663  
-0.00110093  -0.000765573  -0.00094627  0.0312139  0.101882  -0.0600752  
-0.000552537  -0.000800494  -0.000868855  0.0281507  0.0405159  -0.0857997  
-0.000671529  -0.000856043  -0.000808759  0.0344426  0.101773  -0.059809  
-0.000841798  -0.000874016  -0.00100189  0.0265572  0.0336084  -0.0899836  
-0.000798696  -0.000853975  -0.000853856  0.0357158  0.0717723  -0.0577903  
-0.00046388  -0.00104426  -0.000915001  0.0420456  0.0437009  -0.0661882  
-0.000987647  -0.000877661  -0.00106504  0.0484076  0.0718284  -0.044077  
-0.000240606  -0.000836851  -0.00088365  0.0446112  0.058336  -0.103165  
-0.00115375  -0.000995542  -0.00106805  0.0382747  0.0943642  -0.0581513  
-0.0002206  -0.000995542  -0.000897264  0.0273352  0.0573187  -0.0897916  
-0.00119834  -0.000794821  -0.00101736  0.0341293  0.105153  -0.0735641  
0.000117731  -0.000995542  -0.000908861  0.0308353  0.0490386  -0.114414  
-0.00126476  -0.000995542  -0.000984865  0.04369  0.111505  -0.0638806  
-0.000950108  -0.000995542  -0.00100635  0.0372274  0.0569623  -0.0957896  
-0.00055231  -0.000995542  -0.000983481  0.0347775  0.071748  -0.0610052  
-0.000672636  -0.000917178  -0.00119573  0.0404851  0.0842602  -0.114124  
-0.000526271  -0.000741725  -0.00132863  0.0235395  0.0444541  -0.0863017  
-0.00102235  -0.000995541  -0.00132863  0.0336643  0.0923807  -0.0777932  
-0.00102025  -0.000611069  -0.00132863  0.0235694  0.0254608  -0.0966927  
-0.00138121  -0.000618437  -0.00116902  0.0235548  0.113118  -0.0569886  
0.00029946  -0.000535906  -0.00132863  0.0235689  0.0321149  -0.122566  
-0.00167683  -0.000614326  -0.00132863  0.0235662  0.0745116  -0.0778898  
-0.000808981  -0.000627445  -0.00122836  0.0235594  0.0525288  -0.111232  
-0.00129139  -0.000595635  -0.00132863  0.0259879  0.0671274  -0.0537887  
-0.00184074  -0.000681523  -0.00140628  0.0235421  0.0486274  -0.110511  
-0.00167936  -0.000472907  -0.00132863  0.0135787  0.0486002  -0.0663273  
-0.00165236  -0.000699543  -0.00139467  0.0235611  0.0634504  -0.0863769  
-0.00183539  -0.000472907  -0.00151583  0.0170481  0.0485767  -0.0441144  
-0.00122232  -0.000472907  -0.00159064  0.0235763  0.0485491  -0.0671776  
-0.00115881  -0.000235255  -0.0015144  0.00697291  0.052839  -0.0847574  
-0.00127995  -0.00032024  -0.00140677  0.0201563  0.112628  -0.058789  
-0.000759222  -0.000403198  -0.00146256  0.0235943  0.0570124  -0.100957  
-0.00106167  -0.000350831  -0.00162878  0.019567  0.0737899  -0.0583878  
-8.65011e-05  -0.000403198  -0.00165122  0.0235767  0.0719248  -0.108674  
-0.000782848  -0.000403198  -0.001463  0.023585  0.0844342  -0.0471928  
-0.000293205  -0.000403198  -0.00152736  0.0195769  0.0955569  -0.0812517  
0.000545978  -0.000403198  -0.00145697  0.0235628  0.0538187  -0.117478  
0.000607981  -0.000719289  -0.00190964  0.0235315  0.126092  -0.0966623  
-0.00037148  -0.000403198  -0.0015475  0.0236008  0.0830866  -0.109811  
-0.000544391  -0.000586514  -0.00150384  0.0213446  0.0744869  -0.0685955  
-0.000819213  -0.00064127  -0.00153194  0.0235544  0.0909785  -0.109869  
-0.000308611  -0.000641043  -0.00148676  0.0235497  0.0326814  -0.108976  
-0.000464071  -0.000641043  -0.00142453  0.023573  0.0856562  -0.115156  
-0.000467286  -0.000641043  -0.00145032  0.0235746  0.125128  -0.113861  
-0.000233869  -0.000641043  -0.00146533  0.0235545  0.0391431  -0.120918  
0.000219939  -0.000641042  -0.00144545  0.0235658  0.0944633  -0.0776325  
-0.000522568  -0.000696857  -0.00141173  0.0235459  0.0644533  -0.0967188  
-0.000476227  -0.000639277  -0.00171092  0.0235771  0.0773664  -0.0832882  
9.88036e-05  -0.000370697  -0.00148098  0.0235933  0.0772929  -0.0994394  
-2.50996e-05  -0.000562412  -0.00157691  0.0259824  0.091565  -0.099129  
8.04344e-05  -0.000565198  -0.00133628  0.0168044  0.0951595  -0.110007  
0.000137321  -0.00066778  -0.00160271  0.0235942  0.103561  -0.115799  
0.000341612  -0.00066778  -0.00148559  0.0236207  0.106442  -0.141525  
0.000457434  -0.000491869  -0.00155108  0.00722389  0.132106  -0.131447  
-0.000316275  -0.00066778  -0.00128294  0.00588898  0.0934546  -0.113321  
-0.000434563  -0.00066778  -0.0011335  0.00367771  0.123655  -0.151835  
-0.0011745  -0.00066778  -0.00104643  0.00368311  0.120487  -0.13935  
0.000257166  -0.000538703  -0.00104643  -0.00638529  0.0794984  -0.133405  
-0.00023772  -0.00066778  -0.00111572  0.00368117  0.144792  -0.147881  
0.000693755  -0.000388508  -0.00104643  -0.0145037  0.0780756  -0.173954  
-0.000509777  -0.00066778  -0.000936548  -0.0333042  0.115326  -0.175836  
-0.000655117  -0.000269264  -0.00104643  -0.0332384  0.109606  -0.181042  
-0.000415311  -0.000106182  -0.00104643  -0.0332027  0.112532  -0.167105  
-0.000684376  -0.000434901  -0.00104643  -0.0332692  0.14382  -0.199032  
-0.000239413  -0.000323432  -0.000768931  -0.0392737  0.101813  -0.205257  
-0.000390649  -0.00066778  -0.00104643  -0.0333084  0.157965  -0.180774  
-0.000336183  -0.000217872  -0.000745456  -0.0540851  0.106872  -0.177127  
0.00024649  -0.000486051  -0.000725934  -0.0407834  0.177922  -0.21385  
0.000603815  -0.00066778  -0.000725934  -0.0493038  0.0847414  -0.214276  
-0.000541467  -0.000281038  -0.000725934  -0.0426534  0.145001  -0.204103  
-0.00111009  -0.000467628  -0.000725934  -0.0322816  0.169989  -0.22652  
-0.000254849  -0.000459157  -0.000725934  -0.0390414  0.11092  -0.202899  
-0.000474845  -0.000517415  -0.000809211  -0.0342072  0.182128  -0.198051  
-0.000208441  -0.000361431  -0.000725934  -0.0416333  0.108014  -0.176925  
-0.000339328  -0.0003856  -0.000725934  -0.0365606  0.177168  -0.200527  
-0.000546552  -0.000387032  -0.000725934  -0.0498624  0.106344  -0.192626  
-0.000360231  -0.000822245  -0.000725934  -0.0541874  0.175366  -0.206232  
-0.00078706  -0.000822246  -0.000725934  -0.0541874  0.105178  -0.239117  
-0.0010502  -0.000369077  -0.000866319  -0.0469792  0.136383  -0.18664  
-0.00102333  -0.000446612  -0.000725934  -0.0466561  0.127912  -0.227291  
-0.000609496  -0.000274611  -0.000808966  -0.0492665  0.12559  -0.194931  
-0.00133651  -0.000619813  -0.000725934  -0.0378872  0.170243  -0.195952  
-0.000571125  -0.000274611  -0.000725934  -0.0540738  0.114421  -0.19861  
0.000207404  -0.000538551  -0.000859076  -0.0511258  0.161338  -0.219753  
0.000415968  -0.000274611  -0.000725934  -0.0540738  0.12006  -0.214358  
-0.000542858  -0.000595024  -0.000725934  -0.0574807  0.169956  -0.212711  
-0.000353078  -0.000274611  -0.000725934  -0.0673582  0.0879195  -0.208522  
-0.00126402  -0.000419911  -0.000725934  -0.0525205  0.171857  -0.208852  
-0.00100349  -0.000495122  -0.000725934  -0.0546986  0.112141  -0.238985  
-0.000828671  -0.00050656  -0.000725934  -0.0514259  0.149512  -0.200213  
-0.000828671  -0.000512836  -0.000725934  -0.0545834  0.112107  -0.235729  
-0.000966629  -0.000274611  -0.000871394  -0.0504658  0.160228  -0.199992  
-0.000828671  -0.000274611  -0.000725934  -0.051402  0.122283  -0.217597  
-0.00128273  -0.000341352  -0.000967785  -0.0579497  0.13558  -0.18653  
-0.00102892  -0.000883877  -0.000980782  -0.0485335  0.134106  -0.233299  
-0.000754181  -0.000312416  -0.00110153  -0.0674059  0.117749  -0.197378  
-0.00107957  -0.000373439  -0.000985082  -0.0603417  0.148543  -0.205106  
-0.00101646  -0.000312416  -0.00109918  -0.0717343  0.13447  -0.209019  
-0.00105723  -0.000603554  -0.00100211  -0.052474  0.150797  -0.248782  
-0.000167253  -0.000312416  -0.00077494  -0.0601569  0.12379  -0.236804  
-0.0010002  -0.000204194  -0.00121406  -0.0523298  0.17662  -0.223685  
0.000471628  -0.000589058  -0.00121406  -0.0553372  0.179853  -0.289084  
0.000435511  -0.000312416  -0.000998916  -0.0555375  0.138515  -0.249803  
-0.000670075  -0.000448639  -0.000879413  -0.0575972  0.182824  -0.265736  
-0.000620082  -0.000312417  -0.000931992  -0.0717288  0.106434  -0.239407  
-0.000288298  -0.000312417  -0.000821666  -0.0577868  0.172263  -0.225337  
-0.000563338  -0.000312417  -0.000745628  -0.0659909  0.107192  -0.236289  
-0.00102427  -0.000575855  -0.000772951  -0.0520971  0.140421  -0.221042  
-0.000344647  -0.00100123  -0.000772951  -0.0528904  0.12999  -0.246876  
-0.000832469  -0.000575508  -0.000827154  -0.0521408  0.125174  -0.221381  
-0.00116554  -0.000575508  -0.000772951  -0.0481466  0.129493  -0.246169  
-0.000731989  -0.000635063  -0.000772951  -0.0485902  0.109004  -0.230955  
-0.000804508  -0.0007211  -0.000568233  -0.0486857  0.158232  -0.246208  
-0.000288677  -0.00073629  -0.000772951  -0.051791  0.113415  -0.23949  
-0.00103034  -0.000640782  -0.000506363  -0.0484691  0.165683  -0.219619  
-0.00106696  -0.00100747  -0.000529858  -0.0490568  0.0908639  -0.243719  
-0.000532697  -0.000640782  -0.000677577  -0.0438661  0.148505  -0.241389  
-0.000701802  -0.000785054  -0.000677577  -0.0411269  0.142128  -0.24179  
-0.000670072  -0.000640782  -0.000677577  -0.0491836  0.143131  -0.24918  
-0.000249295  -0.000906637  -0.000677577  -0.0430439  0.198969  -0.251443  
-0.000622303  -0.000640782  -0.000677577  -0.0463519  0.115191  -0.248169  
-0.000866174  -0.000640782  -0.000677577  -0.0359921  0.196518  -0.242531  
-0.000786407  -0.00100628  -0.000677577  -0.0377432  0.130875  -0.263164  
-0.00106358  -0.000910602  -0.000677577  -0.0281744  0.196757  -0.217306  
-0.00116083  -0.00112639  -0.000677577  -0.0284533  0.137052  -0.254364  
-0.000686925  -0.00114767  -0.000822147  -0.0284615  0.154314  -0.218855  
-0.00134043  -0.0013403  -0.000931652  -0.00945636  0.17077  -0.25216  
-0.000654893  -0.00114955  -0.000870569  -0.0284675  0.117518  -0.236363  
-0.000846573  -0.00108658  -0.000907451  -0.0225985  0.207917  -0.234484  
-0.000867504  -0.000922262  -0.00109294  -0.0235605  0.149095  -0.251004  
-0.00159012  -0.00125109  -0.00114486  -0.015197  0.207842  -0.242117  
-0.000122436  -0.00125109  -0.00109294  -0.015384  0.166398  -0.246532  
-0.00109881  -0.00103196  -0.00109294  -0.0248346  0.187438  -0.224634  
-0.000782387  -0.00125109  -0.00128004  -0.0285559  0.218  -0.253939  
1.36446e-05  -0.0010309  -0.00109294  -0.0284573  0.151394  -0.268248  
-0.000125798  -0.000730374  -0.00109294  -0.0259916  0.209907  -0.264307  
-0.000189392  -0.00116488  -0.00123739  -0.0285042  0.15451  -0.283222  
-0.000434884  -0.00104668  -0.00109294  -0.0337585  0.127374  -0.261085  
-0.000523346  -0.00110441  -0.00109294  -0.0399868  0.192539  -0.276416  
0.00114808  -0.00101855  -0.00125306  -0.0484783  0.140063  -0.311297  
0.000199253  -0.000770869  -0.00132049  -0.048363  0.159548  -0.293704  
6.09508e-05  -0.000770869  -0.0012089  -0.048312  0.226804  -0.289852  
0.000298401  -0.000770869  -0.00115239  -0.0455716  0.146994  -0.284369  
-0.000671653  -0.000770869  -0.00115239  -0.0423509  0.187022  -0.2349  
-0.000712945  -0.000770869  -0.0012161  -0.0438796  0.1472  -0.260765  
0.000390541  -0.000904125  -0.00130277  -0.0483183  0.146921  -0.271684  
0.000337586  -0.000965408  -0.00115239  -0.0455922  0.182605  -0.263912  
-0.000246927  -0.0013405  -0.00115239  -0.0279708  0.225487  -0.263157  
-0.000246927  -0.00110291  -0.001334  -0.0297791  0.154972  -0.283721  
0.000133709  -0.000746466  -0.00124254  -0.0445092  0.22947  -0.260096  
-0.000932142  -0.00106113  -0.00115239  -0.0449318  0.179852  -0.276425  
-0.000666929  -0.000870402  -0.00115239  -0.0483072  0.150946  -0.233808  
-0.000377152  -0.000766658  -0.00103492  -0.048265  0.195093  -0.229781  
-0.000314544  -0.000766658  -0.00115239  -0.0482835  0.146989  -0.224716  
-0.000197032  -0.00128262  -0.00115239  -0.0275832  0.217573  -0.233531  
0.000399399  -0.000766658  -0.00115239  -0.0482835  0.153938  -0.220824  
-0.00144573  -0.000982968  -0.00115239  -0.038997  0.197632  -0.222444  
-0.00092621  -0.000766658  -0.00150419  -0.0458556  0.14129  -0.239748  
-0.00102206  -0.00119855  -0.00115239  -0.0252383  0.206861  -0.21289  
-0.001012  -0.00113083  -0.0013035  -0.0285966  0.139643  -0.227351  
-0.0014035  -0.00150858  -0.00133552  -0.0251066  0.217756  -0.254506  
-0.000978416  -0.000939052  -0.00115239  -0.0372606  0.153088  -0.261549  
-0.00149066  -0.00140803  -0.00115239  -0.0284758  0.229157  -0.246658  
-0.00140913  -0.00107215  -0.00125194  -0.0422002  0.151876  -0.269994  
-0.00202086  -0.00142312  -0.00115239  -0.0308343  0.217484  -0.250102  
-0.00158354  -0.000939052  -0.00115239  -0.0483047  0.158395  -0.284196  
-0.000903722  -0.00129382  -0.00115239  -0.0483695  0.223301  -0.233675  
-0.00140771  -0.00137605  -0.00115239  -0.0450008  0.163414  -0.272631  
-0.00136103  -0.0010433  -0.00115239  -0.0483286  0.18459  -0.234272  
-0.00127059  -0.00167755  -0.00115239  -0.0332157  0.198779  -0.267806  
-0.0015509  -0.00133735  -0.00115239  -0.0483554  0.136894  -0.250372  
-0.00188175  -0.00133735  -0.00115239  -0.0380318  0.209329  -0.233901  
-0.000903501  -0.00149848  -0.00115239  -0.0483938  0.151999  -0.26029  
-0.0016825  -0.00133735  -0.00115239  -0.0396722  0.19161  -0.252031  
-0.00138868  -0.00133735  -0.00115239  -0.0398764  0.192041  -0.283163  
-0.00113324  -0.00133735  -0.0010736  -0.0316773  0.19443  -0.243852  
-0.00182804  -0.00172213  -0.00110163  -0.0313394  0.203011  -0.294195  
-0.00170229  -0.00189574  -0.00115239  -0.0281165  0.171399  -0.270308  
-0.001605  -0.00173369  -0.00115239  -0.0295717  0.209429  -0.270723  
-0.00133027  -0.00170634  -0.00115239  -0.0407515  0.172906  -0.280864  
-0.00228723  -0.00173199  -0.00115239  -0.0340549  0.236815  -0.270948  
-7.31699e-07  -0.0018571  -0.00115239  -0.0484537  0.15527  -0.289051  
-0.00155419  -0.00145364  -0.00115239  -0.0483549  0.155661  -0.284671  
-0.00160639  -0.00139663  -0.00115239  -0.0455875  0.219368  -0.293149  
-0.0020127  -0.00163022  -0.00115239  -0.0314652  0.238  -0.289379  
-0.00137313  -0.00149297  -0.00115239  -0.0387798  0.177483  -0.275832  
-0.000749718  -0.00167577  -0.00115239  -0.0268243  0.258027  -0.267164  
-0.00120163  -0.00151524  -0.00115239  -0.0443784  0.170025  -0.294237  
-0.00184877  -0.00143018  -0.00115239  -0.0415959  0.22898  -0.280933  
-0.00148509  -0.00167577  -0.00115239  -0.0484119  0.194892  -0.329966  
-0.00158149  -0.00132918  -0.00115239  -0.0483203  0.19492  -0.277086  
-0.00192277  -0.00124831  -0.00115239  -0.0483014  0.221007  -0.306701  
-0.00140614  -0.00124831  -0.00115239  -0.0483014  0.174973  -0.299046  
-0.00177841  -0.00113019  -0.00115239  -0.0482717  0.228163  -0.308713  
-0.00127363  -0.00124831  -0.00115239  -0.0584563  0.17233  -0.278156  
-0.0020864  -0.00124831  -0.00109108  -0.0482911  0.213813  -0.314127  
-0.00185666  -0.000969256  -0.00115239  -0.0482203  0.157157  -0.307044  
-0.00183785  -0.00124831  -0.00115239  -0.0483014  0.231206  -0.333977  
-0.00172497  -0.00124831  -0.00115239  -0.0483014  0.157866  -0.30756  
-0.00268636  -0.00115358  -0.00115239  -0.0482766  0.231926  -0.308999  
-0.00268636  -0.00124831  -0.00115239  -0.0507019  0.152277  -0.329699  
-0.00231857  -0.00124831  -0.00115239  -0.0483014  0.195952  -0.307423  
-0.0022584  -0.00124831  -0.00115239  -0.0483014  0.160625  -0.338159  
-0.00217528  -0.00124831  -0.00125957  -0.0483153  0.230953  -0.346897  
-0.00221809  -0.00124831  -0.00115239  -0.0524961  0.157346  -0.333772  
-0.00263096  -0.00124831  -0.00115239  -0.0528812  0.229487  -0.343043  
-0.00175779  -0.00124831  -0.00115239  -0.0546499  0.195292  -0.361553  
-0.00198609  -0.00151999  -0.00115239  -0.0483813  0.273374  -0.353227  
-0.00234259  -0.00118187  -0.00115239  -0.0482792  0.188433  -0.375543  
-0.00228  -0.00124831  -0.00115239  -0.0447347  0.256259  -0.366602  
-0.00268484  -0.00124831  -0.0012355  -0.0483198  0.188596  -0.388899  
-0.00240582  -0.00124831  -0.00128964  -0.0575459  0.230006  -0.365373  
-0.00256422  -0.00118461  -0.00115239  -0.0658094  0.207728  -0.395857  
-0.0023404  -0.00124831  -0.00125774  -0.0658476  0.233174  -0.379046  
-0.00222035  -0.000994366  -0.00115239  -0.065748  0.19915  -0.408319  
-0.00194161  -0.000876249  -0.00106559  -0.0656978  0.216011  -0.394562  
-0.00230028  -0.00104113  -0.00115239  -0.0657639  0.216116  -0.398738  
-0.00216138  -0.000966009  -0.00115239  -0.0769031  0.183731  -0.402011  
-0.00226641  -0.00113328  -0.00115239  -0.0657889  0.273046  -0.418408  
-0.00231428  -0.00124831  -0.00115239  -0.0658277  0.203496  -0.429517  
-0.00207046  -0.000949236  -0.00115239  -0.0657281  0.246871  -0.394989  
-0.00210721  -0.00108833  -0.00115239  -0.065772  0.250184  -0.42714  
-0.00277935  -0.00124831  -0.00115239  -0.0658277  0.223454  -0.417115  
-0.00214209  -0.00124831  -0.00115239  -0.0658277  0.246207  -0.449372  
-0.00204012  -0.000975325  -0.00128131  -0.0657613  0.246783  -0.41822  
-0.00233065  -0.00124831  -0.00115239  -0.0658277  0.27016  -0.445908  
-0.00219296  -0.000836223  -0.0012047  -0.0780952  0.206317  -0.43427  
-0.0026063  -0.000660038  -0.00115239  -0.0818066  0.283923  -0.432843  
-0.00176345  -0.000836223  -0.00115239  -0.0818687  0.216014  -0.469312  
-0.00269343  -0.000836223  -0.00115239  -0.0793606  0.249541  -0.424385  
-0.00237501  -0.000836223  -0.00115239  -0.0809736  0.23034  -0.453041  
-0.00272797  -0.000509701  -0.00127511  -0.079331  0.242103  -0.447232  
-0.00250668  -0.000633935  -0.00115239  -0.0798867  0.246629  -0.485945  
-0.00241437  -0.000344027  -0.00138572  -0.0977825  0.23405  -0.438612  
-0.00242941  -0.00074066  -0.00156957  -0.0979473  0.273561  -0.467775  
-0.00223036  -0.00074066  -0.0014312  -0.097911  0.19559  -0.450421  
-0.00236586  -0.000931755  -0.00158351  -0.091958  0.276973  -0.47933  
-0.00275597  -0.000740661  -0.0013662  -0.0956833  0.183374  -0.471266  
-0.00229363  -0.000740661  -0.00160006  -0.0979522  0.267523  -0.480787  
-0.00267347  -0.000740661  -0.00115239  -0.0978721  0.1962  -0.488431  
-0.00283309  -0.000740661  -0.0012552  -0.0947841  0.258214  -0.467212  
-0.00204005  -0.000740661  -0.00115239  -0.0978721  0.209024  -0.498948  
-0.00151345  -0.000566905  -0.00123723  -0.114055  0.215244  -0.521587  
-0.00180718  -0.000740661  -0.0012573  -0.0955718  0.296355  -0.495768  
-0.00162205  -0.00103284  -0.00115239  -0.0948729  0.228278  -0.525646  
-0.0014423  -0.000958294  -0.00129517  -0.0912934  0.308428  -0.482849  
-0.00138735  -0.00126832  -0.00115239  -0.0862475  0.251274  -0.514526  
-0.00124776  -0.0013512  -0.00150571  -0.071793  0.300656  -0.474666  
-0.00108308  -0.00155917  -0.00135184  -0.0712033  0.276419  -0.514877  
-0.000743962  -0.00149216  -0.00140033  -0.0733871  0.267005  -0.474734  
-0.00119205  -0.00164726  -0.00145247  -0.0751126  0.305291  -0.502825  
-0.00129483  -0.0013512  -0.00141139  -0.078462  0.249235  -0.475638  
-0.00196705  -0.00159892  -0.00136068  -0.0765752  0.288631  -0.474312  
-0.00162329  -0.0013512  -0.00128222  -0.0764571  0.213888  -0.477682  
-0.00161536  -0.0013512  -0.00115239  -0.0768172  0.299145  -0.468634  
-0.00150191  -0.0013512  -0.00115239  -0.0780909  0.232388  -0.476199  
-0.00186475  -0.0012947  -0.00115239  -0.0796505  0.29825  -0.470569  
-0.00182829  -0.0013512  -0.00121015  -0.0886812  0.234345  -0.494677  
-0.00151547  -0.0011386  -0.00115239  -0.0928585  0.259825  -0.461321  
-0.00234489  -0.0013512  -0.00115239  -0.0752065  0.260146  -0.489414  
-0.0015619  -0.00107935  -0.00115239  -0.0882956  0.241987  -0.462731  
-0.00142472  -0.0013512  -0.00115239  -0.0762992  0.284453  -0.467612  
-0.00217171  -0.0013512  -0.00115239  -0.092929  0.209826  -0.4725  
-0.00275933  -0.0013512  -0.00108404  -0.0929127  0.271484  -0.494722  
-0.00153832  -0.00103634  -0.00115239  -0.0928123  0.221473  -0.483235  
-0.00205833  -0.00124427  -0.00115239  -0.087192  0.298335  -0.480263  
-0.00157405  -0.0013512  -0.00115239  -0.092929  0.238634  -0.476406  
-0.00245373  -0.0013512  -0.00115239  -0.0699545  0.286984  -0.493113  
-0.00166312  -0.0013512  -0.00115239  -0.0757392  0.239156  -0.468197  
-0.0025489  -0.00152435  -0.00115239  -0.0722168  0.303865  -0.476791  
-0.0021488  -0.0013512  -0.00115239  -0.0768948  0.248686  -0.491292  
-0.00288939  -0.00165812  -0.00115239  -0.0676847  0.309414  -0.48186  
-0.00231042  -0.00148107  -0.00147453  -0.0696499  0.259999  -0.483068  
-0.00288939  -0.00170579  -0.00156253  -0.0619282  0.308283  -0.483197  
-0.00217246  -0.00135119  -0.00156253  -0.0763838  0.257129  -0.485042  
-0.00254904  -0.00135119  -0.00156253  -0.0625199  0.329894  -0.493173  
-0.0024696  -0.00135119  -0.00156253  -0.0763838  0.267599  -0.503616  
-0.00311011  -0.00141976  -0.00145308  -0.0735689  0.317224  -0.506208  
-0.00271411  -0.00135119  -0.00141138  -0.0763334  0.270893  -0.488032  
-0.00310119  -0.00135119  -0.00156253  -0.0763838  0.315475  -0.518174  
-0.0020757  -0.00135119  -0.00149596  -0.0805225  0.25049  -0.515877  
-0.00264289  -0.000948891  -0.00139321  -0.0889184  0.315536  -0.496903  
-0.00258118  -0.00088679  -0.00156253  -0.0926665  0.242082  -0.510866  
-0.00315216  -0.00115071  -0.00156253  -0.0744081  0.294857  -0.509428  
-0.00236739  -0.00139863  -0.00156253  -0.0747532  0.251221  -0.523621  
-0.00236302  -0.00151344  -0.00137523  -0.0702729  0.319781  -0.512618  
-0.00233319  -0.000866635  -0.00156253  -0.0926581  0.248892  -0.516244  
-0.0024256  -0.00103609  -0.00156253  -0.0749769  0.310884  -0.507617  
-0.0024325  -0.00103609  -0.00132204  -0.0926652  0.257293  -0.507575  
-0.00253308  -0.00103609  -0.00121933  -0.0888374  0.312029  -0.511367  
-0.00206959  -0.00103609  -0.00146177  -0.0927072  0.259037  -0.526783  
-0.00283812  -0.00117161  -0.00134225  -0.0796241  0.289449  -0.507018  
-0.00253009  -0.00114226  -0.00130434  -0.092694  0.275837  -0.531619  
-0.00214385  -0.000876212  -0.00156253  -0.0926659  0.282453  -0.523524  
-0.00334528  -0.00103609  -0.00156253  -0.0927271  0.297245  -0.53749  
-0.00234841  -0.00083184  -0.00134196  -0.0925933  0.251069  -0.510958  
-0.00288448  -0.000832697  -0.00125349  -0.092562  0.310731  -0.503641  
-0.0020889  -0.00059608  -0.00129242  -0.0924944  0.252701  -0.519102  
-0.00306518  -0.000915442  -0.0012832  -0.0889853  0.306466  -0.525992  
-0.00289622  -0.000658537  -0.00156253  -0.092575  0.241583  -0.540155  
-0.00279811  -0.000768443  -0.00123893  -0.0925308  0.303739  -0.51322  
-0.00262419  -0.000709237  -0.0012767  -0.0917263  0.23444  -0.532409  
-0.00306518  -0.000443668  -0.00126207  -0.109728  0.289653  -0.514048  
-0.00288634  -0.000443668  -0.00133005  -0.109758  0.215788  -0.496218  
-0.00379802  -0.000443668  -0.00114121  -0.109686  0.289689  -0.503953  
-0.00283588  -0.000443668  -0.00110466  -0.109696  0.231504  -0.506048  
-0.00351163  -0.000443668  -0.00138563  -0.0934608  0.275516  -0.473955  
-0.00314211  -0.000326251  -0.0011783  -0.10442  0.235508  -0.499122  
-0.00327891  -0.000443668  -0.00132777  -0.109754  0.267847  -0.479601  
-0.0029148  -0.000443668  -0.0011016  -0.0952324  0.2462  -0.501366  
-0.00292283  -0.000138482  -0.00113459  -0.109605  0.25414  -0.463835  
-0.00338143  -0.000192129  -0.00128843  -0.105089  0.270218  -0.494764  
-0.00241372  -0.000154812  -0.00130463  -0.10966  0.222266  -0.503038  
-0.00227958  -0.000293252  -0.00156254  -0.109754  0.304319  -0.479544  
-0.00238985  -0.000253543  -0.00105802  -0.106518  0.232053  -0.477693  
-0.00304314  -1.30521e-05  -0.00118195  -0.109593  0.297026  -0.469601  
-0.00286642  -1.30521e-05  -0.00118195  -0.109593  0.242962  -0.486465  
-0.00304314  -6.51e-05  -0.00118195  -0.109609  0.281763  -0.467284  
-0.00304314  -1.30521e-05  -0.00118195  -0.109593  0.244966  -0.485638  
-0.00363858  -1.30521e-05  -0.00118195  -0.11941  0.271151  -0.45601  
-0.00260332  -1.30521e-05  -0.00124658  -0.127359  0.2568  -0.504972  
-0.00353778  0.000225533  -0.00118195  -0.122949  0.248075  -0.45031  
-0.0039524  -1.30521e-05  -0.00118195  -0.121059  0.257265  -0.482545  
-0.00353778  -1.30521e-05  -0.00118195  -0.12735  0.220828  -0.462997  
-0.00417293  -7.8462e-05  -0.00118195  -0.109421  0.274835  -0.483645  
-0.00266722  -1.30521e-05  -0.00118195  -0.124241  0.219796  -0.473801  
-0.0024079  0.000295774  -0.000924558  -0.127185  0.253165  -0.470535  
-0.00212928  -1.30521e-05  -0.00118195  -0.12735  0.297093  -0.48643  
-0.00280563  -1.30521e-05  -0.00112468  -0.127337  0.272317  -0.490094  
-0.0030022  0.000175556  -0.00118195  -0.127277  0.21316  -0.480777  
-0.00293052  -0.000359243  -0.00118195  -0.109622  0.297833  -0.49531  
-0.00296715  -0.000215477  -0.00118195  -0.120009  0.207919  -0.489054  
-0.00313269  -1.30521e-05  -0.00118195  -0.118546  0.284962  -0.485047  
-0.00313269  -1.30521e-05  -0.00111562  -0.122902  0.222008  -0.512972  
-0.00292159  -1.30521e-05  -0.00110956  -0.127333  0.255152  -0.499645  
-0.00264855  -1.30521e-05  -0.00118195  -0.124603  0.256585  -0.520248  
-0.00303392  -1.30521e-05  -0.00126687  -0.127373  0.260532  -0.504122  
-0.00269059  -1.30521e-05  -0.00118195  -0.122119  0.298152  -0.522563  
-0.00287757  -1.30521e-05  -0.00118195  -0.124256  0.242403  -0.517551  
-0.00302964  -0.000200726  -0.00118195  -0.122847  0.303378  -0.536817  
-0.00216045  -6.53821e-05  -0.00125564  -0.127385  0.233079  -0.536934  
-0.00271288  -1.30521e-05  -0.00123645  -0.127364  0.31803  -0.513616  
-0.00254964  -1.30521e-05  -0.00118195  -0.12735  0.258897  -0.549871  
-0.0024604  9.51293e-05  -0.00118195  -0.12731  0.284784  -0.528683  
-0.00292365  -1.30521e-05  -0.00118195  -0.12735  0.259057  -0.561248  
-0.00332139  -1.30521e-05  -0.00118195  -0.130108  0.256938  -0.525768  
-0.00283082  -0.000111178  -0.00118195  -0.129311  0.284628  -0.554747  
-0.00178426  -1.30521e-05  -0.00118195  -0.146229  0.270764  -0.543446  
-0.00303985  -1.30521e-05  -0.00118195  -0.138567  0.30513  -0.543157  
-0.00256183  0.000330382  -0.00118195  -0.142357  0.236272  -0.526382  
-0.00268588  -1.30521e-05  -0.00118195  -0.127694  0.308084  -0.502392  
-0.0025142  -1.30521e-05  -0.00118195  -0.140807  0.238543  -0.521724  
-0.00280273  0.000221652  -0.00118195  -0.146138  0.30207  -0.503986  
-0.00243588  -1.30521e-05  -0.00118195  -0.146229  0.255151  -0.544934  
-0.00197558  0.000445277  -0.00118195  -0.163954  0.252746  -0.538081  
-0.00143129  0.000417038  -0.000859063  -0.165447  0.316073  -0.569736  
-0.00253127  0.000417038  -0.000598237  -0.167643  0.321909  -0.543797  
-0.00211702  0.000417038  -0.000841895  -0.155238  0.245091  -0.541201  
-0.00303848  0.00018655  -0.000898527  -0.150452  0.318116  -0.58134  
-0.0024006  0.000304537  -0.00100995  -0.150882  0.26325  -0.553624  
-0.00337139  -9.54012e-05  -0.00106695  -0.143764  0.338746  -0.576081  
-0.0023595  1.34292e-05  -0.00106695  -0.147133  0.274667  -0.558383  
-0.00274605  -6.63608e-06  -0.000969659  -0.141287  0.323972  -0.563868  
-0.0031584  0.000135673  -0.00100331  -0.142198  0.299543  -0.565245  
-0.00227839  -0.000172613  -0.00115837  -0.142737  0.308012  -0.608773  
-0.00324962  0.000274862  -0.0011534  -0.132551  0.325696  -0.574703  
-0.00206483  0.000417038  -0.00106695  -0.1503  0.281765  -0.612436  
-0.0035429  0.000417038  -0.00106695  -0.147372  0.321898  -0.591156  
-0.0035429  0.000194126  -0.00106695  -0.150359  0.270215  -0.631516  
-0.0035429  0.000417038  -0.00121851  -0.140813  0.324504  -0.621219  
-0.0032929  0.000233314  -0.00106695  -0.141036  0.287661  -0.620922  
-0.0040437  0.000417038  -0.00122264  -0.132942  0.321679  -0.585895  
-0.00388787  0.000331147  -0.00125313  -0.137592  0.266244  -0.633596  
-0.004029  0.000471812  -0.00127492  -0.142683  0.299869  -0.620467  
-0.00420154  0.000438235  -0.00106695  -0.145637  0.290444  -0.640174  
-0.00396124  0.000819964  -0.00124055  -0.152238  0.256908  -0.652935  
-0.00398782  0.000819964  -0.00106695  -0.151576  0.310116  -0.640686  
-0.00380229  0.00110546  -0.00147584  -0.162206  0.239515  -0.662117  
-0.00445582  0.0012843  -0.00156434  -0.168802  0.318895  -0.659442  
-0.00384609  0.0012843  -0.00156434  -0.168802  0.249118  -0.691126  
-0.0040625  0.0012843  -0.00156434  -0.168802  0.329644  -0.680136  
-0.00426304  0.00117559  -0.00156434  -0.170907  0.253333  -0.706416  
-0.00439846  0.00115572  -0.00156434  -0.160845  0.317953  -0.692356  
-0.00355787  0.0011822  -0.00134259  -0.174056  0.247975  -0.716133  
-0.00406478  0.0012843  -0.0012741  -0.169695  0.30061  -0.690201  
-0.0042085  0.0012843  -0.00114841  -0.18055  0.242138  -0.739336  
-0.0045675  0.0014111  -0.00114841  -0.176737  0.274132  -0.73308  
-0.00359976  0.0012843  -0.00114841  -0.177791  0.27872  -0.744027  
-0.00342227  0.0012843  -0.00114841  -0.167733  0.325129  -0.71364  
-0.00417889  0.0012843  -0.00125026  -0.166604  0.285347  -0.738263  
-0.00406535  0.00118082  -0.00114841  -0.170203  0.267563  -0.716719  
-0.00490393  0.0012843  -0.00130514  -0.177314  0.294227  -0.759992  
-0.0042194  0.00161531  -0.00159939  -0.179432  0.259436  -0.744224  
-0.00441602  0.00136858  -0.00114841  -0.169676  0.340334  -0.729008  
-0.00347914  0.00148747  -0.00139045  -0.186231  0.267024  -0.731118  
-0.00449819  0.00140874  -0.00114841  -0.178895  0.310273  -0.755015  
-0.00365428  0.00179613  -0.00141852  -0.185511  0.259571  -0.742383  
-0.00430852  0.000996621  -0.00114841  -0.182265  0.331959  -0.764859  
-0.0037021  0.001805  -0.00149598  -0.185683  0.26575  -0.7801  
-0.00372894  0.00125343  -0.00114841  -0.186348  0.339795  -0.688439  
-0.00324192  0.000870384  -0.00114842  -0.188196  0.268202  -0.681471  
-0.00414101  0.000828198  -0.00114841  -0.177764  0.327181  -0.674829  
-0.00313842  0.000828198  -0.00114842  -0.183844  0.25852  -0.68654  
-0.00365294  0.00106007  -0.00114842  -0.185193  0.300564  -0.655602  
-0.00366985  0.000914699  -0.00108383  -0.175167  0.326759  -0.67494  
-0.00367228  0.000726929  -0.00114842  -0.170416  0.248123  -0.659705  
-0.00388717  0.000353227  -0.00114842  -0.154451  0.348733  -0.660676  
-0.00390439  0.000420765  -0.00114842  -0.162391  0.261462  -0.658126  
-0.00475149  0.000721995  -0.00114842  -0.162264  0.318416  -0.629651  
-0.00389866  0.000411114  -0.00114842  -0.162405  0.277346  -0.654451  
-0.00437974  0.000243648  -0.00114842  -0.153941  0.298121  -0.624199  
-0.00399864  0.000721995  -0.00104813  -0.162238  0.277409  -0.647326  
-0.00411421  0.000721995  -0.00114842  -0.158825  0.277443  -0.64704  
-0.00440121  0.000721995  -0.00114842  -0.162264  0.294181  -0.682035  
-0.00311342  0.000988818  -0.00114842  -0.178323  0.27697  -0.682114  
-0.00384103  0.001128  -0.00114842  -0.172561  0.309951  -0.659765  
-0.00338036  0.00136703  -0.00109632  -0.185934  0.230646  -0.657528  
-0.00438919  0.00132045  -0.00114842  -0.176576  0.29186  -0.651748  
-0.00414434  0.00116401  -0.00114842  -0.177624  0.264281  -0.693964  
-0.00340907  0.00160929  -0.00100902  -0.194871  0.280624  -0.681709  
-0.00466468  0.00182814  -0.00114842  -0.189835  0.293002  -0.724306  
-0.00322893  0.00161782  -0.00114842  -0.178727  0.261823  -0.684558  
-0.00432723  0.00131895  -0.00114842  -0.17535  0.307312  -0.720159  
-0.00429291  0.00165893  -0.00114842  -0.184717  0.26086  -0.710871  
-0.00454333  0.00163262  -0.000973133  -0.188906  0.306425  -0.725536  
-0.00391682  0.00162043  -0.00114842  -0.183723  0.258108  -0.713413  
-0.00425784  0.00132201  -0.00114842  -0.173997  0.324349  -0.680463  
-0.00417106  0.00175519  -0.00114842  -0.18763  0.246858  -0.683021  
-0.00474222  0.001738  -0.00104201  -0.181448  0.318967  -0.681288  
-0.00383783  0.00172168  -0.00114842  -0.194857  0.256077  -0.70629  
-0.00414518  0.00160913  -0.000796019  -0.18896  0.247273  -0.645325  
-0.00453817  0.00203677  -0.00082786  -0.194649  0.249139  -0.647659  
-0.00375709  0.00203677  -0.000735164  -0.194665  0.202281  -0.668123  
-0.00504692  0.00166994  -0.00114842  -0.183867  0.275775  -0.67173  
-0.0035096  0.00203677  -0.00109811  -0.194697  0.213281  -0.674346  
-0.00326648  0.00203677  -0.000818616  -0.194645  0.258168  -0.629768  
-0.00373124  0.00136087  -0.000760881  -0.175993  0.280483  -0.682699  
