0.020409  -0.00832034  0.000316795  0.379483  0.246381  1.06195  
0.0205102  -0.00831863  0.000466848  0.386937  0.23089  1.06948  
0.0203384  -0.0085345  0.000248091  0.389268  0.246402  1.06312  
0.0206149  -0.00890399  0.000595808  0.390039  0.273667  1.10758  
0.020835  -0.00902233  0.000494085  0.398689  0.262149  1.1067  
0.0203178  -0.00898323  0.000628215  0.398105  0.272267  1.09487  
0.0203663  -0.00871604  0.000517999  0.395264  0.277184  1.09579  
0.0208561  -0.00853586  0.000619046  0.401289  0.278684  1.09961  
0.0205471  -0.00876095  0.000347416  0.395745  0.300741  1.08798  
0.0208544  -0.0086437  0.000730489  0.393012  0.274687  1.10414  
0.0209903  -0.00896475  0.000246644  0.380691  0.294144  1.10849  
0.0209566  -0.0089658  0.000612277  0.379176  0.295007  1.13538  
0.0209232  -0.0087668  0.000692579  0.383486  0.292196  1.12301  
0.0208314  -0.00893286  0.000555625  0.377209  0.306457  1.0991  
0.0209429  -0.00888607  0.000724932  0.365778  0.291152  1.11582  
0.0206913  -0.00905835  0.000600671  0.369866  0.323037  1.11667  
0.020339  -0.00916561  0.000655288  0.373334  0.310453  1.15219  
0.0207412  -0.00847893  0.000836172  0.387622  0.311256  1.15907  
0.0202812  -0.00858968  0.000744867  0.376595  0.328539  1.16157  
0.0198807  -0.00900375  0.00123062  0.357345  0.287539  1.13762  
0.0201314  -0.00885764  0.000775218  0.368359  0.326722  1.15622  
0.0200329  -0.0087273  0.000720582  0.367987  0.313734  1.20049  
0.0201943  -0.00836841  0.000864436  0.37334  0.308498  1.18005  
0.0204945  -0.00835518  0.000639389  0.369931  0.344636  1.1982  
0.0197015  -0.00796279  0.00107453  0.362807  0.312283  1.20216  
0.0198808  -0.0078364  0.000720429  0.368801  0.356248  1.20821  
0.0205254  -0.00805114  0.000813521  0.3641  0.352332  1.2368  
0.0203326  -0.00832764  0.000536139  0.359149  0.344628  1.20068  
0.0202785  -0.0084202  0.000628227  0.35717  0.349108  1.20093  
0.0204121  -0.007891  0.000911593  0.368407  0.333127  1.17397  
0.020339  -0.0082452  0.000497903  0.365351  0.356463  1.17601  
0.02051  -0.00831247  0.000836893  0.359162  0.34517  1.19486  
0.0201477  -0.00811063  0.000748612  0.358992  0.355008  1.1299  
0.0199992  -0.008616  0.000752768  0.346933  0.343578  1.16081  
0.0200755  -0.00793324  0.00096639  0.359003  0.338467  1.12442  
0.0200475  -0.0080946  0.000633554  0.364704  0.360784  1.14626  
0.0203209  -0.00768103  0.00099982  0.35677  0.335981  1.11546  
0.0205575  -0.00777507  0.000918786  0.363393  0.36098  1.10938  
0.0202838  -0.00788771  0.000982184  0.356919  0.347179  1.13709  
0.0205858  -0.00757819  0.000983743  0.356707  0.351137  1.07467  
0.0203573  -0.00780576  0.00101207  0.336887  0.359048  1.10609  
0.0203599  -0.00717459  0.00103349  0.350486  0.34666  1.0913  
0.0203531  -0.00754175  0.000866732  0.336679  0.366049  1.07761  
0.0206348  -0.00739545  0.00100128  0.33967  0.357043  1.11113  
0.0202846  -0.00708066  0.00090291  0.350252  0.350087  1.07921  
0.0204305  -0.00720915  0.00101827  0.349178  0.36406  1.15234  
0.019871  -0.0079395  0.00055845  0.336966  0.372545  1.16179  
0.0183803  -0.0102268  -1.3337e-05  0.308304  0.385391  1.31078  
0.0184639  -0.0106563  0.000222407  0.320992  0.375138  1.32205  
0.017528  -0.0100422  0.000341122  0.326568  0.358649  1.29679  
0.0165178  -0.0100865  0.000423513  0.32072  0.328978  1.32493  
0.0163132  -0.00997097  0.00022109  0.320559  0.308402  1.22587  
0.0158618  -0.00975026  0.000195418  0.327948  0.323664  1.27492  
0.0158446  -0.00933813  0.000382599  0.320141  0.294794  1.22255  
0.0162653  -0.00929929  0.000140105  0.329399  0.346084  1.25695  
0.0162866  -0.009307  0.00055197  0.320178  0.33104  1.25959  
0.0161104  -0.00882535  0.000784416  0.331583  0.310455  1.22885  
0.0157791  -0.00880922  0.00067721  0.324971  0.339742  1.23895  
0.0155444  -0.00878949  0.000849957  0.319799  0.297642  1.2524  
0.0146527  -0.00856002  0.000928302  0.31962  0.306275  1.19212  
0.014847  -0.00939069  0.000912856  0.298198  0.300443  1.24315  
0.0159674  -0.00900749  0.000702525  0.321933  0.32166  1.23699  
0.015716  -0.00898722  0.000750676  0.328915  0.314105  1.2859  
0.0157445  -0.00848637  0.000921747  0.33105  0.290696  1.22077  
0.0154848  -0.00866889  0.000877535  0.333676  0.307661  1.25384  
0.0160378  -0.00853574  0.00101317  0.331882  0.312285  1.20734  
0.0161129  -0.00869441  0.000497805  0.33412  0.334797  1.24908  
0.0160655  -0.008458  0.00110481  0.337721  0.298535  1.22109  
0.0152091  -0.00839309  0.000813049  0.333962  0.314468  1.20804  
0.0156864  -0.00864144  0.000955847  0.330324  0.297233  1.23559  
0.0149361  -0.00852938  0.000690364  0.344042  0.311511  1.19337  
0.0154641  -0.00840398  0.00102494  0.32719  0.302654  1.23366  
0.0150787  -0.00838898  0.000801776  0.333898  0.3048  1.1719  
0.0153504  -0.0087154  0.000879584  0.316544  0.312389  1.23322  
0.0155228  -0.00826639  0.000692789  0.345726  0.305367  1.18104  
0.0155146  -0.00841416  0.00071064  0.329816  0.315545  1.2201  
0.0153987  -0.00821561  0.000667666  0.335464  0.316489  1.17076  
0.0153542  -0.0084892  0.000755301  0.326188  0.32125  1.19226  
0.0154868  -0.00796447  0.000580036  0.342636  0.321034  1.15322  
0.0153766  -0.00827196  0.000654528  0.332912  0.327324  1.20041  
0.0155223  -0.00781935  0.000663398  0.332539  0.310525  1.14112  
0.0152697  -0.00811632  0.000463597  0.332747  0.321058  1.16287  
0.0157327  -0.00819371  0.000855136  0.320296  0.30299  1.17481  
0.0154948  -0.00796227  0.000598509  0.324203  0.321968  1.12137  
0.0156107  -0.00823733  0.000840973  0.317007  0.309641  1.16275  
0.0150439  -0.00786004  0.000566054  0.321123  0.311607  1.10434  
0.0155875  -0.00837699  0.000638673  0.307082  0.315386  1.16353  
0.0153013  -0.00770217  0.000403575  0.328127  0.306417  1.12033  
0.0150516  -0.00830049  0.000553942  0.31701  0.297767  1.15391  
0.0152627  -0.00779289  0.000656352  0.331912  0.285289  1.11183  
0.0149109  -0.00803049  0.000623638  0.318403  0.295604  1.15955  
0.015303  -0.00770249  0.000581789  0.324615  0.296495  1.1088  
0.0145593  -0.00766682  0.00062238  0.327452  0.296497  1.14723  
0.014788  -0.00740628  0.000619698  0.329875  0.28634  1.14374  
0.0150065  -0.00713527  0.000591973  0.33706  0.319611  1.13239  
0.0146744  -0.00733269  0.000649354  0.337209  0.299921  1.17402  
0.0145953  -0.00702368  0.000510022  0.34678  0.281014  1.12395  
0.0135899  -0.00693869  0.000483516  0.347127  0.289895  1.16807  
0.0139582  -0.00693484  0.000735294  0.34327  0.264405  1.15511  
0.0132017  -0.00684315  0.000678168  0.34319  0.273892  1.11794  
0.0139233  -0.00728902  0.000678262  0.335143  0.269643  1.16898  
0.0135202  -0.00688586  0.000666095  0.340851  0.261202  1.10404  
0.0134874  -0.00699527  0.00052129  0.343326  0.278134  1.15012  
0.0138983  -0.00721739  0.000982871  0.330207  0.262681  1.13787  
0.0127976  -0.00679487  0.000772163  0.32798  0.265962  1.10126  
0.0132087  -0.00762359  0.000707447  0.310488  0.251243  1.11665  
0.0132751  -0.00709575  0.00081513  0.307496  0.244023  1.0457  
0.0128311  -0.00697876  0.000638915  0.310011  0.264827  1.07882  
0.0130071  -0.00769475  0.000793885  0.288404  0.251013  1.05652  
0.0127114  -0.00744224  0.00080827  0.292926  0.25424  1.01757  
0.0123544  -0.00746342  0.000592622  0.297495  0.264124  1.05178  
0.0127447  -0.00783903  0.000624585  0.285681  0.250524  1.04871  
0.0127792  -0.00753018  0.000600254  0.280401  0.257259  0.983807  
0.0124712  -0.00803641  0.000583  0.271413  0.256515  1.03255  
0.0131759  -0.00799563  0.000598792  0.273897  0.245116  1.02077  
0.0121667  -0.00803147  0.000441211  0.260362  0.251993  0.992525  
0.012647  -0.00828427  0.000532918  0.260533  0.24094  1.02568  
0.0123827  -0.00804447  0.000386726  0.260358  0.241204  0.95918  
0.0123971  -0.00836997  0.000299293  0.260576  0.256071  0.988836  
0.012546  -0.00812073  0.000515496  0.260447  0.246107  0.982132  
0.0119  -0.0077854  0.000430819  0.267654  0.276416  0.996711  
0.0129959  -0.00820609  0.00045079  0.256912  0.267007  1.01628  
0.0117913  -0.00789018  0.000250187  0.256467  0.260417  0.96046  
0.0122018  -0.0080648  0.000505776  0.24859  0.246957  0.990385  
0.0122514  -0.00805823  0.000354547  0.255946  0.25433  0.941058  
0.011708  -0.0077854  0.000184993  0.253268  0.2492  0.981284  
0.0122865  -0.00796382  0.000502908  0.260029  0.236547  0.960707  
0.011529  -0.00759666  0.000355714  0.25978  0.245715  0.944019  
0.0122844  -0.00800553  0.000501846  0.257843  0.241613  1.02158  
0.0114433  -0.0077289  0.000278696  0.267533  0.234947  0.953535  
0.0109423  -0.00759666  0.000205402  0.275339  0.23445  0.940092  
0.0114343  -0.00795974  0.000371156  0.257927  0.229884  0.959622  
0.0108408  -0.00746946  0.000185715  0.265684  0.253332  0.909407  
0.0111876  -0.00791843  0.000444045  0.254239  0.243306  0.953546  
0.0113173  -0.00759667  0.000331255  0.259789  0.249857  0.903939  
0.0102913  -0.00755932  0.000226738  0.259746  0.260529  0.953857  
0.0104903  -0.00755085  0.000358119  0.257613  0.235299  0.97397  
0.00944822  -0.00755614  3.6643e-05  0.259736  0.252155  0.960831  
0.00976205  -0.00755615  0.000274276  0.259762  0.232588  0.993738  
0.00910147  -0.00740709  -2.17327e-05  0.259616  0.248373  0.960366  
0.00940353  -0.00764634  0.00020348  0.255613  0.233168  0.997517  
0.00929357  -0.00746269  5.53593e-05  0.259664  0.244834  0.940251  
0.0089433  -0.00735252  2.57696e-05  0.259579  0.238709  0.940539  
0.00954378  -0.00740987  0.000271482  0.256015  0.222522  0.966786  
0.00893628  -0.0074054  9.46123e-05  0.257579  0.241996  0.899276  
0.00931334  -0.00769133  0.000248238  0.247245  0.231576  0.957283  
0.0092901  -0.00736494  0.000143297  0.252395  0.232008  0.897329  
0.00911439  -0.00749738  3.62759e-05  0.259705  0.243176  0.91915  
0.0097229  -0.00749738  0.000347987  0.251131  0.233985  0.947184  
0.00929952  -0.007296  0.000170833  0.249475  0.241374  0.893993  
0.0095368  -0.00715519  0.000271562  0.250543  0.226061  0.950865  
0.00952044  -0.00698731  0.00027676  0.255037  0.231267  0.896247  
0.00906039  -0.00708401  0.000128203  0.250805  0.242148  0.908144  
0.00986781  -0.00732064  0.000492741  0.247791  0.236679  0.942438  
0.00923172  -0.00691561  0.000306552  0.253058  0.258083  0.891661  
0.00964844  -0.00707434  0.000434264  0.247369  0.243375  0.955228  
0.00908361  -0.00691307  0.00027977  0.250758  0.260725  0.902651  
0.00976301  -0.00679352  0.000491451  0.248473  0.236566  0.963623  
0.00935467  -0.00686891  0.000262116  0.243103  0.253425  0.887168  
0.00939835  -0.00687871  0.000445418  0.240822  0.238959  0.958176  
0.00906106  -0.00649429  0.000450188  0.259385  0.228435  0.888489  
0.00876157  -0.00672636  0.000341539  0.255323  0.240132  0.93462  
0.00912158  -0.00662535  0.000451803  0.248254  0.224298  0.906102  
0.00904835  -0.00666653  0.000295159  0.260341  0.251616  0.91569  
0.0096483  -0.00670315  0.000603833  0.24999  0.232816  0.929896  
0.00924537  -0.00640999  0.000324782  0.256096  0.255668  0.923049  
0.0095255  -0.00660585  0.000340805  0.255493  0.242759  0.951162  
0.00937528  -0.0063899  0.000326395  0.252971  0.240198  0.905571  
0.00934419  -0.00638477  0.000112729  0.254057  0.244272  0.91331  
0.00966926  -0.00660776  0.000108034  0.254692  0.227627  0.902695  
0.00951702  -0.00641451  -9.89543e-05  0.252846  0.252331  0.881222  
0.010111  -0.0065307  0.000243559  0.242447  0.237512  0.94006  
0.0100126  -0.00634559  -0.000194558  0.260145  0.270151  0.907657  
0.0104574  -0.00644923  -9.82223e-05  0.256364  0.264832  0.947718  
0.0102177  -0.00601915  -0.000117139  0.263396  0.257179  0.917065  
0.0101865  -0.0062232  5.9732e-05  0.259923  0.266482  0.954178  
0.0105064  -0.00592799  1.38918e-06  0.268563  0.262131  0.951637  
0.0105396  -0.00595024  -0.000194558  0.260252  0.278181  0.947382  
0.0107763  -0.00628524  -4.97572e-06  0.246058  0.25766  0.93432  
0.0101926  -0.00625592  -0.000194558  0.238338  0.282359  0.91976  
0.010611  -0.00622218  -2.5869e-05  0.238344  0.258782  0.930151  
0.0104418  -0.00595024  -5.31203e-05  0.248175  0.275672  0.886379  
0.010433  -0.00613894  -0.000194558  0.23826  0.275769  0.908126  
0.0106784  -0.00607592  -0.000115963  0.23033  0.25901  0.905071  
0.0101306  -0.00595025  -0.000278401  0.229968  0.287852  0.884214  
0.010533  -0.00595025  -0.000194558  0.229462  0.270338  0.937476  
0.0106704  -0.00595024  -0.000178039  0.232232  0.281213  0.901069  
0.0104233  -0.0060106  -0.000146106  0.220355  0.276281  0.952563  
0.0109408  -0.00595024  -0.0001881  0.222461  0.275473  0.941061  
0.0101543  -0.00595024  -0.000315563  0.223815  0.28812  0.937431  
0.0105314  -0.00605647  -0.000127819  0.216342  0.273873  0.978726  
0.00998892  -0.00595025  -0.000375243  0.212439  0.286447  0.929985  
0.0103046  -0.0060723  -0.000305348  0.218678  0.280765  0.988766  
0.0105553  -0.00623752  -0.000167168  0.211404  0.28118  0.950628  
0.00980958  -0.00601101  -0.000388513  0.216273  0.289404  0.950249  
0.0103147  -0.00627115  -0.000179458  0.216484  0.284231  0.973977  
0.00985838  -0.00595025  -0.000204414  0.209685  0.28688  0.924667  
0.00959589  -0.00595025  -0.000413307  0.22156  0.287823  0.945684  
0.0100583  -0.00595025  -0.00026288  0.20944  0.275703  0.940667  
0.0096718  -0.00582735  -0.000388577  0.216157  0.302789  0.921786  
0.0100705  -0.00602698  -0.0002897  0.211218  0.278317  0.939827  
0.009851  -0.00602556  -0.00035721  0.208426  0.2858  0.894313  
0.00946598  -0.0063155  -0.000285508  0.204161  0.288351  0.920682  
0.00990445  -0.00637078  -0.000202993  0.197598  0.284066  0.941311  
0.00956102  -0.00612625  -0.000465051  0.206129  0.287288  0.893743  
0.00982586  -0.00636425  -0.000406555  0.196845  0.276695  0.923634  
0.00976939  -0.00586705  -0.000429163  0.206514  0.271186  0.871767  
0.00962971  -0.00577512  -0.000608404  0.212186  0.29599  0.913559  
0.0103289  -0.00580313  -0.000378523  0.20776  0.277524  0.923802  
0.00990047  -0.00548362  -0.000608404  0.22026  0.292097  0.91218  
0.0103087  -0.00555444  -0.000265221  0.21321  0.273903  0.947915  
0.0095625  -0.00522297  -0.000466171  0.225235  0.294689  0.902794  
0.0103313  -0.00571985  -0.000132718  0.212926  0.278174  0.953635  
0.00971707  -0.00549329  -0.000459712  0.217451  0.285409  0.898327  
0.00975549  -0.00550541  -0.000211647  0.210058  0.265039  0.948221  
0.00956176  -0.00544328  -0.000268793  0.214149  0.275312  0.876617  
0.00979646  -0.00552526  -0.000305789  0.202827  0.278325  0.896771  
0.0102483  -0.00542412  -0.000180152  0.201296  0.26528  0.888535  
0.0096162  -0.00539541  -0.000432483  0.197844  0.281369  0.862244  
0.0099605  -0.00546116  -0.000274052  0.197117  0.2741  0.911561  
0.00986671  -0.00549098  -0.000469571  0.194433  0.28493  0.855287  
0.00969702  -0.00550391  -0.000469609  0.197471  0.28088  0.882257  
0.0106022  -0.00556513  -0.000409822  0.190455  0.281867  0.919727  
0.00997638  -0.00562233  -0.000414144  0.190881  0.289392  0.870403  
0.010664  -0.00543795  -0.00032625  0.192463  0.279716  0.939223  
0.0101695  -0.00540869  -0.000512271  0.189279  0.293921  0.874872  
0.00987156  -0.00532968  -0.000464662  0.194706  0.284375  0.91523  
0.00982585  -0.00558901  -0.000414055  0.198984  0.267766  0.900092  
0.00931522  -0.00575308  -0.000608404  0.192401  0.277364  0.924615  
0.00933377  -0.00575308  -0.000608404  0.196412  0.257945  0.867875  
0.00914492  -0.00575308  -0.000608404  0.185414  0.265024  0.928711  
0.0091142  -0.00559876  -0.000608404  0.195741  0.249417  0.896646  
0.00824184  -0.00546938  -0.000533927  0.198892  0.255755  0.881823  
0.00839168  -0.00535165  -0.000434781  0.205065  0.232574  0.902368  
0.00747172  -0.00575308  -0.000727242  0.199036  0.269149  0.87364  
0.0082817  -0.00561005  -0.000380985  0.206375  0.241533  0.927964  
0.00793761  -0.00542707  -0.000787657  0.202201  0.294932  0.975078  
0.00829955  -0.0053417  -0.000536247  0.213187  0.252316  0.940165  
0.00791392  -0.00543865  -0.000643463  0.209922  0.270128  0.869789  
0.00789589  -0.00551959  -0.000657671  0.203922  0.25265  0.877593  
0.00824656  -0.00533947  -0.00054944  0.209727  0.240572  0.876688  
0.00767411  -0.00524327  -0.000689946  0.216266  0.268523  0.869076  
0.00800606  -0.00551959  -0.000386408  0.212859  0.244843  0.895109  
0.00727771  -0.00546034  -0.00054312  0.21431  0.25833  0.835926  
0.00746041  -0.00539036  -0.000543861  0.207646  0.253062  0.867742  
0.00782222  -0.00522708  -0.000615516  0.207538  0.243461  0.843168  
0.00722488  -0.00525451  -0.000655516  0.201763  0.253549  0.839673  
0.0078265  -0.00528507  -0.000538385  0.207593  0.232616  0.840729  
0.00689365  -0.00514041  -0.000566636  0.197686  0.244077  0.802134  
0.00780601  -0.00482127  -0.000589146  0.202795  0.226501  0.866821  
0.0065032  -0.00477101  -0.000629063  0.204397  0.250217  0.762694  
0.00722722  -0.00495783  -0.000530863  0.205297  0.223778  0.831403  
0.00645035  -0.0045806  -0.00067502  0.207191  0.229186  0.761591  
0.0066256  -0.00487622  -0.000669995  0.19797  0.228003  0.794884  
0.00708586  -0.00499144  -0.000555003  0.19518  0.217661  0.802998  
0.00661997  -0.00505104  -0.000788361  0.198227  0.233743  0.774049  
0.00744083  -0.00507108  -0.000690965  0.194493  0.205948  0.853047  
0.00626046  -0.00461099  -0.000854838  0.202148  0.22925  0.764824  
0.00734909  -0.00470353  -0.000658116  0.197486  0.21596  0.858642  
0.00693406  -0.00443958  -0.000774711  0.205731  0.220945  0.804952  
0.00711956  -0.00483683  -0.000864541  0.198613  0.230243  0.849894  
0.00722088  -0.00441971  -0.000674584  0.198517  0.211625  0.816777  
0.00699191  -0.00463821  -0.00077946  0.197227  0.228633  0.816139  
0.00730171  -0.00465702  -0.000667432  0.194639  0.207865  0.852668  
0.00654895  -0.00449098  -0.000899279  0.20208  0.239347  0.798409  
0.00740913  -0.00453582  -0.000580501  0.197187  0.217368  0.878852  
0.00673625  -0.00440413  -0.00103424  0.193951  0.238625  0.818304  
0.00721638  -0.00463676  -0.000819505  0.205808  0.212566  0.899502  
0.00656731  -0.00426658  -0.00095042  0.21649  0.219406  0.833241  
0.00668035  -0.0043762  -0.00103424  0.21328  0.22234  0.862027  
0.00694398  -0.00385159  -0.000748017  0.220037  0.205891  0.839245  
0.00614637  -0.00336678  -0.000907883  0.23265  0.243534  0.803029  
0.00719588  -0.00312276  -0.000642316  0.22681  0.222764  0.842872  
0.00612879  -0.00323921  -0.00078424  0.227925  0.241345  0.788017  
0.00696318  -0.00342736  -0.00059519  0.221426  0.228896  0.842943  
0.00600598  -0.00341246  -0.000815502  0.215868  0.243099  0.761335  
0.00671606  -0.00359976  -0.000769235  0.208346  0.229324  0.836837  
0.00605535  -0.00308612  -0.000741015  0.21002  0.235448  0.762782  
0.006383  -0.00319087  -0.000717955  0.210913  0.231259  0.836125  
0.00600727  -0.00292537  -0.000795214  0.210576  0.222583  0.749813  
0.00597881  -0.003232  -0.000940345  0.203716  0.226793  0.777668  
0.00651469  -0.00329434  -0.000952281  0.197846  0.220139  0.797836  
0.00566196  -0.00355892  -0.00113576  0.196905  0.246149  0.746852  
0.00639865  -0.00350647  -0.00105183  0.198048  0.225873  0.809251  
0.00505823  -0.00315814  -0.00131721  0.19771  0.22914  0.690418  
0.00617196  -0.00364583  -0.00119705  0.191356  0.2175  0.772637  
0.00553875  -0.00325552  -0.00115356  0.192239  0.213685  0.701654  
0.00557463  -0.00352471  -0.00124094  0.191458  0.225516  0.723327  
0.00620373  -0.00336318  -0.00129892  0.194413  0.206653  0.752459  
0.00498887  -0.0029696  -0.0010925  0.19613  0.225282  0.675575  
0.0063755  -0.00333581  -0.0010867  0.191367  0.203443  0.79367  
0.00566289  -0.00358788  -0.00135592  0.181913  0.246582  0.771982  
0.00654651  -0.00332765  -0.00118919  0.192366  0.205115  0.791794  
0.00540051  -0.00317341  -0.00132814  0.190081  0.237141  0.750375  
0.00626232  -0.00334711  -0.00107023  0.192507  0.203308  0.801591  
0.00502624  -0.00323647  -0.00134159  0.182084  0.230105  0.708391  
0.00614017  -0.00349747  -0.00127784  0.183494  0.210739  0.775936  
0.00455697  -0.00288461  -0.00120254  0.182825  0.226421  0.673938  
0.00594794  -0.00367403  -0.0011584  0.187227  0.214176  0.777818  
0.00470357  -0.00296397  -0.00105192  0.190998  0.216947  0.69018  
0.00567676  -0.0033737  -0.00112793  0.195603  0.204678  0.771916  
0.00540094  -0.00319297  -0.00130294  0.193246  0.195829  0.700113  
0.0052019  -0.00317096  -0.00106968  0.200245  0.222058  0.733655  
0.00565761  -0.00310298  -0.00107287  0.197699  0.200735  0.730593  
0.00553625  -0.00350261  -0.0012992  0.19352  0.216086  0.760949  
0.00551802  -0.00287724  -0.00113639  0.203082  0.197714  0.742982  
0.00525975  -0.0025575  -0.00158826  0.198284  0.195742  0.70243  
0.00589363  -0.00297159  -0.00124662  0.205476  0.183705  0.762  
0.00378575  -0.00219027  -0.000977936  0.202734  0.217553  0.671068  
0.00534129  -0.00325877  -0.00117739  0.203298  0.189382  0.768084  
0.00452597  -0.0025575  -0.00122636  0.213214  0.215091  0.695189  
0.00558214  -0.00329142  -0.00114314  0.207526  0.208668  0.789151  
0.0038263  -0.00214896  -0.00105397  0.207897  0.212767  0.649142  
0.00406878  -0.00249669  -0.00134386  0.199632  0.211321  0.672618  
0.00470221  -0.00245419  -0.00122636  0.201467  0.21328  0.698576  
0.0036878  -0.00186435  -0.00101674  0.196886  0.22498  0.63053  
0.00468818  -0.00247939  -0.00128226  0.197849  0.222392  0.693543  
0.00454994  -0.00245863  -0.00109694  0.195576  0.204674  0.661483  
0.00360986  -0.00236229  -0.00102708  0.191507  0.216716  0.633438  
0.00395929  -0.00242634  -0.000933164  0.189458  0.193452  0.647696  
0.00352875  -0.00228617  -0.000924693  0.186753  0.206782  0.595069  
0.00389889  -0.00249203  -0.00103647  0.180541  0.202538  0.603212  
0.00428763  -0.0025575  -0.00108047  0.184921  0.191526  0.630845  
0.00345594  -0.00235982  -0.000977889  0.180531  0.206792  0.605497  
0.00399795  -0.00265913  -0.00111283  0.179028  0.181325  0.640307  
0.00366815  -0.00243668  -0.00108352  0.176936  0.202851  0.588338  
0.00409263  -0.00282959  -0.00118394  0.170064  0.207175  0.6452  
0.00378897  -0.00250374  -0.000956593  0.176714  0.198424  0.601734  
0.00341309  -0.00260787  -0.000983527  0.179196  0.211997  0.613783  
0.00425629  -0.0025575  -0.000912581  0.182158  0.193396  0.625975  
0.00330198  -0.00220083  -0.000790683  0.186156  0.210762  0.596798  
0.00406842  -0.00235346  -0.000786933  0.183957  0.190745  0.637095  
0.00342856  -0.00219816  -0.000643845  0.186142  0.20515  0.596808  
0.00436028  -0.00304247  -0.0010492  0.172962  0.199802  0.674847  
0.00388489  -0.00283203  -0.00114849  0.168906  0.199392  0.614747  
0.00434804  -0.00345993  -0.00138235  0.161227  0.200288  0.684463  
0.00362894  -0.00258193  -0.001057  0.179597  0.192335  0.610363  
0.00348824  -0.00303672  -0.00122789  0.143726  0.215374  0.661497  
0.00425483  -0.00357329  -0.00167565  0.142656  0.199077  0.645464  
0.00343643  -0.00277494  -0.00113341  0.166972  0.224768  0.620246  
0.00414346  -0.00310577  -0.0013148  0.169075  0.202723  0.662175  
0.00547084  -0.00591175  -0.00264061  0.0388566  0.246173  0.774141  
0.00510147  -0.00533947  -0.00264242  0.0759125  0.22157  0.761446  
0.00427302  -0.00390985  -0.0025811  0.0993196  0.213434  0.659676  
0.00446747  -0.00389697  -0.00245397  0.114844  0.215774  0.696285  
0.00440453  -0.00349416  -0.00220397  0.124054  0.205919  0.667728  
0.00337738  -0.0030004  -0.00200912  0.13571  0.237635  0.678289  
0.00488227  -0.00356396  -0.00213583  0.14998  0.220301  0.724349  
0.00317169  -0.002815  -0.00192844  0.145197  0.228686  0.640114  
0.0034951  -0.00285707  -0.00173957  0.148563  0.217075  0.670104  
0.00362234  -0.0023965  -0.00178018  0.151469  0.214332  0.640456  
0.00326496  -0.0023432  -0.00179494  0.154671  0.228491  0.626036  
0.00408867  -0.00232835  -0.00162106  0.153656  0.224412  0.683477  
0.00329104  -0.00153253  -0.00105389  0.163348  0.239211  0.639556  
0.00469788  -0.00232328  -0.00147601  0.151452  0.23661  0.734598  
0.00325441  -0.00103087  -0.000887284  0.16504  0.222394  0.637258  
0.00300561  -0.00118683  -0.000831351  0.171699  0.232083  0.666747  
0.00344911  -0.00109088  -0.000884319  0.166626  0.223671  0.635016  
0.00297198  -0.00114174  -0.00106626  0.17388  0.240193  0.659974  
0.00357324  -0.00128923  -0.000977321  0.163021  0.220731  0.636304  
0.00304659  -0.00105354  -0.00106641  0.175768  0.235833  0.648756  
0.00350329  -0.00130678  -0.000889964  0.166516  0.208968  0.642726  
0.00288139  -0.00134763  -0.000991074  0.166709  0.229035  0.593914  
0.00318776  -0.00138307  -0.000909565  0.166494  0.217039  0.616938  
0.0033566  -0.0011691  -0.000849068  0.164301  0.205352  0.597439  
0.00293281  -0.00121527  -0.00087444  0.165842  0.230898  0.625501  
0.00329071  -0.00138114  -0.000871551  0.16656  0.20664  0.622254  
0.00277314  -0.00124163  -0.00100481  0.166267  0.239135  0.644594  
0.00327067  -0.00123757  -0.000889714  0.16309  0.217963  0.615113  
0.00311371  -0.00108964  -0.000965262  0.168615  0.244203  0.628235  
0.00322602  -0.00117994  -0.000771049  0.168677  0.216588  0.635298  
0.00290088  -0.00104283  -0.00098699  0.168603  0.244754  0.626391  
0.00306642  -0.00125382  -0.000778862  0.165123  0.215346  0.647967  
0.00290488  -0.00117951  -0.000834334  0.166302  0.225381  0.620936  
0.00293571  -0.00124203  -0.000842676  0.164836  0.222692  0.637985  
0.00292341  -0.00117211  -0.000966349  0.166447  0.21327  0.608003  
0.00274307  -0.00118192  -0.00103824  0.168696  0.228637  0.607252  
0.00305344  -0.00135209  -0.000987383  0.16367  0.213017  0.610384  
0.00278506  -0.00127359  -0.00117395  0.155483  0.234508  0.606049  
0.00314518  -0.00142217  -0.00117478  0.155494  0.214209  0.632865  
0.00308751  -0.00137477  -0.0012737  0.154558  0.219562  0.595248  
0.00307803  -0.00140897  -0.00128222  0.154539  0.217736  0.621943  
0.00334659  -0.00135518  -0.00127205  0.155239  0.19408  0.595739  
0.00297173  -0.00123217  -0.0013523  0.15454  0.214277  0.619264  
0.00336498  -0.0011878  -0.00129536  0.157203  0.199039  0.608518  
0.00285134  -0.00144263  -0.00174894  0.157606  0.214245  0.585556  
0.0035004  -0.000880498  -0.00152608  0.165818  0.173217  0.580175  
0.00308752  -0.000877191  -0.00159444  0.170979  0.208744  0.555492  
0.00318836  -0.00102308  -0.00230329  0.160123  0.186431  0.57786  
0.0031956  -0.00102308  -0.00174956  0.161909  0.185754  0.557656  
0.00304104  -0.00102308  -0.0018254  0.170597  0.212034  0.574498  
0.00321236  -0.00102308  -0.00159501  0.163268  0.192289  0.576634  
0.0029748  -0.00102308  -0.00156057  0.161419  0.207549  0.545297  
0.00317291  -0.00112262  -0.00168063  0.157471  0.195428  0.574513  
0.00320238  -0.000904585  -0.00161839  0.157387  0.198081  0.548883  
0.00314732  -0.00141025  -0.00171225  0.157596  0.206657  0.566341  
0.00340508  -0.00136428  -0.0022926  0.131792  0.18479  0.570843  
0.0029181  -0.00154723  -0.00263063  0.117125  0.210281  0.547227  
0.00319233  -0.0015364  -0.00281673  0.0977015  0.207178  0.58783  
0.00307233  -0.00154523  -0.00319415  0.0856685  0.201485  0.551979  
0.00296746  -0.00150703  -0.00304904  0.088596  0.201054  0.580371  
0.00314633  -0.00150703  -0.00313881  0.0853866  0.190133  0.55317  
0.00304354  -0.00150703  -0.00297804  0.0892681  0.212446  0.574022  
0.00326525  -0.00161595  -0.00295612  0.0986383  0.197943  0.563144  
0.00295389  -0.00150703  -0.00326977  0.0792556  0.22057  0.556872  
0.00321324  -0.00150703  -0.00300185  0.0936712  0.20353  0.568575  
0.00294439  -0.00146101  -0.00321415  0.0749492  0.228328  0.54179  
0.0033505  -0.00144708  -0.00339016  0.0708536  0.199102  0.581736  
0.00301625  -0.00141248  -0.00352743  0.0672177  0.22046  0.545201  
0.00322135  -0.00144202  -0.00320854  0.0771148  0.214213  0.596536  
0.00338489  -0.00133358  -0.00302404  0.0969301  0.213402  0.572853  
0.00293428  -0.00130863  -0.00340901  0.0771006  0.22661  0.558769  
0.00349392  -0.00149212  -0.00343038  0.0941995  0.20181  0.564156  
0.00303077  -0.00143199  -0.00362329  0.0849011  0.225437  0.55584  
0.00323151  -0.00134046  -0.00341324  0.091046  0.202705  0.588152  
0.00288301  -0.00111453  -0.00369986  0.0846178  0.218562  0.5574  
0.00322025  -0.00130386  -0.00364349  0.0771116  0.201745  0.589014  
0.00295617  -0.0010154  -0.003787  0.0787272  0.206015  0.548585  
0.00319928  -0.00128713  -0.00372764  0.0710362  0.202004  0.59305  
0.00279841  -0.000965365  -0.0039584  0.0693165  0.207513  0.538685  
0.00309876  -0.000999026  -0.00362922  0.0708945  0.20671  0.579967  
0.00331198  -0.00104406  -0.00368334  0.0675527  0.19388  0.544702  
0.00288028  -0.000901083  -0.00371154  0.062053  0.218735  0.566751  
0.00328434  -0.000913579  -0.00380761  0.066118  0.192233  0.552848  
0.0028623  -0.00105928  -0.00401724  0.055552  0.209374  0.546081  
0.0032042  -0.000962927  -0.00386757  0.0539594  0.194022  0.563733  
0.00307704  -0.000841011  -0.0040928  0.0429545  0.201686  0.532006  
0.00309718  -0.000916436  -0.00401468  0.0408386  0.199883  0.539585  
0.00333522  -0.000868105  -0.00379345  0.0425705  0.188062  0.544021  
0.00287199  -0.000741735  -0.00389821  0.0404252  0.200489  0.519337  
0.003187  -0.000824738  -0.00395398  0.0434091  0.194871  0.548953  
0.00317549  -0.000678522  -0.0040177  0.0469535  0.208367  0.514446  
0.00302782  -0.000657895  -0.00403601  0.0516598  0.21361  0.5411  
0.00321588  -0.000746804  -0.00384293  0.0546565  0.195645  0.555338  
0.00290471  -0.000527358  -0.00401872  0.0613129  0.214271  0.526974  
0.00304462  -0.000495808  -0.00386684  0.0552096  0.2041  0.574539  
0.00273487  -0.000421114  -0.00398358  0.0552687  0.203777  0.538362  
0.00273642  -0.000757983  -0.00390375  0.0538955  0.201414  0.560162  
0.00281269  -0.000545983  -0.00380655  0.0584069  0.183772  0.551082  
0.00256896  -0.000423063  -0.00409063  0.0569323  0.20608  0.539778  
0.00290359  -0.000512562  -0.00396473  0.0556936  0.186329  0.567328  
0.00247158  -0.0005392  -0.00393668  0.0644193  0.200977  0.540404  
0.00256492  -0.000889801  -0.00356727  0.0774253  0.200135  0.553298  
0.00278665  -0.000888687  -0.0034387  0.0755287  0.186408  0.546114  
0.00263516  -0.000828053  -0.00438925  0.0466482  0.221623  0.640014  
0.00292702  -0.000625017  -0.00452518  0.0534206  0.188326  0.625763  
0.00277167  -0.000597036  -0.00484055  0.0440793  0.209147  0.690907  
0.00282891  -0.000461731  -0.00488518  0.0374198  0.170121  0.685817  
0.0028311  -0.000661075  -0.00442915  0.051345  0.182829  0.633113  
0.00291512  -0.0006742  -0.00444947  0.0454931  0.185307  0.658077  
0.00298407  -0.000632945  -0.00456963  0.0361071  0.168892  0.670298  
0.0028378  -0.000760637  -0.00463022  0.0342182  0.188819  0.702678  
0.00330741  -0.000573379  -0.00455885  0.0311813  0.182037  0.682224  
0.00275677  -0.000505339  -0.00487898  0.0109224  0.192462  0.699436  
0.00455584  -8.66339e-05  -0.00471556  0.0109436  0.193842  0.798122  
0.00474077  0.000214876  -0.0046576  0.00271879  0.215435  0.809656  
0.0057357  -0.000146997  -0.00448313  0.0058757  0.181979  0.825096  
0.00335667  -0.00035597  -0.00430696  0.0280558  0.164946  0.678022  
0.00303032  -0.000671631  -0.00414956  0.0468689  0.17189  0.693951  
0.00364363  -0.000297493  -0.0040125  0.0548864  0.167727  0.708736  
0.00380403  -0.000596757  -0.00413278  0.0737678  0.199801  0.746581  
0.00561878  -0.000575608  -0.00365284  0.11983  0.199191  0.855923  
0.00539068  -0.00106823  -0.00408787  0.0909466  0.201842  0.783513  
0.00737381  -0.00134184  -0.00384792  0.0803507  0.268638  1.02089  
0.00668913  -0.00115347  -0.0036809  0.0919714  0.2457  0.883016  
0.00630156  -0.00127469  -0.00421773  0.0803807  0.247396  0.944952  
0.00708795  -0.00134211  -0.00385116  0.081799  0.244305  1.05558  
0.00694165  -0.0014704  -0.00402792  0.0814395  0.282079  1.02434  
0.0071973  -0.00137603  -0.00381925  0.0839316  0.2461  1.06901  
0.0068717  -0.000777277  -0.00398892  0.0755256  0.248947  0.978932  
0.00659106  -0.0015901  -0.00385168  0.0765359  0.240264  0.998315  
0.00685605  -0.00118777  -0.00386076  0.0794243  0.231995  0.968792  
0.00671491  -0.00122946  -0.00405485  0.0813764  0.256183  1.04411  
0.00696979  -0.00122742  -0.0039314  0.0750703  0.23386  1.00781  
0.00680255  -0.00135652  -0.00403662  0.08005  0.257967  0.990963  
0.00682366  -0.00156816  -0.00403903  0.064487  0.27195  1.04909  
0.00700738  -0.00154725  -0.00357148  0.0800485  0.248262  0.974477  
0.00627476  -0.00172299  -0.00379364  0.0779802  0.266481  0.947743  
0.00675339  -0.00170325  -0.00353166  0.0707396  0.250315  0.956857  
0.00650493  -0.00174572  -0.00359048  0.0710901  0.26917  0.963199  
0.00658615  -0.00238039  -0.00331879  0.0910463  0.252171  1.01462  
0.00666673  -0.00285148  -0.00309297  0.109102  0.241052  0.955379  
0.00614943  -0.00329238  -0.00312783  0.119071  0.251124  0.980977  
0.00682858  -0.00283976  -0.00270265  0.127462  0.228431  0.986351  
0.00640427  -0.00266046  -0.00306192  0.1264  0.256319  0.997696  
0.00682858  -0.00321011  -0.00267929  0.118716  0.22363  0.977367  
0.00636481  -0.00332869  -0.00263422  0.122224  0.239516  0.93807  
0.00636848  -0.00424565  -0.00223168  0.122091  0.21013  0.939668  
0.00595371  -0.00388268  -0.00197736  0.143864  0.216583  0.880481  
0.00616563  -0.00437151  -0.00152625  0.163867  0.217301  0.956844  
0.00618925  -0.00413936  -0.00142145  0.155315  0.206823  0.909412  
0.00594171  -0.00463283  -0.00170219  0.150105  0.229731  0.947855  
0.00675794  -0.00395741  -0.00133919  0.173655  0.209302  0.924049  
0.00578324  -0.00394006  -0.00152625  0.174175  0.222322  0.856333  
0.00621138  -0.00408298  -0.00134054  0.178212  0.198157  0.90392  
0.00638048  -0.00367673  -0.00114775  0.187422  0.207089  0.864171  
0.00573424  -0.00390172  -0.00143955  0.187521  0.216506  0.911746  
0.00649956  -0.00366222  -0.00103642  0.187423  0.196621  0.883633  
0.0060795  -0.00384585  -0.00134957  0.181106  0.214811  0.867245  
0.00671687  -0.00398372  -0.00118141  0.174065  0.197189  0.929946  
0.00612754  -0.00347949  -0.00152625  0.181759  0.175761  0.729608  
0.0096777  -0.00342357  -0.000671794  0.216651  0.150637  0.732593  
0.0125314  -0.00377977  -0.000542954  0.256016  0.276357  1.09699  
0.00413718  -0.00228961  -0.000347118  0.350013  0.0461939  2.50081  
0.000913218  -0.00183119  -0.00224614  0.329995  0.294972  4.34511  
-0.00187312  -1.62606e-05  -0.00632148  0.344512  -0.162785  3.25074  
0.00131346  0.000766549  -0.00700236  0.146595  -0.0307132  2.44762  
-0.0101166  0.000391625  -0.0059893  0.12717  -0.577699  1.58  
-0.0337458  0.00498997  -0.00789932  -0.00640938  -1.55541  0.292698  
-0.0284361  0.00860573  -0.00970473  -0.173453  -1.08584  -0.0830568  
-0.00783252  0.00659739  -0.00963673  -0.254369  -0.638967  -0.223478  
-0.00593357  0.00600749  -0.00690569  -0.23446  -0.538801  -0.269503  
-0.00490718  0.00563116  -0.00759371  -0.267432  -0.484638  -0.281499  
-0.00624843  0.004837  -0.0116553  -0.344101  -0.575867  -0.244404  
-0.00305998  0.00767678  -0.00373243  -0.232111  -0.464229  -0.19698  
-0.000907053  0.00807555  -0.00210631  -0.221366  -0.460227  -0.175269  
0.00143981  0.0032014  -0.00779269  -0.358204  -0.479549  -0.278779  
0.00281706  0.0042035  -0.00605249  -0.352546  -0.436336  -0.253296  
0.00377473  0.00541683  -0.00328092  -0.278797  -0.419857  -0.158281  
0.00414782  0.00584807  -0.00285847  -0.268047  -0.418861  -0.15328  
0.00577474  0.00418201  -0.00724308  -0.416288  -0.335336  -0.204318  
0.00533413  0.00422682  -0.00300072  -0.288442  -0.239393  -0.0769724  
0.0055521  0.00502722  -0.000767573  -0.230356  -0.198274  -0.0530752  
0.00578889  0.00425995  -0.00336644  -0.32692  -0.175108  -0.0301559  
0.00545149  0.00411247  -0.00374345  -0.328507  -0.180212  0.00871284  
0.00623562  0.00426821  -0.00209697  -0.285343  -0.153688  -0.035997  
0.00585578  0.0037049  -0.00191791  -0.260304  -0.181788  -0.0136385  
0.00570508  0.00365706  -0.00246958  -0.282684  -0.176154  -0.0310139  
0.00478263  0.00333107  -0.0018507  -0.271962  -0.202951  0.0285266  
0.00520884  0.0038303  -0.00181262  -0.268442  -0.200945  -0.00620262  
0.00511935  0.00393134  -0.00189525  -0.270285  -0.18416  -0.00921328  
0.00556808  0.00379176  -0.00176167  -0.271611  -0.184775  -0.00466533  
0.00498669  0.00413327  -0.00212504  -0.274536  -0.160786  -0.0170206  
0.00475796  0.00451539  -0.00188071  -0.259743  -0.179903  -0.0558958  
0.00532465  0.00387893  -0.00196757  -0.27048  -0.163479  -0.0802913  
0.0043568  0.00425727  -0.00192135  -0.246855  -0.181488  -0.138303  
0.00479626  0.00428145  -0.00144725  -0.230662  -0.178692  -0.165846  
0.00373314  0.00464415  -0.00156049  -0.198351  -0.180784  -0.20259  
0.00376319  0.00484841  -0.00106517  -0.188423  -0.193801  -0.158784  
0.00243254  0.00481573  -0.00114156  -0.188763  -0.207385  -0.217165  
0.00164952  0.00546897  -0.000728294  -0.170501  -0.215669  -0.1237  
0.00107161  0.0034868  -0.000907682  -0.177589  -0.212638  -0.249306  
0.00140551  0.00486848  -0.000917656  -0.170036  -0.219697  -0.191494  
0.00135491  0.00485757  -0.000955595  -0.173505  -0.226176  -0.207281  
0.000898704  0.00488436  -0.00128025  -0.171937  -0.207782  -0.210151  
0.00151093  0.00503191  -0.000962896  -0.167534  -0.22015  -0.183659  
0.000763095  0.00452253  -0.00116981  -0.170882  -0.210973  -0.235064  
0.00105627  0.00494521  -0.000862729  -0.167994  -0.222059  -0.168258  
-0.000316953  0.00429428  -0.000964384  -0.163825  -0.212824  -0.243595  
-0.00068579  0.00548343  -0.000793271  -0.14953  -0.222362  -0.140032  
-0.000646027  0.00484556  -0.000862729  -0.145252  -0.219311  -0.224588  
-0.000955264  0.00505008  -0.00102313  -0.141131  -0.214085  -0.210887  
-0.000671392  0.0053981  -0.000738483  -0.14693  -0.227488  -0.182864  
-0.000593248  0.00383427  -0.00113387  -0.148497  -0.210104  -0.267257  
-0.000411058  0.00524297  -0.00065738  -0.144319  -0.222791  -0.174682  
-0.000492512  0.00455863  -0.000811099  -0.143448  -0.211577  -0.250802  
-0.000509542  0.00530949  -0.000738852  -0.1389  -0.212286  -0.158253  
-0.000206439  0.00506188  -0.000785785  -0.138457  -0.222326  -0.213012  
-0.000412041  0.00393796  -0.00110955  -0.132889  -0.211569  -0.261314  
-6.27463e-05  0.00510455  -0.000475341  -0.128588  -0.226175  -0.185796  
-0.000453665  0.00458361  -0.000475341  -0.125155  -0.217478  -0.217755  
-0.000260928  0.00469557  -0.000408932  -0.129356  -0.229723  -0.177152  
-0.000333229  0.00298627  -0.000578051  -0.133917  -0.222248  -0.265282  
-0.00028579  0.00530406  -0.000333724  -0.121799  -0.219603  -0.151771  
-0.000459853  0.00451431  -0.000533623  -0.113044  -0.225726  -0.239723  
-0.000459025  0.00493622  -0.000475341  -0.127585  -0.215794  -0.182658  
-0.000110489  0.00515628  -0.000307672  -0.12122  -0.223332  -0.219534  
-0.00105055  0.005449  -0.000475341  -0.115393  -0.199623  -0.175299  
-0.000517492  0.0053787  -0.000325068  -0.130346  -0.215946  -0.185326  
-0.0015987  0.00573988  -0.000623251  -0.112904  -0.197968  -0.187325  
-0.000977463  0.0055943  -0.00028827  -0.128465  -0.21304  -0.182607  
-0.00105318  0.00515109  -0.000578706  -0.12614  -0.200777  -0.23136  
-0.00128245  0.00555809  -0.00047534  -0.117505  -0.203552  -0.191804  
-0.000738003  0.00517916  -0.000271047  -0.128005  -0.225842  -0.199171  
-0.00136182  0.00522598  -0.000619002  -0.112377  -0.208726  -0.222648  
-0.000778871  0.00490604  -0.00047534  -0.127579  -0.231619  -0.19802  
-0.0011843  0.00356561  -0.00079397  -0.127621  -0.203096  -0.279779  
-0.00101742  0.00450332  -0.00047534  -0.125172  -0.211349  -0.237857  
-0.000592301  0.00353851  -0.000594413  -0.134252  -0.211957  -0.27805  
-0.000880873  0.0044587  -0.000629471  -0.116048  -0.194704  -0.273319  
-0.000722823  0.0047817  -0.000390741  -0.129433  -0.209975  -0.224682  
-0.000912006  0.00335978  -0.000578371  -0.136639  -0.193383  -0.286658  
-0.00135792  0.00491727  -0.000412987  -0.131428  -0.205915  -0.191733  
-0.00125587  0.00403881  -0.00047534  -0.124939  -0.203532  -0.255514  
-0.00143447  0.00509268  -0.00047534  -0.125388  -0.197886  -0.188042  
-0.00112628  0.00521039  -0.000322505  -0.125264  -0.209595  -0.213755  
-0.00162218  0.00532081  -0.000372319  -0.121276  -0.196818  -0.197047  
-0.00102592  0.00514979  -0.00047534  -0.122646  -0.218204  -0.223014  
-0.00173295  0.00485773  -0.00047534  -0.127575  -0.204365  -0.231259  
-0.00108542  0.00491728  -0.00047534  -0.13057  -0.22349  -0.227099  
-0.00151074  0.00417145  -0.000664691  -0.136121  -0.181646  -0.223097  
-0.00145  0.00478012  -0.000790239  -0.142578  -0.166266  -0.119687  
-0.000597221  0.00225847  -0.000908413  -0.14917  -0.157999  -0.226253  
0.000241136  0.00420897  -0.000732567  -0.147193  -0.172629  -0.114153  
-5.55738e-06  0.00337778  -0.000908414  -0.142565  -0.160535  -0.193601  
-0.000541639  0.00194978  -0.000665224  -0.146369  -0.171816  -0.198004  
9.31922e-05  0.00190897  -0.000821076  -0.142585  -0.181947  -0.220768  
-0.000221345  0.00201273  -0.000658414  -0.140364  -0.1637  -0.233781  
0.00045804  0.00180293  -0.000578994  -0.141023  -0.173048  -0.213374  
-1.24037e-05  0.0019141  -0.00071238  -0.139955  -0.159366  -0.244154  
0.00036898  0.00176365  -0.000737195  -0.147995  -0.173337  -0.207612  
-6.59045e-06  0.00197566  -0.000729438  -0.141299  -0.182469  -0.250296  
-0.000295053  0.00196046  -0.000908414  -0.133787  -0.168143  -0.248218  
0.000136926  0.00191366  -0.000610169  -0.144258  -0.184753  -0.20865  
-0.000167321  0.0020327  -0.000751289  -0.143741  -0.173443  -0.241515  
-5.88592e-05  0.00198801  -0.000720147  -0.148742  -0.16915  -0.219732  
0.000507442  0.00176197  -0.000597094  -0.14929  -0.172516  -0.209468  
-0.000241058  0.00210432  -0.00109707  -0.143595  -0.164512  -0.231704  
0.000664556  0.00369328  -0.0010489  -0.145783  -0.166677  -0.172685  
-0.000479659  0.00217981  -0.00145466  -0.134875  -0.15727  -0.227848  
-0.00022584  0.00369827  -0.00143155  -0.137335  -0.169497  -0.141714  
-0.000227678  0.00217584  -0.00135381  -0.14288  -0.168652  -0.223623  
-0.000443762  0.00363588  -0.00143189  -0.138017  -0.165919  -0.165098  
-3.60927e-05  0.00399768  -0.00113329  -0.14829  -0.17741  -0.131172  
-0.00128589  0.00449917  -0.00121779  -0.131758  -0.16306  -0.134829  
-0.000542827  0.00445191  -0.000952412  -0.142434  -0.173884  -0.100988  
-0.000974235  0.00389944  -0.0014865  -0.139744  -0.161841  -0.185003  
-0.000648793  0.00455638  -0.00132449  -0.136636  -0.161227  -0.0984385  
-0.000542827  0.00272114  -0.00132449  -0.143551  -0.155204  -0.21125  
-0.000429223  0.00434542  -0.00148282  -0.138668  -0.141709  -0.125636  
0.000111669  0.00465175  -0.00112726  -0.141086  -0.160407  -0.0876524  
-0.000845077  0.00467795  -0.00117028  -0.127947  -0.139644  -0.10651  
-0.000334219  0.00492756  -0.000741328  -0.133451  -0.168673  -0.0627864  
-0.000749401  0.00485148  -0.00087283  -0.137561  -0.150431  -0.118105  
-0.000919108  0.00472639  -0.000978107  -0.141009  -0.163175  -0.102077  
-0.000514996  0.00484472  -0.000683765  -0.140312  -0.173391  -0.0910172  
-0.00121588  0.00483557  -0.00087283  -0.134685  -0.153851  -0.117418  
-0.00114337  0.00482496  -0.00087283  -0.135066  -0.166636  -0.0995355  
-0.000784643  0.00490271  -0.000751574  -0.141194  -0.160077  -0.105147  
-0.00120622  0.00483477  -0.000872829  -0.136261  -0.139126  -0.116755  
-0.000537827  0.00485969  -0.000625011  -0.137621  -0.15222  -0.0958246  
-0.00114565  0.00433728  -0.000872829  -0.120009  -0.139776  -0.147619  
-0.000643648  0.0045178  -0.000469771  -0.125952  -0.15931  -0.0959344  
-0.00104204  0.00353466  -0.000872829  -0.128851  -0.148689  -0.208137  
-0.00105356  0.00432641  -0.000685896  -0.123503  -0.161605  -0.127995  
-0.000485608  0.00396301  -0.000466002  -0.125056  -0.162118  -0.141281  
-0.00083624  0.0020919  -0.000510414  -0.140743  -0.141496  -0.199872  
8.30718e-05  0.00417793  -0.000308004  -0.132337  -0.156418  -0.116934  
-0.000564811  0.00201261  -0.000562218  -0.141648  -0.141735  -0.223019  
-5.6408e-05  0.0039942  -0.000518419  -0.136329  -0.152003  -0.123897  
-0.000559684  0.00186785  -0.000569082  -0.15022  -0.137037  -0.220188  
-0.000390242  0.00177694  -0.000508879  -0.151125  -0.140244  -0.173319  
-0.000411426  0.0016396  -0.000576425  -0.151059  -0.138535  -0.204984  
-0.000465281  0.00152351  -0.000509462  -0.159427  -0.134023  -0.180041  
0.000144566  0.00319473  -0.000625788  -0.148811  -0.146343  -0.158942  
-0.000473738  0.00124232  -0.000549084  -0.157555  -0.133116  -0.192655  
-0.000332313  0.00141684  -0.000415681  -0.146877  -0.15751  -0.174333  
-0.000721222  0.00154773  -0.000546546  -0.147403  -0.140463  -0.196571  
-0.000809448  0.00368666  -0.000528798  -0.142065  -0.164451  -0.100265  
-0.000533428  0.00127499  -0.000406777  -0.133798  -0.152996  -0.201061  
-0.000637302  0.00105474  -0.000279068  -0.13354  -0.16024  -0.17377  
-0.000119708  0.00127098  -0.000187296  -0.134726  -0.167096  -0.205105  
-0.000753475  0.00112161  -0.000270385  -0.128577  -0.143308  -0.197843  
-0.000487823  0.00114486  -2.89579e-05  -0.124526  -0.16714  -0.183876  
-0.000450588  0.00111113  -0.000347973  -0.117143  -0.132644  -0.21845  
-0.000511532  0.00112507  -0.000218181  -0.121068  -0.132548  -0.194056  
-0.000126545  0.0010649  -0.000210276  -0.123525  -0.141021  -0.211532  
-0.000786105  0.00148395  -0.000360325  -0.120121  -0.114509  -0.200672  
-0.000115718  0.0010995  -0.000234069  -0.130772  -0.135522  -0.189874  
-0.000579477  0.00107342  -6.06774e-05  -0.124213  -0.125332  -0.219225  
-0.000394986  0.00105305  2.77387e-05  -0.129249  -0.126812  -0.18507  
-0.000374957  0.000999591  -0.00012396  -0.124488  -0.131815  -0.206798  
-0.000577055  0.00110285  -0.000119079  -0.11857  -0.12258  -0.208353  
-0.000350914  0.000987536  2.77387e-05  -0.123084  -0.135499  -0.18865  
-0.000450672  0.00126134  -0.000152528  -0.121748  -0.124102  -0.211933  
-0.000563794  0.00112835  -0.000222261  -0.117603  -0.128768  -0.218861  
-0.000392634  0.00108719  2.77387e-05  -0.124013  -0.14564  -0.204766  
-0.000475982  0.00102077  -0.000107084  -0.122038  -0.136075  -0.239812  
-0.00076132  0.00115877  -0.000163757  -0.127124  -0.135965  -0.23845  
-0.000439546  0.00105284  -0.000122966  -0.130803  -0.140377  -0.210274  
-0.000686626  0.000921267  -0.000351196  -0.135704  -0.119455  -0.248234  
-0.000538799  0.000980612  -0.000430443  -0.135889  -0.120766  -0.213636  
-0.000210215  0.000907242  -0.000430443  -0.138706  -0.124286  -0.213404  
-0.000665899  0.00114682  -0.000470866  -0.138734  -0.110663  -0.205447  
-0.000912732  0.00104994  -0.000177776  -0.139877  -0.120295  -0.171299  
-0.000430562  0.00126754  -0.000246936  -0.138151  -0.108478  -0.20385  
-0.000430562  0.00129259  -0.000285259  -0.139245  -0.109771  -0.166936  
0.0027185  0.00183017  -0.000315771  -0.138757  -0.0393415  -0.0925159  
-0.00144084  0.00196093  -0.000667224  -0.138312  -0.111926  -0.194002  
-0.000337498  0.00120735  1.87659e-05  -0.136383  -0.124371  -0.158524  
0.000473125  0.00110717  1.87659e-05  -0.131953  -0.0924512  -0.179559  
0.00283911  0.00180647  0.00019449  -0.134409  -0.0191237  -0.0221385  
0.00226024  0.00266701  0.000797512  -0.127383  -0.0214267  -0.102805  
-0.00141386  0.00288239  0.000492489  -0.130702  -0.132746  -0.094325  
-0.000465492  0.00105628  -3.58812e-05  -0.128169  -0.122738  -0.18805  
3.76115e-06  0.000866983  -8.94119e-05  -0.134284  -0.104569  -0.153039  
-0.000119218  0.00365919  0.000376594  -0.121627  -0.125684  -0.0948612  
-0.000791711  0.00106284  -8.94119e-05  -0.131649  -0.102951  -0.185503  
0.00209216  0.00312559  0.000450052  -0.128965  -0.0398899  -0.0438285  
0.00039763  0.00105406  -8.94119e-05  -0.129946  -0.0947364  -0.180103  
-0.000940767  0.0012059  -1.70562e-05  -0.133413  -0.110609  -0.147431  
-0.00119682  0.00114122  -8.94119e-05  -0.130935  -0.1204  -0.199186  
-6.4604e-05  0.00123403  -8.94119e-05  -0.130229  -0.0942127  -0.178128  
-0.00129087  0.00147872  -8.94119e-05  -0.131081  -0.132938  -0.181832  
0.00298773  0.00346094  -0.00166931  -0.123901  0.0593753  0.0625283  
0.00393646  0.00386461  -0.00193766  -0.0718647  0.0540493  0.282257  
0.00210418  0.0015677  -0.000346408  -0.139901  0.159706  0.539677  
0.00170481  0.000971386  6.41894e-05  -0.144028  0.134693  0.521849  
0.00229738  0.00129999  -0.000381675  -0.167891  0.147149  0.494329  
0.00231445  0.00121901  -0.000734859  -0.182322  0.126993  0.522785  
0.00215631  0.00115865  -0.000716965  -0.180497  0.12999  0.480189  
0.00212832  0.00124558  -0.000594724  -0.17616  0.1258  0.501177  
0.00184196  0.00141552  -0.000570321  -0.171753  0.123523  0.474554  
0.00164913  0.00141251  -0.000648234  -0.169117  0.140852  0.483964  
0.0021755  0.00138604  -0.000820321  -0.166894  0.122216  0.474504  
0.00173866  0.00146016  -0.000894778  -0.173323  0.142835  0.481967  
0.00212545  0.00127045  -0.000713151  -0.176934  0.131037  0.502406  
0.00205704  0.00129234  -0.00109442  -0.179865  0.14834  0.480141  
0.00147762  0.000816587  -0.000720397  -0.173117  0.131859  0.586212  
-0.000787103  -0.00133818  -0.00167598  -0.256162  0.181641  0.744556  
-0.00562914  -0.00602274  -0.00396756  -0.159272  0.0826784  1.04613  
-0.00444644  -0.00572897  -0.00428141  -0.138963  0.0895108  0.965022  
-0.00417376  -0.00592122  -0.00415533  -0.131503  0.0861129  1.04368  
-0.00415807  -0.00594863  -0.0038718  -0.106101  0.075459  0.964094  
-0.00463315  -0.00541369  -0.00393677  -0.0949257  0.111812  0.991578  
-0.00413972  -0.0056007  -0.00345995  -0.0819606  0.0899123  0.97256  
-0.00429511  -0.00554081  -0.00374682  -0.0832698  0.145849  0.978816  
-0.00472319  -0.00490265  -0.00331213  -0.0679834  0.112136  0.958214  
-0.00476707  -0.00496523  -0.00343001  -0.054709  0.139394  0.959777  
-0.00465056  -0.00487937  -0.00322764  -0.0532978  0.127682  0.994251  
-0.00440924  -0.00515162  -0.00343623  -0.0574614  0.155759  1.01378  
-0.00438391  -0.00520111  -0.00323646  -0.0531208  0.137036  1.06394  
-0.004148  -0.00473519  -0.0033232  -0.0327894  0.132654  0.980704  
-0.00468622  -0.00472767  -0.00298193  -0.0387065  0.111371  0.99777  
-0.00455819  -0.00407067  -0.00302209  -0.0321961  0.101501  0.88172  
-0.00484621  -0.00438076  -0.00264465  -0.0299263  0.102685  0.89646  
-0.00422085  -0.00418437  -0.00316934  -0.0304553  0.101736  0.832091  
-0.00466704  -0.00361573  -0.00314676  -0.0361027  0.101705  0.851104  
-0.00225944  -0.00179217  -0.00344699  -0.0689064  0.137524  0.667968  
-0.00292743  -0.00167719  -0.00369233  -0.0696086  0.136849  0.670568  
-0.00194204  -0.00145446  -0.00364738  -0.0728899  0.139545  0.688213  
-0.00237342  -0.00135952  -0.00384134  -0.0668867  0.1569  0.679314  
-0.00171173  -0.00158838  -0.00323644  -0.07367  0.151407  0.737008  
-0.00308363  -0.00216271  -0.00351959  -0.0709633  0.146282  0.731907  
-0.004671  -0.00351989  -0.00336931  -0.0566396  0.0939743  0.865975  
-0.00461078  -0.00440742  -0.00373292  -0.0569062  0.166569  1.06749  
-0.00517328  -0.00410211  -0.00377828  -0.0476701  0.0459681  0.93812  
-0.0055326  -0.00422937  -0.00344223  -0.0340595  0.0588973  0.937817  
-0.00521886  -0.00441787  -0.0034725  -0.0264407  0.0532393  0.937543  
-0.00527194  -0.00433018  -0.00320412  -0.0339535  0.0604369  0.970286  
-0.00555268  -0.00398347  -0.00356293  -0.0323658  0.0896289  0.924977  
-0.00526755  -0.00391571  -0.00321909  -0.0435164  0.0686334  0.885156  
-0.00568832  -0.00430184  -0.00370706  -0.0335353  0.0998956  0.984347  
-0.00551459  -0.00389997  -0.00360231  -0.0214836  0.0877036  0.94047  
-0.00555709  -0.00409037  -0.00356863  -0.0139819  0.0952556  1.01047  
-0.00551532  -0.00350848  -0.00360017  -0.0134182  0.0875386  0.971306  
-0.00536473  -0.00428096  -0.0033882  -0.017654  0.069362  1.0193  
-0.00585905  -0.00404911  -0.00311698  -0.0196372  0.0461877  0.942538  
-0.00563096  -0.00426839  -0.0028206  -0.0266938  0.0595125  0.946587  
-0.00574014  -0.00398292  -0.00252627  -0.0351894  0.0537592  0.858772  
-0.00612846  -0.00377148  -0.00288152  -0.0290697  0.094123  0.94753  
-0.00521409  -0.0038167  -0.00226385  -0.0393592  0.0859408  0.817437  
-0.00629328  -0.0035722  -0.00256235  -0.0268757  0.0777936  0.841896  
-0.0060468  -0.00359488  -0.00208272  -0.0277201  0.0650821  0.834071  
-0.0060791  -0.00298061  -0.00252087  -0.0339133  0.0956813  0.86973  
-0.00580995  -0.00335575  -0.00218949  -0.0607472  0.0512174  0.796455  
-0.00594823  -0.00333041  -0.00239238  -0.0629508  0.0620999  0.761954  
-0.00663932  -0.00351362  -0.00216283  -0.0809264  0.0395506  0.81845  
-0.00648033  -0.00355627  -0.00221354  -0.0888971  0.0276332  0.83732  
-0.006944  -0.00338419  -0.00271461  -0.0827669  0.0437367  0.849275  
-0.0067967  -0.00309239  -0.00273272  -0.0784594  0.0177415  0.859427  
-0.00716191  -0.00264012  -0.00290691  -0.0790827  0.0330492  0.845235  
-0.00728794  -0.00296217  -0.00286052  -0.0836865  0.0274036  0.91209  
-0.00708981  -0.00195362  -0.00298294  -0.0924033  0.0415925  0.83473  
-0.00718214  -0.00263379  -0.00305201  -0.107032  0.0426496  0.883341  
-0.00645522  -0.00193703  -0.00283823  -0.110355  0.040397  0.812498  
-0.00729062  -0.00216204  -0.00304433  -0.0633741  0.0369724  0.914081  
-0.00701938  -0.00215218  -0.00281585  -0.0397065  0.029984  0.934273  
-0.00732057  -0.00217499  -0.0028365  -0.0409418  0.0438343  0.902543  
-0.0072493  -0.00226379  -0.00261997  -0.0406528  0.0384049  0.909636  
-0.00730564  -0.00193269  -0.00286798  -0.0430597  0.0564531  0.871463  
-0.00745414  -0.00208385  -0.00286853  -0.037944  0.0336221  0.932841  
-0.00735769  -0.00150416  -0.00321263  -0.0518979  0.0442856  0.908304  
-0.00718802  -0.00259185  -0.0025365  -0.0463549  0.00618288  0.940386  
-0.00759023  -0.00179671  -0.00272932  -0.0549981  0.0292405  0.894776  
-0.00737381  -0.00178148  -0.0025839  -0.0543461  0.0225697  0.932344  
-0.00743359  -0.00146812  -0.00276654  -0.0497402  0.0322203  0.877049  
-0.00756278  -0.00221083  -0.00232887  -0.0506769  0.0287709  0.879562  
-0.00728891  -0.00152518  -0.00276614  -0.0498511  0.0433426  0.843032  
-0.00769081  -0.00211143  -0.00245796  -0.0438186  0.0467566  0.880341  
-0.00725245  -0.00196991  -0.00233727  -0.0471129  0.0354206  0.800619  
-0.00764096  -0.00188294  -0.00262472  -0.0477381  0.0518652  0.849983  
-0.00695987  -0.00226305  -0.00224881  -0.0451533  0.0394685  0.788803  
-0.00760258  -0.00168993  -0.00256486  -0.0390271  0.0590045  0.869283  
-0.0068577  -0.00197052  -0.00233754  -0.0415777  0.0291886  0.791745  
-0.00735548  -0.00178019  -0.00259554  -0.0453823  0.0448107  0.849395  
-0.00665903  -0.00130254  -0.00224886  -0.0535874  0.0343133  0.744218  
-0.00754366  -0.000862132  -0.00248408  -0.043101  0.0461079  0.808847  
-0.00684079  -0.00147208  -0.00226662  -0.0439839  0.0291725  0.760432  
-0.00708624  -0.000427951  -0.00256138  -0.0696614  0.0609053  0.769979  
-0.00746798  -0.00138532  -0.00255826  -0.048024  0.0427653  0.840532  
-0.00691383  -0.00147475  -0.00257308  -0.0481825  0.0525705  0.783414  
-0.00730136  -0.00128161  -0.00283389  -0.0455557  0.0565932  0.850224  
-0.00680285  -0.00110783  -0.00266247  -0.0537319  0.0456258  0.792649  
-0.00733218  -0.00119698  -0.00275816  -0.0460246  0.04633  0.861955  
-0.00686849  -0.00205832  -0.00244349  -0.0479202  0.010418  0.818556  
-0.00724923  -0.00216358  -0.00286933  -0.0394168  0.0485516  0.97133  
-0.00696595  -0.00239253  -0.00259729  -0.026829  0.00257384  0.926997  
-0.00694505  -0.00299995  -0.00220021  0.00265891  0.0415697  0.985497  
-0.00662181  -0.0033718  -0.000287726  0.0114958  -0.0145423  0.846561  
-0.0071003  -0.0033305  -0.00133798  -0.000296436  0.0250531  0.859564  
-0.00697363  -0.00373408  -0.000144862  -0.00113298  0.00079863  0.862974  
-0.00678763  -0.00358256  -0.000504117  0.00357423  0.0040717  0.824405  
-0.00733981  -0.00380682  -0.00095158  0.0127007  0.00643041  0.927332  
-0.00698677  -0.00364987  -0.000546422  0.0463801  0.000393069  0.873846  
-0.00470075  -0.0050942  -0.00107068  0.0394581  0.0742133  1.03737  
-0.00129907  -0.00256383  -0.00239674  0.0813133  0.0915265  1.29877  
-0.00256953  -0.00212473  -0.00231043  0.0975466  0.172922  1.35228  
-0.00117825  -0.0022235  -0.00130939  0.141899  0.181365  1.37941  
5.18636e-06  -0.00209889  -0.00122785  0.164665  0.176106  1.25854  
-0.0017807  -0.00151059  -0.000800802  0.162856  0.216964  1.39966  
-0.00815072  -0.00741652  -0.000862667  0.0638751  0.22936  1.95933  
-0.00831883  -0.00743367  0.000612718  0.0648321  0.184969  2.1399  
-0.00828088  -0.00684176  0.00042939  0.082978  0.168993  2.11208  
-0.00455004  -0.0076356  -8.3156e-06  0.0648119  0.358922  2.31379  
-0.00803538  -0.00727341  -8.3156e-06  0.091024  0.24567  2.24939  
-0.00642447  -0.00712203  0.00030227  0.0880027  0.321368  2.28465  
-0.00788473  -0.00695782  0.000479383  0.0933503  0.175509  2.13183  
-0.00874509  -0.00671715  0.000723844  0.0813247  0.140635  1.70779  
-0.00549056  -0.00609214  0.000502313  0.0806084  0.175484  1.55153  
-0.00913068  -0.00630047  0.000862327  0.103822  0.143252  1.65587  
-0.0100021  -0.00581549  0.00074446  0.148524  0.160183  1.65603  
-0.0117392  -0.00619164  0.00312251  0.347535  0.0716744  1.45383  
-0.0113093  -0.00716025  0.00312084  0.515904  0.0605854  1.28111  
-0.0106096  -0.00693853  0.00343105  0.42456  0.0220834  1.20105  
-0.0112158  -0.00678442  0.00332607  0.395574  0.051103  1.25173  
-0.0117895  -0.00723152  0.00366379  0.370005  0.0249053  1.32575  
-0.0110642  -0.00727672  0.00452928  0.329075  -0.00624316  1.15493  
-0.0117235  -0.00760002  0.00414009  0.33744  0.022491  1.23398  
-0.0113336  -0.007841  0.00489731  0.326812  -0.0243452  1.14332  
-0.0118413  -0.00805903  0.0044176  0.342819  0.0287785  1.28548  
-0.0116203  -0.00820168  0.00444011  0.345805  0.00199698  1.3023  
-0.0118743  -0.00819259  0.00436393  0.349356  0.0183659  1.2776  
-0.0116079  -0.00838961  0.00457724  0.34322  0.011002  1.25857  
-0.0111697  -0.00838795  0.00489646  0.34425  0.0148102  1.15597  
-0.0115554  -0.00881346  0.00485907  0.340935  0.0323237  1.19953  
-0.0108046  -0.00859269  0.00514859  0.323513  0.00523569  1.09518  
-0.0115856  -0.00886044  0.00477008  0.323625  0.0300992  1.21804  
-0.0107146  -0.00912819  0.00515889  0.303284  -0.000255398  1.13112  
-0.0112465  -0.00925677  0.00472218  0.316512  0.0197551  1.22063  
-0.0108414  -0.00891185  0.00545142  0.298496  -0.0100147  1.11064  
-0.01166  -0.00890137  0.00531158  0.309367  0.00633672  1.19789  
-0.0111272  -0.0086008  0.00548258  0.314767  -0.00450855  1.16392  
-0.0116736  -0.0087752  0.00537603  0.327337  0.00977556  1.17553  
-0.0110598  -0.00855434  0.00583259  0.2859  -0.0161546  1.00388  
-0.011463  -0.0098554  0.005729  0.320403  0.0379495  1.19321  
-0.0109686  -0.00975543  0.00635791  0.319731  -0.0011308  1.11344  
-0.0117019  -0.00954792  0.00597755  0.341312  0.0331345  1.16871  
-0.0109816  -0.0100151  0.00659262  0.351508  -0.016153  1.09412  
-0.0115959  -0.00935798  0.00606539  0.359055  0.0171077  1.09897  
-0.0114879  -0.00954611  0.006215  0.37814  -0.00144527  1.11928  
-0.0109699  -0.00911819  0.00650774  0.377063  0.00719681  1.03622  
-0.0114563  -0.00915278  0.00597479  0.377053  0.0243151  1.05391  
-0.0110839  -0.00956224  0.00632133  0.353067  0.0158864  1.01411  
-0.0112386  -0.00905499  0.00607534  0.334446  0.0238581  0.972521  
-0.0114574  -0.0094795  0.00605477  0.332045  0.0301718  1.03469  
-0.0108963  -0.00932347  0.0066935  0.292589  0.00634812  0.921635  
-0.0116126  -0.00981081  0.00614592  0.332051  0.0275452  1.0648  
-0.0110271  -0.0096624  0.00651556  0.338022  0.00594158  1.03885  
-0.0118904  -0.00906938  0.00601457  0.349029  0.0316982  1.12115  
-0.0110811  -0.00914237  0.00649064  0.346807  -0.0116555  1.02743  
-0.0115116  -0.00905537  0.00633605  0.356153  0.0161715  1.03213  
-0.0111951  -0.00936738  0.00691851  0.359719  0.00317948  0.994404  
-0.0110398  -0.00903371  0.0070435  0.355282  0.0164269  0.936813  
-0.0114158  -0.00902269  0.00680778  0.387851  0.0303438  0.938393  
-0.0110284  -0.0089726  0.00672892  0.353348  0.0209291  0.90135  
-0.0108827  -0.00887959  0.00691667  0.330816  0.0293837  0.83224  
-0.0112182  -0.00867242  0.00656909  0.369974  0.0341098  0.941275  
-0.0101408  -0.00881335  0.00711923  0.348099  0.027357  0.889596  
-0.0111553  -0.00828423  0.00656766  0.370917  0.0284774  0.994647  
-0.0105342  -0.00881546  0.00727215  0.340628  -0.00394494  0.877803  
-0.0111891  -0.0088603  0.00663029  0.338  0.0181966  0.853898  
-0.0107331  -0.00937951  0.00662767  0.330859  0.00729748  0.877968  
-0.010392  -0.00876824  0.00705073  0.338165  0.00943984  0.822588  
-0.0111091  -0.00858093  0.006673  0.363418  0.0356836  0.943159  
-0.0109567  -0.00877784  0.00790749  0.345148  -0.00336374  0.757906  
-0.0113151  -0.00826327  0.00667545  0.384785  0.0427799  1.00763  
-0.0104161  -0.00841022  0.00732187  0.382949  0.0150628  0.952008  
-0.011181  -0.00855938  0.00680318  0.382146  0.0276467  0.88517  
-0.0110471  -0.00895868  0.00718955  0.378019  0.0147969  0.835664  
-0.0106119  -0.00840433  0.00698565  0.373684  0.0203871  0.812716  
-0.0113493  -0.00852532  0.00660571  0.38758  0.0288281  0.900165  
-0.0105304  -0.0084536  0.00743061  0.384533  0.0109207  0.897332  
-0.0112562  -0.00862378  0.00690632  0.405907  0.0300191  0.983317  
-0.0109782  -0.00892385  0.00763755  0.407774  0.000316647  0.934818  
-0.0109013  -0.00820351  0.00706087  0.403332  0.0288731  0.917201  
-0.0110199  -0.00888904  0.00743059  0.406452  0.029696  0.96668  
-0.010689  -0.00885559  0.00720146  0.436336  0.0289909  0.969982  
-0.0113944  -0.00941011  0.00689424  0.392213  0.0588595  0.947019  
-0.011052  -0.00854183  0.00630551  0.380716  0.0236027  0.888367  
-0.0117021  -0.00800969  0.00622342  0.38805  0.0359944  0.91497  
-0.0111747  -0.00771497  0.00715128  0.394104  0.0314144  0.854863  
-0.0118332  -0.00798654  0.00652091  0.407705  0.045645  0.874922  
-0.0120037  -0.00828739  0.00652679  0.403677  0.0394999  0.931919  
-0.0115189  -0.00856767  0.00672709  0.407415  0.0421995  0.925612  
-0.0122267  -0.00831713  0.00662056  0.397593  0.0514734  0.933207  
-0.0117884  -0.00872417  0.0070221  0.385324  0.0310244  0.888781  
-0.0120781  -0.00831084  0.00660917  0.382383  0.0377287  0.887731  
-0.0123054  -0.00845736  0.00657438  0.382514  0.0346056  0.982211  
-0.011318  -0.00889881  0.00736184  0.390517  0.00586844  0.894401  
-0.0121172  -0.00875328  0.00713974  0.384299  0.0301523  0.917274  
-0.0113415  -0.008914  0.00806889  0.405415  0.00142498  0.803152  
-0.0117628  -0.00853615  0.00729139  0.397574  0.0394896  0.792064  
-0.0118733  -0.00785769  0.00756506  0.415435  0.0420673  0.793671  
-0.0112491  -0.00848309  0.00762841  0.416574  0.0365133  0.750669  
-0.0117253  -0.00739751  0.00705137  0.424392  0.0538822  0.750364  
-0.0112952  -0.00802005  0.00847313  0.422988  0.0141293  0.655602  
-0.0113556  -0.00742918  0.00787104  0.432354  0.0399745  0.643993  
-0.0115609  -0.007061  0.00801417  0.436848  0.0457937  0.615733  
-0.0108755  -0.0069588  0.00793232  0.402502  0.0252938  0.545794  
-0.0114589  -0.00693144  0.00728195  0.412836  0.044557  0.577463  
-0.010861  -0.00751285  0.00749838  0.370239  0.0100887  0.508922  
-0.011698  -0.00614364  0.00721811  0.415519  0.0371511  0.645109  
-0.011152  -0.00660367  0.00752441  0.398526  0.0263218  0.615198  
-0.0114444  -0.00631025  0.00687448  0.392537  0.0246675  0.632992  
-0.0109897  -0.00724936  0.00730914  0.37492  0.00594386  0.572077  
-0.0108496  -0.00660235  0.00730304  0.391473  0.01681  0.519654  
-0.0113145  -0.00656873  0.00744792  0.428354  0.0265529  0.61219  
-0.0108123  -0.00648832  0.00800035  0.417625  0.0235704  0.567841  
-0.0113277  -0.00629365  0.00795901  0.424026  0.0376655  0.579321  
-0.0109451  -0.00735417  0.00800329  0.410697  0.0313216  0.562112  
-0.0105977  -0.00642225  0.00799882  0.415474  0.0414585  0.543261  
-0.0111863  -0.0065193  0.0077243  0.418337  0.038141  0.585466  
-0.0106128  -0.0068204  0.00807578  0.414814  0.0247585  0.577507  
-0.0116434  -0.00655876  0.00744611  0.441114  0.0378042  0.653088  
-0.0115554  -0.00691462  0.00792332  0.434725  0.0229352  0.645851  
-0.0118763  -0.00684001  0.00738481  0.418755  0.036102  0.663596  
-0.0117035  -0.00704673  0.00762555  0.428356  0.0122335  0.692765  
-0.0111414  -0.00685926  0.00766139  0.407057  -0.00112762  0.61512  
-0.0117527  -0.00703787  0.00735216  0.401797  0.031164  0.629292  
-0.0107419  -0.00727556  0.00793445  0.397279  0.0087978  0.588722  
-0.0114881  -0.00726059  0.00732845  0.393364  0.0340481  0.604004  
-0.0108974  -0.00883619  0.00786538  0.371508  0.0208293  0.564932  
-0.0108289  -0.00791253  0.00805121  0.385231  0.0247695  0.496858  
-0.0112716  -0.00762159  0.00764948  0.429644  0.0423935  0.642268  
-0.0109059  -0.00721052  0.00822358  0.420754  0.0279255  0.575418  
-0.0112075  -0.00717127  0.00789823  0.42979  0.0413252  0.625615  
-0.0103489  -0.00794729  0.0077626  0.335655  0.00344466  0.426669  
-0.0112226  -0.00737724  0.00720809  0.370075  0.0205019  0.547637  
-0.0105435  -0.00770196  0.00798616  0.385984  -0.00177783  0.491552  
-0.0112944  -0.00711945  0.00755632  0.395241  0.0212189  0.524176  
-0.0104699  -0.00759787  0.00798947  0.412028  0.0334189  0.583776  
-0.0103805  -0.00711933  0.00774058  0.397265  0.024996  0.506069  
-0.0105455  -0.00725302  0.0076012  0.409243  0.0312652  0.568267  
-0.0102978  -0.00761058  0.00828308  0.426734  0.0178303  0.539851  
-0.0111844  -0.00653738  0.00778056  0.428837  0.0313162  0.540246  
-0.0105263  -0.00766271  0.00756626  0.358503  0.0106971  0.444653  
-0.0106087  -0.00712275  0.00767848  0.382814  0.0283001  0.479055  
-0.010844  -0.00806542  0.00810954  0.402505  0.034699  0.541004  
-0.00950749  -0.00741795  0.00802047  0.383556  0.0377848  0.458883  
-0.0103498  -0.00780595  0.00791915  0.413766  0.0651084  0.564965  
-0.00995444  -0.00792393  0.00769038  0.33943  0.0315551  0.432405  
-0.0106724  -0.00731602  0.00760336  0.361481  0.0451791  0.48865  
-0.0103346  -0.00790896  0.00788388  0.355991  0.0287606  0.429688  
-0.0104569  -0.00775279  0.00778152  0.379415  0.0245095  0.437864  
-0.0110216  -0.00741176  0.00752828  0.380052  0.0309067  0.471005  
-0.0108373  -0.00709741  0.00757371  0.386417  0.00931261  0.484642  
-0.0111088  -0.00748134  0.00747359  0.390826  0.0394375  0.544546  
-0.0106847  -0.00736234  0.00781391  0.396498  0.0140553  0.542726  
-0.0109128  -0.00735128  0.00754904  0.400811  0.0416547  0.545324  
-0.01083  -0.00744046  0.00783221  0.407977  0.0301235  0.593806  
-0.0106458  -0.00719765  0.00766988  0.416113  0.034278  0.54281  
-0.0109102  -0.00740638  0.0078512  0.422285  0.0253101  0.578883  
-0.0107936  -0.00729474  0.00779566  0.435388  0.0119858  0.586197  
-0.0112173  -0.00771225  0.00760861  0.435381  0.0257622  0.563375  
-0.0105492  -0.00773816  0.008038  0.437176  0.00530089  0.528125  
-0.010725  -0.00776408  0.00790075  0.421787  0.0261838  0.485172  
-0.0105951  -0.00787198  0.00770155  0.424904  0.0377955  0.508868  
-0.00977012  -0.00824366  0.00857505  0.425472  0.0233171  0.486343  
-0.0108986  -0.00790431  0.00794984  0.428425  0.0532029  0.524321  
-0.0102913  -0.00788482  0.00822121  0.414223  0.0257536  0.498132  
-0.0108784  -0.00807  0.00819397  0.413551  0.0508258  0.543215  
-0.0103466  -0.00820705  0.00817314  0.406497  0.0275125  0.52712  
-0.0102356  -0.00673435  0.00772398  0.378422  0.0186988  0.43195  
-0.0109419  -0.0074748  0.00778831  0.394709  0.0218315  0.494389  
-0.0100401  -0.0072913  0.00803604  0.378174  0.00399154  0.385968  
-0.0107782  -0.00747271  0.00783008  0.407025  0.0306315  0.499869  
-0.0090943  -0.00830741  0.00828725  0.365554  0.0108146  0.385234  
-0.0102167  -0.00857188  0.00824561  0.415484  0.0335916  0.459008  
-0.0103807  -0.00860742  0.00814877  0.434963  0.0268771  0.536279  
-0.0101081  -0.00835203  0.00843866  0.433665  0.0402702  0.494998  
-0.010149  -0.00829577  0.00827496  0.438209  0.0589612  0.53489  
-0.0100187  -0.0083639  0.00853981  0.448273  0.035968  0.515225  
-0.00972822  -0.00822629  0.00878052  0.461437  0.0321317  0.416509  
-0.00950826  -0.00834803  0.00874952  0.478085  0.0269262  0.397348  
-0.0079552  -0.00780639  0.00885133  0.448107  0.0377633  0.326201  
-0.0103225  -0.00828072  0.00836101  0.452134  0.0473753  0.461601  
-0.00985925  -0.00863588  0.00916544  0.466913  0.0257123  0.487162  
-0.0105599  -0.0085714  0.00863478  0.461009  0.0470588  0.508036  
-0.00972694  -0.00816425  0.00911463  0.481994  0.0195657  0.504813  
-0.0101311  -0.00824169  0.00871077  0.480896  0.0404578  0.495976  
-0.00897265  -0.00913808  0.00917597  0.405327  0.0150796  0.364278  
-0.00971233  -0.00915145  0.00871988  0.443212  0.0463208  0.428916  
-0.00925266  -0.0096132  0.00953673  0.456703  0.0446128  0.442583  
-0.00902287  -0.00956058  0.00960073  0.471007  0.051751  0.404146  
-0.00928698  -0.01003  0.00964416  0.475118  0.0697854  0.478069  
-0.0090116  -0.00984662  0.00970236  0.47077  0.0554256  0.460114  
-0.00912  -0.00979721  0.00970709  0.484998  0.0668466  0.436384  
-0.00908092  -0.00992457  0.00985293  0.490341  0.054982  0.455711  
-0.00874365  -0.00985953  0.01008  0.516563  0.0494453  0.491878  
-0.00852373  -0.0104886  0.0102778  0.545415  0.0853643  0.504398  
-0.00894303  -0.00956126  0.0100406  0.532856  0.0416179  0.500551  
-0.0086691  -0.00922748  0.00996711  0.549759  0.0420254  0.525082  
-0.00723146  -0.00954427  0.00945136  0.538751  0.0730262  0.502568  
-0.00527203  -0.0104129  0.008361  0.504559  0.0551642  0.539245  
-0.00586015  -0.00964238  0.00683743  0.441599  0.0187085  0.306194  
-0.0117415  -0.010936  0.00694638  0.466237  0.158126  0.81824  
-0.0127026  -0.00980827  0.00657268  0.447976  0.101175  0.712016  
-0.0116003  -0.00819028  0.00707061  0.461506  0.0533233  0.584061  
-0.0118486  -0.00767552  0.0067865  0.476453  0.0726824  0.609574  
-0.0117093  -0.00761338  0.00699743  0.466914  0.0445004  0.575735  
-0.0107911  -0.00592278  0.00648878  0.408853  0.0318209  0.27383  
-0.0102481  -0.00544735  0.00595984  0.397343  0.0284283  0.219423  
-0.00952045  -0.00619187  0.00637611  0.393952  0.0200842  0.121514  
-0.0102934  -0.00652113  0.00590709  0.390219  0.0542205  0.119441  
-0.00978035  -0.00696825  0.00568677  0.380188  0.0482248  0.0679348  
-0.00933559  -0.0064122  0.00617498  0.385183  0.0574307  0.0366055  
-0.00981755  -0.00649863  0.00556431  0.377497  0.0908041  0.0384577  
-0.00940682  -0.00647683  0.00567644  0.358293  0.0778373  0.0515928  
-0.0094622  -0.0060395  0.00581533  0.34663  0.0727454  -0.0159785  
-0.00970938  -0.0063643  0.00586766  0.352428  0.0822848  0.0262673  
-0.00962252  -0.00704443  0.00609235  0.335612  0.0423517  -0.0146273  
-0.00956374  -0.00710159  0.00615285  0.353751  0.0528725  -0.0109684  
-0.00958699  -0.00757577  0.00637255  0.378399  0.0449296  0.0189768  
-0.00945554  -0.00721619  0.00662472  0.368924  0.0170722  -0.040798  
-0.00943325  -0.00708535  0.00686047  0.40152  0.0388448  0.00475394  
-0.00942493  -0.00672791  0.00670398  0.4107  0.0342738  0.000402459  
-0.0094659  -0.00679423  0.00682449  0.434407  0.0209896  0.0186492  
-0.00956686  -0.00592753  0.0071453  0.472365  0.0667333  0.0840701  
-0.0090531  -0.00496903  0.00741671  0.481916  0.0418124  0.0506292  
-0.00862304  -0.0049342  0.00766468  0.465591  0.0340046  -0.0243172  
-0.00892637  -0.00523585  0.00714456  0.445622  0.0421847  -0.042092  
-0.00866423  -0.00520898  0.00747381  0.479729  0.0290121  0.0142616  
-0.00877232  -0.00484092  0.00752617  0.483361  0.0524172  -0.00137924  
-0.00839157  -0.00549763  0.00775205  0.477045  0.038793  0.00387492  
-0.00823194  -0.00542067  0.0081595  0.446986  0.00999795  -0.0713144  
-0.00886176  -0.00553708  0.00807758  0.448222  0.0321279  -0.00984048  
-0.00791747  -0.00630412  0.00825976  0.451947  0.00514838  -0.0545126  
-0.00852055  -0.0057876  0.0080594  0.464066  0.0267279  -0.0272042  
-0.00845772  -0.00618772  0.00818912  0.481162  -0.00247807  0.0148621  
-0.00858395  -0.00694314  0.00805416  0.451213  0.038887  0.112695  
-0.0079557  -0.0069385  0.00843521  0.48772  0.0440505  0.26276  
-0.00795368  -0.00731425  0.00869905  0.498191  0.0430673  0.29376  
-0.00859453  -0.00720851  0.00858065  0.515319  0.0434765  0.262247  
-0.00841959  -0.0070975  0.00874188  0.518965  0.0241172  0.28073  
-0.00862235  -0.00750645  0.00910144  0.596936  0.0653326  0.346657  
-0.00817615  -0.00891509  0.00872409  0.573479  0.0947078  0.588832  
-0.00719629  -0.00944682  0.00829827  0.577528  0.0764579  0.613351  
-0.00675506  -0.00931097  0.00800921  0.585121  0.0500517  0.593019  
-0.00741968  -0.00978508  0.00786342  0.579403  0.0837116  0.656274  
-0.00702024  -0.00968477  0.00816724  0.574558  0.0478475  0.667335  
-0.00778929  -0.00894065  0.00804798  0.556371  0.0726522  0.720428  
-0.00761084  -0.00770148  0.00824335  0.552587  0.047307  0.852879  
-0.0056034  -0.00263943  0.0065562  0.330807  0.00149196  1.96642  
-0.000737355  0.00200555  0.00231317  0.210851  -0.261033  2.37476  
-0.00547131  0.00138059  -0.000379983  0.340818  -0.348112  0.905509  
0.00886831  0.00245138  -0.0028991  0.436373  0.0454013  1.23689  
0.00502191  0.00119942  -0.0101762  1.04008  -0.0812972  0.657496  
0.0011926  -0.00117324  -0.0166682  1.75056  -0.151205  0.304433  
0.00105593  -0.0013028  -0.0167979  1.89111  -0.166417  0.258316  
0.00107818  -0.000669961  -0.0138811  1.79712  -0.0317024  0.318585  
0.00123512  -0.00109216  -0.0125319  1.72511  0.0333791  0.505162  
0.000724854  -0.000525588  -0.0106475  1.72579  0.0844258  0.608018  
0.00130706  -0.000669961  -0.00485113  1.55045  0.0635906  0.602379  
0.00103646  -0.000894436  -0.00382723  1.48685  0.077557  0.543557  
0.000769845  -0.00144262  -0.00314274  1.39936  0.0425667  0.567892  
0.000350929  -0.00169686  -0.00296863  1.40524  0.0435074  0.492642  
0.000260761  -0.00262697  -0.00227916  1.36206  -0.00402954  0.483678  
0.000104588  -0.00303298  -0.00123924  1.3709  0.113483  0.47923  
0.000693926  -0.0028004  -0.00113736  1.38668  0.116186  0.522385  
0.000535305  -0.00244524  -0.000237358  1.36584  0.143758  0.52275  
0.000327551  -0.00235564  -0.000182199  1.36259  0.146539  0.576054  
-0.000283165  -0.00249625  -4.77106e-05  1.33813  0.16615  0.562101  
-0.000239302  -0.00233481  5.96102e-05  1.33263  0.141053  0.544735  
-3.92396e-05  -0.00186988  0.000410554  1.26486  0.152935  0.51627  
-0.0012249  -2.23292e-05  0.00190894  0.774888  0.107265  0.429677  
-0.00158579  0.0011573  0.000872269  0.825423  0.153116  0.520627  
-0.00207463  0.00105105  0.00107605  0.788965  0.145711  0.522188  
-0.0022529  0.000742923  0.0010347  0.793517  0.151624  0.517853  
-0.00173576  0.000569635  0.00139605  0.79675  0.144862  0.526414  
-0.00151791  0.00105105  0.0012194  0.802959  0.150523  0.514963  
-0.00288058  0.000767761  0.00616981  0.892784  0.0676553  0.545936  
-0.00305066  0.00117057  0.00200033  0.802356  0.146227  0.598591  
-0.00278223  0.00125978  0.00163535  0.801198  0.131221  0.565055  
-0.00292572  0.00100351  0.00225857  0.788857  0.0965475  0.556921  
-0.00243307  0.00102028  0.0010319  0.781291  0.177666  0.569445  
-0.00214069  0.000691227  0.00104114  0.731293  0.149755  0.593471  
-0.00243248  -0.00134849  -7.92838e-06  0.627072  0.138644  0.584046  
-0.00288667  -0.00165472  -0.00061189  0.634043  0.137868  0.590631  
-0.00238027  -0.00127004  0.000223727  0.672418  0.149042  0.60126  
-0.00250716  -0.00197808  -0.000494357  0.638034  0.1624  0.582863  
-0.00223181  -0.00209004  -0.000410686  0.637903  0.1521  0.606814  
-0.00212237  -0.00239036  -0.000410686  0.619401  0.157389  0.574859  
-0.00250024  -0.00211499  -0.0001965  0.633162  0.16509  0.588735  
-0.002716  -0.00235976  0.000457454  0.613169  0.115959  0.562801  
-0.00258865  -0.00180348  -2.73809e-05  0.640713  0.171354  0.587934  
-0.00228026  -0.0018522  0.000695664  0.643222  0.145856  0.609766  
-0.00228026  -0.00117522  0.000440866  0.66567  0.170811  0.598138  
-0.00228026  -0.00172576  0.000490602  0.667178  0.162503  0.64296  
-0.00228026  -0.00211154  0.000960779  0.667337  0.156696  0.643332  
-0.00272912  -0.00186356  0.00043602  0.679626  0.177297  0.651336  
-0.00227582  -0.00163937  0.000853264  0.681177  0.157045  0.628821  
-0.00291674  -0.00130023  0.00062848  0.683026  0.164442  0.58391  
-0.00355951  -0.0012203  0.00078265  0.670597  0.115919  0.588114  
-0.00353603  -0.00127709  0.000819488  0.659402  0.107915  0.563386  
-0.00332305  -0.00102811  0.000274586  0.669273  0.152085  0.583909  
-0.00373107  -0.00115103  0.000943655  0.648931  0.0954928  0.544778  
-0.00310477  -0.00112175  0.000479211  0.655092  0.151538  0.563924  
-0.00365098  -0.00171392  0.000812368  0.616989  0.110482  0.525878  
-0.00303591  -0.00132458  0.000185862  0.619417  0.163672  0.56246  
-0.0028387  -0.000884595  0.000133865  0.620706  0.15971  0.58613  
-0.00206093  -0.00135371  0.000788198  0.623126  0.147275  0.530015  
-0.00198832  -0.00106841  0.000371887  0.642881  0.188993  0.624791  
-0.00177118  -0.00119127  0.0011397  0.628417  0.155657  0.605351  
-0.00219604  -0.001138  0.000655816  0.634127  0.169679  0.57833  
-0.00258186  -0.0014352  0.00179103  0.607236  0.106807  0.506209  
-0.00196006  -0.00103734  0.000345789  0.634512  0.183744  0.656913  
-0.00164568  -0.00119483  0.00115009  0.635705  0.169313  0.616068  
-0.00215713  -0.0011454  0.000689126  0.65875  0.169738  0.608075  
-0.00142038  -0.000801312  0.000486067  0.670646  0.218864  0.717503  
-0.00537856  -0.00372686  -0.000118193  0.637794  0.152311  0.978709  
-0.00619234  -0.00290439  -0.000693962  0.604308  0.152229  1.01865  
-0.00227672  0.00429678  0.000543458  0.583887  0.27683  1.04958  
0.00276135  0.0024724  9.96723e-05  0.59085  0.414016  1.40439  
0.000525642  0.000950046  0.000463652  0.574712  0.321318  1.65568  
-0.00592434  -0.000647329  4.26833e-05  0.561837  0.24607  1.86539  
-0.00643552  -0.000986482  -0.00015703  0.548612  0.160208  1.75972  
-0.00735747  -0.00150612  -0.000163468  0.540283  0.189692  1.8742  
-0.0071643  -0.00149346  -0.00041234  0.532137  0.196534  1.86387  
-0.0074437  -0.000919559  -0.000225134  0.51735  0.187223  1.82374  
-0.00522718  -0.000909659  0.000409474  0.488535  0.191914  1.51587  
-0.00888436  -0.00166799  -0.000104438  0.477459  0.13683  1.47497  
-0.00536213  -0.0014314  0.000167286  0.476588  0.170646  1.43348  
-0.0084793  -0.00197322  -0.000104438  0.472863  0.133892  1.34402  
-0.00809737  -0.00184177  0.000223212  0.473709  0.0918813  1.25043  
-0.00854367  -0.00193685  -0.000104438  0.458512  0.104663  1.18145  
-0.00874474  -0.00206263  -0.000187262  0.446115  0.104839  1.15479  
-0.00871723  -0.00213578  0.000508793  0.421858  0.0715597  1.01439  
-0.00913657  -0.00209922  -5.16858e-05  0.433456  0.107403  1.02466  
-0.00919944  -0.00219902  0.000175386  0.410081  0.0719245  0.911674  
-0.00939296  -0.00202905  0.000266986  0.396262  0.0693423  0.786375  
-0.0098974  -0.00282362  0.000582726  0.387053  0.049875  0.720284  
-0.00961286  -0.00275149  0.000527444  0.393518  0.0534979  0.718116  
-0.0101929  -0.00305652  -0.00022358  0.393602  0.059567  0.78759  
-0.00801245  -0.00273943  -0.000594732  0.373933  0.178003  1.09591  
-0.00182971  -0.0016444  -0.00177391  0.321912  0.422713  1.50734  
-0.00260406  -0.00149995  -0.00157672  0.311472  0.365964  1.44517  
-0.00292469  -0.00107229  -0.00166707  0.323239  0.364243  1.37291  
-0.00299436  -0.000874627  -0.00105414  0.320078  0.325073  1.34682  
-0.00364802  -0.000965489  -0.00127001  0.314678  0.33937  1.27897  
-0.00702197  -0.00139753  -0.000966522  0.302334  0.263592  1.12626  
-0.00758233  -0.00129775  -0.00111478  0.305656  0.267121  1.08931  
-0.0080465  -0.00146888  -0.00116798  0.305433  0.264728  1.07357  
-0.0082924  -0.00133824  -0.000864778  0.296259  0.239787  1.0281  
-0.00860166  -0.00141688  -0.00111478  0.291511  0.240996  0.959462  
-0.00861739  -0.00132321  -0.00105735  0.292913  0.232245  0.956129  
-0.00847027  -0.0010759  -0.000712435  0.297199  0.222524  0.937089  
-0.00877857  -0.0013029  -0.00111478  0.285116  0.239648  0.948368  
-0.00855519  -0.00131276  -0.000657477  0.290949  0.205877  0.980749  
-0.00886834  -0.00150398  -0.00111478  0.29388  0.247963  0.991111  
-0.00891212  -0.00156186  -0.00111478  0.305746  0.233161  1.02165  
-0.00857405  -0.00194788  -0.000697511  0.294626  0.223552  0.888009  
-0.00901899  -0.00156574  -0.00116495  0.310271  0.243312  0.918884  
-0.00898679  -0.0010464  -0.000864779  0.317299  0.212062  0.947289  
-0.00930712  -0.0010464  -0.00107263  0.313631  0.227474  0.916297  
-0.00909244  -0.00113808  -0.0011401  0.310016  0.211782  0.879533  
-0.00859598  -0.0012938  -0.000818231  0.305272  0.197331  0.831459  
-0.00908509  -0.00147976  -0.00145358  0.295506  0.235221  0.838354  
-0.00884131  -0.00147976  -0.00110784  0.289836  0.208958  0.893933  
-0.00893941  -0.00147976  -0.00129208  0.287542  0.239673  0.917513  
-0.00913922  -0.00147976  -0.00133971  0.285973  0.234996  0.923206  
-0.00864535  -0.00158299  -0.00108971  0.267471  0.21925  0.864138  
-0.00922908  -0.00162357  -0.00135976  0.26387  0.226237  0.852458  
-0.00886834  -0.00147977  -0.000916896  0.260932  0.200775  0.837761  
-0.00895774  -0.00147976  -0.0011372  0.257687  0.232018  0.811231  
-0.0087995  -0.00161623  -0.00105458  0.258494  0.222276  0.846601  
-0.00833123  -0.00154223  -0.000914994  0.241871  0.22635  0.805087  
-0.00867273  -0.00155516  -0.000984191  0.241568  0.226831  0.757864  
-0.00811545  -0.00162354  -0.000844115  0.232362  0.201044  0.678398  
-0.0083228  -0.00147501  -0.000774931  0.24041  0.207208  0.686565  
-0.0088084  -0.00162832  -0.000914995  0.243368  0.224285  0.778411  
-0.008749  -0.00144521  -0.000650263  0.245535  0.201652  0.886915  
-0.00882449  -0.00158196  -0.000998573  0.240777  0.217796  0.811622  
-0.00826313  -0.00200314  -0.000573872  0.229151  0.185719  0.784707  
-0.00850208  -0.00198723  -0.000702838  0.225079  0.207323  0.725386  
-0.0087053  -0.00219516  -0.000560462  0.220342  0.186006  0.710361  
-0.00857891  -0.00211919  -0.000564061  0.220323  0.188688  0.711477  
-0.00875566  -0.0028367  -0.000681169  0.222299  0.226768  0.880598  
-0.0087948  -0.00342147  -0.000264002  0.254528  0.294855  1.49883  
-0.00930561  -0.0030624  -0.000530892  0.246199  0.334428  1.61294  
-0.0100919  -0.00345998  -0.00024813  0.238887  0.253866  1.44219  
-0.00950624  -0.0030624  -0.00063286  0.212542  0.242434  1.11411  
-0.00937729  -0.00292124  -0.00063286  0.210348  0.22035  0.971379  
-0.00879182  -0.0028124  -0.000332222  0.203415  0.228307  0.910434  
-0.00882988  -0.00260442  -0.000826329  0.191902  0.256543  0.859932  
-0.00863769  -0.00323202  -0.00107633  0.168451  0.265659  0.84797  
-0.0082803  -0.0030829  -0.000704909  0.168514  0.249702  0.807188  
-0.00795843  -0.00329476  -0.00107633  0.152253  0.260961  0.751502  
-0.0083661  -0.00271286  -0.0011409  0.170116  0.24324  0.760598  
-0.00802491  -0.00288843  -0.00122433  0.146204  0.235826  0.732667  
-0.00766386  -0.00256409  -0.00107633  0.140301  0.240928  0.667195  
-0.00796807  -0.00289029  -0.00188176  0.119773  0.231292  0.652143  
-0.00793529  -0.00262876  -0.000930611  0.136176  0.21773  0.646316  
-0.00835104  -0.00253811  -0.000824339  0.137536  0.201399  0.609136  
-0.00863031  -0.0022901  -0.000573482  0.153934  0.183475  0.606717  
-0.00754547  -0.00243318  -0.000252094  0.139767  0.207054  0.574331  
-0.00855874  -0.00241777  -0.000665873  0.138466  0.223837  0.667087  
-0.00894162  -0.00254385  -0.000127974  0.166811  0.184223  0.70651  
-0.00887946  -0.00251732  -8.13806e-05  0.172443  0.199719  0.681387  
-0.00914975  -0.00257359  -0.00039276  0.177673  0.216073  0.706059  
-0.008844  -0.00232414  -0.000171891  0.191041  0.210319  0.703313  
-0.00914627  -0.0023819  -0.000665873  0.180667  0.224217  0.644514  
-0.00927804  -0.00263635  -0.000842154  0.169021  0.220943  0.634027  
-0.00886954  -0.00253584  -0.000665873  0.171198  0.201804  0.616588  
-0.00834224  -0.00253584  -0.000665873  0.151472  0.22405  0.592185  
-0.00899224  -0.00351295  -0.00132666  0.134184  0.220278  0.601768  
-0.00846387  -0.00396708  -0.00098493  0.115204  0.209605  0.641339  
-0.00838713  -0.00402107  -0.000854002  0.103718  0.227696  0.581337  
-0.00879849  -0.00369726  -0.00135873  0.0942148  0.22087  0.583315  
-0.00826607  -0.00378641  -0.000673584  0.0926759  0.217011  0.572515  
-0.00773386  -0.00397343  -0.000687217  0.0917351  0.241017  0.494127  
-0.0085759  -0.00396321  -0.00101052  0.103299  0.223364  0.514144  
-0.00744205  -0.00400234  -0.00137504  0.092596  0.228979  0.508275  
-0.00687269  -0.00401745  -0.00137504  0.099076  0.236197  0.506487  
-0.00471011  -0.00357115  -0.00137504  0.0885744  0.279903  0.474221  
-0.00600813  -0.0036864  -0.00137504  0.109793  0.252026  0.472109  
-0.00548775  -0.00334151  -0.0010423  0.124366  0.263678  0.468629  
-0.00478786  -0.00341012  -0.000348125  0.121675  0.257278  0.439536  
-0.00595716  -0.0030811  -0.000362774  0.147532  0.260996  0.384081  
-0.00595961  -0.00278521  -0.000175399  0.156359  0.241827  0.315605  
-0.00582617  -0.00304017  -0.000497222  0.139164  0.226634  0.339567  
-0.00701242  -0.00372237  -0.00121083  0.112026  0.234707  0.307858  
-0.00680168  -0.00361839  -0.0011442  0.115012  0.218828  0.338858  
-0.00554027  -0.00333762  -0.000987639  0.114435  0.249948  0.366718  
-0.00595455  -0.00322912  -0.00146337  0.108793  0.253634  0.349975  
-0.00564177  -0.00304502  -0.000882404  0.126561  0.234287  0.379935  
-0.00575391  -0.00308942  -0.00140752  0.144153  0.258468  0.404821  
-0.00558993  -0.00279952  -0.000708826  0.177309  0.204854  0.424432  
-0.00627937  -0.00366143  -0.0016357  0.129678  0.227121  0.32457  
-0.00569277  -0.0040786  -0.00134377  0.117786  0.221492  0.291914  
-0.00635533  -0.00377722  -0.000656527  0.140178  0.199942  0.223403  
-0.00676293  -0.00340114  -0.00121304  0.152912  0.231463  0.215965  
-0.00696305  -0.00342808  -0.00111998  0.14826  0.218567  0.234341  
-0.00713599  -0.00348524  -0.000798424  0.146779  0.211585  0.200281  
-0.00642804  -0.00283589  -0.000417787  0.169967  0.225087  0.206774  
-0.00699073  -0.00234231  -0.000504877  0.163028  0.234447  0.190174  
-0.00700975  -0.00195368  -0.000399957  0.178329  0.232134  0.156805  
-0.00711463  -0.00151255  -0.00038431  0.15851  0.204827  0.102702  
-0.00655113  -0.00179053  -0.000255124  0.163956  0.217927  0.122183  
-0.00720463  -0.00155948  -0.000548397  0.164814  0.228547  0.121699  
-0.00706304  -0.00189209  -0.000580975  0.161268  0.216719  0.0921207  
-0.00743576  -0.0014463  -0.000617203  0.170525  0.19262  0.08706  
-0.00767578  -0.00163051  -0.000834056  0.170506  0.199075  0.0542305  
-0.00756659  -0.0010799  -0.00109231  0.173779  0.212115  0.0534977  
-0.00747551  -0.00121492  -0.00129721  0.173491  0.209139  0.0617971  
-0.00735953  -0.00126981  -0.00133193  0.168442  0.200271  0.059771  
-0.00708405  -0.00139954  -0.00121586  0.170217  0.197576  0.0644372  
-0.0072266  -0.000962252  -0.00144025  0.17415  0.222721  0.0697969  
-0.00725007  -0.00103296  -0.00151077  0.169919  0.21489  0.0709281  
-0.00696347  -0.00135878  -0.00152241  0.157607  0.217216  0.0995551  
-0.00707654  -0.00118915  -0.00161495  0.158228  0.228757  0.0813394  
-0.00716807  -0.000888445  -0.00236715  0.156706  0.237536  0.122169  
-0.00692745  -0.000578524  -0.00178122  0.173746  0.233693  0.15306  
-0.00706505  -0.000638912  -0.0014743  0.162902  0.215692  0.107238  
-0.00724007  -0.000425269  -0.00162475  0.167677  0.218984  0.102957  
-0.00683321  -0.00049313  -0.00162753  0.172834  0.223482  0.126782  
-0.00656612  -0.000354229  -0.00125302  0.168235  0.216215  0.115068  
-0.00687747  -0.000452552  -0.00155786  0.16273  0.2277  0.0877163  
-0.00677598  -0.0011165  -0.00230697  0.13312  0.21465  0.119961  
-0.00679133  -0.000976094  -0.00118864  0.159917  0.195804  0.104132  
-0.00709279  -0.000940334  -0.00289628  0.11969  0.226469  0.110977  
-0.00708065  -0.00130757  -0.00269902  0.116133  0.217657  0.136778  
-0.00682927  -0.001444  -0.00233769  0.114514  0.201228  0.0988341  
-0.00748789  -0.0012452  -0.00229379  0.14642  0.201171  0.0802983  
-0.0074825  -0.00119375  -0.00137856  0.165039  0.185294  0.115799  
-0.00787415  -0.000790863  -0.00124483  0.180495  0.179357  0.0835508  
-0.00862217  -0.000625548  -0.00173615  0.176557  0.185909  0.0563409  
-0.0084564  -0.000908275  -0.0011952  0.168138  0.153665  0.0884748  
-0.00883095  -0.000642203  -0.00171729  0.174516  0.18202  0.0481069  
-0.00841148  -0.00105153  -0.00136377  0.170287  0.156712  0.101141  
-0.00850346  -0.00062555  -0.00146056  0.168058  0.161468  0.0458642  
-0.00878588  -0.00062555  -0.00297337  0.128424  0.176333  0.0672467  
-0.00836233  -0.000841055  -0.00241592  0.123001  0.149817  0.0508336  
-0.00877378  -0.000129412  -0.00228538  0.152923  0.16243  0.0143193  
-0.00799347  -0.000447319  -0.00107254  0.147672  0.133445  -0.00766951  
-0.00846786  0.000217423  -0.00126719  0.17016  0.141744  -0.0385979  
-0.00820049  -0.000208599  -0.000765277  0.170823  0.11853  -0.0456131  
-0.00843239  -0.00013107  -0.00112662  0.192884  0.135891  -0.0511283  
-0.00842668  -0.000518437  -0.00113517  0.179515  0.130813  -0.0421778  
-0.00805102  -0.000350208  -0.00115691  0.181726  0.0901249  -0.0814649  
-0.00842652  -0.000544368  -0.00146828  0.185326  0.0939048  -0.0306768  
-0.00819386  -0.000669293  -0.00115764  0.179169  0.0731283  -0.0331422  
-0.00831292  -0.000669293  -0.00131246  0.173775  0.0877162  -0.0655172  
-0.00835873  -0.000669293  -0.00106981  0.176101  0.0859732  -0.0298424  
-0.00863811  -0.000669293  -0.00131246  0.172582  0.0948945  -0.0318111  
-0.00879263  -0.000570687  -0.00143645  0.179966  0.110618  -0.0185699  
-0.00851244  -0.000671195  -0.00126938  0.174292  0.0974797  -0.0221802  
-0.00886897  -0.000641059  -0.00132312  0.180721  0.106282  -0.0493748  
-0.00903529  -0.00044541  -0.00149273  0.181052  0.0980367  -0.0314439  
-0.00886095  -0.000823914  -0.00115229  0.178941  0.0765867  -0.0615207  
-0.00909606  -0.000524651  -0.00136912  0.183948  0.091125  -0.0835979  
-0.00921462  -0.000582303  -0.00142316  0.184095  0.0856281  -0.0627039  
-0.00894401  -0.000881252  -0.00122613  0.170303  0.0684568  -0.116588  
-0.00934835  -0.000477809  -0.00160748  0.173522  0.0850318  -0.124154  
-0.00906297  -0.00109997  -0.00222921  0.133588  0.0688649  -0.126978  
-0.00915478  -0.000724728  -0.0026093  0.13984  0.0779034  -0.122077  
-0.00911934  -0.000659284  -0.00233339  0.148178  0.0651403  -0.0925863  
-0.0089999  -0.000699905  -0.0021849  0.148608  0.0688654  -0.0767862  
-0.00941478  -0.000280822  -0.00157846  0.180653  0.0643881  -0.117955  
-0.00916993  -0.000519637  -0.00119693  0.171263  0.0372064  -0.140761  
-0.00920509  -0.000409718  -0.00157404  0.169326  0.0589162  -0.165903  
-0.00912986  -0.000568731  -0.00157614  0.162444  0.045434  -0.145731  
-0.00899109  -0.000698603  -0.00165883  0.159448  0.0507527  -0.174531  
-0.00921064  -0.0009872  -0.00280231  0.116065  0.0580633  -0.141189  
-0.00901646  -0.00104037  -0.0028006  0.100585  0.043344  -0.178306  
-0.00943936  -0.000778419  -0.0029716  0.109807  0.0531383  -0.164485  
-0.00898469  -0.00095335  -0.00260917  0.11407  0.0301785  -0.184272  
-0.00915455  -0.000382557  -0.00163366  0.151232  0.0549596  -0.175337  
-0.00888793  -0.000357288  -0.000906867  0.162941  0.0266893  -0.205127  
-0.00903381  -0.000316797  -0.00132678  0.154796  0.0488649  -0.217471  
-0.00874159  1.05045e-05  -0.000705187  0.155405  0.0229921  -0.226375  
-0.00899366  0.000223768  -0.00114025  0.150654  0.0215163  -0.272363  
-0.00882805  -1.12803e-05  -0.000847697  0.146446  0.0143852  -0.237573  
-0.00874025  -0.000152666  -0.000814255  0.142196  0.0146179  -0.301629  
-0.0091143  -0.000345118  -0.00101905  0.144717  0.0260338  -0.271465  
-0.00856323  -0.000267239  -0.000748522  0.134001  0.0141275  -0.285851  
-0.00876946  -0.000155016  -0.000858437  0.146337  0.0361529  -0.318677  
-0.00829377  -0.000416503  -0.000573737  0.148756  0.015569  -0.283622  
-0.00863402  7.24511e-05  -0.000785546  0.15319  0.0217721  -0.335057  
-0.00871958  -0.000157497  -0.000600255  0.155092  0.00594369  -0.302171  
-0.00805292  -5.8683e-05  -0.00020299  0.160519  0.0079831  -0.350562  
-0.00859171  -6.40986e-06  -0.000405668  0.163127  0.0219516  -0.291122  
-0.00803898  6.84975e-05  -0.000618017  0.163149  0.00610631  -0.336755  
-0.00840827  3.63037e-05  -0.000643664  0.160429  0.0162662  -0.311683  
-0.00839847  0.000343104  -0.000835194  0.163225  0.026756  -0.361508  
-0.00826878  0.000112076  -0.000837502  0.158875  0.039765  -0.296333  
-0.00805375  3.09077e-05  -0.000787938  0.160795  0.0176347  -0.333085  
-0.00832521  -0.000283726  -0.00103555  0.157278  0.044791  -0.293442  
-0.00773776  -2.67892e-05  -0.000785546  0.156924  0.020043  -0.329397  
-0.00833398  -1.8611e-05  -0.00103555  0.155813  0.048926  -0.308748  
-0.00787602  0.000267329  -0.000510328  0.169781  0.0176271  -0.318217  
-0.00865741  0.000280267  -0.0007796  0.171248  0.0388641  -0.323074  
-0.0081742  7.14677e-05  -0.000424309  0.163153  0.0331054  -0.33086  
-0.00848228  0.000169736  -0.000636205  0.172615  0.0228582  -0.386298  
-0.00867184  -9.89039e-05  -0.000609326  0.170331  0.0257913  -0.328951  
-0.00817108  -5.75081e-05  -0.000707551  0.161179  0.0320899  -0.415862  
-0.00850678  -0.000138965  -0.000387588  0.167565  0.0277791  -0.389262  
-0.00846057  -6.30933e-05  -0.000748441  0.165939  0.0270337  -0.407346  
-0.00817948  -0.000304446  -0.000510373  0.159554  0.0201915  -0.370847  
-0.00789435  -0.00017998  -0.000638005  0.158943  0.0293768  -0.382573  
-0.00828993  -6.30933e-05  -0.000679294  0.159677  0.0485865  -0.353959  
-0.00773313  -0.000289139  -0.000600118  0.152223  0.0258842  -0.392696  
-0.00858435  -0.000424851  -0.000973203  0.164381  0.052777  -0.342105  
-0.00802327  -0.000380713  -0.000703992  0.157394  0.0259894  -0.386919  
-0.00868787  -0.000587642  -0.000896006  0.16035  0.0368091  -0.304413  
-0.00823092  -0.000284633  -0.000811114  0.175451  0.0205524  -0.345705  
-0.00859993  -0.000327164  -0.00040437  0.18944  0.0211039  -0.317  
-0.00846753  -9.37941e-06  -0.000535374  0.185061  0.0141136  -0.393007  
-0.0083364  -0.000216204  -0.000365981  0.171922  0.00844715  -0.370346  
-0.00774979  -0.000194796  -9.26672e-05  0.179  0.000644218  -0.417501  
-0.0086568  -0.000194251  -0.000342667  0.188817  0.020354  -0.406928  
-0.00818751  -0.000481155  -0.000363183  0.191292  0.0120279  -0.408143  
-0.00824746  -0.000209119  -0.000618071  0.190503  0.0336974  -0.390635  
-0.00811104  -3.93731e-05  -0.000469037  0.191595  0.0105687  -0.381146  
