0.0106018  -0.010915  -0.00306715  -0.219075  -0.0498566  0.395017  
0.0111006  -0.0105167  -0.00298193  -0.220272  -0.0594992  0.435658  
0.0103829  -0.0107082  -0.0029809  -0.209775  -0.0729331  0.432967  
0.00956813  -0.0104398  -0.00294142  -0.216754  -0.0461052  0.427522  
0.00941516  -0.010598  -0.00294826  -0.212035  -0.0602967  0.414027  
0.00939498  -0.0106776  -0.00310728  -0.20894  -0.0498717  0.430253  
0.00932843  -0.0111327  -0.00359388  -0.217814  -0.0266858  0.47161  
0.00953984  -0.010947  -0.00325197  -0.210339  -0.0300307  0.465422  
0.00955974  -0.0110812  -0.00337068  -0.215161  -0.0675207  0.481628  
0.00891833  -0.0112192  -0.00340881  -0.209826  -0.0305079  0.462695  
0.008797  -0.0108794  -0.00320681  -0.217309  -0.0508883  0.476474  
0.00881015  -0.0107288  -0.00328695  -0.208464  -0.0736333  0.498591  
0.00830352  -0.0110063  -0.00327151  -0.218642  -0.0270761  0.471099  
0.00864446  -0.010792  -0.00313594  -0.21539  -0.0322975  0.466897  
0.00867947  -0.0108584  -0.00324391  -0.201463  -0.0540724  0.485149  
0.00886982  -0.0105989  -0.00322191  -0.200668  -0.0322028  0.471377  
0.00908068  -0.0106881  -0.0031752  -0.212301  -0.0321724  0.454425  
0.00881206  -0.0107867  -0.00310514  -0.205193  -0.0548318  0.481783  
0.00849843  -0.0106138  -0.00318098  -0.204583  -0.0287389  0.458542  
0.00883299  -0.0106649  -0.00309795  -0.209512  -0.0408887  0.44047  
0.00931452  -0.0107246  -0.00280437  -0.210208  -0.0453703  0.433733  
0.00898379  -0.0099834  -0.00276615  -0.200531  -0.0323581  0.436508  
0.00871596  -0.00960355  -0.00277883  -0.191822  -0.000494091  0.410238  
0.00896631  -0.00939406  -0.00272477  -0.194914  -0.0239842  0.425291  
0.00912944  -0.00903582  -0.00275302  -0.191787  -0.049639  0.436485  
0.00840566  -0.00921572  -0.00275501  -0.181743  -0.0192671  0.415144  
0.00806666  -0.00894473  -0.0026457  -0.181797  -0.00539813  0.423263  
0.00847114  -0.00894426  -0.00262172  -0.183076  -0.0250537  0.452073  
0.00831059  -0.00882916  -0.00265393  -0.175215  -0.027987  0.46393  
0.00757228  -0.00857629  -0.00264102  -0.175318  -0.00547748  0.42434  
0.00794182  -0.00872054  -0.00256466  -0.178206  -0.0168648  0.435549  
0.00813564  -0.00859658  -0.00274315  -0.175301  -0.0254759  0.439963  
0.00881526  -0.00872801  -0.0028445  -0.138455  0.0462204  0.420175  
0.00840299  -0.00819945  -0.00284433  -0.139095  0.0193121  0.425345  
0.00810307  -0.0076217  -0.00292125  -0.138215  5.28841e-05  0.422129  
0.00754165  -0.00716707  -0.00293947  -0.135041  0.0173651  0.395322  
0.00800906  -0.00720393  -0.00287006  -0.144857  0.0202254  0.427575  
0.00839065  -0.00700179  -0.00320084  -0.167801  -0.00753  0.455661  
0.00756292  -0.00676657  -0.00296445  -0.176116  0.0335218  0.414813  
0.00754331  -0.00680695  -0.00289225  -0.174772  0.0360856  0.421845  
0.0074864  -0.00667745  -0.00306366  -0.167989  0.0114155  0.432335  
0.00725924  -0.00676068  -0.00304427  -0.172283  0.0234782  0.423873  
0.00719292  -0.00675047  -0.00272942  -0.172832  0.0323599  0.408243  
0.00727247  -0.00667745  -0.0028589  -0.167975  0.00577145  0.430603  
0.00684488  -0.00667745  -0.00284002  -0.167955  0.0049952  0.414214  
0.0066101  -0.00648236  -0.00276646  -0.174006  0.0302623  0.394563  
0.00737186  -0.00658522  -0.00287985  -0.167898  -0.0209605  0.435045  
0.00724255  -0.00635454  -0.00288749  -0.172329  0.024419  0.406324  
0.00698292  -0.00631877  -0.00312447  -0.178689  0.0131339  0.407184  
0.0070931  -0.00647944  -0.00319885  -0.182901  0.0194415  0.413148  
0.00701584  -0.0061132  -0.00304603  -0.179795  0.0471489  0.395967  
0.00702751  -0.0062076  -0.00295558  -0.176496  0.0326354  0.40471  
0.00830232  -0.00629213  -0.00273567  -0.185401  0.0404819  0.459369  
0.010038  -0.00565366  -0.0027776  -0.183147  0.0573099  0.478373  
0.00977734  -0.00563223  -0.00281597  -0.180164  0.0526575  0.465185  
0.00982501  -0.00599875  -0.00293229  -0.179577  0.0219488  0.476638  
0.00933247  -0.00564756  -0.00292787  -0.185374  0.0326982  0.465087  
0.00850438  -0.0056619  -0.00292011  -0.179443  0.0550605  0.446324  
0.00894077  -0.00571543  -0.0029729  -0.185817  0.0375919  0.457571  
0.00893279  -0.00594802  -0.00283819  -0.17947  0.0346108  0.466359  
0.00840286  -0.00570066  -0.00300514  -0.183175  0.0528994  0.435571  
0.00879436  -0.00595028  -0.0032867  -0.182934  0.0105476  0.480345  
0.0081467  -0.00573021  -0.00302667  -0.190756  0.0794444  0.431035  
0.00830146  -0.00579895  -0.00309155  -0.185029  0.0204747  0.454943  
0.00819749  -0.00570223  -0.00327044  -0.178475  0.0203631  0.439485  
0.00786055  -0.00555813  -0.00318155  -0.174485  0.0511472  0.425566  
0.00801813  -0.00581112  -0.00308024  -0.167922  0.0400224  0.434012  
0.00823177  -0.00541902  -0.00308478  -0.163329  0.0322787  0.488709  
0.00746897  -0.00513818  -0.00315767  -0.162675  0.0532204  0.522038  
0.00801175  -0.00541498  -0.00313535  -0.161723  0.0363302  0.504609  
0.00821047  -0.00545677  -0.00312093  -0.165794  0.0201938  0.495697  
0.00779418  -0.00550164  -0.00309725  -0.167305  0.0438343  0.454893  
0.00799686  -0.00574427  -0.00302353  -0.164385  0.038916  0.460325  
0.00837195  -0.00556181  -0.00300462  -0.165808  0.0294977  0.473382  
0.00830439  -0.00558699  -0.00311251  -0.169919  0.0511019  0.471322  
0.0077787  -0.00548145  -0.00284655  -0.17683  0.0531069  0.44675  
0.00798224  -0.00559345  -0.00294739  -0.173715  0.0362009  0.473968  
0.00827859  -0.00573309  -0.0031607  -0.170071  0.0297685  0.494714  
0.00814512  -0.00568756  -0.00303426  -0.165209  0.0696413  0.45939  
0.00879094  -0.00582775  -0.00310252  -0.163798  0.0304567  0.504237  
0.00852347  -0.00573783  -0.00295718  -0.173867  0.0797402  0.463655  
0.00892694  -0.0057682  -0.00309218  -0.173536  0.0216074  0.509343  
0.00845513  -0.00582922  -0.00296499  -0.17812  0.0810977  0.484368  
0.00863265  -0.00576182  -0.00302251  -0.180882  0.0438896  0.49434  
0.00787898  -0.00573735  -0.00306051  -0.179854  0.0521624  0.473509  
0.00831495  -0.00579297  -0.00329647  -0.177257  0.0409766  0.488885  
0.00814156  -0.00559409  -0.00326038  -0.177316  0.0369655  0.489906  
0.00775976  -0.00559409  -0.00324247  -0.177324  0.0730116  0.472496  
0.00851874  -0.0059861  -0.00334817  -0.178905  0.0364355  0.519354  
0.00825803  -0.00589879  -0.00316135  -0.182169  0.0726266  0.478484  
0.0083997  -0.00581819  -0.00320051  -0.176452  0.0233965  0.472305  
0.00793006  -0.00559409  -0.00326471  -0.169429  0.076539  0.455176  
0.00812704  -0.00582876  -0.00327361  -0.172487  0.0278022  0.477377  
0.00753139  -0.00536807  -0.00311366  -0.177683  0.0488876  0.434923  
0.00821988  -0.00551554  -0.00322272  -0.171588  0.0274992  0.448218  
0.00836594  -0.00560962  -0.0032287  -0.169421  0.0350176  0.458598  
0.00829854  -0.0054259  -0.00326507  -0.171639  0.0873508  0.430329  
0.00892093  -0.00556232  -0.00330383  -0.171714  0.0414542  0.490965  
0.00881461  -0.00561342  -0.00334501  -0.170603  0.0600369  0.480242  
0.00926206  -0.00548231  -0.0033252  -0.181158  0.0821061  0.469499  
0.00956478  -0.00526692  -0.00320658  -0.182058  0.0706934  0.460361  
0.0101985  -0.00509897  -0.00337852  -0.162819  0.0546524  0.500767  
0.0109679  -0.00543589  -0.00286896  -0.146265  0.074612  0.524943  
0.0105123  -0.0046386  -0.00285782  -0.151651  0.0715611  0.530375  
0.00961742  -0.00416024  -0.00284898  -0.154787  0.0625021  0.513696  
0.00991408  -0.00386474  -0.00265059  -0.156812  0.0461562  0.535163  
0.0102393  -0.00409844  -0.0028349  -0.157831  0.0283807  0.569754  
0.00945997  -0.00390797  -0.00280532  -0.156563  0.0656929  0.569761  
0.00952978  -0.00414052  -0.00292826  -0.145061  0.022367  0.589156  
0.00960913  -0.00434196  -0.00286647  -0.142764  0.0673562  0.578778  
0.0094749  -0.00391737  -0.00282503  -0.144755  0.0721082  0.573379  
0.00950203  -0.00394395  -0.00296418  -0.141149  0.0400881  0.570332  
0.0086589  -0.00392482  -0.00290338  -0.146629  0.0755688  0.532157  
0.00940796  -0.0039846  -0.0028041  -0.143707  0.0401552  0.563582  
0.00932462  -0.00384834  -0.00281203  -0.138298  0.0270982  0.565217  
0.00892519  -0.00370018  -0.00273597  -0.147103  0.045058  0.57206  
0.00893975  -0.00353748  -0.00273394  -0.145446  0.0455532  0.573181  
0.00905862  -0.00361104  -0.00268414  -0.144652  0.0170061  0.567757  
0.00735323  -0.00350473  -0.00253665  -0.147826  0.0510402  0.519184  
0.00790608  -0.00380138  -0.00250138  -0.146508  0.047039  0.527299  
0.00775959  -0.00396621  -0.00245867  -0.139579  0.0295076  0.548021  
0.00762135  -0.00393163  -0.00237593  -0.13281  0.0319568  0.565461  
0.00722664  -0.00378484  -0.00229114  -0.13341  0.0683138  0.542767  
0.0077191  -0.00382924  -0.00237114  -0.136164  0.0192209  0.558977  
0.00674573  -0.00353279  -0.00241492  -0.137945  0.0179662  0.547741  
0.00714746  -0.00374838  -0.00216904  -0.13055  0.0661572  0.535149  
0.00726856  -0.00398994  -0.00224861  -0.123048  0.0264179  0.548616  
0.00669888  -0.00351799  -0.00219196  -0.131376  0.0165322  0.54275  
0.00642514  -0.00364398  -0.00212695  -0.128474  0.0430203  0.542746  
0.00666132  -0.00375474  -0.00211327  -0.129791  0.0387982  0.535013  
0.0073842  -0.0037669  -0.00215343  -0.124644  0.0173681  0.565986  
0.00750936  -0.00370569  -0.0023124  -0.12426  0.0329418  0.57119  
0.00620232  -0.00356594  -0.00216543  -0.125859  0.076763  0.525327  
0.00683651  -0.00367054  -0.00221067  -0.125252  0.00156366  0.553778  
0.00579592  -0.0033378  -0.0020988  -0.130918  0.0518768  0.52869  
0.00663291  -0.0035556  -0.00220825  -0.128644  0.0136452  0.559624  
0.00891794  -0.0045448  -0.0022028  -0.0684998  0.10147  0.608458  
0.00801219  -0.00355909  -0.0018173  -0.0409148  0.0464081  0.684394  
0.00745402  -0.00304844  -0.0017693  -0.0550824  0.0346852  0.705316  
0.00560295  -0.00239329  -0.0019091  -0.109622  0.0364299  0.568232  
0.00417482  -0.0022456  -0.001841  -0.127669  0.044773  0.489557  
0.00502179  -0.00264016  -0.00180366  -0.123969  0.0100516  0.565568  
0.00503096  -0.00277565  -0.00187208  -0.114688  0.0496473  0.581069  
0.00548444  -0.00271816  -0.00163664  -0.112342  0.0460739  0.626886  
0.0066627  -0.00278225  -0.00179955  -0.107029  0.0262112  0.684249  
0.00675498  -0.00258463  -0.00172765  -0.10404  0.0383477  0.665706  
0.00683077  -0.00270038  -0.00165668  -0.103243  0.0398352  0.662161  
0.00730976  -0.00283963  -0.00191226  -0.0996717  0.0213815  0.677813  
0.00769813  -0.00252964  -0.00179404  -0.103689  0.0147533  0.667871  
0.00738037  -0.00253185  -0.00164595  -0.105961  0.0328044  0.64523  
0.00714395  -0.00231544  -0.00151673  -0.122492  0.0136682  0.663843  
0.00684906  -0.00213624  -0.00156888  -0.12992  0.0155792  0.655506  
0.00659645  -0.00253645  -0.00142977  -0.126753  0.043457  0.635932  
0.00688827  -0.00258511  -0.0015094  -0.125683  0.0327001  0.649037  
0.0075382  -0.00257534  -0.00153309  -0.124592  0.0411069  0.659022  
0.00750436  -0.00267418  -0.00158603  -0.133893  0.0595701  0.630178  
0.00715904  -0.00284914  -0.00143975  -0.125116  0.0697031  0.629316  
0.00690445  -0.00302156  -0.00158564  -0.125746  0.0308947  0.639172  
0.00628367  -0.00270805  -0.0015201  -0.117281  0.0339691  0.617809  
0.00592177  -0.00262096  -0.00155558  -0.12007  0.0344008  0.591783  
0.00636659  -0.0030058  -0.00145944  -0.11984  0.0416516  0.607482  
0.00638863  -0.003013  -0.0014649  -0.117792  0.0261392  0.616786  
0.00663634  -0.00306028  -0.00145026  -0.116844  0.0452751  0.609425  
0.00630275  -0.00295866  -0.00141997  -0.117866  0.0582756  0.603908  
0.00712342  -0.00335691  -0.00144567  -0.120895  0.0533713  0.643028  
0.00688286  -0.00337353  -0.00152718  -0.12237  0.0507504  0.656329  
0.00679672  -0.00346761  -0.00149517  -0.120085  0.0531674  0.652959  
0.00649797  -0.00333566  -0.0012856  -0.112831  0.0781726  0.634172  
0.00660346  -0.00351467  -0.00136892  -0.107592  0.0585168  0.639399  
0.00565749  -0.00323749  -0.00128439  -0.106226  0.0644026  0.604465  
0.00556514  -0.00303157  -0.00111313  -0.10485  0.0892426  0.599217  
0.00627762  -0.0032784  -0.00128864  -0.0998705  0.00376429  0.667245  
0.00732288  -0.00376906  -0.00122114  -0.0886544  0.0749056  0.705921  
0.00962874  -0.00398422  -0.0010453  -0.0446467  0.0658948  0.711847  
0.00905598  -0.0034331  -0.00034837  -0.00940796  0.0959211  0.787396  
0.00756334  -0.00308423  -0.000432687  -0.0232118  0.057778  0.793764  
0.00679036  -0.00318829  -0.000580467  -0.0297586  0.0662966  0.764652  
0.00672507  -0.00272893  -0.00127649  -0.0769533  0.0718579  0.754423  
0.00698413  -0.00278021  -0.0010933  -0.071921  0.0735031  0.765315  
0.00699859  -0.00274412  -0.00119641  -0.0675097  0.0704086  0.754942  
0.00678074  -0.00252465  -0.0011141  -0.068563  0.0871754  0.753271  
0.00719157  -0.00260105  -0.00115235  -0.0698705  0.0533165  0.783529  
0.00695566  -0.00267138  -0.00112396  -0.0709088  0.0698832  0.763403  
0.00644794  -0.00246755  -0.000843069  -0.0775501  0.0922247  0.737935  
0.00694959  -0.00257796  -0.00106162  -0.078367  0.032395  0.786817  
0.00642938  -0.00286114  -0.000812819  -0.0581973  0.0913657  0.739706  
0.00689291  -0.0026664  -0.000891584  -0.074174  0.0389171  0.775212  
0.0071547  -0.002689  -0.00104227  -0.0735438  0.0247831  0.78705  
0.00648083  -0.00261797  -0.000761684  -0.0735481  0.076282  0.768618  
0.0070036  -0.00257796  -0.000898849  -0.079467  0.069789  0.802307  
0.00653841  -0.00246814  -0.000941538  -0.079089  0.0608478  0.777585  
0.00611705  -0.00241645  -0.000911225  -0.0758751  0.102678  0.768683  
0.00664171  -0.0024274  -0.000942189  -0.0762532  0.0673311  0.783127  
0.00649719  -0.00250947  -0.000873862  -0.0742411  0.0680397  0.771128  
0.00619182  -0.00238698  -0.000938295  -0.0727033  0.0843068  0.75468  
0.00594927  -0.0029492  -0.000633311  -0.0703413  0.0676982  0.753073  
0.00607597  -0.00276471  -0.000669549  -0.0734886  0.0456185  0.764503  
0.00622125  -0.0024579  -0.000702551  -0.0710876  0.0583125  0.759254  
0.00636325  -0.00229171  -0.000721647  -0.0701258  0.0926948  0.766964  
0.00651058  -0.00220789  -0.000791987  -0.0728177  0.0396138  0.782176  
0.00615413  -0.00265987  -0.000624255  -0.0752741  0.0611535  0.74192  
0.00585409  -0.00230124  -0.000835701  -0.0724037  0.069507  0.705768  
0.00551361  -0.00249988  -0.000839902  -0.0675862  0.0648623  0.704975  
0.00599532  -0.00245327  -0.000955662  -0.0643849  0.0536908  0.74555  
0.00437377  -0.0016033  -0.000772019  -0.0785074  0.0783952  0.663206  
0.00523211  -0.0022638  -0.000746858  -0.0725473  0.063299  0.704865  
0.00574105  -0.00224613  -0.000810096  -0.0679728  0.0415384  0.724452  
0.00541517  -0.00194588  -0.000881083  -0.0647088  0.0606699  0.704964  
0.00603562  -0.00186126  -0.000984675  -0.0632085  0.0701416  0.741396  
0.00582095  -0.00214449  -0.000828902  -0.0597696  0.0461807  0.74323  
0.0055321  -0.002156  -0.00104139  -0.0596331  0.0606627  0.694627  
0.00516259  -0.00223665  -0.00117126  -0.0538558  0.0727443  0.683028  
0.00613464  -0.00242334  -0.000958552  -0.0605446  0.0716055  0.708516  
0.0061399  -0.00253156  -0.00102035  -0.0580291  0.0675634  0.697023  
0.00660711  -0.0029031  -0.000961101  -0.0533279  0.0663463  0.700099  
0.0063969  -0.00266208  -0.00116932  -0.0516732  0.0586397  0.714164  
0.0066606  -0.00250126  -0.000999126  -0.0585867  0.09196  0.704643  
0.0067546  -0.00244051  -0.000995185  -0.0606953  0.0823621  0.701909  
0.00692714  -0.00261666  -0.000933825  -0.0590974  0.0617133  0.724733  
0.00607833  -0.00269442  -0.000950036  -0.0506465  0.087497  0.682973  
0.00642295  -0.00261867  -0.000760056  -0.0582159  0.0749483  0.721261  
0.00675515  -0.00248838  -0.000912532  -0.0609731  0.0403294  0.730384  
0.00669705  -0.00276181  -0.000675441  -0.0613855  0.0713321  0.72744  
0.00683731  -0.00257629  -0.000873085  -0.0603832  0.0675954  0.749729  
0.00734377  -0.0026914  -0.000875956  -0.0513249  0.0666296  0.779099  
0.00773332  -0.00259801  -0.000887074  -0.0563884  0.0659246  0.784681  
0.00730668  -0.0024452  -0.000843189  -0.0658291  0.0941737  0.733385  
0.00705317  -0.00257183  -0.000888255  -0.0676909  0.0752279  0.733031  
0.0074418  -0.00282274  -0.000930543  -0.0606882  0.064429  0.749421  
0.00733664  -0.00305146  -0.000926138  -0.0542051  0.0793738  0.737543  
0.00757704  -0.00284919  -0.000751684  -0.0589887  0.0926407  0.755493  
0.00760537  -0.00277703  -0.000937639  -0.0528311  0.0554805  0.765523  
0.00761732  -0.00278872  -0.000861919  -0.0487431  0.0698068  0.752892  
0.00759546  -0.00291605  -0.000917068  -0.047242  0.0763464  0.753224  
0.00763305  -0.00278872  -0.000865519  -0.0445561  0.0698221  0.76137  
0.00767643  -0.00278199  -0.000935167  -0.0393886  0.0631978  0.766118  
0.00734693  -0.00256746  -0.000930058  -0.0375744  0.0898567  0.749791  
0.00721356  -0.00302159  -0.000944641  -0.031771  0.0942821  0.736698  
0.00723625  -0.00283099  -0.000772082  -0.035781  0.0727324  0.737742  
0.00654913  -0.00269157  -0.000538173  -0.0371238  0.105562  0.677322  
0.00778381  -0.00289487  -0.000842707  -0.0385097  0.0426037  0.751658  
0.0075483  -0.00307181  -0.000812913  -0.0289422  0.0599705  0.736975  
0.0072559  -0.00310398  -0.000664036  -0.0339746  0.0919549  0.734495  
0.00750773  -0.00300296  -0.000763278  -0.0351582  0.0647117  0.762976  
0.00745102  -0.00317979  -0.000754136  -0.0226517  0.0625454  0.767548  
0.00722927  -0.0029355  -0.000741786  -0.0303801  0.0848481  0.742788  
0.00735201  -0.00317243  -0.000715154  -0.0282148  0.0738743  0.75758  
0.00740035  -0.00292244  -0.00086064  -0.0220065  0.0728516  0.779075  
0.00708212  -0.00314558  -0.000636567  -0.0276292  0.0910238  0.742963  
0.006853  -0.00319145  -0.000502927  -0.0193065  0.0899012  0.733461  
0.00683377  -0.00307438  -0.000690254  -0.027134  0.0546298  0.740066  
0.00679812  -0.00301265  -0.000739989  -0.0229346  0.0659783  0.730597  
0.00648056  -0.00293142  -0.00062885  -0.0194688  0.0720137  0.707954  
0.00671301  -0.00298854  -0.00064613  -0.0203169  0.0627503  0.736496  
0.00697954  -0.00307796  -0.000658469  -0.0172833  0.0471226  0.757854  
0.00645209  -0.0029096  -0.000613547  -0.0182778  0.0688541  0.71526  
0.00588321  -0.00322749  -0.000459007  -0.0156032  0.0699281  0.69423  
0.00567326  -0.00329472  -0.00051061  -0.0178782  0.0533336  0.687825  
0.00511114  -0.00331833  -0.000688411  -0.0178732  0.0504629  0.680013  
0.005479  -0.00330047  -0.000460113  -0.00896911  0.0848909  0.693156  
0.00579186  -0.00325867  -0.000397959  -0.0203234  0.0773347  0.704624  
0.00544075  -0.00341262  -0.000370332  -0.0269983  0.0561905  0.674839  
0.00591956  -0.00345014  -0.000212367  -0.0274542  0.0405634  0.703574  
0.0062222  -0.00345657  -0.000102537  -0.0185182  0.0272868  0.715831  
0.00616571  -0.00349628  -8.27586e-05  -0.0184728  0.0738637  0.735247  
0.00678251  -0.00348159  0.000143322  0.0182997  0.0486817  0.781333  
0.00958104  -0.00352064  0.00058241  0.0845939  0.0970475  0.794491  
0.00769094  -0.00294247  0.000979075  0.0692793  0.134722  0.777562  
0.00722803  -0.00281675  0.000252399  0.0115045  0.055402  0.730026  
0.0058429  -0.00275347  -7.20129e-05  -0.0207533  0.0672964  0.689264  
0.0049947  -0.00244738  0.000364665  -0.0186552  0.0995965  0.653053  
0.0060855  -0.00275816  0.000162793  -0.0187814  0.0209931  0.710514  
0.00376466  -0.00192437  0.00102289  -0.0215568  0.13711  0.600035  
0.00559788  -0.00244887  0.00117747  -0.00909898  0.0412076  0.68756  
0.00719673  -0.00243196  0.000825879  0.0168868  -0.0423873  0.800143  
0.00584369  -0.00243289  0.000575397  0.0108062  0.0273999  0.728852  
0.00444442  -0.00261547  0.000634687  0.0032945  0.0419018  0.682552  
0.00481618  -0.00264858  0.000648882  -0.00527632  0.0613436  0.694088  
0.00514409  -0.00333179  0.000393567  0.00277376  0.0755881  0.726103  
0.00410083  -0.00277483  0.000726441  -0.000392297  0.0963188  0.676414  
0.00499983  -0.00331542  0.000726779  -0.00297022  0.0709401  0.717173  
0.0032029  -0.00224823  0.000913364  -0.00310099  0.0827991  0.65107  
0.00412731  -0.00272281  0.000659257  0.00119048  0.0336528  0.66881  
0.00316068  -0.00224837  0.0010498  -0.00110753  0.0495272  0.627471  
0.00331364  -0.00241351  0.000799801  -0.0041102  -0.00374198  0.634014  
0.00323905  -0.00258869  0.000653855  -0.00567112  0.00372174  0.632362  
0.00277211  -0.00240616  0.0010498  0.00530871  0.0573971  0.61115  
0.00317185  -0.0023124  0.000799801  -0.00108524  0.0200098  0.626214  
0.00301819  -0.0024543  0.000799801  -0.000999646  0.0456538  0.61634  
0.00285171  -0.00234065  0.00122659  0.00641377  0.0773808  0.614573  
0.00322071  -0.00239043  0.0010498  -0.00104242  0.0426833  0.617561  
0.00346459  -0.00234457  0.000942165  -0.00104693  0.0516165  0.614668  
0.00337214  -0.00234408  0.00116484  0.00324174  0.0546674  0.615446  
0.00319489  -0.00231583  0.000852991  0.00509244  0.0448238  0.629504  
0.00324315  -0.00248476  0.000799801  -0.000989142  0.0268901  0.61564  
0.00260791  -0.00225725  0.00110252  0.00333619  0.0577779  0.604677  
0.00310778  -0.00227866  0.00113162  0.0164237  0.0255446  0.617021  
0.00338359  -0.00193185  0.00112087  0.0179071  0.00379781  0.61644  
0.00304535  -0.00183938  0.00148003  0.0232097  0.0425508  0.611073  
0.00331126  -0.00183938  0.0013166  0.0257106  0.0282378  0.621982  
0.00335381  -0.00194887  0.00117929  0.0334444  0.0261441  0.624039  
0.0030355  -0.00196643  0.00126809  0.0357967  0.0401989  0.610301  
0.00312361  -0.00179065  0.00138255  0.0325352  0.0546624  0.614564  
0.00330893  -0.00187145  0.00120276  0.0371653  0.00879488  0.618024  
0.00277953  -0.00179012  0.00141687  0.0423669  0.0668249  0.604041  
0.00301677  -0.00185879  0.00134439  0.0381918  0.0155015  0.608789  
0.00314598  -0.0016121  0.00129402  0.0400253  0.00951201  0.60079  
0.00312744  -0.00157522  0.00134687  0.0347507  0.0399546  0.601571  
0.00320482  -0.00182463  0.0012002  0.0370716  0.0212074  0.614948  
0.00311432  -0.00160448  0.0012015  0.0392084  0.0210698  0.610803  
0.00285561  -0.00156338  0.00133053  0.0388901  0.0669702  0.604312  
0.0030581  -0.00183995  0.0010498  0.0394119  0.0332524  0.601815  
0.00270634  -0.00171738  0.00126353  0.0423542  0.0613389  0.589106  
0.00280203  -0.00161138  0.00140298  0.0359312  0.0696411  0.588318  
0.00310293  -0.001907  0.00118973  0.0378385  0.0198374  0.592984  
0.00252274  -0.00174354  0.00133238  0.0392495  0.0550482  0.57341  
0.00256769  -0.00157746  0.00156627  0.0397425  0.0657373  0.575742  
0.00273828  -0.00189825  0.0013144  0.042408  -0.000700755  0.590193  
0.00273828  -0.00151117  0.00130466  0.0504579  0.0286436  0.565919  
0.00225884  -0.00186203  0.00148376  0.0503112  0.0471723  0.556862  
0.0023755  -0.00207278  0.00138925  0.0484452  0.0244326  0.558843  
0.00222952  -0.00175534  0.0013865  0.0500644  0.0409142  0.554965  
0.0020093  -0.00159408  0.0015488  0.0508598  0.0799785  0.552723  
0.00264421  -0.00185485  0.00117755  0.0537543  -0.000690762  0.574884  
0.00295153  -0.00131281  0.00136436  0.0445247  0.0892801  0.544976  
0.00344432  -0.00123297  0.0011924  0.0504395  0.0782103  0.574427  
0.00271171  -0.000879108  0.00178227  0.0525305  0.126723  0.532218  
0.00337131  -0.000811699  0.0015083  0.0410265  -0.0355296  0.573507  
0.00313026  -0.000690971  0.0014837  0.044965  0.0351344  0.57266  
0.00333636  -0.000875194  0.00139842  0.0329541  0.0517167  0.571003  
0.00344333  -0.000967263  0.00123625  0.0297188  0.031145  0.576121  
0.00310181  -0.0008303  0.00169975  0.0377573  0.102059  0.576656  
0.00314975  -0.000770196  0.00187556  0.0265673  0.0641677  0.584261  
0.00248639  -0.000620506  0.00192241  0.0341921  0.130351  0.535143  
0.00340906  -0.000996382  0.00166429  0.0257311  -0.0140858  0.581237  
0.00293204  -0.000825114  0.00190257  0.0204405  0.0587818  0.551182  
0.00332307  -0.00105287  0.00179155  0.0124377  0.0482956  0.552227  
0.0030215  -0.00177776  0.00131238  -0.00854709  0.0458626  0.457985  
0.00276431  -0.000916198  0.00186332  -0.0106781  0.0580748  0.497882  
0.00276267  -0.00129802  0.00191099  -0.00558169  0.0428775  0.492494  
0.00261215  -0.00181013  0.00154816  -0.0144877  0.0179186  0.484737  
0.00215103  -0.0019498  0.00154405  -0.00903392  0.0589483  0.465588  
0.0020537  -0.00219569  0.0015672  -0.011727  0.0433672  0.474837  
0.00237576  -0.00185422  0.00161515  -0.0144455  0.041252  0.465605  
0.00266771  -0.00207921  0.0015229  -0.00639604  0.059676  0.474343  
0.00268979  -0.00201002  0.00163328  -0.0043632  0.0320479  0.479035  
0.00260822  -0.00216796  0.00159861  0.00184282  0.0608717  0.482112  
0.0028258  -0.00202649  0.00156472  0.00364088  0.0304548  0.488447  
0.00285127  -0.00217233  0.00140046  0.00397609  0.0224041  0.487313  
0.00263761  -0.00210269  0.00144619  0.00705685  0.0278231  0.474536  
0.00224477  -0.0020253  0.00163809  0.0066192  0.0669496  0.467682  
0.00224477  -0.00228199  0.00147132  0.00548535  0.00222359  0.480673  
0.00183828  -0.00192142  0.00181924  0.00770178  0.0862727  0.45786  
0.00224477  -0.00192343  0.00166489  0.00724539  -0.0197939  0.477494  
0.00199245  -0.00212214  0.00155652  0.0114414  0.0516019  0.47478  
0.00194523  -0.00224577  0.0014881  0.00514789  0.048068  0.474759  
0.00191716  -0.00223557  0.00161991  0.00887695  0.0470554  0.476194  
0.00176339  -0.00191902  0.00165528  0.0107001  0.0768635  0.471399  
0.0019903  -0.00231559  0.00153943  0.00807604  0.0231539  0.482859  
0.0017184  -0.00215641  0.00159265  0.00760093  0.0634678  0.462622  
0.00163335  -0.00215158  0.00162623  0.0146495  0.0494204  0.472083  
0.00187228  -0.00232406  0.00148422  0.0144069  0.0196122  0.488316  
0.00143631  -0.00225583  0.00163902  0.0107736  0.0374514  0.472999  
0.00136667  -0.00217302  0.00175543  0.0167383  0.0398616  0.47775  
0.00143631  -0.00219368  0.0016902  0.0107334  -0.00628744  0.485617  
0.00117315  -0.0021692  0.00176133  0.0127212  0.0362011  0.464815  
0.00152793  -0.00246417  0.00160615  0.0121411  0.0210032  0.480769  
0.00156557  -0.00244644  0.00145437  0.0122005  0.0211498  0.478025  
0.00111688  -0.00232183  0.00145681  0.0118354  0.0535487  0.460521  
0.00138285  -0.00258513  0.00150634  0.00839352  0.0282088  0.460793  
0.0012381  -0.00261611  0.00146858  0.0113531  0.0337266  0.457384  
0.000988101  -0.00245208  0.00141533  0.00834121  0.0639389  0.437561  
0.00159491  -0.00241813  0.00158179  0.00612614  0.0194467  0.44584  
0.00142396  -0.00233737  0.00147503  0.000703321  0.0648317  0.438294  
0.00198374  -0.00280078  0.00135356  -0.00414362  0.0538667  0.444057  
0.00206427  -0.00257225  0.00128109  -0.00508397  -0.0058895  0.45081  
0.00175166  -0.00224868  0.00177962  -0.00385877  0.0505755  0.445841  
0.00208901  -0.00255657  0.00143366  -0.0103479  0.0234885  0.462385  
0.00183898  -0.00233941  0.00143283  -0.0104333  0.0273941  0.449312  
0.00175166  -0.00241058  0.00168246  -0.000182466  0.0671934  0.455361  
0.00211677  -0.00241439  0.00139279  -0.015589  0.0272246  0.473167  
0.00175313  -0.0025085  0.0013809  -0.0111504  0.0426925  0.45758  
0.00135688  -0.00270582  0.00138743  -0.00105975  0.0819122  0.439913  
0.00211924  -0.00269366  0.00133679  -0.001069  -0.00555185  0.45895  
0.00168235  -0.00249805  0.00146018  0.0038432  0.0729557  0.425185  
0.00205512  -0.00260448  0.00127086  0.00273999  -0.0266026  0.457165  
0.00159281  -0.00265394  0.00144556  -0.00128786  0.0542532  0.432492  
0.0018591  -0.00257223  0.00141737  -0.0010954  0.029424  0.445764  
0.00211924  -0.0024853  0.00137065  -0.0111438  0.0176312  0.443796  
0.00175791  -0.00260412  0.001397  -0.00496232  0.0734996  0.440825  
0.00240728  -0.00262502  0.00126801  -0.011075  0.0361961  0.457836  
0.00221593  -0.00250481  0.00131034  -0.0153533  0.0448927  0.448215  
0.00202192  -0.00254258  0.00136281  -0.0111311  0.0795486  0.42199  
0.00221593  -0.0025684  0.00130482  0.000598531  0.043302  0.430017  
0.00221593  -0.00262968  0.0011959  0.00210607  0.0302752  0.414819  
0.00221593  -0.00265956  0.00146524  0.00147298  0.0458223  0.410508  
0.00221593  -0.00287666  0.00139157  -0.00329746  0.0361135  0.418331  
0.00231024  -0.00255437  0.00138534  -0.0046429  -0.000841223  0.414534  
0.0018427  -0.00246239  0.00160996  -0.000990435  0.0446054  0.401761  
0.00188761  -0.00252267  0.00154148  0.00159671  0.0494469  0.405066  
0.00199978  -0.00269151  0.00154818  0.00154769  0.00141866  0.411613  
0.00198323  -0.00242062  0.00155399  -0.0023009  0.0297876  0.404097  
0.00174741  -0.00242868  0.00172912  0.00138404  0.0600506  0.39931  
0.00212412  -0.00245021  0.00153768  0.00185616  0.0203486  0.410081  
0.00196148  -0.00249785  0.00165081  0.00406858  0.042037  0.411082  
0.00171341  -0.00225042  0.00177786  0.000604917  0.0634548  0.411231  
0.00187682  -0.00255473  0.00166276  -0.00116503  -5.39164e-05  0.420401  
0.00150164  -0.00255952  0.00177503  0.00352662  0.0488633  0.396444  
0.00172535  -0.00269381  0.00174197  0.00200006  0.0411173  0.404263  
0.00150899  -0.00255771  0.00186415  -0.000361675  0.0087976  0.398538  
0.00155125  -0.00251253  0.00190567  0.00451339  0.0264586  0.394533  
0.00154422  -0.00260537  0.00189711  0.00452039  0.000843465  0.406213  
0.00181909  -0.00250484  0.00172698  0.00327513  0.0142808  0.401434  
0.00138388  -0.00250291  0.00166507  0.00693866  0.0589129  0.388111  
0.00183558  -0.00273995  0.00152478  0.00702154  0.0401843  0.405157  
0.00161385  -0.00244326  0.00167321  3.8349e-05  0.0203226  0.39537  
0.00123393  -0.00263642  0.00146957  -0.000395219  0.0846565  0.364387  
0.00158884  -0.00267469  0.00160178  -0.0103934  0.0202674  0.371513  
0.00137905  -0.00266715  0.00170987  -0.00597043  0.0379566  0.361724  
0.00137905  -0.00274478  0.00145663  -0.00710658  0.0560054  0.360352  
0.0013826  -0.00302645  0.00154074  -0.0140993  0.0220452  0.370036  
0.0015322  -0.00291485  0.00145713  -0.0103155  0.03419  0.386379  
0.00107811  -0.00276424  0.00112438  -0.00381413  0.0841497  0.371  
0.00163028  -0.00293618  0.00130062  -0.0158955  0.0168833  0.378951  
0.00117952  -0.00262871  0.00149604  -0.0136267  0.0493829  0.354714  
0.00137905  -0.00281456  0.00164158  -0.0104138  0.0339699  0.359743  
0.00162905  -0.00283172  0.00154318  -0.00692504  0.0199249  0.368303  
0.00137905  -0.00283072  0.0016095  -0.0153389  0.0133747  0.356543  
0.00137905  -0.00283492  0.00163307  -0.0104281  0.0407115  0.363209  
0.00156571  -0.0027642  0.00161777  -0.00799843  0.0292014  0.377221  
0.00130676  -0.00285681  0.00155397  -0.0104039  0.0333036  0.360358  
0.000819302  -0.00267289  0.00146772  -0.00584075  0.0716484  0.339462  
0.00127169  -0.00287042  0.0016171  -0.0103477  0.00285152  0.346313  
0.00108646  -0.002671  0.00152512  -0.00837634  0.0355848  0.333798  
0.00116756  -0.00250151  0.00153079  -0.0124659  0.0459954  0.336685  
0.00129844  -0.00274423  0.00157988  -0.0171603  -0.00156339  0.346612  
0.000893864  -0.00263769  0.00140281  -0.0161021  0.0704787  0.344669  
0.00101777  -0.00250011  0.00146496  -0.0211716  0.0662014  0.332313  
0.00149354  -0.00256919  0.00159024  -0.026523  0.000988893  0.347339  
0.00125914  -0.00251484  0.0014633  -0.0214424  0.0453936  0.338641  
0.00102099  -0.00264674  0.00142218  -0.0133957  0.0710711  0.350274  
0.00167942  -0.00263769  0.0013393  -0.023567  -0.00163056  0.359207  
0.000904176  -0.00251598  0.00130127  -0.0225252  0.066865  0.348192  
0.00110412  -0.00273757  0.00146499  -0.0231989  0.0427869  0.352712  
0.00114802  -0.00290553  0.0014031  -0.0254417  0.0245249  0.345903  
0.000925464  -0.00271479  0.00114641  -0.0209084  0.0781302  0.337129  
0.00126345  -0.00283047  0.00156046  -0.013253  0.0188815  0.363333  
0.00133143  -0.00277743  0.00147554  -0.00972281  0.0188485  0.369887  
0.000911758  -0.00283211  0.00141301  -0.00971546  0.0631301  0.339072  
0.00130963  -0.00288715  0.00147583  -0.0157406  0.0327655  0.345762  
0.00128326  -0.00290078  0.00138072  -0.0134305  0.0309196  0.349802  
0.000945875  -0.00277861  0.00133644  -0.00974728  0.0619475  0.337286  
0.00132196  -0.00284197  0.00132119  -0.00972664  0.0433765  0.346829  
0.00122866  -0.00274123  0.00132853  -0.0130042  0.0359349  0.337835  
0.00112962  -0.00261621  0.00149649  -0.0131992  0.0613716  0.326514  
0.00122397  -0.00278298  0.00129153  -0.0142317  0.0468453  0.336645  
0.00135974  -0.00274849  0.00124289  -0.0224834  0.0231153  0.316967  
0.000988259  -0.00271862  0.00124174  -0.0216066  0.0773174  0.295066  
0.00155226  -0.00257365  0.00144197  -0.0197597  0.036387  0.314503  
0.00139148  -0.00258201  0.00137199  -0.0140621  0.032145  0.315918  
0.00119343  -0.00250914  0.00124972  -0.0132498  0.0767776  0.317063  
0.00137593  -0.00265439  0.00127194  -0.0222804  0.0399572  0.323302  
0.00138582  -0.00261787  0.00132262  -0.0166242  0.0421974  0.329181  
0.000954875  -0.00245152  0.00123466  -0.0167365  0.083466  0.306199  
0.0014833  -0.00244835  0.00134168  -0.0187672  0.0441014  0.313293  
0.00146346  -0.0025085  0.00139448  -0.0223742  0.0189044  0.314808  
0.00128128  -0.00237979  0.00119749  -0.0213718  0.0656163  0.314778  
0.00132352  -0.00254504  0.00122644  -0.0167852  0.0498886  0.323152  
0.00126063  -0.00237869  0.00130973  -0.012018  0.0161372  0.32505  
0.00116436  -0.00252316  0.00135549  -0.0108362  0.0574103  0.317074  
0.000997657  -0.00245383  0.00112175  -0.00808594  0.0647612  0.31029  
0.00140623  -0.00247619  0.0013615  -0.0112076  0.00472945  0.326084  
0.00100246  -0.00256957  0.00120717  -0.0252608  0.0484998  0.307508  
0.00114543  -0.00266249  0.00116269  -0.0156969  0.0463289  0.311262  
0.00140153  -0.00270715  0.00115998  -0.0139126  0.0261218  0.317422  
0.000906359  -0.00278766  0.00107145  -0.0151918  0.0456806  0.299436  
0.000719846  -0.0027358  0.00113786  -0.0152084  0.0630747  0.288766  
0.000824132  -0.00283923  0.00120942  -0.0126562  0.00898669  0.281466  
0.000560965  -0.0024964  0.00104087  -0.00987274  0.0709274  0.276732  
0.000411779  -0.00260371  0.00105323  -0.0152427  0.0647278  0.283592  
0.000758634  -0.0026772  0.00134856  -0.00862524  -0.00816907  0.292896  
0.00100645  -0.00248656  0.00101667  -0.00644668  0.0386063  0.289977  
0.000680043  -0.00265791  0.000769349  -0.0152248  0.0669452  0.282286  
0.00124024  -0.00265093  0.00109755  -0.0152509  -0.0106154  0.296493  
0.00100381  -0.00266219  0.00084325  -0.00910596  0.0400652  0.285531  
0.000803296  -0.00277774  0.000834342  -0.0151331  0.0701297  0.284532  
0.00112928  -0.00288391  0.00106875  -0.0151361  0.00109406  0.294841  
0.00055651  -0.00279809  0.00105297  -0.0026843  0.064809  0.273028  
0.00087367  -0.00291664  0.00106386  -0.00582015  0.0326173  0.287392  
0.00106093  -0.00272598  0.00129508  -0.00485534  -0.00304517  0.296059  
0.000666548  -0.00296769  0.000815499  -0.0061129  0.0655058  0.267658  
0.00116614  -0.00308334  0.00118523  -0.00410607  -0.00164848  0.296412  
0.000752752  -0.00300915  0.0011501  -0.00440679  0.0348379  0.283388  
0.000670031  -0.00285379  0.00102879  -0.00471398  0.0499681  0.28406  
0.000889105  -0.00305558  0.00105825  -0.0146728  0.0179152  0.283558  
0.000582023  -0.00295482  0.000704259  -0.0146557  0.0670639  0.269147  
0.000731595  -0.00292359  0.00088287  -0.0126173  0.0401476  0.286876  
0.0011234  -0.00310533  0.00102351  -0.00664051  0.0151684  0.303792  
0.000526245  -0.00297114  0.000848829  -0.00796944  0.0823185  0.266814  
0.000816304  -0.00314355  0.00136634  -0.0125932  0.00180321  0.270594  
0.000230233  -0.00300958  0.000756566  -0.0146696  0.0614194  0.253812  
0.000407221  -0.00301101  0.00109037  -0.01795  0.0331125  0.253271  
0.000827215  -0.00289765  0.00134493  -0.0210269  -0.037536  0.261436  
0.00078143  -0.00314829  0.00125215  -0.0222051  0.0327581  0.25188  
0.000807442  -0.00307858  0.00149688  -0.0207871  -0.0164736  0.258546  
0.000572595  -0.0030328  0.00113405  -0.0147091  0.0481876  0.249665  
0.000474571  -0.00306226  0.00146205  -0.00973667  0.0256983  0.253993  
0.000690938  -0.00306133  0.00125771  -0.0170274  -0.0130782  0.261597  
0.000475613  -0.00311898  0.000946206  -0.014646  0.0633681  0.238267  
0.000610049  -0.00316038  0.00118228  -0.0205512  0.0552212  0.237068  
0.000690938  -0.00302565  0.00137326  -0.027234  -0.00820211  0.252574  
0.000461852  -0.00316797  0.000982756  -0.0180115  0.087639  0.230004  
0.000931958  -0.002975  0.00124186  -0.0218667  -0.00606957  0.259981  
0.000631267  -0.00311171  0.00119743  -0.0146322  0.0500419  0.244181  
0.00108537  -0.00314079  0.00138591  -0.00523325  0.00917284  0.26431  
0.00106685  -0.00320643  0.00119158  -0.00358022  0.0312663  0.272128  
0.00120561  -0.00302388  0.00105537  -0.00403625  0.0384429  0.279322  
0.00071069  -0.00302128  0.000858526  -0.0105558  0.0693416  0.270845  
0.000513038  -0.0031829  0.000948841  -0.00693665  0.0703637  0.251273  
0.000964448  -0.0032175  0.00122297  -0.00141795  -0.00553042  0.257699  
0.00120561  -0.00272846  0.00161398  0.0430891  0.0487149  0.272516  
0.00352764  -0.00349675  0.00155093  0.0795407  0.0422156  0.22611  
0.00357642  -0.00320184  0.00177752  0.0802098  0.0590201  0.188382  
0.00300068  -0.00299298  0.00144096  0.0583301  0.0369792  0.182874  
0.00278276  -0.00287294  0.00134238  0.0173763  0.0708758  0.158468  
0.00299577  -0.00332703  0.000764736  0.00583593  -0.0149882  0.18289  
0.00178121  -0.00314764  0.00145158  0.00740668  0.151246  0.105872  
0.0017189  -0.00232594  0.00159355  -0.00424852  0.00270519  0.2044  
0.00139441  -0.00259872  0.0013356  -0.0113993  0.0834884  0.212399  
0.00173234  -0.00280318  0.00131698  -0.0168309  0.0325614  0.185804  
0.00307226  -0.00343759  0.00113614  -0.029551  0.0792513  0.112425  
0.0032477  -0.00337472  0.000764736  -0.036691  0.0283455  0.123046  
0.00314797  -0.00336794  0.00059361  -0.0425889  0.0283128  0.11987  
0.00148569  -0.00256374  0.00128551  -0.0271994  0.0766119  0.172733  
0.00349656  -0.00309118  0.00136888  0.0266311  0.0142813  0.206629  
0.00216771  -0.00254414  0.00196559  0.048723  0.0559966  0.198335  
0.000678554  -0.00139754  0.00223921  0.0614948  0.142573  0.215435  
0.00144433  -0.00129257  0.00219412  0.0512257  -0.0564978  0.262734  
0.00174932  -0.00234749  0.00103551  -0.00885324  -0.10057  0.25076  
0.00358439  -0.00279275  0.000848363  -0.0313494  0.072635  0.142621  
0.00358068  -0.00309469  0.000461155  -0.0500532  -0.00394796  0.14643  
0.00300059  -0.00326566  0.000870579  -0.0512017  0.0854547  0.154806  
0.00366558  -0.00314585  0.000435817  -0.0517593  0.0535933  0.152445  
0.0028896  -0.00332159  0.00065103  -0.0519069  0.106307  0.140841  
0.00345567  -0.0032958  0.000345159  -0.0556875  0.0543966  0.126808  
0.003308  -0.00335515  0.000630607  -0.0489543  0.0870563  0.121123  
0.00365586  -0.0032762  0.000371237  -0.0526372  0.028533  0.130214  
0.0034443  -0.00325184  0.000513624  -0.0572316  0.0138077  0.123172  
0.00313495  -0.00325656  0.000653494  -0.0532057  0.0438795  0.107091  
0.00302392  -0.00349011  0.000513624  -0.0498782  -0.0195627  0.117982  
0.00249501  -0.00342148  0.000755147  -0.0454957  0.042134  0.100475  
0.00182467  -0.00360737  0.000974393  -0.0450269  0.0289762  0.105261  
0.00199399  -0.00375229  0.000672632  -0.054976  -0.00787431  0.122906  
0.00146294  -0.00394847  0.000732504  -0.0549622  0.0816852  0.0969476  
0.00142555  -0.00410596  0.000818944  -0.0549909  0.0580842  0.0889848  
0.00123347  -0.00401503  0.000568944  -0.0480146  0.0730905  0.0902912  
0.00151229  -0.00415435  0.000947437  -0.055047  0.0570812  0.0696657  
0.00234628  -0.00416402  0.000568944  -0.0488036  0.0253945  0.0670728  
0.00110818  -0.00425179  0.000695385  -0.0422984  0.0897495  0.0318352  
0.00243986  -0.00399488  0.000719503  -0.0483591  -0.0364548  0.074002  
0.00234968  -0.00393774  0.000629593  -0.0455001  0.0226455  0.0271797  
0.00256468  -0.00371464  0.000668984  -0.0441867  -0.00917697  0.0502576  
0.00290697  -0.00339182  0.000568944  -0.0438417  -0.00975289  0.0763421  
0.00281194  -0.00355281  0.000707212  -0.0418202  0.0402596  0.0617241  
0.00281817  -0.0036654  0.00071768  -0.0404102  0.0542535  0.053023  
0.00292681  -0.00363798  0.000568944  -0.0399414  0.0286426  0.0591529  
0.00273838  -0.00356533  0.000655773  -0.0368708  0.0641108  0.0335558  
0.00260162  -0.00397064  0.000568944  -0.0410382  0.0443038  0.042403  
0.00303614  -0.00376206  0.000433937  -0.0360975  0.0305577  0.039026  
0.00289572  -0.00372835  0.000568944  -0.0288654  0.0414099  0.0368425  
0.00263138  -0.00375377  0.00075267  -0.0257206  0.051117  0.0378671  
0.00309335  -0.00359791  0.000385086  -0.0288279  -0.00539957  0.0526642  
0.00287958  -0.00358379  0.000401919  -0.0287876  0.0239973  0.0342598  
0.00339533  -0.00369299  0.000330137  -0.0207997  0.0167316  0.0784702  
0.00352677  -0.00341225  0.000283985  -0.0364253  0.0397903  0.0305943  
0.0035615  -0.0036319  0.000118988  -0.0383234  0.0166116  0.0364407  
0.00365388  -0.00359702  2.74949e-05  -0.0323934  0.0224634  0.0428091  
0.00361601  -0.00357217  0.000163003  -0.0342406  0.0788184  0.0434068  
0.00348473  -0.00364844  2.74949e-05  -0.0313041  0.0465287  0.0481838  
0.00294461  -0.00379087  0.000303339  -0.0313701  0.088716  0.036248  
0.00360262  -0.00365494  2.74949e-05  -0.0336564  0.0119503  0.0624346  
0.00361553  -0.003823  -0.000202242  -0.0288479  0.0272398  0.0588854  
0.00392797  -0.00360381  2.74949e-05  -0.0241795  0.046222  0.062615  
0.00402893  -0.00349583  -0.000114856  -0.024327  0.0266035  0.0732888  
0.00416629  -0.0033148  -0.000168485  -0.0186519  0.0183872  0.0699546  
0.00364266  -0.00348903  -9.14222e-05  -0.0102952  0.0442195  0.064394  
0.00376755  -0.00331783  2.74949e-05  -0.0182533  0.0358284  0.0492468  
0.00347592  -0.00326446  8.39569e-05  -0.0142697  0.0392964  0.0528748  
0.0035268  -0.00343262  7.74288e-05  -0.013059  0.018274  0.0742916  
0.00363619  -0.00342204  -4.58413e-05  -0.00997678  -0.00442036  0.0794258  
0.00339561  -0.00342923  0.000115042  -0.00495366  0.0431717  0.0528326  
0.00327698  -0.00328921  0.000236061  -0.00831849  0.0554138  0.0575569  
0.00323176  -0.00323292  0.0001494  -0.00637934  0.0287499  0.0841714  
0.00297579  -0.00330914  0.000366044  -0.00527898  0.0724334  0.0638815  
0.00334294  -0.00308771  0.00021132  -0.00345995  0.0201056  0.0882588  
0.00305946  -0.00326036  0.000182532  -0.00562495  0.0596342  0.0473286  
0.0034753  -0.00317948  0.000146197  -0.00550022  0.0234546  0.0720108  
0.00360694  -0.00300912  4.34225e-05  -0.0053867  0.035236  0.045132  
0.00359974  -0.00301194  6.36232e-05  -0.00868786  0.0386571  0.0503481  
0.00392058  -0.00302177  0.000162208  -0.00887531  0.0257509  0.0613638  
0.00371333  -0.00319439  -1.61112e-05  -0.01428  0.0272999  0.0534068  
0.0038149  -0.00312466  -2.98605e-05  -0.0174447  0.0407689  0.0366271  
0.00366601  -0.0032342  0.000131303  -0.0204474  0.0562074  0.0128225  
0.00364614  -0.00339689  6.63577e-05  -0.0238515  0.0176386  0.0123687  
0.00328934  -0.00364833  5.85154e-05  -0.0272324  0.0361218  -0.0113742  
0.00348759  -0.00364756  -5.45059e-05  -0.0302774  0.0331667  -0.0226453  
0.00346805  -0.00370683  -9.90002e-05  -0.0254655  0.0387953  -0.00576357  
0.00375181  -0.0036589  1.95387e-05  -0.0180032  0.0388251  0.0194373  
0.00340845  -0.00341794  7.55083e-05  -0.0122498  0.0921897  -0.0304979  
0.00351525  -0.00340667  8.14106e-05  -0.0122452  0.0317254  -0.0104603  
0.00378707  -0.00339947  -2.91097e-05  -0.0122365  0.0121816  -0.0133977  
0.00414467  -0.00319933  -0.000144143  0.00210261  0.0410734  0.00973958  
0.00419634  -0.00291259  -5.02177e-05  0.00119624  0.0433428  0.0169951  
0.00429501  -0.00294157  -0.000125061  0.00367619  0.0301648  0.0471622  
0.00386846  -0.00298185  3.58182e-05  0.0076045  0.0496187  0.0256107  
0.0037102  -0.00306851  0.000161736  0.00567013  0.0479397  0.0190478  
0.00372394  -0.00306888  0.000115559  0.00287213  0.0316918  0.0257474  
0.00354912  -0.00301991  0.000115572  0.000549948  0.0468174  0.00761738  
0.00371211  -0.00305812  0.00015322  -0.0045241  0.0368149  -0.00899363  
0.0035904  -0.00317699  0.000183625  -0.00473192  0.0126395  0.00196656  
0.00344129  -0.00306764  0.00039385  -0.00424759  0.0494944  -0.00616564  
0.00349817  -0.00323711  0.000520298  -0.00368971  0.0446651  0.0150484  
0.0037504  -0.00324569  0.000300945  -0.0100437  0.00842393  0.0513942  
0.00336501  -0.00338365  0.00039385  -0.00972485  0.0617725  0.014508  
0.00371389  -0.00333222  0.000129146  -0.0097539  0.0193026  0.024348  
0.00388381  -0.00337809  7.25018e-05  -0.0137618  0.0190372  -0.0156992  
0.00363412  -0.00327437  0.000133492  -0.0129113  0.0436712  -0.031643  
0.00379874  -0.00344119  0.000111129  -0.0132418  0.0203397  -0.0201842  
0.00350705  -0.00335844  0.000115296  -0.00940595  0.0230968  -0.0240299  
0.00341654  -0.00322502  0.000194246  -0.00740733  0.0401243  -0.0372123  
0.00371667  -0.00325608  0.000128386  0.00360902  0.0110045  -0.0127942  
0.00372225  -0.00307621  -3.51287e-05  -0.000438809  0.0267024  -0.0201522  
0.00358605  -0.00306227  0.000142704  -0.00573044  0.056034  -0.0362084  
0.00335464  -0.00306319  0.000226679  -0.00894881  0.0600704  -0.0571397  
0.00290987  -0.00301056  0.000256438  -0.00173432  0.0503513  -0.0862324  
0.00369938  -0.00309238  0.000225539  -0.00179113  0.0182053  -0.0552188  
0.00378101  -0.00305715  0.000248535  0.0113174  0.0182469  -0.0388136  
0.00472076  -0.00193316  0.000541908  0.0404097  0.0267696  -0.0135811  
0.0045665  -0.00117601  0.000527311  0.0291473  0.0498138  -0.039926  
0.00446077  -0.000879353  0.000810489  0.0257726  0.0884148  -0.0581738  
0.00493281  -0.000780636  0.00064385  0.0370666  0.0335434  -0.0263725  
0.00469034  -0.000652896  0.000587257  0.0428851  0.0506082  -0.00948817  
0.00399246  0.000701516  0.00160292  0.043133  0.177663  -0.0230603  
0.00445037  0.00115863  0.00164112  0.0433226  -0.019966  0.0772651  
0.00160885  0.000644469  0.00223805  0.145229  -0.00157658  0.241267  
0.0009707  0.00053743  0.00176967  0.0987335  -0.0512687  0.231804  
0.00113382  0.000944098  0.00162775  0.0492305  0.0295972  0.167809  
0.000958945  0.00104504  0.00184784  0.0281816  0.0128396  0.177354  
0.000818641  0.00139098  0.00110234  0.047011  0.087415  0.181101  
0.00105066  0.000728801  0.00143961  0.0315844  0.0368784  0.169108  
0.00060449  0.000979775  0.000900508  0.0599116  0.109205  0.148429  
0.000753677  0.000659435  0.00103373  0.0523993  0.0358142  0.148634  
0.000449847  0.000804579  0.00084746  0.0626795  0.0750943  0.133864  
0.00085449  0.000757775  0.00139444  0.0481701  0.000138444  0.134036  
0.000404129  0.000787445  0.000998316  0.0599153  0.0568864  0.124234  
0.000361175  0.000640783  0.00141129  0.0509172  -0.021335  0.140597  
0.000115616  0.000123558  0.000331114  0.0599883  -0.0778478  0.133234  
0.00046989  0.000290955  0.00142591  0.0427997  0.00300919  0.130547  
-0.000144063  0.000352127  0.00144013  0.0487187  -0.0323582  0.130475  
7.58799e-05  0.000256795  0.00129778  0.0546883  0.0212145  0.127169  
6.44268e-05  0.000323273  0.000547782  0.0774505  0.0678226  0.116029  
0.000117672  0.000335494  0.000458625  0.0712256  0.0633372  0.125708  
0.000295578  0.00020615  0.000307721  0.0750627  0.0624751  0.127579  
5.89162e-05  0.000246644  0.000359502  0.0712241  0.0768142  0.109051  
0.000272148  0.000350209  0.000442085  0.0705522  0.0565365  0.109282  
0.0001021  0.000298121  0.000457776  0.0720554  0.0471017  0.111755  
-0.0025819  0.0026462  0.000895102  0.0355595  -0.00113171  0.00620326  
-0.000701656  0.000376433  0.000547783  0.0716184  -0.0777818  0.107166  
-0.000485646  0.000295173  0.000306507  0.0746495  -0.0652381  0.102134  
-0.000112479  0.000366698  0.000435734  0.0718813  0.0485063  0.0925282  
-0.000437018  0.000213073  0.000212924  0.0645638  -0.0662876  0.104783  
-0.000180702  8.87868e-05  0.00037617  0.0663522  0.0596295  0.0910906  
-0.000163039  0.00011813  0.000430838  0.0599188  0.0603706  0.0898137  
-0.000354614  8.34727e-06  0.000308661  0.0599352  -0.0657832  0.0872506  
-6.69203e-05  0.000246065  0.000328308  0.0648385  0.0603251  0.0889731  
-0.000516228  0.000182272  0.000547783  0.0599246  -0.0457529  0.096386  
-0.000629252  0.000548854  0.00121776  0.0303207  -0.0279177  0.0990241  
-0.000612564  0.000507422  0.000979415  0.0404563  -0.0481017  0.0990344  
-0.000352735  0.000136348  0.000395331  0.062238  0.0544385  0.0905946  
-0.00259371  0.00166456  0.000898893  0.0256277  -0.0507493  -0.0182972  
-0.00301578  0.000328111  0.000282091  0.0564938  -0.0548388  -0.0232823  
-0.00258495  0.000178953  0.000547784  0.0581131  -0.0436355  -0.0334304  
-0.002844  0.000283248  0.000188622  0.0547358  -0.0521748  -0.0233926  
-0.003192  2.97447e-05  0.000291601  0.0579142  -0.0284336  -0.0531082  
-0.000590733  0.000332219  0.000349659  0.0615078  0.0595548  -0.130486  
-0.00104623  0.000174426  0.000521504  0.0577669  0.00491721  -0.124747  
-0.000963406  0.000141189  0.000445356  0.0507115  -0.0377405  -0.120483  
-0.0028114  0.00170182  0.000852196  0.0346895  0.00844309  -0.0658899  
-0.00279458  0.00154865  0.000707854  0.0260386  -0.034687  -0.0487052  
-0.00272951  0.00210404  0.000449317  0.00843644  -0.0489286  -0.0508146  
-0.00231237  0.00239037  0.000547784  0.0132341  -0.0160461  -0.0937097  
-0.00101453  0.000237572  0.000387523  0.0559638  -0.0478988  -0.127101  
-8.09594e-05  0.000441644  0.00035441  0.0561408  -0.0599695  -0.120714  
-0.00257296  0.00243702  0.000390251  0.0254086  -0.0189232  -0.0608891  
-0.00065441  0.00328315  0.000296839  0.0168504  0.0464917  -0.0579142  
-0.00273372  0.00176513  0.000547784  0.0346686  -0.0413775  -0.0329897  
-0.00104656  0.00035983  0.0011519  0.0365012  -0.031439  -0.127482  
-0.00271665  0.00137971  0.000670696  0.0304387  -0.0342889  -0.0807485  
-0.00253604  0.000198086  0.000287778  0.0507464  -0.0343004  -0.0870807  
-0.000956608  0.000215145  0.000467695  0.0548034  -0.0559139  -0.144379  
-0.00106628  0.000263112  0.000520804  0.0590584  0.0146111  -0.152974  
-0.000346779  0.000341247  0.000406033  0.05704  0.0423437  -0.161758  
-0.000342458  0.000246539  0.000251299  0.0608544  -0.0778757  -0.15207  
-0.000719141  0.000276443  0.000369783  0.0645924  -0.057366  -0.160365  
-0.000227298  0.000361604  0.000437501  0.0735776  0.0486327  -0.148255  
5.86357e-05  0.000361603  0.000281688  0.0706959  0.0421872  -0.134066  
3.56587e-06  0.000466364  0.000292674  0.0683465  0.0540594  -0.139177  
-0.000427416  0.00255061  0.000377073  0.0342023  0.054086  -0.123362  
-0.000178662  0.000315652  0.00039901  0.0700536  0.0463273  -0.139945  
-8.09172e-06  0.0002393  0.000319258  0.0743987  -0.0505567  -0.14753  
-3.43578e-05  0.000281908  0.000263054  0.0713905  0.050916  -0.14976  
-0.000319042  8.3482e-05  0.00026205  0.0714098  0.0576757  -0.163751  
-0.000812636  0.000164327  0.000497057  0.0714324  -0.0606706  -0.161035  
5.86357e-05  0.000118792  0.000390686  0.071433  0.038941  -0.172976  
-0.000746226  0.000257893  0.000547786  0.0714294  -0.0412017  -0.181792  
-0.000165317  0.000229982  0.000205666  0.0714459  -0.0670982  -0.172742  
-9.63226e-05  7.85532e-05  0.00014719  0.0805676  -0.0610495  -0.165648  
4.79723e-05  0.000144385  0.00023543  0.0714146  0.0504795  -0.169013  
0.000365667  0.000134314  0.000313851  0.0714192  0.0551131  -0.163833  
0.000161449  0.000167227  0.000356513  0.0793243  0.0585885  -0.161387  
0.000135456  0.000170655  0.00030697  0.0714019  0.05571  -0.165521  
0.000238957  0.000180125  0.000293313  0.0713901  0.0458507  -0.162515  
0.00042937  -1.68572e-05  0.00011693  0.0713807  0.038333  -0.168511  
0.000212564  0.000145644  0.000433505  0.071387  0.0550723  -0.180819  
1.65333e-05  0.00012081  0.00037732  0.0786324  0.0476465  -0.173687  
-0.000163567  -0.000145426  0.000217575  0.0714481  -0.0705698  -0.189133  
-0.000716423  -3.97826e-05  0.000529087  0.0684023  -0.0434846  -0.205284  
-0.000222488  -0.00018023  0.00029792  0.0662233  0.0499034  -0.206477  
-0.000635026  0.000114461  0.000330924  0.0707924  -0.0610897  -0.207121  
-0.000474022  8.98535e-05  0.00133488  0.0506418  0.00432926  -0.214026  
-0.00041061  0.000177398  0.00127429  0.0462789  -0.0109552  -0.214454  
-0.000395101  -0.000133134  0.00138812  0.0465403  -0.0354174  -0.211003  
-0.000193834  7.19437e-05  0.000329868  0.0723961  0.0477706  -0.213388  
-0.000547414  0.000397736  0.00144049  0.0507162  0.0118555  -0.212821  
-0.000402989  -1.53951e-05  0.000564678  0.0720247  -0.0574356  -0.203638  
-0.00050341  0.000126629  0.000776002  0.0782817  0.0379464  -0.222765  
-5.40282e-05  0.000156289  0.000451648  0.0762691  0.044652  -0.206645  
0.000690795  -7.27304e-05  0.000478017  0.0689353  -0.0539234  -0.204437  
0.000109252  -2.43227e-05  0.000214637  0.0691414  0.040173  -0.215569  
6.47789e-06  -5.14224e-06  0.000314392  0.069922  0.0455814  -0.205245  
-0.000404353  4.17992e-05  0.000315796  0.0504826  0.052289  -0.241759  
-0.000404353  0.000329109  0.000264146  0.0644681  0.0759545  -0.235348  
-5.79763e-05  0.000231477  0.000370059  0.0635536  0.0357402  -0.221432  
-0.000698295  0.000692575  0.00121423  0.0360809  -0.0422564  -0.231777  
-0.000253868  0.00058603  0.000603623  0.0552725  0.049781  -0.24043  
-0.00044075  0.00066551  0.00133981  0.0375593  -0.0337294  -0.240062  
-0.00017806  0.000394616  0.00106773  0.048485  -0.0501144  -0.222307  
-0.000142122  0.000583802  0.00137656  0.0526334  0.0152398  -0.237397  
9.31495e-05  0.00045987  0.000470375  0.0687766  0.0506282  -0.222137  
0.000178052  0.000386101  0.000255155  0.0714153  0.041365  -0.220493  
0.000111318  0.000354245  0.000249811  0.0702579  0.0552147  -0.222011  
0.000158236  0.000542019  0.000328486  0.0651415  0.0690145  -0.224387  
-1.58326e-05  0.000459453  0.00133154  0.0532217  -0.0283249  -0.219205  
-0.000210704  0.000398812  0.00119148  0.0560036  -0.0269447  -0.224986  
-0.000109022  0.000426831  0.000571008  0.0728736  0.0736411  -0.248341  
-7.62059e-05  0.000348476  0.000571008  0.0728593  -0.0748474  -0.227408  
6.78398e-05  0.000394664  0.000367524  0.0728411  0.0486422  -0.237996  
0.000387697  0.000382515  0.000623718  0.0702469  0.0281276  -0.236308  
0.000167537  0.000362051  0.00024215  0.0728476  0.0458199  -0.229908  
2.79955e-05  0.000401718  0.000385461  0.0694163  0.0715906  -0.247332  
0.000291942  0.000112178  0.000190457  0.0685047  0.0496889  -0.234596  
1.31537e-05  0.000120129  0.000320728  0.0671087  0.0558945  -0.251164  
0.000162544  0.000155848  0.000231885  0.0662212  0.0477985  -0.260623  
-0.000765302  5.73211e-05  0.000449211  0.0591083  -0.0471622  -0.258071  
-0.000398097  0.000355645  0.000368979  0.061937  0.0576544  -0.280738  
-0.000474504  0.000741089  0.0013511  0.0398771  -0.0180548  -0.268847  
-0.000186844  0.000311146  0.00034678  0.0589239  -0.085469  -0.267706  
-0.000480671  0.000369644  0.00141498  0.0362939  -0.00655433  -0.281532  
-9.38732e-06  0.000454404  0.00147424  0.0304871  -0.0129795  -0.279129  
-0.000305646  0.000311869  0.000391303  0.0611348  -0.0629825  -0.272819  
-0.000113215  0.000331508  0.00133251  0.0443583  0.0309901  -0.275966  
1.43213e-06  0.000182258  0.000335135  0.0611028  0.0509873  -0.273824  
0.000414373  0.000177963  0.000692372  0.0636623  0.00307856  -0.264561  
6.78599e-05  0.000273925  0.000283779  0.0636981  0.054084  -0.269709  
9.68528e-05  0.000185702  0.000272506  0.0613558  0.0509525  -0.277875  
0.000232269  0.000171175  0.000571008  0.0582393  0.0225444  -0.270357  
-0.00070178  0.000944003  0.00114413  0.0273147  -0.0283086  -0.279879  
-0.00115824  0.00109882  0.00128485  0.0298493  -0.0177767  -0.295692  
-0.00104196  0.000670697  0.0012925  0.03985  -0.0204627  -0.281405  
-0.000778202  0.000395608  0.000296037  0.0544035  -0.0692423  -0.28759  
-0.000214804  0.000215812  0.000100102  0.0388918  0.052892  -0.330952  
-0.000746216  -0.000147704  0.00123266  0.00874348  -0.00493453  -0.327466  
-0.00109598  0.00132531  -0.000420756  0.0113451  -0.0246808  -0.380444  
-0.00129668  0.000339809  -0.000986404  -0.0277504  0.0192372  -0.398166  
-0.00170523  -0.0020275  -0.000164729  -0.0688621  0.0142915  -0.474673  
-0.00192335  -0.00175035  0.000235011  -0.0373664  0.0735283  -0.455766  
-0.00167112  -0.00177855  0.00047842  -0.0221294  -0.0281633  -0.430642  
-0.00162012  -0.00152563  0.000594937  -0.017446  0.0214238  -0.437492  
-0.00139854  -0.0012377  0.00120927  -0.00981826  -0.0215467  -0.437312  
-0.000920488  -0.00123733  0.000729804  -0.0126286  -0.0632808  -0.418405  
-9.64719e-05  -0.0010541  0.00139579  0.00336761  -0.0225524  -0.413146  
0.000681179  -0.00134555  -0.000916742  0.00337695  -0.00106854  -0.40696  
0.00109472  -0.00130486  -0.00076808  0.00338329  -0.0285123  -0.391336  
0.00109472  -0.000907046  -0.00102737  -0.00849268  0.00163319  -0.41336  
0.000473315  -0.00126947  0.000479111  0.0076889  0.0485786  -0.40859  
0.000318507  -0.0012918  0.000165168  0.00853054  -0.0672637  -0.407496  
0.000774684  -0.00117852  0.00089252  0.0134879  0.0224542  -0.414303  
0.00073878  -0.00120638  0.000974324  0.0141863  0.0174813  -0.419199  
0.00082193  -0.00142078  0.000665168  0.0177124  -0.0328036  -0.416072  
0.000466778  -0.00139726  -0.00106705  0.00743297  -0.0476555  -0.423458  
0.00085684  -0.00135612  0.000787036  0.00879859  -0.00407128  -0.429191  
0.000889351  -0.00154644  0.000885534  0.00869527  0.00208218  -0.414405  
0.000564743  -0.00156956  0.000973679  -0.00140674  -0.0439764  -0.424536  
0.000816786  -0.00138393  0.00101091  -0.00696713  0.0165998  -0.421666  
0.000268507  -0.00140144  0.00119845  -0.0035713  0.0235862  -0.433299  
0.000529825  -0.00117573  0.00128348  -0.000976266  -0.0155412  -0.426524  
0.000287388  -0.00117573  0.000994446  -0.00687572  0.0222169  -0.441764  
0.000238435  -0.00126112  0.00116834  -0.00169316  0.0454553  -0.445624  
0.000657329  -0.00133688  0.000948403  -0.00791851  -0.0351874  -0.44648  
0.000197025  -0.000987609  0.000931254  -0.00402881  0.106923  -0.455751  
0.000611361  -0.00130668  -2.9214e-05  -0.0187896  -0.142355  -0.407804  
0.000871376  -0.00117573  0.00111308  -0.0114352  0.0241855  -0.435566  
0.00113033  -0.000799248  0.00107825  -0.0264445  -0.0136273  -0.428809  
0.00121601  -0.00117573  0.000861319  -0.0227272  -0.00136395  -0.416844  
0.000936596  -0.000603568  -0.000267039  -0.0533759  0.0759675  -0.417722  
0.00156014  -0.000481094  -0.00109973  -0.0404758  0.00895283  -0.392856  
0.00129397  -0.000141862  -0.000973414  -0.0445784  0.0431368  -0.41112  
0.00126669  -0.000438912  -0.00110591  -0.0306306  0.0323934  -0.417007  
0.00140806  -0.00114225  -0.000815933  -0.0329641  0.00497415  -0.414811  
0.00162667  -0.000329216  -0.000919836  -0.0434506  0.00639008  -0.430614  
0.00120073  0.000804922  0.000649925  -0.0464009  0.0428162  -0.441992  
0.00118152  0.000295813  -0.000818651  -0.0586179  -0.107301  -0.417052  
0.00157685  0.000470256  -0.000722095  -0.061516  -0.0446951  -0.416064  
0.00111043  0.000585683  -0.000192372  -0.0687165  0.0813705  -0.464722  
0.00128073  0.000432673  -0.000517774  -0.0724849  -0.130827  -0.417788  
0.000966581  0.000673538  -0.000472623  -0.0735291  0.0822213  -0.448789  
0.00153576  0.000315188  -0.000388695  -0.0754859  -0.0595288  -0.400299  
0.00117261  9.44127e-05  -0.000137883  -0.078866  0.0673617  -0.421682  
0.00191212  0.000237393  -0.00030846  -0.0821024  -0.0173225  -0.388659  
0.000785591  0.000610014  -1.05549e-05  -0.0714515  0.099216  -0.414214  
0.0018413  0.000322417  -0.000186527  -0.0742717  -0.0292516  -0.37885  
0.00136475  0.000378857  -0.000197061  -0.0749682  0.0438799  -0.407206  
0.00182346  0.000226984  -0.000249753  -0.0818512  -0.031912  -0.403473  
0.00177907  0.000429446  -0.000449405  -0.0805163  -0.017509  -0.401058  
0.00149478  0.000187974  -0.000236768  -0.0803889  0.013494  -0.406667  
0.00149022  0.00018525  -0.000341317  -0.0834524  -0.0710183  -0.41366  
0.00158303  0.000218403  -0.000342174  -0.0812976  -0.0295736  -0.419247  
0.00127117  0.000259883  -8.08068e-05  -0.0793144  0.0106289  -0.425982  
0.00141055  0.000515185  -0.000187787  -0.0675119  -0.0178904  -0.413547  
0.00100815  0.000779372  -0.00011027  -0.0598297  0.030984  -0.441339  
0.001503  0.000627711  -0.000204459  -0.0629674  0.00103441  -0.424977  
0.00162797  0.00106185  -0.000983213  -0.0469113  -0.0292435  -0.42949  
0.00168102  0.00127969  -0.000879459  -0.041737  0.0110439  -0.43878  
0.00163069  0.00115551  -0.000904393  -0.0421845  0.0124001  -0.428511  
0.00191212  0.00128047  -0.000662661  -0.0485068  0.00420437  -0.412997  
0.00167604  0.001487  -0.000942046  -0.0353447  0.0174708  -0.414421  
0.00168561  0.00149009  -0.000855635  -0.0420685  0.0340114  -0.424182  
0.00191212  0.00126142  -0.000776764  -0.0441364  0.000484897  -0.413568  
0.00165312  0.00152465  -0.000797331  -0.0458426  0.00202757  -0.418472  
0.00138459  0.00141009  -0.000743559  -0.0499528  0.026841  -0.422621  
0.00181823  0.00129833  -0.000861993  -0.049373  -0.0125461  -0.421621  
0.00180019  0.00120245  -0.000725918  -0.0490224  -0.000945123  -0.427534  
0.00135263  0.00110107  -0.000525412  -0.0495744  0.0354374  -0.428196  
0.00183594  0.000933487  -0.000526413  -0.0555023  -0.011734  -0.437593  
0.00120934  0.00146345  -0.000867153  -0.0413108  0.0433017  -0.458477  
0.00147595  0.00125667  -0.000904687  -0.0454831  0.0100432  -0.438566  
0.00150151  0.0011275  -0.00101695  -0.0525227  -0.0280433  -0.443993  
0.00148584  0.00107594  -0.00118859  -0.0496125  0.00573946  -0.452986  
0.00137349  0.00109684  -0.000927064  -0.0592719  0.0402203  -0.450917  
0.00184166  0.00113846  -0.000905894  -0.0592867  -0.00698146  -0.443318  
0.00129308  0.00103206  -0.000680491  -0.0591523  0.0603156  -0.445921  
0.00177793  0.00112533  -0.000739099  -0.0633076  -0.00196621  -0.441467  
0.00184  0.00104872  -0.000770048  -0.0608989  -0.00905854  -0.440418  
0.00172782  0.00105666  -0.000938701  -0.058588  0.00722336  -0.448779  
0.00132819  0.0011027  -0.000936007  -0.0624268  0.0402675  -0.45811  
0.00159721  0.00111611  -0.000707182  -0.0616814  -0.0161819  -0.446002  
0.000886633  0.00118248  -0.000681486  -0.0550785  0.0411588  -0.469489  
0.00144753  0.000723375  -0.000255664  -0.0685168  -0.0136075  -0.456455  
0.00167759  0.00101012  -0.000725114  -0.066396  -0.0147495  -0.460029  
0.00138241  0.000999905  -0.000904634  -0.0568641  0.0193618  -0.470629  
0.0015025  0.000922144  -0.000776212  -0.0644308  -0.0156118  -0.464143  
0.00147892  0.000709519  -0.000366706  -0.0694572  0.00580424  -0.458715  
0.00146423  0.000837615  -0.000294846  -0.0773322  0.00640971  -0.471592  
0.000884321  0.000670778  -0.000442145  -0.0754493  0.0625153  -0.47795  
0.00116231  0.000737154  -0.0004083  -0.0743639  -0.0153723  -0.465506  
0.000924071  0.000979447  -0.000497905  -0.0729812  0.0516501  -0.489586  
0.00131659  0.000689514  -0.000364458  -0.0783835  0.00747299  -0.491431  
0.00146199  0.000624648  -0.000140732  -0.0791377  -0.0337642  -0.479578  
0.00151583  0.000680701  -0.000284779  -0.0824323  0.00465167  -0.49366  
0.00147686  0.000756113  -0.00030627  -0.0822386  0.0142086  -0.490556  
0.00153368  0.00065319  -0.000327515  -0.0841721  0.00653117  -0.493062  
0.00178455  0.000615771  -0.000349803  -0.0847646  0.000487193  -0.486267  
0.00151916  0.000432351  -0.000319939  -0.0872841  0.0191179  -0.490918  
0.00154679  0.000579704  -0.000409828  -0.081044  0.023632  -0.491859  
0.00144666  0.00036695  -0.000297325  -0.081654  0.0236824  -0.496321  
0.00159918  0.000326073  -0.000353568  -0.0840439  -0.00312054  -0.500982  
0.00159918  0.000149961  -0.000421092  -0.0822247  -0.0128591  -0.497429  
0.00159918  9.77708e-05  -0.00036431  -0.0832809  0.00120871  -0.505748  
0.00169142  9.79765e-05  -0.000208673  -0.0924233  0.00117443  -0.503357  
0.00148115  3.67578e-05  -0.000309515  -0.0913486  -0.00566761  -0.513504  
0.00100997  0.000163019  -0.000196446  -0.0833612  0.0529922  -0.527492  
0.00146944  0.000256747  -0.000471716  -0.0861277  -0.0171099  -0.503471  
0.001088  0.000520725  -0.000345608  -0.0820154  0.013978  -0.514056  
0.001088  0.000354998  -0.000248621  -0.0841317  -0.000980336  -0.517197  
0.00122369  0.000292884  -0.000302087  -0.0812881  -0.0501038  -0.505414  
0.00136313  0.000232246  -0.000293624  -0.0837478  -0.0177943  -0.539294  
0.000880319  0.000327557  -1.20963e-05  -0.0780052  0.0647505  -0.531645  
0.00137532  0.000504836  -0.000239833  -0.0795823  0.0139391  -0.511953  
0.00135252  0.0005364  -0.000296624  -0.0798118  -0.0188002  -0.513154  
0.00106158  0.000846948  -0.000708216  -0.0682929  0.0401016  -0.515445  
0.0016074  0.000751462  -0.000566906  -0.0679277  -0.022798  -0.505187  
0.00174409  0.000764706  -0.000615558  -0.0641389  -0.0259958  -0.49626  
0.00138837  0.00099894  -0.000848574  -0.0562561  0.0233183  -0.516373  
0.00175499  0.000434682  -0.000387285  -0.0721072  -0.0380911  -0.498104  
0.00143058  0.000812447  -0.000632755  -0.0663635  -0.00922007  -0.513397  
0.00132983  0.000656563  -0.000986428  -0.0545524  0.0199402  -0.518  
0.00148274  0.000472819  -0.000396497  -0.0702879  0.0189028  -0.526511  
0.00288366  -0.000137341  -0.000303493  -0.0810686  -0.000350295  -0.614231  
0.00320241  -0.000228631  -0.00025402  -0.0775347  -0.006948  -0.593086  
0.00265801  0.000134238  -0.000231811  -0.0643836  0.0248092  -0.586448  
0.00251358  0.00022798  -0.00029591  -0.0735287  0.0265286  -0.582975  
0.0028432  0.000427201  -0.00054671  -0.0764259  -0.000878416  -0.574216  
0.00265801  0.000117668  -0.000292338  -0.0766071  0.0105569  -0.584304  
0.00257228  0.000268559  -0.000343131  -0.0741306  0.00670053  -0.569923  
0.00246922  0.000516156  -0.000356295  -0.0695715  0.0242324  -0.569484  
0.00298293  0.000310392  -0.000923677  -0.0602009  -0.0246277  -0.568893  
0.00437248  -5.36192e-05  -0.00114812  -0.0497443  0.0166301  -0.575589  
0.00484359  -0.000375286  -0.00108955  -0.0383497  0.0242887  -0.567322  
0.00451412  -0.000199504  -0.00107482  -0.0462778  -0.00162889  -0.564224  
0.00459359  -0.000268262  -0.00111199  -0.0432906  -0.0112021  -0.562236  
0.0041006  -0.000261339  -0.000978404  -0.0472583  0.0210796  -0.57599  
0.00452718  -0.000385138  -0.000793871  -0.0565028  0.00283025  -0.581657  
0.00423875  -0.000683415  -0.00105762  -0.0433392  -0.0048429  -0.575488  
0.00396118  -0.000175026  -0.000993368  -0.0461521  0.0195524  -0.595745  
0.00396118  -0.000183322  -0.00110492  -0.0404749  -0.00366665  -0.593217  
0.00448402  1.5203e-05  -0.00115188  -0.0342438  -0.00915642  -0.588158  
0.0044804  -0.000123073  -0.00114952  -0.0382416  0.0213462  -0.608657  
0.00474096  -8.07671e-05  -0.00121059  -0.0375582  0.0251511  -0.606244  
0.00437415  0.000233636  -0.0010864  -0.0483612  0.0255444  -0.592514  
0.00417207  1.83543e-05  -0.00121457  -0.048997  0.0153689  -0.594083  
0.00400232  3.53132e-05  -0.00121132  -0.0423857  0.0374574  -0.607268  
0.00404363  0.000357399  -0.00106294  -0.0474121  0.0389466  -0.599833  
0.00410538  0.000211831  -0.00113449  -0.0429903  0.0113745  -0.582626  
0.00399302  0.000250404  -0.000954805  -0.0487769  0.0147766  -0.596638  
0.00416739  0.000597707  -0.00099756  -0.0540341  0.0229901  -0.604025  
0.00426477  0.000473921  -0.00120576  -0.0476481  -0.0247445  -0.593616  
0.00408556  0.000435078  -0.00109876  -0.0489814  0.00379689  -0.594995  
0.00399664  0.000222128  -0.000843464  -0.0587078  -0.00181482  -0.584745  
0.00427101  0.000228977  -0.00104458  -0.0576391  -0.02159  -0.587972  
0.00415288  6.96876e-05  -0.000969469  -0.0601196  -0.000881321  -0.601161  
0.00389983  0.000102696  -0.000981168  -0.0549453  0.0179591  -0.609816  
0.00409194  0.000213064  -0.000984716  -0.0534811  -0.00683893  -0.589531  
0.0035654  0.00049627  -0.000975951  -0.0547846  0.0315685  -0.621527  
0.00428515  0.000508031  -0.00117234  -0.0408682  -0.00323179  -0.602654  
0.0048395  0.000769103  -0.00118673  -0.0329332  -0.0146287  -0.606363  
0.00433817  0.000910697  -0.00124538  -0.0302189  0.010755  -0.603238  
0.00414931  0.000440725  -0.00119867  -0.0292127  0.038606  -0.618703  
0.00465243  0.000896941  -0.00103939  -0.0339361  0.0113666  -0.620116  
0.00408085  0.000747605  -0.000904737  -0.0454715  0.0269407  -0.62845  
0.00436632  0.000790074  -0.00112147  -0.0397887  0.0338294  -0.631662  
0.00454855  8.81123e-05  -0.00109804  -0.0469831  0.0132822  -0.632725  
0.00490002  -1.31184e-05  -0.00123454  -0.0396234  0.0101249  -0.643841  
0.00464463  0.000492095  -0.000937475  -0.043886  0.0156614  -0.643894  
0.00396525  0.000623419  -0.00101138  -0.0436531  0.0422658  -0.624978  
0.00480331  0.000501973  -0.0009562  -0.0499964  0.0236588  -0.645613  
0.0050612  0.000347491  -0.00122854  -0.037849  0.0163157  -0.65647  
0.00474661  0.000549845  -0.00109918  -0.0413399  0.0242299  -0.655359  
0.00458961  0.000284379  -0.00111305  -0.0452185  0.0232859  -0.636107  
0.00487872  8.00034e-05  -0.00122076  -0.0376258  0.00961508  -0.64198  
0.00484248  0.000503292  -0.00128665  -0.0443254  0.00911316  -0.614392  
0.003911  0.000667069  -0.000837087  -0.0461886  0.0486933  -0.620102  
0.00446026  0.000324402  -0.0010792  -0.0449454  0.010434  -0.619964  
0.00530468  0.000631739  -0.000767919  -0.062948  0.0222143  -0.685061  
0.00498936  0.00036245  -0.000689074  -0.0691234  0.0200782  -0.668602  
0.00478053  0.000377912  -0.00104265  -0.0596211  0.0133392  -0.666491  
0.00485403  0.000445596  -0.00102886  -0.057976  0.0146414  -0.66136  
0.00481159  0.000942256  -0.000825161  -0.0567776  0.0364702  -0.684602  
0.00463669  0.000611719  -0.000943765  -0.0505515  0.0158913  -0.657956  
0.00528566  0.000476852  -0.00102882  -0.056466  0.00312073  -0.697368  
0.0047916  0.000206312  -0.000304845  -0.072733  0.00731989  -0.697357  
0.00461051  0.000572891  -0.00101658  -0.0593988  0.0159847  -0.687358  
0.00365204  0.000730159  -0.000782543  -0.0592033  0.0167107  -0.661466  
0.00443694  0.00066664  -0.00073464  -0.0665025  0.0224241  -0.698306  
0.00416749  0.000727884  -0.000788377  -0.0695045  -0.000917322  -0.679019  
0.00364275  0.000794686  -0.000737639  -0.0654904  0.0110677  -0.67037  
0.00428039  0.000725075  -0.000659773  -0.0735659  0.0132225  -0.682539  
0.00425513  0.000581992  -0.000412436  -0.0752377  0.0197604  -0.682439  
0.00425321  0.000401482  -0.00026783  -0.0790151  0.00737057  -0.69952  
0.00288235  0.000285553  -0.000364111  -0.0800879  0.0145575  -0.679378  
0.00275051  0.000254678  -0.000325121  -0.0821031  0.030352  -0.692273  
0.00250051  0.000462413  -0.000465798  -0.0742465  0.0473364  -0.698299  
0.00287961  0.00076102  -0.000688677  -0.0688324  -0.0115784  -0.678562  
0.0032401  0.000771329  -0.000578402  -0.0687815  0.0226284  -0.706666  
0.00450125  0.000494019  -0.000298252  -0.0731242  0.0113021  -0.74318  
0.00460898  0.000591557  -0.000260303  -0.0757709  0.0147357  -0.734518  
0.00496843  0.000273906  -0.000290456  -0.0825994  0.0247042  -0.739434  
0.00472723  0.00024039  -0.000373304  -0.0825236  0.0313156  -0.728686  
0.00449133  0.00062841  -0.000576772  -0.0736525  0.0425234  -0.719151  
0.00469522  0.000206773  -0.000350099  -0.078872  0.0282744  -0.723956  
0.00445777  9.76431e-05  -0.000414019  -0.0790869  0.0319103  -0.727994  
0.00296467  0.000259227  -0.000746787  -0.0736745  0.0510911  -0.713244  
0.00395343  0.0006804  -0.000644615  -0.0701873  0.0280853  -0.742465  
0.00428118  0.000616698  -0.001001  -0.0593853  0.0175365  -0.753619  
0.00473331  0.000512311  -0.000598783  -0.0717803  0.00704733  -0.763997  
0.0045177  0.000549461  -0.00102092  -0.0520612  0.0135493  -0.764381  
0.0042293  0.000896829  -0.000753725  -0.0532558  0.0545423  -0.767692  
0.00425731  0.00092344  -0.000792483  -0.0614865  -0.00136159  -0.741821  
0.00419962  0.000983341  -0.000712044  -0.0635566  0.0470005  -0.772062  
0.00473171  0.00123861  -0.000597701  -0.0652025  0.0306823  -0.778847  
0.00487399  0.00102438  -0.000647829  -0.0686042  0.0146196  -0.753974  
0.00471872  0.00108793  -0.000686851  -0.0647467  0.0238888  -0.753735  
0.00488471  0.000687988  -0.000560675  -0.0727221  0.0383728  -0.760516  
0.00358805  0.000799194  -0.0006012  -0.0743156  0.0280838  -0.743456  
0.00349492  0.000575445  -0.00067511  -0.0906845  0.032977  -0.830202  
0.00210157  0.000369232  -0.000557555  -0.0973831  0.0199289  -0.771676  
0.00152085  0.000535959  -0.000266952  -0.079602  0.0902077  -0.771202  
0.00236951  0.00086418  -0.000646712  -0.0779171  -0.0135193  -0.747185  
0.00377049  0.00108733  -0.000618298  -0.0783011  0.00352004  -0.793462  
0.00436404  0.000575863  -0.00049973  -0.0829015  0.0126362  -0.82519  
0.00456604  0.000312939  -0.000305954  -0.0892052  0.0283056  -0.861223  
0.00391039  0.000418719  -0.000360415  -0.0829501  0.0222021  -0.814086  
0.003638  0.000761478  -0.000367228  -0.0792209  0.0371129  -0.810172  
0.00230779  0.000603974  -0.000340121  -0.0757457  0.0434538  -0.7713  
0.00431883  0.00070715  -0.000331579  -0.0800163  0.0323772  -0.827042  
0.00524263  0.000472846  -0.000259405  -0.0862877  0.0420528  -0.867432  
0.00516871  0.000590775  -0.000499407  -0.0827768  0.0406809  -0.859344  
0.00511026  0.000860463  -0.000381149  -0.0739887  0.0687167  -0.873304  
0.00585388  0.000298697  -0.000361093  -0.0804766  0.042733  -0.905644  
0.00593885  9.74002e-05  -0.000293997  -0.0832194  0.035075  -0.890924  
0.00600716  0.000248521  -0.000357521  -0.0861759  0.0360263  -0.891439  
0.00572784  0.000521871  -0.000438681  -0.0836486  0.0476601  -0.901144  
0.0058069  0.000289546  -0.000297903  -0.0791568  0.0467251  -0.885975  
0.00581914  0.000343484  -0.000389815  -0.0820453  0.020009  -0.870299  
0.00572548  0.000320438  -0.00055185  -0.0738382  0.039021  -0.888083  
0.00545288  0.00128734  -0.000651974  -0.0688245  0.0624676  -0.892125  
0.0058953  0.00126517  -0.000817332  -0.0607091  0.00778092  -0.853932  
0.00578211  0.0018718  -0.000474214  -0.0652318  0.071214  -0.896112  
0.00608747  0.00172372  -0.000665989  -0.0729668  0.000305321  -0.89055  
0.00603423  0.00201408  -0.000613782  -0.0670961  0.0237563  -0.890402  
0.00622  0.00219049  -0.000573113  -0.0578021  0.0470288  -0.919349  
0.00610846  0.0012264  -0.000788672  -0.0598306  0.0438576  -0.898276  
0.00625616  0.00191396  -0.000814647  -0.0554854  0.030924  -0.91256  
0.006136  0.00152942  -0.000677715  -0.0617645  0.0437201  -0.911053  
0.00597223  0.00207935  -0.000586307  -0.0528884  0.0429712  -0.894607  
0.00606151  0.00175237  -0.000571343  -0.0523659  0.0257333  -0.890426  
0.00602604  0.0020744  -0.000693999  -0.0567739  0.0151933  -0.887139  
0.00581914  0.00233397  -0.000611434  -0.051528  0.0479591  -0.903853  
0.00576053  0.00079729  -0.000744272  -0.064701  0.02756  -0.872314  
0.00575037  0.00196123  -0.000617692  -0.0548474  0.0319343  -0.887566  
0.00552807  0.00114116  -0.000916536  -0.0580141  0.0285874  -0.87764  
0.00553894  0.00241083  -0.000628483  -0.0581896  0.0587268  -0.905644  
0.00590636  0.00197454  -0.000775139  -0.0615557  0.0208201  -0.904429  
0.00581914  0.00240551  -0.000659554  -0.0522365  0.0338172  -0.906403  
0.00562866  0.00267296  -0.000665165  -0.0435484  0.0510005  -0.91448  
0.00576965  0.0025346  -0.000636093  -0.0459323  0.0432151  -0.893395  
0.00575531  0.00231145  -0.000716915  -0.0526235  0.0437906  -0.900168  
0.00570734  0.00274197  -0.00072835  -0.0563695  0.0259996  -0.917127  
0.00560542  0.00260938  -0.00063869  -0.0558487  0.0510678  -0.919602  
0.00555838  0.00244211  -0.00064299  -0.0571805  0.0543483  -0.904303  
0.00561503  0.00257378  -0.000684644  -0.0516726  0.0195816  -0.870892  
0.0054156  0.00265393  -0.000606341  -0.0572606  0.0554559  -0.901763  
0.00551204  0.00248382  -0.000677055  -0.0534521  0.0491787  -0.894906  
0.00556551  0.00225836  -0.000752565  -0.0569026  0.0391215  -0.887378  
0.00548453  0.00237108  -0.000850013  -0.055253  0.034004  -0.872522  
0.0053607  0.00246282  -0.000702813  -0.0556395  0.0570807  -0.881995  
0.00523944  0.00237483  -0.000764006  -0.0598691  0.0409815  -0.879551  
0.00547146  0.0024938  -0.000811404  -0.0553556  0.0395812  -0.889308  
0.00552203  0.00288001  -0.000774222  -0.0628068  0.0465769  -0.918391  
0.00565709  0.0025052  -0.000792009  -0.0656061  0.053879  -0.915892  
0.00584288  0.00225134  -0.000931194  -0.0604676  0.0551856  -0.910196  
0.00593443  0.00225313  -0.000955584  -0.0630335  0.048055  -0.934217  
0.00559567  0.00261129  -0.000839381  -0.069043  0.0535001  -0.936407  
0.00562782  0.00244968  -0.000782404  -0.0662736  0.0530333  -0.956722  
0.0054156  0.00289213  -0.000619685  -0.0692121  0.043854  -0.938249  
0.00568657  0.00216051  -0.000899028  -0.0748139  0.0301164  -0.96268  
0.00568666  0.00267977  -0.000856346  -0.0802813  0.0342801  -0.981396  
0.00564585  0.00264251  -0.00078198  -0.0677141  0.0542315  -0.98878  
0.00558871  0.00318833  -0.000754179  -0.0629467  0.0539468  -0.996199  
0.00554192  0.00303953  -0.000801035  -0.0648947  0.0438933  -0.974895  
0.00554826  0.00317937  -0.000830934  -0.0651306  0.0370307  -0.979401  
0.00553817  0.00302375  -0.000746306  -0.0704577  0.0712136  -1.02462  
0.00570182  0.00199581  -0.00082954  -0.076278  0.0482183  -1.00654  
0.00590318  0.00266084  -0.00103449  -0.0727626  0.0497125  -0.9916  
0.00537695  0.003235  -0.00071239  -0.0724264  0.074598  -1.0125  
0.00552202  0.00294733  -0.000741309  -0.069542  0.0620933  -1.00095  
0.00551958  0.00274253  -0.000843143  -0.0811199  0.0187671  -0.981132  
0.00542095  0.00291761  -0.000646831  -0.0771226  0.0654583  -1.01951  
0.0056622  0.00260273  -0.000899122  -0.0779371  0.0324072  -0.993916  
0.00571651  0.00179386  -0.000539669  -0.0956204  0.023277  -0.994893  
0.00539882  0.00308157  -0.000538175  -0.0786932  0.0501621  -1.00964  
0.00571659  0.00292663  -0.000556918  -0.0769698  0.0368698  -0.994198  
0.00560636  0.00236271  -0.000544962  -0.087011  0.0255749  -1.0147  
0.00555817  0.00269292  -0.000574365  -0.0834691  0.0467513  -1.01115  
0.00519304  0.00303278  -0.000334712  -0.0784054  0.067611  -1.00505  
0.0056183  0.00119228  -0.000363177  -0.110949  0.0364377  -0.977062  
0.00539475  0.00139857  -0.00045325  -0.111837  0.0444093  -0.992683  
0.00520397  0.00181625  -0.00047496  -0.104534  0.0568491  -1.01593  
0.00509348  0.00157589  -0.000448844  -0.108464  0.0525583  -0.9749  
0.00527945  0.00138304  -0.000568621  -0.104314  0.0324787  -0.95008  
0.00502518  0.00270473  -0.000626429  -0.0868866  0.0789339  -0.985536  
0.00532667  0.00198738  -0.000572605  -0.0924051  0.0446159  -0.964683  
0.00531748  0.00138454  -0.000561562  -0.093078  0.036575  -0.946921  
0.00517118  0.00161613  -0.000618454  -0.0964191  0.0646163  -0.980375  
0.00535721  0.00162454  -0.000509902  -0.100755  0.0572338  -0.989758  
0.00531853  0.00128356  -0.000275738  -0.115039  0.052418  -0.988476  
0.00515273  0.0017822  -0.000462973  -0.109398  0.0620516  -1.00408  
0.00473405  0.00171863  -0.000386953  -0.109278  0.0821259  -0.989172  
0.00525439  0.001299  -0.000293643  -0.112054  0.0282898  -0.948851  
0.00514715  0.00150233  -0.00048507  -0.107196  0.0524765  -0.950797  
0.0048605  0.00148688  -0.000255261  -0.106483  0.0705772  -0.988788  
0.00528547  0.00164709  -0.000427152  -0.108603  0.028538  -0.968745  
0.00535447  0.00132599  -0.000367123  -0.111651  0.0365852  -0.974302  
0.00507244  0.00152425  -0.000305381  -0.11688  0.0468818  -0.988014  
0.00457579  0.00239156  -0.000277395  -0.110424  0.0837892  -0.999523  
0.00492836  0.00202564  -0.000365414  -0.108396  0.0254227  -0.962978  
0.00489574  0.00177315  -0.000358614  -0.110539  0.0584097  -0.985357  
0.00474255  0.00286699  -0.000302127  -0.104366  0.0594844  -1.00999  
0.00529841  0.00182727  -0.000528461  -0.112875  0.0378949  -0.989897  
0.00499614  0.0018782  -0.000452945  -0.116991  0.0543325  -1.01027  
0.00480553  0.00293354  -0.000556638  -0.103487  0.07658  -1.01919  
0.00503151  0.00209501  -0.000378222  -0.113511  0.0579959  -0.984846  
0.00493857  0.00299259  -0.000361627  -0.103093  0.0586751  -0.991775  
0.00447685  0.00348808  -0.000307872  -0.100242  0.078083  -1.02422  
0.00471916  0.00309408  -0.000226105  -0.110581  0.0558151  -1.02449  
0.00482567  0.00233901  -0.000322658  -0.123816  0.0240829  -0.999499  
0.00447686  0.00335922  -0.000380165  -0.110568  0.0624339  -1.03066  
0.0047103  0.00304526  -0.000286509  -0.110986  0.0513248  -1.00488  
0.00487342  0.00198044  -0.000414267  -0.119774  0.0291942  -1.00985  
0.00466719  0.00286484  -0.000340327  -0.109949  0.0722698  -1.02666  
0.00515606  0.00308023  -0.000428015  -0.10174  0.0583259  -1.03287  
0.00587527  0.0018122  -0.000493786  -0.115737  0.0162422  -1.00218  
0.00530543  0.00261269  -0.000562324  -0.104955  0.069676  -1.03985  
0.0059204  0.0020555  -0.000796608  -0.104307  0.0139212  -1.00879  
0.00604131  0.00250184  -0.000819458  -0.0961912  0.0596012  -1.02323  
0.00609995  0.00212113  -0.000723795  -0.107536  0.0427166  -1.016  
0.00627585  0.00168899  -0.00042496  -0.108  0.0309743  -0.997436  
0.00588839  0.00200661  -0.000613394  -0.104185  0.0424211  -1.03861  
0.00587353  0.00254972  -0.000634705  -0.0981968  0.0358228  -1.01962  
0.00565465  0.00278365  -0.000556789  -0.099889  0.0738301  -1.05378  
0.00621622  0.00173949  -0.000336642  -0.113202  0.0259597  -1.03535  
0.00596647  0.00195408  -0.000543201  -0.115871  0.0471787  -1.04471  
0.00587269  0.00194971  -0.000546165  -0.11124  0.0414255  -1.05767  
0.00580663  0.00231264  -0.000599636  -0.112014  0.0311988  -1.03766  
0.00596129  0.00244002  -0.000676447  -0.101176  0.0251231  -1.02029  
0.00589444  0.003014  -0.000735972  -0.0938434  0.0493589  -1.03622  
0.00547363  0.00364389  -0.000238326  -0.0949624  0.0649696  -1.05927  
0.00580126  0.00320935  -0.000602171  -0.10412  0.0247138  -1.04918  
0.00585387  0.0029623  -0.00074569  -0.103875  0.0405385  -1.0645  
0.00571749  0.00359401  -0.000328606  -0.102015  0.0643003  -1.07  
0.0059671  0.00303187  -0.000467905  -0.102256  0.05516  -1.04366  
0.00566974  0.00316868  -0.000535789  -0.105266  0.0530775  -1.05488  
0.00532311  0.00348923  -0.00021198  -0.102943  0.0794561  -1.07066  
0.00600207  0.0026301  -0.000566326  -0.10405  0.011935  -1.04534  
0.00604502  0.00293658  -0.000475149  -0.107133  0.0424696  -1.06347  
0.00659745  0.00194475  -0.00016065  -0.119927  0.0517457  -1.06988  
0.00648774  0.00210764  -0.00016065  -0.113132  0.0603997  -1.0654  
0.00641592  0.00199278  -0.000259053  -0.116451  0.051132  -1.07638  
0.00650435  0.00286433  -0.000423216  -0.100835  0.0505464  -1.05805  
0.00640249  0.00272736  -0.000282444  -0.108012  0.0658072  -1.08417  
0.00625084  0.00345735  -0.000172282  -0.11041  0.082419  -1.07437  
0.00652236  0.00211289  -0.000198713  -0.119209  0.0218987  -1.04434  
0.006491  0.00209705  -0.000170272  -0.120999  0.0649416  -1.07302  
0.00669999  0.00204289  -0.000239216  -0.120555  0.0406152  -1.07785  
0.0067609  0.0019617  -0.000294123  -0.126198  0.0313063  -1.09025  
0.00661677  0.00242516  -0.000542556  -0.118667  0.0411501  -1.08458  
0.00613547  0.00327624  -0.000389362  -0.104148  0.0678345  -1.09127  
0.00653911  0.00296852  -0.000450054  -0.101982  0.0313007  -1.05647  
0.00667561  0.00342851  -0.000566426  -0.0966249  0.0429143  -1.07898  
0.00665107  0.0031709  -0.000425323  -0.106993  0.0608136  -1.07901  
0.00673515  0.00306259  -0.000465241  -0.0989068  0.0693995  -1.08484  
0.00654169  0.00311904  -0.00050368  -0.0971194  0.0575963  -1.03605  
0.00645767  0.00337724  -0.000240693  -0.0905947  0.0793312  -1.09113  
0.00650344  0.0031265  -0.000290088  -0.100402  0.0561733  -1.07358  
0.00662224  0.00291898  -0.000581301  -0.101594  0.0398895  -1.0674  
0.00665125  0.00316706  -0.000575772  -0.0953397  0.0533137  -1.08033  
0.00612232  0.00370866  -0.000489225  -0.0926191  0.069433  -1.08724  
0.00636404  0.00372495  -0.000501409  -0.0937102  0.0456615  -1.07389  
0.00626448  0.00338738  -0.000610651  -0.0955465  0.0183651  -1.06991  
0.00613277  0.00364282  -0.000663873  -0.0874581  0.0392702  -1.08059  
0.00605747  0.00354457  -0.000591871  -0.0891622  0.042789  -1.06502  
0.00587401  0.00381242  -0.000466827  -0.0860478  0.0713061  -1.05833  
0.00588482  0.00363007  -0.000547964  -0.0906583  0.0430298  -1.05724  
0.00587865  0.00393505  -0.00049052  -0.0892417  0.0565494  -1.09822  
0.00612559  0.00361818  -0.000285485  -0.0950172  0.0335056  -1.08001  
0.00618156  0.00379294  -0.00056417  -0.0894747  0.035972  -1.07749  
0.00618156  0.00396629  -0.000479709  -0.0917122  0.0558047  -1.06389  
0.00616907  0.00381159  -0.000327142  -0.0945071  0.0398579  -1.06581  
0.00656057  0.00361383  -0.000775712  -0.0892152  0.0420078  -1.06244  
0.00650726  0.00342616  -0.000626597  -0.0952811  0.0424538  -1.06699  
0.00636823  0.00368046  -0.000384318  -0.0863786  0.0513305  -1.08448  
0.00662078  0.0034606  -0.000548779  -0.091773  0.039888  -1.065  
0.00634603  0.00374523  -0.000509891  -0.0846453  0.0444559  -1.07558  
0.00621145  0.0035984  -0.000237008  -0.0864588  0.0668972  -1.10455  
0.00652183  0.00350191  -0.000437287  -0.0927886  0.0262097  -1.10355  
0.00652044  0.00352873  -0.000605887  -0.0863745  0.0348741  -1.11033  
0.00616527  0.00378839  -0.000462453  -0.086655  0.062783  -1.10869  
0.00637145  0.00379049  -0.000378213  -0.089041  0.0316529  -1.08154  
0.00636208  0.00357442  -0.000466138  -0.0827327  0.0354664  -1.07146  
0.00638586  0.00362925  -0.000502381  -0.0872219  0.0553617  -1.09506  
0.00629246  0.00374909  -0.000216948  -0.088769  0.064037  -1.07613  
0.00640217  0.00364182  -0.000424486  -0.0937238  0.0345692  -1.09717  
0.00612676  0.00387941  -0.000223972  -0.0944212  0.0703593  -1.1155  
0.00641947  0.00363266  -0.000396059  -0.0991065  0.0328491  -1.10391  
0.00658877  0.00352809  -0.000314739  -0.0986248  0.0281837  -1.09981  
0.00635071  0.0034059  -0.000408446  -0.0962158  0.0627415  -1.11708  
0.00650976  0.00362785  -0.000463175  -0.088124  0.0178114  -1.09122  
0.00638246  0.00389722  -0.000574448  -0.0895951  0.0258142  -1.08471  
0.00637203  0.00381194  -0.000475682  -0.091289  0.0593246  -1.12637  
0.00646852  0.00383746  -0.00061182  -0.0907756  0.0432628  -1.12205  
0.00664523  0.0037878  -0.000632578  -0.0922395  0.0201202  -1.11064  
0.00625326  0.00388253  -0.000494712  -0.0887234  0.0617463  -1.12671  
0.00646082  0.00378767  -0.000573377  -0.0971444  0.0378178  -1.11088  
0.00639582  0.00379477  -0.000667651  -0.0945253  0.00898953  -1.09047  
0.00629546  0.00398411  -0.000605615  -0.0866337  0.0477085  -1.10432  
0.00637457  0.0038023  -0.000607682  -0.0960103  0.0504544  -1.10132  
0.00650768  0.00367641  -0.0005719  -0.0915178  0.0242832  -1.10532  
0.00606492  0.00383778  -0.000498406  -0.0930186  0.0593723  -1.13505  
0.0065048  0.00353292  -0.000567659  -0.0994032  0.0271096  -1.1182  
0.00648644  0.00363994  -0.000827872  -0.0969357  0.0133599  -1.10085  
0.00615688  0.00349963  -0.000605575  -0.094591  0.0600442  -1.12855  
0.00631434  0.00360708  -0.000591943  -0.0971413  0.0203261  -1.11421  
0.00630286  0.00333959  -0.000746726  -0.0969522  0.0214399  -1.11797  
0.00605526  0.00301976  -0.000616513  -0.103776  0.0561312  -1.13856  
0.0064023  0.0027753  -0.000486466  -0.109891  0.0398242  -1.13729  
0.0065629  0.00281442  -0.000593685  -0.099023  0.0308515  -1.10078  
0.00616536  0.00369203  -0.0006614  -0.0844126  0.0640336  -1.12709  
0.006426  0.00342839  -0.000604958  -0.0822245  0.05277  -1.11121  
0.00668441  0.00335441  -0.000588616  -0.0875391  0.0319654  -1.12002  
0.00629621  0.00358398  -0.000599754  -0.0858785  0.0580705  -1.11423  
0.00636591  0.00359908  -0.000409004  -0.0885451  0.0537063  -1.11914  
0.00640258  0.00356848  -0.000533791  -0.0904594  0.0199195  -1.10126  
0.0063159  0.00359288  -0.000601026  -0.0834776  0.0515967  -1.11199  
0.0061639  0.00385792  -0.000439072  -0.081895  0.0653791  -1.11389  
0.00638757  0.00361456  -0.000610813  -0.0828037  0.0538738  -1.10668  
0.00598159  0.00376476  -0.000657566  -0.0876048  0.0706646  -1.12289  
0.00627303  0.00351975  -0.000600902  -0.0864751  0.044051  -1.08149  
0.00619472  0.00389226  -0.000507604  -0.085983  0.0433444  -1.08099  
0.00624745  0.00398346  -0.000423079  -0.0870331  0.0541697  -1.10183  
0.00652325  0.00422812  -0.00031093  -0.0811966  0.0230665  -1.10126  
0.00658732  0.00416554  -0.000468274  -0.0831002  0.0501129  -1.1054  
0.00920531  0.00491198  -0.000456669  -0.0298458  0.0641338  -1.05195  
0.00867373  0.00491784  -0.000225656  -0.0420091  0.107655  -1.03677  
0.0074417  0.00505026  -0.00059638  -0.0581906  0.0731196  -0.994852  
0.00758754  0.00471385  -0.000723839  -0.0684373  0.0336989  -0.974475  
0.00709789  0.00556667  -0.000151898  -0.0561044  0.0891375  -1.01696  
0.0076404  0.00481815  -0.000710916  -0.0735747  -0.0591082  -0.934732  
0.00758019  0.00481953  -0.00101852  -0.0842853  0.0555572  -0.957994  
0.00699244  0.00490143  -0.000769331  -0.0838669  0.102958  -0.970147  
0.00722478  0.00455674  -0.000729526  -0.0836947  0.083454  -0.956357  
0.00716058  0.00470898  -0.000741768  -0.0885603  0.077631  -0.951033  
0.00678866  0.00450188  -0.000656744  -0.0892218  0.0932907  -0.948214  
0.0072606  0.00457158  -0.000717357  -0.0870437  0.0503428  -0.934517  
0.00710407  0.00505032  -0.000602663  -0.0839135  0.084485  -1.00396  
0.0071591  0.00478035  -0.000688259  -0.0873846  0.0639914  -0.986383  
0.00702681  0.00497386  -0.0007049  -0.0872653  0.0230698  -0.959574  
0.00718831  0.00472103  -0.000151898  -0.0118459  0.0464322  -0.869688  
0.00668731  0.00510137  -0.000819592  -0.0729366  0.0803427  -0.88678  
0.00672867  0.00510246  -0.00103934  -0.0697902  0.0300872  -0.891652  
0.00625895  0.00509475  -0.000860408  -0.0727679  0.085287  -0.929773  
0.00649805  0.00511591  -0.000974671  -0.0723139  0.037327  -0.910296  
0.00659969  0.00525872  -0.000907016  -0.0629684  0.0903936  -0.920581  
0.00653146  0.0050269  -0.00102905  -0.0680491  0.0525844  -0.920355  
0.00613019  0.00521275  -0.000908737  -0.0737737  0.108675  -0.928785  
0.00614789  0.00515403  -0.00108907  -0.0752593  0.0346093  -0.941314  
0.00572772  0.00529808  -0.000968686  -0.079538  0.0790351  -0.992977  
0.0064498  0.00496658  -0.00122953  -0.0857964  0.0257418  -1.01695  
0.00670392  0.00475308  -0.00133861  -0.0924638  0.0282055  -1.02368  
0.00742038  0.00413905  -0.00180192  -0.103224  0.0450216  -1.0649  
0.00859028  0.00325884  -0.00193137  -0.121405  0.0375079  -1.13249  
0.00752105  0.00364637  -0.0017128  -0.120271  0.0709904  -1.13509  
0.00782904  0.00321356  -0.00177169  -0.126236  0.0389512  -1.16748  
0.00777401  0.00325569  -0.0018884  -0.117223  0.0408192  -1.17907  
0.00761942  0.00311079  -0.00149209  -0.12968  0.0516408  -1.19069  
0.00813048  0.00260672  -0.00138996  -0.122704  0.0445871  -1.21777  
0.00775867  0.00281383  -0.00138674  -0.116512  0.0675916  -1.22954  
0.00783646  0.00207309  -0.0014363  -0.121137  0.0677306  -1.21168  
0.00791313  0.00241111  -0.00134158  -0.117658  0.0675388  -1.19896  
0.0082919  0.00304082  -0.00117738  -0.110351  0.0673867  -1.17777  
0.00852471  0.00246486  -0.000878443  -0.124494  0.0500809  -1.21443  
0.00796152  0.00333009  -0.000987912  -0.110956  0.0294273  -1.13289  
0.00762339  0.00407975  -0.000725193  -0.0944272  0.0805752  -1.17202  
0.00772549  0.00354694  -0.000956497  -0.101469  0.0239712  -1.15763  
0.00798248  0.00368612  -0.00109522  -0.10921  0.0285766  -1.16606  
0.00816944  0.00430591  -0.000832282  -0.104283  0.076908  -1.16938  
0.00852908  0.00455437  -0.00087591  -0.0936344  0.0152058  -1.09501  
0.00780617  0.00462968  -0.00100118  -0.0962507  0.0555115  -1.11171  
0.00816714  0.00435154  -0.0010643  -0.098175  0.0135009  -1.11183  
0.00775408  0.00477488  -0.000932422  -0.095929  0.0643582  -1.14263  
0.00804481  0.0048973  -0.000910648  -0.0848087  0.0427832  -1.05699  
0.00850377  0.00456296  -0.000734215  -0.108767  0.0591474  -1.13497  
0.00844799  0.00496129  -0.000821527  -0.0955314  0.0354183  -1.12652  
0.0081722  0.00478147  -0.000831663  -0.0947214  0.0366086  -1.14038  
0.00814421  0.00494296  -0.000896311  -0.0854468  0.033148  -1.13069  
0.00841041  0.00478098  -0.000932954  -0.0926016  0.00188058  -1.11621  
0.00794069  0.00491519  -0.00087036  -0.0822987  0.0395378  -1.15325  
0.00793209  0.00476546  -0.000878694  -0.0787694  0.0342603  -1.14701  
0.00770277  0.00497429  -0.000890829  -0.0720956  0.025705  -1.1475  
0.00776386  0.00514186  -0.000791603  -0.0729469  0.047776  -1.15129  
0.00801254  0.00508472  -0.000899343  -0.0819063  0.0269671  -1.14551  
0.0078767  0.00528071  -0.000860428  -0.0805052  0.0671345  -1.16465  
0.00834516  0.00522362  -0.000919355  -0.0902622  0.0152814  -1.15201  
0.00816896  0.0052173  -0.000836241  -0.0837553  0.0393524  -1.16766  
0.00818567  0.0053374  -0.000821076  -0.0796531  0.0361886  -1.16395  
0.0083779  0.00550755  -0.00098597  -0.0781924  0.0248758  -1.15582  
0.00785115  0.00570238  -0.000815977  -0.0734078  0.0638456  -1.18816  
0.00835623  0.00557781  -0.000804439  -0.0777773  0.017139  -1.15943  
0.00800105  0.00548372  -0.000797834  -0.080533  0.0375754  -1.15224  
0.00791588  0.00564697  -0.000775364  -0.0787251  0.0448326  -1.16367  
0.00824016  0.00534116  -0.000859731  -0.0808202  0.0193924  -1.14692  
0.00772456  0.00569145  -0.000914103  -0.0838876  0.0519815  -1.15918  
0.00806721  0.00574202  -0.000942763  -0.0778704  0.0390109  -1.14115  
0.00806089  0.0055931  -0.00103012  -0.0673921  0.0304054  -1.13598  
0.00796594  0.00573307  -0.000786485  -0.0692304  0.0534707  -1.13561  
0.00828132  0.00550831  -0.000878847  -0.063478  0.0238  -1.13018  
0.00807479  0.00561899  -0.000900568  -0.0680821  0.0297506  -1.14966  
0.00792321  0.00575712  -0.000786571  -0.0671835  0.0539536  -1.17281  
0.00810993  0.00556329  -0.000890805  -0.0761885  0.00138837  -1.16362  
0.00815487  0.00564074  -0.000824211  -0.0785107  0.0258645  -1.17818  
0.00807171  0.0056774  -0.000819245  -0.0725022  0.0262419  -1.15951  
0.00819627  0.00547826  -0.00101658  -0.0770824  0.00714806  -1.15353  
0.00797859  0.00574102  -0.000888352  -0.0799068  0.0458473  -1.17707  
0.00778525  0.00580428  -0.000915531  -0.0719306  0.0420419  -1.17013  
0.0083174  0.00585898  -0.00103299  -0.0804377  0.0221789  -1.17311  
0.00806139  0.00607303  -0.000910993  -0.0732965  0.0471044  -1.19641  
0.00785206  0.00610428  -0.000974651  -0.075925  0.0454223  -1.20918  
0.00788859  0.00613239  -0.000888304  -0.0739246  0.0365079  -1.18231  
0.00783582  0.00607803  -0.000973572  -0.0711423  0.0439105  -1.20403  
0.0074898  0.00599551  -0.000871367  -0.0715181  0.0602309  -1.2069  
0.00764805  0.00597315  -0.000909923  -0.0761014  0.0273786  -1.18199  
0.00770569  0.00586833  -0.000855891  -0.0897886  0.0327544  -1.20443  
0.0079006  0.00579322  -0.000968411  -0.0792826  0.0304754  -1.20738  
0.00797555  0.00601783  -0.00093778  -0.0838268  0.0227803  -1.21139  
0.00807038  0.0058764  -0.00108884  -0.0803915  0.0251169  -1.21572  
0.00836222  0.00597067  -0.00102236  -0.08149  0.0333214  -1.25174  
0.00825594  0.00619698  -0.00107278  -0.0835452  0.0509054  -1.21885  
0.00784845  0.00634047  -0.00107565  -0.0763387  0.057445  -1.21441  
0.00760849  0.00622991  -0.0010453  -0.0748616  0.0529048  -1.19806  
0.00784845  0.00624926  -0.00114552  -0.0856327  0.0394366  -1.19744  
0.0072278  0.00624984  -0.00123223  -0.0853369  0.0513725  -1.2306  
0.00687149  0.00607687  -0.00102846  -0.0824831  0.0534935  -1.24838  
0.00679675  0.00565578  -0.00130361  -0.0875993  0.0399333  -1.215  
0.00710417  0.00607687  -0.00125898  -0.0793971  0.0194299  -1.18825  
0.00688556  0.00632687  -0.00117002  -0.0791922  0.0477846  -1.21525  
0.0069793  0.00648114  -0.00113416  -0.087077  0.0472028  -1.23133  
0.00710268  0.0062043  -0.00129486  -0.0888811  0.0228861  -1.21896  
0.00672648  0.00633622  -0.0011744  -0.0887315  0.0416474  -1.21423  
0.00698668  0.00662968  -0.00110566  -0.0795773  0.0275782  -1.20524  
0.00715392  0.00651524  -0.00117494  -0.0817095  0.0376967  -1.20354  
0.00690284  0.00655745  -0.00111974  -0.0774897  0.0559038  -1.19575  
0.00694471  0.00645009  -0.00109692  -0.0775983  0.0384472  -1.19793  
0.00706004  0.00607687  -0.00116211  -0.0891264  0.0347581  -1.19787  
0.00700673  0.00617738  -0.00109978  -0.079234  0.0576129  -1.19829  
0.00721257  0.00607687  -0.0010649  -0.0815611  0.0481997  -1.20772  
0.00700571  0.00623945  -0.00108984  -0.0766225  0.038508  -1.20907  
0.00671005  0.00619999  -0.00102713  -0.0729726  0.0444703  -1.22719  
0.00701825  0.00579088  -0.00114009  -0.0767893  0.0167323  -1.20674  
0.00708989  0.00611766  -0.00105183  -0.0870747  0.0310884  -1.18837  
0.00706162  0.00532092  -0.000847926  -0.0884374  0.0419633  -1.22752  
0.00685423  0.00520394  -0.000827057  -0.0891659  0.0366532  -1.21212  
0.00699498  0.00495714  -0.000871403  -0.0919299  0.021942  -1.20028  
0.00696595  0.00533959  -0.000910632  -0.0896811  0.0373322  -1.21691  
0.00699596  0.0055203  -0.000802036  -0.0835813  0.0503814  -1.21875  
0.00683672  0.0051852  -0.000915742  -0.0894338  0.0324626  -1.23106  
0.00688225  0.00497812  -0.0009916  -0.091242  0.0320097  -1.20356  
0.0068793  0.0051852  -0.000941941  -0.0858003  0.0480567  -1.22221  
0.00801349  0.00501289  -0.000951048  -0.0888621  0.0377545  -1.22106  
0.00806029  0.00479727  -0.00107639  -0.0999112  0.0198239  -1.216  
0.00730994  0.00518942  -0.00091117  -0.0912422  0.022267  -1.24299  
0.00754539  0.00511077  -0.000937963  -0.0894046  0.00735701  -1.23977  
0.00742611  0.00513743  -0.00085772  -0.0908075  0.0270123  -1.2412  
0.00780351  0.00545857  -0.000954481  -0.0819196  0.0226427  -1.22716  
0.00760826  0.00536419  -0.000843345  -0.08976  0.0450284  -1.21924  
0.00787887  0.00514771  -0.000832527  -0.0895926  0.0422086  -1.22715  
0.00759938  0.00534739  -0.000948094  -0.0885457  0.0351335  -1.23299  
