-0.00819931  0.00256804  0.000859341  -0.170303  -0.504495  -0.117195  
-0.0081952  0.00281445  0.000577203  -0.174123  -0.421884  -0.123908  
-0.00751917  0.00362066  0.000850248  -0.174072  -0.379803  -0.150711  
-0.00619703  0.00381334  0.00107011  -0.168576  -0.4025  -0.252922  
-0.0041046  0.00346852  1.3998e-05  -0.179644  -0.494785  -0.203949  
-0.00442385  0.00308835  0.000190239  -0.164596  -0.40949  -0.192382  
-0.00493844  0.00253643  0.000472847  -0.157168  -0.394117  -0.170458  
-0.00494284  0.00297625  0.000181448  -0.168318  -0.404467  -0.178469  
-0.00497341  0.00291016  0.000347146  -0.168397  -0.386204  -0.178701  
-0.00492783  0.00303053  0.00031149  -0.170449  -0.403241  -0.192846  
-0.0046002  0.00316327  0.000620433  -0.157746  -0.393617  -0.164159  
-0.00452871  0.00316327  0.00109486  -0.14357  -0.37177  -0.143302  
-0.00408152  0.00316327  0.00165964  -0.136303  -0.376099  -0.148753  
-0.0044582  0.00316327  0.00226651  -0.135876  -0.361173  -0.141179  
-0.00440059  0.00316327  0.002143  -0.134032  -0.387098  -0.156112  
-0.00434209  0.00316327  0.00225419  -0.130924  -0.343922  -0.150787  
-0.00443634  0.00316327  0.00261019  -0.121934  -0.360894  -0.141719  
-0.0046705  0.00252089  0.00225715  -0.12488  -0.328849  -0.115797  
-0.00666255  0.00429054  0.00208591  -0.086945  -0.26941  -0.0314588  
-0.00792934  0.0074018  -0.00403585  -0.25564  -0.255941  -0.0137781  
-0.00699072  0.00713204  -0.00155303  -0.188993  -0.192345  -0.0623965  
-0.00581026  0.0065592  0.000639628  -0.178028  -0.26249  -0.122244  
0.00379683  0.00656151  0.00488311  -0.181144  -0.16637  -0.294814  
0.00133094  0.0061098  0.00576595  -0.106778  -0.239722  -0.244432  
-2.89658e-05  0.0053652  0.00425496  -0.131749  -0.168344  -0.201123  
0.00028029  0.00545653  0.00398095  -0.139498  -0.224164  -0.208104  
-0.00158721  0.00545653  0.0025568  -0.175782  -0.216049  -0.183795  
-0.00311214  0.00522011  0.00338727  -0.0817479  -0.318844  -0.161133  
-0.00428742  0.00494803  0.00290241  -0.0813705  -0.267663  -0.105652  
-0.00424453  0.00490966  0.00294321  -0.0704335  -0.277476  -0.126383  
-0.00371515  0.00488521  0.00316004  -0.0733258  -0.309677  -0.156378  
-0.00447882  0.00488521  0.0031424  -0.064889  -0.288647  -0.138464  
-0.00411416  0.00437557  0.00318168  -0.0617845  -0.279974  -0.121812  
-0.00428664  0.00488521  0.00338727  -0.0668378  -0.28699  -0.13429  
-0.00433832  0.00436093  0.00296483  -0.0665019  -0.286627  -0.125699  
-0.00407207  0.00462072  0.00299706  -0.0765081  -0.275905  -0.126428  
-0.00427718  0.00464398  0.00285804  -0.0843964  -0.278  -0.128162  
-0.00437271  0.00428329  0.00293192  -0.0743287  -0.283967  -0.137706  
-0.00425207  0.00396242  0.00119991  -0.134355  -0.282776  -0.150867  
-0.00455627  0.00445895  0.002584  -0.0671505  -0.299537  -0.147424  
-0.00505162  0.00416  0.00205069  -0.0387474  -0.286714  -0.0819069  
-0.00462537  0.00426764  0.00147994  -0.0648557  -0.256458  -0.105047  
-0.00524836  0.00492124  0.000468845  -0.0879911  -0.290473  -0.105195  
-0.0049055  0.00491646  -0.000927884  -0.144915  -0.255672  -0.114671  
-0.00580564  0.00532342  -0.000927884  -0.118211  -0.279988  -0.0848241  
-0.0058861  0.00514444  -0.00276255  -0.166496  -0.296549  -0.0820757  
-0.00683713  0.00447808  -0.00274957  -0.156719  -0.325716  -0.0435741  
-0.00668374  0.00551124  -0.00304673  -0.177344  -0.258637  -0.0836707  
-0.00786771  0.00514863  -0.00562021  -0.215546  -0.134557  0.111602  
-0.0112312  0.00732504  -0.0138494  -0.305129  -0.299805  0.251294  
-0.00502217  0.00480695  -0.00334626  -0.13779  -0.260097  0.066737  
-0.00507491  0.00520837  -0.00268433  -0.11586  -0.207577  0.0683449  
-0.00643059  0.00492248  -0.00408691  -0.155065  -0.204555  0.0882121  
-0.005742  0.00524214  -0.00428547  -0.158684  -0.260306  0.05395  
-0.00599295  0.00477766  -0.00436305  -0.153609  -0.248731  0.0444982  
-0.00581746  0.00482938  -0.00419576  -0.145388  -0.228785  0.0533242  
-0.00521864  0.00422555  -0.00375598  -0.136374  -0.266315  0.0500331  
-0.00462034  0.00401648  -0.00428547  -0.125338  -0.209328  0.0972111  
-0.00503335  0.00438561  -0.004689  -0.164373  -0.304164  -0.092277  
-0.00369266  0.00430722  -0.00522777  -0.190033  -0.370547  -0.113422  
-0.00133908  0.00343481  -0.00475278  -0.14655  -0.256199  -0.102739  
7.4297e-05  0.00373789  -0.00417243  -0.154121  -0.153112  -0.110935  
0.00201307  0.00307205  -0.00417243  -0.165126  -0.224146  -0.103932  
0.00599226  0.00384036  -0.0043775  -0.182394  -0.0733027  -0.258226  
0.00433057  0.00414987  -0.00374319  -0.153679  -0.203109  -0.235124  
-0.00156607  0.00204293  -0.00460742  -0.101798  -0.316187  -0.0594671  
-0.00239457  0.00117816  -0.00255657  0.00376786  -0.249552  -0.0910821  
-0.00259097  0.00139861  -0.00318462  -0.0425839  -0.265012  -0.0681116  
-0.00383694  0.00293226  -0.00187597  0.00398452  -0.233084  0.0310567  
-0.00706878  0.0020576  -0.00330614  0.0157675  -0.228887  0.195188  
-0.0107114  0.00121182  -0.00499626  0.00538013  -0.212548  0.331424  
-0.010386  0.00205963  -0.00523002  -0.0613774  -0.234208  0.240374  
-0.00930715  0.00221943  -0.00516632  -0.0692039  -0.289731  0.154943  
-0.00833611  0.00276361  -0.00544791  -0.077397  -0.289694  0.130773  
-0.00686196  0.00279767  -0.00559294  -0.0917603  -0.271977  0.119688  
-0.00555048  0.00265615  -0.00536222  -0.0919116  -0.246016  0.111248  
-0.00538993  0.00283736  -0.00508779  -0.0905241  -0.242311  0.100942  
-0.00547065  0.00248367  -0.00520482  -0.0862379  -0.243669  0.107519  
-0.00553109  0.00280527  -0.00495754  -0.0940322  -0.250151  0.0810721  
-0.00504888  0.00326814  -0.00433805  -0.115679  -0.18862  0.0175924  
-0.00303361  0.00380089  -0.00470471  -0.137163  -0.24073  -0.0768131  
-0.00261893  0.00242614  -0.00416963  -0.0921932  -0.263495  -0.035552  
-0.00650236  0.00214278  -0.00557799  -0.140743  -0.247002  0.0405223  
-0.00578063  0.00126539  -0.00549018  -0.140801  -0.291317  0.124727  
-0.00685345  0.00179895  -0.00596997  -0.162631  -0.266422  0.0820498  
-0.00692185  0.00235323  -0.00523097  -0.0896609  -0.251409  0.123724  
-0.00659338  0.00174011  -0.0042279  -0.0438895  -0.222571  0.132781  
-0.00539911  0.00174011  -0.00507654  -0.0692808  -0.180312  0.154039  
-0.00519728  0.00199241  -0.00523199  -0.0843413  -0.201961  0.150301  
-0.00553174  0.00259156  -0.00564906  -0.113244  -0.19469  0.099574  
-0.00408078  0.0026666  -0.0057046  -0.115814  -0.226357  0.0662832  
-0.00360213  0.00302  -0.00516345  -0.12165  -0.210943  0.0729011  
-0.00378918  0.00302  -0.00492708  -0.128989  -0.200014  0.0838631  
-0.0038659  0.00280097  -0.00571532  -0.173924  -0.167228  0.0957133  
-0.00517513  0.00345156  -0.00518755  -0.116308  -0.202481  0.092247  
-0.00443151  0.00377763  -0.00520026  -0.125012  -0.173734  0.0873466  
-0.00311234  0.00372437  -0.00571531  -0.132553  -0.178585  0.05434  
-0.00375225  0.00338246  -0.0071288  -0.143021  -0.195813  0.0640745  
-0.00355324  0.00365684  -0.0071288  -0.170835  -0.176521  0.0640658  
-0.00412915  0.00385729  -0.00897137  -0.274879  -0.19147  0.0640175  
-0.00234847  0.00342457  -0.00748395  -0.252464  -0.182777  0.0184482  
-0.00216833  0.00360187  -0.00609226  -0.150204  -0.182624  0.0492614  
-0.00247669  0.00422555  -0.00525185  -0.14396  -0.144161  0.0431018  
-0.0021823  0.00398672  -0.00578312  -0.143264  -0.155895  0.0653443  
-0.00245993  0.00404673  -0.00578312  -0.143219  -0.136896  0.0474317  
-0.00224156  0.00398672  -0.00614949  -0.152846  -0.131881  0.07474  
-0.00300187  0.00406587  -0.00650025  -0.172777  -0.136884  0.0747149  
-0.00441859  0.00410879  -0.00782987  -0.237213  -0.156275  0.104441  
-0.00392554  0.00369021  -0.00600769  -0.124958  -0.149456  0.0816582  
-0.00332177  0.0031516  -0.00578635  -0.107928  -0.156117  0.0295804  
-0.00231606  0.00337386  -0.00597541  -0.115203  -0.156186  0.0125197  
-0.00232268  0.0034997  -0.00622631  -0.124098  -0.142203  0.0293049  
-0.00219407  0.0034997  -0.00668922  -0.128293  -0.156256  0.0258423  
-0.00219407  0.00307111  -0.00693922  -0.128305  -0.15628  0.0373168  
-0.00128873  0.00321845  -0.00668679  -0.128296  -0.156359  -0.00421666  
-0.00164996  0.00307111  -0.00693922  -0.152069  -0.140809  0.0139846  
-0.00187303  0.00307111  -0.00786303  -0.205741  -0.156504  0.0527775  
-0.00117581  0.00294  -0.00787229  -0.172165  -0.161672  0.0527362  
-0.00155882  0.00275682  -0.00785746  -0.191397  -0.116072  0.0350985  
-0.00108626  0.00267935  -0.00764725  -0.191396  -0.119915  0.0273458  
-0.000583996  0.0024141  -0.00770952  -0.185588  -0.136995  0.0449523  
-0.000672424  0.00236108  -0.00765545  -0.186531  -0.109845  0.0282183  
-0.000268223  0.00214719  -0.00745432  -0.183257  -0.104978  0.0558912  
-0.000430213  0.00217832  -0.00659334  -0.137484  -0.101495  0.0558846  
-0.000121616  0.0024024  -0.00664225  -0.132326  -0.0856853  0.0764628  
2.37545e-07  0.0024024  -0.00648774  -0.133584  -0.0827211  0.0793357  
-0.0005783  0.00255396  -0.00736728  -0.183938  -0.0988194  0.0793311  
-0.000654105  0.00229284  -0.00754557  -0.191055  -0.0954645  0.0431431  
-0.000329559  0.00194894  -0.00744584  -0.19106  -0.0988593  0.0526972  
-2.87537e-05  0.00212074  -0.00715733  -0.191007  -0.098808  0.0388584  
0.000139427  0.00212628  -0.00707046  -0.190996  -0.0791982  0.0653561  
0.000186316  0.00217674  -0.00596073  -0.108277  -0.0829548  0.0420248  
2.06548e-05  0.00231485  -0.00592444  -0.117616  -0.0697853  0.0457404  
0.000434795  0.00265734  -0.00592491  -0.128228  -0.0845468  0.0419796  
0.00012756  0.00217674  -0.00558655  -0.122854  -0.0501397  0.0420361  
0.000724701  0.00264612  -0.00611036  -0.130157  -0.0851672  0.0630098  
-0.000392366  0.00334368  -0.00769537  -0.222589  -0.0712251  0.0599799  
-0.000212236  0.00278152  -0.00749303  -0.210532  -0.106266  0.0867886  
-0.000131457  0.00269437  -0.00725166  -0.21363  -0.0687347  0.0746531  
0.000530183  0.00238478  -0.00735111  -0.213645  -0.096249  0.0868129  
0.000125143  0.00243723  -0.00721145  -0.21364  -0.0446402  0.0868268  
0.000916294  0.00199345  -0.00751133  -0.196456  -0.0797849  0.0868693  
0.000383733  0.00218222  -0.00724389  -0.206065  -0.0486639  0.086865  
0.00108823  0.00218448  -0.00726133  -0.203009  -0.0727526  0.0895285  
0.00049354  0.00199345  -0.00627059  -0.136036  -0.0497855  0.0853863  
0.00049354  0.00229199  -0.00540618  -0.100616  -0.0633503  0.108715  
0.00049354  0.00237915  -0.00562612  -0.110586  -0.0478158  0.0970652  
-0.000144915  0.00305314  -0.00691203  -0.187667  -0.0848879  0.132881  
-0.00105966  0.00199345  -0.00782385  -0.20862  -0.108001  0.12897  
-0.000741671  0.0025337  -0.00605633  -0.140046  -0.0788685  0.0768746  
-0.000571713  0.00229666  -0.00702506  -0.186177  -0.0654672  0.0528089  
1.89613e-05  0.00199345  -0.00747058  -0.202315  -0.0680345  0.115353  
-0.00087586  0.0028479  -0.00607527  -0.147689  -0.0502162  0.112478  
-0.000493697  0.00296886  -0.00512664  -0.112807  -0.0560879  0.121627  
-0.000533407  0.00311159  -0.00498445  -0.12917  -0.0374315  0.0986511  
-0.000624128  0.00305905  -0.00541166  -0.129188  -0.0754827  0.0986498  
-0.00387291  0.00554957  -0.00462232  -0.192651  0.00968171  0.0069846  
0.000739734  0.00324833  -0.00477221  -0.120525  -0.16695  -0.0223732  
0.00286632  0.00300454  -0.00656273  -0.164392  -0.0667651  -0.0227132  
0.0044239  0.00328812  -0.00641319  -0.174013  -0.120268  -0.124258  
0.00430915  0.00410645  -0.00511398  -0.156601  0.00863559  -0.108377  
0.00594565  0.00420406  -0.0051412  -0.174916  -0.053236  -0.0902687  
0.00376386  0.00351502  -0.00478309  -0.122136  -0.0700293  0.000353678  
0.00198862  0.00307464  -0.00464821  -0.109707  -0.0852163  0.0395503  
0.00216454  0.00250759  -0.0052654  -0.135766  -0.0717697  0.030672  
4.93426e-05  0.00250759  -0.00582186  -0.17073  -0.0894654  0.0782882  
-0.000364934  0.00197361  -0.00555655  -0.158633  -0.148506  0.0616193  
-0.000667636  0.00117801  -0.00477276  -0.108323  -0.100488  0.0748211  
0.000196038  0.00191133  -0.00490818  -0.13611  -0.0412144  0.0341371  
0.00201549  0.0026227  -0.00490818  -0.175366  -0.111376  -0.0887701  
0.00591939  0.00312079  -0.00470592  -0.182948  -0.081455  -0.0870567  
0.0119043  0.00263047  -0.00386935  -0.126842  0.219982  -0.11709  
-0.00424314  0.00174911  -0.00478099  -0.134105  -0.218562  0.0910316  
0.00587849  0.00422562  -0.00145144  -0.109837  -0.18897  -0.141857  
0.00406154  0.00450235  -0.00221248  -0.0682533  -0.0666786  -0.101116  
0.00461921  0.00321612  -0.00338375  -0.0799553  -0.0274704  -0.118436  
0.00183663  0.00211316  -0.0048876  -0.147139  -0.0868902  -0.0577777  
0.00257916  0.00173544  -0.00470032  -0.149257  -0.147569  -0.0737051  
0.00148597  0.00173469  -0.00429689  -0.163297  -0.126921  -0.0786724  
0.00262569  0.00157682  -0.00383892  -0.138594  -0.147447  -0.0764895  
0.00207578  0.00211316  -0.00358994  -0.134125  -0.133253  -0.0766504  
0.00130452  0.00211316  -0.00388157  -0.13583  -0.116733  -0.0201  
0.00165703  0.00211316  -0.00388784  -0.13784  -0.104453  -0.0207106  
0.00251567  0.00211316  -0.00362984  -0.13365  -0.109658  -0.0135098  
0.00234783  0.00161716  -0.00381832  -0.126341  -0.10231  -0.0167112  
0.00253628  0.00161716  -0.00382504  -0.128715  -0.109285  -0.0203429  
0.00215661  0.00142695  -0.00415198  -0.112592  -0.104316  -0.020348  
0.00157525  0.000424084  -0.00515674  -0.0883782  -0.140487  -0.0410232  
0.00257315  0.000424084  -0.00385971  -0.0631759  -0.110316  -0.0708158  
0.00502452  0.00124119  -0.00336495  -0.0749142  -0.035693  -0.0759243  
0.00418704  0.000424084  -0.00400577  -0.0884943  -0.108788  -0.0448228  
0.00582092  0.000351827  -0.00323208  -0.0786401  -0.0522334  -0.0546086  
0.00498396  0.000632988  -0.0022123  -0.074088  0.0178782  -0.0679684  
0.00658506  0.00224362  -0.000546706  -0.0885252  -0.0516049  -0.0698387  
0.0165036  0.00295052  0.000350528  -0.0883498  0.258932  -0.15346  
0.0195417  0.00259104  0.000660585  -0.043701  0.174491  -0.236556  
-0.00627076  -2.3393e-05  -0.00231957  -0.039037  -0.249079  0.160115  
-0.00488075  -0.000330459  -0.00289915  -0.0263044  -0.241711  0.148044  
-0.00290688  -0.000330459  -0.00336791  -0.0553214  -0.138227  0.163539  
-0.00031467  0.000321167  -0.00378463  -0.0596629  -0.140192  0.107171  
0.000261704  0.000528628  -0.00335831  -0.0626487  -0.140725  0.0853124  
4.61957e-05  0.000650342  -0.00357364  -0.0800313  -0.134455  0.087267  
0.000148447  0.00119838  -0.0036557  -0.0916898  -0.172779  0.0491112  
-0.000846072  0.00179282  -0.00329696  -0.0573441  -0.120066  0.0428314  
-0.000656609  0.00163513  -0.00306972  -0.0292849  -0.161009  0.0236618  
-8.06411e-05  0.0016549  -0.00274806  -0.00885394  -0.145234  0.040413  
0.000593513  0.000855054  -0.00263631  -0.0128202  -0.12829  0.0491705  
0.000438123  0.0017065  -0.00293129  -0.0406196  -0.124016  0.000451254  
0.00127065  0.00102569  -0.00107613  0.0300775  -0.147229  -0.0305002  
0.00166986  0.00103039  -0.00107613  0.0300537  -0.11669  -0.0270631  
0.00174167  0.00126428  -0.000788161  0.0300545  -0.0669228  -0.0453813  
0.00263297  0.00103411  -0.000280237  0.0226126  -0.111494  -0.0538655  
0.00401819  0.00189019  0.000564072  0.00608722  -0.12276  -0.322259  
0.00592948  0.00251145  8.61661e-05  0.000211441  -0.123366  -0.410625  
0.00426695  0.0026231  -0.000610952  0.000277202  -0.171917  -0.269674  
0.00498595  0.00209414  -0.000610952  0.000153353  -0.104292  -0.296454  
0.00728003  0.00209414  -0.000610952  0.0260856  -0.106599  -0.290397  
0.00683301  0.00209414  -0.000610952  0.000153357  -0.0863415  -0.342114  
0.00638764  0.00343899  -0.00118164  -0.0189524  -0.0706404  -0.236823  
0.00709366  0.00525862  -0.00198574  -0.0552069  -0.134406  -0.338598  
0.00951211  0.00735023  -0.00160491  -0.0825045  -0.21292  -0.398284  
0.00765317  0.0034268  -0.00248703  -0.0436652  -0.219431  -0.23082  
0.00599509  0.00323192  -0.00216435  -0.0392296  -0.260669  -0.324138  
0.00322352  0.00454122  -0.0034418  -0.133116  -0.232766  -0.402617  
0.0036651  0.00305245  -0.00109308  -0.0296702  -0.247335  -0.480059  
0.00828445  0.00305245  3.26584e-05  -0.0454436  -0.109792  -0.561131  
0.0143144  0.00388213  -0.000357252  -0.0327723  0.0260845  -0.564787  
0.0189661  0.00436249  0.00129473  -0.040736  -0.0582301  -0.616327  
0.000738956  0.00225189  -0.00146244  -0.0453442  -0.288535  -0.40134  
0.00245624  0.00161336  -0.00200661  -0.0414563  -0.289354  -0.406992  
0.00215679  0.00199379  -1.18936e-06  0.0365174  -0.225045  -0.368934  
0.00211731  0.00198223  -0.00024124  0.0279758  -0.225011  -0.373595  
0.0034327  0.00174755  -0.00070529  0.0144304  -0.210654  -0.377782  
0.00325322  0.00186239  -0.000523317  0.0279908  -0.225332  -0.382673  
0.00312123  0.00208576  8.98363e-05  0.0318132  -0.21208  -0.376301  
0.00330821  0.00202548  -9.02429e-05  0.0279057  -0.216027  -0.376183  
0.00330821  0.00239024  -0.00016113  0.0218615  -0.21002  -0.403487  
0.00356983  0.0021951  -0.000336969  0.0188411  -0.207981  -0.38924  
0.00285136  0.00319397  -0.00163966  -0.0555118  -0.211211  -0.400083  
0.00152506  0.00251319  -0.00183602  -0.0926276  -0.224729  -0.382651  
-0.000482561  0.0021951  -0.00215602  -0.103527  -0.267716  -0.331161  
3.18823e-05  0.00276889  -0.00204765  -0.103354  -0.232306  -0.330671  
0.00100672  0.00260826  -0.00161196  -0.0926339  -0.268429  -0.330935  
-0.000143688  0.00164459  -0.00135282  -0.0286657  -0.265318  -0.331516  
-0.00122929  0.00192742  0.000461325  0.0444533  -0.238944  -0.30137  
-0.000650508  0.00146019  0.000404635  0.0391611  -0.174026  -0.241502  
0.000733203  0.00146019  -0.000621956  0.0204118  -0.171093  -0.197574  
0.00270361  0.00146019  -0.000595947  0.0204329  -0.146711  -0.230947  
0.00511038  0.00206638  -0.000972808  0.000865347  -0.13068  -0.28926  
0.00539313  0.00295513  -0.000138506  -0.0354342  -0.162015  -0.279639  
0.00280409  0.00323522  -6.96938e-05  -0.0378107  0.0181453  -0.1932  
0.00213774  0.00218037  -0.00222567  -0.0915241  -0.115719  -0.159334  
0.00268069  0.00218355  -0.00230132  -0.091526  -0.092842  -0.165339  
0.0042005  0.00215891  -0.00203549  -0.0915383  -0.0980999  -0.184508  
0.00338544  0.00212033  -0.00226035  -0.0879405  -0.0776077  -0.167702  
0.0041544  0.00212033  -0.00203549  -0.0849644  -0.088549  -0.18497  
0.00413301  0.00212033  -0.00205503  -0.0858382  -0.0508108  -0.164684  
0.00530714  0.00233506  -0.00194332  -0.0849801  -0.068409  -0.154474  
0.00465161  0.00236441  -0.00184513  -0.0875054  -0.0478029  -0.156632  
0.00520482  0.00219644  -0.00175643  -0.0835859  -0.0617261  -0.164781  
0.00519929  0.00230835  -0.00186082  -0.0747004  -0.0479077  -0.151251  
0.00527974  0.00212033  -0.000185613  0.00727523  -0.0548015  -0.151218  
0.00452195  0.00203649  -0.000265962  0.011787  -0.0332092  -0.15124  
0.00521995  0.00212033  -0.000265962  0.0118042  -0.0636906  -0.175816  
0.00541436  0.00203407  -0.000265963  0.0117866  -0.0481208  -0.188514  
0.00560901  0.00204694  -0.000265962  0.00740651  -0.0214412  -0.180481  
0.00507321  0.00212033  -0.000370675  0.0117977  -0.0470049  -0.167814  
0.00470625  0.00212033  0.000778184  0.0306259  -0.050892  -0.167578  
0.00548906  0.00251765  0.000648217  0.0191448  -0.0391632  -0.173953  
0.00677366  0.00212033  0.000260948  0.0243588  -0.0298646  -0.209811  
0.00643712  0.0023438  0.000260948  0.0195255  -0.0442691  -0.191555  
0.00573284  0.00212033  0.000911368  0.0361886  -0.031473  -0.201168  
0.00611179  0.00212033  0.000742368  0.0361935  -0.0345346  -0.194693  
0.00387026  0.00212033  0.000260948  0.0266567  -0.0362877  -0.174631  
0.00351959  0.00134549  -0.00173204  -0.0504307  -0.135726  -0.153784  
0.00212646  0.000847222  -0.000860678  -0.00710268  -0.0951688  -0.181521  
0.00202893  0.0013979  0.000233401  0.0450204  -0.0712883  -0.172697  
0.0033939  0.00102967  0.000169493  0.0373644  -0.0856111  -0.169409  
0.00294543  0.00102967  0.000169493  0.0170579  -0.0567205  -0.155661  
0.00332216  0.00102967  -5.23842e-05  0.0152007  -0.0758026  -0.15305  
0.00270263  0.0011397  0.000318869  0.0255804  -0.0566868  -0.133091  
0.00333354  0.00144918  0.000487506  0.0256177  -0.0768616  -0.150123  
0.00296872  0.00166645  0.0005304  0.0283162  -0.0461192  -0.156042  
0.00428683  0.00163907  0.000411855  0.0256975  -0.0551049  -0.158308  
0.00362047  0.0018987  0.000633716  0.0257665  -0.0339355  -0.145062  
0.00425473  0.00128145  0.000391218  0.0201579  -0.0340115  -0.139309  
0.00372754  0.0012313  0.000382253  0.0141841  -0.0164383  -0.143202  
0.00372754  0.00159221  -0.000642779  -0.000424446  -0.061987  -0.139263  
0.00285494  0.000781752  -0.00030575  0.0111133  -0.0561045  -0.139265  
0.0033068  0.000934738  0.000556456  0.0424577  -0.0749572  -0.139247  
0.00359187  0.00108197  0.000659057  0.0414421  -0.0400963  -0.151608  
0.00424865  0.000990497  0.000577564  0.0379483  -0.0622941  -0.139233  
0.00399037  0.000990497  0.000457866  0.0335376  -0.0447991  -0.1392  
0.00412022  0.000876565  0.000457866  0.0392981  -0.0448167  -0.139221  
0.0039596  0.000522229  0.000457866  0.0234209  -0.0151219  -0.114016  
0.00475699  0.000626948  8.13711e-05  0.00556925  -0.0436392  -0.141852  
0.00583534  0.000416516  5.27041e-07  -0.00555468  -0.0206563  -0.183507  
0.00605956  0.000815925  5.27041e-07  -0.0160315  -0.0207034  -0.186787  
0.00337229  0.000940322  -0.0006252  -0.0344421  -0.0554041  -0.152508  
0.00278951  0.000767123  -0.000941789  -0.0206999  -0.0609393  -0.139472  
0.00328637  4.18623e-05  6.40907e-05  0.025087  -0.0610958  -0.150722  
0.00308736  0.000539866  0.00105871  0.0664301  -0.0473174  -0.107072  
0.00336954  0.000995207  0.000447898  0.0346367  -0.0613851  -0.103379  
0.00322072  0.00152832  0.000784602  0.0375323  -0.0351617  -0.103285  
0.00362299  0.00134305  0.000784602  0.0469384  -0.0394471  -0.0811006  
0.00357726  0.00118401  0.000845432  0.0374729  -0.041476  -0.0818065  
0.00353637  0.00110283  0.000731587  0.0374724  -0.0414585  -0.081815  
0.00328637  0.00111304  0.000469044  0.0296337  -0.0324581  -0.0818121  
0.00373612  0.00114264  -0.000328591  -0.0189481  -0.0413983  -0.0889667  
0.00281748  0.000896879  -0.000831211  -0.0250136  -0.0243719  -0.0720218  
0.00346773  0.000539866  0.000303192  0.00624158  -0.0598487  -0.0958747  
0.00267659  0.00143092  0.000769463  0.0327849  -0.0380371  -0.100273  
0.002396  0.00169528  0.00167921  0.0591953  -0.0495851  -0.0800709  
0.00237891  0.00169528  0.00174421  0.0498378  -0.0213775  -0.0940518  
0.00309817  0.00180106  0.00155927  0.0498333  -0.0416621  -0.083264  
0.00333813  0.00169528  0.00130941  0.0284319  0.00238359  -0.0891256  
0.00337867  0.00169528  0.00118257  0.0339716  -0.021603  -0.0891266  
0.00304765  0.00179554  0.00122996  0.0357164  -0.0366433  -0.0926058  
0.00224617  0.00136205  -0.000529441  -0.0196601  -0.0167937  -0.117065  
0.00271166  0.000973847  -0.000632429  -0.0365578  -0.0757217  -0.096197  
-0.0042792  0.00231777  -0.00139519  -0.0821124  -0.0977331  0.0472161  
-0.00523005  0.00202229  -0.00178507  -0.0639516  -0.0153108  0.0923074  
-0.00115008  0.00216847  -0.000796525  -0.0332078  -0.0585423  0.0360255  
-0.00141943  0.00202229  -0.00212522  -0.072578  -0.0408552  0.0154351  
-0.000490086  0.000384604  -0.00220973  -0.0734573  -0.0849382  -0.00117686  
-0.000327461  0.00131112  -0.000128712  0.0232297  -0.0438597  -0.029116  
4.98076e-05  0.00160331  0.000124199  0.0204633  -0.0690469  -0.0323895  
0.000548343  0.00166137  0.000291451  0.0167852  -0.0454915  -0.0496003  
0.00106221  0.00158703  0.000287029  0.0130082  -0.0356805  -0.0513817  
0.00151573  0.00173935  0.000579484  0.0159574  -0.0258374  -0.0564791  
0.0029576  0.00185245  0.000523959  0.012218  -0.0463976  -0.0536152  
0.00211924  0.00178583  0.000523959  0.00208186  0.00345532  -0.0412189  
0.0011382  0.00174411  -0.00126103  -0.065941  -0.0341761  -0.0361321  
0.00129163  0.00164401  -0.000999799  -0.0539584  -0.0251097  -0.0496222  
0.0025467  0.00169823  -0.000698471  -0.0481993  -0.0484976  -0.0785951  
0.00240836  0.00121549  -0.000408575  -0.0224591  -0.00976914  -0.0642952  
0.00183632  0.0016034  0.000535211  0.0125992  -0.0281145  -0.0430594  
0.00200474  0.00185617  0.000624638  0.0126206  -0.0308409  -0.0448201  
0.00140406  0.00224106  0.000214869  0.0126302  0.00085695  -0.0125993  
0.00132039  0.00177577  0.000214869  0.0125899  -0.0421576  0.000151304  
0.00115627  0.00203868  -0.000286196  -0.00361817  -0.0122673  0.00972466  
0.00188086  0.00169218  6.50162e-05  -0.00955531  -0.0245169  -0.0149005  
0.0022468  0.00170534  -0.000456624  -0.0610936  -0.00229909  -0.0477485  
0.00209517  0.00157455  0.000149044  0.0111561  -0.0209415  -0.0392992  
-0.00163513  0.00124975  -0.00104614  0.00468779  -0.0222406  0.0410848  
-0.00046339  -1.31113e-05  -0.00152503  -0.0487837  -0.110264  0.0392315  
0.000364874  2.80113e-05  -0.00156476  -0.0650594  -0.0583405  -0.000164605  
0.00110029  0.000399298  -0.00120644  -0.0602162  -0.0468658  -0.000206108  
0.00150789  0.000514167  -0.00114132  -0.0497313  -0.0393374  -0.0340772  
0.00182055  0.000674195  -0.00093113  -0.0448183  -0.0403598  -0.0454118  
0.00138485  0.000813504  -0.000802386  -0.0469648  -0.0501531  -0.052408  
0.00224921  0.0010709  -0.000675556  -0.0482468  -0.0501945  -0.0558261  
0.00205809  0.000321958  -0.00092478  -0.0538506  -0.0253149  -0.0436905  
0.00200949  0.000872325  -0.000961729  -0.0627252  -0.0288789  -0.0226983  
0.00233029  0.0013109  -0.000856097  -0.0626842  -0.0057509  -0.0463155  
0.00316277  0.00125246  -0.00083151  -0.062679  -0.00584673  -0.0416413  
0.0034266  0.00116958  -0.00084955  -0.0507379  -0.0100934  -0.0416385  
0.00281399  0.000724955  0.000232103  -0.00933729  -0.0058272  -0.0600962  
0.00318277  0.000975539  0.00160753  0.0550365  -0.0479666  -0.041637  
0.00225664  0.00111586  0.0011348  0.0407052  0.00218725  -0.0363611  
0.00294183  0.000724955  0.00112268  0.0406876  -0.0229588  -0.0115327  
0.00267112  0.000724955  0.00112268  0.033876  0.00213922  -0.0355647  
0.00318713  0.000724955  0.000775396  0.0175973  -0.0417716  -0.0613305  
0.00278298  0.000724955  0.00174907  0.064925  -0.0246219  -0.038273  
0.00202568  0.000414173  0.000247948  0.00234632  -0.0232799  -0.0468246  
0.00145604  0.000247659  -0.000229433  -0.0178843  -0.0739112  -0.0339594  
0.00186135  0.000190921  -0.000229433  -0.000841491  -0.0786846  -0.0432996  
0.00211133  0.000610706  0.0010673  0.0383329  -0.0370562  -0.0614932  
0.00213204  0.000802784  0.0010673  0.0383569  -0.0112828  -0.0573902  
0.00265611  0.0005887  0.000905411  0.0308076  -0.0555997  -0.0410458  
0.00258622  0.000696255  0.000536734  0.0193745  -0.0414737  -0.0865489  
0.00344255  0.000703726  0.000463819  0.0157678  -0.0388321  -0.080832  
0.00292262  0.000600727  0.000463819  0.00208462  -0.0201717  -0.0914811  
0.00307761  0.000703726  0.000185236  -0.00201851  -0.0506436  -0.0916786  
0.00291128  0.000703726  0.00090348  0.0187669  -0.0335224  -0.0916694  
0.00266128  0.000868982  0.00121908  0.0239155  -0.0231257  -0.0667009  
0.00297528  0.000877668  0.00111727  0.0239343  -0.0335708  -0.0614946  
0.003074  0.0010901  0.00115844  0.0219096  -0.0104077  -0.0614829  
0.00320979  0.00108748  0.00110757  0.0259467  -0.0435715  -0.077484  
0.00320979  0.000920928  0.00102941  0.0238969  -0.0126596  -0.0305945  
0.00320979  0.000906856  0.00102941  0.0238963  -0.0261092  -0.0380942  
0.00287788  0.00104988  0.00102941  0.02391  -0.00738378  -0.0494141  
0.00378421  0.000960837  0.00102941  0.0239085  -0.0150375  -0.0715946  
0.00338441  0.000703726  0.00102941  0.0146427  0.00564232  -0.0751595  
0.00388073  0.000703726  0.00093222  0.00234667  0.00198738  -0.0161063  
0.0035762  0.000703727  0.00102941  0.00690537  0.00563298  -0.0220652  
0.003897  0.000703727  0.00102941  0.00234625  0.0247088  -0.0358432  
0.00407613  0.000703727  0.00102941  0.00234625  0.0106409  -0.0148836  
0.00415579  0.000703727  0.00117681  0.0023517  0.0299764  -0.0242274  
0.00417629  0.000703727  0.00123858  0.00760176  0.0159342  -0.0120293  
0.0043301  0.000777345  0.00102941  0.00235146  0.0299376  -0.0282456  
0.00511813  0.000703727  0.000802943  0.00235115  -0.00508792  -0.0978936  
0.004985  0.000703727  0.000833928  0.00774054  0.0361166  -0.0753394  
0.00540862  0.000703726  0.000547027  0.0180359  -0.00519186  -0.13526  
0.003704  0.00110589  0.000327429  -0.00807087  0.0015899  -0.100801  
0.001505  0.000703726  9.04233e-06  -0.0334047  -0.0925995  -0.0554431  
0.00288846  0.000307136  9.04233e-06  0.00603906  -0.065687  -0.0632541  
0.00300572  0.00118524  0.00138108  0.0523797  0.0114568  -0.14565  
0.00437468  0.000700479  0.00121426  0.0495017  -0.0510503  -0.119094  
0.00400579  0.00109292  0.0012355  0.0317117  0.0136824  -0.121512  
0.00382973  0.00101799  -0.00023543  -0.0213827  -0.0156042  -0.0554299  
0.00416288  0.00102488  -0.000107019  -0.0222382  0.0271277  -0.0614282  
0.00369786  0.00136845  0.00128673  0.0292262  -0.0266767  -0.0545167  
0.00354327  0.0016158  0.00124826  0.0195665  0.0272601  -0.0608113  
0.0046611  0.00127468  0.00113166  0.026645  -0.0165777  -0.051878  
0.00387903  0.00154621  0.00124826  0.0148784  0.0109516  -0.0431394  
0.00500478  0.0032252  0.00122659  0.00341294  -0.0151293  -0.0123742  
0.00354364  0.00275229  -0.000750095  -0.0509276  0.0849447  -0.0284598  
0.00290587  0.00174745  -0.0015976  -0.0949841  -0.0119513  -0.0273401  
0.00244397  0.00174745  -0.00164896  -0.111918  -0.0660168  -0.025792  
0.00445863  0.00118754  -0.00198175  -0.0971655  -0.0388375  -0.0355249  
0.00321813  0.000654012  -0.00225177  -0.0870595  0.00918949  -0.0191268  
0.00325126  0.000556271  -0.00241316  -0.0979124  0.0234305  0.00841863  
0.00360231  0.000556271  -0.00111623  -0.0405837  -0.0152185  -0.0158371  
0.00348768  0.00158428  -3.37129e-05  -0.00476013  0.038049  -0.016538  
0.00397851  0.00166522  -3.37129e-05  -0.00476065  0.0326056  -0.0265987  
0.0045831  0.00166522  -0.000254198  -0.0209811  0.0297278  -0.0254307  
0.00450539  0.00189217  -0.000137345  -0.0296445  0.0249797  -0.0712875  
0.00418683  0.00197861  -7.82617e-05  -0.0240386  0.0614004  -0.0235584  
0.00347716  0.00143636  -0.000961406  -0.0559625  0.0282678  -0.0186727  
0.00292321  0.00147506  -0.0013761  -0.0802996  0.0579028  -0.0402367  
0.00470566  0.00122523  -0.0016198  -0.0707666  0.233289  0.0423344  
0.00641385  0.000580773  -0.00137961  -0.0669445  0.027961  0.112121  
0.0103574  1.18669e-06  -0.00088428  -0.0288177  0.22157  0.0814038  
0.0209856  -0.00229885  9.0819e-05  0.0504962  0.45058  0.0507526  
0.0148588  -0.0025981  0.000215035  0.092872  0.26728  0.0499896  
-0.00166697  -0.0017555  -0.00138743  0.0268267  -0.095488  0.197938  
-0.00244062  -0.000834656  -0.00184416  0.00343236  -0.0928042  0.0680186  
-0.00125608  -0.000782448  -0.00204361  -0.0139179  -0.0543727  0.0284742  
0.000307302  -0.000629946  -0.0019055  0.0116575  -0.0709862  0.0209958  
0.000963879  -0.000850196  -0.00162027  0.0439379  -0.07083  -0.0212758  
0.00168193  -0.000310291  -0.00167721  0.0351537  -0.0690313  -0.0476475  
0.000526669  -0.000139955  -0.00204361  0.0076308  -0.0691663  -0.0793924  
-0.000348293  0.000120841  -0.00185923  -0.0118049  -0.0257088  0.0588055  
-0.00268763  0.000826725  -0.00101944  -0.0102213  0.0288123  0.0275477  
-0.00281372  0.00089369  -0.00101944  0.0010067  -0.0934767  0.0605434  
-0.000504116  0.000312877  -0.00198556  -0.0137828  -0.0580898  0.0780742  
0.000461627  -3.95488e-05  -0.00237146  -0.018739  -0.0582019  0.0331675  
0.00147795  -3.95489e-05  -0.00150287  0.0178865  -0.0417029  0.00950212  
0.00130197  0.000589929  -0.000112617  0.066876  -0.0344594  0.00955661  
0.00130154  0.000322059  -0.000112617  0.0668595  -0.0344501  0.0094934  
0.0024227  0.000202393  -0.000345278  0.0668508  0.0653881  0.0173417  
0.00302477  0.000152068  -0.000261804  0.0520869  0.073101  0.031039  
0.00281867  0.000526761  -0.000231359  0.0524608  0.000849361  -0.0147332  
0.00265806  0.000576194  -0.000146428  0.0584259  0.0178229  0.022906  
0.0022857  0.000566591  -0.000157283  0.0525637  0.0723103  0.164425  
0.00291301  0.000660992  3.27004e-05  0.0494148  0.0666981  0.158689  
0.00330454  0.000888004  5.98088e-05  0.05068  0.0802288  0.140681  
0.00305732  0.000935179  -0.00010499  0.0503582  0.0768632  0.136088  
0.00331345  0.00117802  -0.000369016  0.0204069  0.0825475  0.0884465  
0.00341498  0.000465562  -0.000115568  0.0440703  0.111085  0.12503  
0.00291301  0.000386653  0.000803006  0.0829556  0.0464257  0.155279  
-0.000501516  -0.000488612  -0.00136839  0.0325293  0.0590773  0.181974  
-9.63275e-05  -0.000990509  -0.00134741  0.029498  -0.0013083  0.225404  
-9.34619e-05  -0.000928475  -0.00128861  0.0167205  0.0425295  0.181902  
0.000420483  -0.000679265  -0.00135135  0.0167079  0.0418123  0.146126  
0.00143728  -0.000592629  -0.00113095  0.0167237  0.0179401  0.125459  
0.00123064  -9.75663e-05  0.00050453  0.0725181  0.0658081  0.155952  
0.00134831  0.000392774  0.00220785  0.134633  0.0450943  0.199132  
0.000843564  -4.62314e-05  0.00220785  0.147903  0.0604572  0.198822  
0.00193793  0.0003804  0.00145696  0.0918965  0.0541091  0.131324  
0.00264637  0.000533602  0.00181132  0.0769954  0.0824447  0.0990183  
0.00142643  -4.62314e-05  0.000884643  0.0747484  0.0356372  0.118572  
0.00185992  -0.000178857  0.000718056  0.0552272  0.0630311  0.137591  
0.00296545  -0.000684377  0.000718056  0.0457084  0.0529162  0.118452  
0.00270089  2.0233e-05  0.000290494  0.0355689  0.0811423  0.11852  
0.00334661  -0.000514791  0.000290494  0.0444874  -0.00813807  -0.00579101  
0.00387451  -0.000108424  0.000290494  0.0387992  0.0207621  -0.0503363  
0.00508065  -2.45884e-05  0.000290494  0.0356677  0.0130728  -0.055341  
0.0046879  -0.00021174  0.000290494  0.0356193  0.0424531  -0.0390587  
0.00532191  -0.00018912  0.000290494  0.0356131  0.0365787  -0.023742  
0.0048992  -0.000143413  0.000536035  0.0400997  0.0551337  -0.0137705  
0.00501621  -0.000143413  0.000575496  0.0356224  0.0497142  -0.00181273  
0.00531183  -0.000143413  0.000736146  0.03563  0.0812961  -0.00929423  
0.00628618  -0.000143413  0.000574575  0.0448879  0.0473743  -0.00782685  
0.00582293  -0.000143413  0.000506023  0.0356243  0.0860169  -0.0457511  
0.00677799  -0.00033109  0.000533337  0.0355995  0.0278109  -0.0398875  
0.00623548  -0.000399542  0.000734841  0.0355926  0.102452  -0.0227361  
0.00793523  -0.000618716  0.000578132  0.0355886  0.0705012  0.00161348  
0.00766993  -0.000326066  0.000559256  0.0356012  0.100838  -0.0137228  
0.00847812  -0.000380887  0.000290495  0.0355852  0.120924  -0.0301299  
0.00801621  -0.000402957  0.000290495  0.0355601  0.109657  -0.011635  
0.00787355  -0.000323742  0.000290495  0.0355663  0.11905  -0.0164799  
0.0082601  -0.000107799  0.000202285  0.035572  0.139429  0.00122532  
0.0063269  -0.000349053  -9.66302e-05  0.0104047  0.107306  0.028261  
0.00609332  0.00039478  0.000314075  0.0167563  0.142824  0.0114966  
0.00679662  -5.85325e-05  0.000185352  0.0271721  0.112871  0.0168732  
0.00720726  -0.000519343  0.000854311  0.0842752  0.101193  0.00833199  
0.00465279  9.12303e-05  0.000312494  0.0415321  0.110334  0.0129508  
0.00301466  -0.00058242  -0.000757728  0.00295222  -0.00302005  0.0562418  
0.00349905  -0.00056206  -0.000864931  -0.00130444  0.0414187  0.0385693  
0.00373564  -0.000591494  -0.00084819  0.00293262  0.0414327  0.0413628  
0.00460028  -0.000800423  -0.000510546  0.0181447  0.0501987  0.0344152  
0.0045587  -0.000604355  -0.000467461  0.0184031  0.0662523  0.0464394  
0.0046158  -0.000800423  0.000296789  0.063352  0.0795906  0.0464234  
0.00336612  -0.000800423  0.000696079  0.0968294  0.065896  0.0640024  
0.0025297  -0.000309468  0.000215731  0.0667023  0.0500019  0.0829108  
0.00235667  -0.000800423  -0.00100046  0.0263896  0.038721  0.0484306  
0.00223898  -0.000800423  0.00106297  0.117483  0.0237303  0.0447068  
0.00245084  -0.000126782  0.00131375  0.109524  0.0382412  0.081892  
0.00250962  -0.000203634  0.00151971  0.0935238  0.0155155  -0.0213976  
7.26939e-05  -0.000290389  0.00229715  0.115296  0.0788123  0.121463  
0.00169042  0.00019282  0.00191888  0.0934683  0.00725444  0.0808113  
0.00298932  0.000132626  0.000764554  0.093453  0.0170901  0.0607842  
0.00455535  0.000157257  -9.96745e-05  0.0774273  0.0967377  0.145397  
0.00170715  -0.00115822  -0.00100141  0.059587  0.0442489  0.289346  
0.00270537  -0.000466911  0.00179147  0.124171  -0.0234838  0.0882372  
0.00366441  -1.52506e-06  0.00184562  0.103859  0.0842024  0.099645  
0.0049485  0.00031998  0.00144292  0.0676321  0.116807  -0.0228075  
0.00687165  -0.000349261  -1.99663e-05  0.0187115  -0.0103764  -0.0074582  
0.0147259  -0.00133199  -0.000182477  0.0133255  0.363927  -0.0286711  
0.0282177  -0.00190089  0.00118037  0.064008  0.536824  -0.0881211  
0.0264661  -0.00109031  0.00236862  0.0818596  0.439213  0.0422625  
-0.00523693  -0.00075869  0.000177365  0.048631  -0.0248519  0.100258  
0.000604  -0.000107417  -0.000753948  -0.0220603  -0.0810585  0.091586  
0.00111927  0.00025755  -0.00113922  -0.0511616  -0.0250827  -0.00359727  
-0.000164246  0.000493352  -0.0012054  -0.0512347  -0.0282451  -0.00364516  
0.0019725  0.000441886  0.000416894  0.0268971  -0.0100938  -0.0226184  
0.0029888  0.000235789  0.000652908  0.00577706  0.0358184  -0.0360773  
0.0036617  -5.28607e-05  0.000418966  0.000814966  0.0358125  -0.0300248  
0.00334293  0.000172707  0.00123947  0.0378782  0.0357187  -0.0224729  
0.00368725  0.000599935  0.000977427  0.0379868  0.0200407  -0.05022  
0.00293436  0.000419498  0.00158772  0.0637969  0.00994612  -0.0578755  
0.00284187  0.000349936  0.00134757  0.0721195  0.00531702  -0.0617584  
0.0018122  0.000349936  0.000491291  4.68242e-05  -0.0029028  -0.0482636  
0.00178702  -4.97201e-06  -4.6505e-06  4.06763e-05  -0.00290504  -0.0328018  
0.00111383  -0.000133712  -0.000191545  -0.00715051  -0.0207689  -0.0447765  
0.00208599  -0.000367754  7.26509e-05  -0.0195555  -0.00293763  -0.0525464  
-0.000152474  7.83608e-05  -2.4648e-05  -0.00106158  -0.00075489  -0.00755595  
0.00170868  -0.000259009  7.26509e-05  -0.0118364  -0.000281561  -0.0158609  
0.00193388  0.000832472  0.00112455  0.0325333  0.0311345  -0.0131158  
0.001536  0.000115085  0.00101958  0.0152862  0.0107493  -0.00795243  
0.00158356  0.000523267  0.00104321  -0.0035008  0.0865897  0.0209706  
0.00209766  -0.000152648  0.0018617  0.0477967  0.0485409  0.0339131  
0.000772862  0.000284302  0.00316611  0.0891531  0.0400037  0.0168976  
0.000911615  0.000116406  0.00312284  0.0856836  0.0332785  0.0340175  
0.000817393  7.55883e-05  0.00195751  0.0245891  0.0395719  -0.0478079  
0.000210199  -0.000185208  0.000816379  -0.00787297  -0.0232755  -0.104187  
0.000526218  -3.51775e-05  0.000740346  -0.00596841  -0.00994088  -0.147563  
0.000850295  2.5582e-05  0.000740346  -0.010636  -0.0323252  -0.160271  
0.00101157  0.000120627  0.000871702  -0.0220101  0.0140299  -0.149834  
0.001225  -0.000152459  0.00103394  -0.0140779  -0.0240899  -0.125994  
0.00111414  -0.000127175  0.000992199  -0.0126739  -0.00286966  -0.106238  
0.00123276  -1.31888e-05  0.00106358  -0.0148957  -0.00326003  -0.127792  
0.00137902  -1.31888e-05  0.000991692  -0.0133352  -0.0268623  -0.124111  
0.000527761  -6.64652e-05  0.000740346  -0.0220672  -0.0145086  -0.12494  
-0.000784347  -1.31888e-05  0.000332575  -0.0397714  -0.070289  -0.137681  
-0.000726929  0.000250779  -0.000187227  -0.0492694  -0.0686232  -0.196257  
-0.000354229  0.000514361  0.000143764  -0.0416574  -0.0541351  -0.179661  
-0.000354229  0.000925027  0.000471414  -0.0394847  -0.0388711  -0.205099  
0.000952789  0.000666747  0.000572527  -0.0353596  -0.07647  -0.186317  
0.000952789  0.000728582  0.000646185  -0.0361713  -0.0416908  -0.205422  
0.00128506  0.000728582  0.000577122  -0.0331617  -0.0650996  -0.204089  
0.00117544  0.000728582  0.000791688  -0.0364388  -0.0330916  -0.217208  
0.00156239  0.000251145  0.00213855  0.0245678  -0.0526589  -0.214762  
0.00160148  0.001033  0.00382455  0.0664922  -0.0135153  -0.174913  
0.00193755  0.000741557  0.00330988  0.0473947  -0.0261673  -0.186277  
0.00156781  0.000741557  0.00286188  0.0269641  -0.00955181  -0.182242  
0.00157991  0.000578222  0.00285982  0.0381976  -0.024486  -0.172899  
0.00186797  0.000741557  0.0026942  0.023349  -0.0345009  -0.185093  
0.00097461  0.000278714  0.00190051  -0.00187266  -0.00698971  -0.156371  
-0.000338078  0.000446714  0.00305517  0.0676197  0.038383  0.0189787  
-0.00040315  0.000124952  0.00335972  0.086758  0.0464805  0.127072  
0.00158972  -0.00010724  0.00351097  0.0443711  -0.000776563  -0.0767868  
0.00061741  0.000202397  0.00224146  0.000943998  -0.00058173  -0.0944057  
0.00172818  -0.000225845  0.00190843  -0.0161892  -0.0157263  -0.117465  
0.00186075  -0.0002536  0.00201321  -0.012357  -0.000728971  -0.125772  
0.00216004  -0.000206855  0.00187435  -0.00142144  -0.0220757  -0.135353  
0.00179205  -0.000280176  0.00222013  -0.00547872  0.0125064  -0.119462  
0.00207226  -0.00028044  0.00196417  -0.00337293  0.00452186  -0.098296  
0.00200511  -8.85347e-05  0.00222013  -0.0116091  0.0153325  -0.0948695  
0.00245316  -0.000311796  0.00344471  0.0654959  -7.7007e-05  -0.110563  
0.00216005  0.000142267  0.0049979  0.101146  0.0404695  -0.0747814  
0.00269993  0.000142267  0.00471898  0.0993342  0.0164643  -0.0910845  
0.00248189  0.000290446  0.00477492  0.0826216  0.0539527  -0.0869925  
0.00350136  0.000393948  0.00471898  0.0767816  0.0418086  -0.108752  
0.00256241  8.8507e-05  0.00291495  0.021008  0.064598  -0.0918055  
0.00326885  -0.000296965  0.00319175  0.0517197  0.0425925  -0.0844284  
0.00339031  8.8507e-05  0.00418755  0.0737606  0.0628898  -0.102033  
0.00336541  8.8507e-05  0.00370921  0.06306  0.0629499  -0.0867553  
0.00387997  8.8507e-05  0.00365403  0.056509  0.0440031  -0.0916812  
0.00383482  0.000154974  0.00379735  0.0464373  0.0825268  -0.0967079  
0.00476682  0.000303733  0.00383419  0.0548592  0.0747831  -0.114262  
0.00525256  0.000512349  0.00362865  0.046434  0.0842166  -0.147229  
0.0055138  0.000508804  0.00379194  0.0464563  0.0789862  -0.126136  
0.00477232  0.000618853  0.00383774  0.0522328  0.09346  -0.143054  
0.0057596  0.000613271  0.00362865  0.046452  0.0808354  -0.153634  
0.00546639  0.000727634  0.00355019  0.0464565  0.087041  -0.152382  
0.00555406  0.000541343  0.00362865  0.046443  0.0870218  -0.136046  
0.0044401  -0.000232789  0.00312816  0.0463427  0.0912103  -0.132585  
0.00220489  -0.000306796  0.00260292  0.0322864  0.0379246  -0.0739298  
0.00344613  -7.64151e-05  0.0035784  0.0520513  0.0376459  -0.1096  
0.0049565  -0.000193843  0.00282405  0.051908  0.101047  -0.0847636  
0.00561798  0.000233243  0.00133575  0.0242846  0.153188  0.0187583  
0.00427821  -0.000319587  0.00133575  0.0242854  0.0864056  0.0541176  
0.00534501  -0.00114884  0.00101768  0.0812435  0.0721077  0.0372669  
0.00551895  -0.000993918  0.0030525  0.108433  0.0617578  -0.0394554  
0.00594082  -0.000393275  0.00390167  0.117948  0.0803369  -0.0793526  
0.00529326  -3.22401e-05  0.00365083  0.0789236  0.0804104  -0.106509  
0.00646337  -0.000196148  0.00373683  0.0793076  0.0689174  -0.144284  
0.00655625  -0.000193491  0.00373071  0.0759663  0.111766  -0.100079  
0.00676104  -1.69753e-05  0.00388735  0.0738967  0.111726  -0.10613  
0.00708667  0.000111348  0.00413815  0.0828742  0.136321  -0.100102  
0.00756219  -0.000335594  0.00425699  0.0746717  0.0867554  -0.100216  
0.00780784  -0.000398114  0.00451066  0.0794165  0.128695  -0.100249  
0.00838659  -0.00078047  0.00377052  0.0608872  0.0938998  -0.132894  
0.00687526  -2.64464e-05  0.00361584  0.0474463  0.0958843  -0.153251  
0.00454611  -0.00032916  0.00335169  0.033689  0.0586354  -0.117573  
0.00315499  -0.000407405  0.00288693  0.0217901  0.0325286  -0.11321  
0.00441947  -0.000578496  0.00259681  0.00491157  0.0421511  -0.112595  
0.00491675  -0.000717487  0.0049695  0.116244  0.0865082  -0.0740546  
0.00541765  -0.000651045  0.00452145  0.0828614  0.060243  -0.11299  
0.00391017  -8.98829e-05  0.00433527  0.0698086  0.0748945  -0.122319  
0.0043323  4.90709e-05  0.00379855  0.0505461  0.0080766  -0.121671  
0.0043323  -8.98829e-05  0.003957  0.0636644  0.0612865  -0.13552  
0.00505071  -8.98829e-05  0.00406253  0.0746971  0.0548309  -0.139222  
0.00494356  -0.000259638  0.00452872  0.0989974  0.072005  -0.143936  
0.00423192  -0.000100481  0.00346006  0.0500696  0.02902  -0.104363  
0.00259191  -0.000351573  0.00254811  0.0128245  0.04913  -0.126544  
0.0033216  -0.00132017  0.0025715  0.0609318  0.00760844  -0.142854  
0.00329587  -0.00115575  0.00405935  0.114018  0.0237398  -0.13864  
0.00484779  -0.000339358  0.00319755  0.0252169  -0.0077881  -0.200607  
0.00967241  0.00100484  0.00258583  -0.0312931  0.103431  -0.312638  
0.0112915  0.0011961  0.00341557  -0.0172054  0.216482  -0.298899  
0.00566312  0.000303495  0.0027738  0.00674085  0.18458  -0.187097  
0.00698244  -5.33513e-05  0.0029449  0.0195217  0.083924  -0.191741  
0.00537178  -0.000195467  0.00440073  0.074665  0.0882486  -0.152949  
0.00457516  -0.000113976  0.00325831  0.0178791  0.0608184  -0.151993  
0.00530525  0.000885993  0.00405644  0.0216275  0.157492  -0.236098  
0.00537509  0.00108942  0.00357702  0.0149889  0.0224488  -0.191413  
0.00292866  0.000439482  0.00291581  0.0081054  0.03969  -0.0865032  
0.0030029  0.000421685  0.00300456  0.0178741  0.0173967  -0.199777  
0.00283478  0.00073452  0.00429624  0.0363884  0.10415  -0.271231  
0.00322205  0.00187256  0.00296178  -0.0243591  0.0606445  -0.169667  
0.00310123  0.00237442  0.00189801  -0.0197168  -0.087813  -0.168218  
0.00368496  0.00214682  0.00176126  -0.0326211  -0.0996441  -0.205483  
0.00305854  0.00162102  0.00235705  0.0219653  -0.0240129  -0.197454  
9.84482e-06  0.000592203  0.00298846  0.0382014  0.00152963  -0.0678  
-0.00256135  6.0942e-05  0.00228451  0.0221754  -0.0955137  0.000420351  
-0.00284078  -0.000692351  0.00279354  0.0927933  -0.0974099  0.0333638  
-0.00194519  6.0942e-05  0.00279354  0.0494709  -0.0499286  0.0214419  
-0.00436899  0.000559356  0.00316801  0.0886315  -0.102297  0.244052  
-0.00405086  6.0942e-05  0.00274381  0.113641  0.021046  0.230375  
-0.00301181  0.000199831  0.00278171  0.0921658  0.00227183  0.148321  
-0.00356468  -2.79061e-05  0.00260042  0.0898161  -0.02226  0.128922  
-0.00408805  -0.000364001  0.00205985  0.0786633  -0.00512367  0.172212  
-0.00361278  -0.000870315  0.00182222  0.0480984  -0.0535801  0.161686  
-0.00218927  -0.000537878  0.00327598  0.103052  0.0176408  0.143222  
-0.0014  -0.000410684  0.00389314  0.117401  -0.0142212  0.0967924  
-0.0014  -0.000247558  0.0032439  0.0851892  0.0909599  0.054554  
0.000509916  -7.48839e-05  0.00352299  0.0863351  0.019181  -0.0531256  
-0.000776345  -0.000414714  0.00239201  0.0572561  -0.0353078  0.105391  
-0.00186895  -0.00100443  0.00183123  0.0594737  -0.00181337  0.0918809  
-0.00133922  -0.000898705  0.0018332  0.0548492  0.0197311  0.0846494  
-0.00125655  -0.000810673  0.00182837  0.0484761  0.0167532  0.0774488  
-0.00118203  -0.000511086  0.00167649  0.0424734  0.0197682  0.0940762  
-0.00118203  -0.000348858  0.00162092  0.0382293  0.019772  0.103718  
-0.00105661  -0.000318613  0.00162092  0.0424725  0.0315864  0.113902  
-0.000994194  -0.000262397  0.00162092  0.0563971  0.014734  0.119374  
6.90913e-06  -0.000409457  0.00362092  0.114271  0.0262874  0.119482  
0.000248344  -1.29233e-06  0.00515352  0.140248  0.0313744  0.150383  
-0.000898382  0.000726713  0.00478182  0.134464  0.0822622  0.167837  
-0.00163624  0.00189308  0.00299663  0.0618623  -0.0114997  0.00399148  
-0.00102556  0.00115996  0.00287359  0.0631593  -0.048365  -0.0565347  
-0.00173222  0.000660945  0.00210753  0.023973  -0.0381108  -0.030907  
-0.00200193  0.000728286  0.00356831  0.102089  -0.0154573  0.000597257  
-0.00117476  0.000509912  0.00347713  0.0861176  -0.0425994  -0.0143585  
-0.00147673  0.000964065  0.00333506  0.0776352  0.0158372  0.0460291  
-0.00129633  0.000267361  0.00312593  0.0820359  -0.0287467  0.00845432  
-0.00182687  0.000547538  0.0021199  0.0400972  0.0361213  0.0661866  
-0.00171912  -0.00015428  0.00349743  0.120416  -0.0200914  -0.0120059  
-0.000855274  -0.000194424  0.00428389  0.125652  -0.0461628  0.0346625  
0.000526266  -3.04475e-05  0.00398259  0.132558  0.0594666  0.0346233  
0.00088265  8.49251e-05  0.00417651  0.123512  -0.00753209  0.0174055  
-0.000231271  6.24795e-05  0.00385138  0.119091  0.066005  0.103175  
0.000620625  1.16922e-05  0.00388657  0.135639  -0.0274188  -0.032201  
0.00155724  0.000472282  0.00405469  0.134294  0.0490393  0.0967129  
0.000782551  0.000128101  0.00430344  0.138431  0.0881404  0.142151  
0.000930618  0.000574937  0.00430344  0.1213  0.0932015  0.190127  
0.000275226  0.000720317  0.00390071  0.121175  0.120883  0.278554  
0.000682804  0.000736439  0.00388828  0.120849  0.0406073  0.125754  
0.000773787  0.000623984  0.00389685  0.116359  0.0476295  0.164188  
0.000335377  -0.000467843  0.00389685  0.139364  0.0648177  0.172786  
0.00143112  -0.000632274  0.00389685  0.116255  0.0633942  0.0934618  
0.000262894  -0.00106739  0.00304418  0.0811411  0.0170208  0.0852297  
0.000819591  -0.00117245  0.00273697  0.0735826  0.0255264  0.0738384  
0.000960965  -0.000978246  0.00249348  0.0734756  0.0609979  0.042808  
0.00162054  -0.00110182  0.00278013  0.0764492  0.0591239  0.0360917  
0.00161046  -0.00164398  0.00489173  0.174568  0.0584957  0.0376512  
0.000354182  -0.00124945  0.00463158  0.161505  0.0584508  0.0758736  
0.000125415  -0.00181919  0.003862  0.141215  0.0525028  0.0843502  
-0.000787578  -0.00136393  0.00286596  0.0650938  0.0430383  0.102456  
-0.0028092  -0.000893903  0.00242976  0.0438463  0.0367276  0.133332  
-0.00181916  -0.000724956  0.00284317  0.073115  0.0308255  0.118242  
-0.00135444  -0.000697688  0.00301894  0.0862905  0.0253288  0.115199  
-0.00130804  -0.000490891  0.00292877  0.076908  0.0204306  0.0615246  
-0.00122511  6.73883e-05  0.00298208  0.0527083  0.0500562  0.113457  
-0.00109376  -0.000112776  0.00389588  0.106557  0.0251808  0.107648  
-0.00122511  -0.0002847  0.0048933  0.133094  0.0553107  0.138426  
-0.00068492  -0.00023078  0.00475977  0.108399  0.0492066  0.0812605  
0.000340389  -0.000221898  0.00429213  0.113786  0.0494425  0.0913827  
0.000448975  -0.00011088  0.00422584  0.104521  0.0494562  0.0913908  
-7.68623e-05  -2.90427e-05  0.00432714  0.0962024  0.0726709  0.108976  
0.000446271  0.000186323  0.00404124  0.0864263  0.0416254  0.109293  
8.99052e-05  -1.74513e-05  0.00453744  0.120297  0.0947763  0.130504  
0.000316461  -6.7652e-05  0.00490412  0.123975  0.059676  0.124108  
8.99052e-05  0.000199004  0.00455081  0.10804  0.0938083  0.110874  
0.000714036  -0.000165901  0.0044571  0.108099  0.0583007  0.0986514  
0.00105346  -7.40459e-05  0.00455968  0.120427  0.0938879  0.125931  
0.00133208  -0.000238271  0.00455244  0.126443  0.0631539  0.125903  
0.00128965  -0.000373844  0.00457714  0.131644  0.0993418  0.132088  
0.0016313  -0.000364224  0.00477887  0.120169  0.0510208  0.0933028  
0.00159156  -0.000306038  0.00477887  0.124313  0.105919  0.117654  
0.00236899  -0.000207866  0.00463285  0.13019  0.0755983  0.0914992  
0.00142853  -0.000592686  0.00388351  0.091605  0.0883465  0.111649  
0.00111999  -0.000798864  0.00386311  0.0946748  0.0620233  0.0924078  
0.0013743  -0.000479609  0.00543175  0.161355  0.0874  0.0755395  
0.0013743  -0.00052433  0.0048733  0.143588  0.0693196  0.0703081  
0.00145739  -0.000615899  0.00452858  0.130364  0.0526471  0.0587521  
-0.000339505  -0.000154244  0.00375561  0.0832545  0.0646561  0.076289  
-0.000380208  -0.000377205  0.00494802  0.14534  0.0160925  0.072117  
0.000130081  6.91129e-06  0.0049997  0.127827  0.0742286  0.0669257  
0.000606883  -0.000455717  0.00468477  0.115825  0.0163878  0.0261142  
-0.00020002  -0.000318944  0.00476646  0.13047  0.0670779  0.0796192  
7.10345e-05  -0.000311589  0.00520041  0.120835  0.0446321  0.106792  
0.000247707  -0.000443417  0.00435766  0.0804512  0.0987132  0.0972747  
-0.000422802  -0.000383883  0.00377642  0.0570629  0.0987291  0.101454  
-0.000187591  -0.000450023  0.00381332  0.0476641  0.0135905  0.0968822  
-9.86321e-05  -0.000430392  0.00335241  0.0371463  0.0516183  0.0495431  
-9.86321e-05  -0.000399201  0.00505475  0.141378  0.0643509  0.068549  
0.000518681  -0.000325546  0.00518082  0.141906  0.051239  0.0685576  
0.000740546  -0.000433451  0.00522834  0.143901  0.074993  0.0685346  
0.00108932  -0.000990668  0.00534706  0.140408  0.0562762  0.0683683  
0.00143287  -0.0010503  0.00534886  0.142915  0.105718  0.0854448  
0.00136861  -0.000639563  0.00522416  0.133667  0.104527  0.133406  
0.00107066  -0.000400736  0.0046101  0.0826872  0.190877  0.149004  
0.00090371  0.00010583  0.0049392  0.0697199  0.0905191  0.130151  
0.00169918  -0.000378651  0.00434251  0.0739645  0.0859984  0.150782  
0.00230659  -0.000600438  0.00410218  0.0798918  0.128981  0.150599  
0.00279202  -0.000729348  0.00418492  0.0839051  0.134849  0.116917  
0.00264753  -0.000762492  0.00425697  0.0876654  0.138272  0.106914  
0.00288699  -0.000723707  0.00415792  0.0987108  0.129032  0.116875  
0.00259983  -0.00104416  0.00485346  0.114244  0.147183  0.134821  
0.00197448  -0.000693461  0.00584604  0.148518  0.152104  0.178362  
0.0018527  -0.000566191  0.00504084  0.125753  0.1109  0.180654  
0.00128957  -0.000956191  0.00455018  0.111307  0.123763  0.160115  
0.000635239  -0.00112668  0.00615193  0.16731  0.123163  0.205784  
0.00112565  -0.001696  0.00516264  0.109398  0.122617  0.211537  
0.000831695  -0.00101946  0.004107  0.0685967  0.0946621  0.163166  
0.000100359  -0.000696535  0.00414964  0.0519608  0.0830985  0.158982  
-0.00156523  -0.000649304  0.00374119  0.0363123  0.0593347  0.170387  
-0.00197065  -0.00101122  0.0038812  0.0494256  0.0745247  0.164359  
-0.00124933  -0.000821926  0.00392765  0.0634614  0.0971112  0.156592  
-0.000710732  -0.00102438  0.00413406  0.0678628  0.0798514  0.173016  
-0.000666535  -0.000872557  0.00410041  0.0574295  0.0971457  0.167153  
-0.000390844  -0.00083609  0.00410319  0.0574062  0.0915001  0.173774  
-0.000595729  -0.000728231  0.00398778  0.0574128  0.100577  0.155325  
-0.000466509  -0.000895493  0.00412506  0.0635951  0.0971569  0.180086  
-0.000216619  -0.00082586  0.00420849  0.0653583  0.0971772  0.155173  
0.0001853  -0.000966787  0.00442381  0.0886454  0.0908808  0.123054  
0.00045547  -0.000941955  0.00662932  0.169672  0.0964798  0.133563  
0.000127288  -0.000950577  0.0072104  0.185869  0.109709  0.184773  
0.000554055  -0.00101011  0.00689025  0.17886  0.105598  0.170721  
0.000337062  -0.00102868  0.00650068  0.160007  0.129539  0.179813  
0.000712668  -0.00107767  0.006396  0.160001  0.080081  0.148251  
0.000666982  -0.000842845  0.00628115  0.159943  0.121676  0.177992  
0.00128017  -0.00115054  0.00612755  0.155523  0.11009  0.157833  
0.00111461  -0.00107261  0.00600614  0.14533  0.133243  0.176396  
0.000885725  -0.00121578  0.00502607  0.0898959  0.117431  0.144691  
0.000935326  -0.0011191  0.00476005  0.0765923  0.153645  0.170063  
0.00180533  -0.0012307  0.00466639  0.0741118  0.104515  0.149463  
0.00141959  -0.00100082  0.00474518  0.0690647  0.16248  0.170939  
0.00182287  -0.000952942  0.00475255  0.0637771  0.144934  0.159212  
0.0017073  -0.000792193  0.00468218  0.0607485  0.153388  0.163923  
0.00186147  -0.00106611  0.00475862  0.0658528  0.112158  0.147189  
0.0015249  -0.000958631  0.00506946  0.07152  0.162167  0.153842  
0.0018004  -0.00123561  0.00506946  0.0710632  0.118968  0.147166  
0.001731  -0.000986269  0.00476793  0.0728702  0.153156  0.164473  
0.00206128  -0.000965726  0.00492058  0.0656494  0.143024  0.16441  
0.00197953  -0.000902937  0.00476599  0.0629182  0.158323  0.164432  
0.00227053  -0.00124191  0.00524703  0.101673  0.138442  0.178683  
0.00225776  -0.00122762  0.0063379  0.13877  0.142105  0.164376  
0.00502889  -0.00187429  0.00729724  0.150722  0.176198  0.116283  
0.00481177  -0.000764276  0.00834584  0.177272  0.198695  0.0879666  
0.00518444  -0.000865464  0.00806149  0.179279  0.193864  0.0946806  
0.00518444  -0.000904031  0.00830666  0.179302  0.186103  0.0852  
0.00518444  -0.000629279  0.00799384  0.167444  0.208234  0.113021  
0.00402629  -0.00120897  0.00745804  0.1619  0.192567  0.166283  
0.00371316  -0.00123398  0.00584764  0.106276  0.220014  0.162905  
0.00669611  -5.2966e-05  0.00620977  0.131734  0.391685  0.235143  
0.0057296  -0.000791237  0.00578151  0.131731  0.179751  0.349681  
0.00569242  -0.000724892  0.00578151  0.139779  0.241848  0.286744  
0.00562945  -0.000369146  0.00578151  0.124286  0.298728  0.23857  
0.0049264  -0.000341263  0.00452896  0.100116  0.268405  0.295553  
0.000829946  -0.00118067  0.00287492  0.070653  0.176886  0.315169  
0.00292477  -0.00101617  0.0026093  0.0567983  0.117645  0.189813  
0.00306507  -0.00123635  0.00313768  0.0877895  0.19469  0.156321  
0.00363385  -0.0011147  0.00296186  0.083756  0.167511  0.169974  
0.00361855  -0.00109261  0.00315612  0.0874322  0.162535  0.186665  
0.00364416  -0.000997577  0.00339528  0.0837978  0.157706  0.179537  
0.00364319  -0.00104545  0.00319166  0.0889219  0.157742  0.174328  
0.00377771  -0.000921397  0.00356227  0.0868961  0.167267  0.176594  
0.00399686  -0.000900235  0.00340516  0.0838363  0.159875  0.145394  
0.00416418  -0.00086199  0.00350521  0.0838592  0.208644  0.147922  
0.00467768  -0.000230127  0.00350521  0.0600491  0.175068  0.0999401  
0.00553759  -0.000113663  0.00410581  0.0635146  0.186888  0.0834446  
0.00654139  0.000130906  0.00670964  0.099131  0.217427  0.0645801  
0.00622898  0.000328906  0.00636705  0.0844359  0.279801  0.110886  
0.00609216  0.000699882  0.00679928  0.0970376  0.283055  0.149607  
0.00534233  0.000586317  0.00693394  0.116163  0.310985  0.216572  
0.00534233  0.000699882  0.00672168  0.108218  0.262356  0.17659  
0.00589242  0.000699882  0.00672924  0.112082  0.271199  0.175443  
0.00586448  0.000929401  0.00636533  0.0997454  0.271211  0.144495  
0.00548933  0.00102688  0.00657853  0.0941122  0.294016  0.169356  
0.00548171  0.00103725  0.00628084  0.0851596  0.256341  0.162277  
0.00507767  0.000363555  0.00546996  0.0820352  0.230242  0.199809  
0.00534233  0.00044164  0.00513136  0.0735263  0.256598  0.199785  
0.00573734  0.000496823  0.0052139  0.07229  0.235743  0.192746  
0.0057117  0.000466405  0.00523427  0.0859072  0.263881  0.19239  
0.00592563  0.000664332  0.00613541  0.114959  0.254365  0.210895  
0.00582442  0.000258718  0.00512211  0.0511889  0.28873  0.219295  
0.00522229  0.000298127  0.00485903  0.0399778  0.275714  0.249279  
0.00452196  0.00056199  0.00425231  0.0131979  0.245652  0.227537  
0.00465047  0.000633134  0.00536515  0.0504893  0.258897  0.253242  
0.00658008  0.00147827  0.00439559  0.0120724  0.315111  0.347526  
0.00866394  0.00140626  0.00347192  0.0040829  0.664849  0.822217  
0.00882629  0.000392178  0.00398281  0.0513072  0.450848  0.571492  
0.00907903  0.000180722  0.00319158  0.0394829  0.360306  0.337419  
0.00875256  -0.000204793  0.00294724  0.0395043  0.327345  0.221547  
0.00966983  -0.000204793  0.00294724  0.0395043  0.29608  0.191745  
0.00873274  -0.000204793  0.00312462  0.03116  0.309749  0.217107  
0.00852294  -5.72579e-05  0.00294724  0.0304186  0.309716  0.210961  
0.00918326  0.000541489  0.00303393  0.0227831  0.299683  0.216565  
0.0072196  0.000465801  0.00279707  0.00764732  0.292339  0.25962  
0.00547836  0.000165051  0.00294724  0.0352438  0.264405  0.277237  
0.00519943  -0.000204793  0.00294724  0.0241297  0.269556  0.260843  
0.00504663  0.000160744  0.00301162  0.0240573  0.267869  0.270511  
0.00538444  0.000233857  0.00309022  0.0240676  0.267932  0.26084  
0.00563029  4.66915e-05  0.00329922  0.0393384  0.299544  0.302841  
0.00624943  -0.000204793  0.0033467  0.0365093  0.270431  0.299392  
0.00600296  -0.000204793  0.00311483  0.0332803  0.30951  0.311309  
0.00681851  0.000395917  0.0062295  0.124934  0.299919  0.321956  
0.00640183  0.000188493  0.00655987  0.171367  0.337758  0.344653  
0.00561507  -0.000463706  0.00628967  0.175497  0.28674  0.349916  
0.00305322  -0.000656652  0.004723  0.172785  0.290701  0.350382  
0.00406021  -0.00108269  0.00397365  0.117874  0.249459  0.349928  
0.00316884  -0.001655  0.00310198  0.128367  0.260147  0.349895  
0.00438862  -0.00141624  0.00379093  0.153453  0.249567  0.342859  
0.00394672  -0.00165977  0.00288515  0.0816694  0.28468  0.338739  
0.00471597  -0.00162385  0.00301122  0.0861935  0.273216  0.345147  
0.00454974  -0.00150385  0.00340432  0.111134  0.284774  0.342433  
0.0046946  -0.00144853  0.00357223  0.0994089  0.284795  0.347459  
0.00409705  -0.00132273  0.00517595  0.160347  0.284176  0.371458  
0.00471565  -0.000973335  0.00556842  0.163595  0.305914  0.408577  
0.00239919  -0.000767572  0.00412431  0.107716  0.287923  0.352647  
0.00185064  -0.00120447  0.00290723  0.0603829  0.175202  0.345897  
0.00204785  -0.0014249  0.00288382  0.0624521  0.225271  0.324169  
0.00234439  -0.00139412  0.00274718  0.0698816  0.245168  0.333013  
0.00298831  -0.000704351  0.00238677  0.0510141  0.180349  0.20894  
0.00239134  9.28575e-06  0.00184984  0.0261169  0.153343  0.124815  
0.00246464  -0.000347375  0.00172057  0.0227006  0.122882  0.111954  
0.00299604  -0.000244925  0.00196466  0.0312485  0.182215  0.147783  
0.00537905  -0.000347375  0.00433678  0.132027  0.163069  0.120709  
0.00501562  -7.56446e-05  0.00513423  0.126925  0.291331  0.178696  
0.00785493  -0.000797748  0.00363605  0.11791  0.385041  0.273545  
0.00958048  -0.00220695  0.00399098  0.166803  0.343913  0.380918  
0.00804326  -0.00271301  0.00353297  0.169845  0.395973  0.490564  
0.00672076  -0.00261432  0.00369834  0.177943  0.301406  0.366579  
0.00883179  -0.00210042  0.00536229  0.184901  0.339728  0.213006  
0.0168094  -0.00276334  0.00441397  0.19377  0.580119  0.15122  
0.0221153  -0.00341485  0.00558829  0.227284  0.611653  0.20855  
0.000667904  -0.00277087  0.00373645  0.161944  0.180724  0.428154  
-0.00170739  -0.00190706  0.00246995  0.128538  0.10136  0.346107  
-0.000659307  -0.00145454  0.00173806  0.0961005  0.0898884  0.245014  
0.00117211  -0.00146163  0.00207607  0.120857  0.145168  0.213765  
0.000740786  -0.00158817  0.00231458  0.110053  0.150272  0.289204  
0.00156874  -0.00124053  0.00189213  0.104074  0.142036  0.276858  
0.0022874  -0.00105137  0.00232248  0.117286  0.15918  0.261614  
0.00233361  -0.00112901  0.0025418  0.120859  0.133325  0.237481  
0.00191223  -0.00123446  0.00215057  0.120947  0.101113  0.197099  
0.00144157  -0.00170092  0.00141739  0.121043  0.0759982  0.201538  
0.00285776  -0.00161408  0.00141739  0.121059  0.142315  0.158701  
0.00317533  -0.00145938  0.00204964  0.13478  0.0823117  0.165376  
0.00370678  -0.00193872  0.002352  0.148594  0.0844091  0.0886604  
0.00398677  -0.00245481  0.00245971  0.161135  0.093488  0.0954326  
0.00414891  -0.0023318  0.00229402  0.167125  0.133033  0.0987576  
0.00435518  -0.0021231  0.00244908  0.16709  0.135046  0.126203  
0.00452764  -0.0019156  0.00260001  0.15552  0.150738  0.126187  
0.00633188  -0.00239139  0.00247056  0.144952  0.188535  0.110916  
0.00562646  -0.00377786  0.00203446  0.208964  0.225444  0.278479  
0.00442192  -0.00368951  0.00166557  0.17032  0.225228  0.318953  
0.00490512  -0.00264052  0.00207058  0.153301  0.229079  0.339705  
0.00356367  -0.00235638  0.00193834  0.130099  0.106394  0.269555  
-0.000818038  -0.000571616  0.00111608  0.0921356  0.0647842  0.242952  
-0.000632269  -0.000889541  0.00261233  0.137528  0.0977278  0.173544  
0.00105681  -0.00236252  0.00381904  0.157434  0.129099  0.218147  
0.0016866  -0.000853492  0.00447648  0.133607  0.212397  0.287662  
0.00260863  -0.000464943  0.00383832  0.11977  0.303324  0.137049  
0.0035672  -0.00195519  0.00361655  0.12664  0.180095  0.224988  
0.00413435  -0.00119114  0.00410832  0.128812  0.257194  0.186635  
0.00654293  0.000247884  0.00391056  0.114426  0.314772  0.143053  
0.012742  7.5635e-05  0.00470211  0.159111  0.241682  0.0506469  
0.00625471  -0.000233421  0.00506869  0.155961  0.0705779  0.108488  
-0.00347951  -0.000927985  0.00247787  0.101279  0.00666837  0.231673  
-0.00181187  -0.000898799  0.00266652  0.0920632  0.0259112  0.2071  
-0.000794596  -0.000653516  0.00228636  0.0857922  0.0428866  0.135521  
0.000612112  -0.00118168  0.00266168  0.118573  0.0628221  0.105583  
0.0016426  -0.00224998  0.00286918  0.158498  0.0659776  0.111553  
0.00316176  -0.00224998  0.00257711  0.150461  0.0717327  0.0950914  
0.0042097  -0.00194516  0.00252575  0.150458  0.09039  0.0640134  
0.00433754  -0.00152245  0.00252575  0.150463  0.102278  0.0641378  
0.00430517  -0.00137923  0.00242355  0.132629  0.081543  0.064148  
0.00432686  -0.00137755  0.00252575  0.130885  0.0939105  0.0502623  
0.00411598  -0.00142211  0.00239193  0.137499  0.102298  0.0489266  
0.00384175  -0.0014128  0.00225673  0.128557  0.0916591  0.0572519  
0.00400659  -0.00158852  0.00216832  0.132638  0.127054  0.105259  
0.0042654  -0.000577826  0.00154442  0.104492  0.150809  0.17991  
0.00542124  -0.000898053  0.00191524  0.104407  0.151017  0.193008  
0.00560239  -0.000388878  0.00150298  0.113005  0.192412  0.152482  
0.00639438  -0.000765192  0.00256278  0.104452  0.185362  0.0577933  
0.00670482  -0.000765191  0.00261492  0.110177  0.157555  0.083149  
0.00630972  -0.000765191  0.00256278  0.121492  0.178604  0.0624945  
0.00619999  -0.000392935  0.00256278  0.0968777  0.169453  0.0526977  
0.00659571  -0.00048996  0.00256278  0.0965747  0.194726  0.0526178  
0.00664504  -0.000308013  0.00241651  0.095618  0.163835  0.034372  
0.00630972  -0.000308013  0.00265089  0.0909558  0.213112  0.051217  
0.00628743  -0.000469382  0.00256278  0.0852041  0.200219  0.0764718  
0.00656501  -0.000308013  0.00237531  0.0780367  0.237303  0.0581394  
0.00757496  -0.000308013  0.00237378  0.0760529  0.225472  0.0494436  
0.00611808  -0.000308013  0.00215104  0.0655883  0.212342  0.104031  
0.00474169  -8.83867e-05  0.00159077  0.0520157  0.140641  0.0895886  
0.00438331  6.79326e-05  0.00154722  0.0441064  0.186308  0.0744618  
0.00543488  0.000211473  0.00173432  0.0480685  0.207681  0.0781828  
0.00637602  -0.000827909  0.00255705  0.104902  0.16614  0.0877797  
0.00781715  0.000108741  0.00483699  0.166374  0.203917  0.0748569  
0.00820198  0.000281728  0.00498273  0.144093  0.291924  0.0610916  
0.00949982  -0.000327552  0.00267419  0.0751109  0.286915  0.0688733  
0.00987447  -0.000176268  0.00232302  0.0650244  0.257751  0.0538263  
0.0097949  -0.000433615  0.00267419  0.0861969  0.270262  0.057573  
0.00798509  -0.000943806  0.00487315  0.189823  0.239059  0.0994199  
0.0070547  -0.000773485  0.00384008  0.120149  0.258455  0.103507  
0.00767855  -0.00141592  0.00338985  0.114489  0.231154  0.114366  
0.00800788  -0.00150898  0.00361746  0.147425  0.255574  0.136848  
0.00494761  -0.000776983  0.00302804  0.190893  0.202128  0.0808572  
0.00454746  -0.000322623  0.00332673  0.203897  0.144123  0.0809569  
0.00506523  -0.000274581  0.00361746  0.193806  0.1378  0.119765  
0.00478769  0.000358782  0.001759  0.0789298  0.140104  0.0271863  
0.0039503  -0.000170859  0.00104324  0.0824068  0.0917028  0.0492311  
0.00329598  1.10844e-05  0.00131672  0.0822876  0.192994  0.233425  
0.00313802  0.000591529  0.00131672  0.068733  0.244127  0.337967  
0.00482695  0.00032899  0.00154628  0.0688449  0.190628  0.227238  
0.00395373  5.76245e-05  0.00174821  0.0689018  0.218704  0.243015  
0.00455729  -0.000698035  0.00200672  0.103186  0.156327  0.189118  
0.00497982  -0.000776983  0.00178091  0.117251  0.0732944  0.028209  
0.00477403  -0.000500668  0.00131672  0.109144  0.146982  0.144022  
0.00637673  -0.000776983  0.00190027  0.131453  0.186999  0.0902464  
0.00644774  0.000251669  0.00339911  0.145651  0.187276  0.154718  
0.00838891  0.000875233  0.00310678  0.0918958  0.333086  0.318914  
0.00116516  0.000706411  0.00361481  0.144714  0.361014  0.595244  
0.000535271  0.0004351  0.00346715  0.130026  0.290475  0.641188  
-0.00330337  0.00091014  0.00269336  0.0758167  0.248298  0.631904  
-0.00189866  0.000259603  0.00309846  0.116187  0.179364  0.54486  
0.00418619  -0.000211148  0.00534785  0.169392  0.29722  0.40146  
0.0079891  -0.000529693  0.00469347  0.135425  0.260615  0.215548  
0.00676532  -0.000571626  0.00459242  0.131539  0.296999  0.236137  
0.005963  -0.000229551  0.00415963  0.105916  0.281313  0.257339  
0.00582303  -0.000229551  0.00451842  0.138204  0.293229  0.259636  
0.00609627  -0.000115267  0.00451842  0.128834  0.279739  0.267653  
0.00599214  -0.000229551  0.0042897  0.123305  0.306765  0.275639  
0.0063455  -0.000287812  0.00432305  0.118609  0.298162  0.28337  
0.00637631  -1.29797e-06  0.00481951  0.14148  0.323191  0.286587  
0.00595236  -1.72587e-05  0.00451842  0.128806  0.288305  0.275708  
0.00590718  0.000404867  0.00394008  0.100843  0.367459  0.118441  
0.0065676  -0.000121759  0.00317193  0.0945073  0.238768  0.222332  
0.00644801  -0.000229551  0.00228081  0.0851762  0.254782  0.346692  
0.00619543  -0.00100604  0.00150077  0.0899632  0.322818  0.341665  
0.00934762  -0.00081689  0.00246282  0.112322  0.33984  0.285384  
0.0176896  -0.000628775  0.00508201  0.177391  0.562109  0.136212  
0.0269884  0.000466114  0.00566055  0.180903  0.699356  0.141188  
0.0232021  0.000646265  0.00621126  0.172953  0.478578  0.169634  
0.00530026  -0.000117372  0.00282211  0.0978316  0.203694  0.214858  
0.00322492  0.000643465  0.00197221  0.0422225  0.141591  0.140758  
0.00487089  0.000924303  0.00244285  0.0574491  0.194931  0.101479  
0.00446606  0.00106671  0.00211869  0.0261231  0.175679  0.0902099  
0.00555373  0.000590332  0.00220737  0.077773  0.173797  0.11869  
0.00582252  0.000340332  0.00286776  0.106954  0.205111  0.0899236  
0.00745771  0.000682678  0.00518483  0.165768  0.204522  0.128707  
0.0072893  0.000583887  0.00424203  0.100154  0.23923  0.119768  
0.00631571  0.000981218  0.00425213  0.127476  0.282348  0.154155  
0.00479144  0.000602287  0.00408165  0.146277  0.256579  0.20159  
0.00431516  -0.000104181  0.00256032  0.0877496  0.218111  0.197651  
0.00544103  -0.000295315  0.00389788  0.141591  0.204044  0.15396  
0.00717713  0.000113059  0.0049501  0.172995  0.230799  0.137936  
0.00547076  0.000372998  0.00322874  0.113225  0.240432  0.039896  
0.00706015  0.000196059  0.00286588  0.0961892  0.172771  -0.0538413  
0.00820549  -1.14671e-05  0.00332879  0.10344  0.263503  -0.101303  
0.00795268  0.00151486  0.00329397  0.0470648  0.289571  -0.00892193  
0.00854247  -7.05388e-05  0.00360411  0.0984159  0.138412  0.0454157  
0.00908265  -0.000790786  0.00298792  0.0879704  0.183974  0.0458522  
0.00934583  -0.000528917  0.00301092  0.0795357  0.120147  -0.0484182  
0.0119022  -0.00123915  0.00309986  0.164048  0.228076  -0.059479  
0.0139453  -0.00226294  0.00261899  0.161353  0.0263083  -0.295288  
0.0127  -0.000810655  0.00309222  0.141194  0.210108  -0.164557  
0.0131664  0.000278577  0.00315739  0.101181  0.178723  -0.246312  
0.0120696  0.000621988  0.00397874  0.126388  0.214412  -0.258593  
0.0116641  0.000332084  0.00447353  0.135372  0.209052  -0.217283  
0.00716519  -0.000194458  0.00309529  0.0930904  0.141914  -0.158394  
0.005499  -0.00080266  0.00260567  0.0660838  0.0740395  -0.149621  
0.00683857  -0.000251352  0.0022869  0.0449339  0.118878  -0.203699  
0.0083838  0.000374978  0.00317235  0.0616335  0.193064  -0.234479  
0.0103443  -0.000474598  0.00432751  0.133799  0.195613  -0.271005  
0.01651  -0.000382088  0.00311318  0.0772831  0.319841  -0.271931  
0.0304091  0.000461672  0.0043924  0.0981525  0.730117  -0.291116  
0.0277144  0.000799614  0.00604914  0.122579  0.479206  -0.337876  
0.00647851  0.00152244  0.0032229  0.036134  0.0206982  -0.167247  
0.00576304  0.0013506  0.00234643  0.0346853  0.0445728  -0.160337  
0.0100424  0.00147724  0.00219326  0.0465471  0.144237  -0.188388  
0.011299  0.00133441  0.00193106  0.0566582  0.164434  -0.165059  
0.0108555  0.00136202  0.00187326  0.0566585  0.166012  -0.17435  
0.0109541  0.00196368  0.00173574  0.0482591  0.1784  -0.120731  
0.012045  0.00163223  0.00194186  0.0450134  0.186944  -0.125622  
0.0120876  0.000514727  0.00266792  0.118797  0.21783  -0.0804021  
0.00908695  0.000661806  0.00232024  0.086968  0.135001  -0.126642  
0.00558776  -0.000403619  0.0018097  0.0693445  0.0786981  -0.0970515  
0.00554202  -0.000346083  0.00124645  0.0448769  0.0995374  -0.131202  
0.00645434  -3.46755e-05  0.00130854  0.0504282  0.100064  -0.133305  
0.00529133  0.000801652  0.00221525  0.0589377  0.157263  -0.134508  
0.00328955  0.000924051  0.00223218  0.0695995  0.104218  -0.144659  
0.00595616  0.000332069  0.00206414  0.0823815  0.086266  -0.107018  
0.00768853  0.00061203  0.00160156  0.0538825  0.133464  -0.0880563  
0.00669708  0.00133446  0.00118578  0.0324876  0.163484  -0.0696277  
0.0060413  0.00128402  0.00118578  0.0146976  0.166701  -0.0897387  
0.00585015  0.00142296  0.00118578  0.0156431  0.13825  -0.114737  
0.00637776  0.00146249  0.00135088  0.0256889  0.144098  -0.139577  
0.00782999  0.00130892  0.00177384  0.0390933  0.162711  -0.160716  
0.00788559  0.00136359  0.00298058  0.0817568  0.176663  -0.12139  
0.00583197  -0.000957803  0.00152111  0.116341  0.301018  0.14858  
0.00488142  -0.0027894  0.00288635  0.183067  0.174277  0.217387  
-0.00310011  0.00277754  -0.00140264  0.0465937  0.122397  0.379616  
0.000851681  0.00235207  0.0016194  0.0586385  0.20553  0.22422  
0.00357514  0.00185928  0.00209817  0.0525562  0.200871  0.170711  
0.003235  0.00149465  0.00173968  0.0461961  0.222502  0.15358  
0.00316401  0.00149465  0.00209817  0.0430944  0.214429  0.166692  
0.00315848  0.00158516  0.00169042  0.0409065  0.215865  0.175765  
0.00278345  0.00148852  0.00169042  0.0370367  0.220875  0.175792  
0.0020409  0.000445636  0.00081571  0.0343361  0.223608  0.232045  
0.00284907  -0.000179311  -6.10041e-05  -0.00576371  0.27503  0.218166  
0.00382948  -0.00120017  -0.000644716  0.0369896  0.191979  0.273197  
0.00398946  -0.000322396  -0.000669366  0.0123577  0.250041  0.226145  
0.00375307  -0.000193002  -0.000786902  -0.00808951  0.192578  0.194536  
0.001653  0.000247392  -0.00112227  -0.0295692  0.153733  0.188551  
0.00205966  0.000380955  -0.0010343  -0.0184969  0.18668  0.166115  
0.00260164  -0.000143037  -0.0011485  -0.0130492  0.196361  0.144253  
0.00270158  0.000210163  -0.00109934  -0.0243649  0.196352  0.146944  
0.00263626  7.88347e-05  -0.00109722  -0.0209943  0.198908  0.134268  
0.0029594  7.48521e-06  -0.000932574  -0.0142658  0.189773  0.187823  
