-0.0202533  -0.00452046  -0.0013854  -0.0666746  -0.414364  1.05905  
-0.0212341  -0.00438802  -0.000644848  -0.0630242  -0.415846  1.04072  
-0.0221082  -0.0036685  -0.000925661  -0.0610236  -0.466337  1.07079  
-0.0226516  -0.00427368  -0.00104071  -0.0533165  -0.438752  1.08908  
-0.0227048  -0.00347286  -0.000465507  -0.0496824  -0.483524  1.03137  
-0.022679  -0.00323804  -0.000855572  -0.0540418  -0.491831  1.06243  
-0.023052  -0.00353908  -0.000855572  -0.0538193  -0.416957  1.08533  
-0.0240001  -0.00309066  -0.00100917  -0.0618036  -0.503356  1.08983  
-0.0240419  -0.00322827  -0.000855572  -0.0650624  -0.439303  1.07936  
-0.0247734  -0.00304872  -0.000855572  -0.070233  -0.50829  1.10696  
-0.0244395  -0.00329062  -0.000855572  -0.0700404  -0.444534  1.09552  
-0.0244454  -0.00285883  -0.00108886  -0.0647564  -0.50424  1.10712  
-0.0248584  -0.00346861  -0.00111767  -0.0685146  -0.44223  1.10703  
-0.0251971  -0.00294456  -0.00118148  -0.0691228  -0.512664  1.10686  
-0.0249574  -0.00322975  -0.000886074  -0.067326  -0.445942  1.09325  
-0.0238748  -0.00340782  -0.00142781  -0.0536418  -0.535509  1.09504  
-0.0255784  -0.00454303  -0.00124757  -0.0529305  -0.515129  1.04839  
-0.0243834  -0.00395324  -0.00130255  -0.0533331  -0.478532  1.08661  
-0.0244323  -0.00411528  -0.00104654  -0.053332  -0.450949  1.06592  
-0.0233673  -0.00389304  -0.000950627  -0.0537051  -0.477733  1.09639  
-0.0233244  -0.00360811  -0.00090018  -0.0537711  -0.45075  1.06512  
-0.0245823  -0.00354626  -0.00084087  -0.062737  -0.476407  1.13833  
-0.0236863  -0.00377779  -0.000607005  -0.0538351  -0.432525  1.10081  
-0.0237733  -0.00316489  -0.00084087  -0.0542132  -0.504138  1.11415  
-0.0233777  -0.00332986  -0.00084087  -0.0704123  -0.437614  1.08641  
-0.0239238  -0.0031946  -0.00084087  -0.0688563  -0.477851  1.11743  
-0.024411  -0.00324879  -0.00084087  -0.0705525  -0.442616  1.10267  
-0.0250984  -0.00316489  -0.00084087  -0.070352  -0.487859  1.15552  
-0.0236269  -0.00308935  -0.00084087  -0.0662693  -0.452749  1.08273  
-0.0243566  -0.00277138  -0.00078795  -0.0713625  -0.461893  1.10159  
-0.0230213  -0.00263258  -0.00084087  -0.0729027  -0.441568  1.05341  
-0.0251523  -0.00287478  -0.000563454  -0.0736503  -0.439796  1.15139  
-0.0237361  -0.00236433  -0.00084087  -0.0653788  -0.486757  1.09085  
-0.0249543  -0.00297267  -0.00084087  -0.0721414  -0.43423  1.15949  
-0.0240091  -0.00248774  -0.00084087  -0.0733482  -0.50499  1.1347  
-0.024556  -0.00287566  -0.000635913  -0.0710699  -0.449383  1.14108  
-0.0244225  -0.00236212  -0.000840871  -0.0713395  -0.501758  1.15391  
-0.0238424  -0.00241616  -0.00084087  -0.0883903  -0.461769  1.1304  
-0.0261023  -0.00188088  -0.00084087  -0.0988019  -0.488726  1.2064  
-0.0281858  -0.00283047  -1.17004e-05  -0.0682226  -0.462384  1.25893  
-0.0267371  -0.00281398  0.000265888  -0.0687757  -0.588223  1.30408  
-0.0267695  -0.0022316  -9.31076e-05  -0.0882571  -0.559817  1.32353  
-0.0267731  -0.0026794  -4.95606e-05  -0.0836794  -0.494735  1.30998  
-0.026862  -0.00235607  8.30007e-05  -0.0747426  -0.525479  1.33191  
-0.0264233  -0.00262552  0.000155012  -0.0745136  -0.503947  1.32077  
-0.0275806  -0.00243676  8.30007e-05  -0.0841004  -0.526739  1.32343  
-0.0275806  -0.0024928  8.30007e-05  -0.0746789  -0.513672  1.33231  
-0.0277202  -0.00338412  -0.000211311  -0.08333  -0.446156  1.29702  
-0.0268404  -0.00296086  8.30007e-05  -0.0741602  -0.544898  1.28638  
-0.0267124  -0.00294187  -0.00015229  -0.0841181  -0.468133  1.32011  
-0.0273548  -0.00320605  -0.000112692  -0.0796047  -0.518222  1.27763  
-0.024979  -0.00277723  -0.000279815  -0.0804143  -0.507863  1.23886  
-0.0242271  -0.00225642  -0.00105758  -0.0926401  -0.485879  1.117  
-0.0245362  -0.00338815  -0.000932047  -0.0918451  -0.374808  1.11349  
-0.0247175  -0.00285816  -0.000523387  -0.0706246  -0.513665  1.11896  
-0.0220749  -0.00300104  -0.00163118  -0.0861174  -0.397316  1.01391  
-0.0230048  -0.00227713  -0.00163118  -0.0770079  -0.503703  1.12324  
-0.0221285  -0.00291797  -0.00213666  -0.0772996  -0.446895  1.10552  
-0.0246406  -0.00348238  -0.00180107  -0.0772416  -0.617061  1.10046  
-0.0236874  -0.00318184  -0.00141928  -0.0655328  -0.509418  1.09559  
-0.0226944  -0.00351891  -0.00134692  -0.0650983  -0.440162  1.13064  
-0.0229285  -0.00361221  -0.00142889  -0.066098  -0.481664  1.10909  
-0.0192615  -0.00399161  -0.00143754  -0.047109  -0.463799  0.963191  
-0.0196891  -0.0042918  -0.00143754  -0.0467168  -0.391915  1.04353  
-0.0218691  -0.00496909  -0.00188456  -0.0460527  -0.465769  1.10188  
-0.0181837  -0.00591299  -0.00128792  0.00222081  -0.51817  1.10348  
-0.0214221  -0.00592508  -0.00117101  -0.00766895  -0.507839  1.18547  
-0.0162279  -0.00462907  -0.00115341  -0.0241744  -0.523253  0.949228  
-0.0195317  -0.00707763  -0.00154479  -0.00118378  -0.457384  1.03708  
-0.0233983  -0.00819304  -0.00154478  0.0153098  -0.521863  1.08754  
-0.0239939  -0.00736604  -0.00154479  0.0160586  -0.60643  1.08884  
-0.0248782  -0.00736604  -0.00154479  0.0293067  -0.616295  1.11215  
-0.0245132  -0.00765658  -0.00154479  0.0225828  -0.569873  1.06987  
-0.0242595  -0.00798498  -0.00154479  0.0174871  -0.524843  1.04855  
-0.0237819  -0.00770067  -0.00170421  0.0124346  -0.536903  1.01478  
-0.0249515  -0.00735915  -0.00195726  0.00926899  -0.529156  1.08654  
-0.0235965  -0.00661476  -0.00129562  0.00853617  -0.559118  1.03012  
-0.0224797  -0.00741372  -0.00172941  0.00931253  -0.527669  0.997906  
-0.0235916  -0.00699948  -0.00149681  0.00635617  -0.507831  0.967141  
-0.0238525  -0.00696744  -0.001499  0.00891669  -0.573739  1.0007  
-0.0242538  -0.00736469  -0.0015168  0.00923351  -0.573086  0.978682  
-0.0236496  -0.00694076  -0.00102007  0.00868116  -0.517792  0.993162  
-0.0229785  -0.00713661  -0.00127636  0.00885719  -0.453689  1.00912  
-0.0233985  -0.00694076  -0.00146251  0.00869288  -0.537404  1.03725  
-0.0236723  -0.00709075  -0.0012659  0.00882078  -0.529834  1.04639  
-0.0244352  -0.00715955  -0.00112907  0.00877317  -0.530352  1.06573  
-0.0240247  -0.00703498  -0.000932232  0.00861945  -0.533512  1.0693  
-0.0245909  -0.00693903  -0.000932232  0.00859224  -0.536536  1.06363  
-0.024458  -0.00711916  -0.00112443  0.00876546  -0.467588  1.05295  
-0.0249495  -0.00687058  -0.000932232  0.00854815  -0.599328  1.05791  
-0.0245334  -0.00646552  -0.000932232  0.00827042  -0.555663  1.05553  
-0.0242244  -0.00632825  -0.000932232  0.00820348  -0.545756  1.04467  
-0.0245591  -0.00632267  -0.000932232  0.00824045  -0.476976  1.02404  
-0.0238481  -0.0066841  -0.00103748  0.00848048  -0.522879  0.999106  
-0.0241545  -0.00639807  -0.000932232  0.00824967  -0.559864  1.02062  
-0.0239254  -0.00647541  -0.000932232  0.00827411  -0.507285  1.00286  
-0.0235084  -0.0061171  -0.000932232  0.00812142  -0.487681  0.974965  
-0.0232171  -0.00630911  -0.000932232  0.00823215  -0.46146  0.989614  
-0.0226156  -0.00590472  -0.000641747  0.0127262  -0.494914  0.94551  
-0.0237342  -0.00652202  -0.00080684  0.00834817  -0.45233  0.983073  
-0.0221936  -0.00634756  -0.00080684  0.00817388  -0.509512  0.96727  
-0.0228954  -0.00630909  -0.00080684  0.00824506  -0.466027  0.965813  
-0.0225882  -0.00670843  -0.000775039  -0.005356  -0.447776  0.909432  
-0.0222712  -0.00636657  -0.00087057  0.00178595  -0.511059  0.94117  
-0.022527  -0.00673472  -0.00093584  -0.00262822  -0.431468  0.941067  
-0.0220324  -0.00620347  -0.000721935  -0.00517272  -0.482928  0.913902  
-0.021852  -0.00635639  -0.000806724  -0.00841213  -0.417192  0.89665  
-0.0215514  -0.00604431  -0.000629203  0.00281461  -0.469703  0.869516  
-0.0220084  -0.00664736  -0.000718138  0.00128595  -0.409257  0.900798  
-0.0211854  -0.00611606  -0.000633837  0.00812942  -0.439147  0.900632  
-0.0212594  -0.00584039  -0.00063786  -0.00125786  -0.44478  0.915048  
-0.0212713  -0.00589301  -0.000630244  -0.00232135  -0.411948  0.888725  
-0.0207112  -0.00583981  -0.000630942  0.00798554  -0.472746  0.90078  
-0.0213122  -0.00628743  -0.000456563  0.00817328  -0.416498  0.90066  
-0.0200555  -0.0058344  -0.000225222  0.00793834  -0.444852  0.87452  
-0.019977  -0.006173  -0.000225222  0.00811229  -0.382111  0.854004  
-0.0195401  -0.00558652  -0.000445118  0.0079397  -0.428254  0.828918  
-0.0192739  -0.00596595  -0.000225222  0.00807603  -0.377968  0.809202  
-0.0190651  -0.0055805  -0.000225222  0.00790176  -0.407012  0.809521  
-0.0191242  -0.0055805  -0.000385444  0.0018245  -0.367347  0.752545  
-0.0178758  -0.00535186  -0.000419295  -0.00126623  -0.374517  0.741372  
-0.0174742  -0.00526322  -0.000297477  0.00153374  -0.363325  0.720366  
-0.0178758  -0.00534317  -0.000446833  0.00137061  -0.339338  0.727585  
-0.0167035  -0.00501487  -0.000431597  -0.00411041  -0.36846  0.717767  
-0.017591  -0.00529869  -0.000764746  -0.0112957  -0.34637  0.727607  
-0.0162675  -0.00483715  -0.000225222  -0.00891504  -0.355862  0.689205  
-0.0169545  -0.00496248  -0.000424571  -0.0103521  -0.31823  0.773833  
-0.0160034  -0.00470534  -0.000225222  -0.00826395  -0.353372  0.691531  
-0.0169745  -0.00509928  -0.000225222  -0.0168304  -0.318273  0.722593  
-0.0168725  -0.00458336  -0.000225222  -0.00899579  -0.38121  0.747176  
-0.0172433  -0.00516013  -0.000225222  -0.00875385  -0.298939  0.757091  
-0.0168217  -0.00490333  -0.000225222  -0.00888445  -0.38347  0.757203  
-0.0175375  -0.00499994  -0.000225222  -0.00883952  -0.341874  0.768798  
-0.0165501  -0.00451876  -0.000225222  -0.00915787  -0.367727  0.757241  
-0.0169608  -0.00468459  -0.000225222  -0.0205576  -0.330985  0.769221  
-0.0158622  -0.00422017  -0.000225222  -0.0092725  -0.360409  0.738993  
-0.0160274  -0.00426591  -0.000225222  -0.0220368  -0.327045  0.744576  
-0.0159341  -0.00432125  -0.000225222  -0.0191324  -0.353692  0.757349  
-0.0154955  -0.00432491  -0.000225222  -0.0305443  -0.340844  0.757459  
-0.0159341  -0.00432894  -0.000225222  -0.0242928  -0.335154  0.730233  
-0.0159341  -0.00426871  -0.000279017  -0.0250922  -0.346162  0.747114  
-0.0153849  -0.00409391  -0.000122766  -0.0241791  -0.337734  0.701186  
-0.0155322  -0.00380945  -0.000343856  -0.0357114  -0.342572  0.725905  
-0.014855  -0.00353627  -0.000225222  -0.0285622  -0.342259  0.679653  
-0.0154106  -0.00356051  -0.000413684  -0.0393032  -0.342528  0.722927  
-0.0153207  -0.00350844  -0.000280086  -0.0271462  -0.342467  0.707995  
-0.0155863  -0.00366062  -0.000456972  -0.0408335  -0.352281  0.721206  
-0.0151473  -0.00359907  -0.000225222  -0.0370717  -0.342371  0.70805  
-0.0163439  -0.00378269  -0.000225222  -0.0418338  -0.360569  0.725332  
-0.0158713  -0.00345873  -0.000225222  -0.029744  -0.341063  0.70783  
-0.0152866  -0.00374003  -0.000225222  -0.0445086  -0.308534  0.672477  
-0.0149214  -0.00369084  -0.000225222  -0.0421489  -0.333868  0.664068  
-0.0151769  -0.00361771  -0.000298554  -0.0416877  -0.308493  0.664007  
-0.0146824  -0.00340923  -0.000225222  -0.0298091  -0.337937  0.647623  
-0.0154086  -0.00374747  -0.000225222  -0.0371839  -0.275937  0.663972  
-0.0150206  -0.00339125  -2.54207e-05  -0.0322441  -0.345424  0.64468  
-0.0156979  -0.00376595  -0.000105589  -0.0254751  -0.308688  0.663909  
-0.014665  -0.00319873  -0.000225222  -0.0256763  -0.341233  0.621701  
-0.0151908  -0.00365887  -0.000225222  -0.0333743  -0.276207  0.612289  
-0.0145012  -0.00259899  -1.92461e-05  -0.0259698  -0.328858  0.609056  
-0.0152032  -0.00333766  -0.000225222  -0.0211883  -0.266376  0.590382  
-0.0140147  -0.00291017  -0.000225222  -0.0181091  -0.329011  0.58476  
-0.0150005  -0.00325387  -0.000105868  -0.0256334  -0.277983  0.589108  
-0.0140546  -0.00251023  7.28757e-05  -0.0260722  -0.35424  0.585609  
-0.0141302  -0.00304033  -0.000225222  -0.0256697  -0.275921  0.589883  
-0.0140756  -0.00269122  4.097e-05  -0.0209691  -0.338556  0.599879  
-0.0138917  -0.00311274  -0.000225222  -0.0256396  -0.268545  0.588716  
-0.0144138  -0.00292578  6.56763e-05  -0.0258368  -0.337722  0.637239  
-0.0143896  -0.00303313  -5.02856e-05  -0.0257299  -0.25467  0.609319  
-0.0142937  -0.00280361  0.000321927  -0.0323871  -0.332532  0.634577  
-0.0158244  -0.00290399  -0.000226532  -0.0509203  -0.273861  0.721042  
-0.0143028  -0.00298402  4.64166e-05  -0.0508829  -0.318852  0.693608  
-0.0157815  -0.00283769  0.000323494  -0.0633482  -0.304343  0.743703  
-0.0156784  -0.00311888  0.000323494  -0.0597613  -0.314299  0.757387  
-0.0159609  -0.00291155  0.000231361  -0.0585069  -0.36295  0.817001  
-0.0157281  -0.00315552  0.000323494  -0.0622542  -0.286138  0.78995  
-0.015486  -0.00281969  0.000323494  -0.0659293  -0.357934  0.76084  
-0.015105  -0.00294382  0.000323494  -0.0632033  -0.306874  0.717106  
-0.0147496  -0.00230773  0.00049489  -0.0627847  -0.328713  0.713858  
-0.0148663  -0.00251333  0.000476425  -0.0650002  -0.253177  0.69531  
-0.0150618  -0.00230366  0.000670327  -0.0513703  -0.327275  0.71018  
-0.0151324  -0.00255945  0.000625503  -0.0511905  -0.264375  0.692542  
-0.0141718  -0.00217684  0.000647089  -0.0465467  -0.306265  0.677631  
-0.0147226  -0.00269782  0.000297249  -0.0510708  -0.265818  0.685277  
-0.0149912  -0.00288862  0.000450455  -0.0510328  -0.321763  0.691597  
-0.0153775  -0.00275908  0.000647089  -0.0511713  -0.314627  0.729391  
-0.0145877  -0.00311244  0.000246444  -0.0603876  -0.303993  0.708752  
-0.0156556  -0.00294028  0.000164647  -0.0509402  -0.367907  0.767726  
-0.0150992  -0.00290166  0.000164647  -0.0632246  -0.277215  0.709897  
-0.0144616  -0.0024649  0.000164647  -0.0626095  -0.329815  0.700545  
-0.0135686  -0.00247307  0.000164647  -0.0596447  -0.274418  0.65815  
-0.014131  -0.00258231  0.000164647  -0.0620254  -0.285704  0.708163  
-0.0125266  -0.00184747  0.000375154  -0.0557581  -0.29854  0.636391  
-0.0139193  -0.00246755  0.000168856  -0.0656296  -0.277145  0.673432  
-0.0128681  -0.00192559  0.000168856  -0.0574048  -0.301646  0.648459  
-0.0143452  -0.00243126  0.000168856  -0.0670863  -0.260275  0.681695  
-0.0131384  -0.00204439  0.000168856  -0.0577989  -0.295453  0.652644  
-0.0157896  -0.00242963  0.000168856  -0.0511116  -0.286398  0.689196  
-0.0148056  -0.00199348  0.000168856  -0.0513637  -0.308745  0.675211  
-0.0146181  -0.00214296  4.34074e-05  -0.064889  -0.246778  0.693402  
-0.014497  -0.00182305  0.00024348  -0.0514396  -0.305575  0.677364  
-0.0147139  -0.00204348  0.000319593  -0.0555793  -0.268599  0.705348  
-0.0137831  -0.00178073  0.000439211  -0.0514711  -0.311017  0.695034  
-0.014497  -0.0020805  0.000343571  -0.0620388  -0.268491  0.695068  
-0.0137739  -0.00157618  0.000445488  -0.053728  -0.326377  0.688222  
-0.0144938  -0.00214267  0.000433216  -0.0660853  -0.268565  0.6881  
-0.0140052  -0.00191351  0.000458779  -0.0559885  -0.332702  0.688253  
-0.0144442  -0.00200903  0.000630226  -0.0683627  -0.309394  0.709024  
-0.0134361  -0.00203659  0.000412625  -0.0626877  -0.239494  0.665373  
-0.0138869  -0.0020223  0.000313359  -0.0682353  -0.354872  0.66689  
-0.0142229  -0.00218228  0.000191389  -0.0682063  -0.254808  0.702545  
-0.0151013  -0.00241602  0.00028729  -0.0658829  -0.319781  0.702741  
-0.0145876  -0.00188092  0.000427387  -0.055697  -0.344986  0.688074  
-0.01464  -0.00220371  0.000209003  -0.0681455  -0.258828  0.657773  
-0.0138999  -0.00181427  0.000382216  -0.0622104  -0.315395  0.660944  
-0.0145035  -0.00215943  0.000204539  -0.0625768  -0.262055  0.684154  
-0.0145035  -0.00215346  0.000333608  -0.0654431  -0.299713  0.685553  
-0.0140658  -0.00177906  0.000630226  -0.0685034  -0.315745  0.683826  
-0.0145035  -0.00198551  0.000330971  -0.0683518  -0.262182  0.681422  
-0.0139344  -0.0016522  0.000513633  -0.0685214  -0.300964  0.655544  
-0.0143201  -0.00195292  0.000327017  -0.0682869  -0.278445  0.655489  
-0.014174  -0.00201101  0.000365945  -0.0570994  -0.304642  0.665543  
-0.015074  -0.00253473  1.88628e-05  -0.0644657  -0.27881  0.672837  
-0.0147534  -0.00221544  -9.5001e-05  -0.0680653  -0.326855  0.662758  
-0.0156176  -0.0022732  -8.46428e-05  -0.0680299  -0.312237  0.702333  
-0.0150975  -0.00167364  0.000593393  -0.0579764  -0.30676  0.657553  
-0.0159916  -0.00193634  0.000301744  -0.0581396  -0.32308  0.708551  
-0.0153937  -0.00241069  0.000122301  -0.0680106  -0.334841  0.666958  
-0.0159916  -0.00234149  -6.8028e-06  -0.0679987  -0.338185  0.71655  
-0.0155677  -0.00311756  -3.41576e-06  -0.0655569  -0.311387  0.688818  
-0.0158573  -0.00295036  -4.50229e-06  -0.0677552  -0.344783  0.703495  
-0.0154322  -0.00290174  0.000215591  -0.0677949  -0.307587  0.658788  
-0.0152676  -0.00280951  0.000215591  -0.0678651  -0.318148  0.677003  
-0.0141667  -0.00227425  0.000169352  -0.0680188  -0.290947  0.615961  
-0.0149369  -0.00228999  0.000225198  -0.0680822  -0.313193  0.675902  
-0.0147376  -0.00233714  0.000431407  -0.0619361  -0.289925  0.637668  
-0.0139202  -0.00194342  0.000500193  -0.0682951  -0.296697  0.652219  
-0.0142579  -0.00216698  0.000300932  -0.0630185  -0.272913  0.627058  
-0.0143667  -0.00221394  0.000500193  -0.060537  -0.321502  0.652165  
-0.0148614  -0.00242665  0.000274902  -0.0680086  -0.25968  0.651998  
-0.0145074  -0.00218163  0.000500193  -0.0571123  -0.328305  0.664347  
-0.0149894  -0.00241999  0.000500193  -0.0620001  -0.25842  0.665415  
-0.0146071  -0.00202325  0.000437466  -0.0545165  -0.332752  0.675761  
-0.0145705  -0.00229367  0.000500193  -0.0605942  -0.277996  0.652182  
-0.0137843  -0.0019893  0.000404545  -0.0554474  -0.318205  0.652386  
-0.0131219  -0.00222543  0.000500193  -0.0577488  -0.251951  0.633162  
-0.0134408  -0.00192965  0.000530736  -0.0485772  -0.311315  0.652476  
-0.0132998  -0.00201485  0.000775355  -0.0572375  -0.274926  0.605278  
-0.01323  -0.00194141  0.000487191  -0.0505775  -0.30646  0.636081  
-0.0142953  -0.00248064  0.000474665  -0.0594485  -0.258727  0.644364  
-0.013051  -0.00200712  0.000496613  -0.0539399  -0.325765  0.6406  
-0.0134083  -0.00208631  0.000386121  -0.0631526  -0.254496  0.610018  
-0.0128092  -0.0017619  0.000607951  -0.0578963  -0.307844  0.594213  
-0.0128476  -0.00204208  0.000369242  -0.068178  -0.231427  0.581991  
-0.0123547  -0.00148179  0.000552777  -0.0513316  -0.315441  0.58055  
-0.0134786  -0.00216621  0.000418583  -0.0628167  -0.229618  0.62806  
-0.0128808  -0.00159172  0.00040625  -0.0497888  -0.317593  0.610124  
-0.0139558  -0.00218914  0.000309713  -0.0681173  -0.261455  0.621156  
-0.0134611  -0.00181205  0.000619367  -0.0526013  -0.315116  0.646048  
-0.0140216  -0.00202341  0.000736628  -0.0683255  -0.276218  0.678379  
-0.0129167  -0.0016551  0.000547351  -0.0526579  -0.323574  0.661629  
-0.0141346  -0.00198241  0.000316774  -0.0682436  -0.281246  0.661308  
-0.0141975  -0.00176973  0.000736628  -0.0564824  -0.341812  0.675382  
-0.0136876  -0.00164722  0.000426287  -0.0522201  -0.298847  0.684412  
-0.0133146  -0.00156658  0.000736628  -0.0568226  -0.308799  0.66191  
-0.0140303  -0.00157076  0.000736628  -0.0581985  -0.325779  0.678547  
-0.013799  -0.00154174  0.000404736  -0.0504945  -0.29889  0.661737  
-0.0133627  -0.00115988  0.000736629  -0.0580952  -0.337805  0.668834  
-0.0134979  -0.00151133  0.00047561  -0.0505299  -0.296823  0.651543  
-0.0129875  -0.00120528  0.000479732  -0.0495881  -0.318362  0.649873  
-0.0131734  -0.00132268  0.000373876  -0.0485453  -0.289119  0.610628  
-0.0132548  -0.00134566  0.000387527  -0.0477878  -0.312239  0.636225  
-0.013444  -0.00143333  0.000453757  -0.0463918  -0.310183  0.610397  
-0.013336  -0.00162704  0.000316937  -0.0539122  -0.273643  0.636219  
-0.0122831  -0.00136325  0.000519109  -0.0527412  -0.306969  0.593323  
-0.0123845  -0.00160292  0.000307288  -0.0529778  -0.257616  0.59809  
-0.0119062  -0.00120042  0.000561814  -0.0467289  -0.29269  0.571779  
-0.0127734  -0.00147985  0.000378665  -0.0429634  -0.249522  0.591716  
-0.0121852  -0.00159975  0.000736629  -0.0505071  -0.296354  0.589911  
-0.0138626  -0.00199709  0.000396504  -0.0528501  -0.265946  0.639699  
-0.0123543  -0.00139824  0.000736629  -0.0508746  -0.32223  0.622968  
-0.0128157  -0.00174402  0.000526142  -0.0548738  -0.278839  0.608485  
-0.0117648  -0.00120158  0.00073663  -0.0451859  -0.311772  0.589269  
-0.0132796  -0.00169585  0.000652923  -0.0530156  -0.24656  0.630651  
-0.0124137  -0.00121555  0.00073663  -0.0472645  -0.313053  0.605959  
-0.0134805  -0.00193736  0.00073663  -0.0549259  -0.271862  0.613789  
-0.012745  -0.00125563  0.00073663  -0.0492501  -0.313791  0.613945  
-0.0130339  -0.00142392  0.000922287  -0.0437553  -0.273958  0.613851  
-0.0121393  -0.0011516  0.00073663  -0.0433032  -0.319917  0.577119  
-0.0129671  -0.00145057  0.00073663  -0.0561318  -0.250909  0.626239  
-0.0121471  -0.000884371  0.000989843  -0.0522625  -0.316052  0.614438  
-0.0124887  -0.00123783  0.000744522  -0.0614353  -0.266785  0.623459  
-0.0115693  -0.000972305  0.000895611  -0.0492731  -0.308836  0.585188  
-0.0118535  -0.00102151  0.000815628  -0.0513829  -0.280908  0.602617  
-0.0117174  -0.000778588  0.000898975  -0.0491672  -0.305437  0.602635  
-0.0115766  -0.00120834  0.000862586  -0.0653418  -0.250276  0.588206  
-0.0107426  -0.000743328  0.000798561  -0.0505297  -0.313738  0.578854  
-0.0113904  -0.000875319  0.000840721  -0.0504119  -0.265115  0.552975  
-0.0106614  -0.000866118  0.00113083  -0.0688659  -0.27992  0.57896  
-0.0107166  -0.00112805  0.00087111  -0.0608092  -0.262557  0.551468  
-0.010621  -0.000966182  0.00094332  -0.0544443  -0.269074  0.57217  
-0.0100709  -0.000942563  0.00113083  -0.0479194  -0.247186  0.51893  
-0.0109923  -0.00116243  0.000937562  -0.0532811  -0.250754  0.556359  
-0.00926787  -0.00107741  0.00113083  -0.0434486  -0.268794  0.511994  
-0.0103345  -0.00106957  0.000890125  -0.0526889  -0.234119  0.537465  
-0.0100451  -0.00100178  0.00113083  -0.0446285  -0.277747  0.534201  
-0.0108775  -0.00155976  0.000942718  -0.0546863  -0.250685  0.577274  
-0.0105335  -0.00145442  0.00113083  -0.0459221  -0.291434  0.581432  
-0.0102617  -0.00123692  0.00102443  -0.0525006  -0.267612  0.581502  
-0.00971601  -0.00136916  0.00113083  -0.0395444  -0.268157  0.543158  
-0.0100736  -0.00132288  0.00113083  -0.0484306  -0.246283  0.565839  
-0.00926652  -0.000967291  0.00145413  -0.0435014  -0.249998  0.504839  
-0.00962834  -0.00113645  0.00113083  -0.0472154  -0.225801  0.528617  
-0.00870255  -0.000933784  0.00148619  -0.040082  -0.249789  0.497172  
-0.00985775  -0.0012951  0.00143464  -0.0477025  -0.209246  0.526132  
-0.00958833  -0.00110907  0.00129349  -0.0485075  -0.256645  0.526268  
-0.00973136  -0.00131505  0.00162108  -0.0423799  -0.21082  0.512314  
-0.00971453  -0.00101473  0.00142564  -0.0421611  -0.260131  0.501396  
-0.00951143  -0.00115507  0.00175166  -0.0361493  -0.220673  0.461148  
-0.00946808  -0.000829747  0.00133993  -0.0450534  -0.256013  0.503692  
-0.00961814  -0.00116325  0.00175166  -0.0402038  -0.211109  0.48797  
-0.00952778  -0.00120805  0.0015527  -0.039122  -0.260489  0.507094  
-0.0095776  -0.00120129  0.00160681  -0.0426306  -0.225196  0.507059  
-0.009152  -0.0012178  0.00148836  -0.0405332  -0.256747  0.493413  
-0.00865362  -0.00181737  0.00133947  -0.0474314  -0.204315  0.466505  
-0.00805706  -0.0015492  0.00169467  -0.0390519  -0.265943  0.467395  
-0.00914608  -0.00159489  0.00139491  -0.0434906  -0.198827  0.44727  
-0.00837689  -0.00129102  0.00150402  -0.0387582  -0.252627  0.456106  
-0.00912877  -0.0016404  0.00156049  -0.0410569  -0.208551  0.480013  
-0.00811412  -0.00106674  0.00156013  -0.0372134  -0.238404  0.463015  
-0.00787501  -0.00122133  0.00159696  -0.0392096  -0.185419  0.442666  
-0.00772235  -0.00110471  0.0016502  -0.0373321  -0.241014  0.462833  
-0.00771386  -0.00124031  0.00166901  -0.0387535  -0.190364  0.42466  
-0.00736168  -0.00132024  0.00175166  -0.0354507  -0.230859  0.448954  
-0.0073298  -0.001397  0.00166683  -0.0264395  -0.189316  0.441469  
-0.00805519  -0.00163335  0.00150874  -0.0377899  -0.234176  0.464311  
-0.00728462  -0.001443  0.00149653  -0.037725  -0.205626  0.429704  
-0.00739124  -0.00168796  0.00149139  -0.0411771  -0.207343  0.434353  
-0.00721695  -0.00125263  0.0015129  -0.0264263  -0.230654  0.422971  
-0.00822994  -0.0018122  0.00161344  -0.0356586  -0.176364  0.419674  
-0.00742197  -0.00127022  0.00158097  -0.0319893  -0.23358  0.415167  
-0.00821905  -0.00160332  0.00146475  -0.0338621  -0.169459  0.395005  
-0.0075443  -0.0010647  0.00150439  -0.0264543  -0.237784  0.376334  
-0.00800072  -0.00195308  0.00123066  -0.0354208  -0.146455  0.379094  
-0.00831262  -0.00178831  0.00145907  -0.0403389  -0.223196  0.43953  
-0.00815008  -0.00139732  0.00086511  -0.0571824  -0.149961  0.403451  
-0.00732313  -0.00086224  0.000950963  -0.0510185  -0.234987  0.408966  
-0.0080526  -0.00126032  0.000950963  -0.0572755  -0.164697  0.439565  
-0.00745914  -0.000904749  0.000950963  -0.0573909  -0.207712  0.418601  
-0.00815843  -0.000913665  0.000695185  -0.0573112  -0.169315  0.445662  
-0.00731755  -0.000621724  0.000765688  -0.057461  -0.205524  0.430437  
-0.00745914  -0.000857011  0.000687066  -0.0666337  -0.175732  0.400046  
-0.00647939  -0.000369064  0.000950963  -0.0748561  -0.182423  0.353901  
-0.00694501  -0.000606546  0.000788525  -0.0747302  -0.15235  0.383678  
-0.00623443  -0.000808007  0.000950963  -0.0747113  -0.182348  0.370904  
-0.00666424  -0.000643497  0.000950963  -0.0723728  -0.165617  0.404978  
-0.00652067  -0.000723259  0.000950963  -0.0516921  -0.182412  0.405022  
-0.00831395  -0.00103363  0.00106548  -0.0627895  -0.282245  0.506283  
-0.00805517  -0.0020886  1.72281e-05  -0.0632671  -0.212769  0.46749  
-0.00695729  -0.00185247  0.000168295  -0.0492896  -0.216227  0.461477  
-0.00764439  -0.00250691  -0.000189985  -0.0740684  -0.181302  0.491437  
-0.00653951  -0.00187655  0.000132404  -0.0695679  -0.238427  0.453058  
-0.00654257  -0.00163908  1.72281e-05  -0.0743419  -0.15769  0.445687  
-0.00511406  -0.00133736  8.68156e-05  -0.0744778  -0.206999  0.380779  
-0.00538374  -0.00154944  -3.31199e-05  -0.0719553  -0.165688  0.420827  
-0.00453125  -0.00109206  9.06282e-05  -0.0729276  -0.202688  0.377022  
-0.00516785  -0.00154484  1.72281e-05  -0.0775566  -0.150869  0.386562  
-0.00382406  -0.000886999  9.77569e-05  -0.0676113  -0.202498  0.333878  
-0.00495288  -0.00114974  0.000145283  -0.0742148  -0.150358  0.351928  
-0.00441895  -0.000835896  1.72281e-05  -0.0672716  -0.20286  0.363681  
-0.00539766  -0.00123523  0.000380835  -0.0771968  -0.132115  0.388898  
-0.00487769  -0.00091372  0.000259205  -0.0659017  -0.19611  0.373466  
-0.00514868  -0.00123137  0.000417642  -0.0654141  -0.132206  0.362134  
-0.00449845  -0.000740879  1.72281e-05  -0.0755685  -0.178749  0.351833  
-0.00506619  -0.00134559  0.000198164  -0.0687844  -0.129893  0.362854  
-0.00413452  -0.00112634  0.000246723  -0.0716446  -0.190454  0.333897  
-0.0043245  -0.00142705  0.000121193  -0.067125  -0.133711  0.322223  
-0.00374041  -0.000770872  0.000254191  -0.0678166  -0.18732  0.329361  
-0.00402066  -0.000943225  0.000263464  -0.0721634  -0.119962  0.318403  
-0.00373426  -0.000642437  0.000199379  -0.0648089  -0.154343  0.325165  
-0.0045541  -0.000955576  0.000190269  -0.0641002  -0.127388  0.326069  
-0.0041772  -0.000847686  0.000178792  -0.075284  -0.164596  0.332172  
-0.00421656  -0.000919846  0.000214881  -0.0688449  -0.15042  0.314469  
-0.00415111  -0.000943915  0.000240705  -0.0644487  -0.163777  0.343564  
-0.00373023  -0.000986071  0.000472521  -0.0675369  -0.119063  0.314113  
-0.00355655  -0.000698175  0.000488925  -0.0458487  -0.166771  0.317069  
-0.00391657  -0.000893677  0.000548572  -0.0565492  -0.132828  0.297855  
-0.00333052  -0.000874918  0.000470906  -0.0458505  -0.15072  0.265282  
-0.0034673  -0.0007945  0.000363163  -0.0483538  -0.11081  0.252884  
-0.0039105  -0.000624817  0.000470906  -0.041503  -0.140034  0.291663  
-0.0042408  -0.00102127  0.000470906  -0.0461141  -0.0899838  0.280211  
-0.0036993  -0.000724202  0.000470906  -0.0442681  -0.14209  0.299429  
-0.00449347  -0.00110882  0.000470906  -0.0411964  -0.105142  0.317609  
-0.00364501  -0.000927517  0.000470906  -0.0380997  -0.149733  0.331077  
-0.00454716  -0.00125553  0.000470906  -0.0441477  -0.119195  0.336312  
-0.0033167  -0.000867881  0.000470906  -0.0442441  -0.162486  0.317357  
-0.00395464  -0.0012648  0.000381925  -0.044117  -0.105996  0.30223  
-0.00375616  -0.00107664  0.000470906  -0.0441984  -0.158768  0.347594  
-0.00403117  -0.00125342  0.000470906  -0.044149  -0.120323  0.329479  
-0.00376141  -0.00108577  0.000541261  -0.0382267  -0.15593  0.35283  
-0.0035135  -0.00122897  0.000522095  -0.0441541  -0.1234  0.308369  
-0.00413715  -0.00113608  0.000470906  -0.044187  -0.150739  0.329921  
-0.00310107  -0.00111282  0.000470906  -0.0441752  -0.148661  0.310812  
-0.00408798  -0.00102476  0.000470906  -0.0442086  -0.118081  0.316367  
-0.00320201  -0.000857997  0.000470906  -0.0326529  -0.162952  0.280888  
-0.00390392  -0.0012394  0.000362838  -0.0441269  -0.113732  0.306647  
-0.00334347  -0.0010145  0.000409649  -0.0395708  -0.15458  0.264102  
-0.00331373  -0.00111187  0.000408588  -0.044156  -0.143739  0.283903  
-0.00304946  -0.00110387  0.000549374  -0.0441656  -0.143667  0.253454  
-0.00299535  -0.00107553  0.000470906  -0.0359901  -0.129554  0.267663  
-0.00278862  -0.00094616  0.000470906  -0.0306846  -0.115728  0.225196  
-0.0028752  -0.00127302  0.000470906  -0.0355243  -0.125476  0.245957  
-0.00216253  -0.00108035  0.000545569  -0.0286737  -0.137069  0.219906  
-0.00257724  -0.0012538  0.000470906  -0.0287734  -0.0874178  0.206902  
-0.00218976  -0.000770687  0.000470907  -0.0182205  -0.132575  0.181184  
-0.00288313  -0.0012538  0.000470906  -0.0246797  -0.0869815  0.236703  
-0.00190119  -0.000745805  0.000637693  -0.011032  -0.142092  0.198832  
-0.00234086  -0.0012538  0.000470906  -0.0183372  -0.0860024  0.197577  
-0.00209594  -0.000734571  0.00052414  -0.014283  -0.14039  0.178043  
-0.00290398  -0.000864128  0.000470906  -0.0133314  -0.0659247  0.181453  
-0.00204  -0.000639344  0.000470906  -0.004352  -0.124965  0.195839  
-0.00290987  -0.001127  0.000470906  -0.00648919  -0.0720354  0.246175  
-0.00271321  -0.000657689  0.00054415  -0.00435103  -0.127684  0.230301  
-0.00323842  -0.00099365  0.000623365  -0.00432529  -0.0582027  0.208221  
-0.00302491  -0.000874853  0.000470906  -0.0043007  -0.110559  0.206976  
-0.00317034  -0.00114586  0.000142763  -0.0135099  -0.0548147  0.194981  
-0.00381319  -0.000509849  0.000348144  -0.00435043  -0.0963997  0.203817  
-0.00348574  -0.000991467  5.46592e-05  -0.0082136  -0.0600821  0.189405  
-0.0031061  -0.000965983  0.000382967  -0.00427302  -0.116955  0.206509  
-0.00311194  -0.000984167  0.000470906  -0.0154147  -0.0696395  0.191135  
-0.00323526  -0.000861908  0.000210085  -0.0217655  -0.112281  0.221862  
-0.00287743  -0.000904662  0.000470907  -0.0126157  -0.0667326  0.194228  
-0.00232264  -0.000540956  0.000470907  -0.0138006  -0.111402  0.207565  
-0.00249144  -0.000759966  0.000378001  -0.00785247  -0.0750253  0.190294  
-0.00249105  -0.000465983  0.000470906  -0.0140669  -0.0839146  0.223004  
-0.00243401  -0.000583366  0.000407545  -0.00582039  -0.0671935  0.171181  
-0.00207896  -0.000371139  0.000470906  -0.00252957  -0.0816875  0.178965  
-0.00205404  -0.00032914  0.000470906  -0.000970048  -0.0653285  0.159826  
-0.00260082  -0.000186673  0.00073416  0.00350009  -0.0817376  0.186831  
-0.00246072  -0.000484061  0.000770097  0.00620633  -0.0586131  0.146321  
-0.0026834  -0.000273872  0.000862866  0.00339342  -0.0778047  0.173593  
-0.0021646  -0.000384834  0.000710738  0.00720514  -0.0551843  0.122706  
-0.00173801  1.82857e-05  0.000925435  0.00834908  -0.0742642  0.118911  
-0.00178878  -0.000517972  0.000925435  0.0117658  -0.0296637  0.112846  
-0.00132337  -5.57244e-05  0.000737843  0.0203982  -0.0675904  0.0992261  
-0.00160916  -0.000386452  0.000925435  0.0204051  -0.0247419  0.0771846  
-0.00106431  -0.000143485  0.000925435  0.0203929  -0.0649458  0.0815613  
-0.00124973  -0.000555051  0.000925436  0.0203996  -0.0291202  0.0514101  
-0.00156895  -0.000193328  0.000842681  0.0331211  -0.0587411  0.0414065  
-0.0011947  -0.000424535  0.000741685  0.030835  -0.0171037  0.0152362  
-0.00078886  -0.000246763  0.000761978  0.02953  -0.044478  0.0334682  
-0.00056046  -0.000313057  0.000925435  0.0332061  -0.0222439  -0.00229586  
-0.00040028  -0.000223668  0.000925435  0.0259603  -0.051738  0.0165382  
-0.000607517  -0.000388375  0.000925435  0.0272555  -0.00712206  -0.00865908  
-0.000389441  -0.000388375  0.000925435  0.0354405  -0.0647441  0.00360243  
-0.000701462  -0.000329593  0.000851957  0.0373621  -0.03162  -0.00682974  
-0.000813181  -0.00032205  0.000925435  0.0275257  -0.0338086  0.0165306  
-0.000201962  -0.000226556  0.000808743  0.0296197  -0.0311314  -0.00435143  
-0.00110765  -0.000264484  0.000925435  0.0368328  -0.0255464  0.0172945  
-0.00033739  -0.000206841  0.000925435  0.0410512  -0.0558281  -0.00249854  
-0.000983682  -0.000388375  0.000925435  0.0281767  -0.0074129  0.00976396  
0.0003178  0.000142589  0.000925435  0.037357  -0.0624532  0.00210581  
-0.00103144  -0.000474722  0.000652353  0.0270743  -0.00602388  0.0152242  
7.11318e-05  -5.85772e-05  0.000823169  0.0304412  -0.0588015  -0.00136704  
-0.000902008  -0.000421514  0.000742762  0.0268039  0.00349274  -0.00244627  
1.89282e-05  -4.27853e-05  0.000683015  0.0324057  -0.0550931  0.0140923  
-0.000740003  -4.27853e-05  0.000925435  0.0285328  -0.0202918  0.00121694  
0.000586728  -4.27853e-05  0.000866679  0.0291555  -0.0556577  0.0182295  
-0.000352013  -0.000292244  0.000925435  0.0248036  -0.0120802  0.0279058  
-8.53375e-05  -0.000111604  0.000925436  0.0257172  -0.0498006  0.0546926  
-0.00044655  -0.000315651  0.000686759  0.020339  -0.00867395  0.032845  
6.0613e-05  -6.962e-05  0.000925436  0.0203149  -0.0631911  0.0329449  
-0.000474756  -0.000466797  0.000779327  0.0122302  0.00586541  0.0208428  
-0.000696339  -0.000503299  0.000731422  0.0203522  -0.0312534  0.00758464  
-0.000580585  -0.000341891  0.000672003  0.0203446  0.0140865  -0.000572214  
0.000138994  8.40504e-05  0.000925436  0.0203662  -0.0349823  -0.0185351  
1.19658e-05  -0.000322313  0.000682155  0.0203598  0.00079742  -0.0347549  
0.00021692  -1.33114e-05  0.000572535  0.0285629  -0.037709  -0.0226933  
9.48793e-05  -0.00021647  0.000668324  0.0348396  0.0071802  -0.0350724  
0.000188077  5.14127e-05  0.0005538  0.0296182  -0.0220711  -0.0203354  
0.000192537  -1.6239e-05  0.00062236  0.035511  0.00340442  -0.035755  
0.00097716  0.000333916  0.000523717  0.0301308  -0.00874724  -0.0235108  
0.000396988  -8.69782e-05  0.000523717  0.0360268  -0.0188848  -0.0584165  
-2.57022e-06  -8.69782e-05  0.000523717  0.0203737  0.014273  -0.0306485  
0.000455665  7.7049e-05  0.000523717  0.0335184  -0.0235704  -0.0627984  
3.42128e-05  -8.69782e-05  0.000523717  0.0203737  0.0200346  -0.0530549  
0.00111971  0.000108263  0.000523717  0.0355699  -0.0236004  -0.0763517  
0.000321755  -8.69782e-05  0.000523717  0.026828  0.0144941  -0.0495132  
0.000907165  -8.69782e-05  0.000523717  0.0342112  -0.0235999  -0.0922151  
0.000733993  -8.69782e-05  0.000523716  0.0203737  0.00691385  -0.040144  
0.0023573  -8.69782e-05  0.000701262  0.037969  -0.00925226  -0.0933487  
0.000494618  -8.69782e-05  0.000523717  0.0203737  -0.00809592  -0.0576686  
0.00122962  -8.69782e-05  0.000523717  0.0362527  -0.0037489  -0.0968676  
0.000999267  -8.69782e-05  0.000523717  0.029802  -0.0236058  -0.0810819  
0.00271363  3.31686e-05  0.000814187  0.0340807  0.0195941  -0.116888  
0.000768243  -8.69782e-05  0.000523717  0.0323244  -0.00660037  -0.0691621  
0.00112779  0.000149049  0.000913765  0.0292854  -0.00573892  -0.099826  
0.00114867  0.000142874  0.000523717  0.0203966  0.00963107  -0.0810774  
0.00119028  0.000314168  0.000523717  0.0346208  -0.0188352  -0.0990817  
0.000970351  -8.69782e-05  0.00068719  0.0203801  0.0206404  -0.0810884  
0.00226614  0.000418773  0.000763781  0.0357454  -0.0305611  -0.0873158  
0.000135502  -8.69782e-05  0.000904911  0.0203874  0.0399335  -0.0402507  
-0.000426125  -8.69782e-05  0.000838326  0.0203638  -0.0645049  0.012746  
-0.000704616  -0.000514111  0.000466941  0.00781673  0.0182337  -0.00898795  
-0.000674363  1.21805e-06  0.000597882  0.0203264  -0.0648356  -0.00750778  
-0.000676416  1.21805e-06  0.000813115  0.0203099  0.0213997  0.0233759  
-0.00109113  -0.000400496  0.000485115  0.0203333  -0.0508365  0.0270262  
-0.000963134  0.00014929  0.000671606  0.0202911  0.00672888  0.0208773  
-0.00149981  0.000143639  0.000889816  0.0300604  -0.0229176  0.0301369  
-0.000504371  -0.000171088  0.000889816  0.0203211  0.0218556  0.0148456  
-0.00058676  -0.000171088  0.000889816  0.0225801  -0.0247886  0.0395541  
-0.00020488  -0.000171088  0.000889816  0.0203211  0.0285183  0.00971849  
0.000312548  0.000167254  0.000820059  0.02901  -0.00862259  -0.000215878  
0.000154828  -0.000171088  0.000699172  0.0292855  0.0271789  -0.00818151  
0.000598279  0.000308697  0.000674832  0.0202988  -0.00462722  0.00757338  
0.000201955  3.51824e-05  0.000694737  0.0356359  0.0384217  -0.00428363  
0.00158745  -6.0475e-05  0.000656635  0.0282459  0.00314744  -0.012473  
0.00050993  0.000168167  0.000569346  0.0339441  0.0180926  -0.0355489  
0.000929589  0.000475611  0.000530181  0.0346711  -0.00556573  -0.0164939  
4.37809e-05  -9.45232e-05  0.000486863  0.0203003  -0.00559189  0.0419733  
-2.69073e-05  -3.42852e-05  0.000448691  0.020317  -0.0055921  0.0428304  
-0.00024284  -0.000271189  0.000492714  0.0203086  0.00919794  0.0140479  
0.000154129  -0.000132126  0.000499658  0.0203047  -0.0213963  0.0449585  
-0.000287152  -0.000271189  0.000435538  0.0203129  0.0235402  0.0284482  
-0.000111692  -0.000208289  0.000182146  0.00911142  -0.0249588  0.0448915  
-0.000869981  -0.000271189  0.000435538  0.00614644  0.0455795  0.0415397  
-9.34481e-05  -0.000271189  0.000250551  0.00162004  -0.0133147  0.0419003  
-0.000577236  -0.000271189  3.16927e-05  -0.0200073  0.0573901  0.0165015  
2.73037e-05  0.000108912  -6.07358e-05  -0.000404125  0.00441571  0.00576246  
-0.000335333  -0.000322453  -6.07358e-05  -0.00709282  0.055311  -0.00245067  
-0.000303262  -0.000475669  -0.00012405  0.00300344  -0.00259162  0.0220499  
-0.000674535  -0.000547493  -6.07358e-05  -0.00361348  0.05498  0.0515328  
-0.000789594  -0.000289253  -6.07358e-05  -0.00198007  0.00144264  0.0567556  
-0.000871131  -0.000389728  -6.07358e-05  -0.00117772  0.0586648  0.0350815  
-0.000660982  -0.000182771  -6.07358e-05  -0.00225743  0.0241661  0.046229  
-0.000636056  -0.00037477  -6.07358e-05  4.09696e-05  0.0523527  0.0255919  
-0.000789669  -0.00032485  2.61601e-05  -0.000844791  0.0152608  0.0462643  
-0.00079449  -0.000341654  -6.07358e-05  0.00404983  0.0297657  0.0162976  
-0.00116272  -0.000740393  -6.07359e-05  0.00222969  0.042644  0.0404383  
-0.000716923  -0.000740393  -6.07359e-05  0.00207211  0.0206402  0.0490624  
-0.00120321  -0.000740393  -6.07359e-05  -0.0200207  0.058606  0.0669943  
-0.00119275  -0.000740394  0.000144791  -0.0163176  -0.00405873  0.0765468  
-0.00168657  -0.00122661  -6.07358e-05  -0.00618039  0.0703666  0.10018  
-0.00217483  -0.00139699  -6.07358e-05  -0.00717614  -0.0230275  0.101941  
-0.00287131  -0.00164383  -6.07358e-05  0.00781448  -0.00578468  0.113653  
-0.0029975  -0.00145085  -0.000247038  0.00546224  0.053434  0.123031  
-0.00220428  -0.00118424  -6.07358e-05  -0.000539685  0.00465542  0.0704851  
-0.00215709  -0.00118424  -6.07359e-05  0.00177302  0.0219387  0.118587  
-0.00214152  -0.0013738  -6.07359e-05  0.000437622  0.0371707  0.0849172  
-0.00254147  -0.00178967  -6.07359e-05  -0.00352135  0.00500107  0.173659  
-0.00287277  -0.00193399  -6.07359e-05  -0.0198983  0.0304801  0.206803  
-0.00308283  -0.00189923  -6.07359e-05  -0.0199152  0.00659538  0.24102  
-0.00337121  -0.00172975  -6.07359e-05  -0.02532  0.0447934  0.187152  
-0.00351306  -0.00168785  -6.07359e-05  -0.0199254  0.0286921  0.209348  
-0.003299  -0.00195136  -0.000202955  -0.0198891  0.0343235  0.185915  
-0.00303597  -0.00205419  -0.000358398  -0.0198804  0.0184556  0.205412  
-0.00340293  -0.0018843  -0.000252245  -0.0199062  0.0232258  0.189711  
-0.00464645  -0.00145854  -0.00027801  -0.0150505  0.014459  0.28989  
-0.00581912  -0.00161971  -0.000111786  -0.0305251  -0.0108303  0.433921  
-0.00572475  -0.00172265  -6.07359e-05  -0.0332559  0.0051331  0.41781  
-0.00595985  -0.00162629  -6.07359e-05  -0.0473359  -0.0201648  0.394553  
-0.00648419  -0.00141392  -0.000465782  -0.0508713  0.036251  0.435251  
-0.00619688  -0.00115091  5.43443e-05  -0.0553667  -0.00435776  0.407621  
-0.00666692  -0.0017089  -0.000465782  -0.0551899  0.0451664  0.42363  
-0.00552754  -0.00125303  -0.000465782  -0.0510297  -0.00987784  0.406588  
-0.0064509  -0.00145494  -0.000101263  -0.0552774  -0.00373819  0.435293  
-0.00593748  -0.00126567  -0.000465782  -0.0390674  -0.00360571  0.419783  
-0.00637496  -0.00162107  -7.65985e-05  -0.0516803  0.0144585  0.414867  
-0.00547961  -0.000827217  -0.000180592  -0.0394921  -0.0134691  0.35052  
-0.00627972  -0.0015207  -0.000130251  -0.050563  0.0294666  0.408033  
-0.00529725  -0.00116172  -9.4191e-05  -0.0380033  0.00344216  0.398509  
-0.00659383  -0.00191767  7.47426e-05  -0.042793  0.0367856  0.428316  
-0.00550653  -0.00154724  7.44116e-05  -0.0384323  -0.024525  0.389697  
-0.00587887  -0.00179196  -3.26232e-05  -0.0383078  0.0285285  0.382872  
-0.00531741  -0.00124501  -2.5784e-05  -0.0385842  -0.0225423  0.371706  
-0.00577387  -0.00163875  5.69345e-05  -0.0423114  0.0310598  0.372799  
-0.00490405  -0.00132394  3.0592e-05  -0.033202  -0.00775176  0.365068  
-0.00535293  -0.00192525  3.53723e-05  -0.0440044  0.0294859  0.372904  
-0.00489923  -0.00160692  -8.38839e-06  -0.0346761  -0.0212565  0.380077  
-0.00581507  -0.00202285  0.000128568  -0.0408057  0.0304379  0.369838  
-0.0049794  -0.00203741  -0.000141922  -0.0470328  -0.010322  0.353719  
-0.0045508  -0.00189322  -0.000619458  -0.0332379  0.00643177  0.305107  
-0.00449574  -0.00186822  -0.000465782  -0.0360789  0.0121353  0.337885  
-0.00377896  -0.00175985  -0.00035429  -0.0295935  0.0069757  0.280423  
-0.00449897  -0.00237488  -0.000465782  -0.0388918  0.0233038  0.302828  
-0.00334352  -0.00174188  -0.000402092  -0.0297032  0.0123936  0.276267  
-0.00443596  -0.00222887  -0.000465782  -0.034736  0.0342014  0.329549  
-0.00331839  -0.00165759  -0.000353067  -0.0241483  0.000618311  0.281189  
-0.00482469  -0.00237488  -0.000465782  -0.0327167  0.0476669  0.323252  
-0.00383774  -0.00215928  -0.000229651  -0.0292403  -0.00984436  0.346956  
-0.00513125  -0.00237439  -0.000465782  -0.0364162  0.0345482  0.352677  
-0.00376808  -0.00166552  -0.00035245  -0.0270226  -0.00764321  0.283023  
-0.00433417  -0.00201718  -0.000465782  -0.0316039  0.0419728  0.314979  
-0.00301513  -0.00148537  -0.000465782  -0.0167198  -0.0102374  0.233753  
-0.00405551  -0.00186338  -0.000465782  -0.026651  0.0363682  0.277687  
-0.00321132  -0.0016576  -0.000465782  -0.0105683  0.0124242  0.256702  
-0.00398983  -0.00195931  -0.000465782  -0.0207848  0.0423999  0.28895  
-0.00379483  -0.00198991  -0.000465782  -0.00592966  -0.00459891  0.259474  
-0.00419537  -0.00228327  -0.000465782  -0.00586601  0.0355153  0.262929  
-0.00334221  -0.00193661  -0.000465782  -0.0059482  -0.000527528  0.250645  
-0.0035653  -0.00218254  -0.000465783  -0.00590038  0.0272185  0.237904  
-0.00332524  -0.00173746  -0.000465782  -0.00376476  0.000621874  0.240132  
-0.00296207  -0.00164063  -0.000465782  -0.00600446  0.0107125  0.222092  
-0.00421242  -0.00200364  -0.000912638  -0.00593206  0.0131231  0.300066  
-0.0035783  -0.00207035  -0.000734536  -0.00850958  0.0132524  0.223878  
-0.00435395  -0.00224441  -0.000697881  -0.00587412  0.0302509  0.259398  
-0.00355071  -0.00180333  -0.00075762  -0.00595318  0.0132429  0.214944  
-0.00398838  -0.00198487  -0.000912638  -0.00593241  0.0131683  0.2327  
-0.00342344  -0.00192661  -0.000912638  -0.00594363  0.0132708  0.215076  
-0.00470109  -0.00247284  -0.000731857  -0.00583877  0.0225847  0.268099  
-0.00329944  -0.00212036  -0.000760004  -0.00586957  -0.00496943  0.223981  
-0.00432723  -0.00231189  -0.000815182  -0.00856567  0.0372066  0.275857  
-0.00324985  -0.00195842  -0.000721524  -0.00591397  0.00151662  0.246935  
-0.00364497  -0.0022474  -0.000912639  -0.00586274  0.0394323  0.240116  
-0.00278065  -0.00162637  -0.000528432  -0.0127947  0.0135178  0.234819  
-0.00333552  -0.00167305  -0.000629239  -0.00823108  0.0559927  0.25582  
-0.0027482  -0.00133943  -0.000721062  -0.00604979  9.11747e-05  0.23329  
-0.00419191  -0.00207045  -0.000697956  -0.00591498  0.0622127  0.296475  
-0.00365964  -0.00225454  -0.00064322  -0.0124503  -0.00501344  0.269889  
-0.00409512  -0.00216774  -0.000708667  -0.0058769  0.044523  0.2647  
-0.00301764  -0.00170019  -0.000666974  -0.00598829  0.00950529  0.229942  
-0.00335122  -0.00212722  -0.000791418  -0.00589486  0.0349217  0.243402  
-0.00392953  -0.00232451  -0.000676266  -0.00588344  -0.04268  0.285102  
-0.00575241  -0.00261911  -0.000708224  0.00482012  -0.0183454  0.366464  
-0.00620307  -0.00262066  -0.000692912  -0.00787006  -0.0473797  0.338193  
-0.0064148  -0.00237318  -0.000758342  -0.0151224  -0.0174505  0.350405  
-0.00486657  -0.00152436  -0.000697509  -0.00598458  -0.0321036  0.243472  
-0.00512631  -0.00184087  -0.000796873  -0.00589009  -0.000791611  0.255442  
-0.00503343  -0.00182807  -0.00091264  -0.00588279  -0.0198251  0.248333  
-0.00554049  -0.00217571  -0.00091264  -0.00582184  -0.00323816  0.287373  
-0.00500567  -0.0020122  -0.00091264  -0.00582819  -0.0444313  0.271042  
-0.0050212  -0.00204704  -0.00091264  -0.00582515  -0.0021434  0.248618  
-0.00452954  -0.00175086  -0.000912641  -0.00586245  -0.0372636  0.271099  
-0.00422551  -0.00209249  -0.000787184  -0.00581291  0.0161998  0.212614  
-0.00362972  -0.00189505  -0.000765663  0.00441829  -0.00565866  0.221773  
-0.00381941  -0.00198915  -0.000786944  -0.00582505  0.0227131  0.209142  
-0.00414077  -0.00210473  -0.00072769  -0.000260837  0.00080935  0.244075  
-0.00348224  -0.00215355  -0.000622238  -0.00581244  0.000962784  0.225547  
-0.00423228  -0.00214288  -0.000558902  -0.00579541  0.0341741  0.24301  
-0.00347755  -0.00195918  -0.000459945  0.00291504  0.0113692  0.203253  
-0.00411823  -0.00226746  -0.000540646  -0.00576885  0.0540321  0.228536  
-0.00313431  -0.00242262  -0.000540127  0.000696992  0.0130758  0.212568  
-0.00367022  -0.00215983  -0.000499381  -0.00579395  0.0398958  0.223353  
-0.00286239  -0.00213922  -0.000528992  0.005041  0.0162021  0.186011  
-0.00327726  -0.00219689  -0.000446148  -0.00106055  0.0399692  0.206225  
-0.0027503  -0.00208713  -0.000488892  -0.00581223  0.0195431  0.194615  
-0.00359227  -0.00226864  -0.000497952  -0.00579473  0.0399269  0.233714  
-0.003078  -0.00224652  -0.000491106  -0.0015114  0.0196447  0.168991  
-0.00245448  -0.00242262  -0.000443667  -0.00578389  -0.0118378  0.263657  
-0.00323585  -0.00316126  -0.000912642  -0.00552342  -0.0454035  0.373415  
-0.00449563  -0.00393379  -0.000734942  -0.00532816  -0.102048  0.439136  
-0.00504424  -0.0042054  -0.00128205  -0.00517678  -0.036859  0.385413  
-0.00410753  -0.00355702  -0.00119897  -0.00536636  -0.0651758  0.367555  
-0.00488142  -0.00366991  -0.00137041  -0.000925838  -0.0117922  0.302238  
-0.00317665  -0.00297211  -0.00131698  -0.00543234  -0.0656504  0.276209  
-0.00414562  -0.00367808  -0.00218136  -0.0182755  -0.0673092  0.307129  
-0.0046844  -0.00365393  -0.00192067  -0.0216348  -0.100087  0.318507  
-0.00384667  -0.00361554  -0.00179445  -0.0216528  -0.0912021  0.287587  
-0.00341206  -0.00355388  -0.00157973  -0.0216738  -0.0608683  0.302537  
-0.00292548  -0.0033972  -0.00133931  -0.0217951  -0.0223028  0.263464  
-0.00203729  -0.00348945  -0.00148148  -0.0217629  -0.0309822  0.230191  
-0.00183905  -0.00386659  -0.00148255  -0.0163586  0.00884301  0.222735  
-0.00167462  -0.00371033  -0.00141516  -0.0175281  -0.0119786  0.225841  
-0.00195019  -0.00368687  -0.00129701  -0.0217142  0.0220263  0.217253  
-0.00164282  -0.00346188  -0.00113892  -0.0217722  -0.0386591  0.225035  
-0.00262783  -0.00347043  -0.00113892  -0.0379137  0.0253776  0.249164  
-0.00226452  -0.0036571  -0.00124308  -0.0274179  -0.0236856  0.237234  
-0.00156285  -0.00363585  -0.00135312  -0.030452  0.0259712  0.199847  
-0.000974074  -0.00371187  -0.00113892  -0.0309255  -0.00387846  0.190018  
-0.00121104  -0.00378565  -0.00123274  -0.037844  0.0412074  0.161286  
-0.000904543  -0.00333936  -0.00113892  -0.0379101  0.0027655  0.181126  
-0.00151745  -0.00380131  -0.00132067  -0.0378432  0.0355886  0.147153  
-0.00102373  -0.00381718  -0.0012828  -0.0378461  0.011659  0.184687  
-0.000732606  -0.00360866  -0.00113892  -0.0284228  0.0160592  0.150358  
-0.00102373  -0.00377864  -0.00113892  -0.0378471  0.036113  0.181458  
-0.000273965  -0.00345763  -0.00113892  -0.028723  0.00212054  0.154834  
-0.00172594  -0.00385847  -0.00113892  -0.0301013  0.0435581  0.18474  
-0.000952056  -0.0036152  -0.00113892  -0.0323563  -0.00140573  0.178106  
-0.001228  -0.0040322  -0.00129232  -0.0378349  0.0482784  0.186611  
-0.000312556  -0.00372335  -0.00113892  -0.0278681  -0.00578189  0.179097  
-0.00144636  -0.00416972  -0.00113892  -0.0378089  0.0303015  0.206022  
-0.000658773  -0.00362945  -0.00113892  -0.030288  -0.00286102  0.189646  
-0.000641789  -0.00353025  -0.00113892  -0.0379256  0.0338646  0.182771  
-0.000873503  -0.00347227  -0.00106924  -0.0239021  0.00531876  0.227431  
-0.00163779  -0.00387886  -0.00105431  -0.0240044  0.0172388  0.233406  
-0.00113683  -0.00382857  -0.00105714  -0.0378844  0.0204634  0.223741  
-0.000899991  -0.00339803  -0.00102129  -0.0294678  -0.000230624  0.201386  
-0.00167805  -0.00410443  -0.00113892  -0.0378448  0.0392798  0.235304  
-0.000944556  -0.00375678  -0.00113892  -0.0379139  0.00185091  0.198368  
-0.00167648  -0.00410442  -0.00113892  -0.0481073  0.0360387  0.223288  
-0.0009094  -0.00321876  -0.00113892  -0.0379942  -0.000371739  0.191575  
-0.00170843  -0.00381154  -0.00113892  -0.033428  0.0319464  0.239376  
-0.000891917  -0.00353163  -0.00113892  -0.0341214  0.00117964  0.222275  
-0.00180532  -0.00408734  -0.00124372  -0.0355664  0.0287956  0.232926  
-0.000644237  -0.00351018  -0.00113892  -0.0379408  -0.00337421  0.216177  
-0.00172359  -0.00405697  -0.00113892  -0.0378374  0.0533948  0.224591  
-0.00132551  -0.00383365  -0.00113892  -0.0378701  -0.0127576  0.219997  
-0.00179009  -0.00383366  -0.00113892  -0.0477015  0.0489729  0.242812  
-0.00141271  -0.00377019  -0.0012446  -0.0378828  -0.00518579  0.246762  
-0.00141054  -0.00383366  -0.00113892  -0.0522516  0.0450048  0.233484  
-0.000909698  -0.00383366  -0.00113892  -0.0453453  -0.0111704  0.23499  
-0.000929556  -0.00383366  -0.00113892  -0.0378701  0.0173164  0.215348  
-0.000151984  -0.00364322  -0.00119182  -0.0379121  -0.00196531  0.231122  
-0.000856136  -0.00394072  -0.00113892  -0.0378502  0.0297498  0.20682  
-0.000722644  -0.00360477  -0.00113892  -0.0379203  -0.0052299  0.220958  
-0.000484084  -0.00402947  -0.00113892  -0.0402905  0.0253422  0.204693  
-0.00123604  -0.00401767  -0.00113892  -0.0378435  -0.00767037  0.240585  
-0.000771358  -0.00407569  -0.00126082  -0.0378419  0.0264675  0.174803  
-0.000853361  -0.00413716  -0.00113892  -0.0378278  0.0111583  0.190889  
-0.00136379  -0.00428869  -0.00129443  -0.0489683  0.0173355  0.210441  
-0.000616234  -0.0040164  -0.00155235  -0.0543923  0.0111135  0.189465  
-6.46852e-05  -0.00391967  -0.00155235  -0.0500708  0.00237524  0.16472  
-0.00116874  -0.0042945  -0.00132471  -0.0457436  0.0110209  0.2296  
-0.000276309  -0.00445839  -0.0011701  -0.0389952  -0.0130495  0.223465  
-0.000363965  -0.00450944  -0.00110245  -0.0397499  0.0111779  0.252507  
-4.1717e-05  -0.00432914  -0.000752728  -0.0333981  -0.0270103  0.212438  
-0.000888274  -0.00466458  -0.000683581  -0.0255424  0.0123746  0.248394  
-0.000470721  -0.0044164  -0.000683581  -0.0214561  -0.0425247  0.220198  
-0.00096997  -0.00467297  -0.000683581  -0.0163991  -0.00402524  0.237101  
-0.000704678  -0.00451891  -0.000507296  -0.0107863  -0.0253583  0.185566  
-0.00146261  -0.00369174  -0.000515913  -0.0257315  0.0100383  0.189182  
-0.000585243  -0.00397603  -0.000451863  -0.0277322  -0.00586978  0.173156  
-0.00104182  -0.00425472  -0.000456924  -0.0271387  0.0182402  0.187249  
-0.000181059  -0.00434626  -0.000442669  -0.00860155  -0.0285817  0.153734  
-0.000476634  -0.00441693  -0.000501275  -0.0068356  0.0155896  0.149788  
0.000779982  -0.00452327  -0.000440952  -0.000869488  -0.0219675  0.118499  
0.000333533  -0.0046762  -0.000357888  -0.000294751  0.00590988  0.120989  
0.000987518  -0.00444939  -0.000282132  0.00869412  -0.0522775  0.111127  
0.000497774  -0.00488756  -0.00034245  0.00151808  0.000890373  0.108142  
0.00103214  -0.00485494  -0.000216376  0.00686236  -0.045786  0.0957515  
0.000512244  -0.00500272  -9.55237e-05  0.00710887  -0.019916  0.0824001  
0.000570124  -0.00482887  -0.00024747  -0.00308398  -0.0476279  0.0789123  
0.0010361  -0.00509584  -0.000292249  0.00831074  -0.0363842  0.0524299  
0.00114495  -0.0047161  -0.000164293  0.00856175  -0.0551311  0.0753859  
0.000408329  -0.0049094  -9.02311e-05  0.00604623  -0.0148145  0.124884  
0.000349791  -0.00493731  0.000117302  0.0139706  -0.0525337  0.125172  
1.89967e-05  -0.0050646  -9.79471e-05  0.00900143  -0.0289903  0.12984  
-0.000396162  -0.00439613  -0.000115342  0.0139488  -0.0941418  0.177574  
-0.000644157  -0.00493563  -0.00023975  0.00816549  -0.0251665  0.159805  
0.000479322  -0.00451789  -0.000250692  0.0139591  -0.0778552  0.120168  
-0.000289114  -0.00451789  -0.000416344  -0.00174316  -0.0253761  0.121942  
3.75798e-05  -0.00392866  -0.000153173  -0.0050667  -0.0469747  0.114071  
-0.000342236  -0.0048838  -0.0002954  -0.00242032  0.0125514  0.123871  
0.000435804  -0.00420787  -0.000199656  0.00183471  -0.0243139  0.0816205  
-0.000349486  -0.00446267  -0.000287614  -0.00739556  0.0327276  0.116235  
-0.00123772  -0.00443949  0.000117302  0.0125743  -0.0382282  0.132304  
-0.00123054  -0.00507925  -0.000337277  -0.00730445  0.0313108  0.190806  
-0.00101813  -0.00462599  -8.13227e-05  0.000438323  -0.0436739  0.185459  
-0.000637194  -0.00505829  -9.46094e-05  -0.00729373  0.0219536  0.173834  
0.000169165  -0.00425897  0.000117302  0.00305706  -0.0283716  0.11603  
-0.00024257  -0.00485732  0.000117302  0.00164529  0.0200626  0.129534  
0.000173132  -0.00441109  0.000117302  0.00370252  -0.0391342  0.116914  
-0.00144871  -0.00474303  -0.000329107  -0.00388228  0.00703801  0.207345  
-0.00133988  -0.00442811  -0.000174932  0.00358698  -0.0479122  0.21141  
-0.00181764  -0.00483107  -0.000283414  -0.00732209  0.0108636  0.203198  
-0.00088073  -0.00476023  -0.00015678  -0.00732785  -0.0510469  0.182429  
-0.00142778  -0.00468899  -3.93348e-05  -0.0146005  0.00250707  0.203109  
-0.00068918  -0.00471598  0.000117302  -0.00735449  -0.0307098  0.154437  
-0.000935442  -0.00495044  0.000117302  -0.0141369  0.00756683  0.157472  
-0.000506957  -0.00432362  -7.26588e-05  -0.0074068  -0.0371596  0.134638  
-0.000983018  -0.0045344  -0.000158508  -0.00737462  0.00696716  0.166083  
-0.000532204  -0.00427654  0.000117302  -0.00741306  -0.0306959  0.138077  
-0.00131013  -0.00488483  -0.000175867  -0.00729213  0.0157698  0.180728  
-0.00072066  -0.00457918  -0.000358815  -0.00731481  -0.0401218  0.119649  
-0.00157279  -0.00501502  -0.000675724  -0.0167014  0.0448053  0.147572  
-0.00210119  -0.00467831  -0.000479177  -0.00733649  -0.0340451  0.157333  
-0.00270566  -0.00468276  -0.000769852  -0.0188644  0.0501908  0.146325  
-0.00147148  -0.00417341  -0.000337212  -0.00741647  -0.0150347  0.109571  
-0.00209849  -0.00477476  -0.000586415  -0.00737619  0.0287868  0.119571  
-0.0014468  -0.00421886  -0.000337212  -0.00745187  -0.00724785  0.115231  
-0.00132472  -0.00457198  -0.000337212  -0.00526066  0.0324043  0.108668  
-0.00112219  -0.0041701  -0.000337212  -0.00749319  0.000910892  0.123707  
-0.00121047  -0.00485062  -0.000218513  -0.0152419  0.0359345  0.144967  
-0.000421775  -0.00452039  -0.000337212  -0.00744828  -0.0234516  0.126694  
-0.00134289  -0.00470121  -0.000337212  -0.00742348  0.029747  0.155818  
-0.0015901  -0.004679  -0.000337212  -0.00743917  -0.0153098  0.15588  
-0.00192022  -0.00469361  -0.000555277  -0.00743267  0.0370807  0.148053  
-0.00166618  -0.00423516  -0.000524948  -2.05291e-06  -0.0216835  0.167404  
-0.00159006  -0.00416689  -0.000746558  -0.0241355  0.0405369  0.146252  
-0.00184706  -0.00432759  -0.000499871  -0.024095  -0.0296812  0.177395  
-0.00265281  -0.00459766  -0.000595117  -0.0182568  0.000926657  0.155647  
-0.00145202  -0.00459766  -0.000337212  -0.00630388  -0.0575728  0.156062  
-0.0017787  -0.00480241  -0.000601451  -0.0240147  -0.0261239  0.151175  
-0.00109228  -0.00436737  -0.000337212  -0.0139982  -0.0704706  0.132794  
-0.00118346  -0.00460272  -0.000337212  -0.0240786  -0.0240575  0.139926  
-0.000321582  -0.00460272  -0.000337212  -0.0140493  -0.0480567  0.152962  
-0.00128318  -0.0050328  -0.000337212  -0.0120441  -0.0246385  0.191341  
-0.000604176  -0.00461341  -0.000337212  -0.0156248  -0.0595062  0.171481  
-0.00140917  -0.00489673  -0.000483902  -0.0315964  -0.0116466  0.216849  
-0.000588659  -0.0043128  -0.000562571  -0.0408635  -0.0572733  0.145303  
-0.000909457  -0.00431281  -0.00069724  -0.0408617  -0.0185762  0.140628  
-9.51647e-05  -0.00412368  -0.000511078  -0.0251252  -0.0531689  0.127135  
-0.00109102  -0.00456862  -0.000708999  -0.0316452  -0.0169936  0.144053  
-0.000317481  -0.0039485  -0.000337213  -0.0212073  -0.0526953  0.106924  
-0.000998156  -0.00445441  -0.000598335  -0.0207163  -0.0182678  0.133298  
-0.00025097  -0.00486788  -0.000337213  -0.00924949  -0.0576313  0.117704  
0.000136734  -0.00471733  -0.000337213  -0.0100863  -0.0538479  0.116483  
0.000307461  -0.00480271  -0.000337213  -0.0100828  -0.0538313  0.0756838  
0.000778124  -0.00531509  -0.000337213  -0.00257699  -0.0537598  0.0784036  
0.000555892  -0.00524633  -0.000337213  0.0172275  -0.0538087  0.0455669  
-0.00335049  -0.00586731  0.000101842  0.052727  -0.103714  0.236967  
-0.00478983  -0.00605024  -0.000633175  0.00345163  -0.194568  0.197844  
-0.00369218  -0.00612918  -0.000337213  0.0242917  -0.131034  0.240752  
-0.00333214  -0.00587307  -0.000337213  0.0134043  -0.069867  0.22537  
-0.00306209  -0.00573151  -0.000737433  0.0165054  -0.130254  0.211942  
-0.00290937  -0.00573151  -0.00101612  0.00335726  -0.0644947  0.201552  
-0.00283465  -0.00573151  -0.000741804  0.00333402  -0.129171  0.228706  
-0.00274453  -0.00630113  -0.00089046  0.000624878  -0.0786823  0.242004  
-0.00260247  -0.0061723  -0.000956635  -0.0022436  -0.12255  0.23398  
-0.00296319  -0.0061722  -0.000919009  -0.0137079  -0.0993863  0.291765  
-0.00291491  -0.00632362  -0.000741804  -0.0149033  -0.0753521  0.267402  
-0.00226728  -0.00590541  -0.000741804  -0.0136603  -0.141066  0.281706  
-0.00232121  -0.00576571  -0.000924884  -0.0197687  -0.10896  0.278224  
-0.00247608  -0.00600219  -0.00127617  -0.029639  -0.066031  0.256627  
-0.00189288  -0.00539782  -0.0011217  -0.0306009  -0.117588  0.25294  
-0.00288996  -0.00591742  -0.00128769  -0.0304734  -0.0641845  0.274295  
-0.00183818  -0.00508494  -0.00111371  -0.0406206  -0.0960966  0.234154  
-0.00226888  -0.00553601  -0.00123555  -0.0426603  -0.0755673  0.23415  
-0.00148094  -0.00493324  -0.000741805  -0.0498283  -0.0874257  0.210671  
-0.00217855  -0.00516357  -0.000741805  -0.0473798  -0.0536821  0.252823  
-0.00153514  -0.00477563  -0.000741805  -0.0474544  -0.0932438  0.213232  
-0.00169944  -0.0052796  -0.00113302  -0.0472682  -0.0510915  0.213334  
-0.00160904  -0.00522787  -0.0011999  -0.0551121  -0.0864486  0.187892  
-0.00204839  -0.00522787  -0.0015256  -0.0598449  -0.0574398  0.18453  
-0.00160907  -0.00522787  -0.00127435  -0.0598251  -0.0650128  0.146356  
-0.00246858  -0.00493199  -0.00127435  -0.0419417  -0.0389972  0.151006  
-0.00173599  -0.00474253  -0.00127435  -0.0478172  -0.0650143  0.137815  
-0.00173007  -0.00476001  -0.00127435  -0.0545121  -0.0608528  0.202313  
-0.00182191  -0.00544936  -0.00127435  -0.046684  -0.0649885  0.25756  
-0.001783  -0.00513246  -0.00110526  -0.0519906  -0.0769134  0.243454  
-0.00192624  -0.00529469  -0.00104639  -0.0576873  -0.021071  0.242609  
-0.00167649  -0.00495971  -0.000924132  -0.0393808  -0.0947725  0.227988  
-0.00243198  -0.00546237  -0.00110799  -0.0542649  -0.0218472  0.267298  
-0.00189475  -0.00491562  -0.000898612  -0.0486506  -0.0868018  0.229727  
-0.00267956  -0.00544056  -0.00127435  -0.0560925  -0.0334746  0.25914  
-0.00176295  -0.00479633  -0.00127435  -0.0518088  -0.0568477  0.207603  
-0.00195666  -0.00507546  -0.00127435  -0.0519044  -0.0568606  0.227817  
-0.00100385  -0.0048593  -0.00127435  -0.052981  -0.0673165  0.179006  
-0.00169324  -0.00530621  -0.0013452  -0.0556576  -0.056881  0.248244  
-0.000804564  -0.00471732  -0.00127435  -0.0594007  -0.0745347  0.179942  
-0.00118955  -0.00512695  -0.00127435  -0.0682311  -0.0568004  0.239389  
-0.000687481  -0.00498449  -0.00140083  -0.0604486  -0.0909396  0.171329  
-0.00145762  -0.00501447  -0.00127435  -0.065268  -0.0685818  0.231172  
-0.000575143  -0.00480314  -0.00127435  -0.0682885  -0.0739769  0.194434  
-0.00179379  -0.00527073  -0.00157424  -0.0738131  -0.0453026  0.23962  
-0.00091558  -0.00435596  -0.00127435  -0.068382  -0.0740291  0.192363  
-0.00196731  -0.00503178  -0.0015322  -0.0681967  -0.0292503  0.248462  
-0.00146675  -0.004482  -0.00127435  -0.062881  -0.0813587  0.20656  
-0.00202153  -0.00491019  -0.00127435  -0.0682573  -0.0144295  0.259341  
-0.00124299  -0.00423974  -0.00127435  -0.0684053  -0.0582604  0.207132  
-0.00220907  -0.00474565  -0.00152563  -0.0813337  -0.0162685  0.266941  
-0.00096794  -0.00453631  -0.00139149  -0.0717196  -0.0625216  0.217665  
-0.00196133  -0.00472879  -0.00153019  -0.0698735  -0.0162605  0.234446  
-0.00175977  -0.00472879  -0.00127435  -0.0619172  -0.0769131  0.241308  
-0.00248921  -0.00515961  -0.00127435  -0.0756883  -0.0206461  0.262749  
-0.00150362  -0.00452175  -0.00127435  -0.0646168  -0.068725  0.25164  
-0.00192312  -0.00508003  -0.00127435  -0.0759554  -0.0171374  0.277736  
-0.000980561  -0.00449673  -0.00127435  -0.0689452  -0.0719626  0.23006  
-0.00185362  -0.00513869  -0.0012184  -0.0844933  -0.0144356  0.270414  
-0.00136349  -0.00507656  -0.00127435  -0.0845064  -0.0695615  0.263153  
-0.00220406  -0.0057058  -0.00127435  -0.0891161  -0.0275756  0.313335  
-0.00111436  -0.0057058  -0.00127435  -0.0843279  -0.0672248  0.277787  
-0.00206488  -0.0056125  -0.00127435  -0.0843539  -0.0545843  0.325812  
-0.00111548  -0.00515404  -0.00127435  -0.0807086  -0.0706016  0.267207  
-0.00191754  -0.00535098  -0.00127435  -0.0843941  -0.0370491  0.306843  
-0.00119804  -0.00523159  -0.00133591  -0.0844146  -0.0573128  0.275464  
-0.00151933  -0.00525397  -0.00127435  -0.0844232  -0.0573647  0.316105  
-0.0010783  -0.00535098  -0.00127435  -0.0789765  -0.0364317  0.305101  
-0.00158818  -0.00535098  -0.00127435  -0.0843941  -0.071879  0.322679  
-0.00174821  -0.00558339  -0.00144464  -0.0843095  -0.0237584  0.298411  
-0.00177595  -0.00535098  -0.00111873  -0.0740969  -0.0783465  0.320132  
-0.00208199  -0.00535098  -0.00127435  -0.0843941  -0.0190274  0.285747  
-0.00303436  -0.00487345  -0.00053201  -0.080644  -0.0312605  0.33781  
-0.00239123  -0.00511604  -0.000893928  -0.0844463  0.00891767  0.335514  
-0.00187268  -0.00462971  -0.00102488  -0.0800094  -0.0452449  0.354338  
-0.00215628  -0.00513316  -0.000789501  -0.0844564  -0.00340558  0.33881  
-0.00144812  -0.00457817  -0.000936621  -0.084608  -0.05361  0.334901  
-0.00256532  -0.00498296  -0.000989388  -0.0877459  -0.0231195  0.335881  
-0.00133402  -0.00506774  -0.000976958  -0.0816211  -0.0527704  0.323315  
-0.0016404  -0.00526143  -0.000730573  -0.0844463  -0.0215136  0.299899  
-0.00145919  -0.00515682  -0.00104127  -0.084435  -0.0508079  0.323325  
-0.00127425  -0.00513846  -0.000949744  -0.0782592  -0.0227532  0.268987  
-0.00177452  -0.00480666  -0.0010882  -0.0764775  -0.0674312  0.291673  
-0.00290707  -0.00526143  -0.000730573  -0.0714894  -0.125052  0.34289  
-0.0034321  -0.005907  -0.000730573  -0.0563593  -0.0876427  0.353173  
-0.00267642  -0.00570628  -0.00100198  -0.0615092  -0.122012  0.34029  
-0.00283194  -0.00592237  -0.00109069  -0.0723192  -0.0789035  0.286274  
-0.0017807  -0.00528498  -0.0010392  -0.0716203  -0.0956583  0.28064  
-0.001531  -0.00569618  -0.00103542  -0.0753051  -0.0518326  0.249357  
-0.000549716  -0.00516698  -0.000985947  -0.0687919  -0.0837396  0.218651  
-0.00155419  -0.0056325  -0.00109783  -0.0766535  -0.0387022  0.266524  
-0.000605624  -0.00525266  -0.000730573  -0.0712291  -0.0854431  0.21653  
-0.00134256  -0.00553961  -0.00102783  -0.0843518  -0.0385516  0.220341  
-0.000862528  -0.00521406  -0.00103832  -0.0661092  -0.0826672  0.185244  
-0.00212748  -0.00569461  -0.00102406  -0.0726462  -0.0310846  0.212799  
-0.00140484  -0.00512429  -0.000874121  -0.0580816  -0.0863728  0.205144  
-0.00240999  -0.00596302  -0.000730573  -0.0544005  -0.0319038  0.2529  
-0.00182818  -0.00506046  -0.000730574  -0.0519557  -0.0721984  0.199404  
-0.00203149  -0.00594029  -0.000875237  -0.0559504  -0.0393298  0.240028  
-0.00202968  -0.00594029  -0.000824178  -0.0488221  -0.0554152  0.263453  
-0.0016298  -0.00594029  -0.000797299  -0.0573142  -0.0654364  0.255417  
-0.00175158  -0.00594029  -0.000835199  -0.0598028  -0.0634171  0.241645  
-0.000573815  -0.00539127  -0.000730573  -0.0661824  -0.0717338  0.191797  
-0.0013651  -0.00637838  -0.000730573  -0.0562505  -0.0263719  0.222647  
-0.00102404  -0.00619923  -0.00103306  -0.0639309  -0.0744596  0.225725  
-0.00134627  -0.00668829  -0.000963267  -0.0721356  -0.0296692  0.220829  
-0.0010028  -0.00605439  -0.000730573  -0.0568489  -0.0871733  0.217226  
-0.00188742  -0.00639276  -0.00100286  -0.0647259  -0.0215602  0.22502  
-0.000940959  -0.00613631  -0.000730573  -0.0612864  -0.0785333  0.188563  
-0.000959953  -0.00610966  -0.000829594  -0.060012  -0.0531202  0.246169  
-0.000723708  -0.00599688  -0.000730573  -0.0587549  -0.069317  0.221882  
-0.000783554  -0.00598018  -0.000730573  -0.0584418  -0.0822009  0.2462  
-0.000741286  -0.00604082  -0.000730573  -0.0502801  -0.0745222  0.222147  
-0.000583981  -0.00577592  -0.000540219  -0.0519301  -0.0821396  0.246234  
-0.000764611  -0.00567515  -0.000393673  -0.0486964  -0.0755856  0.214642  
-0.00127385  -0.00567515  -0.000323135  -0.0552321  -0.0822948  0.239294  
-0.000953584  -0.00594153  -0.000593199  -0.0470634  -0.0705846  0.172165  
-0.00127385  -0.00584063  -0.000541036  -0.0456432  -0.0614839  0.196861  
-0.000137055  -0.0060261  -0.000541634  -0.0389804  -0.0597103  0.138294  
-0.000536469  -0.00567515  -0.000323135  -0.0429919  -0.0412778  0.205896  
-0.000303221  -0.00567515  -0.000323136  -0.0429919  -0.0667393  0.177759  
-0.000869415  -0.00611949  -0.000323136  -0.0429173  -0.0541072  0.203365  
0.000223901  -0.00565175  -0.000419383  -0.0369567  -0.0632206  0.143442  
-0.000715242  -0.00601048  -0.000323136  -0.0318989  -0.0400763  0.205863  
0.000311624  -0.005429  -0.000456152  -0.0342596  -0.0828926  0.144267  
-0.000388304  -0.005757  -0.000323136  -0.0429905  -0.00551924  0.147748  
-2.41832e-06  -0.00537475  -0.000323136  -0.0306095  -0.0747964  0.16069  
-0.00112904  -0.00582835  -0.000323136  -0.0342871  -0.0166338  0.143548  
0.000408752  -0.00492484  -0.000323136  -0.0245168  -0.0678371  0.133193  
-0.000495615  -0.00571721  -0.000323136  -0.0388044  -0.0152888  0.135003  
-0.000191072  -0.00531459  -0.000522995  -0.0326909  -0.072593  0.157659  
-0.000178607  -0.00581592  -0.000749737  -0.0429649  -0.0266259  0.141791  
0.000749135  -0.00501421  -0.000597524  -0.0305708  -0.0850383  0.123442  
0.000101369  -0.00550431  -0.000697733  -0.042995  -0.0492063  0.131163  
0.000577665  -0.00525221  -0.000601656  -0.0430397  -0.0823748  0.131236  
0.000734692  -0.00550874  -0.000754193  -0.0491529  -0.0515126  0.129122  
0.000977382  -0.00523195  -0.000743734  -0.0429906  -0.100264  0.0874896  
0.00136814  -0.00532185  -0.000548289  -0.0472524  -0.0556584  0.0964603  
0.00136814  -0.00500914  -0.000538913  -0.0430569  -0.100144  0.0979951  
0.00108871  -0.00544347  -0.000573103  -0.0429931  -0.0436952  0.119733  
0.00157633  -0.00496568  -0.000558517  -0.0430462  -0.0927179  0.114338  
0.000925329  -0.00562505  -0.000744071  -0.0429262  -0.0465929  0.1156  
0.00165865  -0.00487143  -0.000665135  -0.0430135  -0.094414  0.0861275  
0.000735991  -0.00567674  -0.000742296  -0.0473398  -0.0529226  0.106934  
0.000616266  -0.00509447  -0.000674911  -0.036995  -0.109497  0.111843  
0.000804278  -0.00557435  -0.000578849  -0.0429254  -0.0544568  0.0872272  
0.00103703  -0.00497002  -0.000765827  -0.0404293  -0.08857  0.0907175  
0.00111794  -0.00510465  -0.000589153  -0.0429862  -0.0479449  0.0609998  
0.0011171  -0.0049488  -0.00080007  -0.0405184  -0.0701544  0.0739121  
0.00130304  -0.0049581  -0.000510777  -0.0430144  -0.0543864  0.0451116  
0.00096988  -0.0049581  -0.000711674  -0.0429996  -0.0552317  0.0816822  
0.00159838  -0.00482569  -0.000715049  -0.0430164  -0.0468699  0.0250808  
0.00125144  -0.0049581  -0.000845121  -0.0429989  -0.0479175  0.0657958  
0.00197376  -0.00457947  -0.000484663  -0.0357649  -0.0611447  0.00186028  
0.00153726  -0.00473701  -0.000660334  -0.043043  -0.0366462  0.0192734  
0.00191299  -0.00468461  -0.000575408  -0.0430534  -0.0476237  -0.0084717  
0.00107676  -0.00521026  -0.000713951  -0.049734  -0.018315  0.0466072  
0.00191874  -0.00521026  -0.000534367  -0.0429693  -0.0611767  0.0344821  
0.00104364  -0.00560446  -0.000323137  -0.0429734  -0.0320408  0.0475657  
0.00175343  -0.00521026  -0.000323137  -0.0430031  -0.0611674  0.0481859  
0.00167676  -0.00605906  -0.000323137  -0.0429346  -0.0295295  0.05132  
0.00189421  -0.00521026  -0.000323137  -0.0430031  -0.0611687  0.0248749  
0.00176989  -0.0057895  -0.000323137  -0.0429562  -0.0286124  0.0291278  
0.00210618  -0.00513893  -0.000410035  -0.0429983  -0.0611715  0.0148875  
0.00162988  -0.0054935  -0.000531543  -0.0429586  -0.0326861  0.0397181  
0.00258403  -0.00503676  -0.000403359  -0.0430079  -0.0611047  0.0285741  
0.00150267  -0.00541402  -0.000433871  -0.0429847  -0.0184317  0.0792425  
0.00223196  -0.00485042  -0.000323137  -0.0430282  -0.0743559  0.0214254  
0.00163548  -0.00548068  -0.000525887  -0.0498367  -0.0309503  0.0380368  
0.00310816  -0.00453576  -0.000323137  -0.0430449  -0.06109  -0.00755367  
0.00208468  -0.00505665  -0.000504061  -0.0408999  -0.0318571  0.0539144  
0.00247868  -0.00505665  -0.000416142  -0.0429964  -0.0611355  0.0217425  
0.00349965  -0.00533899  -0.000764797  -0.0429114  -0.0335855  0.0287756  
0.00267262  -0.00505665  -0.000323138  -0.0430086  -0.0611383  -0.0157563  
0.00241028  -0.00505665  -0.000661154  -0.0480048  -0.0153122  0.0129125  
0.00288505  -0.00505665  -0.000536277  -0.0429804  -0.0611356  0.00405494  
0.00159675  -0.00536618  -0.000675662  -0.0429599  -0.0213655  0.0307928  
0.00196484  -0.00525503  -0.000543626  -0.0362343  -0.0612012  0.00787078  
0.00164698  -0.00505665  -0.000542235  -0.0398667  -0.00248525  0.0202711  
0.00225489  -0.00497957  -0.000323138  -0.0430122  -0.0601359  0.00170898  
0.00200942  -0.00505665  -0.000323138  -0.0430086  -0.0356903  0.00168873  
0.00375757  -0.00444994  -0.000323138  -0.0330868  -0.0632761  -0.0187051  
0.00236769  -0.00515176  -0.000323138  -0.0384329  -0.0427904  0.00603974  
0.00320479  -0.00498372  -0.000323138  -0.0285645  -0.0745022  -0.0209922  
0.00236313  -0.00530047  -0.000420914  -0.0429795  -0.0232348  0.0257262  
0.0033954  -0.00498619  -0.000323138  -0.043009  -0.0754362  -0.0120978  
0.00456248  -0.00500728  -0.000323138  -0.0430041  -0.0133097  -0.0235405  
0.00330091  -0.00489479  -0.00066393  -0.0429552  -0.0523512  -0.0247036  
0.00273869  -0.00511257  -0.000624704  -0.0449724  -0.0377601  -0.0275247  
0.00364531  -0.00486844  -0.000323138  -0.0430115  -0.0523029  -0.00748335  
0.00282514  -0.00481356  -0.000323138  -0.0430294  -0.0522386  -0.028692  
0.00282514  -0.00483535  -0.000539138  -0.0463499  -0.0522498  -0.0237581  
0.00370187  -0.00459359  -0.000575634  -0.0370642  -0.0720003  -0.0625784  
0.00296005  -0.00487379  -0.000649195  -0.0384656  -0.0192048  -0.0356435  
0.00407619  -0.00500409  -0.000323138  -0.0233802  -0.0478821  0.0204662  
0.00187954  -0.00557783  -0.000375804  -0.0429806  -0.0687046  0.0725656  
0.00417094  -0.00522865  -0.000736999  -0.0294027  -0.0388784  -0.0100841  
0.00354007  -0.00505003  -0.000750799  -0.035082  -0.0270802  -0.00745634  
0.00229763  -0.00505003  -0.00105244  -0.0384989  -0.0154297  0.0143538  
0.00341854  -0.00499133  -0.000960424  -0.0429423  -0.038669  0.0395681  
0.00187234  -0.00549428  -0.00125105  -0.042833  0.0103539  0.0626089  
0.00212783  -0.00500893  -0.00142134  -0.0594613  -0.0703918  0.0669762  
0.00359562  -0.00603428  -0.00195743  -0.0250493  -0.058463  0.0267052  
0.00314415  -0.00557737  -0.00126253  -0.0405839  -0.0293175  0.051002  
0.00156366  -0.00551357  -0.000989044  -0.0330737  -0.00719801  0.1066  
0.00204947  -0.00544002  -0.00090311  -0.0290175  -0.0526574  0.0601035  
0.0026868  -0.005326  -0.00131386  -0.0404795  -0.044434  0.0258352  
0.00337691  -0.00538467  -0.00138275  -0.0402297  -0.0443979  -0.00607007  
0.00282798  -0.00535598  -0.00127119  -0.0402982  -0.0444313  0.0182307  
0.0026868  -0.00535598  -0.00123264  -0.0408871  -0.0205598  -0.015997  
0.00248094  -0.00541505  -0.00134359  -0.0341644  -0.0460306  0.0229215  
0.00250071  -0.005616  -0.00114892  -0.0325941  -0.028867  0.00143169  
0.00255224  -0.00555533  -0.00114892  -0.0311989  -0.0354556  0.00143634  
0.00297647  -0.00535599  -0.00114892  -0.0293714  -0.0409472  -0.0356461  
0.00276926  -0.0057771  -0.00114892  -0.0345866  -0.0354536  -0.0147008  
0.00293107  -0.0057095  -0.00114892  -0.0325303  -0.0315227  -0.0316614  
0.00289486  -0.0057771  -0.00114892  -0.0363372  -0.0497929  -6.80917e-05  
0.00287872  -0.00590238  -0.00114892  -0.0405751  -0.0215836  -0.0146244  
0.0030095  -0.0057771  -0.00105001  -0.0304101  -0.0619435  -0.014583  
0.00290359  -0.0057771  -0.00114892  -0.0368515  -0.0214242  -0.0336152  
0.00311005  -0.00572287  -0.00114892  -0.0373375  -0.0541008  -0.0145485  
0.00366067  -0.00557653  -0.00109413  -0.0334263  -0.0376898  -0.0450517  
0.00274849  -0.0057771  -0.00114892  -0.0300553  -0.0364143  0.0072165  
0.00316943  -0.005257  -0.00114892  -0.029791  -0.057528  -0.0421897  
0.00330899  -0.00530046  -0.00114892  -0.0363419  -0.0169927  -0.0298686  
0.00421316  -0.00530046  -0.00114892  -0.0277724  -0.054073  -0.0413992  
0.00342499  -0.00560972  -0.00108101  -0.0293378  0.000912126  -0.0134065  
0.0038002  -0.00518677  -0.000909481  -0.0185252  -0.0627257  -0.0284135  
0.00349439  -0.00578482  -0.00114892  -0.0286602  0.00225073  -0.00686777  
0.00273315  -0.00578482  -0.000969071  -0.0286768  -0.0460546  -0.00692433  
0.00296747  -0.00570658  -0.000864067  -0.0286994  -0.00886959  -0.00690972  
0.00246704  -0.0053986  -0.000871435  -0.0181395  -0.0482824  0.0232908  
0.00237509  -0.00533089  -0.00072348  -0.013459  -0.00981033  0.00700602  
0.00298442  -0.00538431  -0.000646221  -0.00859506  -0.0388009  0.0192642  
0.0017608  -0.00565359  -0.000841221  -0.0091731  -0.0167444  0.0371314  
0.0023268  -0.00514965  -0.000868375  -0.0178728  -0.0667036  0.0610159  
0.0020908  -0.00572395  -0.00114892  -0.0286897  0.00446089  0.0603184  
0.0026806  -0.00540552  -0.00084476  -0.0263529  -0.0673066  0.0497747  
0.00202364  -0.00599247  -0.00103846  -0.0287067  0.00463277  0.0458119  
0.00282379  -0.00564163  -0.000976772  -0.0233255  -0.0549656  0.0137988  
0.00295512  -0.00564163  -0.00076706  -0.024959  -0.0172882  0.00767645  
0.00203226  -0.00544834  -0.000850316  -0.00999309  -0.0362002  0.0640256  
0.00248011  -0.00504174  -0.00061546  -0.00911358  -0.0172327  0.0269058  
0.00250065  -0.00504174  -0.000744662  -0.00760783  -0.0444881  -0.0116661  
0.00277427  -0.00504174  -0.000600284  -0.0143035  -0.0203069  -0.0154153  
0.00182293  -0.00516179  -0.000842187  -0.0184939  -0.0376731  0.019317  
0.0019941  -0.00512647  -0.00114892  -0.00789722  -0.0274288  -0.00965361  
0.00243703  -0.00497802  -0.000973077  -0.00731927  -0.0552316  -0.00719315  
0.00338165  -0.0051428  -0.00069276  -0.00672782  -0.0278883  -0.00972634  
-0.000109664  -0.0053928  -0.000615803  -0.00175172  -0.0468777  0.0353964  
0.000117044  -0.00554466  -0.00059464  0.00548796  -0.0615664  0.00675645  
-0.000109664  -0.0053928  -0.000792846  -0.00175764  -0.037852  0.0325739  
-0.000109664  -0.0051674  -0.000679162  0.0059952  -0.0516143  0.0111358  
-0.00110233  -0.00535401  -0.000795728  -0.00180239  -0.0202919  0.0532772  
-2.24477e-05  -0.00510216  -0.000915056  -0.00175443  -0.0515449  0.00292157  
-0.000170977  -0.0051057  -0.00126439  -0.0185258  -0.0135287  0.00726556  
0.000843427  -0.00501107  -0.000994978  0.000555981  -0.0588859  0.000121863  
