0.00555913  0.00450542  -0.00851865  -0.152588  -0.124672  0.43808  
0.00551925  0.0043478  -0.00880448  -0.161477  -0.148789  0.452283  
0.00422996  0.00420546  -0.00861324  -0.144372  -0.12005  0.402572  
0.00542619  0.00413761  -0.00946284  -0.17433  -0.169794  0.436024  
0.00550949  0.00543381  -0.00888952  -0.165202  -0.137313  0.427611  
0.00463853  0.00554952  -0.00802078  -0.170727  -0.140652  0.403547  
0.00452911  0.00528767  -0.00758857  -0.155483  -0.109744  0.388315  
0.00391909  0.00466039  -0.00768481  -0.170147  -0.135744  0.40153  
0.00463588  0.00470816  -0.00723272  -0.176642  -0.125366  0.346096  
0.00738825  0.00490844  -0.00783479  -0.16329  -0.124474  0.36221  
0.00773127  0.00502842  -0.00743947  -0.178343  -0.0873266  0.358318  
0.00708047  0.0054526  -0.00727553  -0.177546  -0.12568  0.365962  
0.00693575  0.00528103  -0.00723942  -0.166169  -0.100253  0.367733  
0.00690832  0.00556462  -0.00748022  -0.179688  -0.096241  0.353624  
0.00560829  0.0055024  -0.00759404  -0.193124  -0.113298  0.36234  
0.00565043  0.00583464  -0.00766293  -0.183047  -0.121644  0.364642  
0.00505171  0.00599658  -0.00715724  -0.18432  -0.0956693  0.337204  
0.00573194  0.00612746  -0.00719823  -0.175954  -0.106486  0.370483  
0.00547782  0.00608821  -0.00706755  -0.186989  -0.0995357  0.365077  
0.00558374  0.0063743  -0.00709462  -0.177791  -0.0830021  0.353316  
0.00634877  0.00659467  -0.00700248  -0.179419  -0.105754  0.367485  
0.0061372  0.00690782  -0.00679388  -0.177745  -0.088773  0.349891  
0.00673086  0.00747249  -0.00692796  -0.179442  -0.104248  0.387286  
0.00847221  0.00804836  -0.00676329  -0.172342  -0.0893434  0.393257  
0.00859897  0.00785536  -0.00712419  -0.178583  -0.129592  0.370901  
0.00756426  0.00737635  -0.00704086  -0.181185  -0.0768004  0.363879  
0.00694501  0.00787269  -0.00698046  -0.181736  -0.105687  0.349596  
0.00629174  0.0082397  -0.00679312  -0.187934  -0.0893106  0.357153  
0.00668748  0.00832631  -0.00675224  -0.200221  -0.0998707  0.372551  
0.00639435  0.00789473  -0.00672077  -0.194698  -0.0926045  0.336347  
0.00612105  0.00786799  -0.0067841  -0.201363  -0.0879587  0.325686  
0.0062215  0.0078459  -0.00698311  -0.203016  -0.0842058  0.330183  
0.00621491  0.00779285  -0.00691148  -0.204844  -0.0955042  0.320525  
0.00566522  0.0075907  -0.00684871  -0.19831  -0.0868268  0.308047  
0.00625072  0.00767885  -0.00691355  -0.19741  -0.0794181  0.314611  
0.00717725  0.00731504  -0.00705268  -0.199864  -0.103006  0.322476  
0.00615414  0.00737925  -0.00711998  -0.202333  -0.0846252  0.317882  
0.0067391  0.00774539  -0.0071365  -0.201424  -0.0968807  0.328613  
0.00605839  0.0073961  -0.00726006  -0.208747  -0.0773101  0.312565  
0.00634917  0.00739577  -0.00722991  -0.208053  -0.0812376  0.326356  
0.00622971  0.00697885  -0.00738869  -0.198819  -0.0691855  0.27845  
0.00659906  0.00669544  -0.00798967  -0.20041  -0.0920365  0.304344  
0.00617463  0.00639023  -0.00766064  -0.195962  -0.0792171  0.285631  
0.00593722  0.00687358  -0.00792324  -0.212457  -0.0974166  0.297334  
0.00511108  0.00689495  -0.00762432  -0.208307  -0.0813528  0.28835  
0.0052164  0.00679176  -0.00767353  -0.204029  -0.0961651  0.314139  
0.00492441  0.00697595  -0.00759369  -0.1981  -0.0887538  0.301319  
0.00467766  0.00714365  -0.00754329  -0.200084  -0.0737324  0.295697  
0.00534424  0.00718599  -0.00731103  -0.190881  -0.079135  0.30722  
0.00580566  0.00733917  -0.00728459  -0.194728  -0.0748112  0.260705  
0.00680108  0.00769868  -0.00753281  -0.21258  -0.0900484  0.276481  
0.00538755  0.0074312  -0.00723324  -0.209367  -0.0789542  0.283913  
0.00484466  0.00712825  -0.00730171  -0.207342  -0.0910009  0.307472  
0.00437379  0.00714452  -0.00739513  -0.21177  -0.086618  0.303414  
0.00445802  0.00716546  -0.00729206  -0.210713  -0.0712791  0.291508  
0.00484386  0.00712699  -0.00741442  -0.204746  -0.0788941  0.297993  
0.00507608  0.00702372  -0.00720954  -0.211439  -0.081737  0.294051  
0.00497015  0.00684308  -0.00712205  -0.208941  -0.0713286  0.278566  
0.00580778  0.0069788  -0.0070461  -0.199288  -0.0805787  0.306956  
0.00549978  0.0068974  -0.00685367  -0.196  -0.0767937  0.274743  
0.00545106  0.0073581  -0.00690861  -0.188558  -0.0686578  0.28997  
0.00509724  0.00739687  -0.00705989  -0.199492  -0.0832859  0.287981  
0.00481872  0.0074134  -0.0072457  -0.195733  -0.0708768  0.291236  
0.00510107  0.00703451  -0.00700238  -0.200229  -0.0822316  0.300822  
0.00558085  0.00682114  -0.00696187  -0.187364  -0.0810332  0.300682  
0.00588617  0.0067385  -0.0065872  -0.181641  -0.0609757  0.27987  
0.00715067  0.00628532  -0.00687761  -0.18431  -0.0817127  0.291625  
0.00524342  0.00704065  -0.00653497  -0.174545  -0.0912986  0.2924  
0.00311551  0.00682104  -0.00641785  -0.172351  -0.107918  0.312323  
0.00239237  0.00596098  -0.00623231  -0.157509  -0.0804956  0.299182  
0.00249021  0.00586764  -0.00625138  -0.148702  -0.0804373  0.311435  
0.00168253  0.00522639  -0.0059302  -0.150322  -0.0772322  0.297703  
0.00113219  0.00517796  -0.00600341  -0.14508  -0.0791188  0.317512  
0.00149086  0.00495577  -0.00615955  -0.142298  -0.0877945  0.3085  
0.00231671  0.00563728  -0.00609773  -0.143309  -0.0821882  0.283516  
0.00114604  0.00588192  -0.00585439  -0.144713  -0.0814171  0.298321  
0.00012123  0.00555047  -0.00596268  -0.14128  -0.0810152  0.321825  
3.79229e-05  0.00532959  -0.00581545  -0.144846  -0.0895954  0.329511  
-0.000262622  0.00540027  -0.00593073  -0.134384  -0.0778413  0.327379  
-0.000204569  0.00567047  -0.00592444  -0.141563  -0.0879965  0.330601  
-0.000457067  0.0054755  -0.00593931  -0.136048  -0.0759341  0.306075  
-0.000494662  0.00548459  -0.0058197  -0.131686  -0.0811678  0.331631  
-0.000301194  0.00489841  -0.00575714  -0.131352  -0.0886159  0.336128  
-0.00115828  0.00512593  -0.00589645  -0.129143  -0.0705297  0.327641  
-0.000565913  0.00468189  -0.00600956  -0.133039  -0.076915  0.333905  
-0.000505852  0.00440961  -0.0061118  -0.131073  -0.0600904  0.326038  
-1.95592e-05  0.00466535  -0.00586643  -0.130734  -0.0831275  0.324677  
-0.00078453  0.00554114  -0.00572714  -0.124528  -0.0702266  0.319463  
-0.00160933  0.00502081  -0.00587883  -0.129277  -0.0836838  0.339011  
-0.00222298  0.00539673  -0.00581925  -0.130428  -0.079198  0.321767  
-0.00252581  0.0052243  -0.00578374  -0.120883  -0.0763411  0.34744  
-0.00189373  0.00498623  -0.00552578  -0.119762  -0.0937585  0.325456  
-0.00253297  0.00447567  -0.00513776  -0.122347  -0.0757191  0.333363  
-0.00217185  0.00472507  -0.00532839  -0.119486  -0.0902269  0.325962  
-0.00206642  0.00513979  -0.00564444  -0.109541  -0.0869446  0.343109  
-0.00217233  0.00519195  -0.00579453  -0.104881  -0.082921  0.359211  
-0.0017539  0.00513305  -0.0056459  -0.107052  -0.0882404  0.362006  
-0.00225342  0.00535787  -0.00515239  -0.101646  -0.0636418  0.348129  
-0.00229845  0.00569794  -0.00519165  -0.109329  -0.0897376  0.361534  
-0.00268026  0.00573806  -0.00541441  -0.107868  -0.0648737  0.356387  
-0.00193599  0.00551171  -0.00511133  -0.10975  -0.0765948  0.361558  
-0.00233451  0.00567479  -0.00531481  -0.106632  -0.0660835  0.351493  
-0.00182591  0.00574595  -0.00516737  -0.112737  -0.0917223  0.361566  
-0.00121019  0.00616461  -0.00545917  -0.118266  -0.0844891  0.33005  
-0.0017466  0.00616897  -0.00538286  -0.110188  -0.0755567  0.335034  
-0.00170182  0.00622644  -0.00529473  -0.113305  -0.0955037  0.343621  
-0.00230212  0.00631352  -0.00545662  -0.110599  -0.0682506  0.332773  
-0.00261895  0.00616302  -0.00537662  -0.117162  -0.085309  0.347704  
-0.00257066  0.00603263  -0.00529489  -0.123895  -0.0835623  0.331282  
-0.00294326  0.00618501  -0.00537249  -0.120035  -0.0875964  0.3345  
-0.00276318  0.0061814  -0.00539767  -0.11959  -0.0751476  0.328644  
-0.00253105  0.00611016  -0.00549718  -0.122029  -0.0752865  0.333105  
-0.00312157  0.00621734  -0.00548154  -0.121248  -0.0682391  0.326318  
-0.00292823  0.00621374  -0.00547605  -0.126009  -0.0747841  0.331902  
-0.00264038  0.00601037  -0.00547752  -0.126338  -0.0770207  0.332682  
-0.00300915  0.00596625  -0.00564187  -0.123537  -0.0732422  0.336751  
-0.00274482  0.00588806  -0.00548811  -0.11788  -0.0856422  0.342582  
-0.00271234  0.00589541  -0.00533196  -0.120587  -0.0838384  0.335951  
-0.00298144  0.00630686  -0.00530479  -0.125104  -0.0841275  0.337463  
-0.00289728  0.00653463  -0.0054249  -0.122344  -0.0842536  0.333821  
-0.00334392  0.00640097  -0.00544656  -0.122093  -0.0712825  0.330724  
-0.00340545  0.00623705  -0.00546919  -0.125425  -0.078026  0.345059  
-0.00258932  0.00639605  -0.00537494  -0.12781  -0.0611994  0.323626  
0.00141138  0.00736183  -0.00574737  -0.125913  -0.0769127  0.262884  
0.000248693  0.00757896  -0.00569868  -0.120093  -0.0725229  0.281979  
-0.00152603  0.00730061  -0.0055485  -0.11123  -0.0963725  0.308158  
-0.00144532  0.00723423  -0.00547092  -0.114657  -0.0872082  0.311014  
-0.00222591  0.00740669  -0.00562207  -0.112633  -0.0651297  0.295213  
-9.30115e-05  0.00766498  -0.00531362  -0.111677  -0.0702044  0.263226  
0.00109847  0.00772223  -0.00506627  -0.106002  -0.0765662  0.264812  
-0.000156652  0.0076162  -0.00478665  -0.105127  -0.069776  0.273809  
-0.00134227  0.00725866  -0.00511657  -0.0960422  -0.0535924  0.280985  
-0.00122729  0.00748936  -0.0049384  -0.103738  -0.0792241  0.308538  
-0.0019822  0.0073485  -0.00511801  -0.0984559  -0.0655556  0.315117  
-0.00116887  0.00750225  -0.00486998  -0.0993485  -0.0794533  0.30632  
0.000165561  0.00748876  -0.00457714  -0.100898  -0.0759378  0.27696  
6.78939e-05  0.00727627  -0.00458725  -0.0956733  -0.0427236  0.260258  
-0.000734517  0.00692427  -0.00439779  -0.0912555  -0.0774204  0.295037  
-0.00114758  0.00685912  -0.00424396  -0.08569  -0.0454571  0.273646  
0.000450307  0.00706429  -0.00422513  -0.0954084  -0.0838407  0.291188  
0.00199065  0.00684258  -0.00402216  -0.0930742  -0.0740535  0.249844  
0.00035479  0.00643798  -0.00373908  -0.0877469  -0.079674  0.267179  
-0.00116813  0.00604845  -0.00378302  -0.0950244  -0.0774301  0.28249  
-0.00093962  0.0060671  -0.00407323  -0.100709  -0.0804243  0.287962  
-0.00280004  0.00570355  -0.0040066  -0.102984  -0.0600404  0.292156  
-0.00168797  0.00574244  -0.00390096  -0.0980541  -0.0648488  0.304114  
-0.0022825  0.00595967  -0.00385848  -0.0927985  -0.0769205  0.286351  
-0.000185637  0.00685888  -0.00374964  -0.100118  -0.0784074  0.252439  
-0.00101937  0.00691094  -0.00390127  -0.114458  -0.0627185  0.277991  
-0.00238579  0.00669616  -0.00403106  -0.116664  -0.0896005  0.297433  
-0.00283838  0.00635335  -0.00414529  -0.118678  -0.0841854  0.30474  
-0.00344788  0.00642457  -0.00394069  -0.112456  -0.0799184  0.293261  
-0.00257491  0.00665304  -0.00392513  -0.115573  -0.107102  0.275675  
-0.00289569  0.00645829  -0.0038562  -0.106512  -0.0928394  0.290934  
-0.00323625  0.00631803  -0.00389743  -0.112651  -0.101619  0.3022  
-0.00351971  0.00612949  -0.00393132  -0.0993699  -0.0759059  0.282457  
-0.00276369  0.00624248  -0.00392794  -0.0977625  -0.0943102  0.286011  
-0.00250181  0.00690777  -0.00404  -0.0999319  -0.0562776  0.279311  
-0.00331508  0.0068556  -0.00404703  -0.0987686  -0.0812539  0.28557  
-0.00373551  0.00694467  -0.00418636  -0.0909032  -0.0734594  0.286245  
-0.00341805  0.00692526  -0.00427586  -0.0964791  -0.0903347  0.275797  
-0.00324951  0.00684761  -0.00438539  -0.0935809  -0.10253  0.251821  
-0.00333623  0.00688132  -0.00422517  -0.0906424  -0.0999  0.265331  
-0.00329567  0.00684319  -0.00420399  -0.0933313  -0.105987  0.280739  
-0.00403345  0.00685638  -0.00427016  -0.0918262  -0.0930357  0.263926  
-0.00437578  0.00663207  -0.00447848  -0.0868641  -0.0880534  0.284795  
-0.00427616  0.00667614  -0.00442933  -0.0882499  -0.0931013  0.290104  
-0.00477157  0.00663944  -0.00451848  -0.0888228  -0.0881417  0.282443  
-0.00372919  0.00650188  -0.00431904  -0.0791877  -0.105696  0.274956  
-0.00181241  0.00724226  -0.00411531  -0.0953446  -0.119098  0.207101  
-0.00331201  0.00691948  -0.00428784  -0.104857  -0.09515  0.246155  
-0.00436306  0.00678025  -0.00446665  -0.113029  -0.110822  0.267493  
-0.0032324  0.0066424  -0.00412188  -0.107423  -0.0964374  0.227113  
-0.00105894  0.00555811  -0.00461155  -0.100129  -0.125399  0.253285  
-0.00237157  0.00516226  -0.0045897  -0.109371  -0.122893  0.287887  
-0.00332648  0.00553068  -0.00453893  -0.106361  -0.123616  0.297203  
-0.00335014  0.00535234  -0.00446438  -0.101277  -0.118356  0.301192  
-0.0036326  0.00536581  -0.00474937  -0.0975689  -0.109037  0.298512  
-0.00381468  0.00511462  -0.00473318  -0.0980694  -0.0997827  0.300263  
-0.00387225  0.00516772  -0.00470823  -0.0902223  -0.0978656  0.29985  
-0.00396077  0.00508377  -0.00464394  -0.0910321  -0.109947  0.306276  
-0.00474418  0.00511016  -0.00434554  -0.0882476  -0.10755  0.294019  
-0.00275916  0.00524818  -0.00384925  -0.085504  -0.0995121  0.310722  
-0.000850923  0.0051225  -0.00375013  -0.0822073  -0.124693  0.297223  
-0.00165289  0.00492907  -0.00378332  -0.0842132  -0.113594  0.300838  
-0.00236816  0.00469921  -0.00405126  -0.0805499  -0.0967004  0.306249  
-0.00333631  0.00494788  -0.00425496  -0.0801527  -0.100429  0.32327  
-0.00409562  0.00488268  -0.00435483  -0.0798662  -0.0869671  0.324061  
-0.00394072  0.00502826  -0.00418296  -0.0769065  -0.094928  0.311803  
-0.00365228  0.00517757  -0.00408988  -0.0824623  -0.107748  0.320535  
-0.00433411  0.00505102  -0.00427291  -0.0846247  -0.0922042  0.317976  
-0.00375687  0.0051637  -0.0042853  -0.0824996  -0.0972844  0.328488  
-0.00379985  0.00496384  -0.00426795  -0.0786613  -0.0887639  0.319509  
-0.00327873  0.00481953  -0.00428592  -0.0789268  -0.0997831  0.357594  
-0.004177  0.00488832  -0.00423579  -0.0705501  -0.0722466  0.318358  
-0.00399989  0.00482046  -0.00411799  -0.0711985  -0.0959964  0.323875  
-0.00372586  0.00492388  -0.0042661  -0.0742722  -0.0900161  0.321613  
-0.00383617  0.00525246  -0.0043515  -0.073347  -0.0810304  0.309266  
-0.00232878  0.00598154  -0.00335863  -0.0774471  -0.0935789  0.247178  
-0.00095522  0.00652145  -0.00343578  -0.0799794  -0.0848385  0.261865  
-0.00129319  0.00625575  -0.00362535  -0.0809395  -0.0909382  0.264354  
-0.00117199  0.0061305  -0.00367686  -0.0822616  -0.0915063  0.270983  
-0.00100188  0.00625145  -0.00373908  -0.0881922  -0.0953109  0.271473  
-0.00117844  0.00628648  -0.00373962  -0.0883104  -0.0938214  0.25923  
-0.00123192  0.00606306  -0.00384323  -0.0973529  -0.0849099  0.257937  
-0.00132893  0.00598277  -0.00379273  -0.103061  -0.0981659  0.263903  
-0.0012309  0.00592482  -0.00362484  -0.107564  -0.102501  0.253156  
-0.00130786  0.00566089  -0.00351622  -0.103828  -0.0836404  0.260827  
-0.000920731  0.00573074  -0.00369786  -0.109885  -0.0948909  0.259264  
-0.00132008  0.00576978  -0.00367751  -0.113556  -0.101095  0.255649  
-0.00196177  0.00566054  -0.00376057  -0.106979  -0.0938216  0.250006  
-0.00102864  0.0057691  -0.00381074  -0.113898  -0.0953618  0.259785  
-0.000568531  0.00639192  -0.00413541  -0.118555  -0.0713669  0.248138  
-0.00147803  0.00583953  -0.00405876  -0.124456  -0.0884095  0.265703  
-0.0021614  0.00549735  -0.00414335  -0.12224  -0.0780144  0.274318  
-0.00185603  0.00548706  -0.00405375  -0.123596  -0.0803626  0.272142  
-0.00194828  0.00566098  -0.00409652  -0.117104  -0.0686684  0.231813  
-0.000101928  0.00610615  -0.00370052  -0.120245  -0.10709  0.249218  
-0.000929997  0.00600209  -0.00383569  -0.136238  -0.0831944  0.259351  
-0.00111322  0.0058628  -0.00377138  -0.131373  -0.0970987  0.256044  
-0.000436367  0.00639621  -0.00367228  -0.132392  -0.0697927  0.213885  
-0.000813315  0.00621021  -0.0037818  -0.13625  -0.0941396  0.249856  
-0.000439011  0.00581258  -0.0039406  -0.143897  -0.0941867  0.264504  
-0.00129906  0.00572381  -0.00379899  -0.13777  -0.0831969  0.259022  
-0.00177842  0.00587354  -0.00389037  -0.136143  -0.0880156  0.272451  
-0.00199063  0.00579216  -0.00387891  -0.140817  -0.0859187  0.269008  
-0.00292606  0.00551623  -0.00395946  -0.139398  -0.0783987  0.271052  
-0.0029201  0.00560284  -0.00410434  -0.14207  -0.0902605  0.296135  
-0.00304043  0.00557584  -0.00414357  -0.139172  -0.076913  0.276829  
-0.00290358  0.00576183  -0.00412961  -0.136994  -0.0865357  0.279524  
-0.00223881  0.0060456  -0.00403289  -0.13429  -0.0892098  0.252516  
-0.000591134  0.00656155  -0.00383661  -0.131062  -0.0956576  0.249905  
-0.00128148  0.00603153  -0.00374723  -0.131731  -0.0868759  0.259452  
-0.00149672  0.00579277  -0.00375977  -0.123271  -0.0868787  0.269893  
-0.000962047  0.00595674  -0.00382864  -0.136252  -0.0886916  0.27404  
-0.00150868  0.00564939  -0.00389619  -0.135045  -0.0753797  0.264771  
-0.00135148  0.00576542  -0.00404343  -0.12855  -0.0845524  0.280303  
-0.00152993  0.00582033  -0.00393881  -0.121413  -0.0591259  0.256502  
-0.000808514  0.00616507  -0.00402059  -0.121679  -0.08562  0.245625  
0.000406659  0.00706231  -0.00380621  -0.119806  -0.0752067  0.21494  
-0.00105976  0.00658077  -0.00398036  -0.135211  -0.0712006  0.24963  
-0.00151773  0.0060439  -0.00400592  -0.136052  -0.0835588  0.26275  
-0.00117797  0.0064196  -0.00402645  -0.14407  -0.0807668  0.257389  
-0.00151439  0.00628206  -0.00417891  -0.143933  -0.0820246  0.256185  
-0.0013427  0.00621519  -0.00408051  -0.135281  -0.0820836  0.266836  
-0.0019031  0.00617214  -0.00411498  -0.130862  -0.0791113  0.26795  
-0.00174275  0.00613912  -0.00406776  -0.127487  -0.081025  0.275347  
-0.000726131  0.00651907  -0.00395682  -0.120189  -0.0407028  0.220124  
0.00228065  0.00731273  -0.00394642  -0.132364  -0.0820373  0.203211  
0.00265384  0.00767656  -0.00372194  -0.132243  -0.0525151  0.198742  
0.00148832  0.00748453  -0.00368249  -0.131591  -0.10103  0.23564  
0.000325357  0.00711921  -0.00356962  -0.13293  -0.0874751  0.236061  
0.000697609  0.00717234  -0.00364815  -0.125776  -0.0896625  0.24503  
0.000180372  0.00705628  -0.00377431  -0.137353  -0.0748017  0.23868  
-0.000262865  0.00688202  -0.00369287  -0.134249  -0.0700893  0.250568  
0.00019874  0.0070983  -0.00365703  -0.13955  -0.0828356  0.240621  
-0.000447762  0.0068344  -0.00360343  -0.136504  -0.070475  0.242334  
0.0001425  0.00703613  -0.00372197  -0.144403  -0.0935799  0.258094  
-0.000291858  0.00688008  -0.00374173  -0.135398  -0.0823247  0.247158  
-0.000211495  0.00699807  -0.00370561  -0.137382  -0.095173  0.253638  
-0.000163298  0.00713783  -0.00362023  -0.139847  -0.0986697  0.249535  
-0.000592718  0.00708501  -0.00384396  -0.130923  -0.0894408  0.244554  
-0.000267727  0.00690985  -0.00399959  -0.133965  -0.104814  0.26294  
-0.00096594  0.00667989  -0.00437898  -0.13445  -0.0809773  0.252979  
-0.000853165  0.00694955  -0.00405105  -0.124257  -0.0908244  0.257806  
-0.000463976  0.00723879  -0.00390156  -0.123285  -0.0856963  0.242151  
-0.00101333  0.00715433  -0.0039508  -0.121749  -0.0844428  0.261193  
-0.000250956  0.00726798  -0.00369314  -0.118418  -0.088746  0.249833  
0.0019779  0.00792507  -0.0032459  -0.12889  -0.0792479  0.220273  
0.0010626  0.00772963  -0.00318754  -0.121596  -0.0852027  0.230384  
-0.000157059  0.00745319  -0.00339188  -0.112591  -0.0764076  0.236836  
0.000556743  0.0078137  -0.00346879  -0.124712  -0.0707059  0.235663  
0.00329007  0.00803255  -0.00337623  -0.121481  -0.0625712  0.1982  
0.00178135  0.00792111  -0.00347852  -0.124815  -0.0720659  0.207719  
-0.000108763  0.00731509  -0.0033957  -0.117683  -0.0838071  0.236362  
-0.000494163  0.00719614  -0.00346294  -0.117905  -0.081274  0.226881  
-0.00127682  0.00700811  -0.00347035  -0.118685  -0.0690432  0.220564  
-0.0014989  0.0069797  -0.00378339  -0.119568  -0.0934354  0.242181  
-0.00229359  0.0068032  -0.00383949  -0.113787  -0.0764026  0.222212  
-0.00227457  0.00666379  -0.00378281  -0.11249  -0.0808366  0.228057  
-0.0023229  0.00667676  -0.00366097  -0.109721  -0.076788  0.235198  
-0.00182904  0.00689632  -0.0036472  -0.113114  -0.0874755  0.229335  
-0.00258382  0.00699259  -0.00380097  -0.1109  -0.0720456  0.215326  
-0.00197005  0.00710541  -0.00381607  -0.116982  -0.08493  0.235386  
-0.00247448  0.00714312  -0.00379553  -0.123741  -0.0777609  0.218643  
-0.00202765  0.00708242  -0.00365029  -0.120423  -0.0774233  0.224095  
-0.00176614  0.00698265  -0.00369205  -0.12239  -0.0829111  0.239534  
-0.00190023  0.00697079  -0.00372634  -0.123558  -0.0737238  0.228662  
-0.00176362  0.00704951  -0.00381292  -0.128222  -0.0860775  0.243083  
-0.00201193  0.00702082  -0.00381027  -0.12417  -0.0801132  0.218816  
-0.00213692  0.0071037  -0.00374121  -0.122583  -0.0671985  0.221532  
-0.000613899  0.00715992  -0.00362949  -0.117956  -0.0933164  0.190293  
-0.000741814  0.00716344  -0.00379878  -0.11899  -0.0701522  0.208074  
0.00180227  0.00758666  -0.0034006  -0.131532  -0.0402183  0.152782  
0.0031979  0.00827089  -0.0031071  -0.139408  -0.0880353  0.175945  
0.00187336  0.0079966  -0.00295098  -0.129502  -0.067251  0.186325  
0.0021926  0.00793503  -0.00306143  -0.135929  -0.0715986  0.194797  
0.00157589  0.00759899  -0.00328793  -0.128441  -0.0591937  0.190386  
0.00222016  0.00777612  -0.00300924  -0.117933  -0.0674459  0.195967  
0.00267729  0.0076513  -0.00301468  -0.111415  -0.0602995  0.189736  
0.00283927  0.00731001  -0.00260353  -0.104715  -0.0513782  0.190127  
0.00302697  0.00729823  -0.00255084  -0.114712  -0.0726616  0.191041  
0.0026476  0.00719743  -0.00259249  -0.111356  -0.0506351  0.194314  
0.00314118  0.00745967  -0.00246412  -0.110465  -0.0637634  0.189726  
0.00381972  0.00720441  -0.00257434  -0.107961  -0.0639605  0.175136  
0.00352612  0.00728887  -0.00245217  -0.104725  -0.0506341  0.183028  
0.00356311  0.00738951  -0.0023951  -0.118707  -0.0717717  0.19975  
0.00269554  0.00694735  -0.00268796  -0.11397  -0.0549403  0.188549  
0.00247436  0.00674514  -0.0027176  -0.114745  -0.0676663  0.205509  
0.00255842  0.00697343  -0.00263342  -0.11071  -0.048817  0.193971  
0.00231929  0.00691102  -0.00268162  -0.106282  -0.0599898  0.201931  
0.00279903  0.00634225  -0.00279464  -0.112971  -0.0283052  0.205606  
0.00312964  0.00618019  -0.00268603  -0.0968155  -0.0231692  0.167499  
0.00433132  0.00724378  -0.00233457  -0.114145  -0.0691893  0.144869  
0.00580841  0.00755979  -0.00258288  -0.123635  -0.103774  0.167997  
0.00542901  0.00769595  -0.00258047  -0.113199  -0.038673  0.19017  
0.00506207  0.00779802  -0.00292587  -0.127483  -0.0398491  0.18945  
0.00404157  0.00796254  -0.00283379  -0.131498  -0.0629148  0.227006  
0.00300271  0.00781318  -0.00328638  -0.122503  -0.0354745  0.225626  
0.00420368  0.00778583  -0.00273994  -0.12899  -0.0405877  0.161345  
0.00388892  0.00803015  -0.00270449  -0.125443  -0.0431823  0.169588  
0.00353758  0.00775305  -0.0025942  -0.143624  -0.045197  0.184468  
0.00293962  0.00778474  -0.00253119  -0.147044  -0.0721366  0.20307  
0.00210315  0.00773482  -0.00273074  -0.148164  -0.0695748  0.209433  
0.00191259  0.00771802  -0.00253967  -0.148059  -0.0654862  0.206258  
0.00178602  0.00781968  -0.00261489  -0.145004  -0.0783617  0.209647  
0.00142819  0.00779916  -0.00286131  -0.147076  -0.0768444  0.198577  
0.00102745  0.00786175  -0.00292765  -0.14103  -0.0654665  0.20155  
0.00163519  0.00800637  -0.00285236  -0.145861  -0.0684748  0.193596  
0.000923034  0.00767942  -0.00291487  -0.141711  -0.0538964  0.196441  
0.00155322  0.00784184  -0.00294437  -0.149522  -0.0761083  0.203916  
0.000978456  0.0079271  -0.002804  -0.15428  -0.0597164  0.189656  
0.00084309  0.00794386  -0.00299811  -0.153781  -0.0608635  0.198036  
0.000828337  0.00811179  -0.00284938  -0.157126  -0.065414  0.190427  
0.00145343  0.00844528  -0.00323417  -0.139043  -0.0656315  0.172709  
0.00294058  0.00897473  -0.00288109  -0.14496  -0.0320517  0.154471  
0.0021536  0.0089993  -0.00297519  -0.147333  -0.0899859  0.168451  
0.00336299  0.00926694  -0.00291894  -0.142736  -0.0597412  0.11384  
0.00607777  0.010663  -0.00328529  -0.15642  -0.0523977  0.0600784  
0.003719  0.0107667  -0.00310015  -0.142576  -0.0779714  0.126864  
0.00409145  0.0107069  -0.00277193  -0.156752  -0.0433985  0.107923  
0.00452268  0.0107701  -0.00272479  -0.163331  -0.0606839  0.127235  
0.0040312  0.0111969  -0.00320326  -0.172284  -0.080211  0.133427  
0.00283112  0.0108672  -0.00350931  -0.171411  -0.0721619  0.141028  
0.00245238  0.0109482  -0.00351582  -0.178881  -0.0862756  0.153849  
0.00205004  0.0106447  -0.00352702  -0.186157  -0.0722059  0.140465  
0.00169056  0.0105359  -0.00363877  -0.174334  -0.0665533  0.12777  
0.00209245  0.0101756  -0.00333862  -0.169405  -0.0840366  0.143051  
0.00130632  0.00996601  -0.00336936  -0.172868  -0.0707438  0.141681  
0.00107643  0.00991904  -0.00320974  -0.152373  -0.0979229  0.154613  
0.000520403  0.00990502  -0.00341957  -0.150596  -0.0579816  0.135517  
0.000740944  0.0100205  -0.00365748  -0.151292  -0.084763  0.151121  
0.000921156  0.00967081  -0.00347004  -0.139125  -0.0838016  0.156541  
0.000501765  0.00967086  -0.00338123  -0.131054  -0.0595133  0.145537  
0.000582767  0.00940953  -0.00335695  -0.130842  -0.0733992  0.153465  
-0.000123409  0.00889746  -0.0033327  -0.117988  -0.0635051  0.152412  
-0.000243776  0.00886953  -0.00299693  -0.108679  -0.0656907  0.148555  
-0.00135116  0.00877271  -0.00292953  -0.103809  -0.0663936  0.153708  
-0.00149147  0.00858593  -0.00315316  -0.0986082  -0.076533  0.156578  
-0.00203045  0.00889813  -0.00297961  -0.0940099  -0.0511926  0.143127  
-0.00173698  0.00874803  -0.00296853  -0.093299  -0.0679647  0.149611  
-0.00182074  0.0086995  -0.00293306  -0.0934002  -0.0620666  0.153174  
-0.00212049  0.00867119  -0.00327327  -0.0913111  -0.0626385  0.141533  
-0.00208427  0.0083769  -0.00303284  -0.0878324  -0.0693029  0.156596  
-0.00280548  0.00830047  -0.00299407  -0.0788764  -0.057767  0.13455  
-0.00153736  0.00838188  -0.00302216  -0.0844418  -0.0723824  0.152277  
-0.00188126  0.00842331  -0.00278786  -0.0690421  -0.0475245  0.129759  
-0.00170242  0.0081572  -0.00294805  -0.0746949  -0.0755872  0.148715  
-0.00219649  0.00837335  -0.00283066  -0.0731802  -0.0580926  0.133991  
-0.00228737  0.00828332  -0.00282831  -0.0737926  -0.0641968  0.140333  
-0.00188437  0.00804583  -0.00276928  -0.0723518  -0.0706385  0.148385  
-0.002661  0.00791453  -0.00270293  -0.0635943  -0.056245  0.137465  
-0.00191635  0.00776993  -0.00247288  -0.0655491  -0.0643874  0.15052  
-0.00198229  0.00805085  -0.0027249  -0.0805397  -0.0567375  0.14398  
-0.0017445  0.00825652  -0.00278535  -0.0655779  -0.0484434  0.149162  
0.00069443  0.0085789  -0.0028136  -0.0650003  -0.0438984  0.118593  
0.00178004  0.00874906  -0.00231614  -0.075207  -0.0541247  0.137398  
-0.000165442  0.00871628  -0.00246062  -0.0710645  -0.038844  0.124328  
-0.000723492  0.00859726  -0.00259087  -0.0701998  -0.0466425  0.140068  
-0.00130768  0.00867049  -0.00245242  -0.0654736  -0.0433447  0.130548  
-0.00171386  0.00870297  -0.0026617  -0.0652561  -0.0438991  0.130625  
-0.00139628  0.00851116  -0.00272559  -0.0645322  -0.0573612  0.143091  
-0.00159666  0.00863461  -0.00257177  -0.0661033  -0.0479659  0.132116  
-0.00139929  0.00826445  -0.00238052  -0.0615035  -0.0605388  0.142566  
-0.00159021  0.00831095  -0.00263327  -0.0605875  -0.0611082  0.129457  
-0.00185346  0.0080805  -0.00252951  -0.0586523  -0.0558464  0.129939  
-0.00139368  0.00821682  -0.00258085  -0.0663529  -0.0648555  0.140848  
-0.00197167  0.00798011  -0.00269099  -0.0635892  -0.056907  0.126034  
-0.00171034  0.00818022  -0.00263454  -0.0614389  -0.0580477  0.135744  
-0.00162426  0.00824214  -0.00251247  -0.0589035  -0.0493389  0.130161  
-0.000991929  0.00817238  -0.00271325  -0.063671  -0.0614152  0.141491  
-0.000189992  0.00860972  -0.00265297  -0.0609068  -0.0311865  0.122759  
-0.000885864  0.00812575  -0.00251038  -0.0590553  -0.0452488  0.130791  
-0.000980204  0.00855457  -0.00262993  -0.0525954  -0.0232844  0.107504  
0.000465196  0.00917256  -0.00209244  -0.0563916  -0.026005  0.122151  
-0.000892018  0.00937771  -0.00175393  -0.0471999  -0.0568756  0.131552  
-0.00139799  0.00867481  -0.00180214  -0.0421881  -0.0528511  0.123437  
-0.00181643  0.00870483  -0.00168358  -0.0395406  -0.0429803  0.115688  
-0.0019823  0.00859188  -0.00193525  -0.034875  -0.0388741  0.123816  
-0.00172734  0.00837942  -0.00182077  -0.0413431  -0.042259  0.131909  
-0.00254136  0.00853884  -0.00188462  -0.0407251  -0.0309795  0.12167  
-0.00164006  0.00845274  -0.00184491  -0.0452526  -0.0473827  0.133802  
-0.00267748  0.00859574  -0.0017578  -0.0410739  -0.0400338  0.122872  
-0.00189067  0.00846145  -0.00193806  -0.0417804  -0.053755  0.132231  
-0.00223175  0.00850223  -0.00169483  -0.0429955  -0.032364  0.11907  
-0.00209308  0.00851539  -0.00194034  -0.0426185  -0.0403893  0.13424  
-0.00177442  0.00840088  -0.00168961  -0.0398262  -0.0477386  0.129949  
-0.00205502  0.00849571  -0.0017895  -0.034166  -0.0445523  0.135108  
-0.00139347  0.00866813  -0.00166074  -0.0404358  -0.0605539  0.137039  
-0.00115507  0.009042  -0.00181891  -0.0441188  -0.035006  0.126531  
-0.000261722  0.00917418  -0.00174002  -0.0463376  -0.0532731  0.126522  
-0.00102572  0.00916656  -0.00174388  -0.043486  -0.0355218  0.124915  
-0.00037996  0.00891291  -0.00194552  -0.0481964  -0.0394294  0.139932  
0.000289491  0.00868332  -0.00187974  -0.0200591  0.0358117  0.156794  
0.00357982  0.00882376  -0.00151997  -0.0231558  0.00614605  0.252581  
0.00574091  0.0103681  -0.00208775  -0.0217296  -0.0579925  0.219936  
0.004682  0.0102238  -0.00307483  -0.00344015  -0.0108213  0.156498  
0.00408485  0.0100971  -0.00310619  -0.020067  0.0112688  0.122592  
0.00301087  0.00954021  -0.00279709  -0.0293905  -0.0227512  0.167351  
0.00302128  0.00908333  -0.00244949  -0.0176206  -0.000587209  0.17214  
0.00217918  0.00896885  -0.00216459  -0.0279042  0.00199952  0.174789  
0.00198283  0.0088434  -0.00210633  -0.0336412  0.020593  0.170416  
0.00205393  0.00905421  -0.0020523  -0.0453402  -0.0193487  0.159173  
0.00100479  0.00834637  -0.00206502  -0.0388565  -0.0102499  0.158202  
0.00122916  0.00820949  -0.00188986  -0.0385429  -0.00450057  0.161199  
0.00106  0.00809026  -0.00204031  -0.038241  -0.00645527  0.145279  
0.00149677  0.00827878  -0.00155876  -0.0431302  -0.020238  0.166734  
0.0025084  0.00859982  -0.00176395  -0.0584877  -0.00228519  0.138068  
0.00265534  0.00875606  -0.00197616  -0.0591951  -0.0285625  0.150711  
0.00214129  0.00784512  -0.00156382  -0.0563951  -0.0193779  0.136186  
0.002179  0.00740462  -0.00158813  -0.0502736  -0.013511  0.137835  
0.00249551  0.00703882  -0.0011992  -0.0512088  -0.00325804  0.128769  
0.00210495  0.00638526  -0.00100195  -0.0450041  0.0103894  0.130625  
0.00272938  0.00598744  -0.000857521  -0.0434243  0.0155851  0.126325  
0.00309329  0.00588079  -0.000306804  -0.0298719  0.0373931  0.0944818  
0.00385  0.00617281  -0.000126858  -0.0125174  0.00427902  0.0906962  
0.005711  0.00590252  -1.24868e-05  -0.0304828  -0.0132696  0.0590451  
0.00575978  0.00564352  0.000462363  -0.0300539  0.00109223  0.063474  
0.00508291  0.00515661  0.000386986  -0.0266749  0.000593752  0.0718709  
0.00471059  0.00507752  0.000461286  -0.0272795  -0.000628516  0.0924168  
0.00388893  0.00467558  0.000490298  -0.0220439  0.0115013  0.0987098  
0.0036887  0.0046155  0.00039671  -0.0242132  0.000432753  0.101409  
0.00382485  0.00452218  0.000539994  -0.0257146  0.0197683  0.0729898  
0.00373093  0.00437548  0.000443505  -0.0195761  0.00389442  0.094734  
0.00345484  0.00428598  0.00042841  -0.0151013  0.0191444  0.0938113  
0.00391436  0.00432166  0.000719816  -0.0179615  0.013815  0.099618  
0.00329153  0.00443192  0.000592408  -0.0172191  0.0157413  0.099348  
0.0034815  0.00438467  0.000507032  -0.0155651  -0.000931153  0.0976801  
0.00244011  0.00428145  0.000512917  -0.0148063  -0.00127806  0.101875  
0.0019139  0.00402618  0.000405207  -0.0112272  -0.0136708  0.124843  
0.00114196  0.00344177  0.000393033  -0.00480804  -0.00440612  0.11841  
4.5632e-05  0.00304675  0.00131977  0.0105654  -0.000306468  0.114463  
0.000862803  0.00387805  0.00104212  0.00358147  -0.0369027  0.111136  
0.000663483  0.00446614  0.00197411  0.00580964  -0.0434516  0.107613  
-0.0015008  0.00397042  0.00190811  0.00477235  -0.0300755  0.134707  
-0.00171153  0.00428308  0.00198248  0.00103066  -0.0315165  0.105539  
-0.000825902  0.0041983  0.00176379  -0.000873388  -0.0426324  0.119541  
0.00157058  0.00449932  0.00144102  -0.00986889  0.013603  0.117685  
0.00394644  0.0047136  0.000784237  -0.00464047  -0.0474242  0.136015  
0.00318496  0.00505105  0.000767328  0.00186623  -0.00767673  0.124658  
0.00148393  0.00435914  0.00086795  0.0120658  -0.0344534  0.1138  
0.00213922  0.0040663  0.00093454  0.00748281  0.00333113  0.0990346  
0.00218585  0.00241101  0.00112863  0.0349926  0.0724261  0.281843  
0.00480468  0.00373551  -0.000279486  0.0158355  -0.0116726  0.297643  
0.00557264  0.00459792  -0.000739245  0.0120456  -0.0444103  0.275916  
0.00537242  0.00434527  -0.00100077  0.0386656  -0.00704729  0.183302  
0.00535622  0.00405551  -0.00137826  0.0325175  0.00487248  0.15453  
0.00406439  0.00390831  -0.000380137  0.0247507  0.0170927  0.175677  
0.00368639  0.00384901  -0.000150133  0.0189824  0.0111233  0.182168  
0.00342705  0.00359359  -8.84767e-05  0.00661949  0.00989804  0.184929  
0.00230936  0.00289685  0.00018212  0.00300373  0.00956886  0.178333  
0.00180323  0.00247385  0.000211913  0.00275601  -0.00406459  0.168182  
0.00117788  0.00215937  0.000623537  0.00995529  0.00281715  0.181979  
0.00339871  0.00216401  0.000649555  0.0216607  -0.000585243  0.114624  
0.00434088  0.00267964  0.000649555  -0.00638575  -0.0250013  0.111813  
0.00235061  0.0021283  0.000899555  -0.0214696  -0.0195311  0.126204  
0.000616168  0.00122043  0.00133694  -0.0151016  -0.0278712  0.144685  
0.000604133  0.000779634  0.0013258  0.00572269  -0.0281389  0.147907  
0.000698177  0.0010401  0.00145085  0.00293692  -0.010306  0.144435  
0.000585447  0.000446194  0.00144842  0.0240101  -0.0224188  0.139892  
-0.000426172  2.83766e-05  0.00125911  0.032382  0.028348  0.136274  
-0.000958349  1.96117e-05  0.0013426  0.0321374  -0.0124592  0.136547  
-0.00128428  -3.50889e-05  0.00148093  0.035367  0.0130286  0.130348  
0.000998644  0.0010469  0.00134749  0.0361597  0.0102239  0.137635  
0.00311256  0.00151005  0.000899555  0.0335586  -0.042205  0.112781  
0.00113292  0.000994488  0.00121166  0.0426459  -0.0181392  0.144591  
-0.000430891  0.00036105  0.00142789  0.041495  -0.0363114  0.148557  
-0.000726233  0.000186389  0.000791391  0.0648099  -0.0361627  0.143853  
-0.00100126  1.5663e-05  0.00145059  0.0507524  -0.0054055  0.13129  
0.00114338  0.000289157  0.00136156  0.050645  -0.0263669  0.11141  
0.0022678  0.000762193  0.00144899  0.0443718  0.0206711  0.0764331  
0.00287284  0.0020843  0.00166463  0.0530406  0.0247117  0.0501902  
0.00608718  0.00177276  0.00178445  0.0255582  -0.00708939  0.00467088  
0.0045638  0.00183052  0.00147034  0.0292405  0.00448674  0.0379483  
0.0018392  0.00139473  0.00177152  0.0184068  -0.0146666  0.0841616  
0.000582702  0.000417639  0.00184491  0.0305536  -0.0220469  0.114612  
-0.000281602  -0.000430677  0.00184879  0.0354501  -0.00712276  0.12383  
0.00085276  -0.000131253  0.00187885  0.0199329  0.0208116  0.12802  
0.0048138  5.98087e-05  0.00222676  0.0323914  0.0611953  0.263862  
0.00634431  0.000308905  0.00175615  0.00252106  -0.0414848  0.222872  
0.00616568  0.00155659  0.00111667  -0.0390938  -0.0634226  0.19878  
0.00484147  0.00166033  -0.000653533  -0.0739464  -0.0407781  0.131973  
0.00172773  0.00171571  -0.000855107  -0.0448089  -0.0217495  0.191424  
0.00158439  0.000645668  -0.0014264  -0.0310758  -0.013772  0.22247  
0.00152133  0.00140699  0.000815252  -0.017318  0.0256892  0.195107  
0.00080689  0.00126345  -0.00115225  -0.0195764  -0.0019398  0.179998  
0.000157979  0.000585439  -0.00131146  -0.0319633  0.0125706  0.186779  
-3.46679e-05  0.00102544  -0.00132397  -0.0296053  -0.0163771  0.187534  
-0.000461873  0.00041802  -0.00136684  -0.0334211  -0.0328844  0.176606  
-0.00122927  -0.000781529  -0.00135474  -0.00790647  -0.0301599  0.174923  
-0.00163833  -0.000143011  -0.00141537  -0.0153988  -0.0388082  0.176871  
-0.00345774  -0.00141731  -0.00103852  -0.00584307  -0.0348934  0.136422  
-0.00281098  -0.00120028  -0.00129753  -0.0218065  -0.0330448  0.141117  
-0.00407579  -0.00203527  -0.000562079  -0.0146573  -0.0183699  0.114929  
-0.00370427  -0.00164707  -0.000824187  -0.0171892  -0.0294146  0.121377  
-0.00421529  -0.00199112  -0.000751917  -0.0139258  -0.0171847  0.104643  
-0.00444087  -0.00187586  -0.00105555  -0.0112368  -0.0175735  0.0938243  
-0.00430585  -0.00189641  -0.0007851  -0.0143936  -0.0204806  0.0872489  
-0.00490626  -0.00202236  -0.000469956  -0.00628483  -0.0117692  0.0833554  
-0.00419382  -0.00161506  -0.000858517  -0.00409997  -0.0360446  0.0947285  
-0.00512759  -0.00200561  -0.000419329  0.0086978  -0.0163491  0.0643617  
-0.00343371  -0.00044018  -5.6483e-05  0.0384174  -0.0477491  0.0437421  
-0.00260714  -0.000834838  0.000636364  0.0350286  -0.0221083  0.0652116  
-0.00313382  -0.00132668  0.000391417  0.0329409  -0.0297573  0.0856531  
-0.00424372  -0.00177411  7.64273e-05  0.0268528  -0.0139711  0.0706092  
-0.00416086  -0.00181631  -4.21045e-07  0.0253528  -0.0151359  0.0829507  
-0.00366383  -0.00163991  -0.000326982  0.0242882  -0.0212656  0.0852326  
-0.00433653  -0.00180493  -0.000453108  0.0223165  -0.018802  0.0702198  
-0.00413194  -0.00177695  -0.000294162  0.0256228  -0.0207269  0.0823414  
-0.00439832  -0.00192408  -0.000287798  0.0183467  -0.0240074  0.0694164  
-0.00430924  -0.00200507  -0.000282223  0.0208912  -0.00743379  0.0652439  
-0.00367706  -0.00157267  -0.000433493  0.0199542  -0.0523801  0.0857587  
-0.000805193  -0.000585895  0.000731447  0.032862  -0.0521734  0.0696569  
-0.00323915  -0.000465082  0.000205891  0.0458348  -0.0353082  0.0490345  
-0.00381339  -0.000652401  0.000140516  0.0495934  -0.0283703  0.0773134  
-0.00360533  -0.000888855  0.00031791  0.044224  -0.0322469  0.0868967  
-0.00410151  -0.00201355  0.000315901  0.0180216  -0.0272647  0.070078  
-0.00356214  -0.000934569  1.28222e-05  0.0401674  -0.045618  0.0903468  
-0.00411  -0.00179212  0.000333883  0.0221208  -0.0245389  0.0689743  
-0.00398766  -0.00150195  0.000262822  0.0268442  -0.0342464  0.0769009  
-0.00368157  -0.00116282  0.000262822  0.0320374  -0.0261997  0.0596145  
-0.00359293  -0.00136104  -0.00011522  0.031135  -0.04343  0.0812059  
-0.00367996  -0.00186679  0.000334201  0.0234629  -0.0493142  0.0768812  
-0.00380135  -0.00163726  0.000154447  0.0319537  -0.0345715  0.0568947  
-0.0029536  -0.000612315  0.000695327  0.055202  -0.0157686  0.0382443  
-0.00386452  -0.00117381  0.00053802  0.0445308  -0.0333492  0.0766777  
-0.00485832  -0.00187684  0.000589756  0.0269864  -0.0229252  0.0415275  
-0.00480609  -0.0018468  0.000465995  0.0389164  -0.0261889  0.0677886  
-0.00498095  -0.00224802  0.000237539  0.0297359  -0.0387739  0.0603473  
-0.00598957  -0.00226749  -0.00013598  0.0208516  -0.0349767  0.0578735  
-0.00598012  -0.00228193  -0.000361204  0.0231715  -0.0428873  0.0573172  
-0.00628289  -0.00233822  -7.47938e-05  0.0179504  -0.00100265  0.0393844  
-0.00527651  -0.00229664  -0.000351829  0.0134687  -0.0444402  0.0476443  
-0.0041774  -0.00154624  -0.000417418  0.0182948  -0.0373066  0.0317413  
-0.00526533  -0.00181331  -0.000701651  0.0224343  -0.0425766  0.0642058  
-0.00568701  -0.00178397  -0.000268286  0.0228951  -0.0138158  0.060594  
-0.00490065  -0.00228564  -1.24612e-05  0.019014  -0.0237711  0.0649652  
-0.00554112  -0.00224757  0.000237539  0.0292918  -0.0185478  0.0727765  
-0.0047754  -0.00239282  -1.24612e-05  0.0161523  -0.044249  0.0669888  
-0.00455917  -0.00267205  7.9421e-05  0.0236045  -0.029727  0.10468  
-0.00437248  -0.00261737  0.000292471  0.0209589  -0.0491696  0.072313  
-0.00476777  -0.0029002  0.000286856  0.00238795  -0.038885  0.0558875  
-0.00429454  -0.00290089  0.000383243  0.00521842  -0.0444984  0.0676929  
-0.00393631  -0.00294836  0.000546812  0.00474312  -0.0411832  0.0659203  
-0.00416414  -0.00299552  0.000542622  -0.000262737  -0.0350467  0.0642147  
-0.00368673  -0.00286427  0.000488175  -0.0008835  -0.0460008  0.0757308  
-0.00435066  -0.00310282  0.000561506  -0.000868809  -0.0321254  0.0608037  
-0.00379053  -0.00314591  0.000488175  -0.00199816  -0.041589  0.0804437  
-0.00431982  -0.00339562  0.000488175  -0.000804536  -0.0327322  0.0560228  
-0.00410707  -0.00326507  0.000619508  -0.000903084  -0.0342602  0.0697277  
-0.00404773  -0.00339581  0.000488175  -0.00385663  -0.0369041  0.0628358  
-0.0044697  -0.0034389  0.000622675  -0.00945121  -0.0304779  0.0592122  
-0.00409472  -0.00341856  0.000658046  -0.00471059  -0.0444715  0.0689491  
-0.00471246  -0.00357873  0.000488175  0.00225005  -0.0388345  0.0430075  
-0.00409383  -0.00327544  0.000658333  0.00406866  -0.0398412  0.058418  
-0.00411227  -0.00329087  0.000488175  0.0031514  -0.0405625  0.0387747  
-0.00367301  -0.00314064  0.000581566  0.00107827  -0.0519663  0.0548511  
-0.0036582  -0.00302801  0.000419896  0.0132775  -0.0428154  0.0323574  
0.00293138  -0.00166965  0.00185789  0.0169291  -0.0146152  -0.0106902  
0.00189647  -0.00231725  0.00172546  0.00747697  0.00108651  0.0114351  
-0.00120707  -0.00302173  0.00158301  0.000232243  -0.0437315  0.00782945  
-0.00126835  -0.00288634  0.00148795  -0.00127471  -0.0536971  0.0317797  
-0.00215598  -0.00287633  0.00150399  0.000484543  -0.0421756  0.00984592  
-0.00107439  -0.00319997  0.00144975  0.00910411  -0.0674176  0.00679357  
-0.00194294  -0.00266882  0.00119981  0.0136988  -0.0682707  -0.00266441  
-0.00233116  -0.00317659  0.000927809  -0.00406429  -0.00958903  -0.00863197  
-0.00223817  -0.00322176  0.00128404  -0.0001661  -0.0421861  0.0144216  
-0.00173503  -0.00307415  0.00106042  0.00243547  -0.0497285  -0.0183509  
-0.00142184  -0.00335068  0.00110949  -0.00883879  -0.063745  0.0110761  
-0.00236422  -0.00344959  0.00100705  -0.0030415  -0.0536086  -0.00186524  
-0.0025105  -0.0031975  0.00102159  0.00565379  -0.0511196  0.0158644  
-0.00255637  -0.00328754  0.000986047  -0.00179686  -0.0534013  0.00803936  
-0.00341109  -0.00343452  0.000944865  0.00577921  -0.0249017  0.0212453  
-0.00337295  -0.00371501  0.000839009  0.013003  -0.0356544  0.0277102  
-0.00382222  -0.00362172  0.000839009  0.00787793  -0.0215067  0.0153641  
-0.00392808  -0.00371502  0.000589009  0.014016  -0.0311124  0.0314128  
-0.00399647  -0.00384666  0.000933394  0.0204126  -0.0334495  0.0281666  
-0.00420741  -0.00382166  0.000839009  0.0246802  -0.037754  0.0315374  
-0.00404472  -0.00374274  0.000839009  0.0187857  -0.0415613  0.0211053  
-0.00443267  -0.00370018  0.000839009  0.0134318  -0.0425016  0.0182149  
-0.00418452  -0.00390094  0.000839009  0.0105814  -0.0470673  0.0328256  
-0.0045651  -0.00377175  0.000782148  0.0155329  -0.0355918  0.0155371  
-0.00394988  -0.00377991  0.000762681  0.0270782  -0.0486018  0.0177218  
-0.00311741  -0.0038141  0.000839009  0.0262439  -0.0322696  -0.0134487  
-0.00362918  -0.00371983  0.000839009  0.0236513  -0.03728  -0.00877495  
-0.00420841  -0.00374601  0.000839009  0.0215409  -0.0378758  -0.00254849  
-0.00371413  -0.00391219  0.000761872  0.0293576  -0.0348222  0.00335646  
-0.000759004  -0.00389331  0.000724305  0.0290416  -0.0455807  -0.0636938  
-0.00257395  -0.00382858  0.000650443  0.0192757  -0.00666512  -0.0582628  
-0.0021714  -0.00382299  0.000447845  0.0166569  -0.0461714  -0.0391028  
-0.00335582  -0.00369649  0.000443115  0.0126191  -0.051874  -0.0389036  
-0.00472102  -0.00365237  7.25241e-05  0.0108904  -0.0402115  -0.0196253  
-0.00538908  -0.00381237  2.75584e-06  0.0155526  -0.0474333  -0.0104705  
-0.00579355  -0.00381078  0.000128256  0.0134965  -0.0265286  -0.00989052  
-0.00583648  -0.00379535  2.75584e-06  0.0206423  -0.0455462  0.0050488  
-0.00550038  -0.00379288  0.000261497  0.0341012  -0.0347071  -0.0161525  
-0.00585833  -0.00387455  0.000114901  0.0299456  -0.0409597  -0.0096524  
-0.0052803  -0.00392922  0.000129677  0.032808  -0.0515742  -0.00281745  
-0.00544769  -0.00368529  0.000130006  0.0235091  -0.0330154  -0.0100976  
-0.00337523  -0.00371781  0.000141349  0.0288601  -0.0513059  -0.0260751  
-0.00334666  -0.00333521  0.000618265  0.0159942  -0.0421133  -0.016525  
-0.00342594  -0.00324892  0.000661545  0.027858  -0.0641017  -0.0144145  
-0.00383761  -0.00340699  0.000741956  0.0262741  -0.0401121  -0.000224927  
-0.0033207  -0.00320873  0.00119988  0.0293484  -0.0472584  -0.0176684  
-0.00376845  -0.00296912  0.000731195  0.0190919  -0.0689509  0.00207398  
-0.00424181  -0.00306668  0.000902566  0.01936  -0.0516064  -0.00814157  
-0.00421549  -0.0028916  0.000826763  0.0273842  -0.0528853  0.0170116  
-0.00398149  -0.0030152  0.000714412  0.0273455  -0.0541466  0.00621478  
-0.004423  -0.00305465  0.000731748  0.0298839  -0.0321395  -0.0149884  
-0.00400743  -0.00318438  0.000666472  0.0271015  -0.0427746  0.00142215  
-0.00443279  -0.00323339  0.000551457  0.025016  -0.0332755  -0.0108659  
-0.00400841  -0.00326914  0.000607152  0.0238305  -0.0448133  0.00694933  
-0.00426797  -0.00334345  0.000625663  0.0220793  -0.037998  -0.00826335  
-0.00416417  -0.00332367  0.00070842  0.0177999  -0.0440884  0.00177054  
-0.00421439  -0.0034149  0.00060371  0.0116425  -0.0596081  -0.000953217  
-0.00436445  -0.00350394  0.000801457  0.0222167  -0.0449149  -0.00192669  
-0.00261543  -0.00357022  0.000551457  0.0160104  -0.0619087  -0.0249402  
-0.00382623  -0.00340048  0.000801457  0.00919915  -0.0304916  -0.0241521  
-0.00399961  -0.0036275  0.000551457  0.00524552  -0.0473846  -0.0100503  
-0.00407434  -0.00366951  0.000618504  0.0139756  -0.0387649  -0.0174965  
-0.00457792  -0.00367061  0.000420288  0.0102599  -0.0331471  -0.00966807  
-0.00444804  -0.00363103  0.000468957  0.0121545  -0.0392978  -0.00647832  
-0.0032156  -0.00329547  0.000919795  0.0279053  -0.0145678  -0.0311564  
0.00335758  -0.00218948  0.000735497  0.0362636  -0.0603263  0.0154961  
-0.000681071  -0.00338766  0.00102118  0.0446026  -0.0450133  -0.0105504  
-0.00186037  -0.00310213  0.00095756  0.0391712  -0.0825098  -0.0186267  
-0.002391  -0.00318253  0.000900236  0.0401416  -0.0526627  -0.0135119  
-0.00136316  -0.00358721  0.000876112  0.0340542  -0.072437  -0.035921  
0.0014289  -0.00323869  0.00119432  0.0367127  -0.00527127  -0.0264844  
0.00186154  -0.0031846  0.00120542  0.0310268  0.0219595  -0.0237066  
0.00185407  -0.0029631  0.00168598  0.0630636  0.0622355  0.162839  
0.00412644  -0.0031507  0.00128867  0.0446069  -0.0177458  0.111474  
0.00400132  -0.0034968  0.000551458  0.0440071  -0.0297367  0.0403375  
0.00282746  -0.00353731  0.000666253  0.0502094  -0.0281036  -0.0134109  
0.0033721  -0.00341765  0.000710876  0.0325728  -0.0276433  -0.028085  
0.00275683  -0.00369522  0.000801459  0.0250158  0.0195226  -0.0358445  
0.00227955  -0.00364585  0.000668619  0.0310901  -0.00900679  -0.0229262  
0.00072182  -0.00435928  0.000983053  0.0238965  0.0199619  -0.0230112  
7.32748e-05  -0.00414684  0.000618908  0.0280197  0.0366325  -0.0216574  
-0.000107447  -0.00422399  0.000479854  0.0149377  -0.0448281  -0.0171791  
4.36518e-05  -0.004142  -0.000208642  -0.00698081  0.0411015  -0.0253426  
0.00133263  -0.00387411  0.000437574  -0.0139283  -0.0167415  -0.00690359  
0.000899774  -0.00380151  0.000716827  -0.0239968  -0.0504844  0.000255781  
-0.00130521  -0.00374477  0.000126402  -0.0238604  -0.076143  -0.0358934  
-0.00183757  -0.00374771  0.000126402  -0.0242016  -0.0499794  -0.0426892  
-0.00168041  -0.00362856  1.65406e-05  -0.0122556  -0.0503453  -0.0352842  
-0.00236323  -0.0033108  -0.000220661  -0.0160207  -0.0297027  -0.0395149  
-0.00161432  -0.00343617  -0.000277764  -0.0288505  -0.0539096  -0.0304605  
-0.00267204  -0.00311252  -0.000159251  -0.0300466  -0.0262744  -0.0400365  
-0.00235132  -0.0035205  3.10296e-06  -0.0321634  -0.033911  -0.0271242  
-0.00334541  -0.00361458  -0.000147219  -0.0294703  -0.0206298  -0.034497  
-0.00128159  -0.00349501  -5.81874e-05  -0.0216905  -0.0633486  -0.0556197  
0.000208128  -0.00308741  0.000126402  -0.0107455  0.0381287  -0.0841036  
0.00137322  -0.00253772  -0.000561629  -0.0217187  -0.0166242  -0.0843416  
0.00123467  -0.00299415  0.000126402  -0.0216072  0.00101437  -0.0183559  
-0.000614614  -0.00307867  -8.74701e-05  -0.0216772  -0.0651241  -0.051352  
-0.00118061  -0.00349486  -0.000148219  -0.0216327  -0.0679918  -0.0549465  
-0.00201777  -0.00304572  -6.19068e-05  -0.00957568  -0.0360413  -0.0415679  
-0.0010244  -0.00325573  -0.000274105  -0.0170499  -0.0476997  -0.0419791  
-0.000560396  -0.00308169  -0.00061146  -0.0152356  -0.0383397  -0.049527  
0.00127268  -0.00282702  0.000644704  0.00358138  0.0184144  -0.0650381  
6.6976e-05  -0.00279519  0.000690356  0.00712502  0.0185395  -0.0575909  
-0.00145874  -0.00272084  0.000793425  0.012238  -0.0128419  -0.0520706  
0.000902433  -0.0027228  0.000665994  0.00727779  -0.0317155  -0.0503811  
-0.000959704  -0.00306917  0.000656973  0.00434796  -0.0491984  -0.0616227  
-0.00107702  -0.00278354  0.000723936  0.0183158  -0.0311049  -0.0783721  
0.00010434  -0.00158161  -0.00032159  -0.00443309  -0.0622491  -0.113704  
0.00150793  -0.00213593  0.000824256  0.0140303  -0.0193846  -0.0834067  
0.000293343  -0.00218181  0.000816152  0.0184181  -0.0572589  -0.067416  
-0.00102404  -0.00282502  0.000902577  0.0121444  -0.0334029  -0.065261  
-0.000406684  -0.00280959  0.00104949  0.0234593  -0.0376832  -0.0658076  
-0.0017482  -0.00278304  0.00054672  0.018433  -0.00518443  -0.0631061  
-0.00129607  -0.00307053  0.000617745  0.0214369  -0.0157381  -0.0142611  
-7.40768e-05  -0.00237364  0.000865019  0.0279589  0.00849015  0.105926  
-0.00116383  -0.00325201  0.000328415  0.0203967  -0.0376607  0.0383359  
-0.00091909  -0.00271752  0.000730145  0.0187842  -0.0412191  0.0770981  
-0.000127903  -0.00334417  0.000636218  0.018362  -0.0452662  -0.00114879  
0.0012238  -0.00329763  -2.63797e-06  0.00841706  -0.0330798  -0.0246362  
0.00179813  -0.0027842  -0.000143825  -0.00767511  0.0140905  -0.0023581  
8.59288e-05  -0.00309397  0.000136218  0.0122241  -0.0750194  0.0203602  
-0.000910397  -0.00298882  0.000136218  0.00547346  -0.0138965  -0.0265781  
0.00245714  -0.00264827  -0.000283531  0.00896201  -0.0154414  -0.0332404  
0.00224856  -0.00217646  -0.000571134  -0.00143765  -0.0242373  -0.0194731  
0.00203615  -0.00243707  0.00044638  0.00489556  -0.000708732  -0.0170533  
0.00162848  -0.00244242  0.000136218  0.0040474  -0.0105631  -0.0394366  
0.00118176  -0.00260981  0.000306728  -0.00165342  0.015236  -0.0308112  
0.00210847  -0.00229533  0.000136218  -0.00162286  0.0147474  -0.0372755  
0.0011712  -0.00281103  0.000136218  0.00222715  0.00576849  -0.052608  
0.000237912  -0.00313578  0.000704524  0.00605828  0.00659709  -0.0378135  
0.00126134  -0.00301821  1.07603e-05  0.0106814  -0.00427959  -0.0694131  
0.00334901  -0.00193101  0.000572653  0.0204006  0.00606106  -0.0735576  
0.00709419  -0.00165668  0.00118651  0.0198844  0.0223786  -0.151959  
0.00506327  -0.00177513  0.00104375  0.0246797  0.0257566  -0.0915085  
0.00663547  -0.00189317  0.00129092  0.0522079  0.0979744  0.0139065  
0.00889006  -0.00111161  0.000707533  0.0732465  0.0263608  0.0109387  
0.00750766  -0.00082829  0.000128103  0.0768127  -0.0124646  -0.0905513  
0.00611452  -0.000481146  0.000414365  0.0579914  0.0118428  -0.129399  
0.00619384  -0.000545631  0.000903884  0.0580487  0.0205896  -0.0973432  
0.00563922  -0.00110244  0.00130682  0.0526929  0.0345538  -0.0402354  
0.00537422  -0.000613595  0.00102948  0.0484007  0.0482831  -0.00869277  
0.00566881  -0.00157715  0.00104863  0.0179774  0.0234711  -0.0521292  
0.00477392  -0.00141089  0.00101546  0.0345009  0.0369233  -0.0331009  
0.0044349  -0.00127025  0.000552721  0.0446403  0.033575  -0.0543173  
0.00436768  -0.00118178  0.000700329  0.0653142  0.019607  -0.0243976  
0.00415992  -0.00237924  0.000542978  0.0365716  0.0192272  -0.00528118  
0.00377347  -0.00233207  0.000130179  0.0342035  0.00583556  -0.0298513  
0.00398743  -0.00235481  0.000906101  0.034847  0.0118989  -0.014587  
0.00410214  -0.00242792  0.00054465  0.0326636  -0.0164479  -0.0467841  
0.00406958  -0.00254114  0.000843508  0.0286906  0.00326967  -0.0260661  
0.00440213  -0.00228028  0.000593508  0.017521  0.00321738  -0.0281186  
0.00432617  -0.00250476  0.000593508  0.0176046  0.0146971  -0.0402986  
0.00452201  -0.00214657  0.000593508  0.0136499  0.0274155  -0.0412059  
0.00447311  -0.00201965  0.000511531  0.00708727  0.00860446  -0.0369443  
0.00369364  -0.0025565  0.000604343  0.0103484  0.0675022  -0.0402236  
0.00386074  -0.00191993  0.00100789  0.0303184  0.0286951  -0.063003  
0.00347214  -0.00318914  0.00082506  0.0298297  -0.0126415  -0.0392219  
0.0027326  -0.00323353  0.000502086  0.00678266  0.020392  -0.0450021  
0.00315872  -0.00303004  0.000197563  0.00802756  0.0116282  -0.0527982  
0.00346428  -0.00268618  0.000232482  -0.0136047  0.00994708  -0.0373222  
0.0024605  -0.00290701  0.000453841  -0.0244449  0.00860047  -0.0432367  
0.00329261  -0.000860496  -7.72639e-05  -0.0700558  0.00859712  -0.0251988  
0.00291979  -0.00239694  0.000696967  -0.0092431  -0.0115164  -0.0649982  
0.00524708  -0.000733846  -0.00129022  -0.0250369  0.00151025  -0.0129978  
0.00484761  0.000452759  -0.00112976  -0.0395194  -0.0113896  0.00503899  
0.00385366  0.00134551  0.00100467  -0.0113628  0.0387335  -0.0626563  
0.00477011  0.00137234  -0.000276395  -0.0266024  0.0103412  -0.0448954  
0.0037767  -0.00207282  -0.000337801  0.0368927  0.0213166  -0.00612149  
-0.00140956  -0.00459509  0.000804094  0.0538023  -0.00460965  -0.0499036  
0.00265981  -0.00359185  0.00173509  0.0447396  0.0179478  -0.12784  
0.0023794  -0.00348434  0.00110837  0.0526403  -0.0129981  -0.056336  
0.00242952  -0.00392387  0.00120319  0.0373669  0.0236006  -0.0895748  
0.00531226  -0.00316329  0.000758351  0.0387214  -0.0107751  -0.0875739  
0.00496533  -0.00325377  0.000986286  0.0487265  0.0125823  -0.0304178  
0.00241357  -0.00386008  0.000664033  0.046186  -0.0268627  -0.0254439  
0.000446661  -0.00476921  0.00109193  0.0383925  0.00524392  -0.0188681  
-0.000842037  -0.00480149  0.000870917  0.0327296  -0.0282369  -0.0232376  
-0.000910518  -0.00513292  0.000975842  0.0295682  0.00791871  -0.0205869  
-0.000384467  -0.004815  0.00130536  0.0385762  -0.0202675  -0.0201557  
-0.000649461  -0.00521865  0.00121818  0.039159  0.0374345  -0.0336015  
0.00190152  -0.00407175  0.000685402  0.0322111  0.0125101  -0.0447512  
0.00409108  -0.00380281  0.000845415  0.0217331  0.0039503  -0.0409759  
0.00253644  -0.00425003  0.00090865  0.0311287  -0.00883002  -0.0383325  
0.00156909  -0.00487499  0.00127096  0.0362666  0.000282114  -0.0377038  
0.00136233  -0.00502152  0.00105341  0.0361844  -0.00886789  -0.0397562  
-0.000257277  -0.00517424  0.00133099  0.0408207  -0.00664431  -0.0399623  
-0.000176928  -0.00514865  0.00110434  0.0418666  -0.0211985  -0.0296051  
-0.000543228  -0.00512489  0.00082733  0.0511244  -0.0251071  -0.0385636  
-0.000532641  -0.00505766  0.000949136  0.0599979  -0.0333923  -0.0334044  
-0.000876172  -0.00548322  0.000907603  0.0624527  -0.0309074  -0.0519427  
-0.00174263  -0.0052858  0.000928647  0.0627482  -0.0202448  -0.0460106  
-0.00198734  -0.00531141  0.000758351  0.0706789  -0.015551  -0.0456738  
-0.00226754  -0.00533221  0.000758351  0.0782187  -0.0105878  -0.0576797  
-0.00240977  -0.00567847  0.000864815  0.0973699  -0.0122615  -0.064165  
-0.00272797  -0.00590651  0.00117339  0.093973  -0.0237799  -0.0477332  
-0.00308229  -0.00563831  0.00100527  0.102825  -0.00172383  -0.0364299  
-0.00202139  -0.00559265  0.00152621  0.0971203  0.00386539  -0.054422  
0.000999339  -0.00529232  0.00240862  0.0934006  -0.0112858  -0.0646045  
0.00115363  -0.00514787  0.00239972  0.106939  0.00804209  -0.0693427  
0.000259911  -0.00512523  0.00248057  0.113937  -0.00553885  -0.0618241  
0.00183468  -0.00469585  0.00239411  0.109521  0.00992037  -0.091391  
0.00159003  -0.00460216  0.00222118  0.127005  -0.00481953  -0.0816007  
0.000995362  -0.004846  0.00221513  0.130403  0.000515564  -0.0602404  
-0.000258616  -0.00521688  0.00229511  0.133878  0.0210571  -0.0784153  
0.000680906  -0.00512265  0.00225654  0.12785  0.00583219  -0.0687704  
0.00196761  -0.00545459  0.00233871  0.129963  0.0705532  0.00960858  
0.00489705  -0.00399007  0.00260757  0.131263  0.0671968  0.131213  
0.0071186  -0.00254961  0.00154701  0.147246  -0.017259  0.0703159  
0.00767172  -0.00394495  0.00207382  0.11408  -0.035762  -0.0115763  
0.00538774  -0.00400673  0.00207396  0.13023  0.0248564  -0.0703154  
0.0042824  -0.00395951  0.00222299  0.123389  0.0229629  -0.0404213  
0.00432847  -0.00442277  0.00218804  0.11537  0.0312938  -0.0309388  
0.00402612  -0.00426932  0.00226724  0.11495  0.0467929  -0.0358407  
0.00416533  -0.00439698  0.00242601  0.108232  0.0332383  -0.0550378  
0.0038234  -0.00475768  0.00244813  0.106154  0.0363922  -0.065667  
0.0035635  -0.00491467  0.00234354  0.10175  0.0153332  -0.0591835  
0.00324276  -0.00546401  0.00252759  0.0981541  0.0204574  -0.0695228  
0.00320789  -0.00527434  0.00242919  0.0981392  0.00565971  -0.0652612  
0.00287978  -0.00559893  0.00277019  0.0866822  0.0120336  -0.0463917  
0.00332986  -0.00560935  0.00264758  0.0812012  -0.00206098  -0.0432777  
0.00247056  -0.00559429  0.00268093  0.0856309  0.01138  -0.0617023  
0.00260877  -0.00583465  0.00261256  0.0956871  0.00220481  -0.0425397  
0.00304937  -0.00601744  0.00251138  0.0820141  0.00113298  -0.0642154  
0.00156216  -0.00655168  0.00277588  0.0882391  0.0467117  -0.0670131  
0.00114072  -0.00616453  0.00285233  0.101012  0.0268365  -0.108013  
0.0034863  -0.00574463  0.00301638  0.0900279  0.0546509  -0.0736122  
0.00279393  -0.00605896  0.00242416  0.0814319  -0.0019582  -0.0490096  
0.00225764  -0.00611573  0.00234282  0.0683717  0.00884225  -0.0537182  
0.00241707  -0.00636755  0.00225893  0.0670185  0.00384833  -0.0444033  
0.00746123  -0.00530614  0.00239965  0.0650235  0.0453082  0.0609101  
0.00769117  -0.00479678  0.00234122  0.0770781  0.00756065  0.185907  
0.00597421  -0.00468714  0.0024428  0.0835329  0.0394609  0.156131  
0.00341779  -0.0054081  0.00276085  0.0898956  0.0639222  0.110951  
0.00266292  -0.00585571  0.00262544  0.0877639  0.0299728  0.008575  
0.00205876  -0.00607289  0.00278971  0.0845193  0.0232315  0.00204734  
0.00224176  -0.00594652  0.00275222  0.0757654  0.0410556  0.0146642  
0.00193936  -0.00637753  0.00281235  0.0721013  0.0382342  -0.00558425  
0.00223031  -0.0063785  0.00267395  0.0725448  0.0357538  -0.0100557  
0.00188344  -0.00633769  0.00270021  0.0793468  0.0442861  6.69499e-05  
0.00242633  -0.00648374  0.0027188  0.08294  0.0267624  -0.00128171  
0.00201646  -0.00651127  0.0029053  0.067937  0.0242925  0.00409136  
0.00178417  -0.00668538  0.00272274  0.0772314  0.0124584  0.00322905  
0.00146681  -0.00680218  0.00281396  0.075289  0.0118895  0.00314328  
0.00180685  -0.00720983  0.00272361  0.0668148  0.0347363  0.0145018  
0.00275144  -0.00685786  0.00282535  0.0889845  -0.000456114  -0.0196276  
0.00451295  -0.00612624  0.00240208  0.075159  -0.0100985  -0.0424247  
0.00344558  -0.00653751  0.00273933  0.0779404  0.0537131  -0.0442822  
0.00358772  -0.00663652  0.00268828  0.0717386  0.0131025  -0.0337969  
0.00292523  -0.00707973  0.00273325  0.0662949  0.0311971  -0.027626  
0.00287895  -0.00699034  0.00259861  0.0603966  0.0228598  -0.0312812  
0.00341489  -0.00694824  0.00280215  0.0686599  0.0539485  -0.0182691  
0.0068904  -0.0051918  0.00255451  0.0450238  0.0309651  0.0146561  
0.00853606  -0.00555184  0.00264359  0.044976  0.0395508  -0.0505349  
0.00650947  -0.00515047  0.0025868  0.0487951  0.0243556  -0.0282445  
0.0055977  -0.00542377  0.00249547  0.0583338  0.0134706  -0.041202  
0.00518207  -0.00538605  0.00252577  0.058273  0.0206948  -0.0360539  
0.00484787  -0.00565049  0.00267497  0.0477216  0.0305423  -0.0294966  
0.0051455  -0.00541219  0.00247502  0.0521736  0.0105481  -0.0305937  
0.00454523  -0.00558941  0.00251171  0.0517785  0.0297816  -0.0641266  
0.00434073  -0.00577797  0.00254101  0.0542181  0.0152802  -0.0634712  
0.00476543  -0.00599199  0.00247008  0.0490629  0.0117589  -0.0642576  
0.00423934  -0.00622612  0.00263599  0.039175  0.0195159  -0.0606079  
0.00492051  -0.00596631  0.00260178  0.0387128  0.0074073  -0.0487905  
0.00412526  -0.00629444  0.00265563  0.0491191  0.0167176  -0.0579772  
0.00456371  -0.0062591  0.0026187  0.0547984  0.00310685  -0.0446579  
0.00464698  -0.00614204  0.00264963  0.05033  0.00332957  -0.0387939  
0.00435451  -0.00635628  0.00281851  0.0555826  0.0174265  -0.0577162  
0.00441124  -0.00625441  0.00276205  0.0540472  0.01364  -0.0490875  
0.00452862  -0.00640417  0.0026124  0.0530336  0.0245559  -0.058433  
0.00423716  -0.00621866  0.00275823  0.0532267  0.0207374  -0.0515636  
0.00437748  -0.00615675  0.00262814  0.0576184  0.0208404  -0.0542909  
0.00447639  -0.00619933  0.00249927  0.0606218  0.0143237  -0.0721354  
0.00487115  -0.00666879  0.00200988  0.0467365  0.0232018  -0.0742018  
0.00449493  -0.00636466  0.00222751  0.0540249  0.00920574  -0.0607253  
0.00392048  -0.00667842  0.00228345  0.0495443  0.0259019  -0.0596391  
0.00384738  -0.00684769  0.00238751  0.051469  0.0160252  -0.0668937  
0.00356488  -0.00671659  0.00252972  0.0407703  0.0177349  -0.0498368  
0.00321043  -0.00666154  0.00252132  0.0503292  0.0298027  -0.0437471  
0.00358252  -0.00647209  0.00243664  0.0426771  0.0081042  -0.0524654  
0.00376215  -0.00640554  0.00248789  0.0521912  0.0222451  -0.0698037  
0.00302522  -0.00650886  0.00262202  0.0430301  0.0418763  -0.0639795  
0.00300597  -0.00659841  0.0026981  0.0481688  0.0380604  -0.0579924  
0.00564964  -0.00605354  0.00282486  0.0379773  0.0323014  -0.124319  
0.00609088  -0.00553379  0.00256197  0.0211075  -0.00116297  -0.0985395  
0.00491052  -0.00603113  0.00259482  0.00445931  0.0375893  -0.0880674  
0.00448095  -0.00560369  0.00248939  -0.013005  0.0246107  -0.0837921  
0.00469278  -0.00504149  0.00191161  -0.0307617  0.0216236  -0.0758453  
0.00430045  -0.00495193  0.00183671  -0.0217408  0.0403187  -0.0897008  
0.00457332  -0.00474707  0.00176779  -0.0118503  0.00919094  -0.0681726  
0.00400686  -0.0048572  0.00183007  -0.0111933  0.0285565  -0.0844495  
0.00381646  -0.00472409  0.00186206  -0.0157916  0.0313538  -0.0739428  
0.00420991  -0.00504  0.00177679  -0.0201806  0.0158028  -0.0836096  
0.00410721  -0.00553235  0.00204448  -0.0166359  0.0228322  -0.0864853  
0.00452928  -0.00537116  0.00204606  -0.00863307  0.00503322  -0.0793847  
0.00390991  -0.00557989  0.00203494  -0.00654601  0.0082311  -0.0875406  
0.00420166  -0.00554333  0.00207137  -0.0116748  0.0137936  -0.0699048  
0.0042745  -0.00560628  0.0020893  -0.0387211  0.00667249  -0.0684976  
0.00430817  -0.00569576  0.00225321  -0.0200683  0.0143199  -0.0664985  
0.00450937  -0.00530679  0.00203015  -0.0029761  0.00162291  -0.0735314  
0.00422354  -0.0052896  0.00185182  -0.000564009  -0.00678913  -0.0881817  
0.00434816  -0.00535549  0.00205488  -0.00725537  0.0462906  -0.103389  
0.00495368  -0.00547136  0.00191411  -0.00652843  0.0180066  -0.119758  
0.00393961  -0.00531689  0.00194966  -0.00425396  0.0194374  -0.0857414  
0.00401722  -0.0052748  0.00225825  -0.00391247  0.0558659  -0.0793169  
0.00527917  -0.00431063  0.00211312  -0.0101886  0.0215965  -0.122487  
0.00448628  -0.00444406  0.00192298  -0.0113857  -0.00742532  -0.101613  
0.00464537  -0.00421  0.0018142  -0.00269843  0.0144229  -0.0882254  
0.00529794  -0.00374029  0.00184771  0.00590745  0.0305671  -0.124659  
0.00587022  -0.00325343  0.00154496  0.0084306  -0.00167481  -0.13664  
0.00296806  -0.00413549  0.00132129  0.0139067  -0.0136034  -0.0993045  
0.00112199  -0.00457291  0.00157272  -0.00881623  0.00350475  -0.0855545  
0.000766682  -0.00469826  0.00145669  -0.00769084  0.0405917  -0.0746551  
0.000550019  -0.00502182  0.00149714  -0.00866371  0.0230049  -0.0608124  
-0.000131634  -0.0049682  0.00140765  -0.0130983  0.0131527  -0.0596771  
0.00190552  -0.00474732  0.0017126  0.0200033  0.0859488  0.0228649  
0.0048837  -0.00270234  0.00158143  0.0443284  0.00338145  0.0721098  
0.00434365  -0.0027162  0.000713133  0.0370075  -0.0326242  -0.00388017  
0.00414916  -0.00193963  0.00101952  0.0529024  0.0351299  -0.0202861  
0.00532542  -0.00112502  0.000839516  0.0596392  0.0127891  0.0058338  
0.00456643  -0.00283667  0.000865416  0.0249065  -0.0191525  0.0181877  
0.00276737  -0.00323332  0.000961735  0.00818703  0.0164515  -0.027119  
0.000233014  -0.00407951  0.00117028  0.0159309  0.0238849  -0.0437804  
0.00147083  -0.0044496  0.00105031  0.00753713  0.0620071  -0.00638346  
0.00275664  -0.00386605  0.0010365  -0.00541424  0.0205952  -0.0192895  
0.00237466  -0.00408452  0.000992754  -0.00349121  0.0208441  -0.0520519  
0.0017269  -0.00415996  0.00104595  -0.00648408  0.0122302  -0.0594262  
0.00255966  -0.00421202  0.00119839  -0.00328876  0.0327761  -0.0726015  
0.0038988  -0.00349643  0.00117999  -0.0096459  -0.0169766  -0.114049  
0.00734774  -0.00295976  0.00102258  -0.00539128  -0.010051  -0.163968  
0.0046303  -0.00302299  0.000595882  -0.0181043  0.022677  -0.119961  
0.00533108  -0.0031066  0.000767391  -0.00741541  0.0178236  -0.051432  
0.00481695  -0.00293726  0.000363864  -0.0072564  0.0115894  -0.0571618  
0.00408183  -0.00321584  0.000743204  -0.00107758  0.0413008  -0.0371923  
0.00434843  -0.00298314  0.000528015  -0.0074283  0.0315921  -0.0647194  
0.00353552  -0.00348221  0.000559616  -0.0178375  0.0233  -0.0492883  
0.00377549  -0.00347634  0.000768402  -0.00946725  0.00825823  -0.0823536  
0.00342139  -0.00387184  0.000936378  -0.0033567  0.012593  -0.0647555  
0.00356345  -0.00357426  0.000907272  -0.00276974  -0.00925426  -0.0760422  
0.00293088  -0.00375448  0.00104409  0.00646283  0.0148127  -0.0841476  
0.00340355  -0.00375131  0.00112428  0.0111945  -0.00107685  -0.0928598  
0.00375688  -0.00349827  0.00112207  0.0207239  -0.00382519  -0.0904923  
0.0046227  -0.00299552  0.00114799  0.0119878  -0.0134414  -0.130609  
0.00581427  -0.00227375  0.00149727  0.0328551  0.0360488  -0.151538  
0.00454515  -0.0021187  0.00145255  0.0374531  -0.00901506  -0.135474  
0.00444049  -0.00201128  0.00149496  0.0482988  0.0204189  -0.133512  
0.00476529  -0.00208767  0.00153166  0.0593241  0.0315796  -0.0977631  
0.00478054  -0.00212682  0.00139572  0.0503366  0.00244944  -0.123418  
0.00385999  -0.0024205  0.00128174  0.0441203  0.00459184  -0.11415  
0.00322122  -0.00265541  0.00105823  0.0373005  0.00867622  -0.107119  
0.00139014  -0.00313574  0.00110916  0.0467488  -0.00313298  -0.109374  
0.0022072  -0.00216851  0.00188168  0.0370972  0.0377922  -0.118563  
0.0032438  -0.00177557  0.00168597  0.0314511  -0.0158684  -0.148281  
0.0025625  -0.00203511  0.00122292  0.0337297  -0.00617476  -0.150323  
0.00122693  -0.00174666  0.00127536  0.0415874  0.00874252  -0.162808  
0.00110898  -0.0025379  0.00126551  0.040502  0.0188244  -0.147767  
0.00117032  -0.00243573  0.00106374  0.04164  0.00858067  -0.137419  
0.000457579  -0.00207053  0.00126694  0.0356964  0.0167637  -0.156464  
0.000862167  -0.00158538  0.00108059  0.0399513  -0.020197  -0.140361  
3.23517e-05  -0.00171692  0.00139855  0.0321295  -0.000421919  -0.16324  
0.00101441  -0.00163656  0.00101682  0.0387347  -0.0209931  -0.159431  
0.0019092  -0.00110977  0.00065832  0.0376032  -0.0114987  -0.169362  
0.00560374  0.000239446  0.000146339  0.0386752  0.0177122  -0.164607  
0.00616  5.77924e-05  0.000742635  0.0303426  0.014002  -0.153436  
0.00769294  0.00120849  0.00133805  0.00197857  0.0168808  -0.109436  
0.00684457  0.00193084  0.000516642  0.0100445  -0.0121535  -0.129169  
0.00568891  0.00113204  0.000925141  0.0103061  0.00990118  -0.128805  
0.00537901  0.00153969  0.000677081  0.0199772  0.00597327  -0.115577  
0.0052667  0.000323832  0.000201256  0.0555094  0.00391076  -0.137673  
0.00495705  0.000535478  0.000351124  0.0546774  0.0333942  -0.149969  
0.0088163  0.00276922  -0.000529807  -0.0093504  0.0283424  -0.133015  
0.0100654  0.00392301  -0.000696984  -0.0126598  0.0112757  -0.179039  
0.00757978  0.00466179  -0.000611925  -0.000554575  0.0235688  -0.161086  
0.00621543  0.00459817  -0.000766328  0.0162041  0.0207249  -0.169437  
0.0062545  0.00487265  -0.000743219  0.00808352  0.0196719  -0.142035  
0.00697539  0.00519475  -0.000764525  0.0248056  0.024358  -0.138757  
0.00911873  0.00566565  -0.000972745  0.0699963  0.0723181  -0.0569376  
0.0107157  0.00742008  -0.00136956  0.0495927  -0.0247208  -0.111438  
0.00967441  0.00690599  -0.00144423  0.0256196  -0.0042592  -0.0259245  
0.0104346  0.0072949  -0.00138675  0.0182298  -0.0294544  0.0114851  
0.00779119  0.00705613  -0.000890365  0.0332888  0.0065173  0.0976106  
0.00878053  0.00640305  -0.000720306  0.0433708  0.00762416  0.0425167  
0.00852652  0.00635326  -0.000711045  0.0436009  0.00980228  0.0042331  
0.00758326  0.00591808  -0.000642879  0.0463741  0.0290822  -0.0119193  
0.00678542  0.00588898  -0.000612327  0.0575078  0.0354089  -0.0155752  
0.00671987  0.00576549  -0.000575663  0.052238  0.0350123  -0.0238119  
0.00794443  0.00518706  -0.000919751  0.00276783  -0.000419839  -0.099748  
0.00892588  0.00543009  -0.00110802  -0.00682257  0.00904472  -0.113866  
0.00833831  0.00613237  -0.00141216  0.00346246  -0.0362879  -0.0840204  
0.00758165  0.00624802  -0.00165302  -0.00341038  -0.034874  -0.100567  
0.00715627  0.00595803  -0.00142298  0.00251677  -0.00812612  -0.0676688  
0.00769165  0.00595544  -0.00149022  0.0251968  -0.00452935  -0.127267  
0.00716153  0.00591976  -0.00114037  0.0279835  -0.000983943  -0.119234  
0.00714195  0.00590016  -0.00102087  0.0225572  0.00395576  -0.114269  
0.00710537  0.00593837  -0.00101085  0.0314323  0.00804747  -0.111691  
0.00737789  0.00608956  -0.000980539  0.0289383  0.0170832  -0.117461  
0.00791488  0.00601626  -0.00104939  0.0325871  0.00681404  -0.12101  
0.00745472  0.00609427  -0.00110245  0.0252815  0.00833653  -0.124098  
0.00762142  0.00582754  -0.000965235  0.0236452  0.0030457  -0.15129  
0.00785255  0.005783  -0.00100157  0.0219579  0.00758308  -0.161089  
0.00629694  0.00581518  -0.00100956  0.0286589  0.0225515  -0.128217  
0.00792624  0.00611121  -0.000457412  0.0345633  0.0320963  -0.131022  
0.00858182  0.00629234  -0.000660263  0.0393614  -0.00863794  -0.149057  
0.00752813  0.0060912  -0.000453654  0.0388183  0.012777  -0.136547  
0.00676577  0.00598817  -0.000542452  0.0423412  0.0015906  -0.130602  
0.00564729  0.00597996  -0.000620109  0.0300398  0.0202514  -0.11948  
0.00347994  0.00575849  -0.000627265  0.0336029  0.0121063  -0.121691  
0.00143387  0.00546901  -0.00102348  0.0315962  0.0382147  -0.120678  
0.00512677  0.00633814  -0.000626129  0.0249666  0.0602681  -0.147389  
0.0054839  0.00651351  -0.000519485  0.0295445  0.0470472  -0.12318  
0.00674946  0.00588393  -0.000376768  0.0571365  0.0251781  -0.0798408  
0.00515171  0.00601806  -0.000456703  0.0611897  0.00793195  -0.113074  
0.004919  0.0061469  -0.000472439  0.0593528  -0.00549287  -0.111489  
0.00566655  0.00617774  4.37744e-05  0.0470276  0.0103013  -0.131875  
0.00577381  0.00626265  -8.93982e-05  0.0608146  0.0306545  -0.12864  
0.00665287  0.0059351  -8.93982e-05  0.0459805  -0.0121259  -0.139001  
0.00596365  0.0060856  -3.15399e-05  0.0545783  0.0284344  -0.10798  
0.0055247  0.00590549  0.000168216  0.0660149  0.0296784  -0.0981153  
0.00582336  0.00545408  0.000147235  0.0636959  0.0492511  -0.0895755  
0.00504766  0.00531446  0.000367984  0.0794842  0.0435576  -0.0940842  
0.00484505  0.00496526  0.000487431  0.0912182  0.0214167  -0.100668  
0.00550444  0.00405401  0.000872174  0.100023  0.049152  -0.109752  
0.00574496  0.00383574  0.00123946  0.0823521  0.0020062  -0.093306  
0.00379711  0.0040614  0.000932526  0.0719633  -0.00997412  -0.0696469  
0.00398155  0.00420402  0.000989463  0.0924286  -0.00110753  -0.0727506  
0.00389847  0.00428092  0.00152184  0.0945376  0.0100842  -0.0790997  
0.00453377  0.00345622  0.00162935  0.10792  0.0105525  -0.10081  
0.00556053  0.00347852  0.00212836  0.101943  0.0399257  -0.0790494  
0.00656475  0.00339591  0.0019559  0.10351  0.00595329  -0.089421  
0.00634896  0.00291671  0.0021139  0.106789  0.0249365  -0.108412  
0.00697906  0.00316164  0.00248658  0.083208  0.0326272  -0.140513  
0.00961898  0.00263058  0.00276354  0.0843497  0.0725511  -0.142263  
0.00797624  0.00229413  0.00266949  0.0946374  0.0290623  -0.128714  
0.00716386  0.00200596  0.00275265  0.0990917  0.0363096  -0.112574  
0.00713136  0.00163789  0.00255192  0.108192  0.0259737  -0.119282  
0.00678699  0.00163789  0.00265101  0.1151  0.0418338  -0.0979295  
0.00717286  0.00178559  0.00265464  0.106853  0.0332274  -0.111509  
0.0116084  0.00344949  0.00371925  0.0836214  0.068434  -0.124383  
0.0102286  0.00354335  0.00312448  0.0776709  0.0207123  -0.13776  
0.00955881  0.00361473  0.00282681  0.0813346  0.0323125  -0.12293  
0.00877162  0.00345854  0.00273095  0.0876012  0.0367029  -0.121748  
0.00804582  0.00345545  0.0025234  0.0868782  0.0404756  -0.119197  
0.00756463  0.00354335  0.00245207  0.0911466  0.0449778  -0.110105  
0.00690573  0.00343816  0.00252203  0.0979075  0.0571166  -0.10662  
0.00671592  0.00327565  0.00242434  0.0811403  0.0367212  -0.102921  
0.00654101  0.00344133  0.00246046  0.0826984  0.0482754  -0.110345  
0.00677196  0.00359479  0.00244148  0.0760825  0.0128389  -0.103927  
0.00639559  0.00365917  0.00228714  0.0780839  0.0271432  -0.118335  
0.00665558  0.00352547  0.00226846  0.0833316  0.0166091  -0.10999  
0.00633026  0.00343445  0.00216808  0.0750697  0.0165101  -0.11104  
0.00610555  0.00361451  0.00202883  0.0783941  0.015741  -0.105014  
0.00608177  0.00358204  0.00220393  0.0753231  0.0139634  -0.101691  
0.00570604  0.00357824  0.00216253  0.0867346  0.0291797  -0.108169  
0.00595163  0.00358111  0.00213909  0.0848133  0.0159522  -0.0980421  
0.0049308  0.00346706  0.00192794  0.104998  0.0333368  -0.112684  
0.00397623  0.00375897  0.00223221  0.0985684  0.0302398  -0.0965412  
0.00335627  0.0040343  0.00226765  0.0942876  0.021346  -0.0887803  
0.00310747  0.0041797  0.00193868  0.0852109  0.042949  -0.109223  
0.00327483  0.00390027  0.00220871  0.100985  -0.00198892  -0.0881158  
0.00199452  0.00423587  0.00240803  0.0993169  0.0112054  -0.1068  
0.00251142  0.00437042  0.00242719  0.106367  0.0167346  -0.0996851  
0.00265125  0.00439549  0.00250257  0.108747  0.00967788  -0.0929004  
0.00246683  0.00473035  0.00189461  0.0908565  0.0340478  -0.102072  
0.00329391  0.00457066  0.00176711  0.0869085  0.0124074  -0.0919324  
0.00289003  0.00467854  0.00198417  0.091868  0.0236936  -0.100618  
0.00314396  0.00482819  0.00193396  0.0924536  0.00634406  -0.0789478  
0.00269752  0.00480327  0.00191607  0.0902434  0.0244754  -0.101903  
0.00246411  0.00474459  0.00228131  0.0971315  -0.00562295  -0.0804354  
0.00153167  0.00477682  0.00225324  0.0890459  0.0418043  -0.103348  
0.0016287  0.00482457  0.00183005  0.0816737  0.00984972  -0.0876353  
0.00221528  0.00464287  0.0018091  0.0808251  0.00647864  -0.105203  
0.00391407  0.00507246  0.00248797  0.0750975  0.00913285  -0.130947  
0.0035216  0.00550788  0.00213289  0.06739  0.0148024  -0.113597  
0.00212967  0.00533021  0.00211434  0.0824896  0.00233016  -0.106856  
0.00201981  0.00519604  0.00242321  0.0742775  0.000406628  -0.0897555  
0.000246056  0.00521005  0.00201209  0.073596  0.00412785  -0.085514  
0.000601737  0.00532918  0.00171839  0.0526112  0.0169287  -0.0804542  
0.00132213  0.00529241  0.0016987  0.0573174  0.0050681  -0.0868432  
0.000724918  0.0051004  0.00197779  0.0607497  0.0159693  -0.100557  
0.0009263  0.00541833  0.00183045  0.0594159  -0.00237031  -0.081575  
0.000905238  0.00539699  0.00170132  0.0426072  -0.00350278  -0.0900456  
5.90337e-05  0.00535252  0.00172404  0.0540757  -0.00275778  -0.0930342  
0.00013849  0.00525738  0.00171988  0.048298  -0.0159901  -0.07817  
-0.000297352  0.0052158  0.00166306  0.0486471  -0.0096113  -0.0919447  
-0.000430577  0.00526572  0.00175891  0.0538832  -0.00865251  -0.0933207  
-3.34886e-05  0.00536156  0.00181491  0.0527373  -0.000389477  -0.0556083  
0.0025093  0.00543614  0.00171779  0.0444642  0.0391508  -0.0935224  
0.00326058  0.0056159  0.00174774  0.0377349  -0.0451271  -0.0762431  
0.000950117  0.00553051  0.00200411  0.0428414  -0.0079166  -0.070046  
0.000709683  0.0053294  0.00188454  0.0434836  -0.0123226  -0.0704701  
-0.000106226  0.00512797  0.00197791  0.0490785  0.013312  -0.0664584  
0.000235754  0.00502834  0.00208114  0.0554324  0.00388161  -0.0703191  
0.00180228  0.00410415  0.00243804  0.0671936  0.0277981  -0.0779626  
0.000757312  0.00437497  0.00238496  0.0667015  0.0145656  -0.0857795  
-0.000509466  0.00379558  0.00263418  0.0741419  -0.000163484  -0.0918698  
-0.000419331  0.00339359  0.0026285  0.0821457  -0.00315206  -0.0941869  
-0.00180825  0.0027193  0.0026307  0.0916681  0.000631428  -0.111825  
0.000929113  0.00263771  0.00286421  0.0797706  -0.0116714  -0.16874  
0.00110622  0.00320581  0.00262011  0.0794798  0.00109202  -0.171624  
0.00114762  0.00341102  0.00264842  0.0735411  -0.0115984  -0.13613  
-0.000263948  0.00313344  0.00260465  0.0800286  0.000578262  -0.159462  
0.000350168  0.00325436  0.00260222  0.0794839  -0.00193178  -0.126354  
-9.93128e-05  0.00239804  0.00277863  0.0869891  0.0216764  -0.166656  
0.000580747  0.00320977  0.00266313  0.0849042  0.00485083  -0.126338  
0.00034432  0.00265653  0.00276983  0.0884149  -0.00407613  -0.150344  
0.00152138  0.00291  0.00283148  0.0888323  -0.00444683  -0.148848  
0.00351627  0.00294422  0.0029396  0.102837  0.00217295  -0.154646  
0.00256746  0.00320092  0.00294317  0.0958686  0.0217062  -0.179612  
0.00245804  0.0035288  0.00279778  0.0868599  -0.0132289  -0.133423  
0.00339421  0.00377062  0.00252731  0.105102  0.048126  -0.191705  
0.00399449  0.00356902  0.00276011  0.085507  -0.0306592  -0.182397  
0.00483982  0.00321976  0.00196671  0.0878387  -0.0210318  -0.195571  
0.00217997  0.00352625  0.00256528  0.0836736  -0.0186482  -0.152842  
0.000384073  0.00231673  0.00269372  0.0761799  -0.00908857  -0.182816  
0.000725365  0.00269987  0.00253907  0.0828046  0.0103756  -0.14824  
0.000239389  0.00240038  0.00268298  0.0847358  -0.00376182  -0.162179  
0.000958884  0.00137203  0.00270307  0.11402  0.031518  -0.160957  
0.00335121  0.00294112  0.00286707  0.122599  0.0873868  0.0361743  
0.00465753  0.00301386  0.00208965  0.126906  -0.002578  0.0163243  
0.00351435  0.00308445  0.00255144  0.120107  -0.00797686  -0.0432599  
0.00334648  0.0027606  0.00247973  0.099473  0.00757725  -0.0797669  
0.00326015  0.00333066  0.002112  0.0777011  0.0273909  -0.0818758  
0.00421253  0.00373254  0.00184362  0.0760511  0.0124513  -0.0563589  
0.00341278  0.0037043  0.00183181  0.0821802  0.019385  -0.0587188  
0.0023561  0.00353379  0.00167707  0.0788677  0.0184803  -0.0514495  
0.00189284  0.00301298  0.0015362  0.0836693  0.0263226  -0.0434905  
0.00233287  0.00283286  0.0014166  0.0786827  0.0262837  -0.0782608  
0.0038002  0.00148788  0.000897962  0.092025  0.0225788  -0.145158  
0.00943968  0.00211765  0.000897962  0.068517  0.0294826  -0.231214  
0.00710083  0.0031992  0.000294797  0.052549  0.0283641  -0.105344  
0.00576776  0.0028644  -0.000194774  0.0472669  0.000587557  -0.138377  
0.00529071  0.00279295  -0.0002513  0.0378605  0.0139265  -0.15818  
0.00548003  0.00219719  0.000131907  0.0606622  0.0267269  -0.144506  
0.00591098  0.00198273  0.000540003  0.0738436  0.0438298  -0.168855  
0.00552811  0.00279381  0.00074695  0.0517573  0.00179431  -0.172774  
0.00566734  0.00313519  0.000969152  0.0290375  0.0249297  -0.133271  
0.00525733  0.00323129  0.00108537  0.0487821  0.0279609  -0.140284  
0.00520859  0.00300137  0.0010818  0.0473656  0.0404611  -0.13062  
0.00586706  0.00324457  0.00074695  0.0424914  0.0335062  -0.13831  
0.00518139  0.00254539  0.000696822  0.0579698  0.034374  -0.159585  
0.00534279  0.00322375  0.000669566  0.104869  0.0223033  -0.185032  
0.00461689  0.00211666  0.00074695  0.117429  0.0352605  -0.219678  
0.00522322  0.00253861  0.0009676  0.101971  0.00646699  -0.195476  
0.00534382  0.00284378  0.00074695  0.104598  0.0354552  -0.157929  
0.00578846  0.00295838  0.00108449  0.0711391  0.0188787  -0.171721  
0.00590014  0.00291104  0.00115523  0.0866281  0.0392369  -0.14123  
0.00668017  0.00271112  0.00115999  0.091444  0.0276032  -0.16251  
0.00867413  0.00360587  0.00214939  0.0920527  0.0359605  -0.198027  
0.00652777  0.00335311  0.00168008  0.0900083  0.0381253  -0.168711  
0.00484721  0.00213274  0.00151006  0.10958  0.0402888  -0.163503  
0.00461034  0.00146665  0.00164848  0.113232  0.0367651  -0.162176  
0.00377393  0.000868306  0.00180704  0.121637  0.0468568  -0.172018  
0.00434812  0.000544234  0.00168875  0.117452  0.0239801  -0.163152  
0.00398001  0.000262266  0.00207897  0.125311  0.0364476  -0.164  
0.00438397  -0.000411331  0.00247397  0.119362  0.0150435  -0.17339  
0.00360312  -0.000423794  0.00270579  0.117253  0.0254252  -0.164304  
0.00407289  -0.000499689  0.00219836  0.124021  0.0253658  -0.181384  
0.00395959  0.000315679  0.00230913  0.116097  -0.00581879  -0.171093  
0.00259925  -0.000214292  0.00254839  0.11751  0.0110472  -0.181291  
0.00196974  -0.000308083  0.00252657  0.113185  0.0213506  -0.177434  
0.00284296  -0.000267788  0.00242035  0.119587  0.0293813  -0.183984  
0.00216637  -0.000513839  0.00231519  0.128408  0.0728683  -0.197523  
0.00300909  -0.000527948  0.00225346  0.132632  0.0246313  -0.189057  
0.00143243  -0.00048149  0.00243789  0.134428  0.0379819  -0.195375  
0.0016882  -0.000486515  0.00222886  0.14445  0.0207677  -0.190855  
0.00165998  -0.000662033  0.00258084  0.133412  0.0264111  -0.216218  
0.00211439  -0.000656907  0.00264738  0.126667  0.0146038  -0.194201  
0.00176349  -0.000608674  0.0025493  0.136473  0.0254935  -0.193623  
0.00179432  -0.000478714  0.00278474  0.132201  0.0162133  -0.214949  
0.00295819  -0.000243928  0.00268795  0.121024  0.013017  -0.199625  
0.00222027  1.3258e-05  0.00232083  0.128241  0.0468874  -0.213496  
0.00215052  -8.39195e-05  0.00243933  0.127364  0.015118  -0.198516  
0.00150177  -0.000141826  0.00245276  0.126959  0.0539565  -0.217634  
0.00207468  -1.90332e-05  0.00254334  0.124229  0.0098367  -0.203499  
0.00152105  0.000186061  0.002558  0.121675  0.0204821  -0.198636  
0.00189732  0.000148175  0.0023141  0.11974  0.000275311  -0.188475  
0.00177303  0.00010393  0.00210369  0.129775  0.0194424  -0.193858  
0.00175442  0.000277444  0.00219547  0.139  -0.00238256  -0.174507  
0.00229423  0.000278054  0.00198989  0.137507  0.0292487  -0.184427  
0.00173592  8.29023e-05  0.00196143  0.137742  0.0214093  -0.174816  
0.00281621  0.000380762  0.00186313  0.138437  0.0180462  -0.15716  
0.00166094  0.000172479  0.00195846  0.139814  0.0338577  -0.179111  
0.0019561  1.09328e-05  0.00201313  0.137545  0.00837893  -0.181784  
0.00159451  -8.14112e-05  0.0018545  0.14656  0.03669  -0.182654  
0.00224211  -0.000206052  0.00193004  0.134502  0.00362714  -0.194887  
0.00157886  -0.000186504  0.00239866  0.132887  0.0277044  -0.185843  
0.00179103  -0.000202822  0.00244143  0.135438  -0.0109402  -0.195949  
0.00135726  -0.000201844  0.0022314  0.135778  0.0124116  -0.188927  
0.00267027  0.000251735  0.00263534  0.131921  0.0156429  -0.209514  
0.00171618  0.000208687  0.00237244  0.146773  0.0275799  -0.181513  
0.00306814  0.000215702  0.0023779  0.14976  0.00762506  -0.173306  
0.0025058  0.00032648  0.00229981  0.152967  0.020632  -0.19036  
0.00282797  0.00032648  0.00211952  0.153909  0.0238808  -0.19443  
0.00186274  0.000206587  0.00211082  0.155802  0.0378325  -0.194362  
0.00326805  0.000211132  0.00232132  0.155984  0.018979  -0.174295  
0.00445864  0.000663109  0.00266231  0.147653  0.0334362  -0.19008  
0.0035562  0.000812979  0.00249961  0.15709  0.0177091  -0.171124  
0.00297415  0.000730989  0.00262432  0.162571  0.00638744  -0.175785  
0.00294884  0.000659165  0.00271279  0.154246  0.0119619  -0.171232  
0.00281722  0.000648522  0.0024507  0.160049  0.00699373  -0.165198  
0.00267055  0.00043067  0.00261948  0.157946  0.0166076  -0.166791  
0.00223394  -4.83275e-06  0.0026735  0.159938  0.000972354  -0.193618  
0.00138615  -0.000116631  0.00291785  0.162847  0.00517334  -0.19529  
0.00201941  -0.00029638  0.00301626  0.16182  0.00537212  -0.19903  
0.00192096  -0.00052975  0.00280799  0.166299  0.0236413  -0.209865  
0.00201331  -0.000556634  0.00338383  0.159087  0.0228315  -0.19978  
0.00220827  -0.000290085  0.00352929  0.152041  0.0565047  -0.225296  
0.00356  6.74857e-05  0.00356016  0.140826  -0.0191253  -0.190984  
0.00225581  0.000105805  0.00349723  0.149439  0.0336994  -0.20585  
0.00299535  0.000256965  0.00342565  0.156112  -0.0148127  -0.191055  
0.00170181  -5.06442e-06  0.00340845  0.146296  0.00771439  -0.200841  
0.0020857  -8.84736e-05  0.00310019  0.154023  -0.000666322  -0.188483  
0.00148086  -0.000110446  0.00326104  0.152844  0.0192283  -0.193877  
0.00302095  0.000169302  0.00346688  0.151881  0.0179885  -0.162885  
0.00339674  -0.00025077  0.0033685  0.152108  0.0284881  -0.18156  
0.00426022  2.46551e-05  0.00363244  0.136133  -0.0119698  -0.199332  
0.00210372  5.97497e-05  0.00368917  0.144999  0.0147154  -0.214875  
0.00177354  1.39748e-05  0.00382726  0.147764  -0.0103424  -0.210856  
0.00170936  -0.000109695  0.00383808  0.147446  -0.00196489  -0.198922  
0.0010122  -0.000194249  0.00374932  0.159694  0.00552157  -0.198199  
-0.000293731  -0.00037551  0.00347418  0.153183  0.00786199  -0.198956  
-0.000481119  -0.00034985  0.00343577  0.154663  0.0255926  -0.197211  
0.00124619  0.000434809  0.00377871  0.14859  0.000704313  -0.229498  
0.00117732  0.000262893  0.00363851  0.133587  0.025924  -0.212097  
-0.000352742  0.000270984  0.00353431  0.13967  0.0034704  -0.170904  
0.000314886  0.000625855  0.00357395  0.149032  -0.0186989  -0.169161  
-0.000125989  0.000391433  0.00368972  0.132052  -0.00450045  -0.153086  
0.000728223  0.00072672  0.00327595  0.142638  0.0178857  -0.137451  
0.0010234  0.000692867  0.00299331  0.157888  0.00763769  -0.164369  
0.00101621  0.000201191  0.00360195  0.150246  -0.00189118  -0.188184  
-7.95242e-06  5.88438e-05  0.00363427  0.150034  -0.00348526  -0.149919  
4.38608e-05  -0.000366919  0.00348859  0.151554  0.00276032  -0.167209  
0.000292387  9.49078e-05  0.00339817  0.162115  0.0132228  -0.180271  
0.000955757  -0.000331037  0.00372149  0.150023  0.0263568  -0.233122  
0.00612105  -0.000816913  0.00356354  0.146014  0.02852  -0.229432  
0.00172365  -0.000912458  0.00350244  0.145008  0.0227115  -0.197206  
0.00189857  -0.00106982  0.00356112  0.14482  0.0524477  -0.231523  
0.00407443  -0.000139145  0.00337487  0.139543  0.00842532  -0.225127  
0.00382181  -0.00023175  0.00342999  0.140209  0.0216322  -0.234696  
0.00180487  -0.000418834  0.00347232  0.146732  -0.00305341  -0.219604  
0.00205181  -0.000196583  0.00327948  0.161167  0.0268338  -0.211277  
0.00180469  -0.000256229  0.00345091  0.164682  0.0158498  -0.205815  
0.00158225  -0.000220626  0.00334405  0.167779  0.0194952  -0.212313  
0.000641509  -0.00029584  0.0034665  0.166839  0.0202894  -0.190476  
0.00130178  -0.000144548  0.00338661  0.15809  0.0363715  -0.198522  
0.00352531  -0.000258944  0.00361311  0.150216  0.0372923  -0.259215  
0.00642712  0.000310945  0.00364378  0.123313  0.0353637  -0.27478  
0.00333485  0.000965473  0.00290735  0.140448  0.0263753  -0.178052  
0.00183151  0.00129253  0.00212599  0.160276  0.0128534  -0.193041  
0.00105518  0.00127373  0.00212448  0.164718  0.0138342  -0.193453  
0.000801159  0.000965473  0.00212629  0.175515  0.0239047  -0.190323  
0.000864061  0.00150113  0.00219185  0.16654  0.0125636  -0.19097  
0.000686598  0.00123932  0.00218365  0.171305  0.019162  -0.198188  
0.000821916  0.00112852  0.00239752  0.166611  0.0119105  -0.195265  
0.000525694  0.000965473  0.00214966  0.187463  0.0244097  -0.191432  
0.000271639  0.00085803  0.00217891  0.192564  0.0220492  -0.197749  
0.000228534  0.000603143  0.00215059  0.193682  0.012824  -0.191863  
-0.000420204  0.000696141  0.00223292  0.201767  0.016198  -0.204049  
0.00042258  0.000449488  0.00258385  0.175661  -0.013951  -0.201671  
-0.000706594  0.00072563  0.00267998  0.171093  0.018821  -0.217176  
-0.00127912  0.00019305  0.00246427  0.171931  -0.00652829  -0.187639  
-0.00129404  -1.41765e-05  0.00264946  0.16738  0.0212546  -0.199488  
-0.00257742  -4.46901e-05  0.00200601  0.186607  0.0177676  -0.192366  
-0.00383939  -0.000139848  0.00205439  0.176693  0.0102521  -0.176278  
-0.00372549  -0.000151476  0.00195553  0.172247  0.00344213  -0.172012  
-0.00345875  6.08029e-05  0.00202472  0.172158  0.0133339  -0.203195  
-0.00448795  -4.18015e-05  0.00192082  0.175227  0.0056448  -0.178272  
-0.00447848  -0.000201851  0.00194492  0.17761  0.00239312  -0.180271  
-0.00183217  -1.32432e-05  0.00237479  0.156026  -0.0209112  -0.222117  
-0.00405554  0.000374372  0.00191747  0.171413  0.008261  -0.173667  
-0.00473465  0.000191022  0.00189623  0.166691  -0.0212592  -0.149634  
-0.00473548  4.93936e-06  0.00175675  0.164305  -0.019742  -0.16122  
-0.00506481  0.000200296  0.00170329  0.178553  -0.00998063  -0.17275  
-0.00490378  0.00015691  0.00166993  0.177675  -0.0143621  -0.175977  
-0.00480491  0.000105588  0.00177267  0.172415  -0.0149949  -0.172499  
-0.00513015  0.000236077  0.00168944  0.181077  -0.0134768  -0.175022  
-0.00529919  0.00010581  0.00163482  0.180547  0.00911227  -0.17726  
-0.00523996  5.22519e-05  0.00166363  0.18162  -0.00385292  -0.169877  
-0.00529092  8.29991e-05  0.00158857  0.181529  -0.0155888  -0.180589  
-0.00538101  -0.000342084  0.00163694  0.199286  -0.0144844  -0.178907  
-0.00646636  -0.000160061  0.00118109  0.224654  -0.00588377  -0.155559  
-0.00653157  -0.000434906  0.00104851  0.237895  0.00179022  -0.140572  
-0.00634405  -0.00149997  0.00116239  0.230279  0.00224242  -0.166382  
-0.00687749  -0.00224618  0.00144984  0.233801  -0.00188583  -0.169856  
-0.00657803  -0.00286609  0.00170593  0.224257  -0.00526585  -0.183816  
0.00276636  -0.00217482  0.0047067  0.193192  0.017878  -0.307538  
0.000520908  -0.0023881  0.00378284  0.197153  0.0275289  -0.197034  
-0.00161675  -0.00371937  0.00358819  0.185415  0.00949213  -0.124453  
-0.00362467  -0.00370865  0.00264322  0.196042  0.00976981  -0.0872621  
-0.00469648  -0.00378031  0.0027969  0.182285  0.00852159  -0.081965  
-0.00517326  -0.00397682  0.0027256  0.186277  -0.0181  -0.0635568  
-0.00587393  -0.00402794  0.00244393  0.187475  -0.0120291  -0.0533697  
-0.00711024  -0.00400383  0.00248948  0.182763  -0.0248556  -0.0129571  
-0.00644806  -0.00395834  0.00196894  0.194732  -0.0214089  -0.0433273  
-0.00732248  -0.00365689  0.00192712  0.202439  -0.0178451  -0.0596896  
-0.00705392  -0.00378881  0.00172974  0.200256  -0.0271359  -0.0684458  
-0.00670867  -0.00417252  0.00194493  0.198072  -0.0260746  -0.0571005  
-0.00687167  -0.00392908  0.00184026  0.200261  -0.0135078  -0.0788713  
-0.00489189  -0.0031935  0.000844638  0.182652  -0.0315065  -0.145962  
-0.00384002  -0.00366111  0.00192645  0.17752  -0.00656075  -0.15795  
-0.00494931  -0.00420397  0.00213683  0.181159  -0.034678  -0.138147  
-0.00554143  -0.004015  0.00195295  0.186871  -0.020808  -0.143686  
-0.00500586  -0.00408201  0.00182703  0.187173  -0.0316614  -0.116395  
-0.00572341  -0.00422674  0.00211965  0.184369  -0.00924606  -0.127383  
-0.00574743  -0.00454507  0.00211576  0.189785  -0.0186558  -0.134855  
-0.00574709  -0.00525721  0.00236905  0.188978  -0.000292688  -0.142155  
-0.00543944  -0.0049605  0.00250633  0.204787  0.0371597  -0.07859  
-0.00379416  -0.00496546  0.00273804  0.200648  -0.0529102  -0.0733055  
-0.00292107  -0.00533758  0.00249922  0.208711  -0.0389816  -0.0931538  
-0.00414851  -0.00525255  0.00222929  0.21116  -0.00671765  -0.0719504  
-0.00220615  -0.0049391  0.00282602  0.205567  0.0253778  -0.117439  
-0.00115657  -0.00439053  0.00301634  0.193493  0.0457221  -0.084359  
-0.00157029  -0.00454844  0.0027588  0.203566  0.00673343  -0.0559834  
-0.00222266  -0.00475654  0.00271657  0.210469  -0.00229174  -0.105761  
-0.00266401  -0.00481086  0.00276313  0.199346  0.0252755  -0.101538  
-0.00209927  -0.00488036  0.00260435  0.186357  0.0039358  -0.110939  
-0.00257749  -0.00500182  0.0026311  0.19677  -0.00185612  -0.120598  
-0.00288665  -0.00481547  0.00253705  0.188595  -0.00791195  -0.138981  
-0.00274271  -0.00472322  0.00259882  0.200402  -0.0180642  -0.136714  
-0.0033322  -0.00484006  0.00291926  0.198283  -0.00166448  -0.153386  
-0.00122052  -0.00449927  0.00333429  0.189781  -0.0216669  -0.190354  
0.00117926  -0.00404076  0.00323611  0.186151  0.01147  -0.225846  
5.85964e-05  -0.00420406  0.00316391  0.18468  0.011646  -0.211708  
-0.00180263  -0.00450808  0.00306385  0.188125  0.00497489  -0.193629  
-0.00199858  -0.00468412  0.00302312  0.177671  0.0101978  -0.195506  
-0.00295335  -0.00500323  0.00281743  0.182356  0.0204028  -0.177461  
-0.00308113  -0.00497842  0.0025794  0.184196  0.00429414  -0.186653  
-0.00314951  -0.00462593  0.00275007  0.19256  0.00738441  -0.161559  
-0.00288386  -0.00507829  0.00285745  0.187315  -0.00756629  -0.179509  
-0.00271713  -0.00495424  0.00288357  0.183512  -0.00192414  -0.192148  
-0.00294705  -0.00486875  0.00264665  0.189174  -0.00348351  -0.197068  
-0.00247415  -0.00492173  0.00293811  0.206864  0.00819963  -0.197005  
-0.00163435  -0.00510716  0.003016  0.197171  -0.0113085  -0.197996  
-0.00248679  -0.0051621  0.0028697  0.187318  0.0212067  -0.207877  
-0.00299281  -0.00536506  0.00299147  0.189496  -0.00497263  -0.192338  
-0.00350978  -0.00547207  0.00282704  0.177204  0.0132407  -0.199715  
-0.00383006  -0.00561306  0.00306241  0.18451  0.00482  -0.171573  
-0.00323029  -0.00551661  0.00294651  0.190885  0.0149364  -0.187094  
-0.00313788  -0.00583298  0.00311205  0.18693  0.00585109  -0.186817  
-0.00258027  -0.0056026  0.00319027  0.1856  0.00489833  -0.16419  
-0.00268415  -0.00566099  0.0031041  0.18324  0.0025192  -0.18793  
-0.00280794  -0.00542022  0.00294683  0.190176  0.00566271  -0.177246  
-0.00264419  -0.00538394  0.00310702  0.190196  -0.0151048  -0.179079  
-0.00266274  -0.0053125  0.00300086  0.192663  -0.0141152  -0.173158  
-0.00235398  -0.00544693  0.00301164  0.194287  -0.0201488  -0.172096  
-0.00290517  -0.00512851  0.00304466  0.1823  -0.000939507  -0.153947  
-0.00214614  -0.00512384  0.00283511  0.193235  -0.00279138  -0.170674  
-0.0023351  -0.0048771  0.00290317  0.18524  -0.000137241  -0.195107  
-0.00426623  -0.00448261  0.00277249  0.19338  0.0261631  -0.166838  
-0.00300655  -0.00434024  0.00248426  0.192211  -0.014735  -0.162477  
-0.00280857  -0.0048211  0.00255277  0.176475  -0.0130406  -0.170077  
-0.00265486  -0.00503221  0.0026497  0.179722  -0.00470327  -0.172649  
-0.00332729  -0.00510475  0.00270736  0.181863  -0.00118585  -0.172491  
-0.00314779  -0.00526911  0.00266581  0.180354  -0.0273936  -0.172452  
-0.00342196  -0.00507444  0.00284704  0.183088  0.000957456  -0.178487  
-0.00294813  -0.00521946  0.00277784  0.185795  -0.022555  -0.174799  
-0.00283001  -0.00492697  0.00300065  0.185842  -0.00102534  -0.171377  
-0.00280774  -0.00497813  0.00301378  0.188742  -0.00710451  -0.188571  
-0.0028436  -0.00474889  0.00294667  0.175326  -0.0285904  -0.196656  
-0.00341251  -0.00437856  0.00299485  0.183924  0.0112973  -0.173187  
-0.00277961  -0.00465347  0.00292346  0.186711  -0.0161677  -0.191642  
-0.00310587  -0.00474245  0.00314623  0.199851  0.00853464  -0.188059  
-0.0028458  -0.00510623  0.00315989  0.199792  -0.00498301  -0.190447  
-0.00333005  -0.00548454  0.00302604  0.196372  0.00611566  -0.20555  
-0.00305897  -0.00571421  0.00317315  0.201647  0.00374838  -0.207953  
-0.00296401  -0.00607558  0.00331161  0.188232  0.0125542  -0.221887  
-0.00281221  -0.00575977  0.00315347  0.198929  -0.000889915  -0.220572  
-0.0031456  -0.00565022  0.00313127  0.195645  0.0288192  -0.233183  
-0.0028795  -0.00561433  0.00306895  0.192685  -0.00596911  -0.223535  
-0.00248006  -0.00541282  0.00308637  0.199973  0.0154203  -0.214954  
-0.000137971  -0.00475857  0.00315399  0.191929  -0.0159786  -0.25773  
0.00049081  -0.00454038  0.00328425  0.191347  0.00825665  -0.291872  
7.76205e-06  -0.00482964  0.0033598  0.199472  -0.00805656  -0.276929  
-0.00149249  -0.0056365  0.00338244  0.200688  0.000103551  -0.25324  
-0.00063539  -0.00531815  0.00351033  0.189605  0.00327929  -0.256908  
0.00290736  -0.00438652  0.00397139  0.193426  0.0189128  -0.316606  
0.00189864  -0.00391122  0.00376306  0.21238  0.0115766  -0.341137  
0.00124684  -0.00444164  0.00377571  0.1959  -0.000858292  -0.307922  
0.000179153  -0.00445982  0.00382568  0.202598  0.0338189  -0.316742  
0.000557533  -0.00469782  0.00385068  0.201012  0.0177032  -0.307755  
0.000442687  -0.00506157  0.00387926  0.206642  0.0190023  -0.307024  
-2.40417e-05  -0.00486294  0.00393076  0.204846  -0.000511603  -0.300872  
-9.88484e-05  -0.00496647  0.0038417  0.197742  -0.00394475  -0.291726  
-0.000823509  -0.00478377  0.00365543  0.210791  0.0301165  -0.30701  
-0.000245508  -0.00442664  0.00368745  0.210305  0.00662644  -0.29641  
-0.000640037  -0.00425091  0.00352538  0.209802  0.0137401  -0.308917  
