-0.00844798  0.00370028  -0.00304341  -0.195049  -0.280381  0.354098  
-0.00934308  0.00397798  -0.00277879  -0.185782  -0.136296  0.449458  
-0.00888025  0.00394447  -0.00283173  -0.199672  -0.249139  0.382878  
-0.00892576  0.00382855  -0.00305028  -0.200606  -0.165044  0.421097  
-0.00924984  0.00365216  -0.00303969  -0.200391  -0.155409  0.438416  
-0.00891481  0.00363742  -0.00284989  -0.198002  -0.219974  0.393216  
-0.00946096  0.00357341  -0.00285259  -0.196824  -0.131168  0.483639  
-0.00919768  0.00388094  -0.00316516  -0.216074  -0.226569  0.392059  
-0.00985944  0.00367218  -0.00316516  -0.200639  -0.124688  0.475755  
-0.00968043  0.00393237  -0.00316516  -0.212061  -0.234077  0.400726  
-0.00974013  0.00382143  -0.00295136  -0.205259  -0.161023  0.447811  
-0.0107853  0.00413209  -0.0030337  -0.214106  -0.169425  0.486337  
-0.0102185  0.00413426  -0.00314299  -0.226434  -0.241305  0.412756  
-0.0109688  0.00418213  -0.0028346  -0.204639  -0.137047  0.474485  
-0.0102653  0.0040642  -0.00298954  -0.214624  -0.251869  0.397852  
-0.0107701  0.00417327  -0.00281025  -0.1936  -0.130743  0.485441  
-0.0103346  0.00399511  -0.00301888  -0.203184  -0.240093  0.397556  
-0.0103406  0.00400142  -0.00288413  -0.201529  -0.180874  0.426016  
-0.0105684  0.00404519  -0.00317495  -0.21259  -0.195174  0.424219  
-0.00964016  0.00422211  -0.0031647  -0.213168  -0.211484  0.405086  
-0.0104357  0.00424999  -0.00288413  -0.207416  -0.123875  0.468699  
-0.00968202  0.00410057  -0.00301334  -0.213334  -0.231546  0.427568  
-0.0100321  0.00418264  -0.00282249  -0.205211  -0.122379  0.497433  
-0.00945872  0.00432697  -0.00320716  -0.227693  -0.223618  0.412984  
-0.0100658  0.00437949  -0.0031332  -0.228846  -0.130842  0.498745  
-0.00964922  0.00446579  -0.00339865  -0.242836  -0.203992  0.443604  
-0.00970643  0.00459251  -0.0035329  -0.234196  -0.173771  0.462803  
-0.00999996  0.00459251  -0.00360692  -0.252121  -0.15061  0.50804  
-0.00984282  0.00446231  -0.00363426  -0.249353  -0.205327  0.440824  
-0.0103474  0.00459251  -0.00324339  -0.23885  -0.13679  0.510687  
-0.00996177  0.00459251  -0.00342809  -0.245684  -0.219154  0.431768  
-0.0100341  0.00459251  -0.00349716  -0.238433  -0.150988  0.500322  
-0.0104634  0.00424287  -0.00324339  -0.235565  -0.154407  0.472772  
-0.00981981  0.00451847  -0.00339879  -0.233885  -0.204642  0.42113  
-0.0104751  0.00421693  -0.00335258  -0.221023  -0.0785027  0.508556  
-0.0100818  0.00441745  -0.0038333  -0.246364  -0.240833  0.435548  
-0.0106205  0.00487787  -0.00338488  -0.233186  -0.14327  0.495223  
-0.00990203  0.00446759  -0.00363684  -0.230537  -0.157903  0.459035  
-0.00995034  0.00421456  -0.00363569  -0.224615  -0.190571  0.437716  
-0.0106627  0.00430286  -0.00324339  -0.208835  -0.107149  0.486013  
-0.00992258  0.00435893  -0.00339693  -0.22092  -0.221868  0.412419  
-0.0105791  0.00421741  -0.00324339  -0.212638  -0.103188  0.482933  
-0.00995533  0.00456386  -0.00363568  -0.221035  -0.22217  0.407378  
-0.0104154  0.00443258  -0.00324339  -0.209207  -0.0970207  0.485455  
-0.00976836  0.00451424  -0.00351295  -0.22301  -0.213351  0.396708  
-0.0103691  0.00488788  -0.0033938  -0.216856  -0.0926886  0.505613  
-0.00972288  0.0044219  -0.00376434  -0.238149  -0.225597  0.411026  
-0.0102801  0.00474799  -0.00339785  -0.216836  -0.116887  0.487316  
-0.00992359  0.00440282  -0.00370552  -0.238617  -0.21474  0.426988  
-0.00984041  0.00454638  -0.00356971  -0.232736  -0.147827  0.463249  
-0.0101357  0.00446766  -0.00357318  -0.232351  -0.157009  0.460931  
-0.00951823  0.00462813  -0.0037313  -0.237587  -0.204173  0.426307  
-0.0103916  0.00461979  -0.00362252  -0.232713  -0.112625  0.486524  
-0.00936227  0.0047596  -0.00337252  -0.220187  -0.238258  0.328596  
-0.00972064  0.00470449  -0.00318573  -0.212085  -0.139575  0.431212  
-0.00974603  0.0048734  -0.00334657  -0.218938  -0.151632  0.435565  
-0.00937948  0.00510363  -0.00346201  -0.22333  -0.214604  0.385734  
-0.0102591  0.00461178  -0.00340006  -0.213164  -0.111611  0.472905  
-0.0093777  0.00466774  -0.00365983  -0.231578  -0.235351  0.372047  
-0.00950738  0.00467712  -0.00338074  -0.214004  -0.17726  0.395608  
-0.00935486  0.00446094  -0.00334088  -0.217607  -0.130713  0.445406  
-0.00925378  0.00456486  -0.0033175  -0.212294  -0.214224  0.38485  
-0.00982768  0.00463497  -0.00305896  -0.203037  -0.103336  0.478089  
-0.00931666  0.00460038  -0.00338637  -0.218459  -0.239515  0.358934  
-0.00956993  0.0044246  -0.00305896  -0.219009  -0.136332  0.428599  
-0.00992621  0.00510362  -0.00347247  -0.251726  -0.149819  0.40868  
-0.00918064  0.00444849  -0.00370987  -0.240869  -0.225437  0.374379  
-0.00995717  0.00448447  -0.00344374  -0.227665  -0.108573  0.480572  
-0.00927988  0.0046923  -0.0036523  -0.235763  -0.223307  0.391925  
-0.0094313  0.00479665  -0.0035451  -0.230244  -0.177404  0.405642  
-0.00953901  0.00498513  -0.00333534  -0.237403  -0.106699  0.486081  
-0.00839954  0.00510362  -0.00386544  -0.247557  -0.212286  0.375349  
-0.00874511  0.00501407  -0.00333534  -0.234698  -0.0902835  0.475561  
-0.00843849  0.00514801  -0.00369965  -0.25391  -0.216521  0.36264  
-0.00819137  0.00475411  -0.00333534  -0.234995  -0.11515  0.437217  
-0.00860038  0.00424579  -0.00325434  -0.214732  -0.173338  0.353087  
-0.00853621  0.00448956  -0.00322055  -0.214236  -0.149874  0.397688  
-0.00835401  0.00454166  -0.00333534  -0.222954  -0.113457  0.420261  
-0.00785763  0.00457905  -0.00333534  -0.225498  -0.202212  0.344525  
-0.00841033  0.00424564  -0.00290873  -0.217476  -0.0783203  0.447247  
-0.00806115  0.00440339  -0.00331466  -0.232677  -0.186677  0.358974  
-0.00828154  0.0047325  -0.00310756  -0.229457  -0.135255  0.391699  
-0.00865787  0.00443602  -0.00335116  -0.232602  -0.114999  0.427975  
-0.00799801  0.00462091  -0.00351051  -0.229544  -0.214617  0.312659  
-0.00819896  0.00442935  -0.0032747  -0.228888  -0.110836  0.398789  
-0.00823454  0.00503677  -0.00355813  -0.244479  -0.159263  0.36102  
-0.00812516  0.00491367  -0.0036977  -0.243614  -0.157088  0.377861  
-0.00871373  0.00486444  -0.00373449  -0.25726  -0.10397  0.413441  
-0.00778128  0.00501034  -0.00405366  -0.263009  -0.204635  0.332928  
-0.0087683  0.00518179  -0.00389311  -0.246731  -0.097389  0.449204  
-0.00838132  0.00499633  -0.00389311  -0.267484  -0.178115  0.383808  
-0.00859514  0.0051486  -0.00389311  -0.261421  -0.169379  0.36568  
-0.00865249  0.00510993  -0.00383427  -0.25163  -0.0789208  0.443652  
-0.00780815  0.00520452  -0.00408513  -0.267531  -0.201363  0.327964  
-0.00851309  0.00544513  -0.00422403  -0.269094  -0.105873  0.393125  
-0.00753385  0.00536192  -0.00421792  -0.26882  -0.114136  0.351594  
-0.00747238  0.00543443  -0.00421267  -0.26683  -0.183295  0.297536  
-0.0084679  0.00547091  -0.0042249  -0.265276  -0.0727831  0.394083  
-0.00779841  0.00547769  -0.00461907  -0.283532  -0.18584  0.309002  
-0.00805959  0.00590689  -0.00436496  -0.277094  -0.139251  0.351293  
-0.00827785  0.00558238  -0.00436496  -0.28773  -0.094421  0.387835  
-0.00801696  0.00615728  -0.00482939  -0.284504  -0.200492  0.282245  
-0.00803357  0.00597026  -0.00477808  -0.286072  -0.104204  0.364714  
-0.00814561  0.00615728  -0.00456991  -0.293027  -0.123382  0.35687  
-0.00806286  0.00586326  -0.00436496  -0.278695  -0.164397  0.356684  
-0.00867093  0.00582486  -0.0046858  -0.290098  -0.0972878  0.40138  
-0.00755214  0.00589257  -0.00491469  -0.296429  -0.201293  0.316209  
-0.00832459  0.00603885  -0.00491469  -0.295843  -0.101797  0.390454  
-0.00815867  0.00620061  -0.00491469  -0.319166  -0.183902  0.341467  
-0.0079505  0.00649283  -0.00491469  -0.310421  -0.1568  0.334711  
-0.00807834  0.0061154  -0.00501657  -0.316324  -0.0849044  0.388394  
-0.00764629  0.00628064  -0.00535437  -0.328587  -0.205432  0.300693  
-0.00786566  0.00633131  -0.00550544  -0.320411  -0.11073  0.399548  
-0.0081283  0.0065577  -0.00550544  -0.324959  -0.151696  0.340973  
-0.00747101  0.00688528  -0.00550544  -0.327244  -0.157029  0.337839  
-0.00825318  0.00695137  -0.00550544  -0.340699  -0.0998365  0.383809  
-0.00727315  0.00674267  -0.00546007  -0.349134  -0.203122  0.313604  
-0.00795942  0.00663968  -0.00541309  -0.326764  -0.0891611  0.398277  
-0.0077201  0.006724  -0.00546191  -0.346989  -0.167928  0.34511  
-0.00780871  0.00682847  -0.00557266  -0.338832  -0.172224  0.320183  
-0.00833262  0.0066289  -0.00538915  -0.331843  -0.0860386  0.415033  
-0.00799616  0.00677397  -0.00583722  -0.348577  -0.207288  0.305042  
-0.00763426  0.00648069  -0.00521303  -0.329634  -0.102583  0.386076  
-0.00791591  0.00652486  -0.00549763  -0.339678  -0.130731  0.378175  
-0.00764639  0.00658896  -0.00595672  -0.356969  -0.17589  0.337726  
-0.0081307  0.00669943  -0.00603893  -0.377547  -0.0871602  0.414739  
-0.00784128  0.00685297  -0.00610793  -0.384322  -0.206705  0.306499  
-0.00816805  0.00698925  -0.00586959  -0.369479  -0.0982651  0.417832  
-0.00771479  0.00692452  -0.00586486  -0.374951  -0.161478  0.359351  
-0.00810084  0.00714948  -0.00586628  -0.371167  -0.152784  0.368004  
-0.00818454  0.00684124  -0.00591676  -0.366509  -0.113929  0.375248  
-0.00784974  0.00707311  -0.00624907  -0.361047  -0.176109  0.308499  
-0.00820271  0.00694304  -0.00582951  -0.341965  -0.0737071  0.406064  
-0.00771949  0.00717721  -0.006268  -0.361035  -0.197228  0.293527  
-0.00819551  0.0070169  -0.00572231  -0.332282  -0.0673716  0.404511  
-0.00767752  0.00651068  -0.00575305  -0.338535  -0.193732  0.306149  
-0.00755996  0.00701493  -0.00558418  -0.332807  -0.109172  0.356115  
-0.00793441  0.00682177  -0.00576442  -0.33823  -0.107429  0.342614  
-0.00742496  0.00678162  -0.00576442  -0.329099  -0.152991  0.312032  
-0.00807861  0.00671649  -0.00575425  -0.328482  -0.0723162  0.40504  
-0.00779156  0.00682454  -0.00588795  -0.333278  -0.19488  0.333487  
-0.00796244  0.00702424  -0.00576442  -0.341285  -0.0851188  0.409169  
-0.00743609  0.006707  -0.00576442  -0.349733  -0.161918  0.342235  
-0.00758245  0.00713271  -0.00583098  -0.351802  -0.149813  0.325834  
-0.00808614  0.00704073  -0.00592929  -0.344227  -0.0801522  0.405326  
-0.00753873  0.00713364  -0.00603752  -0.360584  -0.184621  0.31602  
-0.00760499  0.00691964  -0.00561834  -0.333805  -0.0857971  0.361536  
-0.00747675  0.00659336  -0.0056047  -0.316481  -0.189184  0.217798  
-0.00715031  0.00690081  -0.0056047  -0.33365  -0.118393  0.316029  
-0.0079405  0.00658117  -0.00537644  -0.334948  -0.0957048  0.348508  
-0.00744999  0.00670249  -0.00513585  -0.307194  -0.230912  0.253763  
-0.00779136  0.00665981  -0.00530441  -0.323494  -0.0544712  0.334711  
-0.00737414  0.00706906  -0.00592561  -0.346353  -0.188665  0.261455  
-0.00741109  0.00734949  -0.00576678  -0.338065  -0.116457  0.328708  
-0.00729677  0.00719239  -0.00563384  -0.328619  -0.132183  0.285537  
-0.00710758  0.00730864  -0.00551746  -0.320555  -0.166409  0.253971  
-0.00771128  0.00714766  -0.0053204  -0.316922  -0.0718865  0.365953  
-0.00705356  0.00721882  -0.00571047  -0.326661  -0.193637  0.260734  
-0.00770717  0.00720305  -0.00571047  -0.317366  -0.0981963  0.334887  
-0.00724865  0.00699347  -0.00571047  -0.307046  -0.182051  0.269429  
-0.00761277  0.00711274  -0.00524114  -0.282123  -0.0861895  0.358622  
-0.00711203  0.0072474  -0.005446  -0.291575  -0.192922  0.28113  
-0.00720208  0.00695929  -0.00540897  -0.281292  -0.130095  0.320242  
-0.00705983  0.00663731  -0.00540552  -0.275467  -0.0971551  0.349779  
-0.00664149  0.00672003  -0.00533981  -0.275554  -0.184613  0.290346  
-0.00698126  0.00662906  -0.00520596  -0.274744  -0.0738665  0.380577  
-0.00685215  0.00702562  -0.00559261  -0.294594  -0.198344  0.240767  
-0.00691888  0.00688566  -0.00534261  -0.293663  -0.094124  0.341228  
-0.00691127  0.00699952  -0.00559261  -0.304295  -0.0868362  0.341678  
-0.00668411  0.00707658  -0.00575221  -0.310144  -0.183838  0.28672  
-0.00727417  0.00701832  -0.00561021  -0.29586  -0.0605319  0.367693  
-0.00660997  0.00703108  -0.00592072  -0.311132  -0.196122  0.266067  
-0.0069366  0.00705662  -0.00574703  -0.29199  -0.0855521  0.362737  
-0.00665506  0.00724149  -0.00574703  -0.298639  -0.130102  0.329533  
-0.00635257  0.00731484  -0.00574703  -0.311994  -0.133449  0.304578  
-0.00665065  0.00689221  -0.00586911  -0.306891  -0.0766565  0.352942  
-0.00607975  0.00710573  -0.00592156  -0.313068  -0.17487  0.30087  
-0.00649384  0.00722076  -0.00590521  -0.304745  -0.079917  0.360388  
-0.00621022  0.00741373  -0.00623614  -0.305749  -0.185133  0.254434  
-0.00635339  0.00739374  -0.00594331  -0.299081  -0.128305  0.270207  
-0.00670678  0.00725783  -0.00558809  -0.299181  -0.0759558  0.296361  
-0.00606199  0.00757172  -0.00629863  -0.300249  -0.19391  0.223835  
-0.00664217  0.0073525  -0.00584406  -0.302515  -0.070197  0.335198  
-0.00659063  0.00726208  -0.00614963  -0.309428  -0.135136  0.319034  
-0.00602483  0.00732936  -0.00599229  -0.303848  -0.165508  0.248011  
-0.0066298  0.00730416  -0.00581773  -0.297254  -0.0537526  0.352153  
-0.00603963  0.00750775  -0.00632672  -0.311235  -0.184571  0.245408  
-0.00651439  0.00726009  -0.00589655  -0.29385  -0.0701817  0.354661  
-0.00615424  0.00722317  -0.00595511  -0.29912  -0.163854  0.251167  
-0.00622816  0.00735501  -0.00598673  -0.299966  -0.112771  0.284071  
-0.00636417  0.00720295  -0.00598562  -0.306811  -0.0827055  0.324999  
-0.00651707  0.00751229  -0.00627472  -0.305953  -0.170073  0.258084  
-0.00680059  0.00721215  -0.00607167  -0.299387  -0.0533444  0.349105  
-0.00608326  0.00732628  -0.00633609  -0.312011  -0.185325  0.24778  
-0.00637578  0.00711086  -0.0061305  -0.303089  -0.0878173  0.335863  
-0.00658624  0.00731042  -0.00633609  -0.313902  -0.0858509  0.324453  
-0.00600826  0.00736138  -0.00608608  -0.310034  -0.11188  0.325615  
-0.00599928  0.00729587  -0.00633608  -0.323999  -0.0747089  0.357053  
-0.00544686  0.00714231  -0.00633609  -0.313254  -0.15786  0.283975  
-0.00647196  0.0073171  -0.00558455  -0.29957  -0.0327969  0.384991  
-0.00579795  0.00741251  -0.00608808  -0.320141  -0.165299  0.282827  
-0.00590789  0.00745996  -0.00608809  -0.310679  -0.12305  0.321867  
-0.00346021  0.00656227  -0.00589393  -0.286542  0.0171495  0.542298  
-0.00524947  0.00544397  -0.00642121  -0.333738  -0.14702  0.366182  
-0.00504266  0.00582788  -0.00542763  -0.286587  -0.0607577  0.398837  
-0.00543884  0.00624734  -0.00585348  -0.299193  -0.0859723  0.393995  
-0.00479884  0.00633096  -0.00617687  -0.310862  -0.12465  0.364944  
-0.00561596  0.00654961  -0.00611415  -0.300368  -0.0279441  0.433746  
-0.00509326  0.00685135  -0.0065154  -0.312229  -0.153918  0.340906  
-0.00555653  0.006511  -0.00611818  -0.3108  -0.0671298  0.419838  
-0.00541375  0.00654892  -0.0062654  -0.318026  -0.102747  0.389731  
-0.004911  0.00660756  -0.0065154  -0.318866  -0.11134  0.352507  
-0.00595918  0.0065696  -0.00612752  -0.294482  -0.0277072  0.438079  
-0.00518563  0.00687019  -0.00655182  -0.307147  -0.153279  0.335733  
-0.00530398  0.00677245  -0.00648224  -0.309827  -0.0862483  0.373777  
-0.00549204  0.00661013  -0.00639471  -0.302808  -0.042811  0.445464  
-0.00500239  0.00649726  -0.00636533  -0.310162  -0.154729  0.35375  
-0.00542034  0.00655411  -0.00628033  -0.293888  -0.0474653  0.429892  
-0.00519822  0.0066595  -0.00653523  -0.290725  -0.101362  0.35054  
-0.00544889  0.00674193  -0.00636533  -0.28988  -0.0888692  0.37946  
-0.00557778  0.00631091  -0.00636533  -0.280709  -0.0518044  0.377579  
-0.00470468  0.00656304  -0.00613398  -0.281817  -0.128608  0.336247  
-0.00583434  0.00645972  -0.00613007  -0.275923  -0.0291822  0.413584  
-0.00490869  0.00650698  -0.00616191  -0.278748  -0.123811  0.33643  
-0.00541705  0.00686783  -0.00621801  -0.282245  -0.0848811  0.344372  
-0.00548485  0.00691092  -0.00620044  -0.279253  -0.041582  0.372255  
-0.0052948  0.00690124  -0.00602097  -0.276612  -0.118295  0.325347  
-0.00556652  0.00681556  -0.00594521  -0.265578  -0.017299  0.398611  
-0.00513132  0.00660164  -0.00598223  -0.267847  -0.135852  0.286309  
-0.00558866  0.00653131  -0.00598223  -0.264783  -0.0387616  0.410691  
-0.00521715  0.00632261  -0.00622772  -0.271104  -0.100554  0.331765  
-0.00525914  0.00647256  -0.00598223  -0.27091  -0.0657429  0.3649  
-0.005594  0.00644999  -0.00598223  -0.278979  -0.0504288  0.382769  
-0.00507618  0.00637993  -0.00620989  -0.299742  -0.126495  0.334323  
-0.0058406  0.0065131  -0.0057829  -0.28237  -0.0242167  0.424931  
-0.005565  0.00669953  -0.00628667  -0.305254  -0.145888  0.324444  
-0.00596554  0.00664041  -0.00628667  -0.294395  -0.0384445  0.414092  
-0.00539753  0.00642378  -0.00594896  -0.283582  -0.110254  0.350591  
-0.00538449  0.00669088  -0.00607534  -0.27965  -0.0865747  0.365439  
-0.00598146  0.00657935  -0.00598198  -0.29228  -0.0380525  0.381964  
-0.00551766  0.00642353  -0.00635095  -0.286154  -0.149377  0.31468  
-0.00597708  0.00662131  -0.00628667  -0.283026  -0.0418029  0.407174  
-0.00577257  0.00640251  -0.00628667  -0.29418  -0.116485  0.342123  
-0.00597306  0.00650261  -0.00628667  -0.291132  -0.118129  0.314698  
-0.00628125  0.00658822  -0.00614201  -0.290161  -0.0203681  0.422564  
-0.00552971  0.00637415  -0.00643976  -0.303529  -0.146184  0.318848  
-0.00611833  0.0061453  -0.00610625  -0.295007  -0.0637719  0.380041  
-0.00626144  0.00601891  -0.00626621  -0.30519  -0.03065  0.420929  
-0.0055513  0.00598454  -0.00651249  -0.307636  -0.147064  0.353076  
-0.0059728  0.00657694  -0.00620745  -0.296008  -0.0319191  0.441467  
-0.00564961  0.00639487  -0.00622467  -0.294004  -0.0771929  0.428863  
-0.00568294  0.00616296  -0.00618557  -0.295082  -0.114864  0.39671  
-0.00629093  0.00629421  -0.00635944  -0.29568  -0.0150809  0.447911  
-0.00554231  0.00639829  -0.00635944  -0.309462  -0.133866  0.371469  
-0.0056414  0.00624217  -0.00635945  -0.292962  -0.0783771  0.388092  
-0.00600319  0.00594542  -0.00570753  -0.267935  -0.0206776  0.45762  
-0.00557024  0.00597243  -0.00590213  -0.291098  -0.135785  0.390863  
-0.00574125  0.00604295  -0.00590213  -0.293541  -0.0544843  0.45107  
-0.00641089  0.00620166  -0.00590213  -0.299015  -0.0378493  0.462578  
-0.00569922  0.00620982  -0.00590213  -0.305785  -0.147435  0.409817  
-0.00588011  0.00623498  -0.00596473  -0.306357  -0.0709246  0.434415  
-0.00630085  0.00611106  -0.00590212  -0.296836  -0.0477288  0.437035  
-0.00571518  0.00630242  -0.00616938  -0.304024  -0.132516  0.378147  
-0.00633986  0.00624825  -0.0058064  -0.284185  -0.0281212  0.459092  
-0.00600802  0.00611691  -0.0058402  -0.308081  -0.130334  0.372469  
-0.00588837  0.00616524  -0.00614505  -0.302482  -0.0736576  0.432342  
-0.00630607  0.00632728  -0.00615384  -0.31078  -0.0582221  0.43166  
-0.00574694  0.00628821  -0.00627885  -0.318613  -0.116983  0.387639  
-0.0064278  0.00658311  -0.00615383  -0.303919  -0.019224  0.457399  
-0.00583548  0.00618975  -0.00634232  -0.314058  -0.138844  0.374289  
-0.0062642  0.00616621  -0.00590384  -0.300423  -0.057556  0.433014  
-0.00622622  0.00641918  -0.00615383  -0.30513  -0.0803007  0.398641  
-0.00571023  0.00634276  -0.00643188  -0.317944  -0.123056  0.352077  
-0.00640263  0.00617135  -0.00608086  -0.297322  -0.0295966  0.457865  
-0.00577363  0.00640319  -0.00626112  -0.311825  -0.0980446  0.399339  
-0.00563288  0.0062958  -0.00632316  -0.314956  -0.0846306  0.377591  
-0.00625313  0.00625084  -0.00618748  -0.300511  -0.0280091  0.427442  
-0.00587932  0.0061874  -0.00621179  -0.29652  -0.138712  0.30111  
-0.00596988  0.00617286  -0.00614245  -0.290788  -0.0579233  0.374456  
-0.00611026  0.00643782  -0.00614245  -0.28571  -0.0426853  0.351462  
-0.00563887  0.00635099  -0.00603778  -0.294456  -0.115219  0.315582  
-0.0062671  0.0056334  -0.00595307  -0.284964  -0.0033536  0.406115  
-0.00577473  0.0060262  -0.00624765  -0.286523  -0.148453  0.300758  
-0.006322  0.00606578  -0.00606638  -0.292446  -0.0409978  0.356056  
-0.00611213  0.00629617  -0.00622708  -0.317435  -0.0881363  0.321638  
-0.00614422  0.00641208  -0.00660497  -0.321666  -0.10523  0.322128  
-0.00664795  0.00631952  -0.00650273  -0.320405  -0.0222057  0.390668  
-0.00581452  0.00642327  -0.00666671  -0.326758  -0.143107  0.305868  
-0.00648338  0.0063221  -0.00622215  -0.313174  -0.0324994  0.413028  
-0.00620447  0.00631237  -0.00666671  -0.331588  -0.113555  0.340847  
-0.00575695  0.00644862  -0.00646361  -0.317663  -0.0919675  0.33382  
-0.00640383  0.00645959  -0.00659178  -0.324374  -0.020414  0.39606  
-0.0059864  0.00639807  -0.00652797  -0.312687  -0.148586  0.257533  
-0.00602831  0.00645388  -0.00609834  -0.306043  -0.0435821  0.368116  
-0.00619732  0.0061851  -0.00599976  -0.310739  -0.0929952  0.295871  
-0.00598029  0.00634716  -0.00629617  -0.315399  -0.0842529  0.32697  
-0.00624521  0.00629994  -0.00614706  -0.326627  -0.0616596  0.334731  
-0.00566867  0.00579572  -0.00619569  -0.304426  -0.126265  0.261741  
-0.00674655  0.00601657  -0.00576607  -0.288037  -0.00172458  0.312253  
-0.00612496  0.00578645  -0.00591565  -0.291045  -0.126303  0.243983  
-0.00633191  0.00578421  -0.00603796  -0.288372  -0.074605  0.279089  
-0.00647891  0.00605864  -0.00587749  -0.281055  -0.0266235  0.33535  
-0.0061611  0.00589796  -0.00610517  -0.291879  -0.138076  0.235839  
-0.00631989  0.00573405  -0.00610517  -0.292214  -0.0393119  0.323736  
-0.00633488  0.00608188  -0.00618002  -0.31319  -0.0850301  0.254858  
-0.0064361  0.00644016  -0.00653433  -0.3321  -0.103374  0.274536  
-0.00682532  0.00643724  -0.00648206  -0.331726  -0.0301138  0.33488  
-0.00631463  0.00648557  -0.00677309  -0.319861  -0.154575  0.201356  
-0.00702812  0.00654382  -0.00601655  -0.311674  -0.0204132  0.342661  
-0.00653968  0.00653271  -0.00677309  -0.338622  -0.115463  0.252192  
-0.00690581  0.00661327  -0.00677309  -0.330633  -0.0963524  0.235811  
-0.00697693  0.00651635  -0.00625897  -0.329076  -0.0159546  0.311169  
-0.00610405  0.00688277  -0.00664109  -0.330445  -0.145157  0.18889  
-0.00587334  0.00639172  -0.00640241  -0.31392  -0.0288661  0.294336  
-0.00615022  0.00653945  -0.00610872  -0.314691  -0.0574139  0.265666  
-0.00596884  0.00700845  -0.00653612  -0.318288  -0.131108  0.209671  
-0.00681522  0.00668816  -0.00633056  -0.314421  -0.0107705  0.331088  
-0.00621356  0.00638004  -0.00670011  -0.343227  -0.118019  0.268008  
-0.00634616  0.00680885  -0.00670011  -0.321417  -0.0664436  0.29012  
-0.0066121  0.00652221  -0.00636913  -0.322662  -0.0485174  0.309985  
-0.00624229  0.00687085  -0.00682501  -0.336276  -0.11556  0.215643  
-0.00670547  0.00670397  -0.006575  -0.334773  -0.020779  0.301998  
-0.00618208  0.00712523  -0.00690737  -0.337948  -0.12993  0.19649  
-0.00640553  0.0065706  -0.0068384  -0.320224  -0.0616233  0.267974  
-0.00650902  0.00650041  -0.0068384  -0.33415  -0.0442027  0.27655  
-0.00594732  0.00654018  -0.00662839  -0.312876  -0.134775  0.181088  
-0.00689066  0.00620359  -0.00605078  -0.307013  -0.00666845  0.308217  
-0.00642393  0.0064942  -0.00677783  -0.330994  -0.100755  0.254768  
-0.00655325  0.00662466  -0.0067646  -0.338789  -0.0938907  0.236437  
-0.00682743  0.00673663  -0.00656081  -0.337144  -0.0214905  0.299034  
-0.0061608  0.00634176  -0.00653948  -0.319923  -0.119314  0.192695  
-0.00679273  0.006032  -0.0058589  -0.299139  -0.0156994  0.245423  
-0.00644208  0.00602338  -0.00613082  -0.306675  -0.129456  0.160752  
-0.00645052  0.00643286  -0.00585213  -0.306338  -0.0514748  0.23339  
-0.00657236  0.00641018  -0.00613082  -0.309223  -0.0474797  0.230191  
-0.00638237  0.00646638  -0.00619799  -0.309836  -0.0983541  0.208973  
-0.00679581  0.00651588  -0.00622858  -0.31246  -0.0123371  0.273206  
-0.00622983  0.00666198  -0.00660998  -0.319426  -0.14003  0.171125  
-0.0067269  0.00647728  -0.00614519  -0.314295  -0.0168967  0.280283  
-0.00594164  0.00594563  -0.00612153  -0.318145  -0.0754125  0.219693  
-0.00619538  0.00632282  -0.00611451  -0.32797  -0.101755  0.221505  
-0.00643954  0.00630349  -0.00620105  -0.309537  0.00200098  0.316325  
-0.00593719  0.00623234  -0.00633348  -0.338995  -0.103132  0.190739  
-0.00600608  0.00634645  -0.0063461  -0.336727  -0.0857141  0.218367  
-0.00642829  0.00599823  -0.00545029  -0.294891  -0.00223108  0.296548  
-0.00609643  0.00572964  -0.00593847  -0.316321  -0.124266  0.229402  
-0.00618216  0.00604431  -0.00583204  -0.315656  -0.0464373  0.277381  
-0.006576  0.006229  -0.00593848  -0.31902  -0.0292515  0.298146  
-0.0059274  0.00601691  -0.00593848  -0.32544  -0.121875  0.217698  
-0.00632815  0.00588934  -0.00568751  -0.310109  -0.0277968  0.283752  
-0.00643092  0.00622286  -0.00576827  -0.317373  -0.0632338  0.267004  
-0.00602586  0.00623403  -0.0060616  -0.318078  -0.0997325  0.205296  
-0.00662687  0.0060351  -0.00582436  -0.306859  -0.00720099  0.309473  
-0.00604911  0.00600798  -0.00584255  -0.325454  -0.0962427  0.229675  
-0.00609655  0.00581077  -0.00577883  -0.317491  -0.0747345  0.245557  
-0.00661783  0.00576586  -0.00598594  -0.315039  0.00159843  0.302692  
-0.00601641  0.00616772  -0.00601695  -0.323811  -0.118268  0.221207  
-0.00637874  0.00602013  -0.00581407  -0.32498  -0.0322995  0.29205  
-0.00673465  0.00617103  -0.00600809  -0.332765  -0.0526366  0.29042  
-0.00617026  0.00586518  -0.00587734  -0.330795  -0.109138  0.238922  
-0.00639604  0.0058528  -0.00562734  -0.320141  -0.00491408  0.271375  
-0.00634624  0.00594421  -0.00587734  -0.332742  -0.114007  0.230195  
-0.00639406  0.00624498  -0.00587734  -0.326955  -0.0724055  0.243343  
-0.00648339  0.00614202  -0.00587734  -0.324938  -0.0212047  0.291494  
-0.00592718  0.00609482  -0.00600847  -0.332828  -0.130801  0.210363  
-0.00642275  0.00609205  -0.00550226  -0.324825  -0.0281471  0.303002  
-0.00656631  0.00592571  -0.00560284  -0.327571  -0.0509353  0.285268  
-0.00597728  0.00621467  -0.00568668  -0.321547  -0.100479  0.21577  
-0.00675657  0.00603005  -0.00529959  -0.304459  0.00361572  0.303752  
-0.00588661  0.00599915  -0.00549588  -0.323853  -0.0882835  0.229878  
-0.00645223  0.00623532  -0.00549588  -0.318942  -0.0546148  0.253479  
-0.00637707  0.00591851  -0.00495151  -0.302396  -0.0171312  0.275911  
-0.0060103  0.00529682  -0.00372743  -0.241225  -0.111072  0.242061  
-0.00736472  0.00380338  -0.00272951  -0.251299  -0.0948761  0.194173  
-0.00898294  0.0040706  -0.00209875  -0.187496  -0.0499006  0.283375  
-0.00845312  0.00396711  -0.00284772  -0.184849  -0.190306  0.0825475  
-0.00884212  0.00424924  -0.00273353  -0.218397  -0.0397574  0.134439  
-0.00729276  0.00405018  -0.00320099  -0.222125  -0.157231  0.0643845  
-0.00736309  0.00422247  -0.00343337  -0.230792  -0.105095  0.118292  
-0.00795385  0.00453607  -0.00346809  -0.255929  -0.0643719  0.156956  
-0.00763401  0.00457929  -0.00359256  -0.244499  -0.169321  0.0984705  
-0.00678408  0.00425202  -0.00351769  -0.221397  -0.0287866  0.196268  
-0.00708966  0.00391368  -0.00358087  -0.239865  -0.134271  0.147104  
-0.00670737  0.00404361  -0.00359791  -0.218264  -0.0937993  0.148404  
-0.00685399  0.0036505  -0.00359791  -0.207407  -0.0262145  0.22778  
-0.00669206  0.00361043  -0.00359791  -0.227935  -0.129913  0.152712  
-0.00746308  0.00326542  -0.00337423  -0.194914  -0.0274879  0.240484  
-0.00818087  0.00307116  -0.00623674  -0.37504  -0.20694  0.17549  
-0.00825555  0.00205194  -0.00768438  -0.416091  -0.156807  0.215923  
-0.00843233  0.0026926  -0.00736583  -0.424397  -0.0893345  0.21738  
-0.00807363  0.0022903  -0.00645338  -0.374521  -0.142027  0.173074  
-0.00717871  0.00180334  -0.00480234  -0.27234  -0.00624622  0.201845  
-0.00436681  0.00186982  -0.00424576  -0.227645  -0.0899903  0.14748  
-0.00516699  0.00205372  -0.00340148  -0.200076  -0.00188889  0.234679  
-0.00509341  0.00224192  -0.00354331  -0.195538  -0.124231  0.0909965  
-0.00542655  0.00222223  -0.00354331  -0.19306  -0.00328827  0.203812  
-0.00521711  0.00254965  -0.00385521  -0.192628  -0.109198  0.084188  
-0.00535148  0.00269646  -0.00354331  -0.170475  -0.0508905  0.16909  
-0.00589548  0.00245034  -0.00354331  -0.170677  -0.0404048  0.194646  
-0.00534187  0.00190329  -0.00400455  -0.180352  -0.0943975  0.172448  
-0.00503371  0.00217573  -0.00354331  -0.169113  0.017641  0.233876  
-0.00479486  0.00206675  -0.00396808  -0.169586  -0.111972  0.167972  
-0.00576401  0.00173571  -0.00337059  -0.168912  -0.00536629  0.243099  
-0.0050698  0.00177498  -0.00354331  -0.171634  -0.091133  0.168564  
-0.00519304  0.00207828  -0.00354331  -0.164817  -0.0710189  0.175204  
-0.00523454  0.00169101  -0.00327989  -0.144505  -0.00966842  0.214177  
-0.00516446  0.00175461  -0.00354331  -0.145646  -0.113638  0.128174  
-0.00533569  0.00199541  -0.00339092  -0.145609  -0.02233  0.207144  
-0.00543331  0.00180913  -0.00339802  -0.14239  -0.0624848  0.192766  
-0.00508626  0.0017776  -0.00322591  -0.12906  -0.0720673  0.183257  
-0.00539243  0.0016509  -0.0035433  -0.139677  -0.0197708  0.22474  
-0.00487011  0.00176917  -0.0035433  -0.135442  -0.0931548  0.192133  
-0.00528272  0.00171531  -0.0035433  -0.131375  -0.0306318  0.254127  
-0.00581713  0.00229184  -0.00346794  -0.134055  -0.0677543  0.204142  
-0.00552179  0.00214055  -0.0035433  -0.126801  -0.0757799  0.207095  
-0.00580996  0.00179693  -0.0035433  -0.141659  -0.0161383  0.288807  
-0.00542208  0.001825  -0.00371421  -0.140394  -0.0835299  0.218568  
-0.00567385  0.00179724  -0.00359427  -0.141302  -0.0638626  0.230293  
-0.0061591  0.00195357  -0.0035433  -0.126998  0.00876284  0.298585  
-0.0054723  0.00216271  -0.00371796  -0.144123  -0.121375  0.208602  
-0.00614446  0.00185332  -0.0035433  -0.139072  0.00743183  0.300389  
-0.00578186  0.00200059  -0.00364975  -0.138996  -0.0658555  0.240315  
-0.00561167  0.00200049  -0.0035433  -0.140355  -0.0484927  0.241194  
-0.00443236  0.00183084  -0.0035433  -0.149804  0.00729309  0.223622  
-0.0035813  0.00172713  -0.0035433  -0.136702  -0.093264  0.145153  
-0.00483479  0.00127754  -0.00335288  -0.115284  0.0305581  0.291976  
-0.00454454  0.000881163  -0.00329991  -0.133469  -0.0549418  0.235356  
-0.00422174  0.0012192  -0.0030489  -0.108084  -0.0614505  0.215992  
-0.00507886  0.00119743  -0.0024738  -0.0935877  0.0274101  0.287057  
-0.00413422  0.00123179  -0.00272203  -0.114934  -0.0914871  0.268679  
-0.0048417  0.00163223  -0.00261887  -0.113747  -0.00173522  0.301261  
-0.00516394  0.00163223  -0.00251207  -0.120036  -0.0238988  0.295898  
-0.00472978  0.00163223  -0.00297665  -0.127792  -0.0881704  0.243471  
-0.00566978  0.00188223  -0.00257831  -0.119048  0.0355488  0.347498  
-0.00547561  0.00163223  -0.00257831  -0.136172  -0.0610821  0.269187  
-0.00578549  0.00163223  -0.00281067  -0.118426  -0.0635047  0.275595  
-0.00613332  0.00163223  -0.00257831  -0.108672  0.00939977  0.316685  
-0.00528902  0.00163223  -0.00180767  -0.0836703  -0.121919  0.115129  
-0.0059301  0.000837719  -0.000148032  -0.0539713  0.00334658  0.219385  
-0.0052067  0.00143847  -0.00237573  -0.157076  -0.0428336  0.220595  
-0.00522335  0.00207605  -0.00271597  -0.1661  -0.0832753  0.222101  
-0.00611821  0.00188713  -0.00242166  -0.142149  0.013566  0.307105  
-0.00539732  0.00216468  -0.00242166  -0.145512  -0.101619  0.219183  
-0.00580913  0.00212454  -0.00242166  -0.135772  -0.0305211  0.26393  
-0.00626015  0.00200175  -0.00218786  -0.122144  -0.0426558  0.243026  
-0.00568636  0.00256478  -0.00242166  -0.122307  -0.0794756  0.197846  
-0.00620698  0.0021075  -0.00202128  -0.126045  0.00537155  0.273733  
-0.00562244  0.00256478  -0.0022186  -0.128643  -0.0897916  0.191678  
-0.00643861  0.00225732  -0.00203136  -0.12184  0.00259419  0.285316  
-0.0063105  0.00256478  -0.00206932  -0.134945  -0.0700898  0.203832  
-0.00643902  0.00256478  -0.00199464  -0.115922  -0.0616913  0.21015  
-0.00683949  0.00214695  -0.00212399  -0.12315  -0.00151454  0.255294  
-0.00596246  0.00238915  -0.00221033  -0.12038  -0.104344  0.157882  
-0.00651337  0.00221173  -0.00201084  -0.126527  -0.0175949  0.221541  
-0.00655921  0.0019302  -0.00201084  -0.116431  -0.0530843  0.171746  
-0.0063092  0.0021942  -0.00201084  -0.115109  -0.0644053  0.194771  
-0.00712943  0.00215486  -0.00159501  -0.118328  -0.00562416  0.239021  
-0.00653908  0.00231781  -0.00204266  -0.124162  -0.106245  0.155518  
-0.00732012  0.00216367  -0.0016745  -0.120132  0.000357737  0.268067  
-0.00750242  0.00227986  -0.00172899  -0.106203  -0.0672856  0.189152  
-0.00881324  0.00188059  -0.00110527  -0.0377429  -0.062786  0.320192  
-0.0110767  0.000200917  -0.00120165  0.0850618  -0.260588  0.551947  
-0.0134527  -0.00300743  -0.00131004  0.164569  -0.154381  0.733432  
-0.0131467  -0.000139519  -0.00152551  0.129425  -0.0332355  0.682925  
-0.00675141  -0.000516595  -0.00204755  0.0775915  0.0257708  0.46227  
-0.00396036  -0.00188368  -0.000956447  0.0634717  -0.0220482  0.27787  
-0.00375453  -0.00126696  -0.000956447  0.0463361  -0.0949976  0.176968  
-0.00227399  -0.00241865  -0.000495165  0.0820514  -0.0272524  0.275128  
0.00662529  -0.00366994  -0.00143012  -0.0254395  -0.0419652  0.138805  
0.00765697  -0.00297036  -6.43949e-05  0.107581  0.0163719  0.0870322  
0.000629616  -0.000764048  0.00130802  0.115  -0.0417705  0.0106951  
4.56459e-05  -0.000876792  0.000736566  0.0773138  0.0458181  0.0674986  
-0.000271174  -0.000689077  0.000337044  0.0637342  -0.0807162  0.0226792  
-0.000445852  -0.00067084  0.000337044  0.037838  0.0486778  0.127189  
-0.000890933  -0.000266508  -2.71812e-06  0.0247654  -0.0243334  0.0657845  
-0.00130551  -0.000625739  4.67247e-05  0.0273434  -0.0401309  0.0661445  
-0.00156252  -0.000418156  -0.000220489  -0.00076254  0.0165684  0.113843  
-0.00134357  -0.000544783  -0.000396485  0.0161862  -0.0798982  0.0582686  
-0.00222608  -0.000387508  -0.000163667  0.0236171  0.0447792  0.0986131  
-0.00183962  -0.000186136  -0.000163667  0.0289719  -0.0684977  0.0190092  
-0.00220355  -0.000139989  -4.77878e-05  0.0292  0.0208944  0.0809301  
-0.00237438  -0.000402718  -0.000163667  0.0240734  0.0134225  0.118211  
-0.00222915  -0.000136451  -0.000235824  0.0235923  -0.0604171  0.0625796  
-0.00378766  7.35493e-05  -0.000163667  -0.0182045  0.093218  0.111946  
0.00322632  0.000386997  -0.000163667  -0.034374  -0.081633  -0.0643035  
0.0011491  -0.0015782  -0.000590926  0.0508157  0.00883986  0.0419656  
-5.1433e-05  -2.29483e-05  6.92788e-05  0.00650948  0.00635155  -0.00881945  
-0.00165252  0.00123421  0.000320628  -0.0105868  -0.0727429  -0.0327376  
-0.00222099  0.000885239  0.000394197  -0.0109004  0.0416162  0.0427749  
-0.00171017  0.00078221  0.000183629  -0.0108143  -0.0679811  -0.012737  
-0.0021214  0.00078721  0.000183629  0.00483919  -0.00806405  -0.000825045  
-0.00236144  0.00082084  0.000241226  0.00116492  0.0110867  0.00477659  
1.80975e-05  0.00146636  -0.000557943  -0.0628273  -0.0504897  -0.031802  
-0.00176705  -0.000112476  -8.95408e-05  -0.0137747  0.0328049  0.0152364  
-0.0021735  0.000785787  0.000536279  0.0100079  -0.043279  -0.0157852  
-0.00283519  0.000918454  0.000536279  0.0101486  0.0405073  0.0421032  
-0.00219295  0.000816648  0.000536279  0.0197508  -0.0755912  -0.0302847  
-0.00264124  0.000548083  0.000536279  0.0243534  0.0459468  0.0275343  
-0.00241099  0.000796345  0.000536279  0.0266203  -0.064825  -0.0482278  
-0.00270579  0.000521337  0.000601251  0.0299498  0.0230017  0.0116906  
-0.00258149  0.000796345  0.000536279  0.0130485  -0.0356959  -0.0212217  
-0.00275281  0.000796345  0.000602544  0.0124668  4.23324e-05  0.0149053  
-0.00330206  0.000796345  0.000536279  0.00804019  -0.0145108  0.00673853  
-0.00275392  0.000796345  0.000536279  0.0136658  -0.0490623  -0.00173775  
-0.00316792  0.000393889  0.000624911  0.017472  0.0324296  0.048662  
-0.002972  0.000429451  0.000536279  0.0290228  -0.0690697  -0.0159469  
-0.00317133  0.00033711  0.000650619  0.0289694  0.0335076  0.0501392  
-0.0028865  0.000439974  0.000536279  0.0246343  -0.0546819  -0.0164126  
-0.00309059  0.000298483  0.000536279  0.0342385  -0.0181265  0.0139696  
-0.00378319  3.2247e-05  0.000536279  0.0379089  0.0308583  0.053661  
-0.00315  0.00010978  0.000536279  0.0401234  -0.068588  0.0184935  
-0.00407963  -4.15632e-06  0.000536279  0.0358068  0.0347193  0.099555  
-0.00400676  0.000152026  0.000427655  0.0337856  -0.0484231  0.0366469  
-0.00416111  0.000114199  0.000536279  0.0375153  -0.00139983  0.0660299  
-0.00449845  -0.000394532  0.000761246  0.0539453  -0.0170943  0.0686683  
-0.00392084  -0.000551844  0.0015273  0.0576043  -0.0293415  0.0637438  
-0.00390759  -0.00064594  0.0015273  0.0613163  0.0573733  0.142566  
-0.00388027  -0.000769851  0.00113841  0.0750476  -0.0643781  0.0581154  
-0.00397111  -0.00116792  0.00132517  0.0877169  0.0144616  0.12365  
-0.00405343  -0.000496264  0.00133981  0.0700689  0.00221473  0.0738481  
-0.00385143  -0.00061263  0.00119819  0.103361  -0.0406346  0.150721  
-0.00639254  -0.00061374  0.00122306  0.187982  -0.186538  0.421483  
-0.00782268  -0.00244919  0.0015273  0.239169  -0.10156  0.489639  
-0.00756352  -0.00303364  0.00159869  0.250289  -0.0738366  0.426892  
-0.00462588  -0.00637948  0.000835784  0.3717  -0.0509467  0.645655  
-0.00611062  -0.00619634  0.0021947  0.36722  -0.105974  0.521124  
-0.00476734  -0.00713142  0.00114212  0.365555  0.00980633  0.62029  
-0.00683909  -0.00618102  0.00110352  0.364481  0.0382774  0.532576  
-0.00705578  -0.00545463  0.000127484  0.280401  0.0372275  0.48514  
-0.00614763  -0.00514207  0.000389699  0.275941  -0.145539  0.309055  
-0.00603762  -0.0049758  0.00114491  0.269676  0.0103584  0.306801  
-0.00576833  -0.00432411  0.000975051  0.243095  -0.0712653  0.253371  
-0.00570186  -0.00437879  0.000731006  0.23188  -0.0380406  0.264707  
-0.00623991  -0.00417228  0.000656874  0.211292  -0.00869501  0.304203  
-0.00614179  -0.00460562  0.000446702  0.224479  -0.0763474  0.257896  
-0.00674847  -0.00414927  0.000620721  0.210774  0.0240443  0.327249  
-0.00670767  -0.00410376  0.000481652  0.21669  -0.102872  0.234608  
-0.00704258  -0.00383745  0.00072756  0.216087  -0.0106014  0.282321  
-0.00648286  -0.00370032  0.000350868  0.206505  -0.0859983  0.246074  
-0.00746494  -0.00389766  0.00047269  0.210045  -0.00616184  0.299764  
-0.00740467  -0.00396022  0.00072406  0.210062  -0.0423622  0.257012  
-0.00757705  -0.00396918  0.00072406  0.222472  -0.0323097  0.274091  
-0.00762194  -0.00397201  0.00072406  0.217233  -0.0336502  0.245664  
-0.00733936  -0.00386476  0.00072406  0.226041  -0.0489839  0.257157  
-0.00798337  -0.00393842  0.00075795  0.222857  0.00549088  0.295147  
-0.00766179  -0.00363403  0.000703455  0.221466  -0.103068  0.238419  
-0.00781223  -0.00400434  0.00125447  0.239579  0.0201524  0.285217  
-0.00717947  -0.00396137  0.00123458  0.234378  -0.0894014  0.200406  
-0.00741216  -0.00390613  0.00115143  0.2329  -0.0147521  0.261811  
-0.00790078  -0.00371792  0.00107557  0.219334  -0.035874  0.238977  
-0.00734572  -0.0040989  0.00105078  0.234941  -0.0937007  0.181178  
-0.00804401  -0.00384546  0.00106343  0.22695  0.0068461  0.193759  
-0.00793308  -0.00372225  0.00115897  0.235902  -0.106226  0.151219  
-0.00879804  -0.00361095  0.00112533  0.226263  -0.0050694  0.190146  
-0.00767987  -0.00331671  0.00110016  0.223401  -0.104276  0.131444  
-0.00828535  -0.0029964  0.00109701  0.20275  0.0196292  0.218347  
-0.00824393  -0.00312253  0.00116731  0.210887  -0.108943  0.149767  
-0.00849641  -0.00326846  0.00109578  0.215318  -0.0349765  0.185748  
-0.00844009  -0.00343588  0.00116278  0.216959  -0.0446148  0.166578  
-0.00787072  -0.0035389  0.00150139  0.229004  -0.0513451  0.20801  
-0.00919613  -0.00318755  0.00150139  0.218932  -0.0553833  0.183671  
-0.00890348  -0.00342737  0.0013283  0.217055  -0.0635026  0.198723  
-0.00866682  -0.00325912  0.00150139  0.208214  -0.0336699  0.126094  
-0.00885441  -0.00352497  0.00150139  0.219839  -0.0637974  0.131396  
-0.00901773  -0.00357317  0.00162792  0.212788  -0.0190177  0.166559  
-0.00845959  -0.00342626  0.00175581  0.225287  -0.0988862  0.128278  
-0.00945754  -0.00341358  0.00164811  0.227647  0.00238726  0.190901  
-0.00873874  -0.00347127  0.00157836  0.233182  -0.112488  0.132468  
-0.00876621  -0.00364937  0.00156255  0.229305  -0.0314155  0.165619  
-0.00877478  -0.00308179  0.00166108  0.222478  -0.0520487  0.126026  
0.00198097  -0.000732127  0.0027523  0.294112  -0.116135  -0.197319  
-0.000840194  -0.00771862  -0.000368951  0.115594  0.111414  0.325756  
0.000202141  0.00624514  0.0310481  0.486091  0.0132348  -0.0339312  
-0.00269171  -0.00125284  0.0210078  0.456714  0.0410759  -0.0810573  
-0.00222661  -0.00314982  0.0142452  0.430608  0.062579  -0.0143175  
-0.00200942  -0.00305183  0.0137903  0.436832  -0.0210688  -0.029052  
-0.00306488  -0.00327276  0.0133026  0.433564  0.0978155  0.0702937  
-0.00303128  -0.00320633  0.0130093  0.432658  0.00752923  0.0325087  
-0.00321064  -0.00386575  0.0133693  0.466156  0.0416374  0.0668113  
-0.00329318  -0.00380694  0.0131068  0.446496  0.0365574  0.0482039  
-0.00275603  -0.00384777  0.0130813  0.453975  0.0131999  0.0363084  
-0.00395348  -0.00328312  0.01129  0.370073  0.128  0.133452  
-0.00334909  -0.00355974  0.0107877  0.357136  -0.0149151  0.0858057  
-0.00404206  -0.00340407  0.0112349  0.365885  0.0591561  0.134681  
-0.00438459  -0.00322952  0.0103085  0.332127  0.0889929  0.155104  
-0.00387937  -0.00318966  0.0103335  0.343286  -0.00330953  0.10353  
-0.00473313  -0.00335259  0.010046  0.330086  0.11878  0.167804  
-0.00459792  -0.00341141  0.0102871  0.338414  -0.00541662  0.11317  
-0.0046539  -0.00334755  0.0102871  0.338766  0.0700144  0.138707  
-0.00506452  -0.00345233  0.00997706  0.325023  0.082804  0.158087  
-0.00432262  -0.00343226  0.0101038  0.328935  0.0116532  0.119113  
-0.00518629  -0.00334981  0.0101026  0.323641  0.113509  0.170971  
-0.00426775  -0.00314163  0.00994993  0.324007  -0.00202675  0.10463  
-0.00526298  -0.00314318  0.0100095  0.32115  0.109814  0.16751  
-0.00511059  -0.00308508  0.00940102  0.301857  0.00639292  0.120519  
-0.00534325  -0.00295197  0.00922961  0.301094  0.0441501  0.149888  
-0.00511218  -0.00110471  0.00783597  0.221764  0.0545112  0.0477743  
-0.00515551  -0.00151924  0.00854359  0.253357  0.023751  0.093496  
-0.0041747  -0.0024852  0.00789877  0.244584  0.0893289  0.15329  
-0.00412231  -0.00275087  0.00789876  0.262681  -0.00188975  0.112187  
-0.00491139  -0.00247421  0.00789876  0.24163  0.1112  0.200725  
-0.00464312  -0.00156822  0.00739828  0.218856  0.0230169  0.0944323  
-0.00474355  -0.00163067  0.00706151  0.231817  0.0351456  0.135923  
-0.00556858  -0.00235161  0.0068375  0.24997  0.193656  0.251849  
-0.00697953  -0.00631858  0.00410444  0.0524898  0.0235746  0.371842  
-0.00870718  -0.0101521  0.0101351  0.219975  -0.0523111  0.357567  
-0.00165543  -0.0150343  0.0314533  0.667325  0.0624989  0.0236664  
-0.00333786  -0.0134035  0.0226842  0.552318  0.0964164  -0.0022855  
-0.00332104  -0.0134219  0.0216106  0.542429  0.0600037  -0.0256477  
-0.00386574  -0.0128691  0.0207795  0.524002  0.129307  0.058748  
-0.00354005  -0.0129099  0.0192409  0.482248  0.0686289  0.0172874  
-0.00412082  -0.0124078  0.018625  0.469134  0.0567245  0.0190741  
-0.00483497  -0.0129386  0.0187218  0.461177  0.131089  0.0784247  
-0.00432595  -0.0122838  0.0182876  0.451382  0.0208774  0.0111025  
-0.004603  -0.0119713  0.0179815  0.451437  0.0790347  0.0511511  
-0.00460761  -0.0110276  0.0171575  0.418906  0.0750486  0.0502479  
-0.00441885  -0.0113913  0.0171761  0.425167  0.040779  0.0260885  
-0.00523222  -0.0113975  0.0171761  0.422604  0.123802  0.079659  
-0.00439789  -0.0116771  0.0177883  0.458905  0.010302  0.0202045  
-0.00522119  -0.0112606  0.0173727  0.4304  0.12127  0.0648079  
-0.0046289  -0.011057  0.0167703  0.422691  0.0378083  0.0139445  
-0.0051846  -0.0114234  0.0169261  0.43114  0.107215  0.0664178  
-0.00479872  -0.0112281  0.0166419  0.418117  0.0395043  0.0029422  
-0.00514224  -0.011352  0.0171761  0.411136  0.105427  0.0681307  
-0.00481027  -0.0113615  0.0166208  0.399043  0.068569  0.040856  
-0.00503138  -0.01133  0.0161216  0.391862  0.071144  0.0642121  
-0.00592527  -0.01154  0.0166271  0.39357  0.133131  0.107145  
-0.00571472  -0.0107748  0.0155505  0.349007  0.0126879  0.043059  
-0.00610471  -0.0111597  0.0157351  0.360531  0.0916685  0.0813175  
-0.00623396  -0.0102609  0.0150931  0.342065  0.101562  0.0853344  
-0.00623104  -0.0104751  0.0150483  0.345067  0.0549978  0.0691234  
-0.00658468  -0.0102889  0.0150308  0.337381  0.138187  0.132431  
-0.00588423  -0.0101345  0.0145919  0.336531  0.0229119  0.0508564  
-0.00628901  -0.0102986  0.014839  0.339659  0.160015  0.152088  
-0.0046454  -0.00976743  0.0146655  0.326971  0.0501986  0.058312  
-0.00528791  -0.00915175  0.0140613  0.304576  0.125933  0.125212  
-0.00596387  -0.00954539  0.0137043  0.28813  0.0857768  0.126712  
-0.00532029  -0.00945515  0.013598  0.286541  0.0574265  0.118581  
-0.00640935  -0.00980472  0.0137043  0.275609  0.138394  0.177906  
-0.00615397  -0.00971901  0.0137043  0.265771  0.0117492  0.126771  
-0.00628054  -0.00977489  0.0134603  0.283597  0.0816111  0.148583  
-0.00660728  -0.00945003  0.0132765  0.262627  0.0919181  0.166546  
-0.00611401  -0.00980229  0.0129413  0.266035  0.0447762  0.146268  
-0.00687814  -0.00981175  0.0126863  0.229857  0.124157  0.216938  
-0.00713418  -0.00930123  0.0117238  0.204603  0.0588434  0.186329  
-0.00642586  -0.009135  0.0111303  0.204562  0.0559355  0.177564  
-0.00693456  -0.00936957  0.0111303  0.204591  0.135005  0.240926  
-0.00666623  -0.00919178  0.0111303  0.204586  0.0309349  0.177381  
-0.0062531  -0.00860969  0.010382  0.193346  0.0613473  0.179871  
-0.00697469  -0.00905961  0.0109767  0.209448  0.148228  0.25465  
-0.00677357  -0.00904611  0.0105521  0.188826  0.0516412  0.192913  
-0.00673108  -0.00900357  0.0106978  0.192979  0.084384  0.205912  
-0.00703283  -0.00906806  0.0105521  0.186184  0.126921  0.208292  
-0.00635764  -0.00868954  0.00996644  0.18334  0.0278505  0.159365  
-0.00727622  -0.00887964  0.0103847  0.195273  0.165418  0.245998  
-0.00660288  -0.00857565  0.0100288  0.181017  0.0289918  0.16811  
-0.0071792  -0.00862193  0.0103848  0.18657  0.109468  0.220365  
-0.00699814  -0.0089138  0.0102687  0.187784  0.0957165  0.205728  
-0.00658347  -0.00904961  0.0103089  0.18832  0.0562755  0.179499  
-0.00693786  -0.00898727  0.0103163  0.183051  0.149399  0.24485  
-0.00680971  -0.00907247  0.00981252  0.169248  0.0460207  0.18735  
-0.00700478  -0.00903768  0.0100151  0.186415  0.116513  0.24966  
-0.00718811  -0.00918816  0.010368  0.17488  0.113254  0.23001  
-0.00688262  -0.0088377  0.00981252  0.17907  0.0418197  0.184785  
-0.00748742  -0.00869573  0.0103928  0.186028  0.170287  0.288142  
-0.00656889  -0.008992  0.0101428  0.182697  0.0619392  0.217314  
-0.00667358  -0.00909353  0.0101833  0.196064  0.0838885  0.207967  
-0.00701602  -0.00907456  0.0104075  0.200634  0.124455  0.210609  
-0.00673314  -0.00886844  0.0101575  0.193204  0.0526147  0.209747  
-0.00740751  -0.00905016  0.0104075  0.204932  0.15345  0.271547  
-0.00689066  -0.00863473  0.00996093  0.166123  0.0409554  0.199206  
-0.00722645  -0.00861777  0.0099728  0.16345  0.134404  0.28388  
-0.00731334  -0.00847806  0.00981027  0.1425  0.0762276  0.230463  
-0.00668978  -0.00846908  0.00975429  0.157291  0.0787119  0.234655  
-0.00778308  -0.00874505  0.0102041  0.162468  0.130468  0.278778  
-0.00682344  -0.00832309  0.0095307  0.158934  0.0246343  0.210969  
-0.00745735  -0.0090077  0.0100829  0.173392  0.142532  0.301527  
-0.00718376  -0.00845129  0.00983294  0.163076  0.0799995  0.257787  
-0.0072389  -0.00867905  0.00998638  0.173266  0.070458  0.234364  
-0.00792818  -0.00855208  0.0100347  0.192285  0.152527  0.294114  
-0.00725633  -0.00881841  0.00986618  0.172981  0.0385809  0.236235  
-0.00751453  -0.00881188  0.0100347  0.191801  0.135916  0.306125  
-0.00765673  -0.00873562  0.0100347  0.191792  0.108677  0.255392  
-0.00721227  -0.00871712  0.0100347  0.194861  0.0497665  0.205086  
-0.00795553  -0.00915492  0.0102669  0.196117  0.174067  0.301945  
-0.00712156  -0.00929333  0.0102685  0.174714  0.044471  0.260855  
-0.00790687  -0.00930774  0.0103238  0.194954  0.139965  0.315924  
-0.00791548  -0.00913991  0.0104372  0.184571  0.0781965  0.262826  
-0.00783948  -0.00892883  0.0102604  0.182674  0.0878442  0.27023  
-0.00855637  -0.00907196  0.0103156  0.179825  0.119195  0.300393  
-0.00784973  -0.00929616  0.0104859  0.193136  0.0653128  0.259569  
-0.0088816  -0.00919571  0.0109383  0.196938  0.154788  0.335512  
-0.00782085  -0.00905192  0.0099777  0.179086  0.034388  0.244492  
-0.00849538  -0.00964727  0.0104765  0.191214  0.148168  0.342098  
-0.00862784  -0.00939256  0.0104765  0.184727  0.093233  0.31491  
-0.00839151  -0.00938594  0.0103873  0.195761  0.0738745  0.28452  
-0.00923726  -0.00980011  0.0104923  0.194339  0.167333  0.355259  
-0.00843713  -0.00931549  0.010278  0.173997  0.0492382  0.305344  
-0.00839728  -0.0093487  0.0105061  0.19027  0.112837  0.327426  
-0.0087876  -0.00935755  0.0107892  0.189169  0.133759  0.344992  
-0.00804993  -0.00908002  0.00993455  0.168675  0.0351185  0.264819  
-0.00901898  -0.00940289  0.0105044  0.184434  0.160987  0.36347  
-0.00834209  -0.00911367  0.00999196  0.178004  0.0383726  0.258567  
-0.00857078  -0.00983098  0.0111137  0.219181  0.106533  0.311999  
-0.00901629  -0.00991829  0.011254  0.214419  0.081941  0.274965  
-0.0086155  -0.00977072  0.011004  0.214364  0.0880434  0.296391  
-0.00893103  -0.00972635  0.0106709  0.194572  0.108196  0.30283  
-0.00854708  -0.00911057  0.0106709  0.190209  0.0296672  0.268081  
-0.00673273  -0.0115364  0.0111312  0.269363  0.17234  0.412515  
-0.00658948  -0.0149397  0.0129639  0.34646  0.0745322  0.494922  
-0.00664893  -0.0178613  0.0139796  0.397739  0.136617  0.58459  
-0.0073932  -0.0160347  0.012587  0.342207  0.116509  0.553461  
-0.00720855  -0.0157006  0.0120603  0.332022  0.0773248  0.512632  
-0.00841337  -0.014958  0.0120603  0.333411  0.158209  0.559583  
-0.00749779  -0.014112  0.0107464  0.281632  0.059126  0.474408  
-0.0076247  -0.0135231  0.0107464  0.267534  0.110397  0.523039  
-0.00846717  -0.0131928  0.01134  0.258935  0.119962  0.468221  
-0.00786084  -0.0127344  0.0104964  0.251286  0.0245786  0.39351  
-0.00864464  -0.0132498  0.0112506  0.265212  0.174903  0.492102  
-0.00843115  -0.013032  0.0110257  0.293587  0.0667217  0.460494  
-0.00968539  -0.0136071  0.0117912  0.366922  -0.0161092  0.403851  
-0.0106284  -0.0136907  0.00969482  0.431507  -0.235725  0.360827  
-0.012269  -0.014623  0.00811572  0.260829  -0.0759598  0.329722  
-0.0096995  -0.0152841  0.00538093  0.132708  -0.0485381  0.201617  
-0.00917488  -0.017104  0.00564923  0.217597  0.0493862  0.311676  
-0.0106907  -0.0203837  0.00687234  0.318469  -0.0739289  0.304187  
-0.0116591  -0.019865  0.00945912  0.393746  0.0113717  0.32645  
-0.0139964  -0.0227222  0.0104838  0.448576  -0.149126  0.27394  
-0.0233756  -0.0293039  0.0149798  0.535056  0.156294  0.704034  
-0.0281109  -0.0330246  0.0165471  0.628246  -0.274693  0.653338  
-0.0295662  -0.0316994  0.018307  0.70455  -0.214336  0.498564  
-0.0282532  -0.0254881  0.0161787  0.577892  -0.375212  0.150442  
-0.0291645  -0.0246548  0.0159349  0.580153  -0.177791  0.136067  
-0.0296298  -0.0240076  0.0155811  0.572338  -0.313514  0.0560653  
-0.0289773  -0.0247578  0.0155022  0.607981  -0.169066  0.11788  
-0.028798  -0.0214193  0.0143965  0.531489  -0.323194  -0.0359248  
-0.0283388  -0.0211736  0.0138693  0.517216  -0.216581  0.0296484  
-0.030584  -0.0232963  0.0158693  0.57748  -0.220175  0.0674319  
-0.0286369  -0.0222775  0.0143557  0.551332  -0.31573  -0.0536081  
-0.030711  -0.0235159  0.0154663  0.600728  -0.176651  0.0205843  
-0.029866  -0.0238001  0.0143191  0.583291  -0.350652  -0.153749  
-0.0287995  -0.0238361  0.013462  0.580338  -0.202785  -0.0837419  
-0.0290875  -0.0241554  0.0130063  0.562107  -0.269262  -0.165648  
-0.0302459  -0.0241795  0.0132114  0.58243  -0.279894  -0.180135  
-0.0301914  -0.0242314  0.0134822  0.597517  -0.240215  -0.172216  
-0.0282051  -0.0237102  0.0133335  0.583388  -0.279544  -0.16078  
-0.0299205  -0.0232288  0.0139446  0.574709  -0.213359  -0.12484  
-0.0300104  -0.022936  0.012873  0.562774  -0.337784  -0.197903  
-0.0301068  -0.0239821  0.0136028  0.596131  -0.187094  -0.091891  
-0.0297607  -0.0235627  0.012873  0.591285  -0.344795  -0.211434  
-0.0300723  -0.0235462  0.0130694  0.593183  -0.201071  -0.0938468  
-0.0298485  -0.0233539  0.0123977  0.576609  -0.331255  -0.245963  
-0.0303927  -0.023223  0.0131482  0.586307  -0.231353  -0.12324  
-0.030721  -0.0233043  0.0129229  0.568824  -0.299534  -0.228932  
-0.0300611  -0.023006  0.0129229  0.588213  -0.286619  -0.192058  
-0.0298015  -0.0236  0.0133645  0.595641  -0.184847  -0.146883  
-0.0299127  -0.0233908  0.0133556  0.601168  -0.347889  -0.273219  
-0.0288934  -0.022748  0.0138589  0.610766  -0.198429  -0.199995  
-0.0305949  -0.0231155  0.0133556  0.611026  -0.27935  -0.240291  
-0.0292436  -0.022351  0.0136118  0.608451  -0.27815  -0.24032  
-0.0298571  -0.0226377  0.0140119  0.630897  -0.233603  -0.25185  
-0.0296273  -0.0219524  0.0138016  0.616496  -0.321085  -0.30992  
-0.0310039  -0.0217223  0.0136771  0.60901  -0.209296  -0.234731  
-0.0310557  -0.0219202  0.0138256  0.603315  -0.330885  -0.31437  
-0.0310727  -0.0216966  0.0138256  0.599558  -0.247774  -0.247224  
-0.0309446  -0.0213371  0.0138256  0.587204  -0.293154  -0.313245  
-0.0319226  -0.0198224  0.0135779  0.56027  -0.336984  -0.38563  
-0.0322099  -0.0198537  0.0134549  0.541455  -0.231712  -0.349817  
-0.0319856  -0.0195533  0.0131995  0.534522  -0.355344  -0.400237  
-0.0323485  -0.0192443  0.0131995  0.547168  -0.290374  -0.364176  
-0.0330217  -0.0197167  0.0137963  0.549128  -0.262747  -0.355052  
-0.0324312  -0.0195595  0.0139113  0.558172  -0.366432  -0.435217  
-0.0326459  -0.0191897  0.0137509  0.54588  -0.221957  -0.309238  
-0.0324305  -0.0195321  0.0138316  0.548379  -0.364501  -0.421076  
-0.0326308  -0.0192386  0.0136199  0.55832  -0.280214  -0.356744  
-0.0336052  -0.0195427  0.0140797  0.553118  -0.298218  -0.414386  
-0.032402  -0.0189849  0.0138455  0.54376  -0.354386  -0.430217  
-0.0323136  -0.0199697  0.0138136  0.543527  -0.238895  -0.349703  
-0.031493  -0.0168947  0.0129445  0.466613  -0.35326  -0.492568  
-0.0319813  -0.016922  0.0124268  0.469228  -0.277991  -0.441055  
-0.0324946  -0.0176645  0.0124268  0.471288  -0.293243  -0.425991  
-0.0322047  -0.0173839  0.0124269  0.471689  -0.347078  -0.446626  
-0.0324022  -0.0177484  0.0124269  0.467435  -0.266098  -0.391875  
-0.031818  -0.0174149  0.0124269  0.485681  -0.357151  -0.465104  
-0.0324493  -0.0177358  0.0129238  0.485087  -0.282908  -0.393282  
-0.0327212  -0.0179437  0.0129806  0.492673  -0.297141  -0.388753  
-0.0322205  -0.0181046  0.0132484  0.503305  -0.347508  -0.464435  
-0.0324492  -0.0181052  0.0134576  0.515763  -0.292601  -0.393746  
-0.0328872  -0.024061  0.0147067  0.63428  -0.250271  -0.296995  
-0.0283403  -0.0266476  0.0257215  0.931487  -0.290252  -0.277731  
-0.0304794  -0.0263457  0.0248544  0.906667  -0.226255  -0.26649  
-0.0301257  -0.0265164  0.0243853  0.925633  -0.325932  -0.343203  
-0.0303729  -0.026054  0.0240803  0.925752  -0.280419  -0.334187  
-0.0309759  -0.026343  0.0242791  0.921785  -0.173711  -0.279838  
-0.0305781  -0.0261802  0.0241581  0.930805  -0.298893  -0.330393  
-0.0302555  -0.0260984  0.0234105  0.906802  -0.278289  -0.291912  
-0.0314582  -0.0272918  0.0237867  0.889641  -0.153501  0.291425  
-0.027931  -0.0204029  0.028621  0.804288  -0.307979  -0.0918807  
-0.025818  -0.0341235  0.0301334  1.20399  -0.104801  0.0467664  
-0.0266163  -0.0341278  0.0295123  1.18145  -0.302172  -0.0500646  
-0.0275983  -0.0335652  0.0293056  1.14607  -0.205209  0.0255098  
-0.0294157  -0.0339043  0.0294911  1.1366  -0.222064  0.0102722  
-0.0288277  -0.0340214  0.0293123  1.14562  -0.27582  0.0243558  
-0.0293464  -0.033914  0.0293792  1.13225  -0.172369  0.10298  
-0.0302307  -0.0340831  0.0293762  1.12023  -0.262822  0.053648  
-0.0295707  -0.0336231  0.02931  1.13264  -0.267988  0.0613935  
-0.0301697  -0.0338627  0.0297918  1.13366  -0.169264  0.149369  
-0.0303531  -0.0343513  0.0296652  1.13052  -0.301305  0.0854187  
-0.0307071  -0.0342644  0.029785  1.14329  -0.257246  0.109941  
-0.0307423  -0.0349011  0.0301147  1.14834  -0.197074  0.158928  
-0.0308752  -0.0347617  0.0298752  1.1417  -0.321578  0.144607  
-0.0310617  -0.0351452  0.0303096  1.14517  -0.220703  0.199577  
-0.0314316  -0.0353754  0.0307706  1.16237  -0.22659  0.16375  
-0.03054  -0.0355897  0.0307566  1.16991  -0.297529  0.115015  
-0.0310755  -0.0356952  0.0309277  1.18954  -0.20765  0.198144  
-0.0321685  -0.0373217  0.0320569  1.25575  -0.235451  0.265467  
-0.031716  -0.0383789  0.0312221  1.2833  -0.323276  0.305792  
-0.0326933  -0.0364142  0.0303427  1.23244  -0.232707  0.206158  
-0.0302738  -0.0353837  0.0295118  1.22967  -0.348651  0.0564941  
-0.0304199  -0.0350056  0.0293874  1.22673  -0.248019  0.0685818  
-0.0304516  -0.035219  0.0287068  1.20769  -0.23531  0.0910606  
-0.0308381  -0.0345141  0.0284109  1.19227  -0.302241  0.0773152  
-0.0311561  -0.0342427  0.0285699  1.19239  -0.219875  0.115421  
-0.0304604  -0.0336593  0.0287084  1.1923  -0.335151  0.0339647  
-0.0309184  -0.0334947  0.0283559  1.1938  -0.192671  0.107435  
-0.0309604  -0.0334934  0.0276518  1.17077  -0.32481  0.0275503  
-0.0307696  -0.0329615  0.0279421  1.16851  -0.2677  0.0935872  
-0.0313195  -0.0329653  0.0278997  1.18146  -0.240097  0.0619315  
-0.0307509  -0.0330192  0.0279774  1.19  -0.316102  0.0424439  
-0.030863  -0.0326871  0.027522  1.1659  -0.177462  0.10651  
-0.0303253  -0.0322802  0.0266455  1.12664  -0.304694  0.0402334  
-0.0308713  -0.0318586  0.0267315  1.12482  -0.214177  0.108406  
-0.0298481  -0.0317829  0.0263018  1.12702  -0.264779  0.0479488  
-0.0297145  -0.0311599  0.026637  1.13462  -0.260561  0.0661914  
-0.030426  -0.0318291  0.0269276  1.15423  -0.163481  0.103038  
-0.0302758  -0.0315677  0.0265334  1.15611  -0.337162  0.044642  
-0.0304123  -0.0315882  0.0266728  1.14926  -0.229379  0.0959377  
-0.0308471  -0.0321195  0.0265583  1.15013  -0.244344  0.080497  
-0.0301521  -0.0318279  0.0265355  1.14495  -0.296197  0.0832606  
-0.0307717  -0.0325981  0.0273385  1.18159  -0.17041  0.12057  
-0.0312235  -0.0334774  0.02746  1.18861  -0.311371  0.065759  
-0.0310714  -0.0327439  0.0269952  1.14802  -0.197425  0.137655  
-0.0305887  -0.0329714  0.0262755  1.1493  -0.264238  0.0759918  
-0.0305249  -0.0329958  0.026367  1.16974  -0.290693  0.0723455  
-0.0306288  -0.0329674  0.0263592  1.16259  -0.180482  0.135748  
-0.0295681  -0.0323621  0.0260363  1.14695  -0.314855  0.0934075  
-0.0301717  -0.0339856  0.0260043  1.16685  -0.15956  0.159493  
-0.0286859  -0.0353719  0.0248617  1.16989  -0.296132  0.0682018  
-0.0296756  -0.0349007  0.0256894  1.17892  -0.211023  0.131407  
-0.0295862  -0.0353057  0.0254546  1.19792  -0.231616  0.134123  
-0.0293594  -0.0348342  0.0253963  1.18855  -0.25669  0.13159  
-0.0296745  -0.0348332  0.0252182  1.17846  -0.205481  0.164658  
-0.0293277  -0.034556  0.025312  1.18354  -0.268383  0.14682  
-0.0297799  -0.0349969  0.0256457  1.20951  -0.210384  0.159736  
-0.0286634  -0.0344457  0.0251638  1.19486  -0.29934  0.080966  
-0.0292097  -0.0341746  0.0250106  1.17145  -0.155984  0.185655  
-0.0294608  -0.0344861  0.0249729  1.17013  -0.290082  0.117502  
-0.0293247  -0.0337614  0.025425  1.16663  -0.231595  0.17921  
-0.0295768  -0.0344976  0.0255512  1.16826  -0.235419  0.157459  
-0.0292489  -0.0336168  0.0251854  1.16986  -0.270318  0.130738  
-0.029769  -0.033564  0.0247683  1.17387  -0.168072  0.167021  
-0.0294793  -0.0333208  0.0250116  1.15204  -0.319373  0.0960712  
-0.0297817  -0.0335967  0.0250797  1.18466  -0.217345  0.1391  
-0.0295045  -0.0340485  0.0255504  1.18903  -0.218956  0.12201  
-0.0293315  -0.0339614  0.0255272  1.18111  -0.267935  0.135492  
-0.0297493  -0.034256  0.0256088  1.20108  -0.19972  0.139813  
-0.0290065  -0.0341252  0.025571  1.20568  -0.295031  0.110259  
-0.0292829  -0.0343638  0.0260936  1.19165  -0.140252  0.203375  
-0.0290945  -0.0351314  0.0256952  1.21112  -0.289228  0.0909659  
-0.028812  -0.034708  0.0260177  1.20199  -0.200356  0.177758  
-0.0294583  -0.0343058  0.0259201  1.19427  -0.205511  0.107388  
-0.0288042  -0.0341361  0.0256306  1.22344  -0.271215  0.0318895  
-0.0280422  -0.0342219  0.0250867  1.18714  -0.151443  0.158536  
-0.0286137  -0.0344154  0.0248376  1.17803  -0.235855  0.0781615  
-0.0282306  -0.0337696  0.024862  1.18304  -0.250573  0.0577355  
-0.0292077  -0.0341182  0.0249405  1.1829  -0.143614  0.135821  
-0.0287651  -0.0339897  0.0247514  1.18184  -0.306323  0.0515532  
-0.0293455  -0.0341498  0.0249241  1.20023  -0.206622  0.106081  
-0.0297605  -0.0342146  0.0250842  1.19426  -0.210894  0.127594  
-0.0293726  -0.0340476  0.0252399  1.2096  -0.297865  0.0587272  
-0.0294547  -0.0336852  0.0248107  1.19941  -0.171164  0.169644  
-0.0304311  -0.0347294  0.0244759  1.2036  -0.275663  0.156262  
-0.0299445  -0.0351022  0.0267392  1.23355  -0.299484  0.00639562  
-0.030095  -0.0337916  0.0260579  1.18057  -0.196961  -0.0605628  
-0.0292702  -0.0336646  0.0255246  1.15291  -0.320319  -0.126281  
-0.0296361  -0.0335392  0.0252445  1.15278  -0.177362  -0.126467  
-0.0282205  -0.0325547  0.0242234  1.10476  -0.315029  -0.220572  
-0.027907  -0.0319496  0.0233955  1.08972  -0.20163  -0.193595  
-0.0286113  -0.031862  0.0231278  1.06155  -0.19605  -0.201778  
-0.0288422  -0.0310051  0.02289  1.04319  -0.290886  -0.233451  
-0.0293036  -0.031136  0.0222466  1.00416  -0.166486  -0.156151  
-0.0289785  -0.0315132  0.0218454  1.02647  -0.309796  -0.235138  
-0.0289003  -0.0310979  0.0220165  1.00478  -0.182484  -0.132744  
-0.0291021  -0.0315056  0.0218454  1.01759  -0.257293  -0.202257  
-0.029181  -0.0317339  0.022466  1.0505  -0.262466  -0.208717  
-0.0287395  -0.0318161  0.0227269  1.05511  -0.146465  -0.0733325  
-0.0283738  -0.0316844  0.0219602  1.0409  -0.274073  -0.194315  
-0.0281455  -0.0314776  0.0223778  1.04504  -0.236512  -0.166329  
-0.0285527  -0.031761  0.0225605  1.03615  -0.169934  -0.112275  
-0.0283314  -0.0322249  0.0225022  1.04544  -0.314205  -0.166354  
-0.0283156  -0.0323125  0.0225605  1.04989  -0.192972  -0.10747  
-0.0279828  -0.0317746  0.0224479  1.03103  -0.195457  -0.127284  
-0.0280599  -0.0317943  0.0224644  1.05343  -0.294004  -0.20409  
-0.0286899  -0.0317437  0.0228468  1.05958  -0.153581  -0.088618  
-0.0281091  -0.0321002  0.0226752  1.0608  -0.292636  -0.208356  
-0.0281549  -0.0321257  0.0225765  1.06793  -0.193127  -0.11461  
-0.0282932  -0.0321363  0.0223148  1.05209  -0.242123  -0.193247  
-0.0278165  -0.0319284  0.0223148  1.06498  -0.242152  -0.192237  
-0.0285438  -0.0321965  0.0223148  1.0701  -0.177069  -0.185234  
-0.0277081  -0.0319402  0.0219571  1.07594  -0.299654  -0.24463  
-0.0282405  -0.0320479  0.0225978  1.07387  -0.207194  -0.208881  
-0.0284116  -0.0328012  0.0222651  1.08224  -0.218714  -0.15742  
-0.0283761  -0.0333435  0.0225978  1.11968  -0.290651  -0.212235  
-0.0297137  -0.0329765  0.022307  1.0882  -0.143262  -0.165544  
-0.0288091  -0.032565  0.0226252  1.09127  -0.301118  -0.211568  
-0.0280248  -0.0331158  0.0233338  1.13007  -0.232132  -0.192473  
-0.0279318  -0.0331138  0.0231843  1.10718  -0.184521  -0.146832  
-0.0272336  -0.0322107  0.0231084  1.1085  -0.282203  -0.184777  
-0.0277698  -0.0327039  0.0225571  1.10117  -0.156808  -0.10537  
-0.0272026  -0.0323953  0.0225299  1.10396  -0.277078  -0.199262  
-0.0266182  -0.0323907  0.0225911  1.09294  -0.184725  -0.117311  
-0.0269815  -0.0327619  0.0220872  1.10295  -0.196566  -0.122167  
-0.026268  -0.0340272  0.0226896  1.14721  -0.27614  -0.195687  
-0.0269562  -0.0331462  0.0225911  1.13069  -0.121578  -0.0860706  
-0.0269189  -0.0334691  0.022031  1.11103  -0.279005  -0.189728  
-0.0266261  -0.0334032  0.0224629  1.13205  -0.224055  -0.152487  
-0.0273571  -0.0335654  0.0224629  1.12566  -0.168391  -0.136649  
-0.0266751  -0.0334031  0.0228801  1.14083  -0.290493  -0.199459  
-0.0274824  -0.0335568  0.0224074  1.1368  -0.143928  -0.0984234  
-0.0267453  -0.0336637  0.0224629  1.14087  -0.279262  -0.207936  
-0.0257532  -0.0325801  0.0224629  1.1229  -0.187379  -0.171435  
-0.0264154  -0.0332012  0.0223115  1.11966  -0.185631  -0.163827  
-0.025734  -0.03297  0.0226162  1.13823  -0.262598  -0.210762  
-0.026987  -0.0332489  0.0224629  1.12098  -0.123896  -0.0936007  
-0.0268997  -0.0331582  0.0224629  1.12378  -0.28296  -0.207412  
-0.0263104  -0.0327906  0.0224629  1.11515  -0.159021  -0.144176  
-0.0270605  -0.0334441  0.0224629  1.11945  -0.241794  -0.197504  
-0.0266029  -0.0329905  0.0224629  1.12207  -0.201442  -0.137638  
-0.026431  -0.0329038  0.0225403  1.10844  -0.190509  -0.164468  
-0.0264625  -0.0332257  0.0224629  1.11621  -0.2627  -0.171082  
-0.0270061  -0.0338906  0.0223921  1.12507  -0.131105  -0.0959865  
-0.0267064  -0.03371  0.0223963  1.11598  -0.283176  -0.18092  
-0.0263103  -0.0336655  0.0226065  1.12809  -0.201066  -0.140474  
-0.026825  -0.0336671  0.0226065  1.12185  -0.195028  -0.123297  
-0.0264769  -0.033481  0.0226065  1.12562  -0.273959  -0.191409  
-0.026077  -0.0335489  0.0222668  1.11313  -0.200275  -0.126127  
-0.0264784  -0.033475  0.0222312  1.11509  -0.201482  -0.143536  
-0.0263353  -0.0333334  0.0222641  1.12462  -0.265831  -0.199293  
-0.0264837  -0.0334709  0.0224151  1.12687  -0.179436  -0.0861961  
-0.0266864  -0.0340024  0.0225016  1.12378  -0.254693  -0.157855  
-0.0261658  -0.0336811  0.0221251  1.12871  -0.254071  -0.156452  
-0.0265142  -0.0342041  0.0221251  1.13494  -0.19318  -0.126279  
-0.0261225  -0.0337656  0.0221251  1.12648  -0.266706  -0.201793  
-0.0263523  -0.0338828  0.0222897  1.13219  -0.183291  -0.106068  
-0.0262784  -0.0342031  0.0221251  1.14015  -0.238375  -0.209325  
-0.0258197  -0.0338817  0.0223209  1.15264  -0.244242  -0.223443  
-0.0269795  -0.0336045  0.0225721  1.13492  -0.135815  -0.14183  
-0.0261992  -0.0333383  0.0221901  1.12336  -0.30239  -0.233451  
-0.0263173  -0.0341321  0.0225507  1.15108  -0.174429  -0.142665  
-0.0268073  -0.0338645  0.0226937  1.14614  -0.210433  -0.206915  
-0.0260871  -0.0335979  0.0227006  1.14768  -0.258389  -0.249508  
-0.0265555  -0.0341507  0.0226401  1.14388  -0.151225  -0.18993  
-0.0264575  -0.0337964  0.022507  1.12958  -0.297166  -0.276038  
-0.02675  -0.0336819  0.0225517  1.14029  -0.159021  -0.181533  
-0.0271779  -0.0338603  0.0223415  1.13115  -0.273747  -0.264178  
-0.0271878  -0.0334025  0.0223914  1.13356  -0.206235  -0.239209  
-0.0274811  -0.0323481  0.0220695  1.11352  -0.217128  -0.261413  
-0.0273231  -0.0327459  0.0214707  1.11414  -0.282692  -0.351862  
-0.027893  -0.0327166  0.0213712  1.10937  -0.141366  -0.338645  
-0.0274317  -0.0325831  0.0210501  1.08864  -0.316874  -0.380318  
-0.027653  -0.0329525  0.0210501  1.09389  -0.164443  -0.300944  
-0.027471  -0.0326234  0.0210501  1.08001  -0.293128  -0.373142  
-0.0266605  -0.0324343  0.0210336  1.0844  -0.222757  -0.324142  
