-0.00665316  0.000431456  0.00502521  0.00907176  -0.167949  0.153228  
-0.00847021  0.000977041  0.00507886  -0.0156974  -0.21711  -0.0080823  
-0.00886798  0.000365781  0.00517533  -0.0001267  -0.132173  0.013157  
-0.00899809  -0.000403047  0.00495492  -0.00348544  -0.115099  -0.00340895  
-0.0087092  0.000357991  0.00493377  -0.0116434  -0.0713581  -0.043646  
-0.00924957  0.000573437  0.00489592  -0.0269093  -0.110582  -0.0890444  
-0.0102057  -0.000187638  0.00476751  -0.0246896  -0.0831296  -0.0830696  
-0.0101221  -0.000302694  0.00475699  -0.0214225  -0.0852825  -0.0709793  
-0.0103305  -0.000332689  0.00474548  -0.0215768  -0.118701  -0.0686524  
-0.0106175  -2.85129e-05  0.00456254  -0.0330748  -0.142945  -0.0718642  
-0.0113326  7.13424e-05  0.00459663  -0.0303673  -0.160587  -0.0478621  
-0.0113927  7.13423e-05  0.00445597  -0.0443374  -0.19501  -0.0975775  
-0.0115521  0.000125845  0.00477737  -0.0383595  -0.156126  -0.0765415  
-0.0112272  0.000670219  0.00465077  -0.0510749  -0.201736  -0.0994349  
-0.0113881  0.000387623  0.0046955  -0.0449677  -0.160982  -0.0833231  
-0.0116036  0.000280457  0.00465293  -0.0402651  -0.173512  -0.0835835  
-0.0125933  0.00116835  0.00430792  -0.0587693  -0.178678  -0.13142  
-0.0131561  0.000493283  0.00449118  -0.0561014  -0.136865  -0.108902  
-0.0131434  0.000851538  0.00443144  -0.0488212  -0.145415  -0.118853  
-0.0126285  0.000895514  0.00433811  -0.050824  -0.132715  -0.13528  
-0.0132733  0.000940573  0.0044578  -0.04637  -0.151869  -0.117439  
-0.0134438  0.00160151  0.00395681  -0.0646063  -0.17763  -0.154884  
-0.0142205  0.0012192  0.0042718  -0.0636862  -0.165156  -0.127761  
-0.0136276  0.00153194  0.00409903  -0.0599936  -0.187368  -0.138507  
-0.0135296  0.00136819  0.00420392  -0.0631528  -0.179589  -0.151251  
-0.0136636  0.00118083  0.00435356  -0.0573292  -0.171233  -0.124928  
-0.0133533  0.00157293  0.00422876  -0.064386  -0.180482  -0.144039  
-0.0140229  0.00127344  0.00437948  -0.0601855  -0.161144  -0.126936  
-0.0130979  0.00128375  0.00431601  -0.0689461  -0.186413  -0.254758  
-0.012453  0.000892963  0.00425079  -0.0566739  -0.121739  -0.180452  
-0.0123261  0.00110472  0.00415225  -0.056905  -0.144898  -0.183357  
-0.0125805  0.00118083  0.0041854  -0.0565777  -0.10988  -0.149472  
-0.0123149  0.00163919  0.00404714  -0.072158  -0.17486  -0.225842  
-0.0130049  0.00118083  0.00412201  -0.0522125  -0.124795  -0.167639  
-0.0129996  0.00132228  0.00416639  -0.0614611  -0.180343  -0.184936  
-0.012333  0.00101711  0.00402913  -0.0572655  -0.075449  -0.192305  
-0.0114302  0.00096265  0.00430393  -0.0602684  -0.205896  -0.181523  
-0.0116694  0.00100541  0.00443287  -0.0566492  -0.166994  -0.146858  
-0.00833184  0.000354202  0.00434335  -0.0238076  -0.0743071  -0.174259  
-0.00799982  0.000307636  0.00451917  -0.0335786  -0.0903299  -0.157933  
-0.00787628  0.00114892  0.00423037  -0.012267  -0.0528378  -0.013103  
-0.00766474  0.00143371  0.00320478  -0.0185903  -0.0558645  -0.0130716  
-0.00796897  0.00132875  0.00296755  -0.0389741  -0.0747308  0.00278996  
-0.00807264  -2.1813e-05  0.00319559  0.00365544  -0.0542265  0.115734  
-0.00670331  -0.00102199  0.00361818  0.0160173  -0.07592  0.162999  
-0.00796969  -0.00102199  0.00358878  -0.00967804  -0.104795  0.0948762  
-0.0090996  -0.000567644  0.00319005  -0.0388801  -0.120315  0.0130539  
-0.00675943  -0.00199598  0.00357167  0.00370503  -0.043936  0.0624021  
-0.00493135  -0.00232102  0.00364194  0.0285046  -0.0792434  0.0684415  
-0.00663971  -0.00117915  0.00285872  -0.00277319  -0.0679068  0.112258  
-0.00590426  -0.000772154  0.00311946  -0.00865351  -0.076411  0.0792247  
-0.00611099  -0.00139937  0.00303425  0.00314956  -0.0461881  0.144442  
-0.00618018  -0.0016988  0.00346987  -0.00229051  -0.080006  0.0859647  
-0.00778444  -0.000984332  0.00329626  -0.0118236  -0.0902164  0.0685664  
-0.00718889  -0.00128447  0.00296806  -0.0116664  -0.063262  0.0763602  
-0.00707317  -0.00145934  0.00291212  -0.00410845  -0.100571  0.0714512  
-0.00847509  -0.00153267  0.00199991  -0.0211414  -0.108365  0.0405127  
-0.00746345  0.00111226  0.00275943  -0.0367844  -0.0728557  0.0214929  
-0.00564586  0.000496351  0.00329502  0.00507192  -0.0300491  0.0509111  
-0.00781393  5.11906e-05  0.00293013  -0.0269355  -0.113321  -0.0172113  
-0.00749323  -0.000556313  0.00317579  -0.0168165  -0.0869458  0.0910928  
-0.00783852  0.000291072  0.00290676  -0.0517347  -0.125833  -0.0472997  
-0.00820136  -2.19482e-05  0.00275668  -0.0363607  -0.0784877  -0.0173768  
-0.00630403  -0.000517251  0.00298319  -0.00366228  -0.0381026  0.136033  
-0.0052435  -0.0011661  0.00303118  -0.0125332  -0.0741708  0.059903  
-0.00599453  -0.00130095  0.00324031  -0.00538931  -0.045862  0.0515246  
-0.00294277  -0.00189579  0.00388533  0.0375247  -0.0225295  0.299315  
-0.00766423  -0.00240494  0.00331355  0.0455409  -0.133335  0.308823  
-0.00600826  -0.00232434  0.00336976  0.0515027  -0.0668363  0.273889  
-0.00869476  -0.0016119  0.00306417  0.0217817  -0.0917685  0.303936  
-0.005997  -0.00177919  0.00360328  0.0469806  -0.0362801  0.268625  
-0.00310627  -0.00145976  0.00342827  0.0491424  -0.0176723  0.363114  
-0.00337651  -0.00129049  0.00321479  0.0343156  -0.0890659  0.321319  
-0.00361186  -0.00137258  0.00301265  0.0245325  -0.0681067  0.287463  
-0.00246089  -0.00143973  0.00316598  0.0517207  0.0301805  0.320763  
-0.00139749  -0.00174652  0.00287113  0.0493613  -0.0149811  0.346832  
-0.00377321  -0.00135761  0.00299339  0.0388874  -0.044906  0.329561  
-0.00375953  -0.00261445  0.00315036  0.112123  -0.0245747  0.205811  
-0.00209618  -0.0022411  0.00249989  0.11998  0.0488424  0.329696  
-0.00385629  -0.00227562  0.0022101  0.0864184  -0.0240863  0.259165  
-0.00413323  -0.00201478  0.0021469  0.0722384  -0.00937316  0.222629  
-0.00712666  -0.00176791  0.0016611  0.0256069  -0.0538374  0.0944162  
-0.00461111  -0.00230274  0.00211394  0.0584849  -0.00284134  0.21341  
-0.00271697  -0.00198435  0.00169855  0.0691193  0.0026968  0.301237  
-0.00292364  -0.00195563  0.00177813  0.0498779  -0.0395136  0.288873  
-0.000591388  -0.00175589  0.00246447  0.0598739  0.0455072  0.332486  
-0.00120719  -0.00181843  0.00211035  0.0677242  -0.0304489  0.3831  
-0.00224075  -0.00190841  0.0023035  0.0602183  -0.0322794  0.327024  
-0.00219946  -0.000465584  0.00279741  0.0397583  -0.0121318  0.39904  
-0.00244337  -0.0010126  0.00281155  0.0598048  -0.0327477  0.341724  
-0.00226666  -0.00123897  0.00298029  0.081759  0.0116744  0.386143  
-0.00344135  -0.000969655  0.00249728  0.0443677  -0.0530616  0.324706  
-0.00222986  -0.00137674  0.00226237  0.0627928  0.0147164  0.342428  
-0.00436388  -0.00166484  0.0020514  0.054019  -0.0337673  0.290479  
-0.00640242  -0.00209731  0.00160805  0.0286553  -0.0425363  0.147251  
-0.00150543  -0.00182548  0.00295062  0.0822368  0.0419351  0.258731  
-0.000260517  -0.00226813  0.00278467  0.085582  0.0179693  0.24631  
-0.00114459  -0.0021036  0.00271185  0.0810941  0.0277931  0.289747  
-0.00190853  -0.00187951  0.00290038  0.0698804  -0.0224584  0.246578  
0.000151627  -0.00275117  0.00368916  0.0875084  0.0369659  0.255772  
-4.72199e-05  -0.00254222  0.00321369  0.082948  0.0152192  0.267523  
0.000205438  -0.00211082  0.00336304  0.0904895  0.0697802  0.312461  
-0.00110863  -0.0022929  0.00273283  0.0870937  -0.00387224  0.335432  
-0.00357362  -0.00228968  0.00202115  0.0641666  -0.0281969  0.285474  
-0.00493286  -0.0024363  0.00185257  0.0547565  -0.0121597  0.167352  
-0.00257265  -0.00216192  0.00251924  0.0525674  0.0366138  0.238831  
-0.00294252  -0.00184681  0.00238233  0.0600662  -0.0118296  0.264953  
-0.00334106  -0.00205184  0.00259392  0.0560977  -0.0153248  0.265084  
-0.00301824  -0.00217227  0.00247563  0.0737247  0.00900867  0.304804  
-0.00360607  -0.00239406  0.00241493  0.0527675  -0.0404453  0.230737  
-0.00390455  -0.00181568  0.00219183  0.0627194  0.00436167  0.306903  
-0.00319408  -0.00170422  0.0012577  0.0591254  0.00943558  0.364809  
-0.0030003  -0.00156335  0.000970513  0.0532479  -0.0215044  0.383948  
-0.00357771  -0.00196224  0.000802455  0.0121879  -0.045645  0.283325  
-0.00315225  -0.00222824  0.00192029  0.0743778  0.0178325  0.254463  
-0.00277068  -0.000280693  0.00221989  0.0921043  0.0558388  0.26248  
-0.00633431  -0.00115397  0.00165354  0.0526432  -0.0441124  0.161324  
-0.00714939  -0.000408142  0.00120241  0.0369692  -0.0506849  0.18887  
-0.00722606  -0.00147938  0.00110221  0.0508255  -0.00803876  0.166613  
-0.00790403  -0.00139564  0.00150248  0.0637875  -0.0521176  0.180138  
-0.0048181  -0.00110587  0.00195842  0.0784716  0.0353314  0.243269  
-0.00634508  -0.00139133  0.00200433  0.0613726  -0.03794  0.221107  
-0.00452447  -0.00156997  -7.32723e-05  0.0540023  -0.00531046  0.209005  
-0.00262467  -0.00168023  -0.000483898  0.0772187  0.00294332  0.2917  
-0.00362401  -0.00162401  0.000966367  0.0748778  0.0163042  0.29854  
-0.00489497  -0.0010417  0.000794503  0.0617852  -0.00415453  0.283002  
-0.00329545  -0.00149247  0.000853731  0.0660934  0.014756  0.256188  
-0.00460514  -0.00140193  0.000775466  0.0538941  -0.0156687  0.24291  
-0.00703057  -0.000509624  3.73661e-06  0.0558539  -0.0220821  0.203207  
-0.00488491  -0.000914982  0.00063769  0.0552821  -0.0123414  0.229116  
-0.00639141  -0.00166201  -0.000926159  0.0242635  -0.0142098  0.111317  
-0.000791933  -0.00162773  0.00121967  0.0947549  0.109677  0.198853  
-0.00219941  -0.00101411  -9.63389e-05  0.0796928  0.0357407  0.224378  
-0.00338398  -0.00113399  0.00062229  0.0627802  0.00454698  0.18744  
-0.000698024  -0.0017048  0.00130119  0.064669  0.116029  0.306217  
-0.00212461  -0.00160183  0.00157163  0.0517748  -0.0522992  0.239766  
-0.000674009  -0.00170845  0.000412253  0.0817231  0.0788845  0.324755  
-0.00151361  -0.00422518  0.000343358  0.0633836  0.00378428  0.0791438  
-0.00495419  -0.00421844  0.000292572  0.0398538  -0.0323669  0.0739448  
-0.00417021  -0.00232327  0.000593358  0.0453022  0.0215105  0.0914071  
-0.00351435  -0.00293798  7.1037e-05  0.0319149  0.0125918  0.0424999  
-0.00283694  -0.00262706  0.000261613  0.0395293  0.0270057  0.0840355  
0.00030547  -0.00236062  0.000497314  0.0619831  0.115797  0.226006  
-0.0031706  -0.00271898  9.823e-05  0.0325623  -0.0352162  0.0968071  
-0.00578096  -0.00262545  -0.000432236  0.0178842  -0.0383361  0.0166333  
-0.00353972  -0.00282987  -0.000565244  0.0353197  0.0201591  0.102999  
-0.00147169  -0.00186647  0.00069096  0.0701047  0.117588  0.245551  
0.000362465  -0.00191104  0.000918226  0.0797281  0.0975295  0.24706  
-0.00183725  -0.00102032  -0.000332967  0.0752792  0.00209551  0.366569  
-0.000913173  -0.00108547  -0.000173882  0.0836557  0.0866398  0.379323  
0.000234483  -0.00114965  0.00016153  0.0955978  0.0850898  0.395489  
-0.00138758  -0.00117002  -0.000218405  0.0839211  0.00142201  0.385928  
-0.000381335  -0.000989188  0.000142798  0.0852554  0.0893654  0.358537  
-0.000555167  -0.00116267  2.03915e-05  0.0765075  0.0748071  0.312747  
-0.000604037  -0.00128409  0.000172134  0.0643088  0.0670796  0.26147  
0.000960703  -0.00141164  0.000402572  0.0874428  0.120747  0.249467  
-6.33686e-05  -0.0010555  -7.02554e-05  0.0729512  0.0800853  0.228193  
0.000483643  -0.000975528  0.000559977  0.0786502  0.10268  0.253722  
-0.00206415  -0.00244562  0.000678523  0.0471175  0.0296421  0.154919  
0.000918994  -0.00132617  0.00114937  0.0667439  0.107584  0.26861  
-0.00175869  -0.00231537  0.00117485  0.0393075  0.0137896  0.0374244  
-0.00223508  -0.0024199  0.000827751  0.0391729  0.0245671  -0.000410307  
-0.000896856  -0.000361902  0.000522514  0.0627748  0.0831905  0.197817  
-0.00449515  -0.00188435  0.00114222  0.0622531  -0.012978  0.0745316  
-0.00045582  -0.0024331  0.000453559  0.0842312  0.11636  0.291306  
-0.000394084  -0.00110458  -4.39613e-06  0.067853  0.0729677  0.244757  
0.000602954  -0.000440682  -0.00121968  0.020467  0.0917602  0.286106  
0.000265654  -0.000454471  -0.00123691  0.0343168  0.0869007  0.296343  
-0.000577194  -0.000873818  0.000201885  0.0658671  0.0834693  0.22531  
0.000487255  -0.0011492  0.000991163  0.0731002  0.0913141  0.252444  
0.000527551  -0.00137875  0.00195887  0.0818248  0.0669932  0.343052  
0.000324205  -0.00113054  0.00174338  0.0687357  0.0141972  0.272821  
0.000171017  -0.00126846  0.00102798  0.0615647  0.0337072  0.266634  
-0.00263994  -0.00166513  0.000618365  0.0252327  -0.0171099  0.115744  
0.00129436  -0.0015879  0.000372999  0.0584351  0.109913  0.223208  
-0.000428647  -0.000588414  -0.00147027  0.0270442  0.0631538  0.220521  
0.000626273  -0.00056888  -0.00162341  0.0193178  0.0843962  0.218215  
0.000488659  -0.00183526  -0.000956382  -0.000922159  0.0806204  0.174293  
0.000802992  -0.00175254  -0.000936242  0.00735036  0.1034  0.273485  
-0.0027207  -0.00126587  -0.000706382  0.0391082  0.0126099  0.30598  
-0.00186566  -0.00206058  -0.000454689  0.0439872  0.0245546  0.306104  
-0.000618174  -0.00106933  0.00015092  0.0639908  0.0713302  0.260538  
0.00163546  0.000648585  0.00169025  -0.00313223  0.00946864  -0.158194  
0.00693081  -0.000438779  0.00120066  -0.0505668  0.0277676  -0.245335  
0.00594956  -0.000299384  2.46513e-05  -0.0784087  0.121092  -0.315536  
0.00301815  -0.000937424  -0.000607826  -0.0875751  0.145677  -0.363196  
0.00346764  -0.00291997  -0.000261294  -0.0491489  0.19374  -0.293791  
0.00423947  -0.00299251  -0.000288305  -0.000371419  0.274293  0.0607025  
0.000643992  -0.00207998  -0.000956697  0.0209875  0.0919891  0.171775  
-0.000463819  -0.00140056  -0.0019464  0.0107137  0.0181539  0.192517  
-0.000274932  -0.00102975  -0.00231657  -0.0181158  -0.039547  0.145202  
0.00207341  -0.00114274  -0.00198401  0.0088942  -0.00925094  0.295855  
-0.000924454  -0.00118798  -0.00245545  0.00801859  -0.0642002  0.272081  
0.000799279  -0.000885285  -0.00193115  0.0240609  0.0561963  0.215548  
-3.84815e-05  -0.00113442  -0.00228527  -0.00826871  0.0743765  0.0974159  
0.00254844  -0.000395342  -0.00162523  0.000498255  0.148947  0.259057  
0.00451564  -0.0013672  -0.00174447  -0.0055092  0.164866  0.191307  
0.00198259  -0.00217775  -0.00126363  0.00517789  0.103415  0.175675  
0.000665149  -0.00182861  -0.00186016  -0.00360823  0.0876419  0.201179  
0.00124073  -0.00162529  -0.00145315  0.0200409  0.139342  0.264016  
0.00204914  -0.00164197  -0.00218961  6.05011e-05  0.0598834  0.25809  
0.000637382  -0.00140718  -0.0021071  -0.00291106  0.0263427  0.20984  
-0.00165003  -0.00352363  -0.000652596  5.50794e-05  -0.0864614  0.113932  
0.00022717  -0.00185397  0.000190781  0.0635716  0.0753651  0.328038  
-0.00114108  -0.00172288  -0.00128463  0.043535  -0.015574  0.414519  
-0.000519269  -0.00144806  -0.00211996  0.0157762  0.00227232  0.310194  
0.000670735  -0.00187668  -0.0014308  0.0468906  0.0835681  0.399144  
-0.000196613  -0.00156122  -0.00191037  0.020867  0.0401857  0.337966  
-0.00319314  -0.00119824  -0.00271976  -0.00648046  -0.01791  0.29636  
-0.00193859  -0.00143266  -0.00188954  0.00668844  0.121897  0.365515  
0.00107435  -0.000660035  -0.00108462  0.00316291  0.106778  0.271304  
-0.000457105  -0.00126235  -0.00204126  0.0137503  0.0355456  0.315278  
-0.000782492  -0.000833884  -0.00230537  -0.00466791  0.0495779  0.309651  
-0.00244661  -0.000762943  -0.00211971  -0.00193018  0.0281917  0.345439  
-0.000854482  -0.000631723  -0.00167552  0.0229753  0.0689152  0.327087  
-0.00240162  -0.00108998  -0.00124876  0.0274587  -0.0468322  0.337452  
-0.00495079  -0.00180268  -0.000571969  0.0553776  -0.0713552  0.24646  
-0.00599188  -0.000948278  -0.00162362  0.0172064  -0.0326286  0.259425  
-0.00670854  -0.00136848  -0.00239015  0.00893278  0.0125394  0.122008  
-0.00262204  -0.000894119  -0.00231911  0.00874131  0.0561989  0.232737  
-0.00502976  -0.00084618  -0.00186404  0.00169343  -0.0170249  0.246988  
-0.00153366  -0.00104943  -0.00250597  0.0083536  0.0922213  0.345796  
-0.00285151  -0.000672608  -0.00298327  -0.0117284  -0.00330544  0.316899  
-0.00129449  -0.0010859  -0.00305424  -0.00199622  0.0865164  0.242605  
-0.000867006  -0.00121594  -0.00226234  0.0356454  0.0292577  0.268932  
-0.00205516  -0.00042691  -0.00311635  0.0167847  0.0176997  0.39131  
-0.000324254  -0.00090399  -0.00325242  0.0223521  0.067089  0.334206  
0.00190237  -0.00101201  -0.00230713  0.0541264  0.111545  0.455053  
0.000544711  -0.00101152  -0.00121726  0.0539088  0.0495046  0.29351  
0.0018525  -0.00283826  -0.00145978  0.0315373  0.0685047  0.0574251  
-0.000833405  -0.0016552  -0.00207607  0.0251505  0.0590563  0.149126  
-0.00218229  -0.000652239  -0.0016557  0.0190349  0.0558501  0.228923  
-0.0041481  0.00153989  0.000164673  -0.00450439  -0.120564  -0.0382548  
-0.00313565  0.000191982  -0.00155145  -0.018817  0.0924437  -0.0331435  
0.000247083  -0.00126096  -0.00101148  0.0307944  0.19639  0.231088  
-1.37479e-05  -0.00053574  -0.00204846  -0.00126266  0.0805533  0.21213  
-0.00429587  0.000203561  -0.00205523  -0.037332  0.0136387  0.02224  
-0.00434157  0.000141483  -0.00242891  -0.0279135  -0.00766635  0.0223187  
-0.00155465  0.000310491  -0.00276577  -0.0172266  -0.0228513  0.239013  
-0.00500627  0.000164506  -0.00278752  -0.0062893  -0.0237994  0.165967  
-0.00545481  -8.9697e-05  -0.00200783  0.00542342  0.00772576  0.273702  
-0.00407678  7.09966e-05  -0.00212599  0.00569707  0.0227594  0.2529  
-0.00563381  0.000286516  -0.00220486  -0.0142258  -0.0267611  0.226309  
-0.00794058  0.0007361  -0.00207854  0.00726039  0.0156352  0.255225  
-0.0055635  -3.77697e-05  -0.0013469  -0.00927121  0.0670397  0.279758  
-0.00520162  0.00105433  -0.0023229  -0.0478404  0.0172849  0.252385  
-0.000805793  -0.000218191  -0.00289911  -0.0154904  0.0507479  0.173307  
-0.00505444  -0.000701063  -0.00304465  -0.0374197  0.0201792  0.169031  
-0.00237776  -1.84011e-05  -0.00234268  -0.00128683  0.132563  0.290317  
-0.00517427  0.00111134  -0.00292072  -0.0329047  0.0172886  0.3112  
-0.00499609  0.000763334  -0.00361923  -0.0290767  0.0209521  0.36184  
0.000152916  0.00117422  -0.00160528  -0.0157736  0.0997284  0.315845  
-0.00292125  0.000210207  -0.00260775  -0.00997291  -0.0324465  0.332206  
-0.000640817  0.00178309  -0.00343494  -0.00220689  0.0869565  0.355095  
-0.00381386  0.00299099  -0.00334231  -0.0228689  0.0436616  0.342709  
-0.00658479  0.00326128  -0.00311266  -0.0571289  0.00766754  0.104902  
-0.00426698  0.00211796  -0.00308471  -0.0227558  0.0540326  0.321078  
-0.00658523  0.00287722  -0.00374534  -0.0633687  0.0383858  0.25397  
-0.00100896  0.00231646  -0.00330326  -0.028956  0.142676  0.377907  
-0.00336651  0.00258034  -0.00356762  -0.0422418  0.0371057  0.321639  
-0.00392883  0.00258234  -0.00336306  -0.0589611  0.0633843  0.217289  
-0.00417883  0.00303921  -0.00377206  -0.065646  0.0392941  0.184843  
-0.00173505  0.00197783  -0.00401849  -0.0309763  0.0396542  0.284426  
-0.00277443  0.00133588  -0.00388409  -0.0273672  0.0898575  0.219154  
0.00126557  0.000100069  -0.00318638  -0.0136939  0.0825538  0.291685  
-0.00420676  -0.000386013  -0.00331046  -0.0122497  -0.0175221  0.230465  
-0.00181116  -0.000176889  -0.00229777  0.0335059  0.166396  0.489384  
-0.00231671  0.000518949  -0.00369318  -0.0204018  0.0458185  0.365388  
-0.00195665  0.000905582  -0.00406117  -0.0328644  0.107027  0.337602  
-0.00171327  0.00119415  -0.00424214  -0.0250029  0.0641567  0.384238  
-0.00271464  0.00100119  -0.00396424  -0.0159391  0.0837371  0.450609  
-0.00330997  0.00143145  -0.00384875  -0.0127551  0.0534354  0.417038  
-0.00255237  0.00129576  -0.00389226  -0.0272658  0.0400198  0.294768  
-0.00349397  0.00226843  -0.00426484  -0.0433331  0.0769308  0.135079  
-0.00166789  0.00175963  -0.00411841  -0.0245048  0.0781605  0.28892  
-0.00655718  0.00230051  -0.00369752  -0.0619654  -0.00812391  0.101123  
-0.00501759  0.00242022  -0.00410061  -0.056442  0.0503578  0.191769  
-0.000546546  0.00116654  -0.0035164  -0.0302444  0.0615469  0.248396  
-0.00352668  0.00111308  -0.00363063  -0.0406958  0.0330622  0.244862  
-0.00222758  0.00135438  -0.00408121  -0.036674  0.0843687  0.308742  
-0.00214075  0.00120546  -0.00451672  -0.035738  0.102163  0.333202  
-0.00447552  0.00144662  -0.00444076  -0.0551153  -0.0137368  0.244493  
0.000168198  0.000156535  -0.00389358  -0.0257334  0.0969914  0.304563  
-0.00157773  0.000919768  -0.00406762  -0.0211619  0.0690149  0.399692  
-0.00382749  0.000870079  -0.004669  -0.0458832  0.0285555  0.324734  
-0.00688864  0.00151639  -0.00493295  -0.0673621  -0.00117098  0.174638  
-0.00276579  0.000684582  -0.0042097  -0.0362002  0.0691775  0.285588  
-0.00133088  0.000684582  -0.00450042  -0.0306263  0.10021  0.285367  
-0.00137031  0.00108012  -0.00420734  -0.0364558  0.0599656  0.200537  
-0.000443847  0.000986371  -0.0046727  -0.0296864  0.129715  0.294168  
6.62507e-05  0.00117346  -0.00453526  -0.0297375  0.0722027  0.335669  
-0.00452135  0.00136855  -0.00474925  -0.0637644  0.0412236  0.0913992  
0.00166825  0.000719468  -0.00388015  -0.00952584  0.114236  0.207658  
-0.00142816  0.000382731  -0.00466109  -0.0116716  0.06614  0.229547  
-0.00173231  -0.00130298  -0.00378809  0.0420605  0.107513  0.320262  
-0.00110411  -3.64646e-05  -0.00407293  -0.0056358  0.104611  0.300226  
0.000325137  1.86809e-05  -0.00411719  -0.00467329  0.153895  0.384187  
0.00096738  -0.000834274  -0.00434013  -0.0136956  0.114095  0.215369  
-0.00203769  -0.000860032  -0.00453867  -0.0228011  0.057745  0.207153  
-0.00314496  -0.000143091  -0.00462798  -0.0221798  0.0689853  0.35612  
-0.00459352  1.47015e-05  -0.00491637  -0.0325924  0.00117423  0.235263  
-0.000222791  -0.000101028  -0.00481865  0.007364  0.114265  0.325243  
-0.00220454  0.000819677  -0.00545378  -0.0201825  0.0665746  0.487147  
-0.00338294  0.00060431  -0.00517902  -0.0312422  0.0404162  0.43593  
-0.00582816  0.000449185  -0.0056281  -0.0584634  0.0281226  0.363933  
-0.00127831  0.000231621  -0.00483225  -0.0130267  0.0662056  0.477492  
-0.00561018  0.000223464  -0.00524888  -0.0523586  -0.0014867  0.212857  
-0.00485972  0.000272113  -0.00479984  -0.0242155  0.0296761  0.277142  
-0.00398893  6.7625e-05  -0.00451446  -0.00810616  0.0849243  0.433924  
-0.00268275  4.90111e-05  -0.00472707  -0.00380582  0.0926352  0.432622  
-0.00192143  -2.36799e-05  -0.00479767  -0.00936226  0.103467  0.394196  
-0.00134818  0.000140936  -0.00462707  0.00218106  0.108262  0.478648  
-0.0012193  -0.000166514  -0.00459243  -0.0150987  0.0439571  0.311267  
-0.000589486  -0.000641275  -0.00505136  0.00425679  0.0895882  0.462535  
0.000161409  0.000145536  -0.00529169  -0.019992  0.0858002  0.376507  
0.000796728  0.000246026  -0.00492072  -0.0174377  0.112396  0.415563  
-0.000596399  0.000395648  -0.00486756  -0.0204831  0.0899363  0.355424  
-0.00106172  0.000380157  -0.00495315  -0.0161878  0.0878016  0.377348  
-0.00108739  0.00045205  -0.0051424  -0.0422427  0.106257  0.325897  
0.000754864  -0.000291303  -0.00513932  -0.0140764  0.150355  0.355991  
0.00096778  0.000111871  -0.00503305  -0.0143645  0.136061  0.431755  
0.000612887  0.000766308  -0.00549759  -0.00475249  0.150722  0.507626  
0.0011264  0.000920493  -0.00547231  -0.00708984  0.119805  0.494333  
-0.00022165  0.000983511  -0.00581903  -0.0225753  0.0925449  0.396584  
0.000700026  0.000986988  -0.00525627  -0.0171333  0.144984  0.423326  
0.00074643  0.000932455  -0.00556799  -0.0236386  0.127101  0.458998  
0.000473763  0.00125009  -0.00561091  -0.0264028  0.116852  0.435413  
-0.000698592  0.00117478  -0.00488156  -0.0253351  0.0917436  0.32046  
0.00298499  0.000808763  -0.00468534  -0.0396418  0.135407  0.114202  
0.00587115  0.000362438  -0.00415962  -0.0137614  0.205116  0.290217  
0.00800884  -0.00015847  -0.00348953  -0.0173161  0.140671  0.124622  
0.00197184  9.68279e-05  -0.00412009  -0.0160595  0.140307  0.231134  
0.00310652  7.07168e-05  -0.00364495  -0.00236373  0.171316  0.375016  
0.00269777  0.000362438  -0.00391558  -0.0164  0.108138  0.225472  
0.0036276  0.000621907  -0.00421531  0.00308585  0.157447  0.309941  
0.00304877  0.00147828  -0.00425744  -0.0086927  0.142238  0.329707  
0.00167243  0.00102946  -0.00498123  -0.0360391  0.114963  0.250307  
0.00255912  0.000819209  -0.00379747  -0.0251269  0.129626  0.343498  
0.00146718  0.0007339  -0.00468133  -0.0354769  0.119117  0.237433  
0.00208728  0.00102857  -0.0046386  -0.0155726  0.131723  0.360214  
0.00277189  0.0007339  -0.00476223  -0.00880913  0.135686  0.442601  
0.00222173  0.000924898  -0.00478057  -0.0169357  0.127548  0.393231  
0.000104776  0.00135821  -0.00507173  -0.0344932  0.0981304  0.336656  
-0.000603999  0.00185149  -0.00400769  -0.0197709  0.108164  0.390318  
-0.00228673  0.00177723  -0.00549829  -0.05615  0.0771681  0.412351  
-0.00057051  0.000308733  -0.00433485  -0.00250778  0.136563  0.401244  
-0.00469522  -8.23342e-05  -0.00457745  -0.029116  0.0311707  0.411065  
-0.000576296  0.000361334  -0.00465882  -0.034494  0.110301  0.325505  
-9.23386e-05  0.00060966  -0.00490313  -0.0131277  0.115132  0.388563  
-0.00250397  0.000818295  -0.00506931  -0.0469201  0.0538404  0.330241  
-0.000385682  0.000478379  -0.00407088  -0.0374235  0.0911697  0.20498  
0.00175837  -4.17654e-05  -0.00349816  -0.0203325  0.145115  0.297599  
0.0030812  5.93252e-05  -0.00355142  -0.00911783  0.193603  0.308856  
0.000821194  0.000311087  -0.00205394  -0.0202864  0.127179  0.202444  
0.00146808  0.000282832  -0.00235528  -0.017065  0.0692095  0.261251  
0.00163721  0.000119524  -0.00236869  -0.011093  0.0722977  0.249216  
0.000392247  0.00067441  -0.00188738  -0.0103476  0.0881369  0.190707  
0.0008478  0.000632972  -0.00191749  0.0191244  0.15015  0.412943  
0.000633365  -0.000205002  -0.00250181  0.00781012  0.0972423  0.319914  
0.000447675  -0.000223937  -0.00231638  0.0025768  0.131396  0.326622  
0.000541622  -0.000257344  -0.0025381  0.00143241  0.104523  0.333648  
0.000735581  -0.000393795  -0.00237868  0.00914556  0.113384  0.320321  
0.00087084  -0.000410915  -0.00251441  0.00618024  0.129168  0.318758  
0.00101186  -0.000272222  -0.00274504  0.0034598  0.0907779  0.287038  
0.000915454  -8.82929e-05  -0.00266846  -0.000411393  0.123087  0.283809  
