0.00194716  -0.00171386  0.00131386  0.103185  0.0368807  0.363009  
0.00216406  -0.00137476  0.000984808  0.104913  -0.033925  0.368608  
0.00244619  -0.00154963  0.000897461  0.10445  0.0127344  0.379192  
0.00280406  -0.00135465  0.000699217  0.107171  -0.0548265  0.420011  
0.00280516  -0.00120329  0.000727806  0.107098  0.00630871  0.423947  
0.00277673  -0.00103539  0.000660057  0.103161  -0.0548457  0.4159  
0.00258558  -0.00127979  0.000776411  0.102962  -0.00371872  0.389408  
0.00289198  -0.00119574  0.000701747  0.104277  -0.0548612  0.412773  
0.00276958  -0.00129214  0.000780371  0.102757  0.0137406  0.391878  
0.00297226  -0.00122236  0.000673325  0.107092  -0.0453011  0.417818  
0.00294405  -0.00151052  0.000785748  0.100813  -0.00893224  0.386124  
0.00289573  -0.00117171  0.000785748  0.101793  -0.00450583  0.39059  
0.00277639  -0.00123608  0.000718366  0.100297  -0.0243011  0.384677  
0.00273385  -0.00136628  0.000785748  0.100622  0.020266  0.373813  
0.00312857  -0.00117223  0.000728942  0.103729  -0.0300701  0.393467  
0.00281702  -0.00128945  0.000937337  0.102088  0.0369021  0.371144  
0.00307611  -0.0011651  0.000724225  0.107066  -0.0338659  0.388528  
0.00294178  -0.0012385  0.000785748  0.100708  -0.00301812  0.387127  
0.00299631  -0.00126499  0.000914979  0.0995522  -0.00952851  0.392162  
0.00271099  -0.00133465  0.00107517  0.0923672  -0.013408  0.361221  
0.00299631  -0.00126919  0.000974226  0.0980814  -0.00813874  0.368786  
0.00299631  -0.00134918  0.00104235  0.0948167  -0.0221399  0.361228  
0.00299631  -0.00138514  0.000879002  0.0968288  -0.00437019  0.346054  
0.00303481  -0.000984385  0.00071516  0.0884599  -0.0229043  0.306437  
0.0033154  -0.00108656  0.000792045  0.0914496  -0.00144278  0.341519  
0.00341068  -0.000836564  0.000879002  0.0928183  0.00754399  0.337972  
0.00288675  -0.000936861  0.00060585  0.0852733  0.0478653  0.338218  
0.00321551  -0.000920537  0.000671699  0.0948494  -0.0221842  0.346464  
0.00305702  -0.000898257  0.000789121  0.0829179  -0.0037486  0.284281  
0.00275463  -0.000772149  0.000823495  0.0939856  -0.0399291  0.316294  
0.00121714  -0.00194129  0.000345147  0.099518  0.106822  0.373603  
0.00185629  -0.00152208  0.000345147  0.122727  -0.0587978  0.621402  
0.00524157  -0.00195753  0.000345147  0.130306  -0.0950163  0.822481  
0.00572222  -0.0016232  0.000345147  0.133417  -0.050213  0.77611  
0.00288728  -0.00115688  0.000244531  0.12562  -0.00620908  0.640412  
0.00327233  -0.00118804  0.000661303  0.122993  0.049663  0.558126  
0.00388086  -0.00137606  0.00095397  0.123902  0.0196595  0.564532  
0.00383942  -0.00116832  0.00084881  0.124232  0.0280978  0.552669  
0.00368588  -0.0012981  0.000865229  0.121563  0.0129285  0.534499  
0.00336472  -0.00134394  0.00111062  0.111898  0.0100524  0.542529  
0.00328728  -0.0015237  0.00111042  0.109807  -0.0288808  0.530332  
0.00341294  -0.00140852  0.000943996  0.109575  -0.0558443  0.538083  
0.00344163  -0.00109394  0.000988656  0.105696  -0.0596168  0.528541  
0.00300152  -0.00162807  0.00126137  0.104205  -0.00846131  0.482426  
0.00348426  -0.00142462  0.00118408  0.0972119  -0.0848494  0.437069  
0.00315973  -0.00152053  0.00117913  0.0972437  -0.0142589  0.432014  
0.00329339  -0.00139758  0.00112724  0.0969152  -0.0503824  0.415406  
0.00340569  -0.00134394  0.0011766  0.0968047  -0.0238167  0.406247  
0.00338169  -0.00125657  0.00101011  0.0962511  0.016311  0.407333  
0.00306084  -0.00139706  0.00106305  0.0923691  0.0282465  0.375941  
0.00319742  -0.00142443  0.0011307  0.0974055  0.0108888  0.38913  
0.00330097  -0.00134394  0.000924759  0.0956534  -0.0147599  0.389123  
0.00319798  -0.0012238  0.000884306  0.0993316  -0.0144974  0.389159  
0.00333069  -0.00134394  0.000978625  0.0994037  0.0130755  0.385141  
0.00318919  -0.00147952  0.00111317  0.097278  -0.0372936  0.384583  
0.00317202  -0.00153848  0.00117254  0.0958344  0.00282841  0.364485  
0.00326399  -0.00152793  0.00121674  0.0994798  -0.000236173  0.372217  
0.00377126  -0.00144035  0.00129486  0.0972081  -0.0265771  0.381397  
0.00344231  -0.00179894  0.00138657  0.0969658  0.0428455  0.37059  
0.00412395  -0.00164566  0.001368  0.0995471  -0.0204968  0.389  
0.00311858  -0.00173605  0.00128256  0.0931727  0.0310383  0.377625  
0.00346311  -0.00122534  0.000881059  0.0993129  -0.0023098  0.409658  
0.00346753  -0.00136307  0.000972218  0.0993741  0.0116706  0.386007  
0.00367948  -0.00124867  0.00097097  0.107065  -0.0294688  0.415333  
0.0033303  -0.00143799  0.00110159  0.0993935  0.0214937  0.385885  
0.00387951  -0.00136307  0.00108106  0.0993344  -0.0176549  0.401574  
0.00341337  -0.00142391  0.00117159  0.0953653  0.027225  0.39609  
0.00374989  -0.00136307  0.00118172  0.0948204  -0.0274546  0.396902  
0.00367239  -0.00120307  0.00107996  0.0992831  -0.0174852  0.40802  
0.00331823  -0.00148697  0.00122474  0.0957118  0.0260287  0.392127  
0.00374574  -0.00136307  0.00101574  0.102843  -0.0205688  0.399398  
0.00344872  -0.00141563  0.00103633  0.0949167  -0.00183875  0.373796  
0.00343567  -0.00146782  0.00109301  0.101484  0.00342844  0.382647  
0.00368926  -0.00142821  0.00104623  0.0993847  -0.0294783  0.385135  
0.00364403  -0.00136307  0.00113567  0.102366  0.0132383  0.386834  
0.00349148  -0.00158811  0.00124829  0.0994634  -0.0107698  0.370863  
0.00343235  -0.00159379  0.00129526  0.0971948  0.0146224  0.395199  
0.00368972  -0.00156955  0.00126848  0.09442  -0.0335766  0.378462  
0.00369748  -0.00160704  0.00150223  0.0922926  0.0303303  0.358737  
0.00284785  -0.000394726  0.00106246  0.0691571  -0.0266467  0.367334  
0.00320008  -0.000116719  0.00080711  0.0848154  0.0537468  0.337562  
0.00360842  -0.000591521  0.000932598  0.0932663  -0.0160571  0.353301  
0.00291507  -0.000591521  0.00080711  0.0852092  0.0462306  0.311947  
0.00316077  -0.000568196  0.000982293  0.0873901  -0.0134553  0.358936  
0.00327499  -0.00054522  0.000930578  0.0873685  0.0108177  0.367491  
0.00148687  -0.00156276  0.000851581  0.0794219  0.112354  0.249848  
0.000875166  -0.00219588  0.00175175  0.0735513  0.0049311  0.290695  
0.00299668  -0.00138887  0.000443271  0.111619  -0.0797792  0.563824  
0.00379419  -0.0012499  0.00065629  0.114983  -0.0497986  0.566288  
0.00378806  -0.00113814  0.000806823  0.112742  -0.0223553  0.520971  
0.00361948  -0.00113814  0.000950135  0.113156  0.0248203  0.479535  
0.00361948  -0.000881299  0.001142  0.11013  0.0561006  0.477786  
0.00316571  -0.000909957  0.00143248  0.103612  0.0554846  0.477346  
0.0028468  -0.00112067  0.00145334  0.094939  0.0793203  0.443621  
0.00309317  -0.00107901  0.00127592  0.0971587  0.0116678  0.451141  
0.00332913  -0.00126768  0.00130827  0.0946883  -0.00447142  0.444707  
0.00306251  -0.00124599  0.00130064  0.0888798  0.00544233  0.43726  
0.0031455  -0.00116716  0.00122031  0.0922795  -0.0600981  0.443001  
0.00297905  -0.00116716  0.00131779  0.0926597  -0.0246974  0.428825  
0.00206011  -0.00101197  0.00142275  0.0895893  -0.0501157  0.337844  
0.0024616  -0.000939133  0.00161713  0.0883872  -0.0379118  0.399967  
0.00283396  -0.00116716  0.00140082  0.0897169  -0.0119946  0.387345  
0.00274726  -0.00121806  0.00176787  0.0800818  0.0487293  0.347016  
0.00303769  -0.00116716  0.00155384  0.0825648  -0.00671317  0.363509  
0.00237633  -0.00127628  0.00154252  0.0798822  0.0468302  0.356182  
0.00255018  -0.00116716  0.0015374  0.0798157  -0.00261793  0.364115  
0.00239015  -0.00131188  0.00140608  0.0811202  -0.000510029  0.331104  
0.00261757  -0.00136576  0.00146268  0.0854443  0.017497  0.342298  
0.00273952  -0.00141462  0.00139802  0.0845327  -0.0353479  0.343221  
0.00253648  -0.00125441  0.0014749  0.0834627  -0.0166459  0.331109  
0.00279471  -0.00123605  0.0015525  0.0852105  0.00285135  0.331107  
0.00288872  -0.00116716  0.00154885  0.0840954  -0.039366  0.341117  
0.00315531  -0.00104025  0.00185922  0.0733882  -0.00250847  0.352692  
0.00264231  -0.00138953  0.00175573  0.0839737  0.0661627  0.330752  
0.00308521  -0.00130528  0.00152257  0.0885377  -0.0156452  0.352506  
0.00255898  -0.00144642  0.00170674  0.086266  0.0361774  0.338874  
0.00314563  -0.00127748  0.00167581  0.089729  -0.0100296  0.351395  
0.00312937  -0.00157579  0.00171508  0.0827421  0.012488  0.33796  
0.00282688  -0.00134513  0.00169162  0.0867081  0.0155996  0.335667  
0.00305772  -0.00130281  0.00160025  0.0910412  -0.0278489  0.34814  
0.00280486  -0.00135549  0.00162393  0.0903522  0.0243073  0.338375  
0.00304192  -0.00162226  0.00162216  0.088952  -0.00773381  0.322209  
0.00310649  -0.00158691  0.00184113  0.0844651  0.0280939  0.301684  
0.00325181  -0.00143732  0.00159149  0.0900348  -0.0340906  0.344215  
0.00296225  -0.00159338  0.00181785  0.081811  0.00650355  0.328381  
0.00328384  -0.001435  0.001853  0.0768381  -0.027268  0.364544  
0.0030914  -0.00139393  0.00178759  0.0783179  0.0178865  0.364074  
0.00309096  -0.00157032  0.00162121  0.0830409  0.0156288  0.367644  
0.0030939  -0.00147407  0.00163917  0.0925238  0.0251371  0.374604  
0.00326858  -0.00195133  0.00195617  0.0962013  0.0429365  0.404466  
0.00309275  -0.00172124  0.00180876  0.0899555  -0.0282395  0.383875  
0.00302431  -0.00164987  0.00164946  0.0933316  0.000972394  0.378006  
0.00315404  -0.00158176  0.00158454  0.0897076  -0.0450173  0.376305  
0.00305496  -0.00151811  0.0016029  0.0937349  -0.0178492  0.378763  
0.00288879  -0.00162361  0.00148065  0.0905002  0.00311072  0.359334  
0.00305935  -0.00169667  0.00158948  0.0903764  -0.0285244  0.359863  
0.00296577  -0.00165709  0.00154236  0.0845092  -0.0230381  0.345796  
0.00265801  -0.0016909  0.00182185  0.0827336  0.0247305  0.328635  
0.00294206  -0.00182578  0.00155705  0.085848  -0.010022  0.333791  
0.00309998  -0.00154801  0.00186143  0.0825589  -0.0118576  0.325666  
0.0031739  -0.00155246  0.00170359  0.0870865  -0.0120664  0.342956  
0.00313107  -0.00168059  0.00169319  0.0839309  0.0260944  0.320283  
0.00326401  -0.00154632  0.00162959  0.0862278  -0.0237316  0.335673  
0.00297232  -0.00166927  0.00173868  0.0844939  0.030164  0.331273  
0.00328127  -0.00158587  0.00160586  0.0849928  -0.0327003  0.33537  
0.00338961  -0.00163923  0.00165952  0.0885378  -0.0020021  0.337507  
0.003065  -0.00182292  0.00183043  0.0807216  0.0143156  0.318589  
0.00315561  -0.00151154  0.00154976  0.086711  -0.0236278  0.32773  
0.00292859  -0.00160492  0.00184369  0.0762808  0.00378599  0.297019  
0.000591258  0.000600855  -0.00288087  0.0254549  -0.0490829  0.405296  
0.00246145  0.00276871  -0.00347836  0.00485306  -0.0136086  0.361603  
0.00250228  0.00227448  -0.00214871  -0.00492914  0.0213865  0.285266  
0.00247998  0.00123082  -0.00163621  0.00609731  0.0146486  0.296677  
0.00269896  0.00110903  -0.00146155  0.0155864  -0.0365249  0.303495  
0.00251872  0.000651978  -0.00124964  0.0117504  0.0177684  0.278569  
0.00277136  0.000602962  -0.00123173  0.0127992  0.0279747  0.281575  
0.0030896  0.000399863  -0.00148573  0.0161082  0.0395673  0.271183  
-0.000467273  -0.000866535  7.67915e-05  0.213093  0.184402  2.35861  
0.005617  -0.00185149  -0.000288049  0.154439  -0.128021  1.14531  
7.04838e-05  -0.00100706  0.000678107  0.101721  -0.192754  0.444862  
0.000521497  -0.000761605  0.000898546  0.0986534  -0.060288  0.417087  
0.00117038  -0.000691679  0.00114855  0.0940011  -0.0311013  0.387608  
0.000985042  -0.000505603  0.00133997  0.0937006  0.0358574  0.392367  
0.0010144  -0.000337539  0.000898546  0.0909477  0.0573032  0.412917  
0.000828908  -0.000259982  0.00136371  0.0840308  0.0471526  0.416142  
0.00052397  -0.000295583  0.00159303  0.0823273  0.0333194  0.411223  
0.00103907  -0.000477705  0.00148111  0.0793139  0.0055372  0.40463  
9.46016e-05  -0.000652041  0.00136249  0.0801834  -0.0107384  0.415443  
0.00052127  -0.000751668  0.00066112  0.0859027  -0.100359  0.383725  
0.000499041  -0.000949701  0.00073853  0.0859827  -0.0892895  0.418253  
0.000477747  -0.00074501  0.000594386  0.0861735  -0.111746  0.40411  
0.000545281  -0.000752713  0.000561674  0.0835077  -0.108447  0.395384  
-0.000414574  -0.00056659  0.000743284  0.0792725  -0.0475738  0.378921  
-1.12798e-05  -0.000346771  0.000405613  0.0828362  -0.0925708  0.421335  
-0.000867351  -0.000752713  0.000405613  0.0854191  0.00420361  0.430727  
-0.000282523  -0.000444165  0.000313729  0.0859533  -0.076182  0.445137  
0.000531101  -0.000616257  0.00034397  0.0862167  0.05916  0.417133  
0.00125264  -0.000896236  0.000430692  0.0969829  -0.0268285  0.457211  
0.00172884  -0.00105443  0.000989334  0.0765755  -0.00547908  0.315676  
0.00257812  -0.000985877  0.00123879  0.0664419  -0.00298877  0.151028  
0.00261154  -0.00171684  0.00181291  0.0631284  0.0292811  0.0892682  
0.001687  -0.0017554  0.00199253  0.0719996  0.00218282  0.134442  
0.00259899  -0.00173825  0.00192347  0.0683126  -0.0189113  0.113407  
0.00138057  -0.00130443  0.00174083  0.0741787  0.0148625  0.192447  
0.00140808  -0.00137866  0.00151109  0.0718906  -0.000670732  0.215454  
0.00120987  -0.00130443  0.00168732  0.070351  -0.0183407  0.213374  
0.00164966  -0.0011405  0.00189256  0.0729105  -0.00614086  0.215514  
0.00198076  -0.00159515  0.00131204  0.0938563  0.0475665  0.327789  
0.00227311  -0.00200688  0.00125077  0.101133  0.0308177  0.415649  
0.00250867  -0.00154569  0.000936678  0.101763  -0.0180186  0.421434  
0.00207856  -0.00172228  0.00129607  0.0923296  0.0603783  0.342905  
0.00240877  -0.00149539  0.00115832  0.0928414  -0.0190825  0.349132  
0.00242059  -0.00145119  0.00125979  0.0970614  0.0394686  0.32251  
0.00239916  -0.00142727  0.00130813  0.0949668  -0.0092977  0.329435  
0.00234428  -0.00160291  0.00134269  0.0941515  0.0382322  0.363367  
0.00229781  -0.00135978  0.00112457  0.0928793  -0.0269504  0.362513  
0.00226863  -0.00158006  0.00134259  0.0916991  0.0261998  0.353531  
0.00252869  -0.00156386  0.000993148  0.10001  -0.0166544  0.379018  
0.00192741  -0.00155816  0.0013064  0.0940484  0.0422706  0.349001  
0.00239976  -0.00140569  0.000993148  0.0981002  -0.0226537  0.354239  
0.00198535  -0.00157458  0.00124315  0.0921978  0.031826  0.337584  
0.00234053  -0.00145363  0.00113  0.0931136  -0.022699  0.334377  
0.00242234  -0.00152235  0.00149873  0.0910787  0.0256892  0.331939  
0.00239831  -0.00145363  0.00148444  0.084411  -0.00148158  0.331518  
0.00198535  -0.0015487  0.00124315  0.0908741  0.0108855  0.336435  
0.00227702  -0.00170363  0.00152561  0.0857031  0.00286986  0.322611  
0.00221744  -0.00158115  0.00137996  0.0921187  0.0144302  0.331628  
0.00228133  -0.00170363  0.00116851  0.092582  -0.011563  0.322787  
0.0018659  -0.00177603  0.00128767  0.0882626  0.0298436  0.313824  
0.00222207  -0.00170363  0.00122693  0.0925405  -0.0113154  0.33127  
0.00223294  -0.0016053  0.0014361  0.0887113  0.0363333  0.294639  
0.00216336  -0.00170363  0.00145228  0.0966729  0.0207786  0.303114  
0.00236993  -0.00170363  0.00136863  0.0964324  -0.0104527  0.309883  
0.00221286  -0.00170363  0.00152199  0.0975608  0.0566921  0.312446  
0.0023113  -0.00154703  0.00127163  0.0956297  -0.0211535  0.321465  
0.00256779  -0.0018356  0.00127198  0.106944  0.0558514  0.378336  
0.000207574  -0.00201271  0.00100608  0.106562  0.0704264  0.428419  
0.00175396  -0.00234133  0.00118183  0.10257  -0.0464234  0.459487  
0.00173033  -0.00161918  0.00165051  0.0782344  -0.105867  0.264573  
0.00285853  -0.00182547  0.00181838  0.0700837  -0.0291852  0.152282  
0.00290377  -0.00175333  0.00198429  0.0676345  0.00866277  0.145014  
0.00221115  -0.00187117  0.00212024  0.0832115  0.0245352  0.234849  
0.000802015  -0.00186814  0.00198036  0.074615  0.0938921  0.204583  
0.000755141  -0.00128536  0.00196411  0.076896  0.043274  0.249906  
0.00214004  -0.00338197  0.00222083  0.115606  0.0300359  0.43415  
-0.000174119  -0.00105715  0.00149043  0.0938887  -0.0148198  0.545079  
0.000813771  -0.001494  0.00125127  0.0952733  -0.0591814  0.459984  
0.00151226  -0.00137993  0.00178137  0.0739977  -0.00342054  0.366124  
0.00156611  -0.00104791  0.00108394  0.0782686  -0.0561859  0.366084  
0.00159834  -0.00138187  0.00124918  0.0882979  -0.00615782  0.373862  
0.00150612  -0.00123058  0.000982442  0.0904403  -0.0670121  0.392402  
0.00144509  -0.00163187  0.00133838  0.0865889  -0.0175245  0.386459  
0.00142961  -0.00135962  0.00123478  0.0863842  -0.0583352  0.381196  
0.00166229  -0.00134412  0.0015457  0.0798953  -0.0333959  0.376197  
0.00137511  -0.00156813  0.00170877  0.0801817  0.0277987  0.358721  
0.00116506  -0.00156813  0.0017077  0.08181  -0.0254507  0.363226  
0.00106527  -0.00156813  0.00168963  0.078058  -0.00722584  0.344094  
0.00124189  -0.00161862  0.00156546  0.0842038  0.0103483  0.3463  
0.00122197  -0.00143896  0.00145421  0.0788207  -0.0447549  0.340807  
0.00134694  -0.00156813  0.00176949  0.081108  0.00202329  0.331938  
0.00149278  -0.00156813  0.00140619  0.0863933  -0.0503318  0.352748  
0.00138715  -0.0017802  0.00166336  0.0798684  -0.0143311  0.342247  
0.00137314  -0.00156813  0.00146046  0.0834738  -0.0121848  0.341597  
0.00110686  -0.00156813  0.00143197  0.0849156  -0.0403058  0.350182  
0.00151381  -0.00141285  0.00137905  0.0885067  -0.0103965  0.358056  
0.0012061  -0.00167099  0.00148114  0.087946  0.0281175  0.370401  
0.00155399  -0.00165494  0.00141291  0.0917285  -0.0306048  0.37857  
0.000882737  -0.00156813  0.00149786  0.0907637  0.023337  0.362097  
0.00118706  -0.00156813  0.00154355  0.0878146  -0.0226473  0.366928  
0.00137784  -0.00156813  0.00142385  0.0877323  -0.0541014  0.364517  
0.00147517  -0.00169131  0.00170819  0.0854997  -0.0177144  0.364512  
0.00147451  -0.00156813  0.00165242  0.0829072  -0.0454061  0.347572  
0.0012584  -0.00171685  0.00148882  0.0855196  0.00170741  0.339087  
0.00153638  -0.00148105  0.00128243  0.0861044  -0.0598593  0.349281  
0.00163434  -0.00142334  0.00151615  0.0824941  -0.0260434  0.349287  
0.00152205  -0.00156813  0.00159867  0.0794615  0.0171987  0.336636  
0.00146988  -0.00138703  0.00142516  0.0760043  -0.0252442  0.324935  
0.00134055  -0.00143724  0.00155516  0.0788631  0.0020675  0.331683  
0.00165031  -0.00132698  0.00162329  0.0815292  -0.0128315  0.323482  
0.0015373  -0.00152048  0.00166362  0.0786981  -0.00509801  0.311407  
0.0017177  -0.0015788  0.00158757  0.0795813  -0.0285846  0.326288  
0.00155225  -0.0015788  0.00163132  0.079336  -0.0307282  0.314153  
0.00192432  -0.0013969  0.00149996  0.0815491  -0.0342045  0.323423  
0.00152804  -0.00163364  0.00167792  0.0791061  0.0168251  0.311854  
0.00200005  -0.0015788  0.00159386  0.0781181  -0.0345733  0.334887  
0.00152804  -0.00150408  0.00167157  0.0759317  0.0204872  0.320573  
0.00186587  -0.0015788  0.00149088  0.0816143  -0.0411973  0.345038  
0.00177804  -0.00143277  0.00150894  0.0754847  -0.00154955  0.327058  
0.00152804  -0.0015788  0.00150135  0.0755426  -0.0088907  0.324981  
0.00165666  -0.0015788  0.00157972  0.071005  -0.0100388  0.317117  
0.00163149  -0.0015788  0.00164716  0.0751824  0.0267255  0.320642  
0.00200782  -0.0015788  0.001683  0.079473  -0.0318144  0.338784  
0.001784  -0.0015788  0.0015462  0.0749697  0.0219624  0.331694  
0.00181758  -0.0015788  0.00165989  0.0816908  -0.0100957  0.335152  
0.00164794  -0.0015788  0.00175771  0.0807993  -0.0184601  0.33439  
0.00134786  -0.0015788  0.00172005  0.0801418  0.000731221  0.346695  
0.0014541  -0.0015788  0.00166217  0.0774059  -0.0241092  0.334909  
0.00139897  -0.0014085  0.00137367  0.0831962  -0.0164311  0.34633  
0.00132973  -0.00138185  0.00159749  0.0713855  0.0342399  0.296101  
0.00103632  -0.00115632  0.00138564  0.0883321  -0.0190653  0.327193  
0.00131331  -0.00145984  0.00170563  0.0797791  0.0287838  0.308936  
0.00125283  -0.00145984  0.00144926  0.0899594  -0.000861943  0.335988  
0.00148515  -0.00129612  0.0013255  0.0886048  -0.0416015  0.336002  
2.64498e-05  -0.00212004  0.000889157  0.116048  0.0952718  0.443851  
-0.00228921  -0.00239632  0.00153108  0.0875872  -0.000113013  0.37223  
-0.000575064  -0.00108693  0.000775383  0.121165  -0.157199  0.61903  
0.00160576  -0.00177305  0.00138342  0.129741  -0.0287664  0.704765  
0.00225686  -0.00169436  0.0010825  0.129009  0.0109187  0.704212  
0.00235492  -0.00117394  0.00118877  0.12318  0.0274731  0.65325  
0.00218875  -0.00136803  0.00135494  0.120405  0.0593751  0.641761  
0.00225874  -0.00128282  0.00150905  0.114368  0.059461  0.633884  
0.00182178  -0.00124363  0.00134487  0.118325  0.042958  0.620905  
0.00208373  -0.00119373  0.00110178  0.114281  0.0135784  0.619677  
0.00211951  -0.00108947  0.001026  0.112848  -0.00854508  0.604037  
0.00185816  -0.00122765  0.00164245  0.0927648  0.00144219  0.551884  
0.00173615  -0.00106618  0.00127877  0.0978727  -0.0840526  0.553787  
0.00186055  -0.00130022  0.00121119  0.0983263  -0.0652905  0.551825  
0.00159609  -0.00130022  0.00135343  0.0924223  -0.0133806  0.515903  
0.00172452  -0.0010836  0.00124851  0.0944814  -0.0793494  0.517227  
0.00191472  -0.00130022  0.00157828  0.0889172  -0.00731789  0.494155  
0.00193496  -0.00103891  0.00155172  0.082493  -0.0207862  0.450464  
0.00185564  -0.00101684  0.00142497  0.0845285  0.00589479  0.447722  
0.00195452  -0.00130022  0.00160459  0.0825668  0.00921833  0.408541  
0.00196688  -0.00130022  0.00152762  0.0847088  0.0142049  0.4232  
0.00204954  -0.00130022  0.00144054  0.0847035  -0.00981232  0.423772  
0.00239116  -0.00130022  0.00167806  0.0846972  0.0324881  0.411271  
0.00210572  -0.00130022  0.00157315  0.0871938  -0.0198783  0.421878  
0.00200078  -0.00139855  0.00183113  0.0847172  0.0144524  0.414599  
0.00235189  -0.00138538  0.00173424  0.0821623  -0.0249376  0.411032  
0.00215968  -0.00146573  0.00181446  0.0814067  0.021703  0.393275  
0.00260148  -0.0013351  0.00145669  0.0886909  -0.0258991  0.429896  
0.0021662  -0.00158247  0.00170743  0.0848019  0.0215033  0.414073  
0.00250815  -0.00125882  0.00125909  0.0970729  -0.0140346  0.443653  
0.00196691  -0.00142745  0.00143852  0.0906858  0.0446278  0.429175  
0.00230128  -0.00140276  0.0014862  0.0910567  0.00908095  0.4396  
0.00231303  -0.00125128  0.00168513  0.0826803  -0.000569101  0.419566  
0.00250215  -0.00125128  0.0016929  0.0827522  0.00211555  0.43373  
0.00213635  -0.00125128  0.00171213  0.0834523  0.0570295  0.425329  
0.00243604  -0.00125128  0.0012945  0.0902081  -0.0290612  0.427431  
0.00238635  -0.0015177  0.00166672  0.080529  0.0265482  0.413501  
0.00213635  -0.00136097  0.00138196  0.0890223  -0.026844  0.427408  
0.00236754  -0.00147147  0.00185262  0.0777811  0.0242769  0.404659  
0.00267225  -0.0012723  0.00156186  0.0842734  -0.0181258  0.427438  
0.00253209  -0.00140453  0.00179241  0.0852772  0.035735  0.423236  
0.00262004  -0.00159299  0.00166763  0.0854471  0.00262105  0.427423  
0.00289279  -0.00147704  0.00175154  0.0806997  0.0108189  0.416812  
0.00282427  -0.00149369  0.00179083  0.0814833  0.0261275  0.401982  
0.00266297  -0.00139197  0.00174257  0.0777697  -9.78002e-05  0.395867  
0.00194482  -0.00133099  0.0017187  0.0775301  0.043737  0.3423  
0.0019652  -0.00136423  0.0015614  0.0926131  0.0032698  0.416239  
0.000341858  -0.00164492  0.000730147  0.0776695  0.116788  0.341826  
-0.000340166  -0.00229741  0.0014715  0.0969341  -0.0198534  0.477005  
0.00191999  -0.00173532  0.0011302  0.0900529  -0.135401  0.381238  
0.000213411  -0.00117973  0.00242836  0.0726274  -0.0810427  0.283745  
-0.000559446  -0.0011041  0.00276299  0.0813646  -0.0324694  0.300301  
0.000243235  -0.00110675  0.00263208  0.0721423  0.0230941  0.262675  
0.000634767  -0.0011236  0.002642  0.0666326  0.0385222  0.283513  
0.000322552  -0.0010143  0.00264907  0.0678355  0.0423209  0.298778  
0.000187092  -0.00141484  0.00244865  0.0639733  0.0251703  0.307824  
0.000580408  -0.00121171  0.00259051  0.0654822  0.00570836  0.282749  
0.000780672  -0.00181963  0.00242447  0.0781768  -0.0135804  0.356392  
0.000920875  -0.00150229  0.00225915  0.068266  -0.0576362  0.341586  
0.000932309  -0.00139608  0.00215735  0.0701969  -0.0558418  0.348726  
0.00098363  -0.0015225  0.00222721  0.0645583  -0.0605956  0.332915  
0.00135646  -0.00139703  0.0020627  0.0719765  -0.074574  0.332999  
0.00118383  -0.00161545  0.00214137  0.0754924  -0.0436864  0.332962  
0.00117003  -0.00173454  0.00216242  0.0685769  -0.0247501  0.301482  
0.00125821  -0.0015745  0.00206489  0.0782066  -0.0338643  0.32223  
0.00110126  -0.00189264  0.00212321  0.0783503  0.0263344  0.296946  
0.00120952  -0.00151134  0.0021921  0.0780051  -0.0188326  0.285426  
0.00115265  -0.0017765  0.00215449  0.0729257  0.0350869  0.267409  
0.0013847  -0.00154016  0.00219496  0.0689601  -0.0238233  0.285246  
0.00118082  -0.00185282  0.00218322  0.0735249  0.0200121  0.280391  
0.00128983  -0.00184565  0.00209114  0.0746599  -0.044205  0.281793  
0.00160045  -0.00175077  0.00214172  0.0772873  -0.00819632  0.287484  
0.0013856  -0.00176799  0.00223097  0.0750433  -0.0145322  0.275494  
0.00132444  -0.00177259  0.00215196  0.0833675  -0.0227365  0.284005  
0.00143366  -0.00185105  0.00230789  0.0800555  -0.00488206  0.265884  
0.0015661  -0.0017127  0.00239588  0.0832198  -0.00811678  0.266109  
0.00159007  -0.00176909  0.00251263  0.0781407  -0.00274797  0.255973  
0.00164439  -0.0017921  0.00230925  0.0781219  0.0127003  0.261218  
0.00141563  -0.00179678  0.00245044  0.0690977  -0.00430952  0.267593  
0.00158005  -0.0016823  0.00241596  0.0686036  -0.0111979  0.273602  
0.00127426  -0.00199255  0.00244676  0.0716054  0.0285457  0.271343  
0.00190626  -0.00185105  0.00242276  0.0735213  -0.0338946  0.270482  
0.00138872  -0.00196942  0.0025035  0.0727814  0.0109612  0.257382  
0.0017403  -0.00179648  0.00228097  0.073291  -0.0534914  0.273191  
0.00143141  -0.00204083  0.00250216  0.0756557  0.0204439  0.243112  
0.00181859  -0.00169208  0.002482  0.0726157  -0.0547993  0.252609  
0.00180044  -0.00172887  0.00260171  0.0744311  0.00474177  0.240777  
0.00213374  -0.00202258  0.0023919  0.0664198  0.0104787  0.180868  
0.0016019  -0.00156078  0.00241033  0.0751191  0.0469969  0.218798  
0.00183098  -0.00170762  0.00213505  0.0827163  -0.0080162  0.258841  
0.00159618  -0.00193928  0.00205757  0.0775006  0.0307654  0.261354  
0.00126919  -0.00180755  0.00213815  0.0841753  -0.0118532  0.287848  
0.00154025  -0.00188156  0.0021185  0.0783505  -0.00165853  0.267518  
0.00176829  -0.00168718  0.00211496  0.0796324  -0.0170963  0.280834  
0.00162095  -0.00231872  0.00152571  0.105653  0.0540269  0.457955  
-0.00375968  -0.00545158  0.00172019  0.164021  0.0772487  0.945913  
0.0013904  -0.00369264  0.00118916  0.151987  -0.152009  0.735586  
0.000652846  -0.00169524  0.00201765  0.06159  -0.185141  0.158683  
0.000764077  -0.00181856  0.00213847  0.0630569  -0.10982  0.169991  
0.00126526  -0.0018577  0.00256103  0.0683023  -0.0200125  0.146979  
0.0015552  -0.00227538  0.00266395  0.0696376  0.0447786  0.149663  
0.00111859  -0.00168471  0.00267513  0.0595895  0.0596566  0.180982  
0.000679008  -0.00178491  0.00226776  0.0596191  0.0779525  0.223938  
0.00135812  -0.00153959  0.00241815  0.0676839  0.0251963  0.214579  
0.00115668  -0.00159632  0.0025432  0.0700176  0.0105173  0.206658  
0.00137465  -0.00186033  0.00220941  0.0869636  0.00454059  0.289384  
0.00146272  -0.00224435  0.00212993  0.0871  -0.0606903  0.317671  
0.0013155  -0.00222401  0.0020708  0.0850438  -0.0641618  0.306012  
0.0014177  -0.00202904  0.0021023  0.0832175  -0.0421554  0.280593  
0.00119096  -0.00217806  0.00229584  0.076334  -0.0267594  0.256654  
0.00130262  -0.0018902  0.00197058  0.0735424  -0.0445635  0.267557  
0.00101252  -0.00216201  0.0022802  0.0754212  0.0252283  0.251258  
0.00159703  -0.0018763  0.00223155  0.0759478  -0.0322787  0.255817  
0.00107447  -0.00205832  0.00225624  0.0775412  0.0223831  0.240712  
0.00163934  -0.00195593  0.00220186  0.0742071  -0.0172041  0.23329  
0.00127755  -0.00224466  0.00236874  0.0735758  0.0355788  0.217287  
0.00184793  -0.00225444  0.00225371  0.0707188  -0.00420686  0.227506  
0.00209048  -0.00250721  0.00241244  0.0711546  0.0196829  0.198582  
0.00197056  -0.00237155  0.00248148  0.0693171  0.0102269  0.208098  
0.00183847  -0.00236185  0.00222439  0.0784756  -0.0206772  0.219933  
0.00197742  -0.00218342  0.002395  0.0750746  0.0166825  0.199856  
0.00175543  -0.00206843  0.00237322  0.0787613  -0.0103066  0.224456  
0.00168961  -0.00232443  0.00242083  0.0754515  -0.0103283  0.209848  
0.00172234  -0.00218352  0.00242317  0.0820168  0.00533025  0.22055  
0.00194541  -0.00216386  0.00233051  0.0799087  -0.0254632  0.214941  
0.00217121  -0.00244171  0.00237336  0.0801108  0.0249721  0.208326  
0.00201986  -0.00212241  0.00245003  0.0775843  -0.0241268  0.208927  
0.00205909  -0.00250701  0.00245443  0.0776951  0.0313487  0.199474  
0.00235974  -0.00263635  0.00221775  0.0807201  -0.0255345  0.199658  
0.00188878  -0.00217529  0.00234849  0.0805874  -0.00319177  0.220549  
0.0016923  -0.00231036  0.00236339  0.0786447  0.00559611  0.214038  
0.00186636  -0.00214526  0.00216775  0.0787319  -0.036313  0.235271  
0.00137558  -0.00227925  0.00216808  0.0767927  0.000852877  0.241044  
0.00146131  -0.00222182  0.00230525  0.0770356  -0.0344489  0.224255  
0.00122571  -0.00213612  0.00242074  0.0714163  -0.03817  0.213681  
0.00156195  -0.00234327  0.00247645  0.0747242  0.00580504  0.201541  
0.00216485  -0.0023327  0.00239707  0.0802682  -0.0263212  0.217045  
0.00189181  -0.00238989  0.00240706  0.0763645  0.00604591  0.224133  
0.0019777  -0.00275679  0.00231045  0.0762434  0.00606379  0.202083  
0.00222949  -0.00271503  0.00236346  0.0746535  -0.00241421  0.18762  
0.00164186  -0.00248263  0.00240235  0.0747101  0.0315219  0.188552  
0.00197795  -0.00243981  0.00234015  0.0820971  -0.0174571  0.197419  
0.00186065  -0.00269612  0.00237966  0.0802708  0.0252943  0.178759  
-0.0035802  -0.00310774  0.000217231  0.248004  -0.343363  1.46681  
-0.00289269  -0.00165765  9.58426e-06  0.124411  0.0741008  0.566487  
0.000897783  0.00235029  -0.00181374  -0.015498  -0.0244085  0.263624  
0.00127004  0.000873103  -0.00135028  0.0233403  0.0523373  0.246799  
0.000701614  -0.00137903  -0.000378963  0.0776913  0.0733395  0.334901  
0.000246847  -0.00108641  0.000701008  0.0884092  -0.113678  0.393453  
-0.000760806  6.77868e-05  0.000840359  0.0784597  -0.171725  0.350833  
0.000404874  -0.000182106  0.00111312  0.0524275  -0.102081  0.199518  
0.000876238  -0.000298852  0.00140825  0.0444718  0.00475556  0.14685  
0.000363629  -0.000366722  0.00186859  0.0601457  0.0747408  0.197397  
0.00292979  -0.00316803  0.00121283  0.0824881  0.0872374  0.403523  
0.00110058  -0.000945172  0.000363045  0.0773993  0.107729  0.202882  
0.00138635  -0.00132625  0.00155537  0.0592785  0.041529  0.184106  
0.00217587  -0.002009  0.00158854  0.0582764  0.00900494  0.142772  
0.0024973  -0.00252668  0.00150037  0.0589533  -0.0191022  0.103936  
0.00243895  -0.00261252  0.00154047  0.0674875  -0.0276093  0.107962  
0.00182172  -0.00267462  0.00121913  0.0619156  -0.0785678  0.114995  
0.000835316  -0.00178173  0.00111553  0.0678327  -0.0924248  0.168147  
0.00173649  -0.00248682  0.0014016  0.0618225  -0.0705392  0.11455  
0.00184734  -0.00261293  0.00141273  0.0618253  -0.0682704  0.100822  
0.00049651  -0.0022266  0.00167678  0.0618019  -0.00344524  0.129371  
-0.00111475  -0.00173466  0.00148037  0.0945982  -0.129986  0.318846  
-0.00886097  -0.00159721  0.000980411  0.137177  0.0293504  0.700996  
1.79448e-05  -0.00116389  0.00127861  0.0740562  -0.123074  0.242784  
0.000323767  -0.00151782  0.00180606  0.0695386  0.0141768  0.204136  
0.000495435  -0.00139294  0.00145026  0.0682034  -0.0684678  0.183973  
0.000351174  -0.00165004  0.00180961  0.0648013  -0.0109711  0.176622  
0.00050311  -0.00131935  0.00161875  0.0647657  -0.0741774  0.157698  
0.000800041  -0.00149994  0.00177199  0.0686859  -0.0347695  0.161827  
0.000621155  -0.00154514  0.00184368  0.0626829  -0.0175975  0.161809  
0.000621155  -0.00169384  0.00188577  0.0648269  -0.00461584  0.161798  
0.000897098  -0.0015197  0.0016587  0.0740041  -0.0149214  0.168591  
0.00103973  -0.00154435  0.00171314  0.0670895  -0.00921981  0.145719  
0.00111877  -0.00150018  0.00160194  0.0722048  -0.00209448  0.153671  
0.0010881  -0.00192473  0.00181481  0.0618345  0.00132907  0.121344  
0.00133661  -0.00196566  0.00187106  0.0664576  -0.00442049  0.123556  
0.00157192  -0.00267561  0.00184243  0.0619176  0.00217656  0.0804546  
0.00142588  -0.00125443  0.00190203  0.04542  -0.010002  0.139248  
0.00450398  0.00554925  -0.00187578  -0.0581908  0.0520705  0.169684  
0.00329504  0.00329767  -0.00121113  -0.0235152  0.0284287  0.166055  
0.0032914  0.00265224  -0.000768914  -0.0183629  -0.00429751  0.143886  
0.00309528  0.00204115  -0.000210763  -0.0114068  0.0473347  0.120475  
0.00298879  0.00162103  -1.70892e-05  -0.00541511  0.00363266  0.127117  
0.00332676  0.0015634  0.000156552  -0.00477276  -0.00312511  0.114958  
0.002951  0.00122247  0.000835812  0.0129753  0.0275704  0.123646  
0.00302128  0.00108498  0.000788499  0.0139636  -0.0055693  0.127703  
0.00260923  0.000269601  0.000754551  0.0308289  0.0527442  0.144166  
0.00139334  -0.000164678  -0.000311829  0.0683352  0.048357  0.288201  
-2.40961e-05  -0.000742811  0.000434508  0.0774635  0.0639736  0.351155  
-0.00025866  0.000759341  0.00099052  0.0402302  -0.105816  0.38682  
-0.00181864  4.43595e-06  0.00159561  0.0220163  -0.0995273  0.145175  
-0.00127517  0.000171702  0.00226289  0.0216031  -0.018924  0.114237  
-0.000711355  8.0663e-06  0.00224364  0.0265118  0.00622464  0.106071  
-0.000209049  -9.16725e-05  0.00231812  0.0274834  0.0282501  0.137354  
-0.000488325  -0.000128628  0.00225195  0.026597  0.0220788  0.142996  
-0.000322739  -0.000178433  0.0023669  0.0210672  0.00703232  0.137634  
-6.23044e-05  -0.000235916  0.00220886  0.0302317  0.0299415  0.164973  
2.9542e-05  -0.000357059  0.00202703  0.0296436  -0.0429802  0.151998  
-0.000163544  -0.000378537  0.00203672  0.0313209  -0.0417647  0.132464  
-6.81953e-05  -0.000493406  0.00197559  0.0333557  -0.0372893  0.143782  
-0.000132858  -0.000333993  0.00141332  0.0312522  -0.0875222  0.130118  
5.13792e-05  -0.000544002  0.0019085  0.0292016  -0.0429139  0.124772  
-0.000453326  2.05791e-05  0.000457122  0.0312807  -0.113108  0.171467  
-0.000473297  0.00140122  -0.00105175  -0.0108346  0.0531897  0.149545  
0.00156741  -0.000245977  0.00122921  0.0223688  -0.0382334  0.0795362  
9.80851e-05  -0.00048765  0.00133046  0.022334  0.034939  0.0899214  
0.00183686  -0.000329214  0.00148594  0.0167905  -0.0329647  0.0310229  
0.000341244  -0.000628854  0.00150235  0.0244044  0.0452921  0.066364  
0.00185453  -0.00122152  0.00146568  0.0342414  -0.0134578  0.0156745  
0.00148651  -0.00163868  0.0016022  0.0290331  0.0359329  -0.025696  
0.00167806  -0.00151945  0.00159241  0.0352404  0.0204909  -0.011635  
0.00261105  -0.00101267  0.00155185  0.0343407  0.0127124  -0.0121273  
0.00164164  -0.00173896  0.00159666  0.0353832  0.0404871  -0.0354776  
0.00210038  -0.00159199  0.00153181  0.0374679  -0.0112093  -0.00860545  
0.00160783  -0.00193209  0.00149231  0.0337759  0.032657  -0.0404782  
0.00159764  -0.00155314  0.00156534  0.0335997  0.0194047  -0.0552647  
0.00186734  -0.00148847  0.00160719  0.0338117  -0.00217487  -0.0483787  
0.0012019  -0.00154846  0.00165121  0.0364577  0.0409665  -0.0529478  
0.00216359  -0.00148568  0.00148033  0.029519  -0.00819632  -0.0387629  
0.00207673  -0.00174437  0.00156484  0.0341382  0.0394876  -0.0366429  
0.00235252  -0.00190763  0.00124794  0.0433377  -0.0114404  -0.0111272  
0.00216912  -0.00198449  0.00144298  0.0382414  0.00913327  0.00012578  
0.00248572  -0.0011694  0.00133519  0.0345075  -0.0119554  0.00368969  
0.00204186  -0.00160133  0.00151424  0.0338419  0.0131067  -0.00772076  
0.00234291  -0.00141246  0.00142853  0.0352856  -0.0123794  0.0081432  
0.00199437  -0.00196172  0.0014784  0.0359837  0.00931677  -0.00768542  
-0.00268687  -0.000118299  -0.00026115  0.0719447  -0.132134  0.314314  
0.000180155  0.00110866  -0.00229827  -0.0216688  -0.0181446  0.26272  
0.002488  0.00116596  -0.000852356  -0.00489538  -0.00078955  0.134445  
0.00547389  0.00148415  -0.000853108  -0.026084  -0.00383079  0.00981629  
0.0042633  0.00123818  -0.000284161  -0.0182654  0.0233198  0.0330703  
0.00416721  5.81555e-05  0.000273842  0.0241124  -0.0273312  0.0313674  
0.00387103  3.06978e-05  0.000127617  0.024129  0.0204859  0.0361433  
0.0037879  0.00144551  -0.000552103  -0.0221016  -0.0247442  0.0398817  
0.00357066  -0.000103046  0.000769845  0.0201508  0.0353024  0.0422753  
0.00387683  3.06978e-05  0.000762318  0.0217485  -0.00321935  0.0376727  
0.00387503  -0.000114795  0.000727837  0.017996  0.0368684  0.0278246  
0.00404474  3.06978e-05  0.000859353  0.0197054  0.0160497  0.0246612  
0.00386988  -0.00034995  0.000961458  0.0190292  0.0340264  -0.000850593  
0.00380493  -0.000282596  0.000741096  0.0241176  0.0290006  0.0290135  
0.00399695  -0.000505016  0.000800609  0.0217174  0.00300861  0.0266767  
0.0038639  -0.000384491  0.000818201  0.0272617  0.0164362  0.0601806  
0.00377986  -0.000164783  0.000802332  0.0241087  -0.00159106  0.0333332  
0.00386491  -0.000219302  0.000865959  0.0218414  0.0261942  0.0173027  
0.00360483  -0.000856514  0.000826955  0.0293284  0.00895339  0.0178855  
0.00387567  -0.000418084  0.000835626  0.0241167  -0.0108568  -0.000924725  
0.00358225  -0.00068392  0.000828195  0.0182268  0.0236152  0.00294754  
0.00359794  -0.000612342  0.000863105  0.0241035  0.00576929  0.0184521  
0.00338733  -0.000512614  0.000760123  0.0241052  -0.00236488  0.0338628  
0.00302335  -0.000940984  0.00106614  0.0105729  0.028566  -0.0690711  
0.00288782  -0.0013611  0.00114005  0.0155438  -0.000474208  -0.0832743  
0.00284189  -0.00104049  0.000919557  0.0109348  -0.015264  -0.114024  
0.00269382  -0.00112967  0.00107193  0.0148833  0.0445758  -0.10995  
0.0026318  -0.000503238  0.00117624  0.013412  -0.024736  -0.163865  
0.00285362  -0.00100584  0.00112553  0.0178466  0.0511704  -0.136898  
0.00309544  -0.000571117  0.000987652  0.0155771  -0.00176863  -0.118911  
0.00309709  -0.00100064  0.00113512  0.0139061  0.0422581  -0.0874687  
0.00317765  0.000398173  0.0012048  -0.00873981  -0.00383783  -0.148359  
0.00301105  -0.000949367  0.00113128  0.0180752  0.0710009  -0.102956  
0.00308792  -0.000411994  0.00116018  0.0184737  0.00413703  -0.109063  
0.00314868  -0.000525733  0.00102063  0.0184702  0.0262421  -0.106726  
0.00342082  -0.000480446  0.000953356  0.0240746  0.0185804  -0.078472  
0.00325195  -0.000363116  0.00104129  0.0173044  -0.00967648  -0.109974  
0.00330571  -0.000507642  0.00112051  0.0184971  0.0337314  -0.101929  
0.00336603  -0.000386512  0.00109369  0.0167691  0.0018119  -0.109099  
0.00310768  -0.000715804  0.0011476  0.0206519  0.0587282  -0.114475  
0.00353132  -0.000188041  0.00109291  0.0192805  0.0100421  -0.106515  
0.00312585  -0.000611898  0.00100504  0.0149305  0.0383102  -0.118746  
0.00305004  -0.000680728  0.00113654  0.0183115  0.030714  -0.118727  
0.00361949  -0.000222889  0.00117227  0.0122676  0.0191455  -0.122428  
0.00293924  -0.000809873  0.00114828  0.0124533  0.0459353  -0.129876  
0.00336718  -0.000570904  0.00119832  0.0149705  0.00639106  -0.108985  
0.00327045  -0.000980273  0.00119868  0.0144102  0.0306506  -0.134158  
0.00312991  -0.000900563  0.00124075  0.0113747  0.0167897  -0.128813  
0.00382378  -0.000683882  0.000658862  0.0152096  0.0117389  -0.0775084  
0.000929112  -0.00113612  -0.00130752  0.00025272  0.150955  0.276409  
0.00107395  0.00207166  0.000690059  -0.0384533  -0.119362  -0.0784251  
0.000339174  -8.93743e-05  0.00163985  -0.0232848  -0.101955  -0.183139  
0.000658648  2.36311e-06  0.00189362  -0.0184502  -0.0291254  -0.174894  
0.00110205  -0.000245555  0.0019112  -0.0133997  0.0176298  -0.177975  
0.00097893  -0.000410046  0.00187169  -0.000671649  0.0370201  -0.152823  
0.000913456  -0.000462684  0.00189489  0.000558165  0.0547865  -0.133937  
0.0017602  -0.00111108  0.00186396  -0.00398675  0.0355172  -0.116934  
0.00141481  -0.000306272  0.0018808  -0.00470664  0.00266378  -0.13458  
0.00125774  -0.000526832  0.00178195  0.00823798  0.0012697  -0.124521  
0.00182651  -0.000729613  0.00176652  0.00533299  0.0218571  -0.115988  
0.00235724  -0.00101292  0.00117689  0.0106412  -0.0649962  -0.0811497  
0.00172239  -0.000594351  0.00160423  -0.000413436  -0.029244  -0.144219  
0.00153073  -0.000594351  0.00158243  0.0016144  -0.0599369  -0.140876  
0.00206784  -0.000844351  0.00158168  -0.00166246  -0.0319819  -0.164963  
0.00138366  -0.000799485  0.00164802  0.00514797  0.00704863  -0.161818  
0.00185009  -0.000594351  0.00164046  0.0044821  -0.0186511  -0.167954  
0.00149365  -0.000674008  0.0017598  4.29414e-05  0.0492484  -0.186076  
0.00178907  -0.000594351  0.00180246  0.00321121  0.0208146  -0.183189  
0.0016049  -0.000804619  0.0016884  0.00152496  0.00502349  -0.188695  
0.00178405  -0.00105423  0.00165406  0.00823843  0.0336643  -0.174697  
0.00185478  -0.000477678  0.00175899  -0.00409598  -0.0198862  -0.170984  
0.00176458  -0.00100724  0.00160384  -0.0062927  0.0283093  -0.180237  
0.00188262  -0.000885198  0.00158574  0.00513792  -0.00045895  -0.168249  
0.00185621  -0.000594351  0.00154837  -0.00543035  0.00179497  -0.170849  
0.00210975  -0.00150489  0.00089737  0.0117049  -0.000175753  -0.110223  
0.00168217  -0.00162403  0.00129952  0.015681  -0.00343921  -0.14127  
0.00184678  -0.00142795  0.00134259  0.0145471  0.0600538  -0.182838  
0.0033905  -0.00114274  0.00104726  0.0271818  0.00761104  -0.0743572  
-0.0190535  -0.00120254  0.00173328  0.22836  -0.585463  1.23575  
-0.00466591  0.00015286  -0.000139439  0.0823738  0.19764  0.503644  
-0.00390726  -0.000143227  0.00153028  -0.0158855  -0.0333018  -0.125699  
-0.00359061  -0.00136819  0.000853415  0.00858924  -0.0679842  -0.0650368  
-0.001212  -0.000896016  0.00144104  0.0037253  -0.0266205  -0.170178  
-0.000545227  -0.00102615  0.00114394  0.0119618  -0.0977869  -0.143567  
-0.000165526  -0.00105452  0.00156383  0.00292278  -0.0436757  -0.15176  
-1.08598e-05  -0.00100813  0.00109941  0.018529  -0.10051  -0.138826  
-0.000129751  -0.00120577  0.00143848  0.015052  -0.0571138  -0.133861  
0.0015775  -0.00186694  0.000994992  0.0387213  -0.0438507  0.000171578  
-0.00102378  -0.00222139  0.000361993  0.0656127  0.101276  0.264787  
-0.00335161  -0.00181468  -0.000527333  0.0748409  0.0721473  0.403299  
-0.000202003  -0.000724444  -0.000798256  0.0150577  -0.128587  0.10973  
0.00084543  -0.00261577  0.000617553  0.0153946  -0.120506  -0.0305826  
0.00193305  -0.00220991  0.000803412  0.0208046  -0.0170912  -0.0234514  
0.00169899  -0.00209602  0.00121418  0.0304583  0.0367055  -0.0180947  
0.00162206  -0.00232407  0.00120266  0.0330927  0.056021  -0.00960426  
0.00173895  -0.00210458  0.00155809  0.030398  0.0433975  -0.0246235  
0.00190059  -0.00192596  0.00131389  0.0206523  0.03248  -0.0185025  
0.00186671  -0.00201609  0.00146496  0.0251024  0.0219685  -0.0257617  
0.00169846  -0.00213122  0.00145878  0.0291414  0.00529106  -0.0428406  
0.00148642  -0.00207695  0.00150897  0.0245552  -0.020269  -0.0620749  
0.000733553  -0.00255229  0.00144242  0.0307014  -0.0411049  -0.0154526  
0.000833012  -0.00235434  0.00122096  0.0213144  -0.0786677  -0.06424  
-3.05541e-06  -0.00241988  0.00124622  0.0242092  -0.0819528  -0.0763723  
0.000453073  -0.00159076  0.0011324  0.0253442  -0.111466  -0.110265  
6.86897e-05  -0.00052555  0.00149678  0.00256386  -0.0277203  -0.122796  
9.05043e-05  -0.00101884  0.00116928  0.0207775  -0.0667539  -0.117005  
0.000395837  -0.00116157  0.00155999  0.0141671  -0.00158746  -0.149919  
0.000898941  -0.00105449  0.00159806  0.0172846  0.0137347  -0.152899  
0.000422143  -0.00114553  0.00152599  0.0120305  0.0389566  -0.163653  
0.000553529  -0.00120607  0.00153597  0.0171253  0.0367074  -0.156791  
0.000457998  -0.00097879  0.00179471  0.00688386  -0.0183591  -0.194298  
0.000768668  -0.00122131  0.00159426  0.00738653  0.0381974  -0.206889  
0.000728487  -0.000740099  0.00169686  0.00715892  -0.0451691  -0.203988  
0.000814692  -0.00101875  0.00162705  0.000171059  0.0244756  -0.201231  
0.00544667  0.00516615  -0.00135156  -0.0770518  0.0475367  -0.0849928  
0.00379024  0.0041332  -0.000349661  -0.0602248  0.0126311  -0.129122  
0.000351108  0.00156048  0.00164006  -0.022885  0.0318508  -0.168598  
0.0012835  0.00102102  0.00151185  -0.027482  0.00263513  -0.192311  
0.00100734  0.000587497  0.00148213  -0.0234179  0.0563818  -0.201155  
0.00135138  0.00112123  0.00139067  -0.0255519  0.00477615  -0.184308  
-0.000544649  0.000218532  2.4629e-05  0.0442012  -0.0717122  0.128912  
-0.00229296  0.00169364  -0.00217683  0.00221495  -0.0728809  0.430744  
-0.0461203  -0.00155134  0.00146797  0.386236  -1.3386  2.88561  
-0.0110546  0.00322459  -0.000264429  0.0510426  0.0703878  0.73265  
-0.00266442  0.000922514  -0.00114264  -0.0295658  -0.135253  0.129653  
-0.0021439  0.000123655  0.000117365  0.0298546  -0.0796776  0.0846727  
-0.00192472  0.00136494  -0.000516579  -0.015454  -0.129762  0.076098  
-0.00258835  6.54758e-06  0.000245183  0.0237165  -0.0960248  0.0403378  
-0.00229591  0.00166773  0.000234442  -0.00750467  -0.127803  0.0195328  
-0.00251222  0.000908961  -0.000797934  -0.0206531  -0.0775106  0.00333663  
-0.00230073  7.64691e-05  0.000255246  0.027418  -0.084383  0.0263049  
-0.0021216  0.00144013  0.000215256  -0.00651982  -0.0652705  0.0173121  
-0.00244496  0.00139825  -0.000248644  -0.0188  -0.0364577  0.0094066  
-0.0024032  0.0014052  -0.000787756  -0.0300558  -0.0276636  -0.0341047  
-0.00226138  0.00142637  7.84342e-05  -0.00749064  -0.0282726  -0.0175139  
-0.00244034  -0.000598911  0.000763579  0.0199463  -0.0182094  -0.0289715  
-0.00205084  0.00122654  0.000622876  0.00838692  -0.0472971  0.0090629  
-0.00211007  0.00148485  6.95929e-05  -0.0112777  -0.0726409  -0.00227982  
-0.00202136  0.00163582  0.000173192  -0.00218907  -0.0772275  0.00821845  
-0.00240016  -0.000262582  0.000737163  0.0189332  -0.0659488  -0.0326026  
-0.00225273  0.00141592  0.000391215  -0.00521434  -0.0680685  -0.00893954  
-0.00207195  0.00150874  0.000108225  -0.0117431  -0.0910442  0.00438958  
-0.00184128  0.00173355  0.000316149  -0.00699348  -0.0687821  0.000223947  
-0.00226603  -0.00111624  0.000752172  0.0284832  -0.00739183  0.00740045  
-0.00189427  -0.00150398  0.000853265  0.023645  -0.0614163  -0.0292446  
-0.0024115  -0.000870294  0.00093698  0.0213411  -0.0268353  -0.0218374  
-0.00198358  -0.000182285  0.00104289  0.0165906  -0.0587559  -0.0426564  
-0.00187087  -0.000895038  0.000970502  0.0197919  -0.0116516  -0.0611878  
-0.0015609  0.00122145  0.00109831  0.00488078  -0.0768541  -0.0227915  
-0.00113958  0.00161839  0.00111049  -0.000159604  -0.0317224  -0.0271871  
-0.00130809  -0.000774352  0.00126031  0.0179864  -0.0485026  -0.0815647  
-0.00204841  -0.000360709  0.00117504  0.0236587  -0.0360128  -0.0545778  
-0.000735084  0.00187083  0.000908567  -0.00876904  -0.0742214  -0.0558362  
-0.000819765  -0.000610709  0.00141379  0.0104055  -0.0282439  -0.102357  
-0.000642099  -0.000360709  0.00126152  0.0158435  -0.0700292  -0.0900655  
-0.00108457  -0.00118432  0.00126964  0.0149722  -0.0248791  -0.111021  
-0.0016157  -0.000643678  0.00115235  0.0198558  -0.0627412  -0.0686942  
-0.000415527  -0.000497542  0.00126742  0.0101752  -0.0529472  -0.102514  
-0.000737914  -0.000660846  0.00143078  0.0132486  -0.0154784  -0.105334  
-0.000326553  -0.000322826  0.00126368  0.0108659  -0.0697182  -0.104294  
-0.000943822  -0.000278163  0.00152946  0.000169514  -0.0168861  -0.116985  
-0.000733111  -0.000174106  0.00142193  -0.00123518  -0.0615619  -0.104304  
-0.000498976  -0.000114999  0.00157038  -0.00924802  -0.026862  -0.110153  
-0.00155721  -0.000865666  0.00143211  0.0051971  -0.016399  -0.0979844  
-0.000271192  -0.000300239  0.00159501  0.00272283  -0.049118  -0.117254  
-0.00058974  -0.000910192  0.00160428  0.00444458  -0.00157438  -0.132798  
-0.000342667  -0.000674518  0.00139092  0.00920773  -0.0534419  -0.117027  
-0.000657142  -0.000705509  0.00163884  -0.00421941  -0.0255139  -0.128688  
-0.000643575  -0.000736162  0.00150115  0.0061469  -0.00938518  -0.128414  
-0.000170054  0.00021009  0.00105622  -0.012328  -0.0678793  -0.117198  
-0.000119386  -0.000382246  0.00159497  -0.000120652  -0.00336281  -0.140094  
-0.000220774  -0.000436203  0.00151043  0.00114358  -0.0326036  -0.10953  
0.000473417  -0.000191071  0.00164029  -0.00115904  -0.0223075  -0.128717  
-0.000225799  -0.000656746  0.00144027  -0.00430479  -0.0223084  -0.127448  
-0.000105469  -0.000500087  0.00117673  -0.00835704  -0.0612758  -0.121867  
0.00036852  -0.000786738  0.001588  -0.00492811  -0.000169514  -0.13378  
-0.000113699  -0.000761933  0.00145185  0.00253261  -0.0635801  -0.116784  
-0.000350437  -0.00090897  0.00122256  -0.00590671  -0.0421294  -0.148067  
0.00148931  -0.00141523  -0.0011537  0.00997066  0.0412582  0.120152  
9.53777e-05  -0.000685151  -0.000394443  0.0245102  -0.0878777  0.209067  
-0.000508806  -0.000433955  0.000752679  0.0392357  -0.060049  0.208158  
6.30666e-05  -0.00203538  0.000517442  0.0581665  0.12257  0.380104  
-0.00222211  -0.00152832  0.00102869  0.0226858  -0.136536  0.0176986  
-0.000819755  -0.000182932  0.00158893  -0.0207968  -0.150867  -0.242973  
-0.00154369  0.000217908  0.00194052  -0.0372913  -0.0338713  -0.309519  
-0.00133162  -0.00044112  0.00185671  -0.0307682  0.0386519  -0.281742  
-0.000733613  -0.000191217  0.0021288  -0.0217768  0.0107934  -0.270472  
-0.000442986  -0.000295725  0.00211187  -0.0259084  0.0523113  -0.252918  
-0.000340147  -0.000429936  0.00232529  -0.0154754  0.0318243  -0.256776  
-0.000375964  -0.000385993  0.00232811  -0.013423  0.0197568  -0.251432  
-0.000571705  -0.000548289  0.00231553  -0.0106029  0.0139584  -0.259645  
-0.000634223  -0.000396676  0.00213266  -0.0179574  -0.0585879  -0.268872  
-0.00260959  -0.00133918  0.00188021  0.0186798  -0.0349745  -0.0794753  
-0.000668564  -0.000548289  0.00194785  -0.0078948  -0.0911947  -0.250699  
-0.000515772  -0.000703917  0.00190816  -0.017457  -0.0986017  -0.286905  
-0.000232926  -0.000548289  0.00208357  -0.0218932  -0.057819  -0.299241  
-0.000274084  -0.000973377  0.0021075  -0.0155723  0.016928  -0.322349  
-0.00036156  -0.000690575  0.0021839  -0.0139196  -0.0351636  -0.324974  
-0.00111201  -0.00104971  0.00259641  -0.00469198  -0.00629126  -0.21178  
-0.00144984  -0.000635416  0.00200877  -0.000294754  0.038495  -0.187865  
-0.000769827  -0.00103093  0.00221015  -0.00406379  -0.0105504  -0.27443  
-0.000618351  -0.000932504  0.00231704  -0.00247821  -0.0236649  -0.295159  
-0.000794968  -0.00089463  0.00230918  -0.0122217  0.0217729  -0.340929  
-0.000495136  -0.000997832  0.00222326  -0.0146276  -0.024878  -0.366427  
-0.000420932  -0.000886537  0.00235541  -0.00827087  -0.0108519  -0.340785  
-0.00023809  -0.00116894  0.00224143  -0.0237494  -0.00698391  -0.435228  
-0.000100582  -0.00101189  0.00237882  -0.00518838  0.0207114  -0.307417  
-0.000565985  -0.00113612  0.00234231  -0.00169519  0.0317092  -0.289743  
-0.000432202  -0.00125296  0.002353  -0.0025029  0.0099747  -0.288428  
-0.00054397  -0.00111621  0.00241924  -0.00715576  -0.00116102  -0.277303  
-0.00086006  -0.000779698  0.00212029  -0.0191322  -0.0163124  -0.278908  
-0.000679786  -0.00145889  0.00238025  -1.97284e-05  -0.000271476  -0.289178  
-0.00078398  -0.00124282  0.00225978  0.00235551  -0.055606  -0.293874  
-0.000551997  -0.00116565  0.00236826  -0.00193923  0.00697974  -0.318385  
-0.000299612  -0.000947469  0.0022843  -0.000330654  -0.0352275  -0.302489  
-0.00100379  -0.00136084  0.00230605  0.000146431  0.0197774  -0.309843  
-0.000419044  -0.00113009  0.00243458  -0.00210226  -0.0215225  -0.304334  
-0.000558788  -0.00110895  0.00246169  -0.00402593  -0.0203036  -0.31157  
-0.000640592  -0.00111743  0.00218442  -0.00855519  0.00559516  -0.304576  
-0.000659139  -0.000947469  0.00236639  -0.00146235  -0.0483477  -0.308513  
-0.000719645  -0.0012439  0.0023877  0.00376401  0.0193072  -0.301041  
-0.000484639  -0.000995962  0.00237553  -0.00177176  -0.0463172  -0.301888  
-0.000659504  -0.00112819  0.0022436  -0.00271608  -0.00904149  -0.29173  
-0.000654064  -0.000761968  0.00216776  -0.00391336  -0.0470366  -0.294774  
-0.000849213  -0.00112522  0.00227998  -0.00489744  0.00058005  -0.312968  
-0.000532139  -0.000899209  0.002299  -7.65963e-05  -0.0541183  -0.29232  
-0.000545916  -0.00134022  0.00228807  -0.00445708  0.0123052  -0.302224  
-0.000303021  -0.00101921  0.00227471  -0.00465606  -0.0396959  -0.291644  
-0.00082415  -0.00110278  0.00242718  -0.0105267  -0.00393378  -0.300458  
-0.000663044  -0.0012004  0.00208196  -0.00201263  -0.0411228  -0.290319  
-0.000847164  -0.00120381  0.0023515  -0.0115244  -0.0128172  -0.309088  
-0.00048749  -0.0012289  0.00233406  -0.00434289  -0.0219147  -0.30325  
-0.000606962  -0.000888546  0.00234145  -0.018719  -0.0370213  -0.310347  
-0.000687351  -0.000785004  0.00235804  -0.00881736  -0.0419035  -0.290821  
-0.000836274  -0.00118011  0.00236894  -0.0044017  0.0267418  -0.310291  
-0.00055463  -0.000991592  0.00227691  -0.00205266  -0.036449  -0.315755  
-0.000694544  -0.000934399  0.00235347  -0.00500559  -0.0104843  -0.325234  
-0.000801343  -0.00126833  0.00222311  -0.00537155  -0.0134833  -0.310502  
-0.000737907  -0.00129197  0.00223845  0.00238207  -0.0365149  -0.305493  
-0.000708034  -0.00144664  0.00224755  -0.00376593  -0.00721618  -0.32112  
-0.00037487  -0.0012063  0.00233613  -0.00469765  -0.0183088  -0.312155  
-0.000290302  -0.00140788  0.0022061  0.00073395  -0.0295993  -0.301391  
-0.00050897  -0.00167595  0.00222192  0.000595174  0.00275055  -0.272478  
-0.00078286  -0.00122861  0.00229261  0.000920241  -0.0442666  -0.288784  
-0.000903005  -0.00132947  0.00238596  -0.00262325  -0.000430652  -0.314416  
-0.000789017  -0.00119045  0.00236317  -0.00418542  -0.0203011  -0.299419  
-0.000217108  -0.00113523  0.00250521  -0.00288546  -0.0140909  -0.31739  
-0.000606678  -0.00121359  0.00239782  -0.00970839  0.011275  -0.311427  
-0.00066911  -0.00100051  0.0023635  -0.00200136  -0.034313  -0.308452  
-0.000981043  -0.00131577  0.00241634  -0.00122508  0.00521163  -0.290255  
-0.000661076  -0.00131577  0.00227449  -0.00864493  -0.0309526  -0.297753  
-0.000434971  -0.00138361  0.0023278  -0.00224822  -0.0128852  -0.293199  
-0.000512804  -0.00131577  0.00236905  -0.00435243  0.0117293  -0.309289  
-0.000734342  -0.000963156  0.00224516  -0.0113209  -0.0240642  -0.374508  
-0.000735494  -0.00137615  0.00234683  -0.00358166  -0.0310407  -0.305561  
-0.000439826  -0.00143884  0.00233805  0.00350946  0.00289267  -0.294516  
-0.000573542  -0.00112943  0.00227349  -0.00604398  -0.0444195  -0.303218  
-0.000500667  -0.00125003  0.00231737  0.00366753  -0.0235603  -0.28276  
-0.000568488  -0.00125003  0.00237296  -0.00452116  0.0120805  -0.308255  
-0.000521313  -0.00130415  0.0023303  0.00192686  -0.0249828  -0.300053  
-0.000438765  -0.00125003  0.00239349  2.96094e-05  -0.00502302  -0.315881  
-0.000242985  -0.00132091  0.00235974  0.000924513  0.0176898  -0.308589  
-0.000449186  -0.00116437  0.00242348  -0.000830417  -0.0317966  -0.302081  
-0.000877771  -0.00125003  0.0023205  -0.0119361  0.0134805  -0.313632  
-0.000723485  -0.00125003  0.00229794  -0.00159202  -0.0476017  -0.302266  
-0.000949257  -0.00152824  0.00238016  -0.00374165  0.00124396  -0.316315  
-0.000645016  -0.00125003  0.00233171  -0.00593965  -0.0508162  -0.302032  
-9.95655e-05  -0.00335985  0.000642207  0.0420467  0.110008  0.0455433  
-0.00316583  -0.00231881  0.00117747  0.0312559  0.00118429  0.0535224  
-0.00177601  5.93037e-05  0.0023592  -0.0150607  -0.134539  -0.179061  
-0.0034212  0.000638463  0.00263  -0.0468682  -0.0969162  -0.222151  
-0.0023063  -0.000300077  0.00271246  -0.0257459  -0.0648019  -0.262644  
-0.00236262  -0.000122752  0.00295859  -0.0296622  -0.00559645  -0.258536  
-0.0020622  3.43349e-05  0.00308532  -0.0296721  -0.000788749  -0.235104  
-0.00213448  -3.16168e-05  0.00289832  -0.0309419  0.018392  -0.23891  
-0.00270458  -0.000586997  0.00287747  -0.0357849  0.00787659  -0.238983  
-0.00211557  -0.000586997  0.00286403  -0.0322757  -0.0420262  -0.248154  
-0.00218499  -0.000586997  0.00290155  -0.0358328  -0.0425285  -0.249147  
-0.0023063  -0.000706977  0.0028084  -0.0296032  -0.0451945  -0.237212  
-0.00196531  -6.48108e-05  0.00240726  0.0331072  -0.0444877  0.37026  
-0.00451152  0.00128816  0.00175205  -0.0152701  -0.0984531  0.0145348  
-0.00379188  0.000201605  0.00209707  -0.00298138  -0.109856  -0.0589478  
-0.00389715  -0.000271803  0.00200526  0.00124758  -0.0574417  -0.0667149  
-0.00349735  -7.93055e-05  0.00199374  -0.00245067  -0.0882205  -0.101813  
-0.00355653  -0.000548974  0.00197476  0.011362  -0.0280014  -0.0963972  
-0.00381722  -0.000172681  0.00202318  0.00584726  -0.0197368  -0.117996  
-0.00364701  -0.000340622  0.00189138  0.0140714  -0.0348262  -0.112523  
-0.00360095  -0.000652213  0.00210903  0.0136739  0.0255627  -0.137185  
-0.00368166  -0.000536025  0.00187475  0.0166115  -0.0290163  -0.118571  
-0.0034384  -0.000582392  0.00207476  0.00736786  -0.0269228  -0.149999  
-0.00326438  -0.000291198  0.00226021  0.0146238  -0.0355643  -0.129898  
-0.003484  -0.000355655  0.00219306  0.00633808  -0.030627  -0.145432  
-0.00310987  -0.0005889  0.002283  0.0125629  -0.0418878  -0.134654  
-0.00303413  -0.000601467  0.00234942  0.00790701  -0.0524147  -0.1483  
-0.00359275  -0.000684476  0.00209308  0.00169677  -0.0176127  -0.123042  
-0.0034796  -0.000780786  0.00187667  0.00109793  -0.05187  -0.125993  
-0.00359322  -0.000955673  0.00193516  0.0064812  -0.0384262  -0.142053  
-0.00230931  -0.000427658  0.00210917  0.0412335  0.000601024  0.231119  
-0.00384281  6.716e-06  0.00178825  0.0158037  -0.0282021  -0.041252  
-0.00309831  0.000195344  0.00203473  0.00223479  -0.04581  -0.137847  
-0.00315015  -0.000289855  0.00205621  0.0183162  -0.00190945  -0.0729152  
-0.00321355  -0.000488559  0.00189898  0.0184489  -0.0160341  -0.0656601  
-0.00363141  -0.000500134  0.00198391  0.0206781  0.0050244  -0.0728332  
-0.00315088  0.000320796  0.00208262  0.00190009  -0.0475252  -0.126889  
-0.00311901  0.0002476  0.00209927  0.0101294  -0.041291  -0.109096  
-0.000810207  -0.00083  0.000965925  0.061501  0.0935098  0.164122  
-0.00111708  -0.000343208  0.000206421  0.07432  0.122679  0.371504  
-0.00167704  -0.000600976  0.00179342  0.0208406  -0.133885  0.0752873  
-0.00221812  0.000340243  0.00190218  -0.00342763  -0.140688  -0.171191  
-0.00294697  -0.000325359  0.00216094  0.00467112  -0.0591989  -0.15703  
-0.00294893  -0.000190129  0.00214447  0.00552588  -0.0297033  -0.152776  
-0.00338676  -0.000152159  0.00228591  0.0146591  0.0200957  -0.137211  
-0.00346565  -0.000186398  0.00234924  0.0136859  0.0276717  -0.119162  
-0.00336006  -1.91809e-05  0.00227567  0.00561588  0.0399642  -0.126211  
-0.00365265  1.93475e-05  0.00216119  -0.00145333  0.029955  -0.122661  
-0.00353146  -0.000735518  0.00175769  0.0177132  0.0206915  -0.119501  
-0.00339265  -0.000461266  0.00211144  0.0289531  -0.0524882  -0.046809  
-0.00904907  0.00554616  -0.00193447  0.111128  -0.0619927  2.1202  
-0.0030219  0.00101568  -0.000109391  0.078657  -0.22345  0.443546  
-0.00243712  0.000178797  0.000330035  0.0806726  -0.146665  0.375117  
-0.00175131  -0.000553948  0.00126387  0.0724999  -0.114647  0.289679  
-0.00174843  -0.000836486  0.00148476  0.0787384  -0.0412532  0.325886  
-0.00185267  -0.000603703  0.00163586  0.0779155  -0.00929096  0.298348  
-0.0019041  -0.000805065  0.00170851  0.0740675  -0.00942411  0.292423  
-0.00202984  -0.00112577  0.00173937  0.0759828  0.060382  0.2955  
-0.00185267  -0.000932432  0.00178123  0.0784383  0.00815882  0.281919  
-0.00185267  -0.00111606  0.00185861  0.0737831  0.0489283  0.270747  
-0.00164168  -0.0010233  0.00169936  0.0821395  -0.0155962  0.288421  
-0.00193353  -0.00111516  0.00177603  0.0794441  0.0150383  0.27359  
-0.00144992  -0.0010233  0.00178053  0.0825  -0.0539437  0.292026  
-0.00158779  -0.0010819  0.00187504  0.0856977  -0.00463945  0.31224  
-0.00158538  -0.0010233  0.00133478  0.0741974  -0.0587387  0.318556  
-0.00158515  -0.00109985  0.00170032  0.0856704  -0.0255158  0.331432  
-0.00191653  -0.00118758  0.00181421  0.07933  -0.0276087  0.294436  
-0.00198712  -0.00116766  0.00170463  0.0800068  -0.0128072  0.304875  
-0.00180433  -0.0010233  0.00180244  0.0772438  -0.0263554  0.277906  
-0.00149023  -0.00121098  0.00166316  0.0784758  0.039278  0.275735  
-0.00175662  -0.00107958  0.00181582  0.0809077  -0.0282661  0.274516  
-0.00153601  -0.00131777  0.00208502  0.0821769  0.0287883  0.276366  
-0.0015634  -0.00119645  0.00198555  0.0781791  -0.0129993  0.274122  
-0.00177853  -0.00121464  0.00172973  0.0769583  0.0241893  0.272745  
-0.00161255  -0.00107444  0.00181773  0.0806332  -0.033569  0.286298  
-0.00164152  -0.00127938  0.0019087  0.0778279  0.0150853  0.259655  
-0.00159738  -0.00117735  0.00201371  0.0795594  -0.00023027  0.259494  
-0.0014268  -0.0010233  0.00206526  0.0755038  -0.0236022  0.260121  
-0.00171438  -0.00123646  0.00210508  0.0765258  0.0108074  0.271702  
-0.00136143  -0.0010233  0.00210377  0.0725345  -0.0360817  0.274324  
-0.00180855  -0.00117237  0.00198604  0.0763664  0.0284735  0.267002  
-0.00129349  -0.00113685  0.0020361  0.0745873  -0.02593  0.26698  
-0.00165383  -0.00117552  0.00213526  0.0673159  0.0286886  0.25981  
-0.00148699  -0.00117639  0.00216594  0.0719293  -0.0259216  0.279275  
-0.00173369  -0.00117643  0.00212512  0.067327  0.0105897  0.258014  
-0.00153641  -0.00122708  0.00227233  0.0681696  0.0133318  0.261793  
-0.00116305  -0.0011677  0.0022537  0.0684121  -0.0222038  0.266974  
-0.00166906  -0.00143715  0.00184639  0.0714525  0.0203939  0.260273  
-0.00143915  -0.00114294  0.00206934  0.0798373  -0.0392503  0.27109  
-0.00173248  -0.00126909  0.00192656  0.075177  0.0103985  0.263476  
-0.001415  -0.00124131  0.000890158  0.0919739  0.000424286  0.312122  
-0.00064299  -0.00186571  1.7538e-07  0.121437  0.152239  0.68561  
-0.00272635  -3.6306e-05  0.0008808  0.0834611  -0.146009  0.379419  
-0.00344405  0.000307745  0.00146231  0.0427524  -0.146116  0.247916  
-0.00299435  -0.000215175  0.00147825  0.0463835  -0.0528701  0.251396  
-0.00310202  -0.000382053  0.00158228  0.0515667  -0.0173402  0.248001  
-0.00273233  -0.000404095  0.00176029  0.0527238  0.0345907  0.270679  
-0.00255184  -0.000402849  0.00168605  0.057495  0.0282775  0.286334  
-0.00263916  -0.00059674  0.00151447  0.0665724  0.0357815  0.296172  
-0.00246531  -0.000511231  0.0017218  0.0596319  -0.012852  0.280172  
-0.00194539  -0.000763608  0.00206894  0.0654038  -0.0263756  0.279505  
-0.00226037  -0.000799216  0.00188746  0.0627528  -0.0114831  0.255339  
-0.00219539  -0.000596741  0.00188967  0.0606782  -0.10612  0.250823  
-0.00213935  -0.00059674  0.0019477  0.0626894  -0.072502  0.257798  
-0.00225375  -0.00059674  0.00193167  0.060268  -0.074277  0.265654  
-0.00233225  -0.000744875  0.0019458  0.0667992  -0.0467431  0.26341  
-0.00233305  -0.000807795  0.00187943  0.0661581  -0.0489821  0.262356  
-0.00234798  -0.000938466  0.00201648  0.0680662  -0.00096019  0.24411  
-0.00239325  -0.000795012  0.00173213  0.0536181  -0.0288296  0.236839  
-0.00255785  -0.000862301  0.00178058  0.0628488  0.0200721  0.241348  
-0.00222934  -0.000778683  0.00196068  0.0707572  -0.0178105  0.240411  
-0.00246122  -0.000894066  0.0019344  0.0628798  0.0245431  0.231213  
-0.00213679  -0.000582854  0.00172334  0.0630287  -0.0250281  0.236215  
-0.00214147  -0.000862902  0.0016778  0.0702212  0.0272747  0.220404  
-0.00183009  -0.000786688  0.00180827  0.0673434  -0.0465065  0.227693  
-0.0021181  -0.00095271  0.00181776  0.0696106  0.00379755  0.228293  
-0.0022041  -0.000900511  0.00197777  0.0694621  -0.0333586  0.22843  
-0.00256432  -0.000878868  0.0015823  0.0673786  -0.0126932  0.145083  
-0.00250421  -0.000980786  0.00169811  0.0703102  0.0381741  0.205158  
-0.00181576  -0.00110966  0.00174162  0.0699654  0.00029576  0.217517  
-0.00156437  -0.000891485  0.00188521  0.0618843  0.00878114  0.203235  
-0.00149874  -0.00110966  0.00178694  0.0613989  0.0376635  0.201576  
-0.00171709  -0.00122409  0.0014287  0.0683757  -0.0198581  0.268312  
-0.00146948  -0.00091812  -0.000711839  0.0601433  0.00458753  0.22201  
-0.00159538  -0.00118748  0.000341453  0.0763955  0.029012  0.227243  
-0.00124323  -0.00110966  0.000497092  0.0750372  -0.0294357  0.211226  
-0.00145988  -0.00110966  0.000548688  0.0762268  0.016232  0.225743  
-0.00159425  -0.00116474  0.000422905  0.0694577  0.0254793  0.213655  
-0.00184202  -0.00117024  0.000288464  0.0722332  -0.00261072  0.243243  
-0.0018125  -0.00116168  0.000323293  0.0696296  -0.018521  0.226395  
-0.0017336  -0.00118743  0.000568397  0.0708357  0.0171674  0.21156  
-0.00147522  -0.00118205  0.000869955  0.0681575  -0.0264  0.213474  
-0.00157896  -0.000665754  0.000438821  0.0710879  0.0239904  0.183765  
-0.00157949  -0.0012614  0.00100469  0.0667187  0.0073515  0.210231  
-0.00147916  -0.00109737  0.00104318  0.0631536  -0.0346025  0.213176  
-0.00164461  -0.00143739  0.00108546  0.0608493  0.0362245  0.190913  
-0.00154606  -0.00125095  0.00123672  0.0653917  -0.000963191  0.186022  
-0.00140714  -0.00119639  0.00111491  0.0673249  0.00153295  0.196121  
-0.00107603  -0.00109737  0.00101351  0.0750028  0.0200271  0.226442  
-0.000750289  -0.00181337  0.00114206  0.107766  0.0625932  0.455888  
-0.00044711  -0.00164776  0.00147245  0.0804633  0.000737876  0.325326  
-0.000198078  -0.00149953  0.000700323  0.0832165  0.09487  0.322064  
-1.66148e-06  -0.00114814  0.000379021  0.0787111  0.0461203  0.316463  
0.000248339  -0.0011406  0.000849507  0.0885166  0.0387935  0.320908  
-0.000139369  -0.0011976  0.00085253  0.0863079  0.0664935  0.275054  
1.16793e-06  -0.0012766  0.0010203  0.0864351  0.0111344  0.296794  
-0.000255236  -0.0012766  0.00103711  0.08754  -0.0240797  0.299424  
0.0018002  0.00231909  -0.00213875  0.00883477  0.0427314  0.32278  
0.00114667  0.00189093  -0.00153264  0.0194639  0.0131774  0.367314  
0.000672723  0.000376168  -0.000265524  0.0581709  4.49335e-05  0.307872  
0.000197464  0.0015422  -0.000408722  0.00658362  0.0590776  0.353413  
0.000701727  -3.70326e-05  0.00149443  0.0505246  0.0208988  0.3549  
-4.73444e-05  -0.000271567  0.000582115  0.06464  0.0820467  0.304184  
0.000418911  -0.000327199  0.00119358  0.064675  0.0270015  0.304779  
-6.44565e-06  -0.000331802  0.00057035  0.0646706  0.0647968  0.306579  
0.000284971  -0.000152966  0.00113596  0.0646162  0.0274031  0.321628  
-0.000133785  -0.00053445  0.000674462  0.0687856  0.0767629  0.302601  
0.000169376  -0.000223235  0.00122332  0.0665947  -0.0062089  0.320659  
0.000377465  -0.000198682  0.00058902  0.0646078  0.0596263  0.303852  
0.00011883  -0.000296401  0.00117709  0.064632  -0.00663904  0.278549  
-0.000580442  -0.000106055  0.000723539  0.0757951  0.0267805  0.307326  
0.00012982  -0.000234899  0.0011058  0.0733477  -0.00730179  0.317463  
7.78532e-05  -0.00053445  0.000684745  0.0759293  0.0676807  0.304014  
0.000253645  -0.000300779  0.00118894  0.0695297  0.0103425  0.310736  
-0.000542751  -0.000203821  0.000319014  0.0646001  0.0562094  0.280429  
-0.000986568  -0.000337782  0.000743716  0.0717422  0.0537077  0.297597  
-0.00013776  -0.00031971  0.00121704  0.0580017  -0.0286543  0.269172  
-0.000268503  -0.00053445  0.000497691  0.0646785  0.0782336  0.276659  
-0.000211883  -0.00036672  0.00124718  0.0554678  -0.0111848  0.284169  
-0.00113111  -0.00031514  0.000331903  0.072037  0.0880732  0.311504  
0.00207603  0.00197938  -0.00287822  -0.0239338  0.0375401  0.32386  
-0.008928  0.00238114  -0.00382958  0.166755  -0.422208  2.75963  
-0.0028758  0.0017715  -0.00448609  0.0617665  0.0910285  1.56421  
0.000912023  -0.000178405  -0.00286505  0.0355383  0.0844901  0.778576  
-0.00139031  0.00106058  -0.0015625  0.0229656  -0.120724  0.578489  
-0.00275733  0.00222284  -8.17714e-05  0.0239221  -0.161461  0.362396  
-0.00302943  0.00124667  5.00362e-05  0.0387257  -0.0539107  0.361015  
-0.00298194  0.000637846  5.00362e-05  0.0496839  -0.0380168  0.33783  
-0.00270427  0.00043917  0.000248934  0.0541343  0.00943585  0.318107  
-0.00256624  0.000672715  0.000240242  0.058145  0.0152374  0.325201  
-0.00235322  0.000685867  0.000496302  0.0579003  0.0303062  0.321742  
-0.00235356  0.000235565  0.000192644  0.0623728  0.0662433  0.335546  
-0.00259691  0.000235565  0.000456225  0.0610912  -0.0287232  0.328761  
-0.0024348  0.000125348  0.000507168  0.06107  -0.00894549  0.327478  
-0.00193519  0.000233763  0.000192644  0.0542195  -0.110549  0.314776  
-0.00223495  5.34043e-05  0.000192644  0.054274  -0.0608415  0.318167  
-0.00175748  0.000211095  0.000329594  0.0542278  -0.108862  0.302377  
-0.00238311  0.000246739  0.000113456  0.0495721  -0.0464023  0.281601  
-0.00198355  0.0006886  0.000123537  0.0454192  -0.0498337  0.289173  
-0.00227382  0.000684375  0.000192644  0.0470807  0.0186333  0.2776  
-0.00210476  0.000853968  0.000442644  0.0441191  -0.0103674  0.276805  
-0.00246873  0.000150787  6.65818e-05  0.0503037  0.034495  0.258619  
-0.00209481  0.000172922  0.000192644  0.0580992  0.0374604  0.264501  
-0.00200627  0.000255101  0.000131757  0.0575376  0.014195  0.27528  
-0.00204442  0.000125988  8.73649e-05  0.0566693  0.02713  0.274748  
-0.001988  0.000269045  9.04918e-05  0.0570334  -0.0129489  0.277001  
0.00158606  0.00254176  -0.00534157  -0.0536561  0.0160781  0.373366  
0.00335424  0.00622698  -0.00877872  -0.14983  -0.0166015  0.438868  
0.00612848  0.00530472  -0.0075736  -0.115276  0.0887748  0.19911  
0.00474396  0.00531809  -0.007082  -0.110878  0.0430032  0.231755  
0.00679948  0.00644602  -0.0103249  -0.136373  0.0446038  0.398109  
-0.00122601  0.00638555  -0.00858701  -0.131987  0.0586859  0.472938  
0.00404856  0.00849067  -0.00883671  -0.137776  0.0590921  0.269557  
-4.84588e-05  0.00656406  -0.00755518  -0.122068  0.0435658  0.281409  
0.000231613  0.00570045  -0.00750208  -0.111664  0.0492514  0.352805  
-0.0322204  0.0136327  -0.00425514  0.0142895  -0.761542  2.82801  
-0.027577  0.0168425  -0.00383042  -0.0715715  -0.417914  2.6012  
-0.0138758  0.00835918  -0.00519356  -0.110221  -0.0365167  0.556559  
-0.00686596  0.00495691  -0.00415273  -0.114206  -0.0201005  -0.000137496  
-0.00516695  0.00470222  -0.00403693  -0.103133  -0.0596486  0.0760392  
-0.00509476  0.00460002  -0.00402234  -0.0952741  -0.0688774  0.10983  
-0.00524634  0.00406555  -0.00400192  -0.0947543  -0.0467453  0.126885  
-0.00515945  0.0044071  -0.00410913  -0.0876638  -0.108413  0.151157  
-0.00528045  0.00403838  -0.00418556  -0.0910968  -0.0386426  0.163784  
-0.00536349  0.00393676  -0.00395681  -0.0842464  -0.0568354  0.163681  
-0.00531776  0.00391916  -0.00381494  -0.0800666  -0.0116803  0.158042  
-0.00516277  0.00375061  -0.00382133  -0.0732936  0.00816975  0.155708  
-0.00491116  0.00400297  -0.003701  -0.0719911  -0.0264804  0.157949  
-0.00515967  0.00339691  -0.00332427  -0.061906  0.0272653  0.157799  
-0.0048808  0.00364763  -0.00308999  -0.0587608  -0.0313178  0.123133  
-0.00507205  0.00336004  -0.00321765  -0.0635028  0.00784458  0.082347  
-0.00478265  0.00361696  -0.00311688  -0.0604793  -0.0203602  0.100954  
-0.00459457  0.00367931  -0.00302032  -0.0624843  -0.038819  0.12158  
-0.00481023  0.00323157  -0.00299524  -0.0632269  -0.00745857  0.10561  
-0.00455159  0.00354436  -0.00289728  -0.0610441  -0.0587501  0.0935908  
-0.00421988  0.00326882  -0.00282648  -0.0482339  -0.0223232  0.193813  
-0.00453883  0.00332326  -0.00284531  -0.0507848  0.0414748  0.227667  
-0.00423957  0.00303804  -0.0026722  -0.0518696  -0.0154556  0.130657  
-0.00437351  0.00297988  -0.0025653  -0.0576305  -0.00361748  0.100099  
-0.00418275  0.00304356  -0.00254261  -0.0565764  0.0144189  0.128261  
-0.00429654  0.00318696  -0.00227767  -0.0622296  0.0329941  0.120675  
-0.00420768  0.00291314  -0.00260162  -0.0580607  0.0111586  0.140078  
-0.00405555  0.00313351  -0.00272223  -0.0521147  -0.0154934  0.155226  
-0.00424675  0.00285746  -0.00278898  -0.0525342  0.0110082  0.154261  
-0.00415675  0.00286498  -0.0028186  -0.0435577  -0.00218486  0.196492  
-0.0038965  0.00304966  -0.00279243  -0.0477146  -0.017454  0.187361  
-0.00388227  0.00306973  -0.00278367  -0.0402683  -0.00883119  0.185595  
-0.00438129  0.00294968  -0.00289621  -0.0446692  0.0402969  0.175458  
-0.00405885  0.00300847  -0.0028116  -0.0376407  -0.0220011  0.192123  
-0.00447489  0.00289526  -0.00262478  -0.0499161  0.0165692  0.161749  
-0.00408713  0.00309095  -0.00284732  -0.0533137  -0.0406094  0.196678  
-0.00436109  0.00291693  -0.00285382  -0.0571502  -0.000796927  0.182181  
-0.00406928  0.00317737  -0.00290737  -0.0538034  -0.0488009  0.187242  
-0.00423847  0.00294892  -0.00283274  -0.0563169  -0.00308529  0.159023  
-0.00431477  0.00318519  -0.00258744  -0.0547466  -0.0575378  0.125054  
-0.00411122  0.00304649  -0.00272542  -0.0505278  -0.000832537  0.153022  
-0.0043189  0.00301151  -0.00260914  -0.057224  -0.0144139  0.145543  
-0.00389291  0.00319731  -0.00276194  -0.0528484  -0.0214628  0.15482  
-0.00457731  0.0028066  -0.00272777  -0.0519281  0.0335823  0.133464  
-0.00390023  0.00305229  -0.00272616  -0.0473007  -0.0262376  0.162113  
0.00465915  0.0050615  -0.0053954  -0.118336  0.0945799  0.0822218  
0.0030485  0.00469346  -0.00476486  -0.0912434  0.0244222  0.185788  
-0.000450905  0.00364918  -0.00418418  -0.0810537  0.0134177  0.202772  
-0.000367111  0.00333271  -0.00370427  -0.063919  -0.0266095  0.218736  
-0.000868072  0.00315106  -0.00412066  -0.0721452  0.0175344  0.216553  
-0.000934143  0.00377439  -0.00432195  -0.0841462  -0.00887639  0.175637  
-0.000818706  0.00341541  -0.00405931  -0.0697074  -0.0148913  0.205517  
-0.00125682  0.00206141  -0.00484469  -0.0585123  0.0936331  0.303794  
-0.00248448  0.00223523  -0.00392403  -0.0449193  0.0550681  0.454913  
-0.00338857  0.00341793  -0.00320974  -0.0778935  -0.147849  0.0820563  
-0.00334283  0.00300355  -0.00329715  -0.0741055  -0.0598555  0.105914  
-0.00280222  0.00287992  -0.00299344  -0.0645351  -0.00386455  0.139022  
-0.00278346  0.0028324  -0.00302918  -0.0625947  0.0196348  0.149215  
-0.00252584  0.00256622  -0.00292847  -0.0509325  0.0541883  0.159683  
-0.00260883  0.00251468  -0.00306711  -0.0557143  0.050449  0.184259  
-0.00227503  0.0019985  -0.00310391  -0.0471959  0.0760874  0.283966  
-0.00293897  0.00259854  -0.00306729  -0.0517617  0.00525638  0.186108  
-0.00205688  0.00208425  -0.00301717  -0.0359809  -0.00412492  0.269079  
-0.00231474  0.00239592  -0.00403013  -0.071209  -0.0358394  0.269761  
-0.00183143  0.00235339  -0.00365129  -0.0568501  -0.0635959  0.253526  
-0.0019302  0.00230883  -0.00316899  -0.045002  -0.0408953  0.25296  
-0.0021785  0.0019354  -0.00326958  -0.0447681  0.000973477  0.24875  
-0.00187517  0.00206188  -0.00311859  -0.0443266  -0.047261  0.249893  
-0.00199541  0.0017684  -0.00310179  -0.0386141  0.0190141  0.250209  
-0.00177975  0.00198605  -0.00314615  -0.0404585  -0.0208537  0.264425  
-0.00198011  0.00206926  -0.00320995  -0.0446908  0.039214  0.226834  
-0.00187597  0.00197138  -0.00310986  -0.0422763  -0.0114231  0.230632  
-0.00181102  0.00193318  -0.00296534  -0.0408769  0.0377627  0.228263  
-0.00176592  0.00187181  -0.00311011  -0.042129  0.00941226  0.237658  
-0.00178397  0.00191912  -0.00310982  -0.0440387  -0.00879702  0.223176  
-0.00204902  0.00186059  -0.00298197  -0.0446859  0.0157304  0.233739  
-0.00193459  0.00189109  -0.00302631  -0.0454669  -0.002667  0.221556  
-0.00183962  0.00165436  -0.00316459  -0.049512  0.0079295  0.210804  
-0.00175303  0.00192335  -0.0030774  -0.0452531  -0.0276103  0.23167  
-0.00230223  0.0019039  -0.00298221  -0.0429667  0.0316797  0.206316  
-0.00178562  0.00178115  -0.00294799  -0.0392726  -0.0146206  0.223626  
-0.00146779  0.00159897  -0.00284183  -0.0418315  0.0166838  0.21336  
-0.00167004  0.00178342  -0.00296307  -0.0419652  -0.0040418  0.239176  
-0.00185128  0.00190289  -0.00292323  -0.0454257  0.0177682  0.221275  
-0.00186523  0.00184368  -0.00292568  -0.0380353  0.0174469  0.219435  
-0.00168572  0.00186921  -0.00288448  -0.0375582  -0.0252392  0.216293  
-0.00179444  0.00174249  -0.00299256  -0.0367823  0.0406694  0.221887  
-0.00151349  0.00185904  -0.0029479  -0.0410634  -0.00632022  0.216283  
-0.00167149  0.00170669  -0.00284004  -0.0376988  0.0314949  0.215419  
-0.0015495  0.00179134  -0.00286659  -0.0348294  -0.0213946  0.230895  
-0.00164323  0.00159176  -0.00276539  -0.0384966  0.048594  0.206407  
-0.00172487  0.00196477  -0.00287444  -0.0408454  -0.0319974  0.225093  
-0.00199333  0.00166766  -0.00274758  -0.0393065  0.0168106  0.199428  
-0.00163164  0.00145032  -0.00274774  -0.0319573  0.00831185  0.221298  
-0.00137245  0.00145429  -0.0027306  -0.0334135  -0.00452523  0.217035  
-0.00161041  0.00152964  -0.00269761  -0.035154  0.0415749  0.216281  
-0.00144391  0.00174418  -0.00261647  -0.0309765  -0.0206847  0.238148  
-0.00135609  0.00182637  -0.00308519  -0.042076  0.0657549  0.208456  
-0.00276898  0.00172815  -0.00395833  0.0188674  0.0621471  0.675862  
-0.00696438  0.00181497  -0.00329173  0.00735395  -0.00432147  0.79823  
-0.00462836  0.00227034  -0.00300431  0.00175685  -0.141146  0.562179  
-0.00286587  0.00130916  -0.0025204  -0.0153334  -0.0745995  0.299965  
-0.0041683  0.00103799  -0.00256476  -0.0373783  -0.00681568  0.302892  
-0.00269785  0.00126172  -0.00229054  -0.0324098  -0.0161881  0.279067  
-0.00266608  0.00136207  -0.00217184  -0.0333223  0.0223563  0.283377  
-0.00257944  0.00138926  -0.0020617  -0.0303213  0.0326842  0.280065  
-0.00309916  0.00144399  -0.0019982  -0.0286541  0.0235024  0.289009  
-0.00293406  0.00125225  -0.00220907  -0.0256469  0.0534535  0.298145  
-0.00269629  0.00143102  -0.00210782  -0.0231924  -0.0317891  0.283353  
-0.00293907  0.000926892  -0.00180512  -0.00512896  -0.00807123  0.297644  
-0.0029271  0.00124348  -0.00187661  -0.0143272  -0.0468267  0.296244  
-0.00285986  0.00132326  -0.00205402  -0.016043  -0.0458588  0.29338  
-0.00340238  0.00127105  -0.00204298  -0.0206128  -0.0206817  0.279995  
-0.00291615  0.00142566  -0.00197226  -0.0179685  -0.0454973  0.27648  
-0.00321062  0.00126216  -0.00172419  -0.00814439  0.0193561  0.268682  
-0.00305333  0.00119162  -0.00170646  -0.0159224  0.00223474  0.263231  
-0.00288926  0.00104194  -0.00197521  -0.0120663  0.0335458  0.274362  
-0.00315772  0.00120243  -0.00191992  -0.0132258  0.0129805  0.262173  
-0.00314296  0.000922857  -0.00194028  -0.0123859  0.0264892  0.263387  
-0.00272222  0.00116131  -0.00187776  -0.0142801  -0.0197815  0.268546  
-0.00290843  0.0010975  -0.00195766  -0.0139374  0.0155197  0.27926  
-0.00283294  0.000982561  -0.00185649  -0.0097675  -0.013968  0.266073  
-0.0031056  0.0011941  -0.00190033  -0.0169006  -0.024427  0.255318  
-0.00300073  0.000827537  -0.00193998  -0.0124346  0.0111207  0.25448  
-0.00273552  0.00106399  -0.00189731  -0.0134498  -0.041125  0.260197  
-0.00282345  0.00135171  -0.00231893  -0.0334058  0.0314955  0.346745  
-0.00483824  0.0042137  -0.00449506  -0.0573583  -0.0105044  0.317204  
-0.00357821  0.00297043  -0.00327087  -0.0688744  -0.018541  0.23256  
-0.0031253  0.00264667  -0.00321315  -0.0569633  -0.000938618  0.230413  
-0.000179114  0.00169191  -0.00479132  -0.0457261  0.133173  0.442846  
-0.00275058  0.00281729  -0.00383623  -0.0415891  0.0174568  0.628847  
-0.00455409  0.00389084  -0.00328269  -0.0663436  -0.1267  0.283461  
-0.00598359  0.0033602  -0.00297924  -0.0559225  -0.0800862  0.262156  
-0.00467407  0.00286194  -0.0027689  -0.0586655  -0.0150743  0.216308  
-0.00466466  0.00280091  -0.00277186  -0.0607369  0.0216904  0.226662  
-0.0030019  0.00361547  -0.00341151  -0.0992025  0.0654803  0.315381  
-0.00360846  0.00307362  -0.00290793  -0.070143  0.0295245  0.28324  
-0.00348865  0.00272029  -0.00320344  -0.0607056  0.0580945  0.284309  
-0.00442736  0.00283499  -0.00302102  -0.0662621  0.0166172  0.232562  
-0.00432863  0.00281559  -0.00293121  -0.05575  -0.0306243  0.224173  
-0.00428757  0.00235383  -0.00311479  -0.0556429  0.00209336  0.221507  
-0.00330534  0.00254014  -0.0034194  -0.053749  -0.0509297  0.206109  
-0.00378069  0.00238798  -0.00328175  -0.0520008  -0.00867893  0.233291  
-0.00283058  0.00213205  -0.00325552  -0.0426806  -0.0261912  0.2466  
-0.00373426  0.00207849  -0.00310383  -0.047195  0.012163  0.218385  
-0.0038842  0.00205454  -0.00552427  -0.0429928  0.00916226  0.276363  
-0.00297725  0.00215669  -0.00390157  -0.0444319  0.02683  0.227952  
-0.00519462  0.00325226  -0.00297829  -0.0395876  0.0221322  0.214839  
-0.00405657  0.00258302  -0.00338763  -0.0500852  0.0480256  0.195497  
-0.00364636  0.00214856  -0.00325391  -0.0415152  0.0135192  0.200781  
-0.00358063  0.00190729  -0.00302582  -0.0436597  0.0287316  0.175478  
-0.00320308  0.00187626  -0.00293143  -0.0364686  -0.00170787  0.188905  
-0.00361444  0.00173009  -0.00304163  -0.0402354  0.0294588  0.164035  
-0.00328355  0.00159823  -0.00317021  -0.0369975  0.0147496  0.167621  
-0.00326979  0.00182662  -0.00310639  -0.0381978  -0.0109786  0.172994  
-0.00364175  0.00189738  -0.00310978  -0.0430662  0.0413069  0.150186  
-0.00282048  0.00432285  -0.00733641  -0.115235  -0.0448907  0.432048  
-0.00205135  0.00312214  -0.0047518  -0.0824176  -0.00792152  0.259545  
-0.00239161  0.00177634  -0.00374341  -0.0587027  0.0264759  0.223696  
-0.00216929  0.00166438  -0.00356407  -0.0598212  0.000713187  0.22451  
-0.00221816  0.00177395  -0.00356986  -0.0585499  0.0212285  0.211927  
-0.00208628  0.00185571  -0.00349957  -0.0599673  0.0124589  0.216988  
-0.00268931  0.00173735  -0.00346222  -0.0539231  0.0492994  0.199107  
-0.00204328  0.00156272  -0.00343893  -0.0446953  0.0207695  0.221809  
-0.00207936  0.00153451  -0.0033982  -0.0500761  0.0251057  0.228826  
-0.00203883  0.00170955  -0.00331414  -0.0472563  -0.00225156  0.226488  
-0.00253245  0.00152805  -0.00347056  -0.0465754  0.0402101  0.220873  
-0.00235841  0.00169194  -0.00334842  -0.0421728  -0.0263799  0.223912  
-0.00243302  0.00171655  -0.00348251  -0.0435732  0.0131207  0.223625  
-0.00220274  0.00177874  -0.00338212  -0.0450019  -0.0201979  0.212634  
-0.00280651  0.00200821  -0.00345571  -0.0523416  0.0239424  0.185769  
-0.00257932  0.00192894  -0.00338385  -0.0476083  0.00466064  0.192172  
-0.0028009  0.00190597  -0.00335383  -0.0558589  0.0207859  0.171821  
-0.00278758  0.00176329  -0.00334101  -0.0487111  0.0253554  0.187762  
-0.00207811  0.00163725  -0.00338895  -0.0487949  -0.00120471  0.203814  
-0.0024873  0.0015118  -0.00332118  -0.0472909  0.0352019  0.200896  
-0.00225101  0.00180837  -0.00333146  -0.0470839  -9.34915e-05  0.20016  
-0.00285764  0.00208076  -0.00318156  -0.0522036  0.005295  0.163532  
-0.00244537  0.00177797  -0.00318208  -0.0467765  0.0227148  0.187899  
-0.00278663  0.00199333  -0.00296646  -0.0503242  -0.00472852  0.163162  
-0.00275062  0.00183103  -0.00303315  -0.045505  0.0390784  0.180387  
-0.0026082  0.00205001  -0.00303914  -0.052297  -0.00649821  0.193581  
-0.00268421  0.00189142  -0.00323941  -0.056719  0.0536009  0.193215  
-0.00215441  0.0017856  -0.00310863  -0.0452113  -0.0204919  0.193601  
-0.00293811  0.00181288  -0.00310083  -0.0500638  0.0190736  0.169501  
-0.00225497  0.00157502  -0.00314767  -0.0487433  -0.00352384  0.196356  
0.000224641  0.0049323  -0.00714506  -0.133725  0.0292679  0.323431  
-0.000694767  0.00279825  -0.00440399  -0.0862304  0.0443135  0.209835  
-0.00171561  0.00269632  -0.00351003  -0.073726  -0.0361891  0.125498  
-0.00185642  0.00133639  -0.00364811  -0.0403199  0.0132157  0.277972  
-0.00227206  0.000812602  -0.00356998  -0.043545  0.160517  0.449129  
-0.00500209  0.00445134  -0.00389617  -0.0939378  -0.0935622  0.265236  
-0.00509075  0.00347677  -0.00308543  -0.0898892  -0.142254  0.0921347  
-0.00475974  0.00304497  -0.00293459  -0.0840529  -0.0370413  0.0924581  
-0.00479407  0.00302285  -0.00276221  -0.0894142  -0.00269401  0.0914267  
-0.00484428  0.0027182  -0.00277837  -0.0802571  0.0284227  0.106946  
-0.00478068  0.00277291  -0.00254796  -0.0862669  0.0475462  0.109865  
-0.00482999  0.00299495  -0.00268652  -0.0871639  0.0471369  0.101898  
-0.00461577  0.00308922  -0.00256331  -0.0838546  0.0362161  0.103071  
-0.00488507  0.00273093  -0.00274221  -0.079182  0.0312415  0.126136  
-0.00461239  0.00286457  -0.00262648  -0.0794448  -0.0251371  0.0944074  
-0.00449541  0.00274698  -0.00246163  -0.0731223  -0.0373137  0.108404  
-0.00469673  0.0024007  -0.00265192  -0.0715773  -0.0106514  0.099999  
-0.00442301  0.00269188  -0.0026923  -0.0696269  -0.0792124  0.100043  
-0.00438136  0.00268557  -0.00263644  -0.0704727  -0.0250617  0.112854  
-0.00481277  0.00304435  -0.00282056  -0.0891838  -0.000608421  0.0847899  
0.000169895  0.00539629  -0.00698712  -0.158652  0.0354711  0.331391  
-0.00277778  0.00393326  -0.00421877  -0.121216  0.0358799  0.0885228  
-0.00324769  0.00314479  -0.00368423  -0.0949798  0.0272473  0.127625  
-0.00325919  0.00293872  -0.00330272  -0.0836127  -0.00153341  0.102155  
-0.00318083  0.00268225  -0.0029888  -0.0828591  0.0494886  0.0763074  
-0.00316849  0.00257062  -0.00321358  -0.0818414  0.0072774  0.0900481  
-0.00334222  0.00267335  -0.0030148  -0.0804961  0.0204597  0.0746332  
-0.00326215  0.00245766  -0.00321554  -0.0783853  0.033744  0.0832529  
-0.00299996  0.00290868  -0.00334453  -0.0840475  -0.00734919  0.0844393  
-0.00144015  0.00228251  -0.00329052  -0.103604  0.0737791  0.204388  
-0.00327559  0.00259245  -0.00329081  -0.0876686  0.0202679  0.0550478  
-0.00197587  0.00203278  -0.00305817  -0.0880244  0.0508815  0.212947  
-0.00321206  0.00215242  -0.00309131  -0.0796217  0.0360242  0.117973  
-0.00220541  0.00200178  -0.0028296  -0.0769629  0.0225911  0.11088  
-0.00325135  0.00206476  -0.00268575  -0.0787856  0.0260938  0.09338  
-0.00273951  0.00169807  -0.00272801  -0.0695002  0.0471056  0.104745  
-0.00252991  0.00185927  -0.00256985  -0.0662233  0.00966598  0.112126  
-0.00303624  0.00179311  -0.00246141  -0.0669908  0.060417  0.0875763  
0.00256364  0.00625442  -0.0056497  -0.225808  0.114586  0.486549  
0.00118354  0.00613126  -0.00579154  -0.155829  -0.0319296  0.147614  
-0.000824667  0.00384552  -0.00450929  -0.119799  0.0249888  0.105079  
-0.0010536  0.00391255  -0.00416527  -0.119091  0.00547711  0.0843439  
-0.000970351  0.00395858  -0.00407576  -0.119877  0.0179541  0.055185  
-0.00117897  0.00368217  -0.00385267  -0.114192  0.0662452  0.0598056  
-0.000882969  0.00383075  -0.00380969  -0.111016  0.0174985  0.047891  
-0.00139069  0.0035224  -0.00365698  -0.107923  0.0734639  0.0424596  
-0.00128535  0.00368635  -0.00352994  -0.106507  0.0173385  0.040081  
-0.0015466  0.00343718  -0.00344626  -0.105444  0.0745676  0.0574981  
-0.00114346  0.00352843  -0.00354981  -0.105258  0.0235559  0.0600375  
-0.00144737  0.00331835  -0.0034798  -0.102345  0.0666081  0.0368738  
-0.00113021  0.00350042  -0.0034466  -0.103853  0.0134338  0.039066  
-0.000247832  0.00336628  -0.00335092  -0.12229  0.12364  0.127178  
0.0043635  0.00543854  -0.006292  -0.174264  0.0606544  0.155766  
0.000801069  0.00457429  -0.0046198  -0.132122  0.0272987  0.0770683  
0.00102719  0.00465583  -0.00407974  -0.129353  0.0657804  0.0585307  
0.000578278  0.00425413  -0.00411119  -0.121254  0.083693  0.0507677  
0.000929716  0.00439478  -0.003922  -0.123649  0.06682  0.0636077  
0.000967687  0.00432338  -0.00427556  -0.13264  0.12482  0.073062  
0.000310406  0.00429461  -0.00405744  -0.125144  0.0691781  0.0564659  
0.00495142  0.0103762  -0.00574862  -0.303675  0.0915117  0.499382  
0.0022272  0.00937106  -0.0100005  -0.243437  -0.0289083  0.287939  
-0.00166538  0.0044721  -0.00616884  -0.146637  -0.238218  0.58911  
-0.00252887  0.00687222  -0.00703025  -0.185325  -0.130852  0.315446  
0.0032692  0.0106645  -0.011709  -0.354631  -0.247399  0.102208  
-0.00219081  0.00596739  -0.00807255  -0.230723  -0.00318319  -0.0678591  
-0.00185195  0.00563053  -0.00634684  -0.197308  -0.0691733  -0.109459  
-0.00157014  0.00516844  -0.00619134  -0.186116  0.0164619  -0.0873687  
-0.00103027  0.00531717  -0.00580384  -0.17897  -0.0631364  -0.0698852  
-0.00129983  0.00516987  -0.00605162  -0.181287  0.0101736  -0.0334451  
-0.00101024  0.00525428  -0.00577251  -0.171523  -0.0621729  -0.0343226  
-0.00111104  0.00535317  -0.00582114  -0.18378  -0.041597  -0.0389353  
-0.00161998  0.00551346  -0.00617768  -0.185591  -0.0407604  -0.0249765  
4.24517e-05  0.00221099  -0.00716086  -0.183306  -0.229813  0.471421  
0.00171635  0.00346547  -0.00791081  -0.189673  -0.238359  0.53846  
-0.00682766  0.00865568  -0.00493996  -0.144223  -0.262615  0.555578  
-0.00154498  0.00599268  -0.00604044  -0.192819  -0.194859  0.327874  
-0.00143162  0.00515386  -0.00599315  -0.180768  -0.108937  0.276832  
-0.00112268  0.00485032  -0.00567741  -0.167763  -0.152715  0.309658  
-0.00241757  0.005275  -0.00545221  -0.179121  -0.131427  0.236028  
-0.00226266  0.00457921  -0.00566065  -0.169226  -0.114859  0.273849  
-0.00173024  0.00462573  -0.00551192  -0.159036  -0.137717  0.329343  
-0.00194755  0.00452892  -0.00557152  -0.157378  -0.104003  0.314894  
-0.00190633  0.0044843  -0.00557238  -0.154614  -0.113964  0.324293  
-0.00160949  0.00437635  -0.00540239  -0.151949  -0.141893  0.346386  
-0.00154687  0.00424011  -0.00518552  -0.15003  -0.130547  0.336787  
-0.00162126  0.00449974  -0.00540616  -0.147238  -0.119502  0.36358  
-0.00160018  0.00437216  -0.00557511  -0.155073  -0.144068  0.379466  
-0.00143728  0.00448987  -0.00541766  -0.146682  -0.141138  0.351988  
-0.00176051  0.00454255  -0.00541539  -0.146798  -0.102102  0.3518  
-0.00143728  0.00434768  -0.00537902  -0.144413  -0.125837  0.372631  
-0.0016119  0.00443278  -0.00526401  -0.144826  -0.0988388  0.348859  
-0.00156079  0.00450074  -0.00526895  -0.14849  -0.10022  0.369828  
-0.00156111  0.00452878  -0.00524146  -0.148682  -0.131529  0.356618  
-0.0017602  0.00441538  -0.00533229  -0.142844  -0.124636  0.357211  
-0.00168152  0.004484  -0.00527047  -0.147836  -0.106544  0.345128  
-0.00143728  0.0044079  -0.00524038  -0.143711  -0.109975  0.363391  
-0.00125463  0.00449637  -0.00520781  -0.142851  -0.129331  0.367987  
-0.00132524  0.00414833  -0.00511482  -0.138705  -0.108275  0.361002  
-0.00159146  0.0043246  -0.0050789  -0.139193  -0.122354  0.381214  
-0.00135579  0.00459404  -0.00503582  -0.141759  -0.143045  0.38667  
-0.00178759  0.00451397  -0.00535287  -0.14396  -0.0975639  0.362782  
-0.00155094  0.00457109  -0.0052611  -0.149389  -0.12712  0.380428  
-0.00141125  0.00461787  -0.00523607  -0.156468  -0.137447  0.367973  
-0.000761485  0.00560755  -0.00631925  -0.209665  -0.0988397  0.481235  
0.00330591  0.00703271  -0.00910008  -0.236439  -0.0897546  0.315233  
0.000216918  0.00581984  -0.00721085  -0.193818  -0.0722228  0.266201  
0.00043725  0.00553552  -0.00666877  -0.181918  -0.130162  0.293175  
0.000332901  0.00513119  -0.00660547  -0.17464  -0.0736972  0.298903  
0.000395041  0.00494925  -0.00635308  -0.172813  -0.0938908  0.29789  
-0.000244357  0.00453956  -0.00760808  -0.15373  -0.0277337  0.41693  
0.00115173  0.00404625  -0.00782904  -0.145794  0.0441767  0.633149  
0.00199521  0.00847763  -0.00731367  -0.168304  -0.145142  0.889476  
0.00345291  0.00854197  -0.00720371  -0.170293  -0.104803  1.00153  
0.00369957  0.00791787  -0.00665795  -0.15913  -0.0592062  0.875389  
0.00358547  0.00809595  -0.00645903  -0.158929  -0.0307079  0.844933  
0.00345286  0.0081159  -0.0064306  -0.166592  -0.0126282  0.849622  
0.00315605  0.00812751  -0.00639621  -0.171425  -0.0162619  0.832081  
0.00317964  0.0080061  -0.00608383  -0.169028  -0.0098507  0.805937  
0.00188541  0.00675298  -0.00611563  -0.167634  0.00444189  0.680226  
0.00337998  0.0075733  -0.00608489  -0.166372  -0.057114  0.736387  
0.00206166  0.00681908  -0.00611032  -0.151703  -0.0773289  0.74683  
-0.0139214  0.00413987  -0.00548713  -0.0348884  -0.433459  1.14693  
-0.00382417  0.00742516  -0.00559775  -0.152164  -0.176739  0.620537  
-0.00274169  0.00572501  -0.00544637  -0.139084  -0.16878  0.428983  
-0.00189031  0.00483594  -0.00522856  -0.117738  -0.117475  0.410193  
-0.0033805  0.00464452  -0.00497097  -0.14039  -0.133682  0.227604  
-0.00372018  0.00447379  -0.00529385  -0.149541  -0.132649  0.198622  
-0.00321707  0.00452582  -0.00534362  -0.146939  -0.0562289  0.25012  
-0.00396072  0.00443874  -0.00510141  -0.148709  -0.106373  0.148439  
-0.00358264  0.00393781  -0.0048452  -0.13568  -0.0581069  0.160123  
-0.00307644  0.00440479  -0.00482076  -0.136403  -0.0768278  0.138113  
-0.00259375  0.00431392  -0.00490328  -0.135609  -0.0481814  0.164721  
-0.00307772  0.00428432  -0.00478861  -0.131256  -0.0833319  0.165014  
-0.00302909  0.00419613  -0.00443618  -0.126408  -0.09025  0.148994  
-0.00317651  0.00400792  -0.00478299  -0.128702  -0.0551147  0.136759  
-0.00383689  0.00432283  -0.00485856  -0.145445  -0.135993  0.0725387  
-0.00318768  0.00415169  -0.00468247  -0.133537  -0.0487695  0.0984859  
-0.00316449  0.00428146  -0.00448383  -0.133296  -0.0996297  0.0565367  
-0.00425384  0.0039297  -0.00489173  -0.139223  -0.0455742  0.0631659  
-0.00427396  0.00390899  -0.00479546  -0.140416  -0.111956  0.0594411  
-0.00370413  0.003768  -0.00460145  -0.134582  -0.0311996  0.050327  
-0.00357173  0.00370398  -0.00419249  -0.123152  -0.0715165  0.0605934  
-0.00337589  0.00385623  -0.00446203  -0.130659  -0.0252935  0.0514247  
-0.0032501  0.00393111  -0.00435705  -0.125248  -0.0684964  0.0826123  
-0.00408678  0.00397511  -0.00461092  -0.14542  -0.04277  0.00336438  
-0.0035078  0.00412926  -0.00442049  -0.13127  -0.0751472  0.0418705  
-0.00334568  0.00429841  -0.00442132  -0.137766  -0.0340439  0.035033  
-0.00323916  0.00401659  -0.00435831  -0.132651  -0.0656607  0.0575777  
-0.00319261  0.0040652  -0.00421716  -0.133658  -0.0731974  0.0530414  
-0.00318333  0.00395986  -0.00446769  -0.135868  -0.0393312  0.0813075  
-0.00286098  0.00381851  -0.00427699  -0.124803  -0.0801889  0.0939174  
-0.00268727  0.00375476  -0.00431416  -0.127649  -0.0486408  0.0951551  
-0.00267341  0.00396137  -0.00438617  -0.122632  -0.0573682  0.126743  
-0.00263397  0.0039797  -0.00440362  -0.129896  -0.0625317  0.12336  
-0.00294626  0.00390833  -0.00439636  -0.128379  -0.0238589  0.144816  
-0.0027988  0.00429677  -0.00451546  -0.1335  -0.0742776  0.154651  
-0.00308434  0.00428084  -0.00485007  -0.135658  -0.0220878  0.140999  
-0.00289395  0.00428847  -0.0047272  -0.127811  -0.066594  0.140539  
-0.00281408  0.00425958  -0.00445111  -0.130111  -0.0269694  0.108684  
-0.00265928  0.00418712  -0.00445145  -0.123347  -0.0789243  0.135773  
-0.00243924  0.00435636  -0.00419901  -0.124568  -0.0546268  0.132334  
-0.00286146  0.00419474  -0.00448  -0.125283  -0.027766  0.133348  
-0.00291919  0.00404543  -0.00435701  -0.125019  -0.0822591  0.140541  
-0.00285575  0.00399948  -0.00445905  -0.127933  -0.0409201  0.120682  
-0.00271744  0.00392415  -0.00431446  -0.128004  -0.0727191  0.129463  
-0.00268344  0.00419704  -0.00431229  -0.129846  -0.0592323  0.099743  
-0.00279435  0.00389642  -0.0044882  -0.120611  -0.0304139  0.125067  
-0.00315625  0.00416968  -0.00422373  -0.125546  -0.0636522  0.0346577  
-0.00281406  0.00407072  -0.0041065  -0.11834  -0.0315691  0.0589143  
-0.00293306  0.00396157  -0.00405973  -0.120486  -0.00555747  0.0580813  
-0.00258828  0.00392897  -0.00443737  -0.121638  -0.04851  0.114797  
-0.0036498  0.0039851  -0.00414165  -0.129811  -0.0581774  0.00204533  
-0.00290095  0.0041187  -0.00402037  -0.125405  -0.0583976  0.0228879  
-0.00329583  0.00391445  -0.00411212  -0.120118  -0.0170994  0.0518686  
-0.00277353  0.00419675  -0.00410913  -0.126161  -0.0509109  0.0387329  
-0.00271641  0.00405534  -0.00432319  -0.126854  -0.022801  0.0786755  
-0.00270071  0.00409739  -0.00432209  -0.12518  -0.0551366  0.0757347  
-0.00214852  0.00428257  -0.00427044  -0.121775  -0.0432075  0.0781974  
-0.00248029  0.00394977  -0.00435248  -0.121614  -0.00998836  0.114357  
-0.00265608  0.00436034  -0.00419384  -0.124421  -0.0640185  0.0726084  
-0.00281584  0.00399187  -0.00425035  -0.125236  -0.0190047  0.0589319  
-0.0027753  0.00400995  -0.00424577  -0.122486  -0.0757976  0.0726916  
-0.00296577  0.00390533  -0.00419769  -0.128226  -0.0396239  0.0591072  
-0.00284648  0.00407148  -0.00435723  -0.129259  -0.0579291  0.0523067  
-0.00296546  0.00408526  -0.00416664  -0.127215  -0.0881638  0.0280481  
-0.00307443  0.00393325  -0.00422191  -0.129015  -0.0342082  0.0351807  
-0.00303602  0.00431737  -0.0040193  -0.12321  -0.0703704  0.0300958  
-0.00311345  0.00398462  -0.00417165  -0.126005  0.00650592  0.0222617  
-0.00258174  0.00425768  -0.00397307  -0.122154  -0.0587066  0.064933  
-0.00303407  0.00385895  -0.004155  -0.12614  -0.00692524  0.0631746  
-0.00269918  0.00433342  -0.00410571  -0.127704  -0.0664266  0.0514189  
-0.00253506  0.00438256  -0.00407225  -0.124976  -0.0381729  0.0452554  
-0.00309918  0.00417015  -0.00413411  -0.12863  -0.0223087  0.0305559  
-0.00237567  0.00439867  -0.00409743  -0.125737  -0.0695899  0.0233562  
