-0.00481758  0.000735777  0.00593044  0.091959  -0.139984  0.361022  
-0.00356876  0.000583672  0.00580848  0.0981681  -0.158038  0.290543  
-0.00408653  0.00158909  0.00519234  0.0465524  -0.126979  0.338872  
-0.00366295  0.00141395  0.00531022  0.0585056  -0.159672  0.319778  
-0.00453332  0.00201142  0.00506153  0.0387556  -0.129857  0.398943  
-0.00370565  0.00193866  0.00535281  0.0464397  -0.185401  0.363434  
-0.00399143  0.00141395  0.00526735  0.0500503  -0.124151  0.395566  
-0.00336893  0.00141395  0.00506153  0.0543282  -0.164361  0.356497  
-0.00413875  0.00162579  0.00505836  0.0379242  -0.114059  0.395549  
-0.00354801  0.0017781  0.00569481  0.0564671  -0.171344  0.366642  
-0.00408968  0.00183091  0.00545818  0.0522288  -0.118815  0.394874  
-0.00366371  0.00181722  0.00530974  0.052636  -0.167141  0.392561  
-0.00388248  0.00141395  0.00482603  0.0265067  -0.12616  0.381462  
-0.00425495  0.00141395  0.00536019  0.0465638  -0.151869  0.397987  
-0.00398864  0.00209134  0.00531844  0.0463838  -0.133779  0.378679  
-0.00438596  0.00265115  0.00543629  0.0287065  -0.163761  0.396729  
-0.00351326  0.00195452  0.00557125  0.04431  -0.129084  0.35625  
-0.0041593  0.00248087  0.00556359  0.0342413  -0.163124  0.406696  
-0.00431359  0.00195452  0.00502197  0.0464358  -0.150029  0.385029  
-0.00475631  0.00222793  0.00502196  0.0382939  -0.156116  0.420594  
-0.00410127  0.00195452  0.00460907  0.0464741  -0.130438  0.327709  
-0.00496393  0.00195452  0.00461958  0.0365626  -0.118033  0.413546  
-0.00395281  0.00184772  0.00462271  0.0465177  -0.126903  0.321586  
-0.00441765  0.00263507  0.00482146  0.00981584  -0.106366  0.405699  
-0.00401428  0.00238473  0.00480064  0.0350287  -0.137818  0.340652  
-0.004981  0.00270727  0.00465632  0.0237521  -0.112497  0.415506  
-0.00369214  0.00302673  0.00415984  -0.00224316  -0.108257  0.279573  
-0.00429884  0.00302673  0.00461953  0.00978786  -0.0972094  0.411807  
-0.00311361  0.00201913  0.00477111  0.0492818  -0.1377  0.375589  
-0.00426135  0.00229404  0.00481688  0.0441104  -0.120162  0.474963  
-0.00345023  0.00232026  0.00474249  0.0530091  -0.142288  0.369312  
-0.00363582  0.00217487  0.00472318  0.0497821  -0.106644  0.412439  
-0.00345427  0.00246168  0.0047395  0.0551383  -0.137894  0.376837  
-0.00330604  0.00213412  0.00445577  0.0612559  -0.102933  0.382299  
-0.00348559  0.00246168  0.0043164  0.0436223  -0.11936  0.400627  
-0.0031855  0.00246168  0.00410468  0.030335  -0.0980258  0.337079  
-0.00363055  0.00321271  0.00383799  -0.00208773  -0.119867  0.380916  
-0.00306648  0.00297808  0.00336875  -0.00740268  -0.111004  0.337404  
-0.00322357  0.00326024  0.00336875  0.00265006  -0.119796  0.413325  
-0.00274455  0.00304146  0.00336875  -0.000323902  -0.11968  0.331803  
-0.00338585  0.00340495  0.00336875  -0.0125487  -0.100977  0.384022  
-0.00274455  0.00321991  0.00336875  -0.0104248  -0.102159  0.319711  
-0.00328222  0.00322557  0.00336875  -0.0154284  -0.096873  0.376239  
-0.00265032  0.00291748  0.00336875  0.00274878  -0.11966  0.343846  
-0.00317518  0.00285861  0.00302525  0.00276464  -0.0711031  0.346069  
-0.00300285  0.00289195  0.0030764  -0.00273768  -0.101403  0.306046  
-0.00331115  0.00267642  0.00270335  -0.00875923  -0.0550909  0.330216  
-0.00309426  0.00265482  0.00270335  -0.00884379  -0.0921566  0.322156  
-0.00344103  0.00279732  0.00280944  -0.00716239  -0.0637054  0.314248  
-0.00364874  0.00297289  0.00270335  -0.0153597  -0.0923272  0.326084  
-0.00344103  0.00304889  0.00257019  -0.0310187  -0.0922933  0.300434  
-0.00387814  0.00326597  0.00226253  -0.0332449  -0.0924049  0.328779  
-0.00344103  0.00343106  0.00226253  -0.0453249  -0.0923157  0.281005  
-0.00438875  0.0039954  0.00197515  -0.0667456  -0.0925422  0.331847  
-0.00370301  0.00392719  0.0020068  -0.0602321  -0.109647  0.29655  
-0.00509884  0.0037538  0.0017928  -0.0592327  -0.0875568  0.371521  
-0.0047936  0.00392719  0.0017928  -0.0623006  -0.133199  0.351712  
-0.00497216  0.00392719  0.00147612  -0.0667371  -0.111986  0.353854  
-0.00530912  0.0042775  0.00119116  -0.0834633  -0.135387  0.34491  
-0.0047936  0.00412589  0.00139219  -0.0712932  -0.115908  0.34896  
-0.0047936  0.00392719  0.00139219  -0.0667376  -0.135256  0.389604  
-0.0047936  0.00392719  0.00139219  -0.0605536  -0.135256  0.34456  
-0.00528212  0.00392719  0.00139219  -0.0667376  -0.118826  0.402444  
-0.00446454  0.00317106  0.00129581  -0.03197  -0.118644  0.31052  
-0.00521538  0.00316452  0.00114973  -0.0132066  -0.101518  0.364074  
-0.00487454  0.00295582  0.00119432  -0.000155185  -0.119609  0.321279  
-0.00527435  0.00293113  0.000919604  -0.017233  -0.0767993  0.383404  
-0.00480941  0.00276101  0.00115125  -0.00499675  -0.111727  0.329  
-0.00539496  0.00316453  0.000919604  -0.0132059  -0.100601  0.37764  
-0.00505812  0.00265267  0.00115323  4.67775e-05  -0.123937  0.36565  
-0.00500621  0.00265267  0.00110638  -0.00245812  -0.0983059  0.360283  
-0.00534151  0.00259381  0.000919605  0.0113041  -0.112766  0.378622  
-0.00500621  0.0023795  0.000919605  0.0212136  -0.0996297  0.345397  
-0.0054008  0.00212901  0.000919605  0.0179275  -0.101058  0.38619  
-0.00472075  0.00211462  0.00112403  0.0210086  -0.100898  0.343302  
-0.00552291  0.00222611  0.000919605  0.0209842  -0.0919322  0.395453  
-0.00487744  0.00222611  0.00100736  0.0209839  -0.115974  0.331217  
-0.00564499  0.00222611  0.000919605  0.0209842  -0.0868759  0.397901  
-0.00473277  0.00222611  0.00117641  0.0343677  -0.109717  0.333365  
-0.00533741  0.00193659  0.000919605  0.0316499  -0.0784397  0.380637  
-0.00483841  0.00194088  0.000919605  0.0422083  -0.109104  0.339833  
-0.00526572  0.00199178  0.000919606  0.0277198  -0.070692  0.341007  
-0.00491292  0.00200444  0.000919606  0.0210295  -0.101015  0.33456  
-0.00483784  0.00194433  0.000866345  0.0210348  -0.0675173  0.337005  
-0.00482603  0.00207135  0.000867532  0.0210122  -0.100992  0.34673  
-0.00473727  0.00195551  0.00101345  0.0210492  -0.0839142  0.337439  
-0.00496072  0.00222611  0.000919606  0.0209842  -0.10104  0.369153  
-0.00473727  0.00190258  0.000919606  0.0210589  -0.094308  0.338313  
-0.00514651  0.00209448  0.000919606  0.0258221  -0.0949261  0.373101  
-0.00473727  0.00196151  0.000919606  0.0210383  -0.100995  0.321707  
-0.00504987  0.00222611  0.000919607  0.0209842  -0.10106  0.363101  
-0.00485098  0.00201175  0.000919607  0.0231875  -0.0915869  0.353388  
-0.00473727  0.00222611  0.000919607  0.0209842  -0.100995  0.368711  
-0.00473727  0.00182317  0.000919607  0.0210675  -0.0973709  0.325957  
-0.00536701  0.00196754  0.000919607  0.0210294  -0.101147  0.379659  
-0.00473727  0.00185249  0.0011135  0.021051  -0.100996  0.327478  
-0.00504136  0.00173035  0.000919607  0.0210867  -0.101065  0.358972  
-0.0049058  0.00173035  0.000919607  0.0339857  -0.0872893  0.360502  
-0.00518413  0.00198257  0.000919607  0.0234306  -0.101096  0.387677  
-0.00480348  0.00194006  0.0010649  0.0287223  -0.120243  0.34031  
-0.0052649  0.0021619  0.000919607  0.0274992  -0.120359  0.405201  
-0.00473727  0.00202003  0.000919607  0.0253157  -0.120225  0.33205  
-0.0050549  0.00211647  0.000919607  0.0238025  -0.107015  0.401065  
-0.00452909  0.00215779  0.000919608  0.0373767  -0.100736  0.341404  
-0.00516587  0.00210565  0.000919607  0.0210065  -0.102548  0.385201  
-0.00439399  0.00173035  0.000919607  0.0422313  -0.120146  0.341405  
-0.00500957  0.00184599  0.000919608  0.0486844  -0.100386  0.402747  
-0.00430759  0.00173035  0.00132664  0.0642483  -0.113288  0.33872  
-0.00502024  0.00157976  0.00148034  0.0660694  -0.100428  0.394047  
-0.00471178  0.00118698  0.00148376  0.0736972  -0.108914  0.362824  
-0.00507945  0.00130482  0.00149585  0.0726918  -0.118099  0.387004  
-0.00473481  0.00104725  0.00155386  0.0727474  -0.0981052  0.35712  
-0.00528407  0.00102044  0.00165027  0.0783731  -0.108682  0.384044  
-0.00456617  0.00088732  0.0017062  0.0857389  -0.101586  0.340939  
-0.00511527  0.000793348  0.00172451  0.0894552  -0.0981849  0.357799  
-0.00474269  0.000793348  0.00183759  0.0879742  -0.0927058  0.34872  
-0.00497571  0.000865444  0.0020596  0.0874372  -0.119965  0.362923  
-0.00504606  0.000793348  0.00220779  0.0918542  -0.101283  0.340404  
-0.00534374  0.000793347  0.00214628  0.100615  -0.120078  0.381276  
-0.00468835  0.000495002  0.00220779  0.100681  -0.119933  0.314986  
-0.00536278  0.000571577  0.00215748  0.100665  -0.0970268  0.357415  
-0.00468083  0.000490247  0.00220779  0.100667  -0.115396  0.309279  
-0.0053762  0.000502516  0.00220779  0.096971  -0.0881223  0.323797  
-0.0045848  0.000495519  0.00220779  0.100673  -0.115395  0.292615  
-0.00519232  0.000491463  0.00220779  0.0964568  -0.0747817  0.325206  
-0.00470916  0.000389921  0.00251531  0.100698  -0.115452  0.29914  
-0.00482436  0.000389921  0.00257767  0.0980685  -0.0715232  0.315845  
-0.00446806  0.000145644  0.00284869  0.100761  -0.105962  0.290106  
-0.0046317  0.000389921  0.00292487  0.104673  -0.0738444  0.285637  
-0.00443828  0.000389922  0.00296334  0.100715  -0.0960094  0.283771  
-0.00470443  0.000389921  0.0029872  0.100735  -0.0538729  0.277604  
-0.00458346  0.000226015  0.00314054  0.110096  -0.0869816  0.269236  
-0.00436801  0.00011425  0.00315267  0.111874  -0.0506795  0.266894  
-0.00464273  7.04561e-05  0.00323347  0.103144  -0.0840191  0.262468  
-0.00448701  -7.33463e-05  0.00323347  0.100859  -0.0594904  0.2444  
-0.00424272  0.000108714  0.00323347  0.100813  -0.0839745  0.263738  
-0.00441378  -4.92117e-05  0.0030155  0.104449  -0.0671053  0.264998  
-0.00425733  1.33925e-05  0.00323347  0.100827  -0.0905685  0.240958  
-0.00493419  0.000225914  0.00283176  0.0865581  -0.0633657  0.299062  
-0.00402612  0.000389921  0.00283176  0.0805771  -0.118918  0.263362  
-0.00463599  0.000389921  0.00283176  0.0816814  -0.092656  0.299872  
-0.00438927  0.000471016  0.00283176  0.071321  -0.119016  0.272868  
-0.00460289  0.000389921  0.00283176  0.078507  -0.10076  0.282779  
-0.00384921  0.000389921  0.00283176  0.0838287  -0.118936  0.262247  
-0.00443501  0.000389921  0.00283176  0.0755133  -0.0963498  0.295455  
-0.00387935  0.000389921  0.00310096  0.0847628  -0.119187  0.241416  
-0.0044576  0.000208803  0.00283176  0.0735752  -0.102354  0.323688  
-0.0040027  2.41691e-05  0.00283176  0.0818988  -0.119222  0.278756  
-0.00436513  0.000389921  0.00283176  0.0749559  -0.119298  0.301856  
-0.00430011  0.000107035  0.00296584  0.0727216  -0.119305  0.316057  
-0.00435596  0.000389921  0.00283176  0.0703044  -0.16344  0.307275  
-0.00454248  0.000958217  0.00275897  0.044518  -0.136403  0.307432  
-0.00500765  0.000965337  0.00258192  0.0421581  -0.158194  0.319563  
-0.00508319  0.000730813  0.0024064  0.0450122  -0.142072  0.312314  
-0.00470882  0.000597518  0.0024064  0.0485191  -0.167925  0.307443  
-0.00409674  0.000855808  0.0024064  0.0532024  -0.149462  0.285054  
-0.00438411  0.000455421  0.0024064  0.0617079  -0.158289  0.293885  
-0.00417088  0.000389921  0.00284979  0.0616908  -0.149808  0.282771  
-0.00454564  0.000389922  0.00292513  0.061687  -0.167927  0.303383  
-0.00472989  9.37532e-05  0.00289045  0.0617394  -0.167985  0.301658  
-0.00494592  0.000389922  0.00289242  0.0594503  -0.185547  0.322995  
-0.00446482  0.000389922  0.00284367  0.0588069  -0.17806  0.293003  
-0.00499671  0.000389922  0.0028777  0.0616688  -0.165798  0.321437  
-0.00454245  0.000389922  0.00286208  0.0686595  -0.185428  0.29311  
-0.00534135  0.000205838  0.00279995  0.0665923  -0.169497  0.341713  
-0.00441929  -3.93251e-07  0.00291604  0.0745406  -0.197866  0.285078  
-0.00498767  0.000389922  0.0027819  0.0717538  -0.146814  0.32737  
-0.00459022  2.09384e-05  0.00298864  0.072726  -0.203479  0.270806  
-0.00525221  0.000263478  0.00240641  0.0596675  -0.147943  0.335857  
-0.00458924  -0.000103761  0.00245714  0.074714  -0.197415  0.290765  
-0.00500424  0.00017303  0.00260208  0.061748  -0.145294  0.320594  
-0.0045451  9.19383e-05  0.00289746  0.0776294  -0.187621  0.29063  
-0.00495025  -8.23702e-06  0.00264998  0.0617735  -0.143296  0.32579  
-0.00417427  0.000143128  0.00297729  0.0752397  -0.193378  0.282829  
-0.00489074  -4.83221e-05  0.00259789  0.0815443  -0.152914  0.338921  
-0.00466851  -0.000498436  0.00250277  0.0871026  -0.199177  0.30082  
-0.00504741  -0.000253051  0.0024064  0.0744977  -0.151531  0.328925  
-0.0046271  1.94634e-05  0.0027834  0.0765645  -0.198593  0.299732  
-0.00497692  -0.000402285  0.00271921  0.0750985  -0.14743  0.308635  
-0.00460913  -0.000278016  0.00293511  0.0813286  -0.198649  0.29698  
-0.00483805  -0.000331831  0.00279046  0.0777459  -0.149904  0.306691  
-0.00471693  -0.000498436  0.00300991  0.0870669  -0.193731  0.319625  
-0.00485055  -0.000498436  0.00301508  0.0870588  -0.160595  0.329323  
-0.00465577  -0.000443684  0.00308523  0.0870192  -0.187384  0.326875  
-0.00464457  -0.000498436  0.00303521  0.0870058  -0.14655  0.307263  
-0.00486162  -0.000233282  0.00319406  0.0811566  -0.200507  0.324981  
-0.00467284  -0.000348476  0.00307069  0.0808783  -0.15831  0.318648  
-0.0051669  -0.000248578  0.00301923  0.0753236  -0.195637  0.35645  
-0.00460548  -0.000248578  0.00282308  0.0752232  -0.173567  0.33166  
-0.00489647  -0.000248578  0.00284942  0.0730578  -0.217033  0.346429  
-0.00477707  -0.000248578  0.00283705  0.0612841  -0.181204  0.319788  
-0.00474934  0.000179866  0.00283904  0.0484361  -0.200213  0.313222  
-0.00508397  1.93767e-05  0.00278043  0.0469531  -0.163713  0.304914  
-0.0050201  5.15846e-05  0.0027238  0.0469541  -0.19034  0.332165  
-0.00511889  -1.1586e-05  0.00304586  0.0469298  -0.173907  0.312992  
-0.00557123  -0.00013386  0.00307875  0.0674784  -0.19105  0.334761  
-0.00503044  6.25171e-06  0.0031298  0.0599628  -0.165285  0.323238  
-0.00548222  6.25171e-06  0.00302945  0.059858  -0.211338  0.312583  
-0.00578734  6.25171e-06  0.00303993  0.0502332  -0.187122  0.318381  
-0.00570976  6.25171e-06  0.00297539  0.0510897  -0.227353  0.349163  
-0.00552196  6.25171e-06  0.00311697  0.0513235  -0.232256  0.317865  
-0.00597253  0.000173601  0.00326698  0.0592956  -0.215523  0.379993  
-0.00569223  0.000710302  0.00335767  0.0466584  -0.254325  0.335477  
-0.00607639  0.000779853  0.00320171  0.0343412  -0.206858  0.347655  
-0.00582039  0.000392102  0.00310583  0.046761  -0.23127  0.334692  
-0.00614384  0.000181217  0.00310583  0.0500133  -0.195564  0.346035  
-0.00588536  0.000531198  0.00310583  0.0467088  -0.236197  0.359128  
-0.00560551  0.000213248  0.00340903  0.0467237  -0.198343  0.344487  
-0.00555694  0.000395946  0.00333973  0.0467032  -0.231233  0.335628  
-0.0057221  0.000292301  0.00348512  0.0466705  -0.209547  0.35042  
-0.00536323  8.1607e-05  0.00354321  0.0466962  -0.232475  0.327931  
-0.0059424  0.000107122  0.0034296  0.0467409  -0.207005  0.350233  
-0.00581088  0.000244355  0.00351537  0.0613147  -0.233737  0.341959  
-0.00584896  6.51588e-06  0.00331079  0.0605111  -0.195513  0.31647  
-0.00573042  3.35037e-05  0.00337885  0.0728114  -0.226355  0.331248  
-0.0057327  -0.000250744  0.00359957  0.0780809  -0.197927  0.317084  
-0.00594125  -9.9873e-05  0.00344038  0.074583  -0.205794  0.347495  
-0.00591046  -0.000114889  0.00310583  0.0681193  -0.17823  0.312152  
-0.00633653  8.47095e-05  0.00310583  0.0634035  -0.178401  0.331756  
-0.00566444  -1.64162e-05  0.00310583  0.0706676  -0.176596  0.300246  
-0.00586379  8.47095e-05  0.00316371  0.0749423  -0.154873  0.316795  
-0.00575853  -0.00010101  0.00328979  0.0849263  -0.198786  0.293783  
-0.00572907  8.47095e-05  0.00343727  0.0848657  -0.151819  0.286353  
-0.00603557  8.47095e-05  0.00310583  0.0718373  -0.177101  0.319028  
-0.00537276  8.47095e-05  0.00310583  0.0628009  -0.191164  0.284905  
-0.0058161  8.47095e-05  0.0030273  0.0664467  -0.166206  0.313516  
-0.00507578  -0.000325791  0.00310583  0.0849802  -0.193239  0.260721  
-0.00590579  -0.000396585  0.00310583  0.0849994  -0.16001  0.306337  
-0.00532736  -0.000444967  0.00328523  0.0849832  -0.19331  0.243373  
-0.00597304  -0.000321343  0.00310583  0.0814325  -0.161693  0.307463  
-0.0054849  -0.000474394  0.00310583  0.0774368  -0.172139  0.264268  
-0.0057462  -0.000559757  0.00327697  0.0850086  -0.170863  0.300179  
-0.00546439  -0.000716618  0.00350578  0.0850237  -0.171948  0.281992  
-0.00607934  -0.000324073  0.00324237  0.0801782  -0.179729  0.314029  
-0.00556025  -0.00076562  0.0035494  0.0850122  -0.180127  0.274356  
-0.00618502  -0.000324073  0.00350833  0.0849297  -0.180111  0.335383  
-0.00546439  -0.000666687  0.00364422  0.0818995  -0.183858  0.266203  
-0.00623564  -0.000324073  0.00369317  0.0849044  -0.174734  0.32078  
-0.00546439  -0.000569415  0.00371618  0.0913262  -0.181438  0.286703  
-0.00618557  -0.000324074  0.00350894  0.0849406  -0.172212  0.321078  
-0.00546439  -0.000578909  0.00361896  0.0849659  -0.19766  0.284088  
-0.00590613  -0.000324074  0.00343766  0.0849561  -0.167489  0.336806  
-0.00526782  -0.000760346  0.00310583  0.0850924  -0.200338  0.269654  
-0.00590664  -0.0004767  0.00310583  0.08204  -0.161341  0.32061  
-0.00536465  -0.000613379  0.0035129  0.0888859  -0.203371  0.292753  
-0.00588887  -0.000615497  0.00292627  0.0734458  -0.151622  0.311558  
-0.00518533  -0.000756264  0.00283597  0.0851705  -0.177288  0.261079  
-0.00542344  -0.000665348  0.00269196  0.0733355  -0.160228  0.321416  
-0.00369848  -0.000855511  0.00269196  0.070355  -0.178355  0.245498  
-0.00361488  -0.000746906  0.002789  0.0720559  -0.142509  0.221235  
-0.00453835  -0.000754537  0.00276919  0.0728368  -0.137918  0.285169  
-0.00374633  -0.00121407  0.00269196  0.0852209  -0.160429  0.206345  
-0.004504  -0.00112278  0.00269196  0.0685781  -0.107978  0.263542  
-0.00403593  -0.00124121  0.00269196  0.0821436  -0.141983  0.222073  
-0.00490737  -0.00112278  0.00280868  0.0775786  -0.107855  0.281571  
-0.00399237  -0.00112278  0.00295685  0.0656539  -0.159601  0.191912  
-0.00481224  -0.00112278  0.002937  0.0706548  -0.101837  0.269454  
-0.00423707  -0.00103317  0.00324479  0.0650107  -0.141818  0.200635  
-0.00482459  -0.00114746  0.00311164  0.0718823  -0.101988  0.229559  
-0.00426587  -0.00117023  0.00334322  0.0851266  -0.141886  0.200278  
-0.00454338  -0.00122234  0.00349551  0.0851441  -0.10757  0.241105  
-0.00485132  -0.000991995  0.0036668  0.0784668  -0.15969  0.216269  
-0.00516191  -0.00114845  0.0036668  0.085095  -0.124655  0.253252  
-0.00493734  -0.00120553  0.0036668  0.0850806  -0.153904  0.223935  
-0.00506771  -0.00112752  0.00393447  0.0850674  -0.127872  0.261136  
-0.00491848  -0.00104432  0.00397759  0.0850159  -0.169809  0.236458  
-0.00515632  -0.000918617  0.00379305  0.0850342  -0.134337  0.266038  
-0.00490152  -0.00102147  0.00386211  0.0936791  -0.183137  0.237692  
-0.00539192  -0.000855926  0.0036668  0.0850383  -0.149203  0.277977  
-0.00508667  -0.00101602  0.0036668  0.0931327  -0.174239  0.243432  
-0.00517511  -0.000703475  0.0036668  0.0813773  -0.145179  0.26336  
-0.00540707  -0.000578979  0.0036668  0.0729832  -0.177403  0.243415  
-0.00549663  -0.000672694  0.0036668  0.0750015  -0.145806  0.258755  
-0.00542986  -0.000618421  0.0036668  0.0849841  -0.184751  0.2821  
-0.00505705  -0.000679395  0.0036668  0.0849879  -0.155511  0.247359  
-0.00552658  -0.000660772  0.00347571  0.0850214  -0.18577  0.281973  
-0.00479586  -0.00063664  0.0036146  0.0849958  -0.179209  0.254741  
-0.00570919  -0.000706141  0.0036668  0.0850133  -0.190338  0.311482  
-0.00482314  -0.000526718  0.0036668  0.0768048  -0.201435  0.257158  
-0.00552224  -0.000412056  0.00349104  0.067841  -0.190281  0.31267  
-0.00490368  -0.000645073  0.0036668  0.0752285  -0.229381  0.267049  
-0.00572171  -0.0005198  0.0035431  0.0749158  -0.184722  0.349925  
-0.00475732  -0.000425828  0.00352013  0.077583  -0.229402  0.262039  
-0.00563021  -0.000586053  0.00346231  0.0804263  -0.198262  0.320419  
-0.00476682  -0.000843634  0.00354696  0.0850879  -0.204693  0.278453  
-0.00514564  -0.00062874  0.00336528  0.0724317  -0.176176  0.294541  
-0.00465133  -0.000649953  0.00347796  0.0725917  -0.180443  0.25727  
-0.00505702  -0.000790746  0.00349226  0.0850583  -0.167996  0.307324  
-0.00428805  -0.000870274  0.00359007  0.0850417  -0.176469  0.238078  
-0.00494775  -0.00102314  0.0036668  0.0850674  -0.160353  0.298866  
-0.00439576  -0.00115009  0.0036668  0.0929711  -0.176505  0.244768  
-0.00520056  -0.00101918  0.00346119  0.0850956  -0.157221  0.315579  
-0.00444272  -0.00106567  0.0036668  0.0850772  -0.176522  0.242601  
-0.00511639  -0.00124067  0.0036668  0.0851086  -0.145355  0.28806  
-0.00401488  -0.00159279  0.0036668  0.112964  -0.195029  0.242601  
-0.00504553  -0.00141788  0.0036668  0.106956  -0.156301  0.306478  
-0.00445665  -0.0014718  0.0036668  0.107868  -0.215173  0.261607  
-0.00465605  -0.00154139  0.0036668  0.107244  -0.16721  0.288061  
-0.00464509  -0.00120574  0.0036668  0.0970204  -0.208553  0.27241  
-0.00423449  -0.00159749  0.0036668  0.112864  -0.172843  0.251902  
-0.00437083  -0.00162076  0.00354034  0.123733  -0.183676  0.281262  
-0.00424361  -0.00163728  0.0036668  0.123705  -0.153253  0.236482  
-0.0048982  -0.00153821  0.00348739  0.114586  -0.181788  0.306697  
-0.0042142  -0.00170544  0.00338536  0.11373  -0.189942  0.249988  
-0.0047077  -0.00153453  0.00343142  0.110622  -0.181692  0.274622  
-0.00387099  -0.00156897  0.0036668  0.123678  -0.181544  0.244955  
-0.00511472  -0.00178531  0.00337117  0.123749  -0.150188  0.2846  
-0.00421487  -0.00160824  0.00344736  0.116738  -0.197707  0.239392  
-0.00463242  -0.00148159  0.00314089  0.112961  -0.149474  0.2528  
-0.00463529  -0.00156493  0.00338032  0.117622  -0.201354  0.250795  
-0.00408509  -0.00148644  0.0034212  0.123708  -0.146568  0.227264  
-0.0044814  -0.001508  0.00314089  0.123747  -0.148693  0.270693  
-0.00408897  -0.00159252  0.00355896  0.12372  -0.169127  0.21865  
-0.00437636  -0.00168885  0.00336951  0.129456  -0.162555  0.261179  
-0.0037532  -0.00150805  0.00352943  0.123685  -0.177572  0.20691  
-0.00453666  -0.00125861  0.00314089  0.116142  -0.13693  0.265547  
-0.00388807  -0.00154154  0.00346442  0.121162  -0.176794  0.201571  
-0.00435271  -0.0018459  0.00334148  0.123756  -0.13293  0.245169  
-0.00386839  -0.00166477  0.00370434  0.134188  -0.162527  0.19342  
-0.00435375  -0.0016984  0.00340753  0.140912  -0.133645  0.209897  
-0.00428124  -0.00145525  0.00347191  0.136006  -0.176491  0.217029  
-0.00406228  -0.00145525  0.0035637  0.129805  -0.149664  0.22778  
-0.00418715  -0.00143965  0.00344377  0.128454  -0.179043  0.239615  
-0.00384235  -0.00152002  0.0034582  0.12111  -0.152433  0.229742  
-0.00454674  -0.00136188  0.00344674  0.123636  -0.184844  0.250094  
-0.00452675  -0.00140121  0.00314089  0.123722  -0.200985  0.210889  
-0.00483304  -0.00128473  0.00198864  0.115935  -0.164674  0.353812  
-0.00261596  -0.00139476  0.00215406  0.12028  -0.237863  0.250973  
-0.00279172  -0.00144857  0.00215406  0.116879  -0.183501  0.250998  
-0.0022139  -0.0011996  0.00232247  0.105849  -0.201237  0.225721  
-0.00215514  -0.00151638  0.00215406  0.123964  -0.15711  0.2092  
-0.00273826  -0.00168  0.00236569  0.123963  -0.180993  0.233453  
-0.00253298  -0.00139476  0.00230308  0.134786  -0.169902  0.220827  
-0.00292771  -0.00182717  0.00215406  0.145486  -0.174761  0.27225  
-0.00243217  -0.00190684  0.00255626  0.149335  -0.179241  0.233559  
-0.0035935  -0.00142248  0.00260776  0.141175  -0.174993  0.313103  
-0.00300574  -0.00166147  0.00276285  0.140216  -0.213246  0.271116  
-0.00304522  -0.00190684  0.00280733  0.147839  -0.195421  0.283187  
-0.00365185  -0.00149744  0.00265268  0.147774  -0.207469  0.308303  
-0.0029874  -0.00190684  0.00281489  0.147845  -0.214846  0.262779  
-0.00383244  -0.00190684  0.00271504  0.147859  -0.17693  0.298744  
-0.00298576  -0.00190684  0.0029301  0.147807  -0.212124  0.254481  
-0.00327463  -0.0020212  0.00289799  0.147852  -0.168197  0.282799  
-0.00290617  -0.00193446  0.00282781  0.144767  -0.197786  0.239548  
-0.0032795  -0.00185767  0.00274297  0.131758  -0.155649  0.265956  
-0.00318516  -0.00185767  0.00301361  0.12913  -0.20392  0.239493  
-0.00303181  -0.00158724  0.00281838  0.130603  -0.159258  0.231118  
-0.00345714  -0.00121812  0.00251971  0.112337  -0.177995  0.230743  
-0.00278462  -0.00185767  0.00233566  0.112443  -0.143808  0.227816  
-0.00314412  -0.00185767  0.00248831  0.128605  -0.175118  0.249415  
-0.00278462  -0.00185767  0.00251767  0.122473  -0.167748  0.205586  
-0.00331057  -0.00138965  0.00215407  0.112392  -0.157653  0.242186  
-0.00236706  -0.00112155  0.00246085  0.107202  -0.147456  0.200866  
-0.00267474  -0.00119093  0.00239496  0.10705  -0.140002  0.223479  
-0.00233752  -0.00101612  0.00235779  0.0998996  -0.134525  0.168318  
-0.00306153  -0.00124306  0.00215407  0.092911  -0.124223  0.206451  
-0.0019059  -0.0009577  0.00215407  0.0787592  -0.113954  0.11733  
-0.00237275  -0.000704163  0.00215407  0.0759212  -0.0620308  0.148436  
-0.00184521  -0.00089526  0.00231379  0.082879  -0.0978744  0.0786988  
-0.00275583  -0.000812672  0.00196586  0.070803  -0.0488017  0.115531  
-0.00206088  -0.00112926  0.00171123  0.0742493  -0.0759071  0.0739821  
-0.00236522  -0.000812672  0.00168492  0.0498482  -0.0439149  0.105393  
-0.00192242  -0.000812673  0.00156994  0.0394017  -0.0823191  0.0265583  
-0.00226833  -0.000690887  0.00156993  0.0399961  -0.00908357  0.0696486  
-0.00176821  -0.001017  0.00156994  0.0500356  -0.0516207  -0.00253956  
-0.00217933  -0.000621171  0.00140691  0.0344436  0.00823479  0.0163512  
-0.00179836  -0.001017  0.00147469  0.0344656  -0.0275718  0.00460225  
-0.00191483  -0.000913906  0.00143518  0.0313379  0.00598148  0.00414822  
-0.00182136  -0.00118815  0.00132104  0.0294633  -0.010447  -0.00917913  
-0.00138766  -0.001017  0.00128857  0.0251911  0.0160259  -0.0323905  
-0.0015083  -0.00130894  0.00145449  0.0500334  0.0249095  -0.0294121  
-0.00141277  -0.00135516  0.00134325  0.0398301  0.0271113  -0.0240322  
-0.00139312  -0.00145539  0.00129653  0.0450586  0.0071308  -0.0389987  
-0.00171217  -0.00145539  0.00114957  0.0369487  0.0245941  -0.00666453  
-0.00164273  -0.0011269  0.000859035  0.033717  0.00158537  -0.0521489  
-0.00165978  -0.00111951  0.00074112  0.0320452  0.0248783  -0.0373786  
-0.0015439  -0.0011638  0.00104296  0.0320386  0.00705055  -0.0306232  
-0.0017481  -0.00101449  0.00106306  0.0320499  0.0259166  -0.0366161  
-0.00176405  -0.000921408  0.00122295  0.0320553  0.0011833  -0.0352919  
-0.00136869  -0.00088338  0.00101677  0.0320511  0.00704682  -0.0552936  
-0.00179087  -0.000418326  0.00079209  0.0194972  0.00704676  -0.0133743  
-0.00142776  -0.000703399  0.00079209  0.0217403  0.0139336  -0.0326012  
-0.00164723  -0.000142008  0.000602845  0.00898886  0.0114168  -0.0339381  
-0.00136869  -0.000189035  0.000369685  0.00434485  0.0175677  -0.0589223  
-0.00144907  -7.38938e-05  0.000369686  -0.00323201  0.00704351  -0.0341834  
-0.00123067  -0.000121945  0.000369685  -0.00776183  0.00703282  -0.0891882  
-0.00136869  0.000155303  0.000369685  -0.0119383  0.0237767  -0.072251  
-0.000502421  -0.000165122  0.000369686  -0.00767107  0.00697016  -0.121543  
-0.00153837  -0.0001019  0.000369686  0.00437419  0.0503869  -0.0864514  
-0.000908624  -0.000508721  0.000369686  0.00435633  0.0135804  -0.124613  
-0.00155681  -0.000266395  0.000369686  0.000322218  0.0425829  -0.0929982  
-0.000500557  -0.000360788  0.000780214  0.00437986  0.00289199  -0.107267  
-0.00109829  -0.000286787  0.000728974  0.00438518  0.0481708  -0.0792918  
-0.000150384  -0.000368361  0.000947802  0.0217718  0.00380701  -0.0986149  
-0.000797797  -0.000459675  0.000839992  0.0290777  0.0400051  -0.0719776  
-8.35035e-05  -0.000676516  0.000914959  0.0259195  -0.00447193  -0.115834  
-0.000982797  -0.000470174  0.000821655  0.0157936  0.0479603  -0.0993246  
-0.000739912  -0.000864244  0.00078002  0.0333678  0.0135487  -0.114783  
-0.000606697  -0.00061161  0.000972303  0.0217175  0.047586  -0.103369  
-0.000361524  -0.000687775  0.0010285  0.0333405  0.0135049  -0.0491337  
-0.00024468  -0.000887865  0.00114162  0.0368269  0.0135076  -0.111589  
-0.000337015  -0.000822461  0.00129927  0.0433637  -0.000820242  -0.0818162  
-0.000314403  -0.00109716  0.00152554  0.0653915  -0.00656965  -0.0788469  
-0.00081392  -0.00122428  0.00158615  0.0653876  -0.00656315  -0.0462249  
-0.000424994  -0.00105872  0.00179208  0.065376  -0.02388  -0.0691814  
-0.000731812  -0.00081937  0.00152554  0.0549099  -0.00655579  -0.0494876  
-0.000109917  -0.00081937  0.00184645  0.0654041  -0.0480695  -0.0793186  
-0.000307782  -0.00081937  0.00189131  0.0654137  -0.00628744  -0.0327769  
4.63671e-05  -0.00112634  0.00195627  0.0654086  -0.0427738  -0.0615491  
-0.000257382  -0.00081937  0.00180668  0.0586039  -0.0185511  -0.050064  
0.00020056  -0.000887517  0.00201629  0.0654247  -0.0378895  -0.0755154  
-0.0004256  -0.00081937  0.00171808  0.0542207  -0.00343184  -0.0460691  
6.04798e-05  -0.00081937  0.00201762  0.0546352  -0.0559947  -0.0710501  
-0.000395607  -0.00098966  0.00198545  0.0654118  -0.00726889  -0.0273216  
-0.00013179  -0.00081937  0.00213844  0.0653869  -0.0740274  -0.0476359  
-3.69611e-05  -0.000709618  0.00207118  0.0602448  -0.0241775  -0.0223924  
0.0001489  -0.00081937  0.00203768  0.0654066  -0.062149  -0.0487129  
0.000218806  -0.000763415  0.00206983  0.0565612  0.00312268  -0.0185036  
0.000116457  -0.00081937  0.00206983  0.0653648  -0.0399535  -0.0595397  
-0.000112902  -0.00081937  0.00206983  0.0490435  0.0101245  -0.0380194  
0.000225416  -0.00081937  0.00206983  0.0609538  -0.0373135  -0.0498724  
-6.47936e-05  -0.00081937  0.00206983  0.0542259  0.0152951  -0.0389547  
0.000471095  -0.00081937  0.00206983  0.0708784  -0.0462667  -0.0584239  
-0.000151921  -0.00081937  0.00188006  0.0653584  0.0041853  -0.00813945  
0.000275992  -0.00109734  0.00206983  0.0653569  -0.0502675  -0.0569089  
-0.000353216  -0.000613676  0.00166799  0.0516074  -0.000521097  -0.0156469  
9.21968e-05  -0.000726139  0.00195684  0.0584119  -0.0492125  -0.062952  
6.44968e-05  -0.000586581  0.00210556  0.0543428  -0.00346478  -0.0226547  
0.000868518  -0.000726139  0.0023074  0.0545783  -0.0369991  -0.0605174  
0.000850001  -0.000259055  0.00242418  0.0557762  -0.0278794  -0.0622283  
0.00027246  -0.000726139  0.00223287  0.0505172  -0.00657574  -0.0465243  
0.00110738  -0.000726139  0.00237467  0.0555543  -0.0369703  -0.0132939  
0.00117605  -0.000640621  0.00242421  0.0653952  -0.0216117  -0.0186439  
0.00100735  -0.000778448  0.00251604  0.0675013  -0.0369975  -0.026381  
0.00105387  -0.000839548  0.00245158  0.0654003  -0.0119606  -0.0515898  
0.00130121  -0.000726139  0.00236275  0.0653925  -0.0370368  -0.063632  
0.000536772  -0.000726139  0.00227183  0.0734564  -0.00669297  -0.0387321  
0.00152419  -0.000853713  0.00251846  0.0714808  -0.0481531  -0.0667163  
0.000719436  -0.000726139  0.00233922  0.0694798  0.00764093  -0.0277829  
0.00149051  -0.000726139  0.0024247  0.0653991  -0.0534074  -0.0684399  
0.000841689  -0.000813461  0.00243953  0.065409  0.00407954  -0.0480409  
0.00141404  -0.000726139  0.0024089  0.0727012  -0.0462033  -0.0766506  
0.000874466  -0.000853737  0.00242952  0.0727742  0.00603222  -0.0452984  
0.0011898  -0.000883454  0.00235493  0.0745437  -0.0346421  -0.0778078  
0.000555608  -0.00106978  0.00215337  0.0653963  0.00466217  -0.0356778  
0.00116276  -0.00110082  0.00231525  0.0792212  -0.0399003  -0.0902091  
0.000255278  -0.000578518  0.00166799  0.0653814  0.00513888  -0.0271334  
0.000907229  -0.000750839  0.00205186  0.0697751  -0.0508115  -0.075203  
0.000175974  -0.000792235  0.0018164  0.0705428  -0.012446  -0.026171  
0.000993889  -0.00064197  0.00166799  0.0653858  -0.0538841  -0.0631499  
0.000143303  -0.000817504  0.00166799  0.0653702  -0.0214199  -0.0198718  
0.000870773  -0.000702575  0.0014918  0.0460265  -0.0495469  -0.0627649  
5.34402e-05  -0.000774293  0.00132698  0.0351057  -0.0187618  -0.0273166  
0.00126765  -0.000663501  0.00166799  0.0352977  -0.0538875  -0.0504117  
0.000345399  -0.000407328  0.00166799  0.043726  -0.0129201  -0.0379034  
0.000831207  -0.0011514  0.00140625  0.0524548  -0.059476  -0.0430822  
0.000431042  -0.000582236  0.00124624  0.043699  -0.011962  -0.039618  
0.000959185  -0.000664822  0.00124624  0.0384629  -0.0594606  -0.0666465  
0.000221133  -0.000921675  0.00109053  0.0298433  -0.0115573  -0.0370561  
0.00088341  -0.00108428  0.00134534  0.0436805  -0.0467332  -0.0654725  
0.000464338  -0.000545858  0.00124624  0.030517  -0.0148908  -0.0284722  
0.000812578  -0.000928172  0.00124624  0.0338625  -0.0544509  -0.0665027  
0.000454461  -0.000996055  0.00119546  0.0319231  -0.0166079  -0.0527631  
0.000411283  -0.00095599  0.00124624  0.0379548  -0.0475389  -0.0641116  
0.000572222  -0.00114703  0.00108107  0.0289195  0.013286  -0.0827001  
0.000602053  -0.000852911  0.00124624  0.0436846  -0.00606517  -0.0708768  
0.000766406  -0.00113571  0.00124624  0.0436892  -0.00714967  -0.0767817  
0.00100787  -0.0011737  0.00161223  0.0436823  -0.0365162  -0.0486418  
0.00066038  -0.00114268  0.00162282  0.043657  -0.0365221  -0.0163068  
0.00068009  -0.000984097  0.00158763  0.0436979  -0.0568478  -0.0393299  
0.000873296  -0.00120611  0.00162766  0.0337211  -0.0429583  -0.0597219  
0.000564246  -0.00133481  0.00162311  0.0436632  -0.0365728  -0.0286471  
0.00100954  -0.00123972  0.00177172  0.0502324  -0.0589529  -0.0611955  
0.00103329  -0.00133481  0.00179378  0.053053  -0.0568876  -0.0258273  
0.00111665  -0.00133481  0.00175984  0.0480836  -0.056867  -0.037149  
0.00100259  -0.0011016  0.00191762  0.0487346  -0.0568807  -0.0132275  
0.000772076  -0.000988007  0.00175169  0.0457985  -0.0433957  -0.00510438  
0.00115864  -0.000791539  0.00179755  0.0436555  -0.0691088  -0.0229443  
0.000843186  -0.000857192  0.00175923  0.0380783  -0.0376876  -0.00989369  
0.00114244  -0.000644071  0.00166803  0.0436709  -0.0569437  -0.025964  
0.000637433  -0.000970178  0.00140408  0.0335138  -0.0289986  -0.00485894  
0.0013631  -0.000598032  0.00178831  0.0415869  -0.0725714  -0.0290376  
0.000745299  -0.000646673  0.00158056  0.043659  -0.0324416  -0.010479  
0.00131666  -0.000998151  0.00158056  0.0530073  -0.0650833  -0.0335718  
0.00087524  -0.00087165  0.00158056  0.0436552  -0.029688  -0.0308419  
0.0014997  -0.000925112  0.00180882  0.0436893  -0.0525423  -0.0411884  
0.00115189  -0.00104378  0.00169189  0.052835  -0.0267201  -0.0161506  
0.00131412  -0.00059658  0.00188764  0.0533951  -0.0636029  -0.0110018  
0.00102728  -0.00105568  0.00183083  0.0436452  -0.0504571  0.0040676  
0.00114097  -0.000528301  0.00184471  0.0560301  -0.0636889  0.01653  
0.00114785  -0.00096946  0.00158056  0.0567223  -0.0322389  -0.0190911  
0.00136628  -0.000848893  0.00158056  0.0573578  -0.0503989  0.00257092  
0.00137229  -0.00106558  0.00158056  0.0436538  -0.0504095  -0.0115517  
0.00128952  -0.000959023  0.00164689  0.043664  -0.0504176  0.00497573  
0.00119361  -0.00133482  0.00174224  0.0436655  -0.0435779  -0.0102577  
0.0011923  -0.000843112  0.00187174  0.056314  -0.0504644  0.0153805  
0.00130431  -0.000707319  0.00179289  0.0521644  -0.0403432  -0.0354607  
0.00135481  -0.000823134  0.00189969  0.0587653  -0.0364342  0.00364344  
0.00145289  -0.000879939  0.00195018  0.0570233  -0.046636  -0.0282874  
0.00157843  -0.000869877  0.00187961  0.0604882  -0.0533682  -0.00590288  
0.00154288  -0.000863332  0.0020058  0.0573955  -0.0468091  -0.00815627  
0.00116772  -0.000864084  0.00158056  0.0436556  -0.0533697  0.00865827  
0.00127627  -0.000834684  0.00158056  0.0436531  -0.0482802  -0.0142603  
0.00116245  -0.000800197  0.00158056  0.0307093  -0.0352791  0.0044339  
0.00111755  -0.000838279  0.00150913  0.0436576  -0.0533627  -0.0192465  
0.00104637  -0.000899326  0.00158056  0.0436595  -0.0328173  0.007124  
0.00131283  -0.000887741  0.0018007  0.0477028  -0.0533829  0.00570048  
0.000801153  -0.000990515  0.00158056  0.0436946  -0.0533826  0.0332024  
0.00128121  -0.000983921  0.00188012  0.0436913  -0.053402  -0.0127727  
0.000591017  -0.000879731  0.00158056  0.0436927  -0.0294599  0.0207285  
0.00115113  -0.000879731  0.00171007  0.0436962  -0.0533968  -0.0453833  
0.000569064  -0.000426603  0.00158056  0.0326082  -0.00982668  -0.00453705  
0.000820616  -0.000746253  0.00158056  0.0436895  -0.0467529  -0.0296581  
0.000309507  -0.00075134  0.00108425  0.0214664  0.0040081  0.0151626  
0.00110494  -0.000879731  0.00108425  0.0252266  -0.0410554  -0.0260619  
0.000366268  -0.000130996  0.000891584  0.0125467  0.00273948  0.0324873  
0.00105933  -0.000371245  0.00119056  0.0191044  -0.0533868  -0.024947  
0.000398991  -0.00024616  0.00109114  0.0180607  -0.0212842  0.0318632  
0.000750587  -3.97107e-05  0.00130683  0.0125519  -0.0533935  0.00198279  
8.32212e-05  -0.000105078  0.00107544  0.00619368  -0.0277463  0.0309268  
0.000528069  -0.000159699  0.00126029  0.0125664  -0.0533782  -0.026209  
-0.000233867  0.000128268  0.000899005  0.0125467  -0.0156756  0.028602  
0.000327737  -3.04081e-05  0.00065904  0.00392317  -0.0376777  -0.0387169  
-9.32422e-05  8.6758e-05  0.000174932  -0.00619652  -0.0124933  0.0427808  
6.70595e-05  3.98024e-06  0.000174932  -0.0100082  -0.0262863  -0.0295841  
0.00021202  0.000205836  0.000174932  -0.019494  -0.00519039  -0.0235767  
6.70595e-05  -0.000103864  0.000174932  -0.0158638  0.00304532  -0.00954516  
0.000129748  0.000134592  0.000174932  -0.00508156  -0.0218151  -0.0137984  
-5.19821e-05  -2.68929e-05  0.000174932  -0.00511956  -0.00521293  -0.00194565  
0.000478849  0.000126276  0.000174932  0.00139705  -0.0313522  -0.027554  
-0.000304836  0.000171968  0.000174932  -0.0116108  0.0112619  -0.00230513  
0.000280988  0.000171968  0.000174932  -0.00512617  -0.0313539  -0.0238098  
-8.48165e-05  0.000286526  -1.91788e-06  -0.0152489  0.00266261  0.0378849  
0.000404264  0.00060188  0.000119916  -0.0130576  -0.0314192  -0.0366399  
-0.00039745  5.30051e-05  -0.000248534  -0.00513638  0.00766468  -0.00949639  
0.000256401  -1.45692e-05  -0.000248534  0.00904817  -0.0314356  -0.0256636  
-9.49306e-05  -0.000252615  -0.000248534  -0.00512864  0.0190545  0.0204815  
0.00032508  -1.15075e-05  -0.000415334  -0.00513569  -0.0293505  -0.038555  
-0.000274072  -0.000252615  -0.000665869  -0.00515578  0.0311834  0.001433  
-4.21691e-06  0.000262426  -0.000304845  -0.0253324  0.00802611  -0.105085  
-0.000584851  0.000166001  -0.000522376  -0.0253595  0.0531049  -0.0481045  
0.000157389  0.000117684  -0.000316414  -0.0253166  0.0133885  -0.0888868  
-0.000584851  8.25311e-05  -0.000665869  -0.0253683  0.0438367  -0.028574  
0.000322217  0.000166063  -0.000665869  -0.0214415  0.0155239  -0.0802575  
-0.000584851  0.000175972  -0.000665869  -0.0285691  0.0523107  -0.0514044  
5.90479e-05  0.000283342  -0.000665869  -0.033501  0.0155478  -0.0525136  
-0.000594879  0.000504319  -0.000665869  -0.025352  0.0320973  -0.00816073  
-0.000158358  0.000222944  -0.000665869  -0.0253583  -0.000880735  -0.0444729  
4.93743e-05  -0.000252616  -0.000665869  -0.0185482  0.0243983  -0.059651  
5.47323e-05  0.000199996  -0.000665869  -0.013824  0.0301625  -0.043785  
0.000592878  0.000191845  -0.000597657  -0.00979567  0.0248794  -0.024223  
0.000323253  0.000174416  -0.000665869  -0.0103953  0.0350839  -0.0157303  
0.00138711  0.000156994  -0.000665869  -0.0164134  -0.000936178  -0.0674037  
0.0013891  -0.000252616  -0.000934082  -0.0134659  0.058147  -0.0608389  
0.00111696  -0.000252616  -0.000665869  -0.0112569  0.0026282  -0.0654053  
0.000711045  2.13446e-05  -0.000939151  -0.0254042  0.0369712  -0.0501839  
0.000708206  0.00020399  -0.000992774  -0.025402  0.0165566  -0.0625808  
0.00104944  0.000270699  -0.00107714  -0.0253923  0.041357  -0.101197  
0.000478123  -9.16534e-05  -0.00105764  -0.0254042  0.0428079  -0.0846402  
0.00124097  -0.000214434  -0.00100861  -0.0152058  0.0249889  -0.0985809  
0.000849047  -0.000153826  -0.00121062  -0.0166933  0.043614  -0.0794294  
0.00109706  -0.000381381  -0.00121062  -0.0075387  0.0282421  -0.101947  
0.0010315  -0.000180659  -0.00146523  -0.0176708  0.0745415  -0.071382  
0.000956252  -0.000211406  -0.00121062  -0.0152583  0.0331726  -0.132691  
0.000747798  8.38848e-05  -0.00143543  -0.0254326  0.0434728  -0.0767632  
0.0010315  1.19539e-05  -0.00121062  -0.0177706  0.0161405  -0.111101  
0.000616665  -4.76809e-05  -0.00135458  -0.0188613  0.0477155  -0.0683513  
0.00132454  -0.000235065  -0.00121062  -0.0159739  0.0177535  -0.117858  
0.000505835  0.000102983  -0.00114494  -0.025427  0.0494591  -0.0699023  
0.00134055  -0.000201654  -0.00115287  -0.00967552  0.0356322  -0.119958  
0.000717348  -0.000127704  -0.00121062  -0.0119912  0.0648601  -0.0651884  
0.00127907  -4.80368e-05  -0.00121062  -0.00637778  0.0356285  -0.111577  
0.000855864  -9.71186e-05  -0.00121062  0.000243589  0.05958  -0.0785504  
0.00127907  -0.000200769  -0.00121062  0.000680362  0.0406834  -0.104226  
0.000531746  -0.000674273  -0.00121062  -0.00248046  0.0356663  -0.067218  
0.00107239  -0.000674273  -0.00121062  0.0116814  0.0194505  -0.0947556  
0.000528533  -0.000674273  -0.00121062  0.00798699  0.0618698  -0.0641482  
0.00122814  -0.000674273  -0.00121062  0.0155148  0.0287284  -0.092267  
0.000603075  -0.000674273  -0.00121062  0.0231999  0.0673392  -0.0776597  
0.00119698  -0.000674273  -0.00121062  0.0264997  0.0219386  -0.0948376  
0.000387157  -0.000895851  -0.00121062  0.0169536  0.0666384  -0.0713007  
0.00052855  -0.0012981  -0.00121062  0.0260778  0.0411994  -0.0702178  
0.000152066  -0.000909859  -0.00121062  0.0263124  0.0578533  -0.0649585  
0.000883154  -0.00123291  -0.00121062  0.0404855  0.029487  -0.071861  
0.0005549  -0.00115474  -0.00121062  0.0370026  0.0561014  -0.0580081  
0.00103907  -0.00128051  -0.00138091  0.0521461  0.0190429  -0.0684591  
0.000440142  -0.00120587  -0.00121062  0.0405543  0.0500234  -0.0365581  
0.000758744  -0.00101239  -0.00129481  0.0521448  0.0181259  -0.0598804  
0.000563237  -0.00129899  -0.00121062  0.0521295  0.0481863  -0.0512866  
0.00110095  -0.00121398  -0.00115723  0.0521347  0.0172478  -0.0541394  
0.00035589  -0.0011287  -0.00121062  0.0521326  0.0502106  -0.0596398  
0.000834664  -0.00119405  -0.00121062  0.0521313  0.0355417  -0.0593964  
0.000966317  -0.00111124  -0.00121062  0.0521322  0.0540086  -0.0456108  
0.000728531  -0.00136176  -0.00121062  0.0521609  0.0425808  -0.0583345  
0.000606001  -0.000999117  -0.00121062  0.0454949  0.0695917  -0.0773938  
0.000251349  -0.000832811  -0.00121062  0.0521752  0.0628474  -0.0698143  
0.000493275  -0.00084804  -0.00115337  0.0455444  0.0553582  -0.104955  
0.00033695  -0.000746076  -0.00121062  0.0385239  0.0649699  -0.0933209  
0.00102062  -0.000752381  -0.00121062  0.0409876  0.0779004  -0.124764  
0.000483565  -0.00104334  -0.00145017  0.0359567  0.0779397  -0.0784154  
0.000678279  -0.00112038  -0.00121062  0.0521926  0.0641866  -0.105459  
0.000113247  -0.000727703  -0.00121062  0.0522187  0.0864981  -0.0862902  
0.000926384  -0.000806658  -0.00121062  0.0496898  0.0655014  -0.144246  
9.21995e-05  -0.000675495  -0.00121062  0.0522106  0.10417  -0.0900107  
0.00107427  -0.000498116  -0.00121062  0.0522188  0.051431  -0.133571  
0.000369142  -0.000636345  -0.00121062  0.0482006  0.105586  -0.0870551  
0.00133303  -0.000753457  -0.000933204  0.0684472  0.0618578  -0.0931139  
0.000979051  -0.000790714  -0.000985862  0.0581158  0.0905791  -0.0936913  
0.0011406  -0.000600787  -0.00100014  0.0522097  0.080096  -0.0812426  
0.00093951  -0.000532071  -0.0010407  0.0522327  0.0572051  -0.0798838  
0.00112466  -0.000225303  -0.000780489  0.0260228  0.0778541  -0.149299  
0.000249391  0.000336663  -0.00121062  0.019116  0.105332  -0.114937  
0.00107483  0.000218727  -0.000952252  0.025684  0.0778611  -0.147209  
0.000545414  -0.000208008  -0.00121062  0.0229689  0.102052  -0.101284  
0.00076961  0.000189774  -0.00111056  0.0191352  0.0778853  -0.174167  
0.00102997  -6.11144e-05  -0.000857863  0.0191463  0.120863  -0.119504  
0.00152509  0.000277093  -0.00121062  0.0191196  0.0900559  -0.146779  
0.000444015  9.81248e-05  -0.00121062  0.0190944  0.105961  -0.125964  
0.00286356  -5.46997e-05  -0.00121062  0.0190886  0.0964552  -0.213745  
0.00323231  7.08997e-05  -0.00155574  0.00583537  0.164359  -0.230995  
0.00280011  -1.10436e-05  -0.00121062  0.0081994  0.164421  -0.209378  
0.0029098  -0.000208008  -0.00162365  0.00861312  0.119155  -0.164628  
0.00334379  -0.000208008  -0.00164853  0.01901  0.12193  -0.120016  
0.00253755  -0.000208008  -0.00164853  0.01901  0.111298  -0.128323  
0.00313753  -0.000363561  -0.00164853  0.0307002  0.0897829  -0.17254  
0.00216746  -0.000459378  -0.00181244  0.0189674  0.122988  -0.147895  
0.00270473  -0.000361694  -0.00180623  0.0329132  0.0865642  -0.181301  
0.00254862  -0.000608852  -0.00164853  0.0289132  0.127234  -0.150178  
0.00256359  -0.000360445  -0.00164853  0.0190174  0.110596  -0.206441  
0.00216746  -0.000417619  -0.00164853  0.0261715  0.129648  -0.172512  
0.00255082  -0.000360929  -0.00164853  0.0259162  0.11061  -0.18742  
0.00256894  -0.000200101  -0.00178402  0.01901  0.137542  -0.203866  
0.00223298  -0.000239531  -0.00174872  0.0190052  0.137584  -0.192423  
0.00316952  -0.000395428  -0.00159343  0.030933  0.122555  -0.199162  
0.00243454  -0.000309439  -0.00164853  0.0246004  0.147856  -0.171185  
0.00279896  -0.000177458  -0.00164853  0.0190449  0.119473  -0.254297  
0.00243454  0.000228523  -0.00164853  0.00828508  0.175018  -0.220709  
0.00311784  0.000340627  -0.00115812  0.000655081  0.133934  -0.282899  
0.0027136  -0.000114358  -0.00130185  0.00902945  0.174272  -0.226257  
0.00369366  -4.676e-05  -0.000982285  0.0168875  0.142617  -0.268828  
0.00268036  0.00024418  -0.00130185  0.0240303  0.134359  -0.151718  
0.00333674  0.000112031  -0.00130185  0.025012  0.12296  -0.186793  
0.00305473  0.000233523  -0.0012455  0.0269257  0.13432  -0.158992  
0.00324462  0.000233523  -0.00116089  0.0245826  0.101757  -0.165589  
0.00298908  0.000233523  -0.00130185  0.0258078  0.129818  -0.14365  
0.0029271  0.000306098  -0.00130185  0.0174377  0.100867  -0.164713  
0.00270677  0.000233523  -0.00130185  0.00877316  0.142814  -0.140888  
0.00289595  0.000233523  -0.00130185  0.00856729  0.100655  -0.154839  
0.00212681  0.000180552  -0.00130185  0.00053516  0.13908  -0.152311  
0.00245527  0.000233523  -0.00130185  0.00795127  0.0981465  -0.153863  
0.0019812  0.000374558  -0.00130185  0.000551298  0.134804  -0.148877  
0.001796  0.000298226  -0.00130185  0.000545536  0.117644  -0.158674  
0.00220565  0.000233523  -0.00130185  0.00430126  0.150959  -0.141533  
0.00217531  0.000157704  -0.00130185  0.00854275  0.124248  -0.174394  
0.00224098  0.000296612  -0.00130185  0.0060701  0.149323  -0.150757  
0.00273231  0.000404762  -0.00130185  0.0114359  0.130778  -0.194031  
0.00209323  0.000209767  -0.00145024  0.00539884  0.152457  -0.162513  
0.00211154  0.00043697  -0.0014714  0.00550956  0.128323  -0.141464  
0.0023864  0.000586334  -0.00130185  0.0108701  0.159303  -0.165652  
0.00199128  0.000373126  -0.00130185  0.0186908  0.128583  -0.146842  
0.0025008  0.000381988  -0.00130185  0.0125985  0.137868  -0.161177  
0.00194682  0.000322906  -0.00130185  0.0123695  0.147761  -0.126803  
0.00258072  0.000588506  -0.00130185  0.0147183  0.0975464  -0.152199  
0.00194682  0.00029497  -0.00130185  0.0131494  0.134277  -0.124953  
0.00253076  0.000258373  -0.00130185  0.0172653  0.0896129  -0.138848  
0.00169576  0.000360586  -0.00130185  0.0146544  0.135355  -0.121563  
0.0020568  0.000196859  -0.00130185  0.0245132  0.0967311  -0.159597  
0.0016685  0.000317031  -0.00136775  0.0233388  0.124736  -0.123876  
0.00278369  -0.000127779  -0.00130185  0.0326724  0.0966535  -0.173792  
0.00210352  -0.000178991  -0.00130185  0.0295689  0.135429  -0.133091  
0.00283856  -0.000178991  -0.00130185  0.0295689  0.108599  -0.177828  
0.00206967  0.000228924  -0.00130185  0.0296051  0.142465  -0.142767  
0.0022836  -0.000178991  -0.00130185  0.0318799  0.103841  -0.178199  
0.00199814  -0.000178991  -0.00130185  0.0295689  0.144661  -0.154382  
0.00246606  -0.000178991  -0.00130185  0.0295689  0.124788  -0.198351  
0.00185816  -0.000178991  -0.00130185  0.0295689  0.150002  -0.161332  
0.00236526  -0.000178991  -0.00130185  0.0295689  0.10717  -0.186865  
0.00185816  -0.000178991  -0.00141304  0.0295535  0.144896  -0.158444  
0.00298806  -0.000178991  -0.00130185  0.0369684  0.10993  -0.166308  
0.00222374  -0.000178991  -0.00143544  0.0295517  0.152058  -0.167128  
0.0029089  -7.87767e-05  -0.00130185  0.0295785  0.124713  -0.184266  
0.00193646  7.91891e-05  -0.00130185  0.0296232  0.167066  -0.154609  
0.00218711  0.000193347  -0.00130185  0.0220398  0.0997896  -0.212356  
0.00126815  0.00039391  -0.00130185  0.000966087  0.147614  -0.165923  
0.00144858  0.00044596  -0.00130185  0.000973249  0.108682  -0.209991  
0.00109742  0.00060225  -0.00130185  0.000916246  0.139823  -0.172437  
0.00164692  0.000314538  -0.00130185  0.0236271  0.126329  -0.171521  
0.00174747  0.000153253  -0.00105185  0.0220128  0.15817  -0.138945  
0.00281643  0.000153253  -0.00130185  0.0457816  0.118529  -0.175193  
0.00156113  0.000153253  -0.00130185  0.0259029  0.158097  -0.148261  
0.00216528  0.000153253  -0.0013676  0.0365789  0.116543  -0.150527  
0.00198176  0.000153253  -0.00130185  0.0408448  0.160997  -0.142582  
0.002125  -1.71123e-05  -0.00136417  0.0428067  0.116151  -0.13992  
0.00177823  0.000105727  -0.00130185  0.0435501  0.152471  -0.119319  
0.00221238  0.000111495  -0.00130185  0.0333964  0.121706  -0.156522  
0.00147626  0.000126625  -0.00130185  0.0258848  0.140431  -0.116905  
0.00193176  0.000206761  -0.00142268  0.0330423  0.119248  -0.137856  
0.00147626  0.000113171  -0.0016713  0.0333216  0.150202  -0.145255  
0.00166217  0.000303602  -0.00175042  0.0258219  0.12027  -0.132387  
0.00168594  0.000374827  -0.00131783  0.0379253  0.144176  -0.166297  
0.00174744  0.000221802  -0.00175042  0.0368234  0.126703  -0.129237  
0.00205579  1.54279e-07  -0.00169746  0.0380507  0.15432  -0.135845  
0.00170394  3.47325e-05  -0.00175042  0.0342243  0.131753  -0.122244  
0.00179511  1.40957e-05  -0.00168464  0.0357589  0.13174  -0.164472  
0.00152482  8.89642e-05  -0.00175042  0.0300727  0.131759  -0.117795  
0.00196881  -0.000315205  -0.00162713  0.0490996  0.115079  -0.167468  
0.00159034  -0.000128668  -0.00163383  0.0503292  0.145803  -0.129488  
0.00283186  -0.000132782  -0.00155349  0.0553947  0.116659  -0.182689  
0.00159939  -0.000315205  -0.00175042  0.0450664  0.14524  -0.118608  
0.00234818  -0.000315205  -0.001517  0.0537416  0.110906  -0.141434  
0.00189355  -0.000315205  -0.00160829  0.0646537  0.14592  -0.101844  
0.00269775  -0.000315205  -0.00157217  0.0620853  0.0977869  -0.119329  
0.00189394  -0.000315205  -0.00166792  0.0648858  0.141275  -0.0809619  
0.00242004  -0.000315205  -0.0016083  0.0686947  0.094393  -0.123953  
0.00189394  -0.000483842  -0.00175042  0.0684204  0.136204  -0.0893664  
0.00217072  -0.000315205  -0.00149957  0.0651748  0.0932493  -0.132209  
0.00170228  -0.000315206  -0.00150736  0.0608559  0.133318  -0.0803908  
0.00239458  -0.000546361  -0.0015583  0.0730463  0.0944685  -0.103404  
0.00152417  -0.000230616  -0.00173032  0.0708946  0.13402  -0.0711731  
0.0021665  -0.000332116  -0.00150736  0.0732497  0.0979244  -0.104904  
0.00214394  -0.000310801  -0.00176801  0.0769422  0.135894  -0.0703802  
0.00251254  -0.000573516  -0.00167021  0.0803524  0.110927  -0.113104  
0.00190179  -0.000466579  -0.00178827  0.0803404  0.127411  -0.0817882  
0.00245525  -0.000191418  -0.00150736  0.0803617  0.110919  -0.119155  
0.0019024  -0.000267674  -0.00177102  0.0803408  0.127557  -0.0834778  
0.00266363  -0.00080635  -0.00150736  0.0803547  0.102242  -0.10927  
0.00182061  -0.000394466  -0.00177233  0.0700619  0.145704  -0.0856593  
0.00242292  -0.000394466  -0.00162324  0.0607494  0.110925  -0.138019  
0.00158637  -0.000394466  -0.00180893  0.0666057  0.146684  -0.0954598  
0.00227137  -0.000394466  -0.00150736  0.0718233  0.110157  -0.136974  
0.00202743  -0.000394466  -0.00150736  0.0667497  0.155817  -0.122935  
0.00233186  -0.000602773  -0.00150736  0.0713042  0.111721  -0.162082  
0.00199493  -0.000637507  -0.0017407  0.0707953  0.152873  -0.118027  
0.00274848  -0.00057819  -0.00177278  0.0803326  0.103882  -0.107287  
0.00189286  -0.000478856  -0.0018267  0.0803248  0.153492  -0.0992503  
0.00231416  -0.000702133  -0.00150736  0.0803671  0.111212  -0.124233  
0.00189513  -0.000448661  -0.00184035  0.0695046  0.141922  -0.0800657  
0.00241094  -0.000175272  -0.00183482  0.0589754  0.111219  -0.138348  
0.00189513  -0.000244824  -0.00198905  0.0555808  0.14791  -0.111758  
0.00230419  -0.000315101  -0.00191006  0.0567373  0.111226  -0.136126  
0.00159506  -4.66333e-05  -0.00195428  0.0469149  0.143928  -0.101058  
0.00211448  -0.000215634  -0.00185156  0.0469318  0.111221  -0.163523  
0.00198016  -0.00051239  -0.00196884  0.0468532  0.150366  -0.121993  
0.00272492  -0.000455982  -0.00183188  0.0550692  0.112068  -0.161174  
0.00198843  -0.000237413  -0.00183188  0.0468915  0.161099  -0.147983  
0.00228851  -0.000210549  -0.00183188  0.0469342  0.120123  -0.167897  
0.00170478  -0.000382863  -0.00183188  0.0468835  0.165101  -0.1383  
0.0021058  0.000142033  -0.00183188  0.0469075  0.140799  -0.148215  
0.00121468  0.000142033  -0.00183188  0.034612  0.16741  -0.11653  
0.00207476  0.000223428  -0.00211778  0.0285935  0.128631  -0.167324  
0.00143835  0.000142033  -0.00214166  0.0285939  0.164904  -0.115285  
0.00180075  0.000244967  -0.00183188  0.039249  0.112197  -0.132863  
0.00152439  2.44361e-05  -0.00183188  0.028649  0.159169  -0.12435  
0.0020539  3.4121e-06  -0.00183188  0.0286646  0.123528  -0.166695  
0.00145745  -0.00027305  -0.00211946  0.0285988  0.142463  -0.117173  
0.00216212  0.000194943  -0.00183188  0.0286685  0.108416  -0.146627  
0.00109895  0.000199309  -0.0021563  0.0286159  0.148914  -0.113383  
0.00177375  9.31458e-05  -0.00207199  0.0286253  0.119652  -0.134944  
0.00170667  0.000271679  -0.00196033  0.0147582  0.168226  -0.189312  
0.00171198  0.000262694  -0.00183188  0.00653238  0.143021  -0.175473  
0.00145679  0.000603518  -0.00183188  0.00431129  0.159843  -0.163829  
0.00158721  0.000815439  -0.00183188  -0.00683887  0.137972  -0.202146  
0.00139064  0.00048553  -0.0022387  0.00423772  0.168182  -0.165245  
0.00154404  0.000660247  -0.00212398  0.00427879  0.124472  -0.162494  
0.000998686  0.000658712  -0.00183188  0.00433721  0.161488  -0.15962  
0.001497  0.000712485  -0.00198781  0.00429722  0.115607  -0.151271  
0.00125703  0.000653883  -0.00202955  0.0042716  0.160477  -0.145316  
0.00159498  0.000568456  -0.00215273  0.0042609  0.132666  -0.161245  
0.0014473  0.000368897  -0.00216983  0.0161735  0.148979  -0.150613  
0.00162771  0.000527065  -0.00226684  0.00421768  0.132633  -0.157151  
0.00145126  0.000466306  -0.00228851  0.0041883  0.160734  -0.170008  
0.00138603  0.0005982  -0.00242341  0.00417833  0.132623  -0.119446  
0.00172005  0.000587654  -0.00233669  0.00419744  0.132603  -0.154775  
0.00172005  0.000752007  -0.00233669  0.00420711  0.129639  -0.116278  
0.00206913  0.000671901  -0.00233669  0.00421359  0.126118  -0.170127  
0.00182167  0.000765493  -0.00233669  0.00422316  0.132596  -0.130814  
0.00379331  0.000391966  -0.00244745  0.00419093  0.149895  -0.202381  
0.00218606  0.0006041  -0.00256466  -0.00457657  0.135197  -0.155648  
0.00224788  0.000879061  -0.00233669  -0.0126278  0.0970818  -0.191062  
0.00176689  0.000230353  -0.00233669  -0.0127024  0.129256  -0.13157  
0.00231524  0.000341057  -0.00233669  0.00104886  0.107694  -0.170536  
0.00185001  0.000548212  -0.00250698  -0.00132153  0.140246  -0.145754  
0.00273401  0.000470948  -0.00206842  0.0170973  0.152195  -0.173316  
0.0023104  0.000474141  -0.00233669  0.00594945  0.184924  -0.127473  
0.00284456  0.000606298  -0.00206014  0.0139815  0.146294  -0.177893  
0.00246409  0.000359474  -0.00236884  0.00430765  0.154281  -0.128362  
0.00246409  0.000590264  -0.00211438  0.0147164  0.133785  -0.191217  
0.00232825  0.000599294  -0.00238902  0.00472496  0.152217  -0.134178  
0.00288746  0.000544664  -0.00217473  0.0116149  0.12937  -0.182414  
0.00265305  0.000247798  -0.00233353  0.0176427  0.149381  -0.128403  
0.00263492  0.00011118  -0.00226167  0.0233181  0.131649  -0.16519  
0.00246409  0.000159988  -0.00241888  0.0282839  0.144023  -0.135909  
0.00256624  0.000162151  -0.00233353  0.0212575  0.134582  -0.16779  
0.00216597  0.00039452  -0.00233353  0.0212479  0.144883  -0.13871  
0.00240704  0.000164995  -0.00233353  0.0167244  0.157792  -0.151469  
0.00194194  0.000211045  -0.00233353  0.0212566  0.135098  -0.140199  
0.0030839  0.000396308  -0.00227493  0.00391792  0.174224  -0.193929  
0.00185071  0.00042699  -0.0021577  0.00766092  0.128715  -0.158024  
0.00165789  0.000327238  -0.00215128  0.00390259  0.15227  -0.145224  
0.00209369  0.00035209  -0.00233353  0.00391189  0.130135  -0.153759  
0.00171668  0.000182846  -0.00216191  0.00389783  0.143769  -0.155423  
0.00189037  0.000115428  -0.00217348  0.0143836  0.132499  -0.16105  
0.00130966  0.000196581  -0.0020438  0.0192773  0.123762  -0.169923  
0.00138293  0.000250504  -0.00225103  0.0160257  0.142875  -0.154091  
0.00181827  0.000508248  -0.00193771  0.00394741  0.152186  -0.206534  
0.0013443  0.000201915  -0.00205016  0.00388597  0.152235  -0.150899  
0.00180657  0.00050698  -0.00205016  -0.00640434  0.152227  -0.154607  
0.0012711  0.000349073  -0.00205016  0.0038956  0.152239  -0.142289  
0.00152363  0.000455567  -0.00205016  0.00388553  0.152217  -0.147747  
0.0010366  0.000590801  -0.00205016  -0.00883461  0.152242  -0.1331  
0.00147757  0.000460635  -0.00205016  -0.00964612  0.142288  -0.1918  
0.000834088  0.000587366  -0.00205016  -0.0208085  0.174381  -0.133102  
0.00128854  0.000737575  -0.00195668  -0.0184315  0.116317  -0.168566  
0.00090008  0.000785498  -0.00205016  -0.0307717  0.150042  -0.115655  
0.0014382  0.000778388  -0.00205016  -0.0348108  0.13391  -0.124954  
0.000967253  0.000814711  -0.00211926  -0.0347878  0.152231  -0.097698  
0.000925444  0.000886845  -0.00205016  -0.0432914  0.111868  -0.132268  
0.00047669  0.00103276  -0.00205016  -0.051337  0.142064  -0.0972695  
0.00118396  0.00096717  -0.00188661  -0.0399309  0.111006  -0.149665  
0.000720891  0.000894103  -0.00205016  -0.0409182  0.118201  -0.0804006  
0.000858888  0.000720331  -0.00205016  -0.0513656  0.100988  -0.114949  
0.000604602  0.000821732  -0.00205016  -0.0432955  0.103971  -0.0774307  
0.000720891  0.000485284  -0.00205016  -0.0401221  0.114388  -0.112532  
0.00109307  0.000728815  -0.00205016  -0.0402503  0.0767491  -0.111035  
0.000322082  0.000447221  -0.00205016  -0.0513708  0.100992  -0.0837576  
0.00101175  0.000408154  -0.00217003  -0.0455054  0.0495205  -0.115568  
0.000331126  0.000401943  -0.00232947  -0.0656159  0.0972827  -0.0664357  
0.00123729  0.000457621  -0.00211106  -0.0578826  0.0420182  -0.082291  
0.000873215  5.90012e-05  -0.00229254  -0.0676926  0.0827298  -0.0756675  
0.00138077  0.000293844  -0.00222572  -0.0581328  0.0681564  -0.118987  
0.00020789  0.000247669  -0.00229254  -0.0564528  0.101725  -0.0636995  
0.00110105  0.000262947  -0.00215318  -0.055891  0.0606102  -0.107774  
0.00020789  0.000224557  -0.00229254  -0.0540802  0.111289  -0.0650116  
0.00112007  9.03605e-05  -0.00207287  -0.047526  0.0790246  -0.0743369  
0.000741248  0.000132209  -0.00229254  -0.0446109  0.111338  -0.0655331  
0.00100421  0.000321782  -0.00210807  -0.0421923  0.0874998  -0.129289  
0.00068065  0.000170713  -0.00229254  -0.0486148  0.119441  -0.11613  
0.00068065  0.000517849  -0.00210231  -0.0523852  0.0906818  -0.139186  
0.000222639  0.000532037  -0.00220206  -0.058036  0.0875269  -0.107931  
0.00048134  0.000105487  -0.00199968  -0.0504041  0.0875156  -0.102758  
0.000931203  0.000382959  -0.00200655  -0.0423787  0.0874663  -0.115424  
0.000279173  0.000181405  -0.00187358  -0.0510963  0.0874877  -0.103284  
0.000581337  0.000384676  -0.00202161  -0.0427449  0.0689193  -0.106202  
0.000155259  6.96038e-05  -0.00196293  -0.0505737  0.0874796  -0.0930019  
0.000616148  0.000131125  -0.00194132  -0.0455428  0.0610944  -0.129844  
0.000382136  0.000131125  -0.00200278  -0.043981  0.0992379  -0.0941404  
0.000525927  0.000131125  -0.00205312  -0.043344  0.0874002  -0.13216  
0.000288927  6.51847e-05  -0.00198884  -0.0489298  0.111308  -0.0951038  
0.000590734  0.000410009  -0.00203297  -0.0567074  0.0873542  -0.1381  
-9.01115e-05  0.000637896  -0.00195354  -0.0605725  0.110747  -0.108942  
0.000544042  0.000131125  -0.00199501  -0.0543453  0.0858972  -0.123297  
0.000125249  0.000240034  -0.00201216  -0.0580485  0.12141  -0.119117  
0.000403987  0.000248035  -0.00198543  -0.0445763  0.0811409  -0.133435  
7.60113e-05  0.000194418  -0.00179402  -0.0461457  0.119834  -0.118469  
0.000303046  0.000239303  -0.00179522  -0.0391333  0.0924321  -0.124598  
0.000442621  0.000131125  -0.00167882  -0.0364249  0.113454  -0.131462  
0.000326814  0.000131125  -0.00183878  -0.0337468  0.106186  -0.119011  
0.000652718  0.000216714  -0.00167882  -0.0417823  0.111971  -0.171962  
4.3707e-05  0.000131125  -0.00186559  -0.0522949  0.121254  -0.12611  
0.000389476  0.000131125  -0.00167882  -0.0572224  0.0924035  -0.158086  
0.000144894  0.000131125  -0.00167882  -0.0554011  0.092417  -0.142792  
0.000384245  0.000131125  -0.00167882  -0.0675747  0.109822  -0.132757  
0.000221812  0.000131125  -0.00180378  -0.0580316  0.0887201  -0.144428  
0.000277188  -1.85875e-05  -0.00161558  -0.0545778  0.110442  -0.141812  
0.000368601  0.000444811  -0.00167882  -0.0675561  0.0923692  -0.128789  
0.000149247  0.000397444  -0.00167882  -0.0675623  0.103913  -0.178189  
-4.5629e-05  0.000613939  -0.00167882  -0.0607976  0.113972  -0.144782  
2.54227e-05  0.000432461  -0.0015395  -0.0675516  0.100842  -0.142621  
-0.000216345  0.000587413  -0.00173329  -0.0675562  0.0923886  -0.116478  
-2.53712e-05  0.000661642  -0.00160443  -0.0766665  0.101992  -0.14993  
-0.000202214  0.000954038  -0.00167882  -0.0675092  0.114923  -0.175679  
0.000390501  0.000633629  -0.00167882  -0.0675535  0.128378  -0.143785  
0.000288141  0.000894741  -0.00167882  -0.0675101  0.109159  -0.157808  
-0.000152903  0.00112049  -0.00162549  -0.080939  0.141119  -0.187125  
-0.000682178  0.00237806  -0.0018545  -0.119748  0.146604  -0.265785  
-0.000156783  0.00178811  -0.00167882  -0.0994442  0.149547  -0.192885  
0.000503892  0.00172126  -0.00189531  -0.0876991  0.133009  -0.19107  
0.000582041  0.00152986  -0.00167882  -0.0869498  0.133021  -0.190128  
0.000334963  0.00147395  -0.00167882  -0.0931127  0.113628  -0.180393  
0.000582041  0.00172126  -0.00167882  -0.0922877  0.127992  -0.188788  
0.000126504  0.00144731  -0.00191168  -0.0960638  0.133024  -0.163292  
0.00036595  0.00172126  -0.00167882  -0.0928435  0.108421  -0.224738  
-0.000207055  0.00139562  -0.00183786  -0.0913306  0.135629  -0.181468  
0.000725351  0.00127924  -0.00167882  -0.0922016  0.0926219  -0.188435  
0.000298248  0.00127924  -0.00167882  -0.0975365  0.131263  -0.169818  
0.000925828  0.00127924  -0.00167882  -0.0880327  0.0994166  -0.164522  
0.00181117  0.00127924  -0.00167882  -0.0960592  0.133407  -0.224047  
0.00191091  0.0016012  -0.00167882  -0.0890483  0.135675  -0.241933  
0.00213214  0.00127924  -0.00167882  -0.0837475  0.145725  -0.216003  
0.00252328  0.00127924  -0.00167882  -0.0852794  0.123239  -0.16486  
0.00199997  0.00127924  -0.00167882  -0.0784678  0.154878  -0.193966  
0.00175675  0.00127924  -0.00167882  -0.0784678  0.126426  -0.214668  
0.0015566  0.00122693  -0.00149927  -0.078451  0.148966  -0.23008  
0.00149688  0.00127924  -0.00167882  -0.0784678  0.133153  -0.21183  
0.00159328  0.00127924  -0.00167882  -0.0784678  0.133136  -0.233596  
0.00106174  0.00127924  -0.00167882  -0.0784678  0.150092  -0.185329  
0.00159328  0.00127924  -0.00167882  -0.0784678  0.141361  -0.285633  
0.00026489  0.00151504  -0.0021356  -0.0962294  0.163966  -0.222423  
0.00110121  0.00167113  -0.0021944  -0.0761997  0.163839  -0.294264  
0.000670462  0.00153385  -0.00208285  -0.0839962  0.192565  -0.218217  
0.00160753  0.00147519  -0.00195797  -0.0537129  0.163833  -0.244254  
0.000679293  0.00127924  -0.00183878  -0.0703867  0.181051  -0.201127  
0.00110446  0.00145385  -0.00181012  -0.0664454  0.138987  -0.230573  
0.000974306  0.00127924  -0.00188687  -0.0734817  0.165359  -0.19504  
0.00120278  0.00154826  -0.00187452  -0.0736452  0.135629  -0.243751  
0.000752026  0.00150403  -0.00196212  -0.0864973  0.156901  -0.20514  
0.00129421  0.00179137  -0.00191728  -0.0798704  0.138774  -0.217869  
0.000683241  0.00160582  -0.00194467  -0.0810886  0.169757  -0.1902  
0.00117836  0.00139846  -0.00171671  -0.0761017  0.117986  -0.186819  
0.00123765  0.00127924  -0.00149462  -0.0661618  0.133868  -0.222041  
0.00103716  0.00127924  -0.00173933  -0.0633268  0.132797  -0.20028  
0.00140258  0.00127924  -0.00173933  -0.0665007  0.111636  -0.228251  
0.00115823  0.00127924  -0.00173933  -0.0678274  0.11798  -0.177117  
0.00166458  0.00148206  -0.00153265  -0.0628505  0.106825  -0.219763  
0.0012522  0.00127924  -0.00173933  -0.0694605  0.117975  -0.134053  
0.00174892  0.00135971  -0.00155148  -0.0712304  0.101855  -0.200378  
0.00092406  0.00165931  -0.00173933  -0.0800546  0.12723  -0.148158  
0.00150896  0.00172678  -0.00155582  -0.0697661  0.101859  -0.215707  
0.00106516  0.00127924  -0.00173933  -0.0714892  0.142147  -0.17913  
0.00162648  0.00154619  -0.00145362  -0.0675796  0.0947818  -0.208933  
0.000953835  0.0015393  -0.00127117  -0.0677377  0.131593  -0.152253  
0.00121934  0.00152886  -0.00133983  -0.0619853  0.10502  -0.18794  
0.000656944  0.00127924  -0.00159838  -0.0508442  0.105025  -0.189596  
0.00101794  0.00160146  -0.00148966  -0.0597303  0.10833  -0.164563  
0.00108637  0.001431  -0.00141476  -0.0509813  0.12805  -0.192167  
0.000953228  0.00167319  -0.00137147  -0.0645711  0.136309  -0.162785  
0.00136861  0.00172335  -0.00113705  -0.0695378  0.105027  -0.194497  
0.00046461  0.00165863  -0.00144992  -0.0775601  0.129827  -0.161841  
0.00148147  0.00173087  -0.00117107  -0.068296  0.110574  -0.192951  
0.000776199  0.00175293  -0.00122784  -0.0740502  0.137371  -0.155858  
0.0010936  0.00127924  -0.00125791  -0.0725057  0.113235  -0.165819  
0.00121315  0.00127924  -0.00128079  -0.0719402  0.141261  -0.147027  
0.00126406  0.00146968  -0.00128079  -0.0733158  0.109001  -0.180236  
0.00113273  0.00127924  -0.00140687  -0.0746942  0.141624  -0.153947  
0.00140839  0.00127924  -0.00128079  -0.0762351  0.0963715  -0.174449  
0.00112455  0.00127924  -0.00144326  -0.0823308  0.126625  -0.177985  
0.00127766  0.00134951  -0.00128079  -0.0761304  0.11212  -0.1525  
0.00121432  0.00112822  -0.00128079  -0.0687518  0.114675  -0.179045  
0.00102035  0.000852335  -0.00128079  -0.0567721  0.0990228  -0.146231  
0.00112683  0.00106942  -0.00128079  -0.0618927  0.0864362  -0.151897  
0.000483352  0.00123695  -0.00143029  -0.0717692  0.111484  -0.138328  
0.00079271  0.000852335  -0.00138925  -0.0692204  0.0707877  -0.166754  
0.000674577  0.000852335  -0.00148566  -0.0740391  0.110015  -0.138414  
0.000996622  0.00107985  -0.00151756  -0.0726922  0.0834898  -0.167089  
0.000660236  0.00090578  -0.00147271  -0.0680515  0.0981909  -0.142831  
0.000409337  0.00103356  -0.00136569  -0.0774062  0.0864322  -0.126292  
0.000557027  0.00113984  -0.00128079  -0.0619899  0.111296  -0.199625  
0.000446336  0.00140734  -0.00128079  -0.0702381  0.116587  -0.184955  
0.000522719  0.00138988  -0.00128079  -0.0613913  0.103364  -0.191985  
0.000642198  0.00188662  -0.00128079  -0.0630523  0.128811  -0.208451  
0.000547118  0.00156856  -0.00128079  -0.0657923  0.123035  -0.208087  
0.000295496  0.00169112  -0.00136166  -0.0701323  0.116842  -0.195782  
0.000723519  0.00131059  -0.00128079  -0.062985  0.108732  -0.226587  
0.000238887  0.00161943  -0.00134915  -0.0631363  0.129261  -0.186059  
0.00090619  0.00113545  -0.00119615  -0.0537478  0.116814  -0.212234  
0.000254309  0.00136827  -0.00128079  -0.0576316  0.12735  -0.172648  
0.0010347  0.00114653  -0.00128079  -0.0418665  0.116817  -0.156433  
0.000352498  0.00130914  -0.00138867  -0.0612773  0.129584  -0.159828  
0.000795169  0.00126155  -0.00128079  -0.0474759  0.0871817  -0.152371  
0.000236063  0.0010689  -0.00128079  -0.0543152  0.115619  -0.145596  
0.000824975  0.00103998  -0.00128079  -0.0468883  0.0897963  -0.209015  
0.000107625  0.00113538  -0.00128079  -0.0563448  0.117056  -0.164431  
0.000819175  0.0011258  -0.00128079  -0.0519262  0.0834179  -0.200257  
-4.704e-05  0.000966159  -0.00128079  -0.0555708  0.123837  -0.172874  
0.000626047  0.000852334  -0.00128079  -0.0385869  0.0897689  -0.207461  
0.0004847  0.000852334  -0.00143585  -0.0541594  0.130729  -0.1641  
0.00107003  0.000852334  -0.00128079  -0.0466564  0.0911366  -0.209637  
0.000546525  0.000852334  -0.00128079  -0.052695  0.129221  -0.194807  
0.00048596  0.000969139  -0.00128079  -0.0530451  0.0958718  -0.22015  
0.000571449  0.000852334  -0.00148107  -0.0613249  0.13429  -0.202083  
0.000812042  0.000852334  -0.00128079  -0.0478087  0.0927769  -0.225607  
0.00034996  0.000852334  -0.00128079  -0.0514394  0.145109  -0.1825  
0.00122423  0.000852334  -0.00128079  -0.0496261  0.0953739  -0.207647  
0.000630228  0.000852334  -0.00128079  -0.0584111  0.133997  -0.173826  
0.0011205  0.000852334  -0.00128079  -0.0565614  0.0893735  -0.211648  
0.000893362  0.000852333  -0.00128079  -0.0612842  0.124735  -0.185543  
0.000864466  0.00070354  -0.00128079  -0.061297  0.0937277  -0.205211  
0.00109118  0.000447557  -0.00128079  -0.0537095  0.110354  -0.202864  
0.000752312  0.000447557  -0.00128079  -0.0505578  0.0996686  -0.189611  
0.000792456  0.000626488  -0.00119245  -0.061288  0.0996761  -0.200171  
0.000554718  0.000783542  -0.00128079  -0.0612903  0.0996882  -0.184196  
0.00102184  0.000771289  -0.00128079  -0.061285  0.0996542  -0.211681  
0.000545266  0.000694375  -0.00128079  -0.0612917  0.107961  -0.183428  
0.00107848  0.000574896  -0.00116761  -0.0524189  0.0877629  -0.215869  
0.000469768  0.00088165  -0.00128079  -0.061276  0.12733  -0.180845  
0.00103059  0.000447557  -0.00104449  -0.0345594  0.0849106  -0.250459  
0.000601789  0.000447557  -0.00122897  -0.0544257  0.138096  -0.223186  
0.000983572  0.000447557  -0.00111804  -0.0550785  0.11506  -0.268985  
0.000564782  0.000447557  -0.00119023  -0.061294  0.138072  -0.215179  
0.00125214  0.000397537  -0.00128079  -0.0571067  0.119829  -0.231216  
0.000564782  0.000447556  -0.00128079  -0.0583436  0.1612  -0.194554  
0.00104485  0.000560982  -0.000875254  -0.0612454  0.0994385  -0.19775  
0.000180335  0.000447556  -0.00100697  -0.0612589  0.151001  -0.178792  
0.000555475  0.000744894  -0.000871991  -0.0612008  0.105353  -0.246163  
0.000564389  0.000447557  -0.000969267  -0.0612533  0.146311  -0.209888  
0.000949626  0.000447557  -0.000944763  -0.0612541  0.113358  -0.240496  
0.000455161  0.000447556  -0.00114022  -0.0612859  0.137456  -0.221139  
0.000683387  0.000540868  -0.00110852  -0.0682344  0.124219  -0.198459  
0.000470313  0.000941795  -0.000958998  -0.0750452  0.138122  -0.257892  
0.000424079  0.0010171  -0.000924574  -0.0752684  0.124296  -0.250011  
0.000523207  0.000734841  -0.000785399  -0.0590234  0.136267  -0.253236  
0.000304148  0.00102608  -0.000832602  -0.0611645  0.137849  -0.260951  
0.000192626  0.000637476  -0.000839948  -0.0612307  0.147263  -0.210702  
0.000683312  0.00101129  -0.000754556  -0.0711656  0.124207  -0.239134  
0.000544813  0.000860668  -0.000871505  -0.0656145  0.13685  -0.223458  
0.00103617  0.000838917  -0.000849311  -0.0612319  0.119954  -0.21261  
0.0016266  0.00075131  -0.000755855  -0.0611818  0.160215  -0.372135  
0.00169301  0.000815283  -0.00086176  -0.0772502  0.149713  -0.35997  
0.00149994  0.000580822  -0.00106684  -0.0805799  0.166776  -0.370632  
0.00140734  0.00109458  -0.000837869  -0.0773987  0.160234  -0.39416  
0.00100415  0.000898082  -0.00111264  -0.0775496  0.164757  -0.322767  
0.0017428  0.000879742  -0.000866961  -0.073915  0.152994  -0.357268  
0.00130148  0.000952756  -0.00091256  -0.0774887  0.179085  -0.331779  
0.00170886  0.000952756  -0.000964833  -0.093459  0.160092  -0.381182  
0.000955952  0.00109816  -0.00128079  -0.0958927  0.178281  -0.311101  
0.00165784  0.00153247  -0.00128079  -0.095822  0.144086  -0.356469  
0.00106374  0.000952756  -0.00128079  -0.095915  0.181428  -0.317637  
0.00132067  0.000952756  -0.00104253  -0.0958886  0.130182  -0.379008  
0.00089817  0.000952756  -0.00117393  -0.0959007  0.177147  -0.317442  
0.00122712  0.000952756  -0.000941107  -0.0865661  0.139679  -0.391349  
0.000890399  0.000601558  -0.00128079  -0.0886934  0.183553  -0.317954  
0.00150281  0.000952756  -0.00128079  -0.095915  0.163688  -0.419999  
0.000863456  0.000570871  -0.00128079  -0.0809598  0.195925  -0.368387  
0.00126422  0.000462278  -0.00128079  -0.0835928  0.164084  -0.393738  
0.00129868  0.000646325  -0.00111653  -0.0898841  0.195841  -0.380826  
0.00162033  0.000462278  -0.00128079  -0.0835696  0.176567  -0.362802  
0.00177462  0.000317568  -0.00128079  -0.0817121  0.177637  -0.385007  
0.00156423  0.000462278  -0.00128079  -0.0717665  0.181821  -0.353978  
0.00156423  3.74277e-05  -0.000721922  -0.0556172  0.154949  -0.382543  
0.00122754  -0.000158369  -0.000997446  -0.055706  0.165347  -0.358872  
0.0015655  1.19206e-05  -0.000963823  -0.0556679  0.154938  -0.401174  
0.00109085  6.59124e-05  -0.00104051  -0.0618965  0.19798  -0.35024  
0.00159578  1.19206e-05  -0.000864518  -0.055667  0.14275  -0.391533  
0.00115031  1.19206e-05  -0.000996289  -0.0626636  0.184548  -0.375512  
0.00184853  -0.000155604  -0.000790917  -0.0556922  0.156424  -0.406729  
0.00122705  1.19206e-05  -0.000944281  -0.0556904  0.181929  -0.36979  
0.00171764  1.19206e-05  -0.00110517  -0.0701576  0.17278  -0.357598  
0.0010896  1.19206e-05  -0.000906752  -0.0726537  0.136449  -0.409197  
0.000878982  8.6202e-05  -0.000896408  -0.0726258  0.1773  -0.35877  
0.00116417  1.19206e-05  -0.000791323  -0.0575856  0.138713  -0.413947  
0.00110607  1.19206e-05  -0.000983393  -0.0626448  0.170492  -0.390176  
0.000997971  1.19206e-05  -0.00128079  -0.0727009  0.170487  -0.367454  
0.00129288  -0.000158369  -0.000956848  -0.0524942  0.170464  -0.399216  
0.00129288  -0.000162237  -0.000907674  -0.0505495  0.170466  -0.357146  
0.0015553  -0.000152283  -0.000728833  -0.0516952  0.127001  -0.384468  
0.000803789  1.19206e-05  -0.000859952  -0.0489801  0.167969  -0.348641  
0.00179419  -0.000401181  -0.000621039  -0.0414735  0.139202  -0.390725  
0.000965291  -0.000431491  -0.00110096  -0.0516967  0.174874  -0.347157  
0.00147739  -0.000269417  -0.000786013  -0.0464841  0.109848  -0.416049  
0.00110666  -0.000431491  -0.0010099  -0.0571113  0.183793  -0.368026  
0.00266718  -6.57717e-05  -0.000670987  -0.0542452  0.160034  -0.424922  
0.0016707  -0.000228223  -0.000917524  -0.0521548  0.177828  -0.379714  
0.00257922  -1.62129e-05  -0.00061115  -0.043232  0.160041  -0.410238  
0.00170918  9.23269e-05  -0.00098265  -0.0545177  0.19168  -0.379102  
0.00278915  9.23269e-05  -0.000695353  -0.0494445  0.130071  -0.394897  
0.0015635  9.23269e-05  -0.000644314  -0.0528466  0.172463  -0.336515  
0.00183127  0.000670263  -0.000447243  -0.0694222  0.154862  -0.419893  
