-0.00412086  0.000358836  -0.000841433  -0.0610864  -0.0253386  0.250178  
-0.00431556  0.00022569  -0.0007938  -0.0565941  -0.0227965  0.251325  
-0.00445489  0.000193333  -0.00079816  -0.0530636  -0.019094  0.248412  
-0.00462478  -1.48157e-23  -0.000959481  -0.051258  -0.0200966  0.251384  
-0.00456197  6.53217e-22  -0.000753108  -0.0488629  -0.030432  0.249681  
-0.00463353  -0  -0.000991254  -0.0458872  -0.0293531  0.249648  
-0.00475955  -0  -0.000903504  -0.0378752  -0.0325521  0.250405  
-0.00469848  -0.000309537  -0.000832489  -0.0414898  -0.0197699  0.249719  
-0.00468538  -4.05508e-05  -0.000722855  -0.0443906  -0.0251539  0.251009  
-0.00462742  -0.000223786  -0.000935532  -0.044616  -0.0177368  0.240829  
-0.00468858  -0.000271283  -0.000894312  -0.0363254  -0.0215888  0.244912  
-0.00453643  -0.000159543  -0.000928613  -0.0388033  -0.02702  0.245979  
-0.00465368  -0.000149703  -0.000870276  -0.0454135  -0.0150933  0.241434  
-0.00528861  -0.000221872  -0.000767464  -0.0364174  -0.0240425  0.234786  
-0.00543574  -0.000727934  -0.000284051  -0.0306943  -0.0378258  0.225019  
-0.00570311  -0.00067416  -0.000243441  -0.0283832  -0.0320029  0.231737  
-0.00576645  -0.000559085  -0.000392189  -0.0242211  -0.0361455  0.251405  
-0.00575446  -0.000788053  -0.000564194  -0.0226095  -0.0470189  0.270483  
-0.00592704  -0.00111414  -0.000315869  -0.0146697  -0.043774  0.273834  
-0.005917  -0.00117677  -0.000224434  -0.00841662  -0.0441986  0.271565  
-0.00613067  -0.00105528  -0.000219319  -0.0149219  -0.0396131  0.268306  
-0.00590121  -0.00111414  -5.12498e-05  -0.0151128  -0.0413284  0.275087  
-0.00601978  -0.00111414  -5.12498e-05  -0.0121005  -0.0438439  0.280212  
-0.00614098  -0.00106326  -0.000207657  -0.0159665  -0.0364216  0.274733  
-0.00607926  -0.00123864  -0.000222438  -0.0189017  -0.0465215  0.279642  
-0.00594553  -0.00103639  -0.000271228  -0.0271719  -0.0555378  0.282633  
-0.00612771  -0.00111414  -0.000218237  -0.019367  -0.0460693  0.277223  
-0.00607085  -0.00102349  -0.000239715  -0.0225204  -0.0464653  0.284342  
-0.00610597  -0.000864144  -0.000395424  -0.0229433  -0.0488588  0.278289  
-0.00609444  -0.00118347  -5.12498e-05  -0.0167666  -0.0463829  0.276981  
-0.00594086  -0.000864144  -0.000176588  -0.0152391  -0.0500948  0.28276  
-0.00601894  -0.000864144  -0.000459159  -0.0181275  -0.0410544  0.279589  
-0.00620718  -0.000864144  -0.000335729  -0.0168916  -0.0545361  0.282721  
-0.00603983  -0.000864144  -0.000169934  -0.0163219  -0.0478149  0.277827  
-0.00598155  -0.00102199  -0.000190804  -0.00896981  -0.0500527  0.285423  
-0.00604324  -0.00102866  -0.000176885  -0.0147779  -0.0500983  0.280261  
-0.00619245  -0.0010116  -0.000183748  -0.0117652  -0.0425323  0.2747  
-0.00598247  -0.000864145  -5.12498e-05  -0.0125722  -0.0385351  0.269959  
-0.00533296  -0.000910842  -0.000349603  -0.020081  -0.00736852  0.196983  
-0.00523709  -0.000672013  0.000497169  -0.00726583  -0.0610509  0.221829  
-0.00502486  -0.000242289  -7.03562e-05  -0.0302047  -0.0301329  0.212266  
-0.00353412  -0.000141342  -0.00117103  -0.0417383  -0.0149905  0.150375  
-0.00266634  -0.000354517  -0.00110074  -0.0366504  0.0265506  0.172718  
-0.00423663  -0.000881295  -0.000873392  -0.0210333  -0.0209425  0.166518  
-0.0032465  -0.000542931  -0.0011154  -0.0248567  0.00140139  0.208846  
-0.00202812  -0.000242289  -0.00106235  -0.0367372  0.0108188  0.211438  
-0.000963057  -0.000484651  -0.0012182  -0.0398367  0.0761328  0.16008  
-0.00169038  -0.000242289  -0.00114344  -0.0309402  0.00821855  0.164865  
0.000538576  8.61201e-05  -0.00106439  -0.00287091  0.108967  0.223848  
-0.000484763  -0.000100219  -0.000760712  0.0239332  0.0612542  0.235243  
-0.00092273  8.74039e-05  -0.0011089  0.00537209  0.0154102  0.215151  
0.000134844  0.000288341  -0.00140531  -0.00881373  0.0488328  0.117561  
-0.00350395  -0.000324538  -0.000968821  -0.00869952  -0.0787383  0.0438552  
-0.00289783  -0.00120823  -0.000635719  -0.0086672  -0.0165126  0.0169694  
-0.000999004  -0.00122135  -0.00138922  -0.0213497  0.0545981  -0.00531985  
-0.000119692  0.000166712  -0.00106244  -0.0369484  0.0416571  -0.0859979  
-0.00336445  0.000329221  -0.00115506  -0.0497416  -0.0357791  -0.0778037  
-0.00372489  0.000543569  -0.000725836  -0.0471633  -0.00214633  -0.0338252  
-0.0034708  -0.000392598  -0.000792911  -0.019976  -0.0288266  -0.058197  
-0.00448118  -0.00062267  -0.000203107  -0.0216384  -0.0426966  -0.0527509  
-0.00244891  0.000132515  -0.00067268  -0.041672  -0.00768007  -0.164845  
-0.00230905  -0.000626872  -0.000881946  -0.0305922  -0.0614317  -0.178744  
-0.00290548  -0.000246724  -0.00103651  -0.0293992  -0.0428276  -0.122082  
-0.00139959  -0.00117629  -0.00139309  -0.00391525  0.010682  -0.0792468  
-0.00257705  -0.000855257  -0.000984812  -0.024952  -0.0189696  -0.0825289  
-0.00286344  -0.000816125  -0.000746421  -0.0116062  -0.02671  -0.0877352  
-0.00216919  -0.000409979  -0.000637908  -0.011579  0.0116011  -0.0853288  
-0.00182981  -0.000850271  -0.000564052  -0.0139467  -0.0260597  -0.0868674  
-0.00268384  0.000919689  -0.00042975  -0.0532802  0.00669565  -0.0581589  
-0.00346102  0.000300196  -0.000676273  -0.03687  -0.0299761  -0.0724907  
-0.00267962  2.86458e-05  -0.00119046  -0.0320685  0.00719987  -0.0790104  
-0.00332724  -5.10985e-06  -0.000898944  -0.027262  -0.0373852  -0.0790484  
-0.00290156  0.000528877  -0.000725267  -0.037018  -0.0366854  -0.0630027  
-0.00245213  0.000784455  -0.00104741  -0.0375661  -0.00718494  -0.0759158  
-0.00185469  8.73944e-05  -0.00166571  -0.0511472  0.0218435  -0.0601101  
-0.000419874  0.00138048  -0.00176229  -0.055934  0.0204833  -0.0607979  
-0.00189795  0.000869508  -0.00169482  -0.0543175  -0.00406561  -0.0162333  
-0.0020377  0.000936769  -0.00164621  -0.0473066  0.0296737  0.0137192  
-0.00238123  0.00108813  -0.00142281  -0.0403624  -0.00891156  0.036411  
-0.00138157  0.00114219  -0.0017636  -0.0449926  0.031479  0.0611627  
-0.00216179  0.0006102  -0.00171721  -0.0310027  -0.00640063  0.0502837  
-0.00248514  -0.000565898  -0.000710118  0.00713441  -0.0227847  0.0520394  
-0.0031073  -0.00130436  -0.000827856  0.0457062  -0.0278271  0.076375  
-0.00428352  -0.000951482  -0.00134424  0.00780108  -0.0444118  -0.0176234  
-0.00381557  -9.51259e-07  -0.0010968  -0.00581732  -0.00799844  0.0283592  
-0.00220137  0.000257598  -0.00114231  -0.0132284  -0.00764833  0.0126499  
-0.00238867  0.000498494  -0.000995728  -0.0129464  -0.0241016  -0.0149799  
-0.000699977  0.00124628  -0.00107953  -0.0358488  0.0560191  0.0106659  
-0.0014781  0.000728525  -0.00134972  -0.0345744  0.0152886  0.00552818  
-0.0024006  0.0020171  -0.000986742  -0.0418147  -0.0379164  0.0135115  
-0.00200229  0.00176694  -0.000763582  -0.0334067  -0.00861481  0.0327143  
-0.0013615  0.00122874  -0.000791833  -0.0347079  0.0255548  0.019987  
-0.00329584  0.000631199  -0.000678195  -0.0212187  -0.0431031  -0.00730498  
-0.00206313  9.52212e-06  -0.00134868  -0.0212009  0.0172649  0.00261548  
-0.00233141  0.000324821  -0.0011812  -0.0233958  -0.00817582  0.0420874  
-0.00239081  0.000840944  -0.000825299  -0.0238155  -0.0256939  0.0195282  
-0.00272366  0.000833012  -0.000986506  -0.0210704  0.00362744  0.0434798  
-0.00333585  0.000970237  -0.000880576  0.00303761  -0.0256754  0.107735  
-0.00372816  0.00154211  -0.000697471  -0.00945198  -0.0334062  0.0848652  
-0.00310936  0.00186712  -0.000983596  -0.0234348  -0.0481788  0.0564517  
-0.00389071  0.00170203  -0.00104342  -0.00764472  -0.0605272  0.0776996  
-0.00439094  0.00121122  -0.00088572  0.00336742  -0.0179558  0.0964591  
-0.00463787  0.00156805  -0.000517961  -0.00780173  -0.0612317  0.121409  
-0.00430752  0.00183005  3.20223e-05  0.0231801  -0.0152972  0.136766  
-0.00388002  0.00134748  -0.00109645  0.0014322  -0.00393462  0.121592  
-0.00337896  0.00119799  -0.00164799  -0.00211573  -0.0424028  0.0642731  
-0.00343952  0.000532225  -0.00213132  -0.0252384  -0.00789245  0.058311  
-0.00368766  0.00100989  -0.00116522  0.00810185  -0.0583295  0.064745  
-0.00519451  3.8591e-05  -0.00118452  0.0141233  -0.0480213  0.0612889  
-0.00528604  -0.000250906  -0.00108391  0.0165142  -0.076792  0.0541281  
-0.00342522  0.000479496  -0.000763023  -0.00188903  -0.032671  0.0340897  
-0.00272471  -0.000104359  -0.00065577  0.00335629  -0.0178919  -0.0139909  
-0.00414956  0.000955921  -0.000959678  -0.0247567  -0.0348878  -0.00329273  
-0.00426565  0.00102312  -0.000492652  -0.0135942  -0.0440894  0.0104732  
-0.003612  -0.000668295  -0.000619334  0.026311  -0.0404027  0.0281465  
-0.00385177  -0.000317269  -0.000555062  0.0202013  -0.0173007  -0.0234122  
-0.00390951  -8.59711e-05  -0.000281998  0.0189935  -0.0593261  -0.0456423  
-0.00381049  -0.000113015  -0.00146449  -0.00657416  0.00203466  -0.0142963  
-0.00403136  -0.000444211  -0.000720481  0.00855148  -0.0689384  -0.0162109  
-0.0046091  0.000646273  -0.00120055  -0.0245751  -0.038855  -0.0217246  
-0.00318887  0.000173542  -0.0015389  -0.0256069  -0.0633033  -0.054371  
-0.00277901  -9.19914e-05  -0.00152257  -0.0130183  -7.35043e-05  -0.0420184  
-0.00303205  -0.000282117  -0.0011712  -0.00995706  -0.0417121  -0.0402036  
-0.00278122  0.000293131  -0.0011352  -0.0148426  -0.0169459  -0.0241335  
-0.00309981  0.000616308  -0.000901116  -0.0258277  -0.0432278  -0.0328828  
-0.00267579  -0.00027804  -0.000936742  -0.0100664  -0.0147773  -0.0664318  
-0.000375596  0.000779548  -0.000978787  -0.0323968  0.039162  -0.0953573  
-1.60873e-05  0.000366053  -0.00127284  -0.0321297  0.0475711  -0.0807697  
-0.00211766  0.00105951  -0.000924808  -0.0331774  -0.0115911  -0.018288  
-0.00242637  0.000842146  -0.00111969  -0.0361023  -0.037804  -0.0489003  
-0.00203066  0.00208606  -0.00095309  -0.0509875  0.00600302  -0.0491475  
-0.000800168  0.00147468  -0.00163859  -0.0462798  0.0545852  -0.0195024  
0.000392535  0.000294947  -0.00181832  -0.0280218  0.0282124  -0.04411  
-0.00178546  0.00126305  -0.00128503  -0.0333675  -0.0260882  -0.0340122  
-0.000254213  0.00162507  -0.00154147  -0.0335427  0.0483187  0.0112929  
-0.00127304  0.00130981  -0.00174405  -0.0314127  -0.0114682  -0.0067252  
-0.00183533  0.000244576  -0.00134197  -0.0201405  0.000243178  -0.0241281  
0.000922485  0.00091525  -0.00119551  -0.0180993  0.0542274  -0.0349064  
0.000257693  0.00178721  -0.00102347  -0.0159306  0.00237898  0.00467441  
-0.000492325  0.00197772  -0.000647603  -0.0151941  0.0294126  -0.00448727  
-0.00270698  0.000690294  -0.000626954  0.00641738  -0.0379044  0.00585266  
-0.00205789  0.000114728  -5.56232e-05  0.038405  -0.0185047  0.0138874  
-0.00229261  -0.000618781  -0.000201596  0.0439479  -0.00319683  0.014179  
-0.000760104  -0.000271843  -0.00137291  0.0142274  0.0474973  0.0653301  
-0.0004135  -0.000424269  -0.00127062  0.0248475  -0.00367156  0.0858756  
-0.000300425  -0.000354835  -0.00134745  0.0218167  0.00253431  0.077075  
-0.00191601  -0.000202298  -0.000177643  0.0489596  -0.0108869  0.0530846  
-0.00181188  -0.000565747  -9.46686e-05  0.0579153  0.00344452  0.105001  
-0.00217428  -0.000251938  -0.000162479  0.0315188  -0.0248894  0.0223297  
-0.00188796  -0.000116033  -0.00129362  -0.00893187  9.83999e-05  -0.0254666  
-0.00274431  7.34552e-05  -0.000949095  -0.0011642  -0.0250578  0.0139619  
-0.00169227  6.769e-05  -0.000945371  -0.00448649  -0.00728467  -0.00693894  
-0.00122913  0.000747783  -0.00125983  -0.020396  0.00516175  -0.00235604  
-0.00172042  -0.000489676  -0.00133536  -0.000859247  -0.0067501  -0.00720291  
-0.00204501  -0.000166139  -0.00102555  0.00204863  -0.00533896  -0.0736751  
-0.00219023  0.00106194  -0.00125542  -0.0331309  -0.0133233  -0.0588548  
-0.00189597  0.000622814  -0.000976407  -0.0146986  -0.0341583  -0.0962663  
-0.00216981  -0.000865972  -0.00117202  0.000734822  0.00725689  -0.0781973  
-0.000527511  -0.000137651  -0.00157465  -0.0156453  0.0373832  -0.117717  
-0.00328405  0.000314501  -0.00113528  -0.0216757  -0.0142844  -0.0428821  
-0.00270284  -0.000397779  -0.00125164  -0.0101486  -0.0192648  -0.0866623  
-0.00214732  -0.000555471  -0.00163701  -0.00393395  0.00716609  -0.00717341  
-0.000813066  3.91348e-05  -0.00199636  -0.0233067  0.0273159  -0.0459805  
0.0019082  -0.000191583  -0.00149634  -0.0109785  0.0466436  -0.078678  
-0.00140585  -0.00108279  -0.00096821  0.0227775  0.00250573  0.0208221  
-0.000921366  -0.00137651  -0.00133086  0.0114671  0.0581824  -0.0138549  
-0.00174938  0.00118602  -0.000631799  -0.0259066  0.00473404  -0.0556622  
-0.00218429  0.000796399  -0.00121199  -0.0290881  -4.30195e-05  -0.0161369  
-0.00160724  0.0010599  -0.00143096  -0.0245879  0.0285247  0.0396252  
-0.0020846  -0.000455858  -0.00128507  0.00358725  -0.0225507  0.0244091  
-0.00221279  -0.000820433  -0.000941349  0.00673742  0.00910417  0.0281305  
-0.00253769  0.000810826  -0.00101771  -0.0124101  -0.00383736  0.0244555  
-0.00200873  0.000476949  -0.00130371  -0.00590501  0.0152305  0.0358139  
-0.00131035  0.000548363  -0.00147245  -0.0103133  0.0173035  0.0744864  
-0.00231299  0.000792142  -0.00115787  -0.00440517  -0.0219069  0.0728529  
-0.00273812  0.000832511  -0.00131706  0.0049214  0.00699286  0.0861209  
-0.0017138  0.000438698  -0.00185901  -0.0117468  0.00943969  0.0873412  
-0.00214856  0.000704581  -0.0016629  -0.0215299  -0.0250565  0.0406263  
-0.00166997  0.00120157  -0.00173639  -0.0212086  0.0137718  0.089649  
-0.00284536  0.000812354  -0.00132316  -0.00514338  -0.0031705  0.0287922  
-0.00256385  -1.13482e-05  -0.00148826  -0.00580704  -0.0201254  0.0465458  
-0.00327087  0.00021362  -0.0015045  0.00433487  -0.039045  0.104754  
-0.0029285  -1.13482e-05  -0.0015227  -0.00824838  0.0131636  0.0408763  
-0.00233894  0.000710198  -0.00167069  -0.0319452  -0.014911  -0.00909362  
-0.00250547  0.0011183  -0.00159216  -0.0389867  0.0106228  0.0273457  
-0.00250012  0.00114612  -0.00179353  -0.0487037  0.0107629  0.0704076  
-0.00313121  0.00111032  -0.00125113  -0.0474273  -0.0329251  0.033815  
-0.00258544  0.000506581  -0.00151688  -0.0313051  0.0235054  0.0644419  
-0.00273612  -0.000175253  -0.00197197  -0.0180708  -0.0204669  0.0125443  
-0.00354098  -0.000175253  -0.00142595  -0.00783371  -0.0439212  0.0295104  
-0.00296431  -0.000175253  -0.00126263  -0.00872484  0.00653958  0.0122513  
-0.00325878  0.000595333  -0.00101021  -0.00903526  -0.0580564  0.000698238  
-0.00240054  0.000435926  -0.00134473  -0.0230309  -0.00520644  -0.0134302  
-0.00316469  0.000952936  -0.000921472  -0.027376  -0.0268179  -0.0159261  
0.000505667  0.000902295  -0.000113903  -0.0561581  0.0585483  -0.19628  
-0.0015208  0.000684762  -0.00106183  -0.0458561  0.0104034  -0.137191  
0.000565415  -5.77573e-05  -0.00111616  -0.0271029  0.0469653  -0.198379  
-1.09141e-05  7.38551e-05  -0.00145175  -0.0271873  0.045002  -0.145511  
-0.00224214  0.000201207  -0.00125608  -0.0355583  0.0098266  -0.0503157  
-0.00178895  -0.000729148  -0.00139948  -0.0140977  -0.0200058  -0.0325532  
-0.00168273  -0.000995996  -0.00131811  0.00973465  -0.00681981  0.0523072  
-0.004124  -0.00136607  -0.000441839  0.0358101  -0.0478177  0.0938355  
-0.00396846  -0.000836777  0.000558758  0.0463376  -0.0209665  0.1297  
-0.00120251  -0.000252353  -7.35511e-05  0.02909  -0.00461283  0.112964  
-0.00176795  -0.000476101  -0.000998665  0.0162257  -0.0196049  0.121698  
-0.0018442  0.000179307  -0.00112159  -0.00801274  0.0173365  0.0518784  
-0.00144009  0.000242199  -0.00133455  -0.0105255  0.00827662  0.0953507  
-0.000933046  5.39215e-05  -0.00092209  0.00924437  -0.0102795  0.0998207  
0.00223358  -0.0010077  -0.00141914  0.0173666  0.0914478  -0.00943428  
0.00167116  -0.00130154  -0.000892706  0.0299087  0.01412  -0.0219271  
0.0015709  -0.000493682  -0.00119463  0.0153919  0.0555823  0.0229928  
0.00108514  0.000312272  -0.000248819  0.0339684  0.00895405  0.033831  
0.00026388  0.00112419  -0.00247936  -0.0510509  0.0241828  -0.166796  
-0.00240609  0.000874013  -0.00206738  -0.0147015  -0.0345271  0.13437  
9.98493e-05  0.000312272  -0.00180505  0.0112469  0.0558228  0.160552  
-0.00149729  0.000619191  -0.00157019  0.0215511  -0.015881  0.181026  
-0.000302412  9.0048e-05  -0.00146338  0.0233076  0.0281493  0.106142  
-0.00170418  0.000312273  -0.000644338  0.0389384  -0.0151435  0.09371  
-0.00186395  0.000214155  -0.000690944  0.0360682  -0.0257244  0.0953931  
-0.00444932  -4.09838e-05  -0.000521269  0.0502596  -0.0462613  0.0800821  
-0.00246788  -0.000330993  -0.00121773  0.033645  -0.0229382  0.0277519  
-0.00327198  -0.000403258  -0.000708947  0.0420576  -0.0341537  0.0427679  
-0.00202249  -0.000809546  -0.00101629  0.0384643  0.00505467  0.060597  
-0.00168327  -0.000678073  -0.000717058  0.0448879  0.0315526  0.0681009  
-0.000882485  -0.00113979  -0.0011612  0.0405049  0.00159763  0.0132464  
0.00141533  -0.000875481  -0.000314852  0.0516344  0.0206224  -0.0178557  
0.00302371  -0.00036216  0.000206446  0.0513319  0.0560938  0.00254834  
0.00181992  -0.000487374  -0.000212827  0.0463486  0.088508  0.0997038  
-0.00102163  -0.00123704  0.00040418  0.0782141  0.0144026  0.115575  
0.00084871  -0.00108558  8.75534e-05  0.0607819  0.0135561  0.0971239  
0.000702097  -0.000503392  -2.00018e-05  0.0515637  0.0841088  0.1657  
-0.00043669  -0.0009775  -0.000674844  0.037432  0.0588379  0.143963  
-0.000117105  -0.000691321  -0.00059172  0.0321269  0.0556741  0.167282  
-0.000367105  -0.000633643  -0.00100636  0.0218683  0.0206258  0.166902  
-0.00802304  0.000108211  -0.00142328  -0.0346867  -0.172089  -0.0781946  
-0.00567756  -0.00147296  -0.000985049  0.000628428  -0.0744042  0.0295073  
-0.00318782  -0.00200379  -0.00119416  0.0277434  -0.0185516  0.0822454  
-0.00280483  -0.00228807  -1.92117e-05  0.0491405  -0.0421114  0.0113296  
-0.00261062  -0.00116235  -0.00059118  0.0237162  -0.0415464  -0.114396  
-0.00332108  -0.001598  -0.000892055  0.0249177  -0.0318482  -0.0737277  
-0.001952  -0.00242421  -0.000688992  0.0441864  0.00743762  -0.00814229  
-0.00150888  -0.00226088  -0.000564788  0.0440819  0.017813  2.84114e-05  
-0.00204402  -0.00209627  -0.000124897  0.0419359  -0.00696856  -0.00398589  
0.000374139  -0.00266192  0.000205189  0.0630016  0.0445691  -0.0191176  
-0.00146311  -0.00218429  0.00110392  0.0923805  -0.04002  0.000539941  
0.000607266  -0.00198786  0.000285604  0.0605816  0.0309521  -0.0468538  
-0.00302074  -0.00186782  0.000460926  0.066106  -0.0435637  0.027388  
-6.84905e-05  -0.00242027  -0.000228173  0.0455201  0.0387766  -0.0314489  
-0.00216369  -0.00221773  0.00013009  0.06301  -0.00857573  -0.00635687  
-0.000694869  -0.00297596  0.00016303  0.0686445  0.0235658  -0.0383427  
0.000168616  -0.00273453  0.000554851  0.0728023  0.044423  -0.0378962  
-0.00168273  -0.00159741  0.000647899  0.0654886  -0.0136041  -0.0482698  
5.45346e-05  -0.00142708  2.0668e-05  0.0391139  0.0549114  -0.0769518  
0.00135919  -0.00194183  -7.13826e-05  0.0489476  0.0496454  -0.091112  
0.000883607  -0.00156222  0.000705727  0.0534172  -0.0110233  -0.122703  
0.000937113  -0.00200776  0.00144617  0.0731903  0.0301716  -0.092747  
0.00136397  -0.00238246  0.00127211  0.093795  0.0587782  -0.0418306  
-0.00133033  -0.00263378  0.000595897  0.091924  -0.0240948  0.0679039  
0.00237664  -0.00233945  0.000108054  0.0898459  0.0610756  0.0451317  
-0.000954319  -0.00317186  0.00156145  0.117853  -0.0277357  0.0490743  
-0.00411481  -0.003382  0.00111708  0.0955734  -0.0576881  -0.0109828  
-0.0022698  -0.00187523  6.869e-05  0.0562442  0.0117166  0.0504197  
0.00170527  -0.00182931  -0.000824035  0.023936  0.0395924  0.0133951  
-0.00120143  -0.000756358  -0.000599452  0.0285595  -0.00350864  0.0200069  
0.00107466  -0.00161577  -0.000684005  0.0275385  0.0371415  -0.00608701  
-0.000827509  -0.00205883  -0.000188282  0.032069  -0.0229542  -0.0379506  
-0.00229256  -0.00188866  0.000646368  0.0523744  -0.0215667  -0.0125002  
-0.0004055  -0.000772081  0.000103703  0.0203375  0.0401761  -0.144043  
-0.000593759  -0.00162879  -0.000366948  0.0324915  0.0674916  -0.0243171  
0.00215153  -0.00113396  -0.000294018  0.00767807  0.0144926  -0.0899918  
0.00217723  -0.00110536  -0.00121282  0.0204584  0.0433366  -0.088559  
0.000851893  -0.00132842  -0.000389103  0.0389797  -0.00446138  -0.131066  
0.0011576  -0.00251787  0.000172246  0.048809  -0.0069494  -0.0786739  
0.00329599  -0.00302197  0.000422246  0.0555449  0.0632458  -0.064943  
0.00215238  -0.00264541  0.000543694  0.062606  0.0277604  -0.0385365  
0.00222346  -0.00267216  0.000376366  0.0766858  0.0453135  0.00846861  
0.00164322  -0.00245494  0.000327335  0.0644883  0.0768769  -0.0393934  
0.00288157  -0.00210316  0.000492622  0.0559978  0.0691038  -0.0798257  
0.002003  -0.00243334  0.000900027  0.0756126  0.0510689  -0.0432884  
0.00129517  -0.00271841  0.00103984  0.0760622  0.045231  -0.0291439  
-0.0019797  -0.00203435  0.00139652  0.0890112  -0.0285314  0.00431103  
0.0021925  -0.00188533  0.00110676  0.0785953  0.0648573  -0.0219093  
0.00435396  -0.00179639  0.000889573  0.0633577  0.0438999  -0.0860446  
0.00285184  -0.0026213  0.000981308  0.0805718  0.0677958  -0.0422804  
-0.000196777  -0.00243325  0.00143876  0.0783282  0.00280661  -0.00292658  
-0.00224407  -0.00168683  0.000735358  0.079379  -0.0356887  0.0541175  
-0.00233891  -0.00122425  0.00146275  0.0814958  0.00249439  0.0746761  
-0.00291466  -0.00108932  0.0017406  0.0952925  -0.0148848  0.0883247  
-0.00263362  -0.000480244  0.00181232  0.0966027  -0.017019  0.14181  
-0.00145958  -0.000587689  0.00183212  0.0999243  -0.0379598  0.12197  
-0.000536503  -0.00056755  0.00146327  0.0908994  0.0125479  0.172849  
-0.00269176  -0.000702998  0.00145034  0.0858649  -0.0473736  0.119564  
-0.0042243  -0.00093649  0.00178607  0.103624  -0.0719051  0.128327  
-0.00400549  -0.00136939  0.00199531  0.113319  -0.0526496  0.112167  
-0.00283766  -0.0017626  0.00122492  0.111564  -0.0406001  0.0970529  
-0.00498709  -0.0023236  0.00213368  0.128251  -0.0745601  0.15282  
-0.00340493  -0.00157011  0.00187526  0.116353  -0.0175638  0.124793  
-0.00385306  -0.0010427  0.002115  0.102616  -0.0617266  0.101903  
-0.00440907  -0.00125188  0.00209672  0.103586  -0.0762083  0.0930226  
-0.00518687  -0.000791867  0.00211776  0.132449  -0.11058  0.134374  
-0.0018517  -0.00458512  0.00299587  0.198604  -0.0382928  0.0821067  
-0.00368592  -0.00360663  0.00218693  0.166216  -0.0808434  0.0968425  
-0.00475968  -0.00266979  0.00153837  0.123795  -0.0789284  0.0542865  
-0.00355375  -0.00200963  0.00125052  0.11087  -0.0660698  0.0787384  
-0.00369585  -0.00140837  0.00108196  0.0877873  -0.0516704  0.0108363  
-0.0018204  -0.00209572  0.00121351  0.0936388  -0.0696036  0.00568058  
-0.00241759  -0.00228632  0.00179053  0.0963653  -0.0231704  0.0682549  
-0.00455841  -0.00123352  0.000752926  0.0956447  -0.0800979  0.0219982  
-0.00725206  -0.00174223  0.00143231  0.130195  -0.12683  0.1873  
-0.00790907  -0.00158815  0.00180297  0.126906  -0.104281  0.136424  
-0.00754452  -0.00163786  0.0017049  0.117956  -0.137473  0.0869128  
-0.00645898  -0.00124498  0.00109083  0.0850265  -0.117699  -0.00804331  
-0.00446623  -0.000728659  -0.000225329  0.0561138  -0.0970808  -0.0366222  
-0.00473901  -0.000364004  -0.000225329  0.0560983  -0.00269696  0.13945  
-0.00354665  -0.000262798  -0.000390288  0.0451621  -0.00716808  0.0980744  
-0.00279507  -0.000498377  -7.35567e-05  0.0424938  -0.0328797  0.070369  
-0.00372747  -0.000171898  0.000463681  0.06824  -0.0436433  0.0314525  
-0.00295435  0.000386847  0.00145374  0.0338679  -0.0563709  -0.00762301  
0.000498594  -0.000346159  0.000905641  0.0475755  -0.0276243  -0.102085  
-0.00249225  -0.00048834  -0.000112303  0.0457121  -0.0646723  -0.0129958  
-0.00357478  0.000148012  0.000156177  0.0376323  -0.0559786  0.0266619  
-0.00383233  -3.58209e-05  0.000263835  0.0516017  -0.0752269  0.0190591  
-0.00503631  0.000482836  0.00125659  0.0567966  -0.0775592  0.0087629  
-0.00410932  6.66947e-05  0.00033316  0.0500018  -0.0448553  0.0391983  
-0.00416815  0.00077198  0.000798123  0.0354485  -0.0698815  -0.0167577  
-0.00354649  0.0011141  -0.000359018  0.00388476  -0.00783119  0.00851988  
-0.00131702  0.000945199  -5.79885e-05  0.00819462  -0.00537679  0.0408171  
0.00236851  0.000822347  -0.00100909  -0.00683868  0.0769229  0.0210897  
0.0022681  0.0012488  -0.00068347  -0.0077371  0.0108005  -0.0129251  
-7.3661e-05  0.00133405  -0.00029311  -0.00218412  0.0346095  0.066132  
-0.000165289  0.000330218  0.000816693  0.00762015  0.0244505  0.0956795  
0.00302802  0.00140263  -0.000974535  -0.0161185  0.0822025  0.0338232  
0.00432612  0.00159684  -0.000462034  -0.0114559  0.073223  -0.003702  
0.00508271  0.00162487  0.000131163  -0.00544108  0.0770869  0.00403176  
0.00371937  0.00146058  0.000568119  0.00870792  0.0592285  0.00801414  
0.00330588  0.00145459  0.000648222  0.00860508  0.072156  -0.0432689  
0.00274175  0.00151659  0.000398222  -0.00306921  0.0555716  -0.00419588  
0.00152503  0.00142463  0.000739574  0.0179258  0.0327132  -0.00120066  
0.00260274  0.00121397  0.000281563  0.0122515  0.0763832  -0.0261741  
0.00268797  0.000905124  -0.0002168  0.0074199  0.0719278  -0.0264179  
0.00226787  0.00095713  -7.9043e-05  0.0228854  0.0478859  -0.00652392  
0.00214884  0.00109274  -7.14206e-05  0.0119567  0.0197176  -0.0198429  
0.00359356  -7.22199e-05  -0.000625121  0.0152235  0.082851  0.00918851  
0.00462564  -0.000123825  -0.000618636  0.0353651  0.106499  -0.00158319  
0.0024497  -0.000355777  -0.000647544  0.0307814  0.00800928  -0.0787923  
0.0019906  6.0461e-05  -0.000666671  0.0198981  0.0429126  -0.0276563  
0.00282438  0.00107148  -0.000459096  -0.00775368  0.0549668  -0.00714942  
0.00278668  0.000574895  -0.000848929  -0.0049847  0.056911  -0.0104643  
0.00184293  0.0010368  -0.000370836  0.011949  0.0216003  0.0255538  
0.00538539  0.000790416  -0.000767834  0.00562247  0.149442  -0.0219051  
0.0053469  0.000805885  -0.000747252  -0.00516344  0.0803369  -0.0697569  
0.00271208  0.00099083  -0.000999066  -0.026821  0.060354  -0.0784225  
0.00241964  0.000358081  -0.0012299  -0.000493015  0.0297327  -0.0370858  
0.00290209  0.000225474  -0.000829601  0.0132793  0.0686329  0.0206118  
0.00355829  -0.000220196  2.29168e-05  0.0561489  0.0869382  0.0580806  
0.00555301  -0.00041224  0.000357006  0.0569941  0.0568987  -0.0135357  
0.005319  -0.000668244  0.000506661  0.0560737  0.0672456  -0.040547  
0.00457918  -0.00134177  -0.000545828  0.0315165  0.0811531  -0.0578553  
0.00361626  -0.00107357  -0.000861389  0.0243956  0.0333436  -0.134562  
0.0034431  -0.00065332  -0.00121282  -0.00185369  0.0726577  -0.160992  
-0.000262094  -0.000238481  -0.00143152  -0.0188454  0.0109316  -0.213384  
0.00215478  -0.00049488  -0.00136736  -0.00283097  0.0707305  -0.0816135  
0.00211163  -0.000394787  -0.00141107  -0.0123382  0.0757423  -0.10713  
0.00232621  -0.000170636  -0.00142489  -0.0141608  0.0510378  -0.0759817  
0.00341156  -0.000832995  -0.00151578  -0.0133098  0.0758623  -0.0792783  
0.00202092  -0.000519221  -0.00149372  0.00139591  0.0010571  -0.10378  
0.00342354  -0.000589169  -0.00107145  0.00492044  0.0429342  -0.034163  
0.00234289  8.13729e-05  -0.00117  -0.0113452  0.0138603  -0.0232607  
0.00269431  0.000245249  -0.00134755  -0.0154119  0.0522467  -0.0177649  
0.00276633  0.000252725  -0.00111246  0.00102501  0.0652908  -0.0753387  
0.00156718  -0.00113575  -0.000254148  0.0317579  0.0591468  -0.0657014  
0.00174912  -0.00124371  0.000860929  0.0467522  0.0621982  -0.0247702  
0.00114736  -0.00176553  0.00107151  0.0580957  0.0432374  0.0160099  
-0.00264003  -0.000653894  0.000575985  0.0472931  0.00859931  -0.0124533  
0.00116369  -0.00126248  -2.30126e-05  0.0419995  0.0860715  -0.0501207  
0.000702102  -0.00116925  0.000557667  0.0495355  0.0334155  -0.0420383  
0.00141996  -0.000939872  0.00044043  0.0602311  0.0526969  0.0406932  
0.000770704  -0.00140961  0.000611878  0.0692026  0.00032617  0.0492055  
0.000848521  -0.00176242  0.00086207  0.0820334  0.0217728  0.0653027  
0.00143956  -0.00155498  0.00141616  0.0719056  0.0391038  0.0375577  
0.00140955  -0.00176006  0.00140143  0.0846474  0.016548  0.0487553  
-0.00151372  -0.00131467  0.00119353  0.0837819  0.0133035  0.0818287  
-0.00295764  -0.00181941  0.00109142  0.0828793  -0.00885667  0.0671176  
-0.00174755  -0.0015585  0.00149037  0.0892484  0.0238274  0.0332999  
0.00109885  -0.0017871  0.00132156  0.0892319  0.0466311  0.00372167  
-0.00114197  -0.00197322  0.0020646  0.110331  -0.0231029  0.0493744  
-0.00174041  -0.00106896  0.00176513  0.0649893  -0.0214938  0.0293668  
0.00172871  -0.00125158  0.000609106  0.0479487  0.0115756  -0.00581916  
0.00238427  -0.00186131  0.000287416  0.0595406  0.13581  0.0699206  
0.00124027  -0.00138939  0.00155373  0.077907  0.00139047  0.117104  
0.00277614  -0.000718278  0.00132278  0.077827  0.0340089  0.0498239  
-0.000179133  -1.12857e-05  0.00116214  0.04767  -0.0293505  0.0984018  
0.0013561  0.000211282  0.00087123  0.0243487  -0.010544  -0.0728613  
-0.000593827  0.00128017  0.000465254  0.0111828  0.0498173  -0.000620362  
-0.00240764  -0.000280693  0.00110052  0.0530878  -0.00156243  0.026481  
0.00151691  -0.000413155  0.00151856  0.0434158  0.0198018  -0.0297031  
0.000298337  -0.000407874  0.000479398  0.0439535  0.078749  -0.0693883  
0.00155725  -0.000503746  0.000152651  0.0429602  0.0781876  0.0085088  
0.00196686  -0.00121241  0.00104642  0.0514693  0.0250092  -0.00672719  
-0.00150939  -0.00226601  0.00104321  0.0703015  -0.0223322  -0.0238455  
-0.00209169  -0.00304544  0.00131478  0.0996467  -0.0012009  0.0375723  
-0.003832  -0.00149765  0.00195117  0.0888815  -0.0746147  0.0811846  
-0.00403133  -0.000630422  0.000985056  0.0600856  -0.0306395  0.0762319  
-0.00258146  -0.00104729  0.000508316  0.0585584  -0.0299644  0.0231143  
-0.00217311  -0.00173647  0.00110418  0.0868884  -0.0569126  0.0582739  
0.000778065  -0.00243876  0.000604322  0.0811501  0.0881013  0.0771852  
-0.000128498  -0.000866362  0.000761933  0.0653564  0.0559709  0.122076  
0.000521143  -0.00386981  0.00046549  0.0982016  0.0539563  0.0600059  
-0.0013401  -0.00341446  0.00109773  0.120192  -0.000863531  0.0775176  
-0.00194489  -0.00289835  0.00158473  0.131057  -0.00989972  0.0755638  
-0.00236681  -0.0025393  0.00267208  0.133664  -0.0425014  0.0956419  
-0.00126994  -0.00273894  0.00259115  0.12823  -0.0011094  0.0685239  
0.0011494  -0.00320864  0.00246483  0.119909  0.0234577  0.05917  
0.00327541  -0.00286859  0.00264392  0.127408  0.0679172  0.0475247  
0.00128035  -0.00365375  0.00272107  0.140204  0.0242949  0.0407189  
0.000991309  -0.00445907  0.00267584  0.153884  0.0704022  0.0908925  
-0.000799304  -0.00341418  0.00220929  0.135661  -0.00125546  0.114232  
-0.000703158  -0.00298943  0.00147329  0.0991401  0.00441236  0.045308  
-0.00145056  -0.00233081  0.00133322  0.0900639  0.00344408  -0.000884409  
-0.00144785  -0.0026746  0.001379  0.0931567  -0.0144471  0.0132047  
-0.000956366  -0.00234206  0.00082127  0.0554908  -0.00602348  -0.115557  
-0.0059712  -0.00208879  0.0013943  -0.00340435  -0.250659  -0.496223  
-0.0125306  -0.00132227  -1.70994e-05  -0.141925  -0.332211  -1.26798  
-0.00994342  0.000262305  -0.000812609  -0.1134  -0.235427  -0.8849  
-0.00869372  -2.53269e-05  -2.88496e-05  -0.082746  -0.181773  -0.695564  
-0.0103211  -0.000514773  -0.000293115  -0.0698697  -0.210847  -0.595886  
-0.00874014  -8.57254e-05  -0.000170702  -0.0493172  -0.184457  -0.529723  
-0.00568292  -0.00153402  -0.000228448  -0.0206543  -0.162231  -0.52576  
-0.00480836  -8.55994e-05  0.000986892  -0.0162112  -0.171216  -0.507317  
-0.00446577  -0.00115104  0.000472588  -0.0227693  -0.127659  -0.503639  
-0.00383079  -0.00132334  0.000437942  -0.0120644  -0.106729  -0.482703  
-0.00261291  -0.00194322  0.000110829  0.00267934  -0.0811797  -0.446345  
-0.00182303  -0.00158388  0.000614875  -0.00385323  -0.0846077  -0.418971  
-0.0032922  -0.00158388  0.00131193  0.0089199  -0.10352  -0.359378  
-0.0039642  -0.00200869  0.0010975  0.0132558  -0.0704791  -0.325245  
-0.00128806  -0.00163536  0.00101492  0.0175033  -0.0137096  -0.370153  
-0.00112838  -0.00190934  0.00142385  0.0132491  -0.0516361  -0.361319  
-0.000298383  -0.00204198  0.00071858  0.0132631  -0.0297535  -0.338575  
-0.000703998  -0.00266081  0.000191881  0.00960597  -0.055863  -0.396021  
-0.00102708  -0.00287853  0.000524226  0.0104401  -0.0766109  -0.436513  
-0.00140007  -0.00272198  0.000792526  0.00878025  -0.0638683  -0.436821  
-0.000884756  -0.00204457  -0.000183948  0.00185554  0.00496466  -0.339715  
-0.00231816  -0.00188536  0.00119468  0.0186206  -0.0671375  -0.287118  
-0.00203472  -0.00196991  0.00102544  0.0131609  -0.00823851  -0.198705  
-0.00140558  -0.00120051  0.000768999  -0.00650692  -0.012208  -0.202173  
-0.000879201  -0.00139303  0.000213238  -0.00654758  -0.0593404  -0.19279  
8.26398e-05  -0.00181936  -0.000205707  -0.00859754  0.0731534  -0.164028  
5.81689e-06  -0.00115577  -0.00130602  -0.0252794  0.0296095  -0.164339  
0.00132033  -0.000715352  -0.000392708  -0.0308539  0.00110681  -0.135117  
0.000318058  -0.00050325  0.00136487  -0.0188147  -0.00737563  -0.157138  
0.000809997  -0.000234937  0.00116525  -0.0334754  0.0123071  -0.182486  
0.00131196  -0.000117697  -5.72538e-05  -0.0499841  0.0704699  -0.180673  
0.00127321  -0.00103157  -0.000437847  -0.0328287  0.0827809  -0.167832  
-0.000356811  -0.000115603  -0.00112577  -0.0280682  0.0114364  -0.165008  
-9.49627e-05  0.000873318  -0.000163268  -0.0616858  0.030075  -0.188706  
0.00188736  0.00123799  0.000370639  -0.0274099  0.0773229  -0.158481  
-0.000517601  0.000513883  0.00117938  -0.00460101  -0.0175858  -0.147046  
0.00096243  0.000189359  0.000379036  -0.0292395  0.0213627  -0.122629  
0.000181409  3.98844e-05  0.00110976  -0.0157499  -0.00981775  -0.085937  
-0.00182661  -0.00105535  0.000829236  0.0183393  -0.0248288  -0.000615332  
0.00149033  -0.000693107  0.00101469  0.00909129  0.0542  0.0126951  
9.75239e-05  0.0013064  -0.00010305  -0.00687411  0.0225589  0.0820428  
0.00218708  0.00131164  -0.000768916  -0.0064558  0.0435771  -0.0239059  
0.00131287  0.000818778  -0.000613492  0.0210637  0.0268661  -0.0137581  
-0.00113702  -0.00147606  -0.000784553  0.0290122  0.0107043  -0.0868705  
-0.000787642  -0.0013408  -0.000866454  0.0311026  -0.00945755  -0.0812484  
0.00134764  -0.000729251  0.000187176  0.0557922  0.0633033  -0.146919  
0.00187384  -0.00152249  0.000940615  0.0599348  0.0392246  -0.0934315  
0.00109328  -0.00191649  0.000937081  0.0338412  0.0571735  -0.0865406  
-0.00121719  -0.000410157  0.00188263  0.0112602  -0.0258294  -0.216632  
0.0016299  -0.000393263  0.00139474  -0.00162372  0.0480801  -0.147533  
0.00221452  0.000615828  0.000887  -0.0101222  0.0466274  -0.176997  
0.00229236  -0.000540938  -0.000996546  -0.012074  0.0347535  -0.192488  
0.00157307  -0.000540938  -0.00106803  -0.00644415  0.0478295  -0.165955  
-0.00179562  0.000768174  -0.000784114  -0.0317089  -0.0357768  -0.075219  
0.00241677  5.29211e-05  -0.00140384  -0.0361281  0.0851667  -0.090586  
0.000807122  0.000879444  -0.00142072  -0.0647657  0.0666189  -0.14474  
0.000807663  0.000975123  -0.00172506  -0.0631557  0.0108482  -0.159586  
0.00134772  0.00148036  -0.00152757  -0.0620748  0.0670364  -0.115424  
0.00237677  0.00166598  -0.00154085  -0.0705147  0.042017  -0.121081  
0.00130367  0.00211561  -0.00164976  -0.0846373  0.0472997  -0.166877  
0.000536842  0.00219201  -0.00160078  -0.0762865  0.0282824  -0.144819  
-0.0003477  0.00272883  -0.00142738  -0.0602882  -0.000451029  -0.0626127  
-0.00149344  0.00237391  -0.000982969  -0.0545735  -0.0133144  -0.0818704  
-0.000125207  0.00250486  -0.00112891  -0.0474485  0.0272972  -0.0820198  
0.000225386  0.00246521  -0.00151319  -0.0524177  0.0334699  -0.0814151  
-0.00150916  0.00236846  -0.000936356  -0.0384025  -0.00683884  -0.081802  
-0.00330626  0.00148222  -0.0007344  -0.0249549  -0.0332985  -0.0597124  
-0.001993  0.00161315  -0.0012823  -0.0249889  0.0137882  -0.0131067  
-0.00295403  0.00151177  -0.000836679  -0.00946348  -0.0212315  -0.00024757  
-0.00242721  0.00209954  -0.000606629  -0.0349473  -0.0104032  0.0498948  
0.00163384  0.0032101  -0.00101181  -0.0587341  0.027926  -0.0237392  
-0.000696268  0.00247459  -0.000576281  -0.0475969  -0.0471394  -0.124693  
0.00238453  0.00150315  -0.00130229  -0.0571603  0.0615826  -0.19502  
0.000649006  0.00119895  -0.0014794  -0.0512145  0.0431277  -0.129817  
-0.00147585  0.00219652  -0.000340524  -0.0403586  -0.0251884  -0.0737613  
0.000624324  0.000964758  -0.000654583  -0.029021  0.0690563  -0.12195  
0.000522784  0.000910608  -0.0016717  -0.0446803  0.0236792  -0.165634  
-0.000293555  0.00106129  -0.00162823  -0.0700496  0.00852396  -0.239857  
0.000841202  0.00149472  -0.0013305  -0.0685177  0.0196199  -0.23953  
0.00193203  0.0010115  -0.00143975  -0.0605287  0.0582597  -0.236979  
0.00201813  0.00145077  -0.00184711  -0.0801354  0.033926  -0.281552  
-0.00120506  0.00155662  -0.00167549  -0.0704592  -0.0219167  -0.196943  
-0.00371956  0.00096801  -0.0013982  -0.0487757  -0.0332871  -0.0748302  
0.000752063  0.00122856  -0.0015969  -0.0557212  0.0480632  -0.106161  
0.00439466  0.000358828  -0.000157432  -0.0355853  0.0668985  -0.192462  
0.00011019  -0.000191216  -0.00083878  -0.00891185  -0.00362219  -0.148515  
0.00086439  0.000171796  -0.00137709  -0.0110406  0.0413903  -0.148571  
-0.000310754  0.000178812  -0.00126101  -0.00181657  -0.0120256  -0.115887  
-0.00262352  0.00163097  -0.000817102  -0.0313486  -0.0110242  -0.0553877  
-0.0022375  0.001862  -0.000890044  -0.0372038  -0.0204044  -0.0832703  
-0.000304538  0.00174071  -0.00136648  -0.0460014  0.0103293  -0.112528  
9.77835e-05  0.000971231  -0.00115669  -0.0261588  -0.020502  -0.135393  
9.77834e-05  0.00120413  -0.00160807  -0.046435  0.0271952  -0.15362  
-0.000306056  0.00107109  -0.0013814  -0.0362546  0.00236357  -0.134765  
0.0014005  0.000972724  -0.00175013  -0.0436943  0.0653965  -0.101118  
6.76306e-05  0.00220096  -0.00174334  -0.0550615  0.00869793  -0.119207  
-0.00150162  0.00241471  -0.00179221  -0.0571897  0.0182561  -0.055801  
-0.00217348  0.00231511  -0.00143459  -0.0425065  -0.00207437  -0.0349855  
-0.00240758  0.00281154  -0.00125568  -0.0672745  -0.0539291  -0.160122  
-0.00241761  0.00252376  -0.00171194  -0.070622  -0.0311648  -0.180773  
-0.00160976  0.00214983  -0.00181871  -0.0724565  -0.0277348  -0.194552  
-0.00105208  0.00213876  -0.00272624  -0.0669217  0.0838649  0.0895065  
-0.00273641  0.00275311  -0.00270496  -0.0572494  -0.0357013  0.0414088  
-0.00111699  0.0030928  -0.00247839  -0.0615268  -0.0391287  0.0620702  
-0.0012169  0.00237239  -0.00219312  -0.0515309  -0.017742  0.174928  
-0.00163942  0.00326844  -0.00176903  -0.0699012  -0.0404962  0.1579  
-0.00306849  0.00210112  -0.00219282  -0.0461016  -0.0272999  0.141453  
-0.00194843  0.00249341  -0.00255916  -0.0636234  0.0135494  0.133226  
-0.00144374  0.00254625  -0.00175791  -0.0433342  -0.00815794  0.12295  
-0.00206978  0.00212641  -0.00165856  -0.0335355  -0.0118989  0.184367  
-0.00118257  0.00167423  -0.00162637  -0.033955  0.0131165  0.181541  
-0.00100276  0.00204706  -0.00206681  -0.04429  0.0248221  0.218248  
-0.001529  0.00199227  -0.00206715  -0.0449369  0.0145904  0.169218  
-0.00258801  0.00250675  -0.00164202  -0.0525749  -0.0362345  0.0907102  
-0.0012435  0.0021698  -0.000646113  -0.0308456  -0.0309255  0.0989788  
-0.00201645  0.0024793  -0.000209223  -0.0174682  -0.0352134  0.135729  
-0.00113648  0.0016174  -0.00132286  -0.0162238  0.00393266  0.204459  
-0.00170199  0.00207972  -0.00116875  -0.034184  -0.0194139  0.204938  
-0.00467105  0.00120609  -0.000951239  0.00816543  -0.0743036  0.257299  
-0.00147458  0.00193898  -0.00085231  -0.0171265  -0.0104888  0.181038  
-0.00147075  0.00165069  -0.00156046  -0.0322545  0.0309087  0.191373  
0.000296251  0.00153028  -0.00199859  -0.0436124  0.0023066  0.138963  
-0.00108193  0.00236367  -0.00148601  -0.0378299  -0.0302609  0.148274  
-0.000301868  0.00419175  -0.00128336  -0.0725923  0.0184118  0.0959975  
-0.00299338  0.00320794  -0.00142703  -0.0689796  -0.0720203  0.0561099  
-0.00138301  0.00251616  -0.00132742  -0.0472927  -0.00732987  0.0874691  
-0.0013182  0.00302713  -0.00145666  -0.0689579  0.0432806  0.00133471  
0.00130484  0.00274595  -0.00161973  -0.0688007  0.0312327  -0.000964005  
0.00101785  0.00281749  -0.00163849  -0.0707969  0.0562708  0.0441531  
0.000621919  0.00182899  -0.00168682  -0.0663974  0.0402114  0.140399  
-0.000206126  0.00201671  -0.0018799  -0.0652432  0.0192875  0.130422  
-0.000488293  0.00222143  -0.00184032  -0.0567079  -0.00937613  0.132998  
-8.73476e-05  0.00242743  -0.00207196  -0.0708322  0.0395265  0.164823  
0.000893499  0.00357819  -0.00161352  -0.0735847  -0.0031135  0.100639  
-0.000617499  0.00379541  -0.00186375  -0.0865611  0.00780723  0.12186  
-0.00131908  0.00258113  -0.0012534  -0.0608847  -0.0307431  0.152156  
-0.00134844  0.00268243  -0.00184524  -0.06425  0.0161694  0.218644  
-0.00098549  0.00292757  -0.00226317  -0.0795725  0.00281783  0.11529  
0.00109243  0.00262054  -0.00202456  -0.065138  0.0616114  0.143858  
0.00155972  0.00253341  -0.00205383  -0.0751473  0.0780455  0.117849  
0.00107599  0.0029134  -0.00221176  -0.0687545  0.0276862  0.112504  
-0.00100747  0.00367033  -0.0017573  -0.0834761  -0.010015  0.0627288  
0.000117601  0.00374003  -0.00194658  -0.0911488  0.0200004  0.162212  
0.00173593  0.00188612  -0.000648389  0.013296  0.0951811  0.242479  
0.00330036  0.00109435  -0.000878455  0.00901369  0.0443032  0.3173  
0.0013358  0.00163731  -0.00135539  -0.016648  0.0228267  0.305319  
0.00239933  0.00195267  -0.00159715  -0.0503152  0.0756283  0.249377  
0.00179379  0.00186538  -0.00125789  -0.0380585  0.0149119  0.236978  
0.00255842  0.00138395  -0.00154223  -0.0448989  0.114977  0.229514  
-0.000234621  0.00164066  -0.00117055  -0.0414653  0.0405325  0.257099  
-0.000209577  0.00193689  -0.000918337  -0.0530853  0.0795703  0.217601  
-0.000591417  0.00148678  -0.00113003  -0.0272149  0.0219015  0.213715  
-0.00228079  0.00150523  -0.000857097  -0.0171924  0.0179321  0.190543  
-0.00034503  0.00145589  -0.00124747  -0.0366257  0.0230779  0.162685  
0.00161252  0.00151013  -0.00156988  -0.0444955  0.100294  0.189043  
0.000942603  0.00156525  -0.00189182  -0.048825  0.0494928  0.214395  
0.00154015  0.00138683  -0.00202012  -0.0475967  0.0421443  0.186354  
0.000586676  0.00309058  -0.00168362  -0.0567242  0.00184783  0.125996  
0.00126161  0.00190996  -0.00166545  -0.0356608  0.0282517  0.240606  
0.00131595  0.00154803  -0.00157473  -0.0191815  0.095559  0.214349  
0.00399899  0.00277673  -0.000657228  -0.0190999  0.0494599  0.16814  
0.00105043  0.00217949  -0.00066642  -0.031011  0.0893337  0.275486  
-0.000945511  0.000517262  -3.6859e-05  0.051147  0.0621376  0.262908  
-0.00189399  0.00075515  0.00029062  0.0551532  0.0204102  0.278119  
0.000204853  0.000380675  7.67168e-05  0.0612924  0.0503788  0.358036  
-0.00142188  0.000791111  -0.000116315  0.0361873  0.0195444  0.349437  
-0.00116018  0.000629016  -0.000228702  0.0538519  0.00228239  0.335984  
-0.00324858  0.000314517  0.000189548  0.0648708  -0.0414698  0.327856  
-0.00197145  0.000931219  0.000517846  0.04501  0.000153006  0.323075  
-0.00407957  0.00112636  0.000471582  0.0398102  -0.0490346  0.3763  
0.000606366  0.000256072  0.000190351  0.0544767  0.0600084  0.324296  
-0.000306797  0.000418659  0.000253717  0.0430165  0.0738226  0.342994  
-0.00105468  0.00017269  0.000384383  0.0536022  0.0231171  0.303015  
-0.00185708  0.000485824  0.000748644  0.039729  -0.0122573  0.305171  
-0.000841472  0.00113739  0.000890794  0.0126726  0.0378831  0.30577  
-0.000377313  0.000545809  -0.000609526  0.00237158  0.0697926  0.280453  
-0.000520266  -9.53115e-05  -0.00016967  0.0411509  0.0602475  0.305485  
-0.000163613  0.000461186  -0.00120993  -0.0023474  0.0395896  0.246697  
0.000426005  0.000490858  -0.00135948  -0.00708714  0.0352028  0.248937  
-8.56049e-05  0.000476205  -0.00147785  -0.00816162  0.0147855  0.227436  
0.000426005  0.00017269  -0.00121916  -0.00137797  0.0586884  0.230341  
-0.000373377  -6.56174e-05  -0.00144817  -0.000815529  0.0337636  0.193492  
0.00117158  0.00023158  -0.00116426  -0.00183566  0.062947  0.216712  
0.0018543  0.00060163  -0.0012938  -0.00491991  0.0695886  0.220661  
0.00109796  0.000816441  -0.00161624  -0.0159691  0.0841597  0.199724  
0.00163274  0.000575287  -0.00204912  -0.0169553  0.0754446  0.20356  
0.000360119  0.00077758  -0.00142109  0.000472795  0.0132974  0.242204  
-0.0018364  0.000176404  -3.52506e-05  0.0444282  0.01084  0.278156  
-0.00288199  0.000901507  0.000700266  0.0557967  -0.0150559  0.293753  
-0.0023792  0.000244719  0.000395336  0.0638681  -0.0317887  0.289632  
-0.00216721  0.000573151  -0.000213833  0.0483714  0.000770009  0.281627  
-0.00128511  0.000573151  0.000265386  0.0516471  -0.0139906  0.274397  
-0.000836772  0.000446506  0.000798377  0.0851016  0.0243607  0.327087  
-0.00169584  0.000375805  0.000401407  0.065484  0.015461  0.28258  
-0.00181719  0.000544221  0.000441689  0.0629184  -0.0138804  0.292257  
-0.0004142  8.35878e-05  0.000347701  0.0643307  0.0557436  0.259374  
-0.00182503  -0.000191296  -1.13347e-05  0.0691139  0.00967923  0.288539  
-0.00229385  -0.000436079  -0.000224483  0.0782914  -0.0311131  0.3033  
-0.00351483  -3.7141e-06  0.000387176  0.0893351  -0.0356059  0.375442  
-0.0028063  0.000321904  -0.000360541  0.0687326  -0.0423777  0.298347  
-0.00359322  -0.000439365  -0.000218986  0.0772366  -0.0769071  0.314932  
-0.00223427  -0.000475524  0.000164243  0.0896242  -0.0107418  0.306204  
-0.00204943  -0.000429326  -0.000138447  0.0872274  -0.0130682  0.320384  
-0.000867585  -0.000873696  0.00129634  0.110688  -0.0639364  0.226846  
-0.000258618  -0.000801854  0.00114817  0.10462  -0.0081954  0.226897  
-0.00216378  -0.0004858  0.000945121  0.106575  -0.0988426  0.2622  
-0.00273752  -0.0004858  0.00113607  0.118457  -0.0867096  0.294006  
-0.00398237  -0.000800078  0.00149182  0.134331  -0.0707427  0.295979  
-0.00368898  -0.000855142  0.00140822  0.141789  -0.0717499  0.280805  
-0.00232124  -0.000938108  0.00139445  0.138752  -0.0897307  0.258513  
-0.0047894  -0.000600387  0.00143075  0.143068  -0.0775147  0.321139  
-0.00114643  -0.000695517  0.000481831  0.107404  -0.0645488  0.209411  
-0.000625746  -0.00158263  0.00164335  0.146971  -0.0655448  0.202874  
-0.00136215  -0.000261606  0.00114233  0.115718  -0.0994601  0.146622  
-0.00339809  -0.000439553  -0.000595755  0.110265  -0.145483  0.123406  
-0.00415738  3.52667e-05  -0.000947736  0.0928808  -0.125008  0.125363  
-0.00410164  0.00109187  -0.00122608  0.0727363  -0.134413  0.133235  
-0.00456677  0.000701588  -0.00100037  0.100821  -0.151511  0.185693  
-0.00366563  3.52667e-05  -6.89301e-06  0.0872836  -0.0526136  0.188927  
-0.00217363  -0.000276237  -0.000359821  0.0954727  -0.0435576  0.262658  
-0.00266452  -0.000107891  0.000451417  0.108759  -0.0644873  0.215124  
-0.00312964  3.52667e-05  0.000257456  0.093035  -0.0791523  0.276136  
-0.000698999  0.000221781  8.83234e-05  0.0725704  -0.0264062  0.227879  
0.000578259  0.00100231  -0.00128641  0.0109824  0.00530242  0.177699  
0.0033114  0.00171907  -0.00167453  -0.02034  0.035065  0.0959975  
0.00436357  0.00178459  -0.00193783  -0.0237981  0.0543879  0.0616329  
0.0037556  0.0022388  -0.00175901  -0.0272463  0.050011  0.102276  
0.00159499  0.00241952  -0.00202479  -0.04104  0.0390753  0.159188  
0.00106823  0.00162875  -0.00208207  -0.0161964  0.0402475  0.156065  
0.00184243  0.00166965  -0.001502  -0.00492763  0.0719545  0.150348  
-6.74423e-05  0.00194819  -0.0013733  -0.00520363  0.0252939  0.215537  
0.00162641  0.00180125  -0.00156239  -0.00873428  0.0316293  0.18494  
-0.000256769  0.00158947  -0.00112299  0.00339102  0.0660518  0.240245  
-0.000290304  0.00132197  -0.000837281  0.0189447  0.0116743  0.224872  
-0.000935364  0.00142035  -0.000805613  0.0196018  -0.0655238  0.206017  
-0.00371257  0.00143619  5.10439e-05  0.0389314  -0.0670162  0.228604  
-0.00242883  0.00193775  -0.0010008  0.00809762  -0.0325121  0.220267  
-0.000836777  0.00154466  -0.00130656  0.00252461  -0.0123011  0.163415  
0.000531733  0.00119233  -0.00118231  0.00897473  0.0415586  0.194246  
0.000966517  0.00117284  -0.00113611  -0.000811825  0.030338  0.179626  
0.00177196  0.00103424  -0.00202118  -0.0163578  0.0225742  0.177376  
0.00145475  0.000958905  -0.00181752  -0.00987903  0.037502  0.188041  
0.00139701  -4.74599e-05  -0.000140154  0.0465894  0.0705393  0.185224  
0.00154432  0.000966561  -0.000715743  0.00788247  0.0401027  0.140899  
0.000770416  0.00154648  -0.000824996  -0.000632124  0.0343886  0.116403  
-0.000696611  -0.000132506  -0.00130285  -0.0159863  0.0167618  0.259688  
0.00119568  0.000444685  -0.00156381  0.00223827  0.0553575  0.355048  
0.00116029  0.000628369  -0.00115763  -0.00109497  0.0107866  0.247764  
0.00142727  0.000527532  -0.00154015  -0.0163461  0.0565305  0.244181  
0.000938275  0.000118668  -0.00179146  -0.00849347  0.0498242  0.275956  
0.00117919  0.000359766  -0.00158216  -0.00783957  0.09172  0.31483  
0.00040798  -0.00017868  -0.00113208  0.0227695  0.0390009  0.328761  
-0.00178981  0.000331239  -0.000462024  0.0554733  0.0875909  0.378774  
-0.00101444  0.000364153  -0.000230509  0.0577771  0.00407448  0.355987  
8.06311e-05  -0.000100306  0.000627992  0.0747844  -0.00389595  0.310392  
-0.000367878  0.000343868  -0.000279558  0.0750748  0.0411069  0.365715  
-0.00148485  0.000445504  2.788e-05  0.0661681  0.00281945  0.346271  
-0.00125923  0.000832831  -0.000279558  0.0566675  0.0159779  0.339496  
-0.00130804  0.000451566  -0.000279558  0.0667284  0.0108178  0.358158  
-0.00113659  0.000560088  -0.000562356  0.0612777  -0.0132642  0.343691  
-0.00141967  0.00100723  -0.00146211  0.0366117  0.0300169  0.372557  
-0.000332543  0.000810088  -0.00202388  0.0255053  -0.0100113  0.31425  
-0.000826344  0.000995296  -0.00183411  0.0264077  0.0280586  0.366191  
-0.00266365  0.000560088  -0.00118044  0.0552695  -0.0149272  0.381724  
-0.00316084  0.00130122  -0.00157856  0.0384367  -0.0373312  0.364569  
-0.00261382  0.0011866  -0.00160628  0.039783  -0.0521027  0.336739  
-0.00383594  0.000977964  -0.00160824  0.0303797  -0.0177685  0.383144  
-0.00379116  0.00117635  -0.00172669  0.0170574  -0.0295824  0.371976  
-0.00570933  0.000560088  -0.000174451  0.080317  -0.0588321  0.421581  
-0.00356369  -0.000529563  0.000186316  0.0891288  -0.0432468  0.34161  
-0.00222413  -2.89806e-06  -7.48316e-05  0.0805312  0.0230063  0.358597  
-0.00187276  -5.26337e-05  -0.000119027  0.0888066  -0.0223904  0.321453  
-0.00193454  -0.000442291  0.000432583  0.115334  -0.0247565  0.317066  
-0.0012164  -0.000861133  0.000314472  0.104956  -0.00759583  0.283925  
-0.00160347  -0.000975038  -1.07549e-05  0.0973257  0.00712129  0.288443  
-0.00102379  -0.00109861  0.000427054  0.104073  0.00132953  0.225213  
-0.00119751  -0.000975038  0.000300244  0.0911493  -0.0135549  0.233929  
-0.00139911  -0.000975038  -0.000359969  0.0776916  0.0498535  0.238151  
-0.00155076  -0.000508708  0.000183244  0.0846168  -0.00559556  0.18953  
0.000265647  -0.000518392  -0.000175522  0.0775556  0.0427189  0.290536  
-0.000812587  -0.000322934  2.6362e-05  0.0649453  0.0567186  0.284693  
-0.00265187  -5.75338e-05  -7.0487e-05  0.0605926  -0.0137985  0.301875  
-0.00178767  0.00024523  -2.63171e-05  0.0515545  -0.0399976  0.230316  
-0.000910535  -0.000333004  -0.000238769  0.076524  0.0624071  0.322061  
-0.00159933  -0.000518999  -0.000923593  0.075984  0.0193048  0.353754  
-0.0015215  -0.000693676  -0.000375921  0.100571  -0.0482318  0.414705  
-0.00145019  -0.000457643  -0.000218691  0.100453  -0.0421712  0.402559  
-0.0014624  -0.000780708  -0.000375922  0.100558  -0.0207296  0.366101  
-0.00126285  -0.000792493  0.000160304  0.0943797  -0.0234176  0.323476  
-0.00147465  -0.000486377  0.000561351  0.0915216  0.00795992  0.285563  
-0.00086385  -0.00035585  0.000152239  0.0914017  0.0748632  0.338681  
-0.00186497  -0.000422177  0.000465168  0.0936587  0.00118397  0.339875  
-0.00307054  -0.000907133  0.000879222  0.113284  -0.0189083  0.319516  
-0.00330255  -0.0010578  0.0011932  0.129712  -0.0317493  0.33012  
-0.00353945  -0.000548932  0.000598754  0.107161  -0.0326445  0.324533  
-0.0025926  -0.000338411  0.000826378  0.108529  -0.0347074  0.26315  
-0.00257958  -0.000604  0.00101047  0.113446  -0.0325262  0.283845  
-0.00305802  -0.00091454  0.00123208  0.122462  -0.0694246  0.281873  
-0.00326539  -0.00162437  0.00143354  0.14811  -0.0850622  0.280159  
-0.00415327  -0.00143498  0.00109923  0.109946  -0.0181236  0.148943  
-0.00235367  -0.000970892  0.000483516  0.108435  0.0250064  0.329395  
-0.00196501  -0.000447783  0.0005942  0.103372  0.00956162  0.236681  
1.56432e-05  -0.00162075  0.00288797  0.167037  0.00913521  0.176596  
-7.12411e-05  -0.00125331  0.00237629  0.130108  0.00182478  0.178247  
-0.00376418  -0.00136745  0.00221726  0.129826  -0.028185  0.147284  
-0.00395507  -0.000906801  0.00195021  0.127076  -0.0356423  0.139761  
-0.00282688  -0.000740988  0.00197815  0.112182  -0.0553214  0.0877622  
-0.00307406  -0.000721919  0.00202613  0.11469  -0.0663685  0.161671  
-0.00249426  5.28077e-05  0.00145116  0.0882287  -0.0137293  0.107073  
-0.00419726  -0.000693453  0.000748205  0.119648  -0.0528962  0.10484  
-0.00523453  -0.00183715  0.00195387  0.136123  -0.0785479  0.0785288  
-0.00378035  -0.00206235  0.00219629  0.135399  -0.0652169  0.0410343  
-0.00456865  -0.000563802  0.00159042  0.105015  -0.033433  0.0618255  
-0.00353839  -0.00109312  0.00124238  0.102878  -0.0465874  0.0840051  
-0.00174644  -0.00160014  0.000767788  0.100619  -0.00368259  0.128288  
-0.00246312  -0.00158715  0.000896526  0.119913  -0.0497256  0.161524  
-0.00327456  -0.00156561  0.000966124  0.122561  -0.0250739  0.137993  
-0.00428344  -0.00125562  0.00103654  0.105894  -0.0385806  0.110175  
-0.00268585  -0.001014  0.000491191  0.0917222  -0.0378826  0.0262389  
0.0013742  -0.0014589  0.000517358  0.0862648  0.0343727  0.0383  
0.00101005  -0.00284555  0.000640854  0.0990711  0.0417258  0.0504399  
0.00253403  -0.00164569  -0.000649007  0.0641192  0.0577307  0.0311368  
0.00265641  -0.00193152  -0.000811787  0.0710836  0.0937778  0.0525362  
0.00393604  -0.00112542  -0.0002992  0.0660286  0.093588  -0.00956535  
0.00420857  -0.00113422  -0.00022178  0.0668087  0.087178  -5.95863e-05  
0.00427752  -0.00133022  -0.000249417  0.0735332  0.108359  0.00126987  
0.00516501  -0.000905653  -0.000319831  0.0681581  0.0997444  0.044866  
0.00470489  -0.000595964  0.000101746  0.0698611  0.0484696  0.0234347  
0.00485718  -0.000350377  0.000726935  0.0613996  0.084626  0.0332321  
0.00562988  0.000148376  0.000311938  0.0416576  0.137595  0.0357002  
0.00235315  4.95573e-05  0.00150396  0.0635904  0.0478205  0.0642341  
-0.00260989  -0.000557485  0.00142618  0.0826721  -0.0217863  0.156163  
0.00205969  -0.000497501  0.000598927  0.0723099  0.0942844  0.081918  
0.00322247  -0.000377959  0.000211328  0.0662858  0.0532346  0.00775533  
0.00317948  0.00165385  -0.000321338  0.00152288  0.0883874  -0.0292552  
0.00391971  0.00141171  -0.00116029  -0.025869  0.0892767  -0.0331233  
0.000577237  0.00297275  -0.000276611  -0.010546  0.0291591  0.0249437  
0.000686888  0.00214415  -0.000347897  -0.0186169  0.0810601  0.0675688  
0.00357727  0.00125805  -0.00130067  -0.0328469  0.0747729  0.0223494  
0.00477244  0.00101766  -0.00191464  -0.031075  0.115437  0.0116954  
0.00326768  0.00128075  -0.000764151  -0.0210322  0.0431941  0.0361591  
0.00391264  0.00108948  -0.00148855  -0.0242372  0.0948436  0.0398296  
0.00349522  0.00138188  -0.00152546  -0.0298331  0.071981  0.0363588  
0.00451223  0.00108363  -0.00129418  -0.0160765  0.0770543  0.0184887  
0.00460202  0.000953025  -0.00161678  -0.0197548  0.115803  0.028993  
0.00478099  0.00129168  -0.00139714  -0.0225376  0.0920062  0.018007  
0.00369114  0.00192964  -0.001453  -0.0345526  0.0656282  0.00115639  
0.00339158  0.00135399  -0.00128259  -0.029343  0.107373  0.11314  
0.00318687  0.0005691  -0.00115651  -0.00262705  0.0695272  0.106822  
0.00241527  0.00139121  -0.00119669  -0.0241918  0.102932  0.148365  
2.81002e-05  0.000318006  -1.62912e-06  0.0451461  0.0193243  0.14011  
0.000976402  0.000937927  -0.00126444  6.0688e-05  0.0436172  0.147824  
0.000847257  0.000366056  -0.000390957  0.0418289  0.0681056  0.150643  
0.000794882  0.000196285  0.00014937  0.0556355  0.0678768  0.150138  
2.51905e-06  0.000536727  0.000204947  0.047788  0.0640088  0.174263  
-0.00100385  0.000450248  0.000661211  0.0697923  0.0379572  0.183957  
-0.00105819  0.000450248  0.00105344  0.0708455  0.0237533  0.137887  
-0.00159451  0.00131753  0.00102008  0.0495618  -0.00560834  0.176616  
-0.00378037  0.00128693  0.00254535  0.0757745  -0.0790285  0.042263  
-9.6703e-05  0.000562609  0.00128005  0.0318685  0.0089508  0.11907  
0.000275908  9.15646e-05  0.000426338  0.0719993  0.0297612  0.147554  
0.00317186  -0.000967969  0.000426338  0.0973857  0.0527342  0.130829  
0.0026794  -0.000981354  0.000700244  0.111072  0.0648733  0.125424  
0.00168465  -0.00138228  0.000506285  0.0991294  0.0481643  0.144501  
0.00186474  -0.00104797  0.00109892  0.0940154  0.0196839  0.13895  
-0.00092916  -0.000652263  0.00189957  0.102114  -0.0179558  0.216093  
-0.000585031  -0.000579577  0.00111669  0.085493  0.0152955  0.218215  
-7.76551e-05  0.000159608  0.000377468  0.0590523  0.0271358  0.160334  
0.000481478  -5.42707e-05  0.000377468  0.0715297  0.0394925  0.209977  
0.000674416  0.000962283  -0.00147184  0.0170364  0.0692329  0.150664  
-0.000570881  0.000184756  0.000635605  0.0713023  -0.0200244  0.209454  
0.000516524  -6.52443e-05  0.00027856  0.0755261  0.0664857  0.23255  
0.00148633  8.25455e-05  0.000194232  0.0693068  0.0792114  0.172265  
0.00146752  0.000405878  0.000572465  0.0689286  0.0125001  0.189694  
0.00150982  0.000306096  0.000594453  0.0593623  0.0575381  0.222617  
0.0031838  0.000112102  0.00037146  0.0545444  0.0282817  0.069228  
0.00185902  -0.000123692  -3.01498e-06  0.0561917  0.0410246  0.229859  
0.000361025  0.000141651  0.000246985  0.0608794  0.0713042  0.256614  
0.00115302  -0.000379823  -0.000534443  0.0473827  0.0880155  0.249016  
-0.0023254  -4.4578e-05  0.00054034  0.0752364  -0.0471627  0.204799  
-0.000743981  -0.000222909  -0.000852879  0.0383612  0.0676908  0.230431  
-0.000974263  -0.000272044  -1.68795e-05  0.0560547  0.00111066  0.236438  
-0.000180038  -0.000232064  -1.68795e-05  0.0585522  0.0481576  0.27446  
7.90271e-05  -0.000525611  -8.94901e-05  0.0625634  0.0434014  0.215352  
-0.000823548  -0.000966616  -0.000609504  0.0487735  0.00775887  0.214947  
0.000254739  -0.000213696  -1.68795e-05  0.0585486  0.0753651  0.242337  
-0.00132806  0.000243314  -0.00110524  0.0234526  0.0375785  0.216494  
0.000755949  0.000537897  -0.00134028  0.0064527  0.0210794  0.131549  
0.000515667  3.24537e-06  0.000143196  0.049793  0.0518408  0.105534  
0.00205761  -0.00030874  -0.000816617  0.0227775  0.0672531  0.0798611  
0.000156955  -0.00030874  -0.000887076  0.0403898  0.0519473  0.0915773  
-0.000301925  -2.69668e-05  1.8678e-05  0.0530051  0.0501239  0.0916286  
0.000770424  -0.000432306  5.22647e-07  0.0515953  0.0530163  0.0777433  
-0.000129978  -0.000409053  -0.000469842  0.0650841  0.0691678  0.166566  
-0.000595623  0.000168114  -0.00139471  0.0457513  0.00642084  0.220318  
0.000993407  0.00143723  -0.00143508  0.0129603  0.00348494  0.169515  
0.00401586  0.0013855  -0.00145611  0.0180929  0.0401025  0.155963  
0.00300185  0.000921889  -0.00131422  -6.41379e-05  0.0561505  0.0366186  
0.00181708  0.000160587  -0.00127245  0.0126805  0.0887183  0.226552  
0.003861  0.00126259  -0.00173972  -0.020792  0.111656  0.15326  
0.00539809  0.00075798  -0.00172638  -0.0328795  0.103836  0.0380286  
0.00394747  0.000952549  -0.00198753  -0.028301  0.0820154  0.0741032  
0.0026679  0.000795975  -0.00158108  -0.00598768  0.10518  0.16876  
0.00168874  0.00080329  -0.00141963  -0.000384567  0.0818489  0.163801  
0.00193818  0.000395126  -0.00166148  0.000714438  0.0535052  0.0881048  
0.00259523  0.000756521  -0.00172592  -0.0133038  0.0568512  0.051683  
0.00246896  0.000699576  -0.00178771  -0.0167301  0.0605014  0.0164814  
0.00229768  0.000483077  -0.00194792  -0.0165405  0.0532507  0.0239544  
0.00015318  0.000279227  -0.00146038  0.00187531  0.0376413  0.0785768  
0.00195293  0.000244823  -0.00150275  0.00994461  0.0666632  -0.0104298  
0.00152878  -0.00118347  -0.00114523  0.0425978  0.0525647  0.0117113  
0.000127898  0.000132648  -0.000212865  0.043187  0.045425  0.09268  
0.00349041  -1.71674e-05  -0.00129151  -0.00584048  0.138194  0.106988  
0.0037111  -0.00047867  -0.00122526  -0.00166444  0.0949916  0.0166874  
0.00246372  -0.000181889  0.000752651  0.0358562  0.0709014  0.0221262  
0.00410424  0.000902906  -0.000136873  0.00451982  0.070879  -0.0098183  
0.00321715  0.00114791  -0.000497743  -0.0093224  0.0332433  -0.00858154  
0.00287554  0.000929844  -0.000695807  -0.0139513  0.0687421  -0.0339838  
0.00315998  0.000773181  -0.00118319  -0.0253042  0.0353639  -0.0490284  
0.00297165  0.0007668  -0.0020847  -0.0350486  0.0833863  0.00693446  
0.00263409  0.0016019  -0.00171967  -0.0399553  0.0679331  0.0215068  
0.00366042  0.000561089  -0.00121278  -0.0221424  0.0696479  0.0577696  
0.00462197  0.00107231  -0.00113419  -0.0236901  0.096018  0.0417517  
0.00451002  0.00148582  -0.000920785  -0.0292488  0.0828597  0.0542998  
0.00523588  0.00168936  -0.00180291  -0.0458808  0.106088  0.037906  
0.00330346  0.00185241  -0.00178233  -0.0479394  0.0543409  0.0892472  
0.00295113  0.00169061  -0.00175675  -0.0473842  0.108665  0.127302  
0.00138319  0.00113264  -0.00157945  -0.023153  0.0111635  0.147594  
0.000729237  0.00140743  -0.000551673  0.00976133  0.00998211  0.190973  
0.000618581  0.00192072  -0.00103856  -0.0133812  0.0825036  0.226906  
0.00134258  0.00119662  -0.00117422  -0.00646609  0.0274925  0.172151  
0.00258664  0.000896109  -0.00171491  -0.0238867  0.0855531  0.180013  
0.00354816  0.00132829  -0.00213524  -0.0366234  0.109173  0.220052  
0.00280781  0.00205181  -0.00155962  -0.0174815  0.0398915  0.205516  
-0.0013603  0.00135422  0.00141408  0.0260273  -0.0259082  0.196419  
-0.00228485  0.000676895  0.0012028  0.0596272  -0.0149454  0.193478  
-0.00200569  -6.19317e-05  0.00144993  0.0878222  -0.0124759  0.207867  
0.000741508  -0.00144506  0.001667  0.103161  0.00744099  0.212752  
0.00111394  -0.0006076  0.00159305  0.0732598  0.0947331  0.20601  
0.00547805  -0.000761361  0.000980822  0.0489214  0.139205  0.0181696  
0.00545064  -0.000578007  0.00122906  0.0519186  0.0695712  0.0358642  
0.00406158  -0.000207688  0.000550515  0.0491919  0.0368884  0.0328121  
0.00420999  -0.000929975  -0.000345953  0.0306027  0.0761905  0.0971139  
0.00361464  -0.00106623  0.00065356  0.0362885  0.0215027  -0.0912181  
0.00184439  -0.00133497  0.000916242  0.0480403  0.0522652  -0.0181564  
-0.000233591  -0.000213998  4.635e-05  0.0753772  0.0471871  0.279458  
0.00201075  -0.000858938  -0.000226592  0.0872817  0.129998  0.395566  
0.00182562  -0.000776432  -0.000543329  0.0864612  0.0609414  0.345183  
0.00341789  -0.000437707  0.000497826  0.0756317  0.0510575  0.185827  
0.00433403  -0.000136154  -0.000749512  0.026866  0.0429923  0.0385835  
0.00509443  0.000272182  -0.000775077  0.0346983  0.0790258  0.136311  
0.00341574  -0.000554947  -0.000382652  0.068329  0.0683996  0.179896  
0.00418477  -0.000554947  8.96935e-05  0.0603468  0.0297036  0.0686992  
0.00318714  -0.000703755  0.000298956  0.0603968  0.0530529  0.0810577  
0.00308204  -0.000848166  0.000109061  0.0603802  0.0779121  0.119505  
0.00319456  -0.00077957  6.12935e-05  0.0649339  0.0817402  0.143834  
0.00302619  -0.000442704  -9.4275e-05  0.0603189  0.0817307  0.132235  
0.00352724  -0.000993236  -0.000512307  0.0579986  0.0422425  0.0131252  
0.00297386  -0.000639512  0.00072513  0.0420619  0.0453203  0.0278159  
0.000787055  -0.000245778  0.000879238  0.061029  0.00413097  0.112328  
0.00275878  -0.000461451  0.000826965  0.0747789  0.0261295  0.0215052  
0.00386529  -0.000422174  0.000334267  0.0473688  0.0378372  0.0268063  
0.00403794  -0.000229115  5.31159e-05  0.05547  0.0671868  0.0415824  
0.00416529  -0.00108778  0.000473006  0.0865622  0.0240756  0.07152  
0.00401319  -0.00108778  0.000525331  0.0562591  0.0565285  0.0239514  
0.0042927  -0.00108778  0.000382456  0.0491821  0.0702796  -0.00278474  
0.00585733  -0.00059314  -0.00022209  0.0443753  0.0995785  -0.00820139  
0.00473828  -0.000430777  -6.76518e-05  0.0562561  0.0381826  -0.0118363  
0.0052277  -0.000467478  -6.76517e-05  0.0563099  0.0767812  -0.0258811  
0.00455622  -0.000754394  0.000182348  0.0646248  0.0319144  0.0354495  
0.00359095  -0.00111391  -0.000215384  0.0665171  0.0673977  0.0758774  
0.00312424  -0.000427316  0.000182348  0.0554523  0.0565607  0.121004  
0.0014334  0.000209589  -0.00121373  0.00885085  0.0757816  0.136873  
-0.000279003  0.00195103  -0.00151038  -0.00847295  0.0114923  0.18268  
-0.000564463  0.000200562  -0.00133192  0.0251677  0.0270882  0.177568  
0.000409997  2.32007e-05  0.000102877  0.0509896  0.0434723  0.103376  
0.000269243  0.000339845  0.000584428  0.0615238  -0.0277101  0.132456  
-0.000176375  0.000915602  0.00056067  0.0571035  0.0434127  0.153095  
0.000512087  0.000687107  0.000744339  0.0459779  -0.00907486  0.113879  
-0.000516009  0.000356781  -0.00036481  0.0509633  -0.0164271  0.153978  
0.00420056  -0.000581825  0.00131451  0.078363  0.0752747  0.118626  
0.000842319  -0.000985911  0.00155732  0.0920252  0.0192696  0.138267  
0.00150581  -0.00163367  0.00128571  0.0863957  0.0599823  0.111141  
0.000310307  -0.000683725  0.00113816  0.0817331  0.032653  0.143497  
0.000330306  -0.000707494  0.00118808  0.0806847  0.0589973  0.161781  
-0.00232386  -7.94146e-05  0.00189504  0.0915872  0.00581577  0.224987  
-0.00158569  0.000150207  0.00184921  0.0816903  -0.0109774  0.221126  
-0.00103617  0.000394834  0.000793622  0.068662  0.0217922  0.195195  
-0.000534354  0.000212346  0.000390566  0.0687136  0.0419782  0.189046  
-0.000608632  0.000212346  0.000189525  0.0656795  0.0438499  0.194604  
-0.000432565  0.000212346  3.65094e-05  0.0556048  0.0418196  0.194922  
-0.000675364  0.000212346  -2.96582e-05  0.0551336  0.0405835  0.195313  
-0.000825284  5.35531e-05  -0.000290943  0.0481496  0.0376197  0.195695  
-0.00117627  -0.000234748  -0.000339609  0.0491945  0.0242078  0.205375  
-0.00140386  0.000212346  -0.0015983  0.010203  0.110807  0.30173  
-0.000913175  0.00117044  -0.00152453  0.0185594  0.048806  0.401081  
