-0.00748502  0.00231362  -0.00368857  -0.0935117  -0.038214  0.402104  
-0.00689892  0.00216439  -0.00376387  -0.0804463  -0.0669497  0.375347  
-0.00706669  0.00249687  -0.00356262  -0.0858134  -0.0155829  0.384413  
-0.00733666  0.00274093  -0.00355145  -0.0819192  -0.0705513  0.368064  
-0.00921475  0.00205624  -0.00264268  -0.10202  0.0138691  0.48955  
-0.00931433  -0.000103961  -0.00165604  -0.0686815  -0.0341433  0.513757  
-0.010296  -0.00120824  -0.00134318  -0.0684779  -0.0233917  0.742577  
-0.00533905  0.00115366  -0.00262492  -0.118524  -0.0203394  0.598682  
-0.00197638  0.000298098  -0.0018863  -0.0529908  0.0725659  0.439264  
0.00531794  0.000959068  -0.00053596  -0.0501038  0.0836639  0.240743  
0.000672  0.00268111  -0.00146854  -0.0666794  0.0538922  0.258165  
0.00199667  0.00151826  -0.00190964  -0.0645614  -0.0408388  0.270427  
0.00463532  0.00136976  -0.00164845  -0.0771604  -0.0214693  0.221756  
0.00424082  0.00253729  -0.00162513  -0.0646228  -0.0407535  0.235566  
0.00195221  0.00158319  -0.00205607  -0.0645465  -0.0362453  0.299051  
-0.012764  -0.00209426  -0.000140037  -0.0636907  -0.189792  0.178779  
-0.0112819  -0.00190568  -0.000291674  -0.0342136  -0.0638786  0.230487  
-0.0203256  -0.00311434  0.000646989  -0.0730507  -0.0592963  0.402114  
-0.019632  -0.00020142  -0.00144252  -0.0988726  -0.0760212  0.143364  
-0.0171154  0.00104096  -0.00161753  -0.0923252  -0.00230798  0.177715  
-0.0118086  0.00286928  -0.0014012  -0.124668  0.0171025  0.0664111  
-0.0110177  0.00196693  -0.00147583  -0.107045  0.0128101  -0.0661182  
-0.0272386  0.00144352  -0.000991336  -0.0974054  -0.152512  -0.0142585  
-0.0164412  0.00032502  -0.00417571  -0.0418228  0.0021978  0.197243  
0.00618616  -0.0019189  -0.000946279  0.0109238  0.108305  0.0447629  
-0.00310857  -0.00233756  0.00126908  0.0368786  0.0347928  -0.0834127  
-0.00355938  -0.00260691  0.00192087  -0.0049392  0.0505941  0.0890169  
0.000304128  -0.00224421  0.00263883  0.0163154  0.0598914  -0.00695687  
-0.0030139  0.000774805  0.000811425  -0.0380326  0.0164182  0.131595  
-0.00060839  0.000663883  0.000550269  -0.0459362  0.0677062  0.0975835  
-0.00138024  -0.00108571  0.00140709  0.00163204  -0.0282284  0.365292  
0.00528704  -0.00676588  0.00309843  0.0377893  0.0162241  0.300839  
-0.00376529  -0.00144997  0.00165417  -0.0358438  -0.151891  0.223891  
-0.00940592  0.000270033  0.00207688  -0.0516618  -0.0296164  0.0939411  
-0.00870535  -0.000160016  0.00170895  -0.0364776  -0.0895012  0.139177  
-0.0165297  -0.000698201  0.00126086  -0.0446761  -0.182347  0.148665  
-0.00783973  -0.00169302  0.000473145  -0.029974  0.00706775  0.108787  
-0.0114979  -0.000589648  0.000544422  -0.0263117  -0.132327  0.154809  
-0.0125735  -0.00208035  0.000958994  0.00627178  -0.170169  0.299123  
0.000256901  -0.00238953  0.00138024  0.00643709  -0.0385568  0.192072  
-0.00378617  -0.00113182  0.00187762  -0.00915349  -0.0302267  0.145814  
-0.00310114  0.000743599  0.00138832  -0.0400788  -0.0611236  0.0703136  
-0.00434796  0.00516972  -0.00143208  -0.141628  0.0650191  0.0987217  
-0.0021811  0.0025433  -0.00028673  -0.084682  0.0721271  0.0689983  
0.00282063  0.00204433  -0.00058362  -0.065994  0.0257548  0.0706526  
-0.00658811  0.000329258  0.00139624  -0.0429953  -0.0407995  0.0133759  
-0.00357795  -0.00137392  0.00222747  -0.0031038  0.128302  0.152562  
-0.0122944  -0.00137392  0.00191031  -0.0202556  0.00572463  -0.0456345  
-0.0114772  -0.00238453  0.00187178  -0.00561767  0.0317572  -0.0173585  
-0.00386312  0.00307148  0.00136179  -0.0810924  0.10585  0.0286588  
-0.0146623  -0.00113601  0.00209322  -0.0255494  0.0697451  -0.0491635  
-0.0106995  -0.00370383  0.00191914  0.0238655  0.0460564  0.140022  
-0.0106198  -0.00229627  0.000317555  0.00976713  0.195953  -0.0350802  
-0.00358609  6.18275e-05  0.000775592  -0.00712799  0.0645454  -0.0604751  
-0.0101685  -0.00205621  0.00257404  0.00782317  0.0737989  -0.0943402  
-0.0118561  -0.00413706  0.00294548  0.041942  0.0398061  0.0676373  
-0.00873252  -0.00238061  0.000680689  0.000280899  -0.0173069  0.354107  
-0.00337204  -0.00678949  0.00300269  0.0376584  0.0789397  0.441181  
-0.0174064  -0.0054435  0.00278671  0.00739287  -0.119075  0.339613  
-0.0120559  -0.0054435  0.00232592  0.0416211  0.0534933  0.292732  
-0.0134606  -0.00332438  0.000657353  -0.00221815  -0.0405957  0.292419  
-0.00728952  -0.00318049  0.000657353  0.0105674  0.0786789  0.234421  
-0.0143243  -0.000954726  0.000836935  -0.0531065  -0.102459  0.194388  
-0.0114671  -0.00138785  0.000679851  -0.0158799  -0.017039  0.229539  
-0.0094285  -0.00224173  0.00210405  0.00521124  0.0171906  0.240779  
-0.00741971  -0.00213293  0.000834569  0.0018209  0.0916992  0.322407  
-0.002386  0.00186356  -0.00152487  -0.089757  0.0911614  0.547346  
-0.00671596  -0.000855014  0.000268476  -0.0433535  0.0435138  0.508521  
-0.0102366  -0.00108101  0.000655065  -0.0683228  -0.0540712  0.483345  
-0.0209367  0.000120182  0.00268545  -0.086178  -0.210604  0.527329  
-0.0141471  0.000332949  0.00208933  -0.0628809  -0.115532  0.453241  
-0.00167701  -0.00490545  0.00318585  0.00816283  -0.0434715  0.587845  
-0.0271308  -0.00127794  0.00431621  -0.081055  -0.136076  0.507446  
-0.016994  -0.0011215  0.00258804  -0.0791603  0.043757  0.352819  
-0.0100644  -0.0011517  0.00169758  -0.0494272  -0.0362689  0.378254  
-0.0130624  -0.00119009  0.00249214  -0.0696462  -0.151032  0.614864  
-0.0160597  -0.00143833  0.00341194  -0.0629573  -0.184318  0.421182  
-0.0164788  -0.000168376  0.00215088  -0.0630581  -0.203598  0.424648  
-0.0107573  -0.00228251  0.00330624  -0.0065336  -0.266208  0.489411  
-0.00930007  -0.000470794  0.00370099  -0.051038  -0.242463  0.57395  
-0.0132811  -0.00142492  0.00429195  -0.018639  -0.41254  0.445451  
-0.0218963  -0.00239427  0.00428393  -0.0194233  -0.581727  0.470484  
-0.0134198  -0.00341764  0.00396875  0.0298761  -0.481695  0.0512512  
-0.0140035  -0.00390697  0.00490265  0.039976  -0.561857  0.0858765  
-0.0178933  -0.00318358  0.00375695  0.00751748  -0.610044  0.355188  
-0.0134345  -0.00299848  0.00266  0.0272219  -0.536758  0.18419  
-0.0270572  -0.00332381  0.00390081  0.0240445  -0.869749  0.478009  
-0.0237374  -0.00389811  0.00337532  0.0250911  -0.762896  0.49421  
-0.0222654  -0.00379212  0.00270431  0.0205109  -0.65244  0.455517  
-0.0198297  -0.00396241  0.00286582  0.0216344  -0.668216  0.46726  
-0.0238127  -0.00331379  0.00276356  0.0140323  -0.883229  0.466301  
-0.0161808  -0.00379212  0.00250002  0.0356066  -0.730408  0.254934  
-0.0254574  -0.00362273  0.00339126  0.0082228  -0.922734  0.283434  
-0.0220335  -0.00515992  0.00281521  0.016483  -0.773391  0.192457  
-0.0168925  -0.00452234  0.00391064  0.00610803  -0.495788  0.106274  
-0.0200472  -0.00316478  0.0017467  -0.0176742  -0.537028  0.073635  
-0.0167169  -0.00226414  0.00202634  -0.0126436  -0.38284  0.138715  
-0.0152653  -0.00278192  0.00248212  -0.0327594  -0.347333  0.171712  
-0.0171281  -0.0023666  0.00190458  -0.0479023  -0.36646  0.126952  
-0.0126273  -0.00285507  0.00178525  -0.0459307  -0.27696  0.146669  
-0.015661  -0.0038465  0.00202303  -0.0284372  -0.288575  0.0897114  
-0.0226864  -0.00384911  0.001191  -0.0385992  -0.379183  0.0438293  
-0.0183644  -0.00344842  0.00110217  -0.0282495  -0.275175  0.0793554  
-0.0172335  -0.00293864  0.00129399  -0.0406715  -0.274056  0.156118  
-0.0171379  -0.00305324  0.00147191  -0.017962  -0.293719  0.161988  
-0.0139408  -0.00277685  0.00135091  -0.0269601  -0.17379  0.0712778  
-0.0209937  -0.00221587  0.00091438  -0.0384004  -0.368577  0.164201  
-0.0179876  -0.00284076  0.00091438  0.00329954  -0.368899  0.323448  
-0.00612424  -0.00395129  0.00132728  0.0125829  -0.0703564  0.228551  
-0.00932724  -0.0036987  0.00162648  0.00586922  -0.157906  0.182092  
-0.0116045  -0.00231231  0.000473438  -0.00674672  -0.149669  0.0949899  
-0.0127044  -0.00278765  0.000473438  0.00358873  -0.183544  0.131087  
-0.0107241  -0.00324298  0.00129462  0.00953976  -0.0979072  0.0636926  
-0.0123929  -0.00290549  0.00158011  -0.00755409  -0.13345  0.0947999  
-0.0103205  -0.00304897  0.00132056  0.00257943  -0.145751  0.094945  
-0.0168483  -0.00358823  0.000852268  0.00278855  -0.170751  0.171715  
-0.0117683  -0.00500781  0.00235502  0.0122467  -0.132295  0.285068  
-0.0116351  -0.00239253  4.61011e-06  -0.0167603  -0.0244537  0.207345  
-0.0139664  -0.00198453  -0.000691866  -0.0281355  -0.0433374  0.192064  
-0.0181681  -0.00128503  -0.00132889  -0.0281728  -0.146953  0.207057  
-0.0137769  -0.00212946  0.000121949  -0.00892288  -0.0295888  0.147639  
-0.0147874  -0.0026597  0.000121949  -0.0158232  -0.0671505  0.165349  
-0.015553  -0.0021124  3.09373e-05  -0.0281027  -0.0839967  0.173023  
-0.0127927  -0.00246185  -0.000480494  -0.028106  -0.0210842  0.145  
-0.0123126  -0.00175199  -0.00264684  -0.0445708  -0.0529191  0.255138  
-0.0119017  -0.00132169  -0.00230427  -0.0162498  0.0266785  0.129231  
-0.0132186  -0.000920741  -0.0023314  -0.0242882  -0.0916379  0.143911  
-0.00966532  -0.001147  -0.00207052  -0.0215013  -0.0348383  0.143583  
-0.0131213  -0.000738908  -0.00205972  -0.0264861  -0.0870583  0.165662  
-0.00889567  -0.00115852  -0.00231356  -0.0246496  -0.0215262  0.122623  
-0.00805642  -0.000458496  -0.00209374  -0.0216638  0.0124542  0.0908687  
-0.00849634  -0.000792825  -0.00204548  -0.016575  -0.047412  0.134974  
-0.0121834  -0.00176205  -0.0015307  -0.0226292  -0.0353306  0.164409  
-0.0116166  -0.00135137  -0.00203656  -0.0180265  -0.0166762  0.183306  
-0.0118226  -0.00101923  -0.00147159  -0.0221271  -0.0587566  0.162119  
-0.00822535  -0.000916727  -0.000705739  -0.00565667  0.0513122  0.158722  
-0.0142492  -0.00130198  -0.00118671  -0.0119452  -0.0689282  0.116903  
-0.0153775  -0.00035199  -0.00105744  -0.0246209  -0.0670178  0.0665165  
-0.0147353  -0.000856  -0.0014814  -0.0250527  -0.037799  0.0484245  
-0.0121082  -0.000855999  -0.0014814  -0.0312972  -0.00705544  0.0505508  
-0.010297  -0.000977354  -0.00189017  -0.0458258  -0.0377942  0.110361  
-0.00992204  -0.00112611  -0.00147041  -0.0241295  0.0313528  0.0739989  
-0.01153  -0.00017036  -0.00123254  -0.0283206  -0.0850199  0.089462  
-0.0119873  -0.00105527  -0.000698923  -0.0257856  -0.059358  0.0486518  
-0.0130628  -0.00112611  -0.000698923  -0.0232448  -0.103926  0.062336  
-0.0145633  -0.000957467  -0.000698923  -0.0375158  -0.101044  0.0804112  
-0.0122813  -0.00204968  -0.00223457  -0.0178118  -0.0340702  0.104416  
-0.0133824  -0.00133531  -0.00202504  -0.0219051  -0.124115  0.182347  
-0.0113206  -0.00278038  -4.1253e-05  0.0167053  -0.0836291  0.112124  
-0.00727413  -0.000213851  0.000452333  -7.95284e-05  -0.0492677  -0.0130664  
-0.0104951  -0.000901544  0.00143189  -0.0054285  -0.143492  0.00695001  
-0.0141033  -0.0012142  0.00155113  0.00300767  -0.218653  0.0259819  
-0.00946232  -0.0012142  0.000985924  0.00275545  -0.162262  -0.0230844  
-0.00483259  -0.0012142  0.000970425  0.0109844  -0.03298  -0.0508665  
-0.00645129  -0.000794873  0.000769741  -0.00533088  -0.0841652  0.0149563  
-0.00378769  -0.000965095  0.000533569  0.021371  0.00601879  -0.043827  
-0.00371726  -0.000213545  0.000100198  0.00352941  -0.00190366  -0.0309853  
-0.00162706  0.00091556  0.000516323  -0.0163717  -0.0737043  0.012899  
-0.00675804  -0.000531421  0.000936105  -0.0187897  -0.13022  0.0823492  
-0.00366809  -0.000229954  0.000444888  -0.00504164  -0.0504587  0.0328496  
-0.00280486  -0.000785722  0.000604901  0.00525261  0.0318277  -0.0374868  
-0.00363939  -0.00067415  0.00120176  -0.00503104  -0.0469286  -0.0672749  
-0.00278855  -0.00067415  0.000545107  -0.0052574  0.0395251  -0.090095  
-0.00469245  -0.000311505  0.000646387  -0.0148638  -0.0497254  -0.0673005  
-0.00496893  -0.000531412  0.000101456  -0.000767972  -0.0183094  -0.0783796  
-0.00393185  -0.00067415  0.000704942  -0.0168085  0.00310832  -0.0645067  
-0.00583017  -0.000474922  0.000704942  -0.0359684  -0.0987287  0.00233812  
-0.00412478  0.00019084  0.000646117  -0.0316505  -0.0712908  0.0241846  
-0.00427683  -0.000159795  0.000878763  -0.01298  -0.0628789  0.0243392  
-0.00662763  -0.000134103  0.00091003  -0.0240637  -0.0519885  0.0243162  
-0.0058895  0.000337276  0.000983388  0.00153483  -0.0218895  -0.0656814  
-0.00524647  0.000683551  0.00035212  -0.0191077  -0.0360033  -0.0564211  
-0.00565636  0.000337276  0.000721053  -0.00772455  -0.026615  -0.0336622  
-0.00724586  0.000438606  0.00151454  -0.0246829  -0.0574891  -0.0295495  
-0.00883406  0.000546047  0.00113175  -0.0171752  -0.0511248  -0.0295872  
-0.0065842  0.000860499  0.000816331  -0.0145745  -0.00984167  -0.0680264  
-0.0113525  0.000157064  0.000686078  -0.0287183  -0.127181  0.0107301  
-0.00934069  2.9017e-05  0.00078887  -0.0180669  -0.0776738  0.0925247  
-0.00856297  -0.000584907  0.000719878  -0.0344865  -0.0633424  0.0431533  
-0.00843892  0.000227093  0.000471056  -0.0342707  -0.0573991  0.0175938  
-0.00717356  0.000822565  0.000503912  -0.0334135  -0.052909  0.000223343  
-0.00956523  0.000875873  0.000338423  -0.0356883  -0.013015  0.00747099  
-0.0157582  -0.000203725  0.000916299  -0.0419233  -0.154486  0.06937  
-0.00829031  -0.000877019  0.000266547  -0.0235911  -0.00285452  0.0517201  
-0.00734714  -0.000281538  0.000503912  -0.0316101  -0.118545  0.0520925  
-0.00685565  -0.000449552  0.00113148  -0.0265533  0.0369499  0.0315578  
-0.0070854  -0.000275293  0.000736389  -0.0245091  -0.0431865  -0.00167504  
-0.00223638  -0.000397009  0.00126548  -0.0162838  0.0528309  -0.039734  
-0.00606655  -9.04279e-05  0.00120787  -0.0342607  -0.0347652  0.0021905  
-0.00682375  -0.000154871  0.00116147  -0.0374039  -0.0304578  0.0199467  
-0.00461929  -0.000304003  0.00116147  -0.0456947  0.0327431  -0.00387861  
-0.00318607  0.000108657  0.0012023  -0.0209699  0.0676025  0.0062716  
-0.00463183  0.000177935  0.00081605  -0.038305  0.0150956  0.00567783  
-0.007664  9.27271e-06  0.000730772  -0.051114  0.0309113  0.10829  
-0.00421756  -0.000489289  0.00134212  -0.0371528  0.06205  0.0157505  
-0.00709555  -1.5366e-05  0.000732439  -0.0372246  -0.0625621  0.122482  
-0.00534885  -9.53261e-05  0.00101476  -0.0372236  -0.00759778  0.00326181  
-0.00513368  -0.000188928  0.000994699  -0.0246957  -0.00261893  0.0513552  
-0.000886111  7.6571e-05  0.000758838  -0.0297146  0.0233118  0.021079  
-0.00155371  -1.08195e-05  0.00134713  -0.0269431  0.0692447  0.0271879  
-0.00663802  8.24809e-05  0.00122736  -0.0403214  -0.0278565  0.0278305  
-0.0044253  -0.00160705  0.00116914  -0.0197987  0.00948047  0.045726  
-0.00832246  -0.000945265  0.000844461  -0.0448074  -0.077903  0.0820322  
-0.0106116  -0.000617963  0.00113722  -0.0367611  -0.140084  0.1414  
-0.00839873  -0.00098733  0.000710485  -0.0280426  -0.0292869  0.0376139  
-0.00854951  -0.000471188  0.000393172  -0.0197339  -0.0765647  -0.000126815  
-0.00609957  -0.000767652  0.000772183  -0.0197352  -0.101985  0.0352388  
-0.0105656  -0.00136864  0.00103377  -0.028511  -0.185752  0.0994784  
-0.00829861  -0.00112947  0.00115978  -0.00855032  -0.0640404  -0.00234451  
-0.00882968  -0.000672872  0.00103377  -0.0138605  -0.16113  0.0655279  
-0.0063106  -0.000237037  0.00105336  0.0048311  -0.114255  -0.0498442  
-0.0102685  -0.000701595  0.00128593  0.0155915  -0.259583  0.0177316  
-0.00361013  -0.00108418  0.00172335  0.000157229  -0.131945  -0.0391697  
-0.00349346  -0.000311739  0.00142146  -0.0196746  -0.197096  0.00476201  
-0.00235384  -0.000440049  0.00105826  -0.0219928  -0.110824  0.0547915  
-0.00437731  -0.000311739  0.00106506  -0.0283347  -0.161125  0.0438389  
-0.00541014  -0.000124204  0.00108904  -0.0307119  -0.196434  0.0684148  
-0.00691777  -0.000311739  0.00175091  -0.0212011  -0.192793  0.0320641  
-0.00719869  -8.00159e-05  0.0019698  -0.026595  -0.211018  0.0860051  
-0.00702115  -0.000311739  0.00107271  -0.0262305  -0.193036  0.0666322  
-0.00675726  -0.000311739  0.00101346  -0.0264934  -0.231945  0.0888557  
-0.00531403  -0.00102949  0.00101841  -0.0225035  -0.202553  0.0552744  
-0.00454107  -0.0012406  0.000772134  -0.008808  -0.211884  0.0557313  
-0.00538326  -0.000470447  0.00140081  -0.0164286  -0.177634  0.0089608  
-0.0101725  -0.00157378  0.00173179  -0.0132562  -0.255997  0.060937  
-0.00398946  -0.00145994  0.00182726  -0.00502379  -0.170366  0.0643333  
-0.00284612  -0.00149656  0.0005645  0.00278224  -0.239254  0.0776119  
-0.00655134  -0.00145977  0.00138156  -0.00335575  -0.220799  0.0571408  
-0.00710118  -0.00105783  0.000924713  0.00698314  -0.275965  0.0584186  
-0.00874283  -0.00105783  0.000969176  -0.00773239  -0.269258  0.224947  
-0.00823579  -0.00310082  0.00136922  -0.0212849  -0.254987  0.26899  
-0.00685292  -0.00159743  0.00136922  -0.00778425  -0.254937  0.162816  
-0.00713047  -0.00159743  0.00136922  -0.0197445  -0.232749  0.151386  
-0.00955818  -0.00159743  0.00102749  -0.0404056  -0.267632  0.172318  
-0.00604958  -0.00097917  0.000699197  -0.032475  -0.18836  0.174238  
-0.00805701  -0.000308304  0.000799961  -0.0347326  -0.172758  0.195861  
-0.00423908  -7.4853e-05  0.000389962  -0.0396889  -0.15187  0.183402  
-0.00887872  5.16264e-05  0.000706903  -0.0377509  -0.156911  0.128815  
-0.00325356  -0.000559557  0.0012823  -0.0342004  -0.0711525  0.122951  
-0.00806419  -0.000391882  0.00133288  -0.0413397  -0.190239  0.115481  
-0.00703608  5.16264e-05  0.000746174  -0.0438707  -0.225446  0.155369  
-0.0103341  5.16264e-05  0.000814959  -0.0312596  -0.224159  0.149464  
-0.00654642  -0.000902101  0.000814959  0.000980879  -0.178802  0.176809  
-0.00785732  -0.000514377  0.00130908  -0.0175834  -0.201337  0.126178  
-0.00342298  -0.00124906  0.000814959  -0.00370622  -0.128718  0.0335894  
-0.00817199  -0.000458322  0.000644242  -0.0106675  -0.138175  0.00940835  
-0.0053187  -0.00020673  -6.02472e-05  -0.0174143  -0.155803  -0.0310838  
-0.00758594  -0.000244742  -0.000267777  -0.00554004  -0.145603  -0.0764666  
-0.00826754  5.79406e-05  -0.000740173  -0.0142591  -0.154544  -0.0793191  
-0.0109424  -0.000458322  -1.8901e-05  -0.0154344  -0.102019  -0.133513  
-0.00908962  -0.000934031  -0.000922187  -0.016239  -0.109306  -0.0917808  
-0.0060161  -0.00053615  -0.0018359  -0.0210559  -0.0999956  -0.11394  
-0.00307452  -0.00051109  -0.00114354  -0.00706333  -0.0570902  -0.103524  
-0.00423747  0.000210934  -0.000691311  -0.00754961  -0.0740282  -0.130741  
-0.00462832  -0.000788535  -0.000274004  -0.0148342  -0.132372  -0.0215719  
-0.000246878  -0.000119655  -0.000255616  -0.00829375  -0.0436307  -0.109023  
-0.00671939  0.000198899  -6.12109e-05  -0.0188537  -0.143274  -0.0230243  
-0.00493302  0.000364907  -0.000508786  -0.020059  -0.0594415  -0.0605537  
-0.00336973  0.000364907  -6.0935e-06  -0.0286026  -0.0638079  -0.0263559  
5.73122e-05  -2.24223e-05  -2.50777e-05  0.000479516  0.00132579  0.00147805  
-0.00429509  6.66765e-05  0.000331911  -0.0118291  -0.0518428  0.0443873  
-0.00182708  0.000364907  0.000134499  0.00408946  -0.00981237  -0.0362172  
-0.00449127  -7.17035e-05  -8.07314e-05  0.00405121  -0.016475  -0.0174231  
-0.00397996  -0.000282542  -0.000350551  -0.00623202  0.0145641  -0.0326838  
-0.000782883  -0.000677472  7.90545e-05  0.00382321  0.163678  -0.156374  
-0.00196381  0.00076747  -0.000207885  0.00124273  0.0723564  -0.138125  
-0.00312963  0.000763745  -0.000249163  -0.0123926  0.0429791  -0.0721814  
0.000738783  0.000763745  0.00030978  0.00408361  0.0712006  -0.0421257  
0.000226709  0.000400778  0.000878225  0.0210471  0.0872733  -0.157801  
0.000738042  7.90844e-06  0.000680261  0.029399  0.097745  -0.188701  
0.00329622  0.000334303  -0.000484153  0.021306  0.0893658  -0.183566  
-0.00239  -0.00102047  -3.83947e-05  0.0100565  0.0911413  -0.228736  
-0.00760931  -0.00131947  -0.000235953  0.0146047  0.0679406  -0.166204  
-0.00588156  -0.000968696  -0.000320446  0.0112857  0.0855701  -0.180077  
-0.00530639  -0.00131947  -0.000130748  0.0219709  0.129499  -0.190363  
-0.0061294  -0.00131947  -0.000130748  0.00903102  0.0830732  -0.226304  
-0.00739845  -0.000644427  -0.000738127  0.0075741  0.0702958  -0.183753  
-0.00399527  -0.000875547  -0.000971835  0.0113094  0.129291  -0.244524  
-0.00636277  -0.00053824  -0.00107803  -0.00674374  0.0446922  -0.150955  
-0.00727406  -0.000263388  -0.00122926  -0.012901  0.0340325  -0.129536  
-0.0026586  -0.00036011  -0.00050311  -0.00782439  0.150098  -0.219527  
-0.00631508  -0.000450569  -0.000341619  -0.0226437  0.0838896  -0.148788  
-0.00442981  0.000441387  -0.000484792  -0.0359555  0.103721  -0.216056  
-0.00519747  1.73377e-06  -0.0010841  -0.0180608  0.0868915  -0.287406  
-0.00638541  0.00023895  -0.00175137  -0.0220344  0.0585953  -0.21089  
-0.00249931  0.00110824  -0.000805211  -0.0166524  0.0941732  -0.249042  
-0.00561885  0.00126219  -0.00132595  -0.039735  0.0994242  -0.23633  
-0.00660967  0.000657127  -0.00160996  -0.0323519  0.104358  -0.248544  
-0.00642514  0.00183748  -0.0018754  -0.0637744  0.0158916  -0.176889  
-0.00807491  0.00101602  -0.00124723  -0.0642056  -0.00664724  -0.116265  
-0.00704719  -0.000487176  -0.00178162  -0.0269894  0.0650092  -0.268692  
-0.0070191  0.000296565  -0.00201379  -0.0384561  0.00143631  -0.200736  
-0.00624434  0.00146039  -0.00179209  -0.0536795  -0.00500885  -0.146148  
-0.000500478  0.000821789  -0.00124723  -0.0509079  0.109362  -0.182872  
-0.00401556  0.00157552  -0.000700085  -0.0515682  0.0735379  -0.184607  
7.57633e-05  0.00126181  -0.000928881  -0.0447131  0.111846  -0.251983  
0.000124601  0.00102616  -0.000321655  -0.0293109  0.131602  -0.351794  
-0.000999884  0.00119645  -7.01953e-05  -0.0291809  0.114856  -0.314011  
-0.000862108  0.00196019  -0.00122565  -0.0599056  0.0803845  -0.23899  
-0.000517838  0.0024121  -0.000564952  -0.0437574  0.0848167  -0.27452  
0.000172557  0.00274822  -0.00099661  -0.0671523  0.0728402  -0.173859  
4.36549e-05  0.00226492  -0.000564953  -0.0797095  0.0826613  -0.135488  
-0.0034042  0.00226492  -0.000478242  -0.0784471  0.0173795  -0.103988  
-0.00453351  0.00129994  -0.000777096  -0.0525361  0.0894484  -0.155213  
-0.00543021  0.000189926  -0.000479991  -0.0119247  0.102724  -0.214264  
0.00345073  0.000490858  -2.29696e-05  -0.00463699  0.203435  -0.346814  
-0.00220292  0.000826406  -4.6693e-05  -0.0209853  0.156114  -0.357927  
-0.004796  0.000932115  -0.000912521  -0.029182  0.140084  -0.298953  
-0.00217726  0.00236208  -0.000641757  -0.0328108  0.194699  -0.378127  
-0.00289675  0.00251251  -0.000926707  -0.0403999  0.168996  -0.361712  
-0.00412355  0.00178419  -0.00142816  -0.0460067  0.147793  -0.229146  
-0.00424148  0.00125975  -0.000575363  -0.0288859  0.138769  -0.176114  
-0.00539381  0.000699214  0.000152898  -0.0407669  0.0857081  -0.0667725  
-0.00129015  0.000568208  9.08094e-05  -0.0288483  0.154185  -0.167403  
0.00117278  0.0014452  -4.28493e-05  -0.0287231  0.10529  -0.245413  
-0.000763376  0.0017334  -1.99624e-06  -0.028655  0.0994251  -0.376022  
0.000815747  0.00113446  -0.000297363  -0.0179856  0.114839  -0.376396  
-0.00152858  0.00182218  -0.000430169  -0.021636  0.109156  -0.405211  
-0.00113545  0.00221693  -0.00101906  -0.0427708  0.0905356  -0.290382  
-0.000824477  0.00211397  -0.00167997  -0.0440027  0.0882074  -0.306265  
0.000101195  0.0019299  -0.00107222  -0.0185998  0.0500586  -0.244305  
0.000192394  0.000818584  -0.000392606  -0.0103552  0.0772537  -0.243981  
-0.00172401  0.000893096  -0.000248251  -0.0123761  0.0350519  -0.246056  
-0.0042906  0.000998531  -0.000753322  -0.0141431  0.00588573  -0.281279  
-0.00539046  0.00130372  -0.000383263  -0.00544567  0.00679624  -0.254196  
-0.00463722  0.00160968  2.83364e-05  -0.020312  0.0664566  -0.286522  
-0.00502316  0.00114274  0.000213195  -0.00857442  0.0362844  -0.256589  
-0.00178507  0.00214641  0.000264836  0.00240765  0.109109  -0.403203  
-0.00214462  0.00197311  0.000196164  0.00553946  0.0800748  -0.330053  
-0.00178471  0.00159589  0.000580811  -0.00831649  0.0346259  -0.374041  
-0.000520589  0.000925291  0.0010917  -0.00832794  0.0345319  -0.28842  
0.000720368  -0.000267519  0.00148565  -0.0024214  0.119764  -0.30604  
-0.00328692  -0.000153142  0.00177726  0.0148358  0.158317  -0.403321  
-0.00112177  0.000564384  0.00127473  0.00806762  0.0755447  -0.319664  
0.000545041  -0.000143723  0.00136134  -0.00206076  0.106462  -0.274287  
0.000620202  -0.00012569  0.0015184  -0.00730208  0.169062  -0.232929  
-0.00693742  -2.05045e-05  0.000730287  -0.0224842  0.086792  -0.254711  
0.000650293  0.000403233  0.000426103  -0.0147676  0.163596  -0.143735  
0.00381848  0.00137263  0.00135454  -0.0232656  0.182943  -0.11613  
0.000131651  0.000518804  0.00123016  -0.0339644  0.15049  -0.0951651  
-0.0029519  0.00039485  0.000729458  -0.0470498  0.067924  -0.0189808  
-0.00276531  0.00110421  0.000577166  -0.0483327  0.185567  0.00104921  
-0.00568855  0.00110421  0.000751069  -0.0744113  0.111188  0.00540509  
-0.00811704  0.000960143  0.00086783  -0.0472506  0.166179  -0.0612186  
-0.00574331  0.00110421  0.000724583  -0.0503187  0.161859  -0.157501  
-0.00455061  0.000959466  0.00131047  -0.0459725  0.234357  -0.171652  
-0.00138302  0.00137193  0.00177019  -0.0341046  0.196111  -0.111924  
-0.0033019  0.00210623  0.00109875  -0.0735398  0.1689  -0.162782  
-0.000132573  0.00215906  0.000576627  -0.0986067  0.123983  -0.24619  
-0.00531173  0.00177691  0.0016455  -0.0439148  0.129533  -0.144977  
-0.00487087  0.000681887  0.00185087  -0.0231895  0.141011  -0.171237  
-0.000868911  0.00103341  0.00122439  -0.0233517  0.194985  -0.224825  
-0.00164968  0.00140541  0.000991037  -0.0412562  0.156845  -0.272804  
-0.00275236  0.00226099  0.00135528  -0.035225  0.115093  -0.211803  
-0.00361028  0.00171665  0.00106622  -0.0232286  0.1516  -0.207932  
-0.00337892  0.00218746  0.000846471  -0.0449953  0.131697  -0.170589  
-0.00594654  0.00271928  0.00113253  -0.0687582  0.100217  -0.128182  
-0.00668002  0.0024892  0.000669572  -0.0576944  0.106538  -0.167745  
-0.00613418  0.00424477  0.000373562  -0.0700963  0.0672103  -0.096178  
-0.00171311  0.00407066  0.000405149  -0.0682547  0.0693109  -0.0690536  
-0.00797547  0.00387216  0.00061521  -0.0638447  0.0671037  -0.109748  
-0.0052278  0.00296676  0.00130843  -0.0285558  0.0845448  -0.256541  
-0.00431199  0.00319981  0.00167745  -0.0279177  0.0715799  -0.241073  
-0.00334326  0.00397733  0.00151164  -0.0460402  0.11682  -0.278626  
-0.00793179  0.00369984  0.00120107  -0.0514821  0.0717922  -0.195282  
-0.00712243  0.00360018  0.00151903  -0.0526506  0.153847  -0.273587  
-0.0085952  0.00319594  0.00189798  -0.0357139  0.0905684  -0.176262  
-0.00580357  0.00319594  0.00167153  -0.0357599  0.154664  -0.189498  
-0.0107628  0.00337313  0.00139096  -0.0458084  0.0729729  -0.177139  
-0.00924135  0.00279434  0.00122803  -0.0294559  0.121203  -0.185992  
-0.00686537  0.00374584  0.00136629  -0.0357364  0.118066  -0.211167  
-0.00389005  0.00406656  0.00144116  -0.0356018  0.0811231  -0.1616  
-0.00247429  0.00366213  0.00157685  -0.0311486  0.148793  -0.232048  
-0.00275992  0.00489759  0.00140487  -0.0354855  0.127979  -0.204413  
-0.00308159  0.00457135  0.00156245  -0.0466763  0.0656631  -0.14311  
-0.00336246  0.00411863  0.00132164  -0.074598  0.0498468  -0.102616  
-0.0054259  0.00393098  0.000882263  -0.0578134  0.0954205  -0.0498791  
-0.0050362  0.00343598  0.00114727  -0.0578279  0.061869  -0.0823899  
-0.00656988  0.00369386  0.000888265  -0.0632038  0.0410344  -0.0763448  
0.00450808  0.00396885  0.00140207  -0.0415813  0.104101  -0.193218  
-0.00245269  0.00392518  0.00164158  -0.0410738  0.0455771  -0.155499  
0.000106239  0.00356239  0.00138701  -0.035261  0.0975733  -0.167241  
0.00173875  0.00434736  0.00133799  -0.049758  0.151296  -0.221477  
-0.000845399  0.00383771  0.00203006  -0.0508789  0.0568097  -0.128145  
-0.000224957  0.00334775  0.00176472  -0.0369578  0.0980533  -0.241357  
-0.00539221  0.00334775  0.00141815  -0.0326699  0.117114  -0.285103  
-0.000982228  0.00352095  0.00111803  -0.0328927  0.216651  -0.421516  
-0.00415761  0.00471228  0.000185139  -0.0669246  0.147583  -0.306575  
-0.00557227  0.00409009  0.000443563  -0.0490047  0.182244  -0.255703  
-0.0031682  0.00420157  0.000879486  -0.0517995  0.19479  -0.277238  
-0.00171601  0.00313301  0.00106243  -0.032966  0.282872  -0.327907  
-0.000507205  0.00357535  0.000873328  -0.0468357  0.245431  -0.310436  
-0.00367743  0.00405713  -9.35234e-05  -0.0595855  0.212558  -0.262209  
-0.00200964  0.00479604  0.00048383  -0.055725  0.247461  -0.215565  
-0.00276912  0.00404368  0.00010452  -0.0454048  0.178617  -0.221546  
-0.00024226  0.00324801  0.000280619  -0.0406212  0.207592  -0.228532  
-0.000873303  0.00376343  0.000566939  -0.0297065  0.340087  -0.322725  
0.00116256  0.00375111  0.000708258  -0.0328635  0.223431  -0.222949  
0.00136182  0.00349753  0.000649317  -0.0401238  0.239323  -0.139715  
0.00219532  0.00344463  0.00054339  -0.0417011  0.295342  -0.197136  
0.00423669  0.00344463  0.00072042  -0.0330063  0.296437  -0.272477  
0.0042968  0.0040689  0.000626129  -0.041972  0.320963  -0.36938  
0.00538676  0.00344463  0.000304006  -0.0467535  0.299821  -0.256813  
0.00572059  0.00566945  0.0003415  -0.07023  0.328117  -0.255327  
0.0014217  0.00457008  0.000759689  -0.0567499  0.206895  -0.250344  
-0.0013312  0.00408243  -9.54056e-05  -0.0618073  0.152826  -0.162239  
0.00235623  0.00378943  -0.00028953  -0.0602361  0.284879  -0.163262  
0.000733264  0.0042779  -0.000422164  -0.0493093  0.243039  -0.216541  
0.00140389  0.00384949  -0.00051157  -0.0455848  0.250822  -0.319947  
-0.000192516  0.00400494  -0.00135129  -0.0368747  0.278249  -0.386473  
0.00141228  0.00426124  -0.000204299  -0.0267901  0.294961  -0.414856  
0.0030569  0.0048931  -0.00031273  -0.0361604  0.28077  -0.447443  
0.00291026  0.00553475  -0.000450528  -0.0569927  0.239586  -0.329013  
0.00583511  0.00533227  -4.04153e-05  -0.0150159  0.252083  -0.356974  
0.000846158  0.00460776  -4.29009e-05  -0.0337872  0.191626  -0.328433  
0.00141579  0.00650532  -0.000786757  -0.0522384  0.232756  -0.293693  
0.0014668  0.00595717  -0.000717452  -0.0462015  0.238915  -0.356085  
0.00225693  0.00540863  -0.00118193  -0.0529976  0.211691  -0.32367  
0.000812574  0.00511257  -0.000648326  -0.0441993  0.227425  -0.399018  
-0.00138116  0.00447076  -0.000861585  -0.0365735  0.183356  -0.36704  
0.00390083  0.0048433  -0.000526777  -0.0363696  0.258354  -0.402863  
-0.00120404  0.00424397  -9.90795e-05  -0.0290689  0.122941  -0.412174  
0.00106454  0.00472069  1.21262e-05  -0.0301555  0.137287  -0.356418  
-0.000621472  0.00517418  -0.000261777  -0.0361787  0.0943242  -0.379883  
-0.00236941  0.00463584  0.000221313  -0.014209  0.132071  -0.423233  
0.00303549  0.00377598  0.000400835  -0.011186  0.23609  -0.531524  
0.00038788  0.00479072  0.000228866  -0.0437489  0.149051  -0.446841  
0.00310127  0.00438288  0.00023494  -0.0210633  0.175983  -0.47439  
0.00452455  0.00438288  -1.67681e-05  -0.0340237  0.167723  -0.518999  
0.0037497  0.00540198  8.34701e-05  -0.0446726  0.164911  -0.471713  
0.000334585  0.00518563  0.000531405  -0.0543732  0.152119  -0.421012  
0.00372104  0.00457492  0.0013938  -0.0132522  0.326111  -0.530233  
0.00107727  0.00502619  0.000830371  -0.0205345  0.19767  -0.529265  
0.00265218  0.00626549  0.00024287  -0.0602315  0.221351  -0.431971  
-0.00356  0.00512098  0.000348168  -0.0479274  0.233628  -0.482697  
-0.00431549  0.00402749  0.000150397  -0.0535961  0.138405  -0.378908  
0.000535906  0.00462497  0.000533409  -0.0371707  0.185478  -0.465464  
0.00230304  0.00504791  0.000333976  -0.0465178  0.119202  -0.508218  
-0.00146466  0.00483055  0.000463228  -0.055316  0.0822508  -0.433712  
-0.00125769  0.00438391  0.00034719  -0.0433461  0.107872  -0.533816  
-0.000680945  0.0045972  0.000529283  -0.0372151  0.0244559  -0.37277  
0.00572952  0.00450604  -0.000548795  -0.0374546  0.110537  -0.260229  
0.00378933  0.00374964  0.000312973  -0.0375457  0.101603  -0.231817  
-0.00199535  0.0029842  0.000975819  -0.0375399  0.0891522  -0.291799  
0.0028985  0.00348486  0.00129886  -0.0234415  0.197795  -0.43325  
0.00376404  0.00391152  0.00186988  -0.0291068  0.236684  -0.489919  
0.00489446  0.00392625  0.0020311  -0.0190496  0.185578  -0.442221  
0.00287583  0.00371376  0.00210018  -0.0101136  0.204711  -0.366601  
0.00345103  0.00275656  0.00214794  0.0121733  0.141304  -0.379662  
0.00450737  0.00336863  0.00158823  -0.00626323  0.163677  -0.426329  
0.00283767  0.00374663  0.00175136  -0.0325188  0.185113  -0.423602  
0.00538318  0.00445908  0.00175111  -0.019474  0.269602  -0.486717  
0.00348095  0.00396086  0.00156361  -0.029709  0.209841  -0.476619  
0.00668532  0.00492466  0.00126383  -0.0502896  0.252824  -0.446924  
0.00614235  0.00537632  0.00186325  -0.0291246  0.243527  -0.494516  
0.00160178  0.00425319  0.0011611  -0.0532718  0.156377  -0.439644  
0.000540867  0.00396086  0.0016649  -0.0463654  0.213703  -0.41642  
-0.00485208  0.00318503  0.00110498  -0.0296755  0.111596  -0.403897  
0.00161817  0.00186144  0.00116598  -0.0110165  0.161939  -0.424032  
-0.000609883  0.0025805  0.00163003  -0.0119708  0.114548  -0.479381  
0.00193101  0.00264275  0.00199601  -0.0020749  0.13788  -0.441  
0.00245575  0.00334104  0.0018332  -0.0183123  0.175093  -0.521508  
0.00263919  0.00287946  0.00216838  -0.0100034  0.189634  -0.540895  
-0.00141379  0.00364233  0.00192965  -0.0269022  0.17853  -0.555548  
-0.000150347  0.00424096  0.00121696  -0.0280798  0.162332  -0.411685  
0.00343799  0.00379369  0.00163152  -0.0274322  0.244159  -0.405449  
0.000717633  0.00420015  0.000973827  -0.039183  0.194204  -0.471522  
0.00170017  0.00445603  0.000735853  -0.0354165  0.271149  -0.417908  
0.00484455  0.00483475  0.000923644  -0.0386587  0.341678  -0.45099  
0.00322234  0.00449645  0.00127002  -0.0329671  0.249817  -0.459868  
0.00572038  0.00554089  0.00101435  -0.0458379  0.353329  -0.525581  
0.00619926  0.00478827  0.00140765  -0.0283492  0.309477  -0.489458  
0.0049729  0.00505956  0.00115383  -0.0347355  0.380872  -0.538225  
0.00807344  0.00556015  0.000977067  -0.0436471  0.347417  -0.55754  
0.00233346  0.00523334  0.000999918  -0.0508779  0.291316  -0.519119  
0.00422555  0.0051657  0.00137782  -0.0208356  0.362431  -0.560174  
0.00741499  0.00485859  0.00160402  -0.0179516  0.3575  -0.608601  
0.00445109  0.00535828  0.00158926  -0.0285921  0.272967  -0.588188  
0.00324953  0.0044539  0.000689996  -0.0294441  0.327034  -0.529662  
0.00261464  0.00476091  0.00117193  -0.0404196  0.291665  -0.563465  
0.00278515  0.00464415  0.00193377  -0.0287589  0.3498  -0.531977  
0.00364712  0.0049543  0.00130877  -0.0342298  0.282417  -0.581616  
0.00602209  0.00521907  0.000879054  -0.0392756  0.284986  -0.449433  
0.00329678  0.00513941  0.00101606  -0.0507188  0.21164  -0.491593  
0.00213938  0.00509746  0.00162283  -0.0551377  0.181076  -0.430992  
0.00257658  0.00395771  0.00120809  -0.0335327  0.182217  -0.472416  
0.00809174  0.00443731  0.00185464  0.00993171  0.156644  -0.578699  
0.0081542  0.00589879  0.00101518  -0.0098431  0.0860514  -0.525792  
0.00464526  0.00497268  0.00131567  -0.0234034  0.0771097  -0.567141  
0.000932112  0.00472268  0.00243615  -0.00780024  0.140997  -0.541441  
0.000907991  0.00456521  0.00227902  -0.0243085  0.126093  -0.640722  
0.00103745  0.00436123  0.00227927  -0.0130545  0.141348  -0.63502  
-5.25555e-05  0.00405871  0.00215529  -0.0132475  0.0792562  -0.586343  
0.00117528  0.00362217  0.00248212  0.00219373  0.147245  -0.59302  
-0.000151472  0.00392032  0.00266034  0.0100438  0.144938  -0.655842  
0.000871699  0.00368048  0.00308017  0.0100577  0.129713  -0.66622  
0.0047396  0.00499494  0.00272552  -0.00573074  0.1999  -0.641254  
0.00502814  0.00477043  0.00250786  -0.0125293  0.174492  -0.671354  
0.00373521  0.00429553  0.00239314  -0.0127395  0.0559375  -0.526203  
0.00134712  0.00363184  0.00209456  -0.0129684  0.0937073  -0.592178  
0.00154129  0.00415509  0.00240253  0.0115162  0.131775  -0.672108  
0.000295061  0.0040946  0.00247143  0.00097919  0.0910298  -0.589972  
0.00245219  0.00434322  0.00266004  0.00112941  0.135704  -0.657376  
0.006131  0.00428052  0.0023472  0.00114421  0.0984641  -0.700249  
0.0107957  0.00433309  0.00327472  0.00977799  0.208142  -0.760355  
0.00723976  0.00395364  0.00355011  0.0213087  0.145135  -0.709877  
0.00684737  0.00328434  0.00287547  0.0162069  0.164182  -0.65945  
0.00421077  0.00136719  0.00337926  0.065948  0.0555816  -0.650264  
0.00335667  0.00227379  0.00267744  0.0106877  0.0211289  -0.513693  
0.0064185  0.00782798  0.00256801  -0.0634173  0.0909292  -0.471223  
0.00220206  0.00543618  0.00274419  -0.00753687  0.10342  -0.521665  
0.000388531  0.00474298  0.0017978  -0.0172227  -0.0146183  -0.493484  
-0.00111675  0.00445931  0.00183039  -0.00176145  -0.0288994  -0.492148  
0.00743113  0.00513592  0.00192503  -0.0115789  0.0455444  -0.644079  
0.0033242  0.00424187  0.00289666  -0.00787665  0.00739292  -0.532844  
0.00893307  0.00434034  0.00302783  -0.0256548  0.118354  -0.650941  
0.00161235  0.00337746  0.0030329  -0.0321514  -0.0462118  -0.427507  
-0.000775172  0.00159783  0.00279206  -0.0166755  -0.0596689  -0.326752  
