0.0298171  -0.00627449  -0.00656578  -0.0835282  0.0145644  0.5316  
0.0291575  -0.00609482  -0.00649095  -0.084461  0.0303715  0.545407  
0.0287946  -0.00609023  -0.00640157  -0.0830076  0.0282078  0.564766  
0.0290378  -0.00630787  -0.00642683  -0.0802229  0.0107598  0.573548  
0.0290002  -0.00611759  -0.00631296  -0.0759074  0.0164373  0.560711  
0.0288119  -0.00606612  -0.00645131  -0.0780009  0.0175695  0.553086  
0.0290667  -0.00626651  -0.00623225  -0.0770069  0.0244367  0.542143  
0.0287398  -0.00640148  -0.00628475  -0.0704945  0.039515  0.577589  
0.0291478  -0.00616804  -0.00622267  -0.0703819  0.00932727  0.53561  
0.0288586  -0.00596438  -0.00616281  -0.0769779  0.0378159  0.539788  
0.0298075  -0.00597298  -0.00614416  -0.0754212  0.0341887  0.567826  
0.0296583  -0.00600999  -0.00609396  -0.0741784  0.0360114  0.544392  
0.0296487  -0.00595608  -0.00621364  -0.0793195  0.039561  0.550203  
0.0294415  -0.00589016  -0.00624429  -0.0761724  0.0350727  0.562963  
0.0296915  -0.00579165  -0.00621644  -0.0805411  0.03855  0.569194  
0.0298342  -0.00607183  -0.00608063  -0.0734056  0.0261184  0.552373  
0.029593  -0.0057091  -0.00611943  -0.0759463  0.0210927  0.518016  
0.0298809  -0.00606072  -0.00626819  -0.0731844  0.0281046  0.533722  
0.0294902  -0.00588956  -0.00622155  -0.0796595  0.035728  0.535511  
0.0294045  -0.00570549  -0.0062678  -0.080166  0.0148618  0.513832  
0.0298339  -0.00573773  -0.00636543  -0.0761152  0.0267224  0.497146  
0.0294045  -0.00555139  -0.00614777  -0.0854464  0.0256185  0.513891  
0.0292716  -0.00559149  -0.00614896  -0.072243  0.047391  0.540435  
0.0291096  -0.00553175  -0.00614578  -0.0762917  0.0269988  0.56591  
0.0292992  -0.0056526  -0.0060048  -0.0783396  0.0191716  0.557132  
0.0291764  -0.00561863  -0.00627524  -0.0793313  0.00935252  0.518639  
0.0294323  -0.00564585  -0.0061758  -0.0753243  0.0481696  0.533631  
0.029504  -0.0057226  -0.00620021  -0.0826984  0.00917159  0.52674  
0.0294207  -0.0058665  -0.00619853  -0.0736575  0.0311195  0.552813  
0.0299313  -0.00572317  -0.00624473  -0.0812219  0.0162317  0.573346  
0.0301863  -0.00577207  -0.00618471  -0.0806462  0.0160002  0.553866  
0.030258  -0.00552139  -0.00615175  -0.0871474  0.0207373  0.533728  
0.0296965  -0.00560903  -0.00612099  -0.0861896  0.0104734  0.527721  
0.0298672  -0.00548546  -0.00618113  -0.0827715  0.0310679  0.533671  
0.02999  -0.00541966  -0.00599921  -0.0820563  0.0156795  0.559143  
0.0298121  -0.00523409  -0.00589737  -0.0826203  0.0226463  0.554755  
0.0302277  -0.00535811  -0.00576183  -0.0832062  0.0236775  0.562452  
0.0293824  -0.00492297  -0.00580013  -0.0837518  0.0176077  0.55249  
0.0293566  -0.00502519  -0.00594826  -0.0873219  0.0243814  0.586487  
0.0296803  -0.00467574  -0.00584113  -0.0868553  0.0216273  0.588624  
0.0295274  -0.00474917  -0.00583384  -0.0875681  0.027626  0.586093  
0.0288679  -0.00431992  -0.00580802  -0.0870521  0.0181667  0.548227  
0.0286888  -0.00416598  -0.00573483  -0.0857774  0.0190206  0.566982  
0.0286052  -0.00403515  -0.00557284  -0.0854404  0.0273763  0.566481  
0.0286417  -0.00383222  -0.00570505  -0.0843845  0.0180884  0.542363  
0.0282142  -0.0038828  -0.00586862  -0.083426  0.0180192  0.543533  
0.0279707  -0.0037663  -0.00564737  -0.0772278  0.0292557  0.558861  
0.0280784  -0.00408721  -0.00550476  -0.0673357  0.0373427  0.563737  
0.0283654  -0.00387902  -0.00561846  -0.0696499  0.0247418  0.553045  
0.0277562  -0.00395407  -0.00555618  -0.069427  0.0233839  0.556454  
0.0276679  -0.00386473  -0.00557922  -0.0708078  0.0486766  0.548281  
0.028324  -0.00388561  -0.00565448  -0.0766971  0.0389545  0.568484  
0.0283327  -0.00388508  -0.00558536  -0.067083  0.0222599  0.558629  
0.0284665  -0.0038806  -0.00558287  -0.0753981  0.0350746  0.553789  
0.0283606  -0.00385828  -0.00561646  -0.0715966  0.0439237  0.531546  
0.0277394  -0.00411264  -0.00553997  -0.069958  0.0447584  0.544359  
0.0278667  -0.00387854  -0.00544292  -0.0707705  0.019431  0.515012  
0.0275273  -0.00405949  -0.00510958  -0.0689095  0.0321122  0.513221  
0.0274001  -0.00403493  -0.00501793  -0.0614395  0.0345472  0.540217  
0.0280094  -0.00404595  -0.0050836  -0.0635136  0.0247193  0.53786  
0.0275696  -0.00381137  -0.00520454  -0.0622237  0.0272258  0.514452  
0.0279428  -0.00377995  -0.00532817  -0.0647956  0.0342229  0.525691  
0.0288302  -0.00361782  -0.00519297  -0.0720253  0.0410299  0.532286  
0.0288901  -0.00369613  -0.00505271  -0.0628108  0.0403844  0.521228  
0.0285233  -0.00394078  -0.00520416  -0.0582971  0.0325348  0.502812  
0.0287849  -0.00373755  -0.0049857  -0.062516  0.0508057  0.505117  
0.0290633  -0.00340703  -0.00498435  -0.0587512  0.0529399  0.521067  
0.0284391  -0.00387812  -0.00490369  -0.0621766  0.0422788  0.51565  
0.0290994  -0.00392779  -0.00467031  -0.0641192  0.0418545  0.527136  
0.0294488  -0.00408652  -0.00464791  -0.0596088  0.0347361  0.521474  
0.0293329  -0.00402887  -0.00448708  -0.055668  0.0405745  0.523014  
0.0298303  -0.00430134  -0.00453998  -0.0601509  0.0550857  0.526015  
0.0311006  -0.00463885  -0.00433596  -0.0495738  0.0386809  0.510587  
0.0317493  -0.00478845  -0.00389241  -0.0338288  0.0560475  0.460109  
0.0320433  -0.00463037  -0.00392133  -0.0454629  0.0520551  0.459401  
0.0320679  -0.00463487  -0.00386277  -0.0426819  0.0611972  0.484607  
0.0320686  -0.00480491  -0.0037375  -0.0336683  0.0694267  0.5064  
0.0316587  -0.00487359  -0.00363599  -0.0387395  0.058506  0.51555  
0.0315419  -0.00487668  -0.00376618  -0.0311945  0.0609286  0.520321  
0.0325493  -0.00465454  -0.00400634  -0.0420246  0.0829426  0.509533  
0.0344819  -0.00577696  -0.00399678  -0.0349668  0.109299  0.547393  
0.0333365  -0.00527133  -0.00403661  -0.0392766  0.0849948  0.542419  
0.0333848  -0.00515614  -0.00394295  -0.0432109  0.0721134  0.529602  
0.0321518  -0.00515076  -0.00392234  -0.0427025  0.0664406  0.529707  
0.03189  -0.00527133  -0.00380759  -0.0315242  0.0840809  0.603097  
0.0326656  -0.00527134  -0.00384198  -0.033728  0.0533422  0.5756  
0.0319571  -0.00527134  -0.00369383  -0.0404099  0.061797  0.538164  
0.0319424  -0.00511088  -0.00389878  -0.0446576  0.0744292  0.537566  
0.0315927  -0.00484581  -0.00387158  -0.0426283  0.053796  0.538525  
0.0311948  -0.00479722  -0.00380717  -0.0331921  0.0544607  0.530788  
0.0314407  -0.00486219  -0.00375491  -0.0280332  0.076633  0.533954  
0.0320309  -0.00451278  -0.00393116  -0.0393435  0.083008  0.536541  
0.0317442  -0.00480877  -0.0037249  -0.028849  0.0690869  0.538018  
0.0318301  -0.00463567  -0.00366523  -0.035188  0.0537323  0.545976  
0.0318856  -0.00477468  -0.00370927  -0.0353843  0.066879  0.525277  
0.0317924  -0.00492299  -0.0036917  -0.0392596  0.0753086  0.499783  
0.0312403  -0.00484132  -0.0039181  -0.0392808  0.0633972  0.520086  
0.031656  -0.00478949  -0.00361651  -0.0415469  0.0602655  0.522629  
0.0314231  -0.00491583  -0.00365132  -0.0325775  0.0769215  0.543831  
0.030781  -0.00494103  -0.00370152  -0.0315616  0.0608389  0.526817  
0.0305459  -0.00499175  -0.00369539  -0.0268702  0.0588408  0.522583  
0.0301245  -0.00521731  -0.00365679  -0.0220388  0.0695332  0.534261  
0.0310315  -0.00502593  -0.00366439  -0.0236975  0.0673273  0.539985  
0.0306514  -0.00510531  -0.00369924  -0.0285024  0.0569264  0.511321  
0.0307998  -0.0052173  -0.00346104  -0.0251927  0.0716359  0.528048  
0.0306507  -0.00512592  -0.0036811  -0.022761  0.0664831  0.542921  
0.0303971  -0.0055159  -0.00347989  -0.0139524  0.0647332  0.538723  
0.0297767  -0.0052173  -0.00360102  -0.0205147  0.0776103  0.548083  
0.0297502  -0.00559544  -0.00335062  -0.0176729  0.0587058  0.538162  
0.0298678  -0.00565099  -0.00340541  -0.0193402  0.0604953  0.547282  
0.0290298  -0.00554209  -0.00338697  -0.0139722  0.0415846  0.547723  
0.0297971  -0.00578761  -0.00289539  -0.0104745  0.0514731  0.538744  
0.030099  -0.00565864  -0.00305083  -0.0177892  0.0466944  0.519666  
0.0301852  -0.00547381  -0.00300137  -0.0142228  0.0770105  0.537951  
0.0306472  -0.00574011  -0.00290116  -0.00470757  0.0545389  0.553987  
0.0307281  -0.00555295  -0.00306123  -0.0111046  0.0602318  0.533803  
0.0301904  -0.00564502  -0.00298213  -0.00553553  0.0591936  0.53307  
0.030097  -0.00599483  -0.00293804  -0.0080168  0.0667348  0.533835  
0.0300761  -0.00608922  -0.00296061  -0.00864507  0.0802576  0.543629  
0.0307295  -0.00607679  -0.00276435  0.000433116  0.0732143  0.540596  
0.0309304  -0.00624852  -0.00264308  0.000962881  0.0784394  0.536661  
0.0299927  -0.00603054  -0.00264029  0.00529299  0.0654453  0.529817  
0.0303328  -0.0058669  -0.00255487  0.00523808  0.0587298  0.529719  
0.0307488  -0.00634778  -0.00260252  0.00538415  0.0670299  0.531274  
0.0308852  -0.00608336  -0.00263204  -0.00231044  0.0691995  0.519623  
0.0305451  -0.00601687  -0.00267131  0.000859394  0.0700569  0.545277  
0.0306809  -0.00614825  -0.00252147  0.00123705  0.0570631  0.550387  
0.031049  -0.00636635  -0.00252303  0.000640814  0.0806748  0.55003  
0.0304231  -0.00620241  -0.00241024  0.00996338  0.0862807  0.544178  
0.0298308  -0.00618125  -0.00252357  0.00961377  0.0770917  0.547308  
0.0297216  -0.00619333  -0.00248626  0.00531981  0.0614249  0.548581  
0.0300562  -0.0061862  -0.00232719  0.00751218  0.0679001  0.51379  
0.0297216  -0.00610871  -0.00238703  0.0052864  0.0808307  0.527409  
0.0300332  -0.00590847  -0.00248482  0.000671891  0.059916  0.532213  
0.0302332  -0.00625109  -0.00243825  0.00535373  0.0548947  0.533717  
0.02966  -0.00624339  -0.00242778  0.00991873  0.0576438  0.524894  
0.0303825  -0.00624339  -0.00239334  0.0100337  0.0860485  0.534138  
0.0300209  -0.00624338  -0.0022371  0.0100228  0.0696172  0.533361  
0.0297918  -0.00633418  -0.00251957  0.00907859  0.0609033  0.506136  
0.0300911  -0.00624338  -0.00247966  0.00317944  0.0767418  0.510221  
0.0300868  -0.00624338  -0.00259243  0.00554022  0.0772268  0.515017  
0.0306139  -0.00624339  -0.00265598  0.00615546  0.0594664  0.527976  
0.0309193  -0.00624338  -0.00269676  0.00608508  0.0756046  0.523268  
0.0307127  -0.00638492  -0.00267357  0.0060153  0.0653411  0.517948  
0.0301264  -0.00624339  -0.0025862  0.00824506  0.0711574  0.510381  
0.03016  -0.00624339  -0.00265209  0.00422768  0.0421854  0.507731  
0.0297988  -0.00633861  -0.00248832  0.00379146  0.0525953  0.484798  
0.0295244  -0.00624339  -0.00239403  0.00881511  0.0605706  0.490152  
0.0293913  -0.0064133  -0.00251651  -0.00137087  0.0480211  0.508852  
0.0294068  -0.00625708  -0.00260666  -0.000707692  0.0492984  0.465834  
0.0288619  -0.00639825  -0.00264609  0.00918188  0.0532899  0.48763  
0.0297063  -0.00625708  -0.00251327  0.00785185  0.0653648  0.505834  
0.0294826  -0.00616521  -0.0024766  0.0110521  0.0655304  0.516555  
0.0286354  -0.00631575  -0.00248011  0.00870908  0.0407667  0.483596  
0.0285376  -0.00634079  -0.00239602  0.0124503  0.0684728  0.50227  
0.0282849  -0.00624212  -0.00233019  0.0153118  0.076766  0.497932  
0.028614  -0.0062322  -0.00251826  0.0159748  0.061529  0.477582  
0.0287741  -0.00622105  -0.00262552  0.00723336  0.0724139  0.436646  
0.0282407  -0.00632004  -0.00273681  0.00593548  0.0572965  0.482073  
0.0283893  -0.00640223  -0.00243148  0.00567575  0.0237563  0.47734  
0.0276143  -0.00656636  -0.00234801  0.0121193  0.0403916  0.469279  
0.0278268  -0.00648373  -0.00240356  0.016481  0.0685653  0.493576  
0.0287273  -0.00620407  -0.00256811  0.0167524  0.0792682  0.516167  
0.0289266  -0.00645654  -0.00252593  0.0143156  0.0775692  0.620279  
0.0278268  -0.00632004  -0.0024007  0.0143753  0.0739933  0.637411  
0.0281281  -0.00632004  -0.00245911  0.00719141  0.0556738  0.64526  
0.0275407  -0.00663044  -0.00251388  0.00373581  0.0500032  0.619801  
0.0273539  -0.00662422  -0.00262486  0.0133716  0.0607689  0.629586  
0.0271768  -0.00632004  -0.00250225  0.0146735  0.0543741  0.633149  
0.0273539  -0.00618129  -0.00256422  0.00929947  0.0448226  0.592834  
0.026713  -0.00617321  -0.00257642  0.0114227  0.0513859  0.631783  
0.0265092  -0.00591179  -0.00238696  0.0149193  0.026742  0.627605  
0.0260859  -0.00593694  -0.00239992  0.0195377  0.0515812  0.578648  
0.026206  -0.00622468  -0.00233309  0.0184848  0.0685678  0.611452  
0.0258709  -0.0060147  -0.0023425  0.018099  0.0394264  0.615241  
0.0261416  -0.0060731  -0.00223911  0.0147872  0.0169557  0.589621  
0.0260248  -0.00587966  -0.00213127  0.0201939  0.0561636  0.603215  
0.0266249  -0.00604868  -0.00236457  0.0190531  0.0266969  0.616822  
0.0270702  -0.00626834  -0.00247732  0.0219327  0.0464042  0.608144  
0.0274529  -0.00621317  -0.0021956  0.0195307  0.0743127  0.59911  
0.0269362  -0.00586151  -0.00235494  0.00826482  0.0837167  0.627114  
0.0270296  -0.00610469  -0.00247324  0.0127815  0.0530606  0.623169  
0.0265693  -0.00601938  -0.00266134  0.00254814  0.0481437  0.579109  
0.0260508  -0.0059306  -0.00239428  0.0187441  0.0492146  0.62806  
0.0262955  -0.006109  -0.00232657  0.0212038  0.0277309  0.580406  
0.0256049  -0.00585104  -0.00218111  0.0274625  0.0627303  0.566941  
0.0268146  -0.00628041  -0.00196575  0.0294879  0.0557154  0.619554  
0.026632  -0.00630953  -0.00199454  0.0286349  0.0495528  0.595799  
0.0265475  -0.00634158  -0.00183492  0.0312845  0.0831954  0.632064  
0.0271441  -0.00635584  -0.00180818  0.0275032  0.0512116  0.601939  
0.0256793  -0.00632134  -0.00191198  0.0282221  0.0530527  0.613357  
0.025611  -0.00648721  -0.00166897  0.0363346  0.0661015  0.640559  
0.025764  -0.00632134  -0.00193755  0.0328266  0.0525686  0.614995  
0.0249377  -0.00632134  -0.00185829  0.0349889  0.0474769  0.619632  
0.0246064  -0.00608618  -0.00188017  0.033639  0.0575967  0.636452  
0.0249162  -0.00622286  -0.00182235  0.0355008  0.0369943  0.621879  
0.0243644  -0.00629091  -0.00185802  0.0380518  0.0504942  0.610439  
0.0237657  -0.00658391  -0.00154051  0.0425381  0.0561723  0.631327  
0.0235187  -0.00642057  -0.00166897  0.0443516  0.037802  0.622805  
0.0243063  -0.00642057  -0.00177579  0.0401259  0.0448684  0.604735  
0.0244465  -0.00627369  -0.00166897  0.0374933  0.0517  0.618092  
0.0246639  -0.00641811  -0.00166897  0.0367258  0.0487186  0.652453  
0.0246666  -0.00615255  -0.00192367  0.0301769  0.030593  0.636198  
0.0244818  -0.00622755  -0.00184843  0.0318433  0.0382888  0.630924  
0.0243184  -0.00629445  -0.00166897  0.0356743  0.0355118  0.630804  
0.0239897  -0.00627855  -0.0016821  0.041605  0.025316  0.638917  
0.0236382  -0.00642133  -0.001723  0.0350685  0.0211415  0.623241  
0.0232702  -0.00649721  -0.00167359  0.0349785  0.0212145  0.600399  
0.0239735  -0.00649721  -0.00149057  0.0466728  0.059165  0.604381  
0.0248892  -0.00649721  -0.0015448  0.0440874  0.0273015  0.619155  
0.0247217  -0.00649721  -0.0015898  0.0410532  0.0444737  0.61466  
0.0236525  -0.00611805  -0.0012639  0.042539  0.028104  0.620957  
0.0238072  -0.006023  -0.00156835  0.0397467  0.0318318  0.642041  
0.0246194  -0.0062871  -0.00149555  0.0390496  0.0291343  0.620106  
0.0238967  -0.00603114  -0.00146626  0.0373094  0.0455735  0.617675  
0.0240618  -0.00602952  -0.0016478  0.0354889  0.0378025  0.648233  
0.0244351  -0.00587867  -0.00132185  0.0346416  0.0389695  0.627719  
0.0241125  -0.00579139  -0.00147776  0.0292214  0.0506398  0.630779  
0.0243574  -0.00572501  -0.00137707  0.0337423  0.0479351  0.655421  
0.0246764  -0.00580075  -0.00161297  0.0256622  0.0407517  0.621178  
0.024548  -0.00598145  -0.0016042  0.0258675  0.0401645  0.629358  
0.0233468  -0.00581704  -0.00127063  0.0363997  0.0319003  0.629402  
0.0241925  -0.00572502  -0.00140166  0.0322698  0.0249372  0.630271  
0.023517  -0.00556571  -0.0015959  0.0268288  0.00799796  0.593856  
0.0231032  -0.00572502  -0.00143469  0.0346682  0.0275798  0.609374  
0.0225006  -0.00567206  -0.00142725  0.0309408  0.0284683  0.619304  
0.0230092  -0.0055866  -0.00170193  0.0253165  0.0210195  0.617192  
0.0233704  -0.00564222  -0.00148489  0.0266319  0.0226947  0.598672  
0.023161  -0.00575803  -0.00140935  0.0336957  0.0454762  0.603249  
0.0236157  -0.00580668  -0.00135107  0.0358957  0.0303836  0.646872  
0.0232874  -0.00579905  -0.0012984  0.0352635  0.0183935  0.619548  
0.0227695  -0.00574999  -0.00126106  0.0326115  0.0315367  0.62365  
0.0228638  -0.00572653  -0.00127417  0.0344636  0.00893878  0.627142  
0.022701  -0.00594662  -0.00154738  0.0307349  -0.017494  0.588895  
0.0224572  -0.00563202  -0.00137264  0.0390851  0.0370773  0.608779  
0.0234117  -0.00579408  -0.00136757  0.0340668  0.0215705  0.601462  
0.0226396  -0.00566681  -0.00119448  0.0304968  0.03228  0.589135  
0.0221708  -0.00566681  -0.00120636  0.0381575  0.0450998  0.594879  
0.0225426  -0.00582386  -0.00120508  0.0407059  0.0333864  0.609574  
0.0222443  -0.005831  -0.00128626  0.0301594  0.0304157  0.595187  
0.0225365  -0.00566681  -0.00102053  0.0305556  0.0426816  0.597944  
0.0223744  -0.00566681  -0.00139041  0.0306773  0.0540109  0.587414  
0.0227236  -0.00566681  -0.00126424  0.0365107  0.0218562  0.596257  
0.0221577  -0.00589201  -0.00102053  0.0344203  0.0219142  0.56445  
0.0214263  -0.00599417  -0.00102053  0.0475821  0.0481173  0.539087  
0.022254  -0.00602167  -0.000911799  0.0487182  0.031952  0.571572  
0.0223291  -0.00586537  -0.000726414  0.0507602  0.0165833  0.558911  
0.0220716  -0.00601515  -0.000656471  0.0497795  0.031464  0.532011  
0.0222586  -0.00603092  -0.000825772  0.0530563  0.0333524  0.562849  
0.0232667  -0.00614723  -0.000838539  0.0552903  0.0238402  0.547505  
0.0219587  -0.00629964  -0.000752889  0.0549173  0.0356564  0.535601  
0.0216787  -0.00607366  -0.00074377  0.05644  0.0209323  0.552501  
0.0213576  -0.00651202  -0.000565218  0.0628971  0.0149073  0.54563  
0.0215846  -0.00660536  -0.000478506  0.0681323  0.0246412  0.524588  
0.0208314  -0.00651902  -0.000478506  0.0658669  0.0214031  0.529146  
0.0215728  -0.00668623  -0.000478506  0.0632041  0.0193936  0.512186  
0.0217504  -0.00681288  -0.000712416  0.0566303  -0.0105169  0.493224  
0.0212435  -0.00658574  -0.000553877  0.063805  0.00897585  0.458258  
0.021213  -0.00667659  -0.000537309  0.0587386  0.0215805  0.496978  
0.0207403  -0.00675974  -0.000478506  0.06239  0.000836407  0.484603  
0.0205398  -0.00665463  -0.000478506  0.0605773  0.0210361  0.473524  
0.0205928  -0.00665463  -0.000372075  0.0588722  0.0297492  0.517061  
0.0199973  -0.00672167  -0.000478506  0.0623107  0.00995512  0.488887  
0.0197553  -0.00665463  -0.000478506  0.0596447  0.021113  0.473841  
0.0198218  -0.00657967  -0.000296918  0.0637064  0.0275832  0.467326  
0.0194408  -0.00665463  -0.000363413  0.0647197  0.00585009  0.476834  
0.0198722  -0.00665463  -0.000286721  0.0634861  0.0140579  0.451018  
0.018882  -0.00624413  -0.000182583  0.0676515  0.0107812  0.473308  
0.0203265  -0.0063047  -0.000173937  0.0676597  -0.00302918  0.485769  
0.0186885  -0.00623365  -0.000223205  0.0654909  0.00986754  0.461947  
0.018386  -0.00625582  -0.00020177  0.0672081  5.85008e-05  0.481264  
0.0189467  -0.0066222  -0.000339156  0.0621953  -0.00575121  0.48178  
0.0193669  -0.00684104  -0.000459177  0.0606362  0.0297246  0.487149  
0.0192862  -0.0066222  -0.000459177  0.0650923  0.014066  0.51877  
0.0197536  -0.00675526  -0.000368719  0.0679372  0.0112506  0.496834  
0.0193486  -0.0066406  -0.000403438  0.0661626  0.0145478  0.507352  
0.0200522  -0.00685632  -0.000357386  0.0657384  0.000367737  0.515166  
0.0202671  -0.00688825  -0.000219473  0.0663819  -0.0168943  0.484451  
0.0194557  -0.00687573  -0.000156238  0.0680633  0.0124044  0.485857  
0.0198578  -0.00672406  -0.00020187  0.0635483  0.00266658  0.504387  
0.0201163  -0.00696663  -0.000114549  0.0679204  0.00538006  0.486207  
0.0196798  -0.00708574  -0.000109863  0.0687218  0.00733194  0.505552  
0.0195081  -0.00729392  0.000215152  0.0772343  0.00348503  0.552061  
0.0202068  -0.00711155  -3.48476e-05  0.0721731  -0.0131981  0.515512  
0.0203472  -0.00734656  -3.48477e-05  0.0732825  0.0104381  0.535735  
0.0204727  -0.00746718  0.000215152  0.0713819  0.0126446  0.563586  
0.0209286  -0.0075797  -3.48476e-05  0.0659774  -0.0120734  0.546757  
0.021269  -0.00723365  -0.000103465  0.0713765  0.0272101  0.545474  
0.02269  -0.00704334  -0.00021243  0.0654475  -0.00514942  0.543166  
0.0219251  -0.00676921  -0.000179309  0.0683021  0.0475103  0.568523  
0.0218949  -0.00715803  -0.00016023  0.0651588  -0.014077  0.593763  
0.0222795  -0.00722775  -0.000147786  0.0640055  -0.00827987  0.603143  
0.0222081  -0.007325  -0.00024714  0.0685833  0.0267878  0.646068  
0.0226637  -0.00739927  -3.48477e-05  0.0618464  0.0149226  0.634066  
0.0236998  -0.00755797  -3.48477e-05  0.0677492  0.0332041  0.582764  
0.0224784  -0.0077014  -3.48476e-05  0.0771695  0.0707925  0.62544  
0.0233097  -0.00758846  0.000156025  0.075693  0.0167716  0.596091  
0.02257  -0.00763017  0.000215152  0.0799522  0.0644749  0.606208  
0.0237567  -0.00779169  -3.48476e-05  0.079331  0.0216808  0.610008  
0.0230428  -0.00771104  -3.48477e-05  0.0777515  0.0372942  0.580055  
0.0229713  -0.00755745  -3.48476e-05  0.0764571  0.0266427  0.613017  
0.0241871  -0.00796001  -0.000190911  0.0741966  0.0236464  0.613007  
0.0239404  -0.0081044  -0.000136581  0.0797527  0.0337498  0.604396  
0.0237555  -0.00795473  -0.000124615  0.0774989  0.0374061  0.630493  
0.0243852  -0.0078591  -0.00023409  0.0784206  0.0255439  0.612771  
0.0240755  -0.0080412  -3.48477e-05  0.0761071  0.034819  0.601092  
0.0239475  -0.00755745  -3.48476e-05  0.0771346  0.0442651  0.63849  
0.0238453  -0.00782729  -9.95073e-05  0.0803918  0.0109552  0.614931  
0.022963  -0.00785365  -3.48476e-05  0.0755745  0.0233551  0.596378  
0.0215042  -0.00783188  -3.48476e-05  0.0738973  0.0281066  0.591208  
0.020793  -0.00771049  -3.48476e-05  0.0737494  0.0125901  0.585356  
0.0216148  -0.00809211  -0.000130297  0.0762712  0.0358097  0.599017  
0.0216679  -0.00797897  0.000102434  0.0792977  0.0420534  0.6091  
0.0203685  -0.00769397  0.000161919  0.0817538  0.0170437  0.567251  
0.0213904  -0.007946  -3.48476e-05  0.0802097  0.0237645  0.543967  
0.0211954  -0.00808169  -9.5472e-05  0.0765913  0.0443628  0.557721  
0.0210596  -0.00759661  -3.48477e-05  0.0798448  0.0491312  0.55195  
0.0215121  -0.00791119  -0.000191506  0.0757371  0.0118996  0.540651  
0.0213052  -0.00780415  -3.48477e-05  0.0809714  0.043493  0.540035  
0.0217184  -0.00791119  -3.48477e-05  0.0817152  0.0274187  0.547373  
0.0216124  -0.00756598  -3.48477e-05  0.0739301  0.0263447  0.514203  
0.0205314  -0.0074471  0.000215152  0.0824213  0.0515921  0.513859  
0.0210057  -0.00746974  0.000165314  0.080374  0.0168547  0.537088  
0.0213846  -0.00762661  0.000117803  0.0822196  0.0378855  0.521146  
0.0206334  -0.00780777  -3.48477e-05  0.079765  0.0273193  0.515967  
0.0202259  -0.0075923  0.000154103  0.0820941  0.0373252  0.545463  
0.0200032  -0.00735029  5.88565e-05  0.0795176  -0.00269261  0.520335  
0.0195948  -0.00715872  -0.000121614  0.0802404  0.022733  0.503222  
0.0186106  -0.00689591  0.000131899  0.0787664  0.016151  0.508702  
0.0189349  -0.00671604  0.000114171  0.0807208  0.0109774  0.498021  
0.0188684  -0.0069539  0.000102091  0.0784766  0.0216849  0.472274  
0.0197008  -0.00716832  0.000203726  0.0792199  0.028916  0.516283  
0.0205625  -0.00751593  -6.52126e-05  0.0766364  -0.00586812  0.510641  
0.0202159  -0.00759021  -6.52126e-05  0.0790909  0.0295119  0.497735  
0.0210651  -0.00768383  0.000127826  0.0768919  0.0391171  0.542891  
0.0203108  -0.00742187  -5.52553e-05  0.082055  0.0201892  0.501812  
0.0190165  -0.00708284  0.000190549  0.0856552  0.0288226  0.50155  
0.0193158  -0.00742187  9.85811e-05  0.0815171  0.0134328  0.517167  
0.0197064  -0.00754992  -9.93351e-05  0.0778232  0.0231869  0.494257  
0.0195964  -0.00726236  0.000126749  0.0767713  0.0376007  0.486825  
0.0199902  -0.00753926  9.55768e-05  0.0811226  0.0430758  0.510364  
0.021127  -0.00776389  -9.93351e-05  0.0758763  0.00737448  0.512363  
0.0213577  -0.00765217  0.000394355  0.0791109  0.0299466  0.526144  
0.0220566  -0.00720168  0.000176834  0.0726965  0.0484872  0.488737  
0.0217088  -0.00711858  0.000283259  0.0754375  0.0365997  0.455191  
0.0204567  -0.00720168  0.000453502  0.0768889  0.04741  0.494181  
0.0217413  -0.00745508  0.000265034  0.0785634  0.0242184  0.504575  
0.0208935  -0.00750129  0.000288321  0.0805968  0.0675646  0.511817  
0.0212889  -0.00763855  5.3457e-05  0.0829134  0.0415481  0.518779  
0.0209294  -0.00756227  8.55318e-05  0.0822404  0.0177667  0.486704  
0.0220035  -0.00773414  0.000520988  0.0881734  0.0703403  0.567158  
0.0215839  -0.00791149  0.000655531  0.0882346  0.0470074  0.536128  
0.0210557  -0.00784447  0.000520988  0.0882208  0.060373  0.579087  
0.0211434  -0.00787661  0.000726752  0.0887899  0.032633  0.565132  
0.0210513  -0.00757315  0.000696698  0.0932677  0.0419071  0.5448  
0.0207023  -0.00756318  0.000800206  0.0962444  0.0492453  0.5656  
0.0209384  -0.00755933  0.000723556  0.094805  0.0292824  0.535617  
0.0200957  -0.00722732  0.00087724  0.0937732  0.0475628  0.540875  
0.0199252  -0.00730452  0.00079804  0.0952887  0.0415183  0.544296  
0.020959  -0.00727194  0.000756249  0.0940784  0.0307586  0.519625  
0.0210978  -0.00740881  0.000826037  0.0937513  0.0393492  0.554995  
0.0203945  -0.00728003  0.000876792  0.0901323  0.0133916  0.539481  
0.0202741  -0.00707052  0.000913625  0.0987916  0.0251614  0.513765  
0.0195621  -0.00694492  0.000913625  0.0937101  0.0400159  0.52751  
0.0198904  -0.00667429  0.000913626  0.0966815  0.055521  0.531595  
0.0206836  -0.00680029  0.000913626  0.0914881  0.042479  0.534066  
0.0211327  -0.00685243  0.000913626  0.0922371  0.0604749  0.534928  
0.0209831  -0.00653221  0.000913626  0.0922525  0.0523927  0.502764  
0.0217186  -0.00690787  0.000913626  0.0888947  0.0398794  0.534934  
0.0215828  -0.0068232  0.000913626  0.0880372  0.0332058  0.520196  
0.0212899  -0.006999  0.000913626  0.08922  0.0499036  0.566249  
0.0212758  -0.00678093  0.000913626  0.0867873  0.0134912  0.520488  
0.0210749  -0.00659672  0.000913626  0.0921261  0.0448057  0.529279  
0.0200778  -0.00649122  0.000913626  0.0897419  0.0397369  0.539552  
0.0202616  -0.00685548  0.000817019  0.0894274  0.0258596  0.526902  
0.0204726  -0.00685548  0.00108341  0.0931098  0.0517779  0.539739  
0.0204025  -0.00637631  0.00095606  0.0939569  0.0519847  0.533243  
0.0209759  -0.00648394  0.00109024  0.0890501  0.0426116  0.518524  
0.021691  -0.00657424  0.00111574  0.0906992  0.0641111  0.517227  
0.0205101  -0.00619981  0.00111029  0.092584  0.0603448  0.530206  
0.0209902  -0.00630753  0.000827747  0.0885522  0.0315872  0.51168  
0.0211581  -0.00624523  0.000908514  0.0861824  0.0215556  0.490115  
0.0207785  -0.00615814  0.000950682  0.0861321  0.023325  0.511658  
0.0208526  -0.00600292  0.000950682  0.083751  0.0239057  0.512388  
0.0213707  -0.00609786  0.000721761  0.0813642  0.0292255  0.484024  
0.0208242  -0.00636808  0.000677249  0.0799664  0.0487815  0.501732  
0.0207004  -0.00596936  0.000689834  0.0790702  0.0431256  0.543056  
0.0204779  -0.00560602  0.000832616  0.0826298  0.0302571  0.54912  
0.0189415  -0.00505277  0.000927843  0.0781017  0.0225882  0.464636  
0.0186303  -0.00505918  0.001188  0.0800195  0.0476971  0.510517  
0.0184916  -0.00506359  0.001188  0.0814651  0.00722844  0.527974  
0.0185101  -0.00507554  0.00133656  0.0815969  0.0130653  0.510507  
0.0197023  -0.00497714  0.00135001  0.0857219  0.0613739  0.549346  
0.0200078  -0.00506812  0.001188  0.0857698  0.0334262  0.551757  
0.0183661  -0.00493313  0.00134469  0.087965  0.0339926  0.519912  
0.0184859  -0.00475721  0.001188  0.0856477  0.0238291  0.531128  
0.0173713  -0.00453548  0.00134048  0.0855536  0.010103  0.494353  
0.017601  -0.00440276  0.00149271  0.0854908  0.0400302  0.515316  
0.0179164  -0.00471643  0.001438  0.0822462  0.000235352  0.50533  
0.0186208  -0.00456271  0.00149945  0.0855349  0.0410295  0.505855  
0.0197625  -0.00478286  0.00157233  0.0856231  0.03439  0.565988  
0.0215655  -0.00487418  0.00148869  0.078784  0.0521687  0.626157  
0.0200294  -0.00422694  0.00159432  0.085429  0.0596228  0.595351  
0.0206984  -0.00452169  0.00136951  0.0812017  0.0363094  0.550569  
0.0192396  -0.00452435  0.00135686  0.0834084  0.0347259  0.544931  
0.0201094  -0.00455578  0.001188  0.0856003  0.0198798  0.528674  
0.0196441  -0.00455194  0.00135594  0.0895264  0.0694618  0.555004  
0.0202432  -0.00448937  0.001188  0.0801012  0.0342147  0.532233  
0.0193063  -0.00421754  0.001188  0.0807627  0.0474658  0.522915  
0.0202682  -0.00424924  0.001438  0.0854729  0.0665803  0.566243  
0.0208841  -0.00439011  0.001188  0.0855434  0.0472504  0.548519  
0.0207539  -0.0047892  0.001188  0.0856944  0.0465582  0.558013  
0.0206569  -0.00447807  0.00151507  0.0855606  0.0554269  0.56715  
0.0207642  -0.00447807  0.001438  0.0855655  0.0308678  0.541492  
0.0198647  -0.00419185  0.00156296  0.0948054  0.0684106  0.565025  
0.0206372  -0.00431718  0.00153968  0.0952546  0.0464013  0.553392  
0.0195389  -0.00384218  0.00149327  0.0911695  0.0482452  0.510856  
0.0197451  -0.00406809  0.00157579  0.0909407  0.0678446  0.575636  
0.0202585  -0.00434339  0.001438  0.0868474  0.0568664  0.543277  
0.0205384  -0.0044089  0.001438  0.0888055  0.0927563  0.58473  
0.0203132  -0.00426067  0.0014989  0.0906722  0.0516656  0.568133  
0.0202974  -0.00416292  0.00153911  0.0890592  0.0585802  0.551775  
0.0205555  -0.00414289  0.00156323  0.0889886  0.075436  0.59892  
0.020757  -0.00414289  0.00153911  0.0854809  0.03786  0.564263  
0.0200128  -0.00391099  0.00149319  0.0899186  0.0568361  0.557365  
0.0203172  -0.00414289  0.00149855  0.0890408  0.0416703  0.586862  
0.0202675  -0.00414289  0.001438  0.0837182  0.0437022  0.554147  
0.0197765  -0.00393816  0.001438  0.0874814  0.0584479  0.58991  
0.0203714  -0.00386866  0.0013483  0.0852417  0.0398414  0.553026  
0.0195704  -0.00414289  0.00108335  0.0805463  0.0697519  0.553844  
0.0198702  -0.0037409  0.00136977  0.0817233  0.0684583  0.578759  
0.0195844  -0.00399451  0.001188  0.0797376  0.0509775  0.556969  
0.0198814  -0.00404733  0.00153911  0.0838974  0.0705769  0.563761  
0.0198356  -0.00421257  0.001188  0.0852279  0.0510894  0.576244  
0.019743  -0.0040502  0.00126143  0.0807593  0.0444238  0.531922  
0.0189225  -0.00370044  0.00129063  0.0844176  0.0638207  0.541129  
0.0188135  -0.003703  0.00127884  0.0850193  0.0373806  0.54218  
0.0190043  -0.00371577  0.001188  0.0808512  0.0348193  0.518555  
0.0181753  -0.0033173  0.00126982  0.0872753  0.0406241  0.527533  
0.0183808  -0.0032988  0.001188  0.0850031  0.030762  0.534422  
0.01808  -0.00360526  0.00111415  0.075138  0.0363005  0.51714  
0.0182014  -0.00391656  0.000730201  0.0772718  0.040341  0.503993  
0.0173701  -0.00374677  0.000730201  0.0745696  0.0327475  0.517071  
0.0172212  -0.0038486  0.00104135  0.0787392  0.0196869  0.496582  
0.0166757  -0.00374677  0.00114997  0.0828109  0.0462425  0.527037  
0.0173461  -0.00366426  0.00109529  0.0795851  0.0410622  0.528804  
0.0177981  -0.00321652  0.00128288  0.0834281  0.0446545  0.502656  
0.0175139  -0.00333338  0.00120073  0.0865223  0.0459472  0.519871  
0.0170702  -0.00347751  0.00115378  0.0842644  0.0217954  0.516568  
0.0172444  -0.00368832  0.00104107  0.0812732  0.0189171  0.498343  
0.0166686  -0.00316054  0.00146381  0.0874687  0.0352593  0.507928  
0.0165352  -0.00287921  0.00176366  0.0905894  0.0333923  0.524508  
0.0164302  -0.00289171  0.00165664  0.0890627  0.0162626  0.519551  
0.0166313  -0.0029219  0.00150448  0.0880447  0.0323453  0.514208  
0.0164029  -0.0028991  0.00158937  0.0909469  0.0337919  0.535839  
0.0168049  -0.00268594  0.00157444  0.0897732  0.0239824  0.496295  
0.0168644  -0.00243546  0.00158957  0.093084  0.0401075  0.490199  
0.0168374  -0.00248383  0.00158439  0.093101  0.0353752  0.509687  
0.0170595  -0.00253517  0.00166101  0.0911103  0.0223077  0.470737  
0.0166941  -0.00261428  0.00177276  0.0874986  0.0363105  0.477299  
0.0163226  -0.00238348  0.00165519  0.089417  0.0424155  0.494562  
0.0171875  -0.00266787  0.00177308  0.0856319  0.030743  0.48343  
0.0167198  -0.00249021  0.00176009  0.0824353  0.0485728  0.466838  
0.016935  -0.00239275  0.00173506  0.0849917  0.0406596  0.499135  
0.0176316  -0.00270781  0.00171012  0.0847413  0.0463422  0.474691  
0.0170849  -0.00239275  0.00163725  0.0875781  0.0531348  0.499193  
0.0174414  -0.00239275  0.00180203  0.0836797  0.0245021  0.483343  
0.0170996  -0.00219002  0.00172829  0.0883755  0.0587097  0.476887  
0.0174113  -0.00248742  0.00172553  0.0875135  0.0439131  0.506185  
0.0176754  -0.00269923  0.00173219  0.0855102  0.0387773  0.487726  
0.0175448  -0.00242543  0.00184568  0.0856725  0.0499688  0.515442  
0.016847  -0.00226065  0.00167956  0.0804759  0.0486248  0.510004  
0.0169669  -0.00263544  0.00158539  0.0778107  0.012535  0.438677  
0.0166589  -0.0024664  0.00142681  0.0759213  0.0358636  0.461159  
0.0162448  -0.00236014  0.00155753  0.080886  0.0311246  0.426867  
0.0159826  -0.00236014  0.00150968  0.0830211  0.0600863  0.483231  
0.0164336  -0.0027751  0.00160495  0.075524  0.0274564  0.476739  
0.0156904  -0.00246786  0.00158965  0.077858  0.0445839  0.485763  
0.016014  -0.00236169  0.00163494  0.0794623  0.0408608  0.487505  
0.0163025  -0.00196822  0.00207835  0.0851773  0.0390835  0.478762  
0.016702  -0.00196822  0.00207926  0.073706  0.0602479  0.459213  
0.016714  -0.00204175  0.00218953  0.0799042  0.063681  0.486495  
0.017056  -0.0019778  0.00213173  0.0825013  0.0388394  0.44813  
0.0163629  -0.00215561  0.00200474  0.0869163  0.0462765  0.45928  
0.015741  -0.00205071  0.00223689  0.08273  0.0210609  0.475926  
0.0160012  -0.00220091  0.00225837  0.0859291  0.0385864  0.476651  
0.0155365  -0.00217633  0.0021484  0.0827585  0.0366467  0.476624  
0.015269  -0.00236879  0.00202347  0.0828488  0.025978  0.48301  
0.0154714  -0.00229684  0.00206105  0.0828357  0.0201964  0.470627  
0.0151205  -0.00183709  0.00216674  0.082668  0.0430778  0.465315  
0.0154358  -0.00183709  0.00222475  0.0826727  0.0430667  0.477733  
0.0155975  -0.00208709  0.00204704  0.0858075  0.03077  0.445072  
0.0154603  -0.00171506  0.00219584  0.0805321  0.0569856  0.457868  
0.0158568  -0.0016893  0.0021192  0.0801175  0.0329762  0.469955  
0.0161163  -0.00183709  0.00209808  0.0777274  0.0396443  0.445039  
0.0158037  -0.00183709  0.00208579  0.0826916  0.0449382  0.46583  
0.0156921  -0.00183709  0.00195866  0.0826892  0.0255332  0.46257  
0.0155426  -0.00183709  0.00207864  0.0796349  0.0330703  0.447652  
0.0146947  -0.00141943  0.0020647  0.0825242  0.0413145  0.467133  
0.0155096  -0.00125979  0.00229284  0.0824754  0.0196173  0.440523  
0.014872  -0.00139806  0.00221962  0.0825185  0.0355807  0.426684  
0.014896  -0.00139806  0.00234389  0.0777797  0.045511  0.469158  
0.0148403  -0.0014706  0.00228745  0.0825462  0.0244916  0.433156  
0.0147223  -0.00132212  0.00210301  0.0866128  0.0594824  0.446134  
0.0151444  -0.00145536  0.00201666  0.084114  0.0191811  0.423602  
0.0146529  -0.00127394  0.00206028  0.0823884  0.0377945  0.414076  
0.0148356  -0.0012395  0.00193047  0.0859511  0.0376946  0.433739  
0.0146649  -0.00115038  0.00223774  0.0726654  0.0289812  0.439797  
0.0143255  -0.00120611  0.00205948  0.0759706  0.0448056  0.410572  
0.0145316  -0.000956115  0.00206487  0.0703517  0.0546892  0.429835  
0.0146619  -0.00120611  0.00186268  0.0635593  0.0352388  0.397777  
0.0143976  -0.000862316  0.00182272  0.0687091  0.0457245  0.390255  
0.0142762  -0.00102293  0.00183181  0.0737914  0.0461855  0.40744  
0.0143391  -0.00112163  0.00174467  0.0694327  0.0391611  0.380408  
0.0138239  -0.00070769  0.0015962  0.0633133  0.0326799  0.401731  
0.0131078  -0.000361075  0.00145589  0.0642181  0.0275523  0.390923  
0.0140773  -0.000353173  0.00154349  0.0606059  0.0297394  0.384881  
0.0135224  -0.000547143  0.00166091  0.0540813  0.0411787  0.378053  
0.0131764  -0.000605689  0.00161789  0.0559852  0.0385687  0.394844  
0.0135438  -0.000682997  0.00149246  0.0543018  0.0101753  0.376375  
0.0136746  -0.000561755  0.00183446  0.0503051  0.0371882  0.384878  
0.0134634  -0.000391034  0.00196016  0.0444988  0.0391877  0.399654  
0.0137474  -0.000167492  0.00202449  0.0397611  0.0185115  0.384876  
0.0132635  6.37239e-05  0.00205897  0.0387349  0.0283772  0.364907  
0.0135134  0.000712543  0.00209901  0.0405802  0.047121  0.399166  
0.0139821  0.000536053  0.00208228  0.0382887  0.0246178  0.38002  
0.0133865  0.00120435  0.00226033  0.0285549  0.0327755  0.369381  
0.013739  0.00140544  0.00209534  0.0269272  0.035738  0.397627  
0.0141201  0.00113953  0.002138  0.0210017  0.0333815  0.369757  
0.0139285  0.00151787  0.00210511  0.0241691  0.0591035  0.382673  
0.0139946  0.00108923  0.00204079  0.0320763  0.0399094  0.403072  
0.0135801  0.000782594  0.0021471  0.037015  0.0318318  0.36068  
0.0131354  0.00101162  0.00219475  0.0362309  0.0523179  0.391488  
0.0139719  0.000805088  0.00193727  0.0285536  0.037276  0.372839  
0.0135105  0.00152014  0.00210372  0.019033  0.0521905  0.355079  
0.0133832  0.00169701  0.00195777  0.0205341  0.0459588  0.378236  
0.0135589  0.00129115  0.00196492  0.0194347  0.0309668  0.356705  
0.0130411  0.00139965  0.00202147  0.0191524  0.0440052  0.3564  
0.0135825  0.00117438  0.00170992  0.0245749  0.0322937  0.356578  
0.0130342  0.00177903  0.00143828  0.00460036  0.0456001  0.324616  
0.013135  0.000115726  0.000349638  0.0501208  0.0221998  0.335021  
0.0132681  -3.42392e-05  0.000407225  0.0538925  0.00669918  0.317082  
0.0126715  0.000166347  0.000696826  0.0538129  0.0480775  0.352814  
0.0134409  6.08845e-05  0.000467006  0.0538582  0.0305518  0.342722  
0.0130122  0.00201894  0.00144762  0.00560041  0.054613  0.36068  
0.0132558  0.00202393  0.00132328  0.00580841  0.0406218  0.360697  
0.0128537  0.000630727  0.00108393  0.0287723  0.033937  0.321965  
0.0124309  8.36596e-05  0.00151662  0.0225185  0.0397319  0.319999  
0.012471  0.00153352  0.00177126  0.0111356  0.0134039  0.322276  
0.0115995  0.000206077  0.00162391  0.0268375  0.0359184  0.290081  
0.0123493  0.000794974  0.00154212  0.0226414  0.0476477  0.324898  
0.0124662  0.000857346  0.00165209  0.0189375  0.0256541  0.277478  
0.0114614  0.00092092  0.00163471  0.0120947  0.0431298  0.288007  
0.0120208  0.00116868  0.00189925  0.0129663  0.0317512  0.299133  
0.0120745  -0.000243901  0.00153175  0.0358363  0.0363435  0.283093  
0.011514  0.000671824  0.00154724  0.0277165  0.0519642  0.296833  
0.00943897  -0.00037652  4.07797e-05  0.0540337  -0.0031058  0.433977  
0.00783207  -0.000842015  0.000271705  0.0457696  0.00774225  0.305498  
0.00742858  -0.000519633  0.000283767  0.0504692  0.0310445  0.319849  
0.00835733  -0.000785611  0.000694696  0.0279566  -0.00345177  0.312222  
0.00774118  -0.000759311  0.000660996  0.0378603  0.0153996  0.287827  
0.00801705  -0.000718051  0.00073226  0.0349798  0.0128406  0.336076  
0.00812983  -0.00092083  0.000703449  0.0269879  0.00040065  0.301904  
0.00869067  -0.000516421  0.000429274  0.0540452  0.0161163  0.312653  
0.00848883  -0.000454912  0.000662001  0.0404753  0.00837431  0.298709  
0.00808737  -0.000495413  0.00073226  0.0341688  0.0162127  0.321626  
0.00844978  -0.000709314  0.00105268  0.0209159  0.00287149  0.301949  
0.00799709  -0.00134739  0.00158073  0.0128014  0.0111068  0.297141  
0.008429  -0.00111113  0.00102946  0.028429  0.0125722  0.319582  
0.00840894  -0.00111524  0.00113308  0.0171933  0.00619959  0.28988  
0.00836626  -0.00108337  0.000913999  0.0188158  0.0224772  0.299654  
0.00853198  -0.00147939  0.00106612  0.0185864  0.0134557  0.315143  
0.00880233  -0.00146094  0.00147954  0.0112952  0.0072987  0.281883  
0.00856147  -0.000845504  0.000907889  0.021268  0.0330984  0.282101  
0.00906191  -0.00180093  0.00111105  0.0161994  -0.00348724  0.299115  
0.00891782  -0.00187522  0.00117784  0.0176336  0.00640464  0.255429  
0.00840385  -0.00201675  0.000800524  0.00386149  0.0203368  0.288125  
0.00915871  -0.00197657  0.000836781  -0.003267  -0.00217786  0.264923  
0.00913153  -0.00174678  0.000939612  0.0079644  0.0201921  0.271392  
0.00891055  -0.00107397  0.00116402  0.010257  0.016275  0.291776  
0.00979181  0.000648841  0.00165571  -0.00715241  0.000692553  0.245675  
0.00978675  0.0011451  0.0017704  -0.00976696  0.0398054  0.261851  
0.0105854  -0.000923941  0.00151656  0.0146787  0.00845717  0.258118  
0.00948532  0.000956424  0.00162279  -0.0160744  0.0327322  0.240269  
0.0102393  0.000629917  0.00158494  -0.0101172  0.0277603  0.239273  
0.0120168  -0.00126264  0.001245  0.0164239  0.0397075  0.232501  
0.0116606  -0.00196163  -0.000321754  0.0073801  0.0449693  0.128625  
0.0116519  -0.00236526  -7.53125e-05  0.0106691  -0.0154754  0.0988978  
0.0110625  -0.00201997  8.35004e-05  0.0107328  0.0399953  0.117063  
0.0113991  -0.0021538  3.85133e-05  0.00490961  0.0328934  0.155154  
0.00974204  -0.00236554  0.000108355  0.00770597  0.0309108  0.144416  
0.00880662  -0.00238363  0.000227846  0.0193447  0.038645  0.151545  
0.00969566  -0.00234637  0.000436821  0.0195107  0.03483  0.145409  
0.00871314  -0.0022818  0.000548685  0.0226358  0.0410472  0.149026  
0.00856778  -0.00241851  0.000650467  0.0264597  0.0258849  0.150938  
0.00935994  -0.00237117  0.000477846  0.0208143  0.0158461  0.114318  
0.00930606  -0.00220189  0.00039818  0.0245377  0.0343569  0.120257  
0.00904784  -0.00221434  0.000428107  0.0188022  0.0259787  0.138001  
0.00887812  -0.0023513  0.000227846  0.0157767  0.00382243  0.12598  
0.00825532  -0.00207894  0.000227846  0.0197426  0.0414904  0.124852  
0.0086835  -0.00241924  3.41103e-05  0.0180235  0.036808  0.126914  
0.00851377  -0.00260693  7.49942e-05  0.0161593  0.0172783  0.109276  
0.00814126  -0.00265951  8.61197e-05  0.0110329  0.0377415  0.119147  
0.00761044  -0.00264054  0.000267785  0.0177621  0.0207504  0.1441  
0.00746567  -0.00263743  0.000267785  0.0211476  0.0286589  0.112523  
0.00708955  -0.00239295  0.00052436  0.0250988  0.0425122  0.145307  
0.00742211  -0.00258236  0.000526053  0.0207655  0.0227683  0.112546  
0.00693576  -0.00265213  0.000569949  0.0201446  0.0386383  0.124903  
0.00724073  -0.00251489  0.000487423  0.0243182  0.0125428  0.109697  
0.00675626  -0.0026025  0.000447442  0.0243897  0.0169715  0.0965929  
0.00630701  -0.00235943  0.000267785  0.0192547  0.0132514  0.132356  
0.00586212  -0.00287092  0.000267785  0.0244656  0.000106063  0.0997008  
0.00558489  -0.0029177  0.000455005  0.0253781  0.0230227  0.112166  
0.00577389  -0.00289959  0.000375512  0.0226028  0.00167532  0.108786  
0.00575889  -0.00295588  0.000267785  0.0279722  0.00658718  0.0844053  
0.00473348  -0.00283395  0.000267785  0.0244705  0.0170219  0.121594  
0.0050836  -0.00303698  -2.44327e-06  0.0236062  -0.00943467  0.0878839  
0.00492838  -0.00286527  0.000267785  0.0306578  0.0185247  0.0757266  
0.00516592  -0.00286441  0.000267785  0.0279567  0.0249021  0.0910274  
0.0053619  -0.00297706  0.000267785  0.0244086  0.00543071  0.0758046  
0.00541471  -0.00278419  0.000267786  0.0259776  0.0158709  0.0657909  
0.00545028  -0.0030183  0.000153111  0.0222805  0.0139244  0.093211  
0.00587662  -0.0030449  1.46384e-05  0.0219956  7.61203e-05  0.0505925  
0.00546252  -0.00282772  0.000267786  0.0209772  0.0379684  0.0961219  
0.00520365  -0.00299399  0.000267786  0.0190129  0.0101932  0.105228  
0.00557185  -0.00301812  0.000267786  0.0209264  0.0207219  0.0788179  
0.0053051  -0.00311113  0.000267786  0.0213585  0.027816  0.0969614  
0.00562437  -0.00313378  0.00032781  0.0177688  0.0176139  0.0927176  
0.00572023  -0.00311352  0.000267786  0.0189941  0.0224103  0.0810404  
0.00528336  -0.00319864  0.000267786  0.0200631  0.0299944  0.118136  
0.00586341  -0.00313483  0.000267786  0.0222301  0.0146541  0.0771704  
0.00543338  -0.00331548  0.000436799  0.021681  0.031208  0.101083  
0.00551521  -0.00335088  0.000385021  0.0231151  0.0109562  0.110611  
0.00563919  -0.00328891  0.000337344  0.0241251  0.0178188  0.0956527  
0.00540674  -0.00331506  0.00036062  0.0232522  0.0300058  0.115749  
0.00546875  -0.00340999  0.000267786  0.0202267  0.0112327  0.10773  
0.00504817  -0.0032555  0.000416138  0.0201163  0.0260247  0.119616  
0.00542986  -0.00318677  0.000267786  0.0231527  0.012263  0.111693  
0.0056341  -0.0033642  0.000267786  0.027541  0.0113351  0.0644394  
0.00528625  -0.00341071  0.000396684  0.019641  0.0246482  0.087092  
0.00552682  -0.00346754  0.000531285  0.0250692  0.0077114  0.0872398  
0.00570426  -0.0032828  0.000267786  0.0312915  0.0100354  0.0451726  
0.00550277  -0.00300748  0.000691793  0.0271696  0.0331044  0.0664602  
0.00584105  -0.00313665  0.000267786  0.0230092  0.0185355  0.0573341  
0.0059943  -0.00315914  0.000267786  0.024142  0.0198921  0.0213263  
0.00570105  -0.0032072  0.000267786  0.0228719  0.0425665  0.0651861  
0.00618914  -0.00330219  0.000267786  0.0264842  0.00579347  0.0291789  
0.0059947  -0.00320479  0.000267786  0.0274846  0.0431218  0.0676404  
0.00639131  -0.00318298  0.000267786  0.0265527  0.0160686  0.0543581  
0.00599728  -0.00326469  0.000331256  0.0301333  0.0224768  0.057328  
0.00660599  -0.00325196  0.000182916  0.0237452  0.0187351  0.0348147  
0.00763378  -0.00320522  -0.000522081  0.00679514  0.00116556  -0.0155411  
0.00685671  -0.00308655  -0.000244681  0.00933648  0.025316  0.0121051  
0.00710425  -0.00326415  8.74546e-05  0.0180791  0.00161153  0.000188865  
0.00648196  -0.00321342  0.000224187  0.0109933  0.0592386  0.0489441  
0.00702758  -0.00308692  -2.36716e-06  0.0147023  0.0160103  0.0185484  
0.00631533  -0.00295617  0.000319479  0.0173425  0.0660304  0.025918  
0.00649177  -0.00293584  0.000200586  0.0224587  0.0408344  0.0242596  
0.00619605  -0.00304156  0.000348964  0.0283205  0.0341232  0.00375759  
0.00578936  -0.00311172  0.000568948  0.0303309  0.0576893  0.0426461  
0.00603382  -0.00337174  0.000372513  0.0274059  0.0238304  0.0237848  
0.00544343  -0.00342567  0.000443467  0.0290473  0.037733  0.0493852  
0.00546614  -0.00322742  0.00055488  0.0248868  0.0292834  0.0664499  
0.00562437  -0.00322752  0.00044391  0.0228932  0.0273194  0.0509327  
0.0054468  -0.0029345  0.000833872  0.0329746  0.0582057  0.0244102  
0.0053418  -0.00324388  0.000537244  0.0274806  0.0304197  0.0546601  
0.00577529  -0.00316554  -0.000172535  8.94254e-06  0.0134951  0.0230331  
0.00536874  -0.00305457  9.85192e-05  0.0191494  0.0362263  0.0330168  
0.00545529  -0.00314112  0.000333397  0.0174612  0.0173255  0.0335054  
0.00518025  -0.00325115  0.000388905  0.0237833  0.0363542  0.0406166  
0.00522423  -0.00299968  0.00034559  0.024365  0.0325023  0.0665456  
0.0052987  -0.00316429  0.00020623  0.0235755  0.0245176  0.0456913  
0.00488431  -0.00340233  0.000234047  0.02587  0.0535183  0.0501682  
0.00492841  -0.00338934  0.000152536  0.0209183  0.0459482  0.0397547  
0.00565204  -0.0033658  0.000241898  0.0297898  0.0242852  0.0208477  
0.00474902  -0.00338765  0.000303  0.032213  0.0527036  0.0248944  
0.00477246  -0.00335839  0.000396619  0.0316453  0.0485825  0.0255834  
0.00487584  -0.00336236  0.000362135  0.0382084  0.0310736  0.00623412  
0.00439392  -0.00321781  0.000793259  0.0428991  0.0513239  0.00750154  
0.0043425  -0.00300648  0.00100275  0.0438075  0.0455465  0.0215615  
0.00465939  -0.00309879  0.000960849  0.0432028  0.0318573  0.00495738  
0.00372467  -0.00327527  0.000897109  0.0430048  0.0621907  0.00964021  
0.00372444  -0.00335281  0.00060669  0.0410674  0.0376386  0.0191204  
0.00325765  -0.00350662  0.000682552  0.0439001  0.0391461  -0.00853635  
0.00257901  -0.00349556  0.000993984  0.0363065  0.0870943  -0.00521075  
0.00369314  -0.00329654  0.000377816  0.0343139  0.0346921  -0.00959341  
0.00329798  -0.00334892  0.000735408  0.0376897  0.0490937  -0.0287763  
0.00378149  -0.00320348  0.000759313  0.0352719  0.0566027  -0.0226006  
0.00410292  -0.00310856  0.000680366  0.0353812  0.0308235  -0.0380628  
0.0036614  -0.00298618  0.000824939  0.0293735  0.0546838  -0.0149645  
0.00417303  -0.00332437  0.000377816  0.0299928  0.0201808  -0.0157564  
0.00406704  -0.00300841  0.000627816  0.0319833  0.0573159  -0.0142647  
0.0041238  -0.00329585  0.000377816  0.0341743  0.036193  -0.00258142  
0.00420392  -0.0029364  0.000645223  0.0339103  0.0556791  -0.0223405  
0.00382635  -0.00287254  0.000833605  0.0327091  0.0497972  0.00169237  
0.00426891  -0.00290675  0.000857491  0.0362063  0.0248957  -0.0315172  
0.00324874  -0.00288768  0.00141365  0.0420047  0.0556382  -0.012743  
0.00335388  -0.00311864  0.000684512  0.0354416  0.0296827  -0.0313928  
0.00385673  -0.002484  0.00121143  0.0441044  0.0542786  -0.0588976  
0.00339278  -0.00262585  0.00140735  0.0414232  0.0652227  -0.0195372  
0.000124734  -0.00114664  0.0017446  0.031425  0.0175704  -0.15075  
0.000111293  -0.00100569  0.00100256  0.0496494  0.0842789  -0.153312  
-0.000584485  -0.000766789  0.00123847  0.0511946  0.0840242  -0.143506  
0.000505622  -0.000963612  0.00217419  0.0341193  0.00701376  -0.137242  
4.3223e-05  -0.00105752  0.000993135  0.0550583  0.0914238  -0.157755  
2.46216e-05  -0.0010563  0.00127682  0.0523593  0.0823829  -0.14521  
0.0005383  -0.00123347  0.00178985  0.0414333  0.0190675  -0.166765  
-0.000126905  -0.0011617  0.00126611  0.0503401  0.0828384  -0.156978  
-0.00097382  -0.00137567  0.00201983  0.0483084  -0.0416272  -0.157338  
-0.000272139  -0.00131561  0.00229376  0.0597481  0.0105022  -0.174569  
-0.00029569  -0.00129821  0.00166055  0.0652277  0.0936647  -0.152024  
-0.000214723  -0.00126951  0.00203166  0.0637483  0.00364293  -0.171142  
-0.000602956  -0.00122007  0.00192635  0.0643983  0.0548225  -0.167915  
-0.000275279  -0.000909201  0.00266178  0.0479459  -0.00756941  -0.169753  
-0.000309422  -0.00137776  0.00219804  0.0560751  0.0315842  -0.183922  
-0.000509776  -0.00142823  0.00213584  0.0645653  0.0474932  -0.164499  
-0.000873067  -0.00138417  0.00226038  0.0688113  -0.0151623  -0.181219  
-0.00404857  -0.00158366  0.00180107  0.0722094  -0.00496779  -0.11296  
-0.00271194  -0.00247412  0.00242705  0.081454  -0.0244589  -0.0796994  
-0.00374202  -0.00185373  0.0023806  0.0814601  -0.00334917  -0.160459  
-0.00396977  -0.00191794  0.00242518  0.076821  -0.0235177  -0.160457  
-0.00329471  -0.00178029  0.00247714  0.0691549  0.00728426  -0.184612  
-0.0044152  -0.0018014  0.00221576  0.0747782  -0.0139053  -0.132553  
-0.00372589  -0.00168415  0.00210775  0.0748602  -0.0246858  -0.149876  
-0.00414166  -0.00123551  0.00217132  0.0747649  0.00838802  -0.138614  
-0.00110136  -0.0011918  0.00251669  0.0630226  0.00708295  -0.196785  
-0.00141952  -0.00118418  0.00241678  0.058328  0.00451325  -0.210032  
-0.0039044  -0.0012408  0.00212307  0.0693913  4.38103e-05  -0.149112  
-0.00310246  -0.00138952  0.00225019  0.062771  -0.0283328  -0.18649  
-0.00429362  -0.00143136  0.00217237  0.0675338  -0.015204  -0.176013  
-0.00451851  -0.00123551  0.00208269  0.0745001  -0.010407  -0.160401  
-0.00387698  -0.00142197  0.00197153  0.0712794  -0.0346291  -0.176607  
-0.00512719  -0.00113591  0.00188915  0.0710056  -0.0023674  -0.147684  
-0.00556152  -0.00119199  0.00117972  0.0591838  -0.0302274  -0.127035  
-0.00671519  -0.00307296  -0.00185481  0.00134546  -0.030623  -0.115351  
-0.00712156  -0.00185322  -0.00260072  -0.0170374  -0.0106478  -0.118564  
-0.00678466  -0.00168194  -0.00236944  -0.00269177  -0.0414337  -0.117117  
-0.00615341  -0.00165118  -0.00199133  0.00680548  -0.0329393  -0.164055  
-0.00569181  -0.000877673  -0.00229299  -0.0121496  -0.0163985  -0.143814  
-0.00493602  0.000346429  -0.0024823  -0.0196669  -0.0491026  -0.124587  
-0.00602784  -0.000549335  -0.00151849  0.0107453  -0.0209195  -0.125511  
-0.00605698  -0.000759824  -0.00148891  0.0104458  -0.0399435  -0.110231  
-0.00549521  0.000319225  6.21531e-05  0.051473  -0.0230157  -0.140008  
-0.00581022  0.00263332  0.000245805  -0.00072475  -0.00896189  -0.125685  
-0.00615605  0.00222811  3.35964e-06  -0.00271891  -0.0142734  -0.0986018  
-0.00650161  0.000127954  0.000116177  0.0638268  -0.0242694  -0.141163  
-0.00649436  0.000302051  0.000116177  0.0551595  -0.00427062  -0.114844  
-0.00643745  0.0003675  0.000116177  0.0583431  -0.031894  -0.140773  
-0.00687594  0.000492047  0.000116177  0.0584961  -0.0046738  -0.126606  
-0.00695152  0.000200486  0.000116177  0.0551536  -0.013497  -0.101719  
-0.00671306  0.000368711  3.73184e-08  0.0551605  -0.027673  -0.116933  
-0.00744623  0.000266623  -0.000138611  0.0596678  -0.0142185  -0.091486  
-0.00687265  0.000391703  -0.000174255  0.0551375  -0.0341949  -0.129118  
-0.00693998  0.000667303  1.6779e-05  0.0551543  0.00226693  -0.117476  
-0.00672  0.000478252  -6.60627e-05  0.0551425  -0.027187  -0.119037  
-0.00658866  0.000825841  -1.5014e-05  0.0438176  -0.0040366  -0.130156  
-0.00652754  0.000692643  3.12754e-05  0.0506443  -0.0180406  -0.10437  
-0.0067414  0.00070603  1.73012e-05  0.0491144  -0.0227144  -0.127715  
-0.00709566  0.00253212  0.000116177  -0.00035454  -0.00311547  -0.0892071  
-0.00694578  0.00271563  -0.00023652  -0.0123947  -0.024771  -0.0998303  
-0.00718012  0.00283172  -0.00010826  -0.00209051  -0.0241372  -0.110344  
-0.0071283  0.00273309  -0.000138768  -0.00770234  -0.0188199  -0.0914787  
-0.00704699  0.00253538  -0.000513844  -0.0190054  -0.0401754  -0.121741  
-0.00739133  0.00253561  -0.000227937  -0.00860405  -0.0228235  -0.110865  
-0.00788938  0.00259193  -5.68785e-05  -0.00526877  -0.0208674  -0.078865  
-0.00769432  0.0026469  1.64126e-05  -0.0107683  -0.0132941  -0.0820511  
-0.00770358  0.00274383  -2.84111e-05  -0.00914792  -0.0115758  -0.0968858  
-0.00756467  0.0026727  -0.000103591  -0.0097206  -0.0198376  -0.08522  
-0.00729825  0.00259441  -0.000291833  -0.00802172  -0.0237155  -0.0894571  
-0.00787179  0.00257141  -0.000145649  -0.00675478  -0.0180869  -0.0947688  
-0.00840097  0.00263641  0.000116177  -0.00639507  -0.0157363  -0.0724983  
-0.00790654  0.00252062  0.000262847  -0.000914305  -0.0219909  -0.0784062  
-0.00790698  0.00257292  -0.000114675  -0.00440226  -0.0166787  -0.0877489  
-0.00832834  0.00257435  0.000116177  -0.00183648  -0.00727827  -0.0736981  
-0.00806291  0.00256449  0.000116177  -0.00350097  -0.031268  -0.0738058  
-0.00784129  0.00257898  4.86478e-05  0.00483249  -0.0352545  -0.106303  
-0.00810395  0.00269811  0.000303633  0.00354988  -0.00970184  -0.0953434  
-0.00774525  0.00262704  5.65831e-05  -0.00302078  -0.0334717  -0.114389  
-0.00813456  0.00258702  0.000116177  -0.00393415  -0.00711475  -0.101143  
-0.00796854  0.00259442  0.000116177  -0.00222357  -0.0213121  -0.0717954  
-0.00788803  0.00261252  0.000116177  0.00348921  -0.0187377  -0.10213  
-0.00834681  0.002674  0.000366177  0.00267517  0.00385811  -0.0845899  
-0.00809445  0.00263378  0.000116177  -0.00204207  -0.0219002  -0.0845838  
-0.0080623  0.00270901  0.000286267  0.00226396  -0.00883389  -0.110549  
-0.0082472  0.00270675  0.000279144  -0.0063667  -0.00685632  -0.09417  
-0.00801048  0.00269199  0.000295124  0.00487403  -0.0196748  -0.0986371  
-0.00830778  0.00284407  0.000116177  0.00716853  -0.0128504  -0.105696  
-0.00844727  0.00261562  0.000447416  0.0101196  -0.00208468  -0.104318  
-0.00816076  0.00262632  0.000366177  0.000462752  -0.0341755  -0.117983  
-0.00848542  0.00268952  0.000316785  -0.00187919  -0.0112154  -0.10765  
-0.00838247  0.00266516  0.00045043  0.00439377  -0.00637027  -0.0861563  
-0.00823826  0.0026874  0.00048992  -0.000895849  -0.0106056  -0.116075  
-0.00840499  0.00259528  0.000591513  0.00673966  0.0105951  -0.0943563  
-0.00811501  0.00281254  0.000366177  0.000371067  -0.0087087  -0.127809  
-0.00835344  0.00265195  0.000366177  -0.00126667  0.00584258  -0.10029  
-0.00816825  0.00266996  0.000294727  -0.00281221  -0.0206632  -0.0994116  
-0.00852611  0.00280601  0.000506347  0.00968627  -0.00730516  -0.118384  
-0.00817209  0.00277317  0.000254188  0.00627814  -0.0254924  -0.0940692  
-0.00836864  0.00263981  0.000285465  0.0120791  -0.010279  -0.109744  
-0.00864011  0.00266766  0.000366177  0.00610574  0.0024001  -0.0826743  
-0.00828878  0.00272931  0.000313665  0.00191006  -0.035714  -0.112018  
-0.00885803  0.00259725  0.00029817  0.00583029  0.00505805  -0.104327  
-0.00868044  0.00265711  0.000273194  0.00386961  -0.0248058  -0.141767  
-0.00890044  0.00255116  0.000476276  0.0142051  0.0202109  -0.121986  
-0.0087815  0.00255201  0.000519899  0.00855596  -0.017293  -0.119931  
-0.00914216  0.00287046  0.000909368  0.013732  0.00801733  -0.0974699  
-0.0123451  0.00284216  -0.00104726  -0.0247017  -0.0231002  -0.0181185  
-0.00932121  0.00211195  -0.00206698  -0.0404101  -0.000488827  -0.163202  
-0.00964163  0.00181461  -0.00206482  -0.0393022  -0.0059206  -0.15407  
-0.00984552  0.00165945  -0.00187368  -0.0436432  -0.00878376  -0.183334  
-0.00992227  0.00245549  -0.00148698  -0.0349889  -0.0222385  -0.217551  
-0.0112148  0.00252481  -0.00137867  -0.0431426  0.00239753  -0.184097  
-0.0106241  0.00265041  -0.00140281  -0.0367583  -0.0277829  -0.140691  
-0.0111907  0.00275408  -0.000899948  -0.0316929  -0.00252819  -0.149262  
-0.0113793  0.00281972  -0.000828675  -0.0328247  -0.000289586  -0.166315  
-0.0101608  0.0028882  -0.00114412  -0.0366877  -0.0311343  -0.17622  
-0.0103131  0.00273533  -0.000870922  -0.0336184  -0.00936082  -0.194061  
-0.0106093  0.00297282  -0.000467062  -0.0290449  -0.002667  -0.168036  
-0.0105667  0.0030728  -0.000397054  -0.0254335  -0.0244288  -0.166575  
-0.0105247  0.00301177  -0.000612376  -0.0282706  -0.00580801  -0.161985  
-0.010981  0.00298532  -0.000749507  -0.0303568  -0.0112587  -0.158373  
-0.011333  0.00322875  -0.000407601  -0.0233341  -0.0114531  -0.143157  
-0.0108174  0.00320308  -0.000268139  -0.0238241  -0.0272319  -0.148535  
-0.011834  0.00299526  -0.000268139  -0.0200224  -0.00181147  -0.156002  
-0.0113037  0.00317046  -0.000268139  -0.0257691  -0.0199123  -0.151466  
-0.0110633  0.00317239  -0.000419325  -0.0225152  -0.0331277  -0.193416  
-0.0115802  0.00333404  -0.000268139  -0.0223551  -0.0100561  -0.160464  
-0.0115332  0.0031164  -0.000426446  -0.0221157  -0.0247899  -0.149763  
-0.0122882  0.00320047  -0.000401378  -0.0220748  -0.0335909  -0.122819  
-0.0129594  0.00335789  -0.000471855  -0.0269361  -0.0135594  -0.126398  
-0.0123528  0.00320047  -0.000407522  -0.0280911  -0.024704  -0.126248  
-0.0123406  0.00320047  -0.000509688  -0.0257506  -0.0334665  -0.156204  
-0.0125583  0.00325085  -0.000268139  -0.0185288  -0.0104538  -0.163916  
-0.0117957  0.00306913  -0.000110583  -0.0125813  -0.0119335  -0.14212  
-0.0119192  0.00294703  -0.000212822  -0.0109768  -0.0196822  -0.176585  
-0.0128283  0.00287604  0.000186623  -0.00408858  0.00634242  -0.177188  
-0.0121659  0.00284705  0.000111977  -0.00755476  -0.0182662  -0.196503  
-0.0124836  0.00286541  0.000253993  -0.00113719  0.000345632  -0.188312  
-0.0119249  0.00276222  0.000503993  0.000661464  -0.0133372  -0.164645  
-0.0122047  0.00273178  0.000642594  0.0135865  -0.00764314  -0.179207  
-0.012097  0.00273603  0.000554581  0.0124084  0.00136184  -0.146071  
-0.0119708  0.00276531  0.000503993  0.00237645  -0.00051852  -0.169254  
-0.0118897  0.00298876  0.000439556  0.00209547  0.00462515  -0.16211  
-0.012621  0.00315521  0.000394901  0.00731936  0.00767455  -0.168305  
-0.0121778  0.0031152  0.000253993  -0.00138508  -0.0107617  -0.162089  
-0.012488  0.00307299  0.000152911  -0.00418897  -0.00268173  -0.190262  
-0.0126092  0.00316827  7.33121e-05  -0.00950415  -0.00197525  -0.172429  
-0.0123115  0.00312483  0.000153953  -0.00132736  -0.0196305  -0.199627  
-0.0126772  0.00334695  1.19272e-05  -0.00292008  -0.00100999  -0.203673  
-0.0121176  0.0031783  0.000175515  -0.00730606  -0.0187065  -0.204622  
-0.0119447  0.00313702  -0.000305787  -0.0189016  -0.0252104  -0.247608  
-0.012411  0.00322727  -0.000305787  -0.0170811  -0.00676067  -0.246606  
-0.0127807  0.00317995  0.000105865  -0.00595161  0.00739418  -0.255275  
-0.0127834  0.00315958  0.000193538  -0.00682241  0.00382004  -0.239492  
-0.0127082  0.00308362  0.000153178  -0.000309693  0.00334659  -0.242572  
-0.0132117  0.00312323  0.000305633  0.00621234  0.0139502  -0.223346  
-0.0133546  0.002962  0.000699194  0.0137344  -0.0126922  -0.232677  
-0.0138363  0.00282719  0.000722302  0.0169639  -0.0224099  -0.277633  
-0.0143715  0.00294642  0.000627623  0.00507044  -0.00579272  -0.246733  
-0.0134558  0.00277462  0.000729167  0.00912593  -0.0153626  -0.2407  
-0.0137143  0.00295538  0.000670126  0.00679757  -0.00385892  -0.260502  
-0.0145087  0.00298845  0.000945229  0.0101328  0.00707304  -0.2243  
-0.0140131  0.00337411  0.000394562  -0.00612881  -0.0109005  -0.229438  
-0.014174  0.00361793  -2.81497e-05  -0.0138555  0.0102862  -0.238211  
-0.0144309  0.00384516  4.36247e-05  -0.0225719  0.0110727  -0.23873  
-0.014179  0.003926  -0.000190488  -0.0207228  0.00285482  -0.252247  
-0.0142477  0.00397673  -0.000281503  -0.0178435  0.00283362  -0.273671  
-0.0145862  0.0035753  -2.26167e-05  -0.00933189  0.00988509  -0.233834  
-0.0142676  0.00374752  3.17895e-06  -0.0139222  -0.00595216  -0.240319  
-0.0142264  0.00410501  -0.000269751  -0.0238209  -0.0164161  -0.244211  
-0.0151793  0.00417461  -0.000477479  -0.0371696  0.000441735  -0.215422  
-0.0147908  0.00421964  -0.000596511  -0.0401252  -0.0170803  -0.234607  
-0.0144047  0.00406028  -0.000602653  -0.0372687  -0.0145077  -0.273318  
-0.0149187  0.00425645  -0.000572296  -0.0341833  0.0070214  -0.247799  
-0.014398  0.00403833  -0.000591612  -0.0395891  -0.00895462  -0.236537  
-0.0140593  0.00384698  -0.00061752  -0.0370025  -0.00948955  -0.256074  
-0.0147781  0.00399425  -0.000656303  -0.0378972  0.000364562  -0.250273  
-0.0143603  0.00401334  -0.000724606  -0.0382501  -0.0110623  -0.238985  
-0.014363  0.00406682  -0.000724606  -0.0368451  -0.00394567  -0.268609  
-0.0143714  0.00393635  -0.000724606  -0.0361038  0.00888974  -0.24975  
-0.0145709  0.0036652  -0.000648809  -0.0294801  -0.006087  -0.24529  
-0.0146039  0.00343947  -0.000624084  -0.0265946  -0.0106293  -0.269343  
-0.0154205  0.00335728  -0.000533106  -0.0182807  -0.00385777  -0.258568  
-0.0150548  0.00346961  -0.000250129  -0.0215096  -0.0103226  -0.234946  
-0.0147048  0.00391217  -0.000650685  -0.0345053  -0.0148669  -0.248903  
-0.0152777  0.00406733  -0.000921451  -0.0442958  0.00418476  -0.239876  
-0.0150227  0.00411731  -0.000724606  -0.0380187  0.00133352  -0.244012  
-0.014896  0.00410432  -0.000724606  -0.0405457  -0.00879922  -0.274677  
-0.0153755  0.00420392  -0.000875262  -0.0397716  -0.00437536  -0.260445  
-0.0157812  0.00434731  -0.00116235  -0.051845  -0.00390828  -0.227223  
-0.014771  0.00427494  -0.00118189  -0.0479351  -0.01126  -0.245813  
-0.0150081  0.0043442  -0.000935053  -0.0382408  0.00080592  -0.27488  
-0.0148403  0.00455984  -0.00107678  -0.0433578  0.0100989  -0.228815  
-0.0158256  0.0044331  -7.28095e-05  -0.010285  -0.0269672  -0.200576  
-0.0162275  0.00457027  7.99259e-05  -0.0147405  -0.0230623  -0.221711  
-0.0170841  0.0048815  0.000209391  -0.0210921  -0.0134245  -0.196832  
-0.016378  0.00514524  -7.28095e-05  -0.023734  -0.0494753  -0.188923  
-0.0165743  0.00518975  -0.000294935  -0.0312034  -0.027741  -0.201257  
-0.0172231  0.00550879  -0.00027414  -0.0388556  -0.0228376  -0.168156  
-0.0164652  0.00586553  -0.000820809  -0.0553423  -0.0384039  -0.167735  
-0.0167458  0.00570774  -0.000820809  -0.0529976  -0.0226264  -0.187093  
-0.017199  0.00596244  -0.00058302  -0.0461579  -0.00337497  -0.17239  
-0.0170353  0.00625728  -0.000625181  -0.0615743  -0.0306276  -0.176541  
-0.0171773  0.00634935  -0.000471232  -0.0586767  -0.0213  -0.181098  
-0.0170421  0.00612945  -0.000519821  -0.0540591  -0.00477577  -0.172694  
-0.0170518  0.00632238  -0.000732185  -0.0613113  -0.036196  -0.186382  
-0.0168393  0.00648138  -0.000880629  -0.0604669  -0.0258103  -0.205709  
-0.0174729  0.00640405  -0.000477821  -0.054821  -0.0211546  -0.1947  
-0.0175586  0.00620276  -0.000498922  -0.055119  -0.00420053  -0.20027  
-0.0171477  0.00632124  -0.000475216  -0.0527214  -0.0215254  -0.198266  
-0.0168103  0.0065356  -0.000583536  -0.0546052  -0.00709224  -0.220259  
-0.017163  0.00629172  -0.000421609  -0.0469139  -0.0061013  -0.187403  
-0.0163423  0.00617303  -0.000302944  -0.0504945  -0.0324072  -0.189699  
-0.0160638  0.00647873  -0.000423106  -0.0486153  -0.00404628  -0.227519  
-0.0166741  0.00618323  -0.000674898  -0.0569966  -0.00929292  -0.185107  
-0.0165878  0.00644578  -0.000854149  -0.0625364  -0.0295078  -0.193619  
-0.017215  0.00649277  -0.000818449  -0.0571548  -0.0173483  -0.202028  
-0.0174821  0.00635401  -0.000986507  -0.0583624  -0.012768  -0.173105  
-0.0166999  0.0062911  -0.000753042  -0.0569119  -0.0236182  -0.193793  
-0.0180395  0.00617925  -0.000568018  -0.0476141  -0.0112742  -0.192456  
-0.0174338  0.00585114  -0.000568018  -0.0402867  -0.0323086  -0.179492  
-0.0172312  0.00585988  -0.000342107  -0.035368  -0.0288277  -0.213218  
-0.0170443  0.00595522  4.06428e-05  -0.0286056  -0.0254432  -0.288598  
-0.0171993  0.00608958  -0.000201623  -0.037268  -0.032753  -0.198735  
-0.0171178  0.00608495  -0.000364468  -0.0385988  -0.018388  -0.179506  
-0.0172634  0.00632995  -0.000446738  -0.0506666  -0.0298358  -0.157485  
-0.0173217  0.00665548  -0.000529208  -0.0521963  -0.0444623  -0.157156  
-0.0176018  0.00680325  -0.000602969  -0.0592272  -0.0397473  -0.150121  
-0.0182354  0.00662874  -0.000666028  -0.0559666  -0.0258891  -0.157638  
-0.0179967  0.00667481  -0.000626292  -0.0619468  -0.0497018  -0.173562  
-0.0177185  0.00682599  -0.00070545  -0.0633418  -0.0357751  -0.181121  
-0.0184525  0.0066301  -0.000529208  -0.0574879  -0.02441  -0.172199  
-0.0188434  0.00662562  -0.000741097  -0.0647812  -0.0490715  -0.168603  
-0.0184757  0.00677306  -0.000529208  -0.0595522  -0.054756  -0.1862  
-0.0191046  0.00653657  -0.000529208  -0.0553279  -0.0292018  -0.184508  
-0.0190105  0.00676894  -0.000333141  -0.0524375  -0.0389018  -0.182667  
-0.018068  0.0067756  -0.000529209  -0.0481966  -0.0468211  -0.194267  
-0.0184485  0.00655201  -0.000735208  -0.0588659  -0.0159526  -0.187637  
-0.0188545  0.00657448  -0.00088086  -0.062563  -0.0383468  -0.183965  
-0.018804  0.00667421  -0.000820351  -0.0603642  -0.0477089  -0.184401  
-0.0191778  0.00692451  -0.000737497  -0.0609237  -0.021518  -0.172697  
-0.0197197  0.00718092  -0.000675952  -0.0616234  -0.0437696  -0.138198  
-0.0205368  0.00708892  -0.00087463  -0.0627472  -0.0671223  -0.175276  
-0.0214434  0.00730836  -0.000894547  -0.0587908  -0.0362875  -0.16346  
-0.0190164  0.00704934  -0.000675952  -0.0542163  -0.0368711  -0.351657  
-0.0187247  0.00695941  -0.00035476  -0.0344969  -0.0117745  -0.524252  
-0.019928  0.00742254  -0.000675952  -0.0574281  -0.0175324  -0.443971  
-0.0195382  0.00778933  -0.00107335  -0.0717481  -0.0203845  -0.434073  
-0.020552  0.00840315  -0.00128775  -0.0772102  0.00752838  -0.422939  
-0.0204007  0.00830561  -0.00115455  -0.0736888  0.0102317  -0.407093  
-0.0201116  0.00829034  -0.00139212  -0.0754565  -0.0150071  -0.393596  
-0.0208807  0.00833157  -0.00157266  -0.0826738  -0.0204007  -0.39263  
-0.0216453  0.00824334  -0.00127691  -0.075435  -0.0420477  -0.39474  
-0.0210373  0.00831265  -0.0012877  -0.0750949  -0.0494076  -0.395129  
-0.0211886  0.00818892  -0.0013906  -0.0770756  -0.0348174  -0.405163  
-0.0208764  0.00805393  -0.00147866  -0.0804439  -0.030425  -0.383994  
-0.0207408  0.00804368  -0.00136953  -0.0843935  -0.038744  -0.392208  
-0.020874  0.00829269  -0.00152403  -0.0866929  -0.0267692  -0.375872  
-0.0213903  0.00846981  -0.00158228  -0.0806769  -0.00846839  -0.369995  
-0.021102  0.00816674  -0.00143774  -0.0803972  -0.0351544  -0.356816  
-0.0216897  0.00826496  -0.00126245  -0.0781197  -0.0342204  -0.382774  
-0.0229216  0.00831258  -0.000513889  -0.0569372  -0.02614  -0.35465  
-0.0223184  0.00832676  -0.000814296  -0.0712119  -0.0564076  -0.348147  
-0.0215578  0.00866521  -0.00111166  -0.0828408  -0.0343896  -0.357556  
-0.0217295  0.00864664  -0.00130388  -0.0892523  -0.0335853  -0.311539  
-0.021142  0.00878065  -0.00140874  -0.0908197  -0.045162  -0.311898  
-0.0207581  0.00889516  -0.00128065  -0.0848206  -0.0355926  -0.334265  
-0.0220881  0.00943182  -0.00183333  -0.100367  -0.0354277  -0.329775  
-0.0220244  0.00936056  -0.0012755  -0.0847485  -0.0401802  -0.327095  
-0.021078  0.00926837  -0.00104584  -0.075891  -0.0425691  -0.332584  
-0.02154  0.00935864  -0.00104584  -0.080101  -0.0266382  -0.323723  
-0.0214372  0.00930547  -0.000889836  -0.0798653  -0.0396173  -0.320733  
-0.0204271  0.00905593  -0.0012416  -0.0865326  -0.0348048  -0.3457  
-0.0207609  0.00875868  -0.00104584  -0.0838184  -0.028036  -0.359434  
-0.0213957  0.00920086  -0.00104584  -0.084623  -0.0264006  -0.347169  
-0.0202795  0.00915606  -0.000608065  -0.0796594  -0.0409868  -0.360133  
-0.0207302  0.0096007  -0.00102078  -0.09008  -0.0288596  -0.366173  
-0.0211434  0.00958324  -0.00127727  -0.100033  -0.0366821  -0.349557  
-0.020576  0.00950894  -0.00138366  -0.0919515  -0.0369557  -0.367447  
-0.0211107  0.00970181  -0.00102078  -0.0792731  -0.0202666  -0.362998  
-0.0228606  0.00972115  -0.00107127  -0.0862196  -0.00130612  -0.348574  
-0.0217744  0.0101031  -0.0013388  -0.0954613  -0.0370687  -0.350984  
-0.0229763  0.00994738  -0.00168753  -0.108067  -0.0359837  -0.325913  
-0.022797  0.00991862  -0.00144539  -0.107524  -0.0289254  -0.33369  
-0.0217523  0.0104448  -0.00180456  -0.110413  -0.0456718  -0.333338  
-0.0222195  0.0110559  -0.00213597  -0.112526  -0.0374289  -0.345683  
-0.0229719  0.0107115  -0.00188355  -0.117809  -0.0363285  -0.332307  
-0.0219759  0.0109847  -0.00188355  -0.111863  -0.055218  -0.334865  
-0.0218832  0.0108135  -0.00206417  -0.1204  -0.0578968  -0.36141  
-0.022735  0.0109069  -0.00147504  -0.11026  -0.0446054  -0.323845  
-0.0220755  0.0108679  -0.00135994  -0.109326  -0.0527598  -0.315603  
-0.0219018  0.0112132  -0.00123792  -0.113349  -0.0511839  -0.331001  
-0.0221584  0.0114259  -0.00133896  -0.110764  -0.0431081  -0.329335  
-0.0219072  0.0113502  -0.00123792  -0.105463  -0.0334764  -0.334684  
-0.0211658  0.0109297  -0.00128832  -0.100529  -0.0466817  -0.334513  
-0.0215405  0.0110123  -0.00147171  -0.104437  -0.0301696  -0.343767  
-0.0227724  0.0111879  -0.00147411  -0.106155  -0.021536  -0.340365  
-0.0215314  0.0114881  -0.00167871  -0.112391  -0.0481637  -0.308203  
-0.021371  0.0119685  -0.00147005  -0.11265  -0.0455398  -0.342792  
-0.0225935  0.0120744  -0.00182172  -0.126225  -0.0446303  -0.311618  
-0.023546  0.012178  -0.00229695  -0.136445  -0.0580269  -0.284877  
-0.0214296  0.0110316  -0.00249518  -0.133896  -0.0254417  -0.322109  
-0.0220557  0.0112358  -0.00241522  -0.135048  -0.0350366  -0.328539  
-0.0234711  0.0115003  -0.00216117  -0.126217  -0.0371829  -0.287318  
-0.0222859  0.0112309  -0.00191841  -0.118567  -0.048838  -0.295565  
-0.0232404  0.0112744  -0.00192021  -0.121517  -0.0470227  -0.302628  
-0.0233776  0.0113442  -0.00176525  -0.113975  -0.0347885  -0.298423  
-0.0221798  0.0113837  -0.00205461  -0.119193  -0.0629547  -0.297398  
-0.0228405  0.0112677  -0.00193715  -0.117408  -0.0492691  -0.323794  
-0.0227192  0.0116217  -0.00210893  -0.121299  -0.0301624  -0.30855  
-0.0226344  0.0118036  -0.0022688  -0.122518  -0.0484371  -0.315255  
-0.0227909  0.012314  -0.0021907  -0.132541  -0.0445383  -0.314889  
-0.0233594  0.0124615  -0.00232335  -0.146286  -0.0404546  -0.23871  
-0.0231828  0.01247  -0.00227067  -0.153319  -0.0592339  -0.183651  
-0.0221222  0.0128942  -0.0021907  -0.153527  -0.0534041  -0.243475  
-0.0218509  0.0127289  -0.00231354  -0.151443  -0.0521809  -0.259635  
-0.0212636  0.0125905  -0.00207587  -0.148554  -0.0422807  -0.270097  
-0.0211694  0.0125767  -0.00205069  -0.142126  -0.0550616  -0.270657  
-0.0216614  0.0126434  -0.00195591  -0.136898  -0.0363085  -0.266316  
-0.020647  0.0127714  -0.00201712  -0.139049  -0.0523781  -0.259079  
-0.0202788  0.012303  -0.00166068  -0.126959  -0.0547171  -0.278371  
-0.0196214  0.0126726  -0.00229319  -0.152924  -0.0447996  -0.205079  
-0.018664  0.0129421  -0.00241869  -0.164566  -0.0464171  -0.217548  
-0.0188038  0.0130096  -0.00272535  -0.174908  -0.0420794  -0.200477  
-0.0188536  0.0129048  -0.00275459  -0.17267  -0.0249062  -0.183151  
-0.018557  0.0130089  -0.00273493  -0.170558  -0.0475951  -0.178401  
-0.0192855  0.0129848  -0.00290333  -0.173997  -0.0322365  -0.186536  
-0.019179  0.0130792  -0.00301802  -0.178248  -0.0604664  -0.178388  
-0.0187626  0.0132327  -0.00311478  -0.174846  -0.0473101  -0.195099  
-0.0198545  0.013113  -0.00338658  -0.18196  -0.0543279  -0.163551  
-0.0186283  0.0124783  -0.00322584  -0.169906  -0.0552288  -0.176231  
-0.0200624  0.0130577  -0.00321383  -0.182985  -0.0463585  -0.15421  
-0.0191784  0.0130488  -0.00331279  -0.189943  -0.0635941  -0.177564  
-0.0207759  0.0136567  -0.00355057  -0.194469  -0.0210123  -0.142652  
-0.0197607  0.0135204  -0.00348978  -0.186769  -0.0555082  -0.168492  
-0.0193402  0.0129453  -0.00337932  -0.191828  -0.0388881  -0.148291  
-0.0190315  0.0132244  -0.00336374  -0.193824  -0.0616627  -0.163709  
-0.0194432  0.0135939  -0.00368731  -0.19818  -0.0639568  -0.201058  
-0.0204179  0.0138349  -0.00368731  -0.198521  -0.0449187  -0.173158  
-0.0199484  0.0138619  -0.0035197  -0.188601  -0.076115  -0.193757  
-0.0198241  0.0139011  -0.00380779  -0.202072  -0.0476482  -0.180597  
-0.0194753  0.0138542  -0.00380779  -0.201219  -0.0459035  -0.171604  
-0.0188411  0.0135721  -0.00354211  -0.196917  -0.0633267  -0.19072  
-0.0199195  0.0138279  -0.00353025  -0.19424  -0.0468375  -0.15626  
-0.0193163  0.0137088  -0.00356626  -0.196817  -0.072246  -0.172434  
-0.0193927  0.013585  -0.00345949  -0.193008  -0.0480573  -0.175189  
-0.0200655  0.0138953  -0.00360622  -0.193589  -0.063811  -0.167776  
-0.0197107  0.013627  -0.00340468  -0.187525  -0.0686854  -0.199325  
-0.0196088  0.0136207  -0.00330789  -0.183374  -0.0403011  -0.180945  
-0.0193137  0.0135745  -0.00307023  -0.180302  -0.0748585  -0.212635  
-0.0204245  0.014176  -0.00316372  -0.188719  -0.0385329  -0.22069  
-0.0187818  0.0136204  -0.0030589  -0.190965  -0.0616151  -0.222109  
-0.0189032  0.0139038  -0.00327313  -0.192857  -0.0400813  -0.234058  
-0.0209758  0.0142207  -0.00345823  -0.184349  -0.0563199  -0.202747  
-0.0203955  0.0138404  -0.00327632  -0.179852  -0.0719543  -0.234855  
-0.0213066  0.0145317  -0.00327632  -0.186652  -0.0451961  -0.205219  
-0.0210915  0.0145789  -0.00359957  -0.187401  -0.0693032  -0.188929  
-0.0207633  0.0147421  -0.0035893  -0.193188  -0.0753273  -0.20203  
-0.0218676  0.0149407  -0.00362691  -0.204039  -0.0586279  -0.180827  
-0.0209933  0.0151579  -0.00358751  -0.19991  -0.0822205  -0.185398  
-0.0214115  0.0149503  -0.0035903  -0.204365  -0.0708434  -0.204966  
-0.0200193  0.015087  -0.00335665  -0.201962  -0.090604  -0.228292  
-0.0213523  0.0151594  -0.00346779  -0.204322  -0.0470587  -0.214836  
-0.0200919  0.0146506  -0.00327632  -0.19226  -0.0691949  -0.196689  
-0.0207094  0.0146252  -0.00307737  -0.192981  -0.0699896  -0.219835  
-0.0218317  0.0148098  -0.00336118  -0.190195  -0.0818743  -0.176925  
-0.0212837  0.0150948  -0.00342736  -0.198916  -0.0913427  -0.200081  
-0.0219984  0.0153752  -0.00356743  -0.201375  -0.0723184  -0.203986  
-0.021254  0.0157208  -0.00357632  -0.20419  -0.081661  -0.173768  
-0.0212381  0.0158623  -0.00367827  -0.211344  -0.075235  -0.18231  
-0.0227768  0.0162977  -0.00385644  -0.21087  -0.0628863  -0.176439  
-0.0234153  0.0161617  -0.00398684  -0.216656  -0.0901116  -0.171037  
-0.0233218  0.0154078  -0.00385644  -0.192533  -0.0784722  -0.222719  
-0.0225974  0.0153334  -0.00385644  -0.192343  -0.0442133  -0.216152  
-0.0224109  0.0157598  -0.00358051  -0.193085  -0.0809872  -0.212681  
-0.0226833  0.0161816  -0.00375155  -0.197878  -0.0640512  -0.24295  
-0.0235015  0.0163055  -0.00347206  -0.208866  -0.077381  -0.205001  
-0.0225759  0.0162599  -0.00341682  -0.199656  -0.0928285  -0.23361  
-0.0240411  0.0168653  -0.00376976  -0.212059  -0.0701938  -0.182683  
-0.022352  0.0161146  -0.00355724  -0.207778  -0.103816  -0.216557  
-0.0226414  0.0169985  -0.00330507  -0.206162  -0.0586654  -0.177664  
-0.0212191  0.0140655  -0.00314434  -0.153167  -0.0768054  -0.123534  
-0.0203678  0.0132598  -0.00265473  -0.141361  -0.0728252  -0.202346  
-0.0213244  0.0136631  -0.00255567  -0.151608  -0.0455766  -0.172099  
-0.020447  0.0136978  -0.00254107  -0.150615  -0.0703469  -0.178563  
-0.0209043  0.0137219  -0.00244764  -0.149342  -0.0257101  -0.155752  
-0.0211243  0.0136461  -0.00229955  -0.14736  -0.0739924  -0.176492  
-0.0214059  0.0134696  -0.00239281  -0.151385  -0.056969  -0.183991  
-0.0208875  0.0134963  -0.0022606  -0.154021  -0.0740382  -0.183353  
-0.0207899  0.0135395  -0.00232936  -0.152006  -0.0586608  -0.213267  
-0.0220905  0.0136031  -0.00268382  -0.158806  -0.0481299  -0.18315  
-0.0213263  0.0135806  -0.00263551  -0.152132  -0.0637062  -0.217843  
-0.0224086  0.0136471  -0.00278371  -0.154078  -0.0554383  -0.244747  
-0.0225428  0.0136947  -0.00260689  -0.153374  -0.0444035  -0.241791  
-0.0217443  0.0135928  -0.00267926  -0.152095  -0.039701  -0.276534  
-0.0229765  0.0136262  -0.00256501  -0.14947  -0.032933  -0.286863  
-0.021868  0.0140859  -0.00267568  -0.16015  -0.0399522  -0.260819  
-0.0215141  0.0140209  -0.00274198  -0.1616  -0.0318787  -0.300075  
-0.0219092  0.0143501  -0.00282044  -0.162187  -0.0146601  -0.30019  
-0.0204806  0.0142014  -0.00257044  -0.156403  -0.0289364  -0.325377  
-0.0188828  0.0141206  -0.00250527  -0.162638  -0.0201146  -0.371592  
-0.0197609  0.0143321  -0.00244012  -0.161529  0.000815605  -0.341942  
-0.0192153  0.0141665  -0.00246633  -0.167072  -0.0155186  -0.336041  
-0.0193305  0.0142658  -0.0024741  -0.16584  -0.00977812  -0.340096  
-0.0199198  0.014339  -0.00227857  -0.159006  0.000494778  -0.336752  
-0.0193802  0.0144047  -0.00248351  -0.163102  -0.0201346  -0.351729  
-0.0192151  0.0143145  -0.00240826  -0.167687  0.00410312  -0.349428  
-0.0187488  0.0145368  -0.00240754  -0.170466  0.0170979  -0.339106  
-0.018694  0.0140355  -0.00239202  -0.164469  -0.00507605  -0.339926  
-0.019476  0.01419  -0.00237283  -0.161896  0.00938266  -0.348721  
-0.0198209  0.0150453  -0.00222476  -0.164849  0.0034146  -0.322898  
-0.0204493  0.0154069  -0.00201767  -0.162385  -0.00883962  -0.36586  
-0.0207234  0.0151535  -0.00207885  -0.158989  0.0143753  -0.374394  
-0.0208496  0.0153637  -0.00239871  -0.171363  0.00793162  -0.359892  
-0.0195289  0.0150102  -0.00221431  -0.166837  0.000153026  -0.381527  
-0.0201694  0.0151077  -0.00234658  -0.171576  0.0134296  -0.365989  
-0.0204733  0.0150429  -0.00218719  -0.169935  0.00325897  -0.355632  
-0.0202099  0.0149455  -0.00213865  -0.169724  -0.0123335  -0.360454  
-0.0203252  0.0152801  -0.00223501  -0.166927  -0.0055867  -0.364449  
-0.0208499  0.014925  -0.00224393  -0.164582  0.00415739  -0.3493  
-0.019856  0.0149699  -0.00210669  -0.164944  -0.00300829  -0.368201  
-0.0198617  0.0151819  -0.00210669  -0.168609  0.00138629  -0.380541  
-0.0197308  0.0149  -0.00204586  -0.160026  0.0196537  -0.353212  
-0.0191965  0.0150639  -0.00175441  -0.160392  -0.00230404  -0.340502  
-0.0192533  0.0147177  -0.00202776  -0.161548  0.00700941  -0.355393  
-0.0202458  0.0147471  -0.00230144  -0.16705  0.0121044  -0.336044  
-0.0198514  0.0143618  -0.00209177  -0.158447  -0.0131429  -0.337685  
-0.0194533  0.0146844  -0.00217645  -0.162285  0.00387513  -0.365424  
-0.019756  0.0145863  -0.00217352  -0.159809  0.018435  -0.347519  
-0.0207953  0.0143043  -0.00184177  -0.154333  0.0176503  -0.333995  
-0.0190608  0.0138347  -0.00195336  -0.159488  -0.0249994  -0.348555  
-0.0197447  0.0136778  -0.00209177  -0.155029  0.0102425  -0.359967  
-0.0196173  0.0138857  -0.00209177  -0.161021  0.00297933  -0.352923  
-0.0191683  0.0140344  -0.00190363  -0.161037  0.00627142  -0.362472  
-0.0196257  0.0140644  -0.00201826  -0.160977  0.0153626  -0.361452  
-0.0198524  0.0142474  -0.00192503  -0.161112  -0.000671067  -0.348287  
-0.01928  0.0140041  -0.00209257  -0.154319  -0.00825442  -0.370685  
-0.0193211  0.0141795  -0.00201826  -0.158036  0.0125692  -0.36266  
-0.0198609  0.0140392  -0.00176551  -0.15123  0.0204263  -0.35827  
-0.019409  0.0138247  -0.0017351  -0.152646  0.011424  -0.375485  
-0.0197952  0.0139143  -0.0017274  -0.147453  0.0149981  -0.39973  
-0.020005  0.0143833  -0.00194464  -0.162123  0.0293429  -0.353254  
-0.0188977  0.0144255  -0.00154364  -0.157374  0.0139355  -0.3663  
-0.0189828  0.0144647  -0.00160347  -0.161357  0.0293582  -0.334504  
-0.0182091  0.0144113  -0.0016039  -0.153712  0.0101182  -0.350266  
-0.0180649  0.0141271  -0.00154364  -0.159122  0.0291608  -0.357466  
-0.0182491  0.0141907  -0.00141693  -0.156484  0.00437477  -0.35932  
-0.0177374  0.0142  -0.00154363  -0.157002  0.0273048  -0.35559  
-0.0184092  0.0142108  -0.00164014  -0.156136  0.0274357  -0.334547  
-0.0181018  0.0140524  -0.00145455  -0.150504  0.00783289  -0.341568  
-0.0190362  0.0140416  -0.00154364  -0.146504  0.00375635  -0.362156  
-0.0197476  0.0139204  -0.00114169  -0.142314  0.0201627  -0.357855  
-0.0182446  0.0134498  -0.000890971  -0.137331  -0.00835584  -0.37611  
-0.0182145  0.0136311  -0.00111991  -0.140134  0.0287681  -0.385179  
-0.0181468  0.013318  -0.000943832  -0.137211  0.0253461  -0.365323  
-0.0186086  0.0133403  -0.00110624  -0.141971  0.0166405  -0.394388  
-0.0183476  0.0129603  -0.00099568  -0.135963  0.0276899  -0.382953  
-0.0186928  0.0132508  -0.00099568  -0.132502  0.0282629  -0.364492  
-0.0183624  0.0132205  -0.00080013  -0.130952  0.00324746  -0.369316  
-0.0188423  0.0130908  -0.00121715  -0.13654  0.0129917  -0.391635  
-0.0188015  0.0129292  -0.00099568  -0.130473  0.018457  -0.392565  
-0.0197298  0.013043  -0.00110755  -0.130999  0.0200803  -0.375267  
-0.0196532  0.0130519  -0.00117724  -0.131032  0.0054429  -0.385308  
-0.0210099  0.0129945  -0.00128205  -0.126134  0.0167152  -0.405603  
-0.0210555  0.0128664  -0.00111177  -0.1275  0.0223306  -0.387581  
-0.0199714  0.0126819  -0.00135769  -0.129866  0.00174936  -0.405648  
-0.0196689  0.0126337  -0.00106762  -0.120534  0.0236007  -0.411449  
-0.020705  0.0127785  -0.00099568  -0.121704  0.0174726  -0.401451  
-0.0184563  0.0126277  -0.000847904  -0.11623  0.00825531  -0.456337  
-0.0188786  0.0127668  -0.000768449  -0.113836  0.0398883  -0.428652  
-0.0186813  0.0128101  -0.000750019  -0.114577  0.0132056  -0.41233  
-0.0181296  0.0127903  -0.000718397  -0.120121  0.0313618  -0.428042  
-0.0216123  0.0123794  -0.0013096  -0.126557  0.0185764  -0.385831  
-0.022239  0.0122399  -0.00138531  -0.130411  0.00425591  -0.384398  
-0.0211353  0.0125843  -0.00078869  -0.119412  0.0179316  -0.417487  
-0.0216719  0.0126872  -0.00073046  -0.122522  0.0177572  -0.402343  
-0.0197634  0.0124345  -0.000922539  -0.124657  0.0128441  -0.410772  
-0.0205815  0.0123315  -0.000804355  -0.120021  0.0256141  -0.419  
-0.0207666  0.012137  -0.00073046  -0.119853  0.00395405  -0.402068  
-0.0192652  0.0124143  -0.00103923  -0.119106  0.00105983  -0.412129  
-0.0198443  0.0124857  -0.00115455  -0.122614  0.0350219  -0.403088  
-0.0204247  0.0122973  -0.00106494  -0.116224  0.013137  -0.399275  
-0.0201817  0.0117846  -0.00120738  -0.115477  0.0215435  -0.408468  
-0.0194327  0.0119596  -0.000654355  -0.112975  0.0430477  -0.398364  
-0.0194207  0.0117638  -0.000977572  -0.113082  0.00106604  -0.396788  
-0.0192384  0.0118606  -0.000989761  -0.11486  0.0184291  -0.428559  
-0.0200095  0.0116657  -0.000865122  -0.116701  0.0249396  -0.398788  
-0.0191345  0.0118679  -0.000986833  -0.115326  0.0102967  -0.393847  
-0.0190088  0.0119804  -0.000960753  -0.114597  0.0201848  -0.398896  
-0.0197656  0.0119165  -0.000850457  -0.11032  0.0376992  -0.395645  
-0.0199676  0.0121541  -0.000996711  -0.117148  0.0064746  -0.386644  
-0.0196299  0.0121419  -0.00102015  -0.11578  0.00333968  -0.406921  
-0.0197645  0.0121336  -0.00115182  -0.119121  0.0239146  -0.419891  
-0.0197441  0.0118318  -0.00101987  -0.120289  0.0246765  -0.417409  
-0.0182834  0.0121074  -0.000708393  -0.110936  0.0217739  -0.406298  
-0.0181059  0.0121736  -0.000593367  -0.109378  0.0288753  -0.419889  
-0.0182546  0.0119409  -0.000486936  -0.109893  0.0346489  -0.419858  
-0.0181063  0.011845  -0.00082247  -0.11512  0.018463  -0.415283  
-0.0180389  0.0117522  -0.00049868  -0.100363  0.0352691  -0.42024  
-0.0186064  0.0113788  -8.03428e-05  -0.0851706  0.0462178  -0.397578  
-0.0185732  0.0110291  4.70864e-05  -0.0835116  0.0294027  -0.404704  
-0.0185557  0.011183  0.000123427  -0.0799041  0.032882  -0.437066  
-0.0187086  0.011199  0.000229868  -0.0844511  0.0374811  -0.436681  
-0.0194754  0.0110375  0.000194084  -0.0793802  0.0450116  -0.43447  
-0.0189531  0.0111637  0.000160008  -0.0754069  0.0361637  -0.437735  
-0.0186513  0.0108809  0.000348298  -0.0699482  0.046626  -0.467629  
-0.018851  0.0107946  0.000298004  -0.0661656  0.0490314  -0.469258  
-0.0190313  0.0109131  0.000283905  -0.0714849  0.0349534  -0.447408  
-0.019239  0.0110114  0.000489355  -0.0644746  0.052207  -0.460556  
-0.0194395  0.0110388  0.000512185  -0.061652  0.0488175  -0.464303  
-0.0191149  0.011384  0.000728098  -0.0688434  0.0625945  -0.429915  
-0.0189408  0.0114033  0.000927608  -0.063515  0.0529189  -0.443912  
-0.0189683  0.0118368  0.000854552  -0.0654026  0.0505285  -0.465529  
-0.018233  0.0116345  0.000803985  -0.0642559  0.0663029  -0.47576  
-0.0185564  0.0117332  0.000854552  -0.0653512  0.069796  -0.463043  
-0.0176093  0.0113898  0.000854552  -0.0648728  0.0520373  -0.457298  
-0.0182324  0.0114964  0.000854551  -0.0628654  0.0463831  -0.45301  
-0.0184683  0.0116215  0.00121877  -0.059828  0.0497222  -0.450615  
-0.0191283  0.0117384  0.00119544  -0.0576833  0.0355773  -0.437815  
-0.0186443  0.0114549  0.00102022  -0.0603044  0.0395987  -0.452717  
-0.0184301  0.0115586  0.00098288  -0.0633054  0.0487961  -0.452709  
-0.019124  0.0117656  0.000854551  -0.0670265  0.0538033  -0.457875  
-0.0189383  0.0120172  0.000748849  -0.0732218  0.0489486  -0.43593  
-0.0193249  0.0126156  0.000439418  -0.0875775  0.0428691  -0.436282  
-0.0192338  0.0126083  0.000503178  -0.0839885  0.0473941  -0.460475  
-0.0205553  0.0130361  0.000777425  -0.0806076  0.0495907  -0.447802  
-0.0194398  0.0127532  0.000599105  -0.0780462  0.0340578  -0.456289  
-0.0178282  0.0126589  0.00109816  -0.0728094  0.0387783  -0.496798  
-0.0187144  0.0130267  0.000990166  -0.0732897  0.0441215  -0.495359  
-0.018106  0.0123994  0.000877385  -0.0727263  0.0392756  -0.483411  
-0.0179368  0.0123744  0.000617204  -0.0759879  0.0406865  -0.509523  
-0.0177846  0.0124892  0.000617204  -0.0743937  0.0482078  -0.49857  
-0.0190036  0.0123752  0.000883666  -0.076124  0.0583378  -0.480056  
-0.018133  0.0118068  0.000617204  -0.0735379  0.0512699  -0.50341  
-0.0182873  0.0118242  0.000617204  -0.0687734  0.0540599  -0.518312  
-0.0185905  0.0122063  0.000948027  -0.070074  0.055211  -0.520924  
-0.0185063  0.0120883  0.000900148  -0.073039  0.0431725  -0.491524  
-0.0176827  0.0120173  0.00122184  -0.0668895  0.0442917  -0.462771  
-0.0178338  0.0116878  0.000994336  -0.0641231  0.0556382  -0.491709  
-0.0184306  0.0110888  0.000606664  -0.0709674  0.0536329  -0.482056  
-0.0184221  0.0110159  0.000276407  -0.0759419  0.0631339  -0.466103  
-0.0179472  0.011142  0.000685042  -0.0719404  0.0595403  -0.468947  
-0.0179064  0.01115  0.000685042  -0.0676292  0.0409786  -0.468947  
-0.0179649  0.0111402  0.000865387  -0.0702968  0.0544179  -0.477618  
-0.0175608  0.0112934  0.000884159  -0.0604487  0.0655065  -0.483848  
-0.0178291  0.0111031  0.00103788  -0.0682366  0.0496468  -0.480651  
-0.0171352  0.0112314  0.000685042  -0.0653743  0.0386189  -0.486297  
-0.016066  0.0110015  0.000890115  -0.0658896  0.068832  -0.497639  
-0.0164125  0.010944  0.000685042  -0.0667909  0.0679659  -0.491189  
-0.0170692  0.0107414  0.000847365  -0.0672604  0.0739875  -0.489131  
-0.016092  0.0107372  0.000685042  -0.0695043  0.0515193  -0.478653  
-0.0158518  0.0104491  0.000491204  -0.0689351  0.0619185  -0.487145  
-0.0157907  0.0104183  0.000557101  -0.0691257  0.0669276  -0.463226  
-0.0159543  0.0108394  0.000837668  -0.0699994  0.0623812  -0.438387  
-0.0155103  0.0108421  0.00109992  -0.0689596  0.0559026  -0.425715  
-0.0154906  0.0108692  0.00119598  -0.0696463  0.0604814  -0.432943  
-0.0155163  0.0108159  0.00119598  -0.0727334  0.0579408  -0.405715  
-0.0159295  0.0105443  0.00152959  -0.069642  0.06113  -0.392636  
-0.0156868  0.0100099  0.00119598  -0.0714347  0.0531401  -0.368638  
-0.0158894  0.00909294  0.00150045  -0.065549  0.0640766  -0.364223  
-0.0158869  0.00916527  0.00175129  -0.0620616  0.0654804  -0.361428  
-0.015556  0.00965393  0.00197273  -0.0557117  0.0616369  -0.354374  
-0.0156326  0.00902808  0.00192383  -0.061223  0.0517388  -0.347386  
-0.0153723  0.0092854  0.0021274  -0.0567325  0.043671  -0.347708  
-0.0157855  0.00934805  0.00214957  -0.0464017  0.053605  -0.364  
-0.0157774  0.00920322  0.00206868  -0.048828  0.0661206  -0.352875  
-0.0150322  0.00907358  0.00209158  -0.0505674  0.0551347  -0.360159  
-0.0149385  0.00894784  0.00191164  -0.0553294  0.0473839  -0.365997  
-0.0151115  0.00900187  0.00157061  -0.0572479  0.0446314  -0.350454  
-0.0150771  0.00874036  0.00187093  -0.0490022  0.0527004  -0.345393  
-0.015075  0.00889711  0.00187093  -0.0532329  0.0564693  -0.347566  
-0.0151623  0.00878655  0.00180012  -0.0524038  0.0505402  -0.349253  
-0.0151214  0.00877225  0.00181038  -0.0479889  0.062691  -0.34954  
-0.0149663  0.00871946  0.00172722  -0.0476211  0.0599424  -0.347806  
-0.0149606  0.00884915  0.00183641  -0.0491457  0.0740568  -0.346331  
-0.0150154  0.00870843  0.00168509  -0.0521659  0.0449375  -0.328062  
-0.0152354  0.00868085  0.00172661  -0.0499753  0.0482764  -0.340942  
-0.0148957  0.00865933  0.00183594  -0.0543496  0.051507  -0.303671  
-0.0151954  0.00884566  0.00180138  -0.055116  0.0479459  -0.299178  
-0.0147413  0.00900583  0.00211173  -0.0503066  0.0430846  -0.331133  
-0.0149696  0.0091354  0.00222189  -0.0504256  0.0499608  -0.313408  
-0.0153092  0.0088355  0.00221225  -0.0471681  0.0495722  -0.275212  
-0.0146823  0.00884169  0.00186608  -0.0543719  0.0368107  -0.295381  
-0.0145994  0.00884267  0.00204815  -0.0541227  0.0417398  -0.300425  
-0.015343  0.00897399  0.00208494  -0.0446393  0.0587901  -0.286576  
-0.014321  0.00881707  0.00222032  -0.035814  0.0443803  -0.297342  
-0.0140642  0.00876945  0.00252886  -0.032279  0.0549719  -0.295827  
-0.0146725  0.0088098  0.0023729  -0.0328901  0.0488092  -0.272213  
-0.0137099  0.00865544  0.00231914  -0.0402589  0.0421223  -0.269984  
-0.0130935  0.00900123  0.00228298  -0.0454302  0.0555531  -0.280295  
-0.0125898  0.00883684  0.00226036  -0.0491498  0.0544157  -0.277233  
-0.0126883  0.00856932  0.00237424  -0.0379879  0.0726392  -0.267529  
-0.0124655  0.00866437  0.00248509  -0.0438788  0.060342  -0.259458  
-0.012422  0.00888087  0.00257256  -0.0415141  0.057797  -0.289847  
-0.0131955  0.00899327  0.00261854  -0.0430202  0.0576074  -0.26481  
-0.0127432  0.00905075  0.00248137  -0.0451956  0.0280769  -0.279566  
-0.0130119  0.00904469  0.00238026  -0.0412781  0.0534711  -0.270379  
-0.0130638  0.00914616  0.00239539  -0.0447103  0.0274659  -0.262516  
-0.013  0.00920219  0.00234611  -0.0479998  0.0235578  -0.276167  
-0.0134288  0.00911597  0.00247823  -0.0451514  0.0488279  -0.269788  
-0.0125175  0.00933393  0.00230598  -0.0496064  0.0272931  -0.276044  
-0.013159  0.00918381  0.00213026  -0.0480107  0.0547291  -0.273769  
-0.0131263  0.00896355  0.00238026  -0.0461782  0.0329794  -0.267088  
-0.0131842  0.00928615  0.00232569  -0.04693  0.0313145  -0.289269  
-0.0134387  0.00890362  0.00219839  -0.0466266  0.0568431  -0.281484  
-0.0129052  0.009268  0.00240372  -0.0417691  0.0238642  -0.294944  
-0.0130725  0.00906695  0.00253611  -0.0432363  0.0495687  -0.285194  
-0.0124475  0.00925284  0.0025004  -0.045152  0.0352065  -0.269438  
-0.0127279  0.00929979  0.00253199  -0.0407298  0.0372045  -0.28919  
-0.0137402  0.00934992  0.0024888  -0.0388086  0.0538621  -0.292636  
-0.0127726  0.00948964  0.00235996  -0.0472922  0.0182222  -0.300437  
-0.0130425  0.00958481  0.0024876  -0.047919  0.0512507  -0.301897  
-0.0122715  0.00976515  0.00263216  -0.049753  0.0409791  -0.270955  
-0.0121904  0.00969403  0.00250001  -0.0493945  0.0417191  -0.274488  
-0.0128487  0.00962225  0.00250964  -0.0488474  0.0678759  -0.264709  
-0.0128665  0.00972881  0.00239479  -0.0499898  0.019155  -0.285304  
-0.0131401  0.00961678  0.00246119  -0.0415641  0.0464304  -0.297941  
-0.0129015  0.0094881  0.00259147  -0.0440067  0.0570767  -0.283775  
-0.0121509  0.00967255  0.00260399  -0.0500741  0.0422594  -0.30404  
-0.0113411  0.00948363  0.0027286  -0.0501632  0.0552352  -0.289773  
-0.0113141  0.00946586  0.00258022  -0.0503567  0.0470864  -0.289612  
-0.0117163  0.00951029  0.00250116  -0.0473955  0.0532165  -0.264988  
-0.0115031  0.00966461  0.00244142  -0.0529407  0.0463043  -0.278135  
-0.0113138  0.00976444  0.00236185  -0.0537799  0.0462634  -0.284112  
-0.0114363  0.00970141  0.00232856  -0.056009  0.0374067  -0.279821  
-0.0112872  0.0099493  0.00228107  -0.0564357  0.0334925  -0.302245  
-0.0116205  0.00990088  0.00209251  -0.0551279  0.0435569  -0.288399  
-0.0114379  0.00985504  0.00196766  -0.0601289  0.0384093  -0.266417  
-0.0116302  0.00953981  0.00214813  -0.0586616  0.0293534  -0.285831  
-0.0123452  0.00942751  0.00210864  -0.0582542  0.0489404  -0.273242  
-0.0115818  0.00888328  0.00229542  -0.0494507  0.035701  -0.297284  
-0.0123097  0.00904964  0.00240848  -0.0370252  0.0620771  -0.295373  
-0.0121699  0.00894737  0.00237902  -0.0437731  0.0371169  -0.294596  
-0.0117634  0.00905443  0.00210246  -0.0502088  0.03529  -0.300507  
-0.012423  0.00880594  0.00227492  -0.0519273  0.0471873  -0.28784  
-0.0121947  0.00887782  0.00233223  -0.0509012  0.0473948  -0.282203  
-0.0121308  0.00893193  0.00246839  -0.0474593  0.0416622  -0.295642  
-0.0123776  0.00875174  0.00254753  -0.0444641  0.0552387  -0.303915  
-0.0123248  0.00877676  0.00249254  -0.046497  0.0446314  -0.291879  
-0.0119552  0.0089055  0.00213317  -0.0481649  0.036202  -0.3038  
-0.0120939  0.00911003  0.00238317  -0.0464389  0.060749  -0.295154  
-0.0123031  0.00927879  0.00238317  -0.0503366  0.0398756  -0.266952  
-0.0133738  0.00933174  0.00250818  -0.0479638  0.0452698  -0.273112  
-0.0140014  0.00942267  0.0024635  -0.0442926  0.0456827  -0.273079  
-0.0135334  0.00963193  0.00248681  -0.044293  0.0286297  -0.309906  
-0.0128861  0.00943324  0.00239461  -0.0445977  0.0559242  -0.282626  
-0.01255  0.0092867  0.0025074  -0.0397647  0.0509516  -0.316114  
-0.0130688  0.00940685  0.00255267  -0.0445737  0.0457404  -0.302315  
-0.0129501  0.0092302  0.00245013  -0.0409085  0.0266093  -0.342716  
-0.0131669  0.00933316  0.0024336  -0.04176  0.0667491  -0.309382  
-0.0126836  0.00945697  0.00237535  -0.0455804  0.0391222  -0.299924  
-0.0131834  0.00924508  0.00241157  -0.0493317  0.0446839  -0.291116  
-0.0133425  0.00959373  0.00247857  -0.0493512  0.0428477  -0.284689  
-0.0128888  0.00959644  0.00251015  -0.050434  0.0331042  -0.328447  
-0.013955  0.00962402  0.00254024  -0.0473436  0.0618169  -0.300599  
-0.0135606  0.00958084  0.0022862  -0.0485989  0.034463  -0.303724  
-0.013325  0.00935745  0.00229759  -0.045867  0.0426065  -0.315397  
-0.0139919  0.00963994  0.00238318  -0.0496284  0.0531915  -0.280589  
-0.0132472  0.00968427  0.0022874  -0.048537  0.027782  -0.28701  
-0.0135549  0.00958206  0.00247153  -0.0457317  0.0571668  -0.282654  
-0.0132119  0.00945572  0.00238983  -0.04366  0.0233611  -0.310068  
-0.0138417  0.00948343  0.00247247  -0.045436  0.0494525  -0.30875  
-0.0131051  0.00959306  0.00254667  -0.0476493  0.0182255  -0.317647  
-0.0133297  0.00963333  0.00260636  -0.042522  0.0377983  -0.322088  
