-0.0146565  -0.00623637  -0.00211749  -0.0235968  -0.147448  0.199558  
-0.0151866  -0.00621999  -0.00221075  -0.0291535  -0.143755  0.180937  
-0.0145462  -0.00629545  -0.0021082  -0.0248625  -0.133269  0.190253  
-0.0145455  -0.00602943  -0.00206824  -0.0199756  -0.161683  0.216753  
-0.014727  -0.00663955  -0.00209427  -0.0279658  -0.154899  0.202095  
-0.014827  -0.0065224  -0.00220498  -0.0331041  -0.137072  0.19155  
-0.0147143  -0.00647094  -0.00222979  -0.0226708  -0.153637  0.18971  
-0.0153532  -0.00646125  -0.00234658  -0.0294376  -0.145403  0.182508  
-0.0159075  -0.00656448  -0.00240847  -0.0375012  -0.139188  0.193394  
-0.0154782  -0.00637706  -0.00238645  -0.0293764  -0.164583  0.19183  
-0.0160011  -0.00653836  -0.00247213  -0.0321151  -0.146334  0.171549  
-0.0158976  -0.0065092  -0.00246342  -0.0313989  -0.127549  0.179504  
-0.0161181  -0.00653685  -0.00239141  -0.0332063  -0.153672  0.182839  
-0.0158613  -0.00656828  -0.00244002  -0.0301626  -0.158585  0.172459  
-0.0162072  -0.00675756  -0.00260058  -0.0294452  -0.145341  0.166493  
-0.0172689  -0.00688924  -0.00265916  -0.0402488  -0.134523  0.186482  
-0.0166558  -0.00663266  -0.00251612  -0.0401424  -0.14433  0.205199  
-0.0149397  -0.00675756  -0.00232373  -0.0422053  -0.133462  0.101911  
-0.0152263  -0.00684372  -0.00275997  -0.0443798  -0.154492  0.212547  
-0.0159121  -0.00671334  -0.00285318  -0.0338532  -0.162949  0.197701  
-0.017287  -0.00695047  -0.00271949  -0.0364996  -0.142208  0.232347  
-0.0166799  -0.00702499  -0.00272798  -0.035505  -0.188091  0.247122  
-0.0174729  -0.00715674  -0.00265979  -0.0262295  -0.149645  0.260833  
-0.0171172  -0.0074066  -0.00256914  -0.0241659  -0.172768  0.274831  
-0.0170877  -0.00715674  -0.00274019  -0.0275744  -0.169359  0.253185  
-0.0182897  -0.00753438  -0.00274604  -0.0275191  -0.158655  0.263368  
-0.0182513  -0.00735539  -0.00261642  -0.028813  -0.170253  0.277218  
-0.0176147  -0.00723918  -0.00260269  -0.0269305  -0.174373  0.287055  
-0.0168803  -0.00722837  -0.00257423  -0.0249976  -0.15248  0.251669  
-0.0175321  -0.00741837  -0.00274123  -0.028136  -0.17333  0.263019  
-0.0138522  -0.00715675  -0.00259319  -0.0278883  -0.143759  0.154609  
-0.013632  -0.00715675  -0.00272949  -0.0382305  -0.14396  0.219809  
-0.0153685  -0.00715675  -0.00265878  -0.0385742  -0.158783  0.374627  
-0.0143872  -0.00715675  -0.0026917  -0.07171  -0.158467  0.392196  
-0.0137504  -0.00733763  -0.00241528  -0.0355815  -0.167859  0.374102  
-0.0138756  -0.00734928  -0.0024888  -0.0477391  -0.156896  0.401661  
-0.0134323  -0.007283  -0.00254943  -0.0423453  -0.159733  0.376198  
-0.0138022  -0.00757946  -0.0024248  -0.0443666  -0.143488  0.403366  
-0.0129706  -0.00707345  -0.00212523  -0.0425418  -0.0986998  0.39393  
-0.00993285  -0.00488185  -0.0016633  -0.00733892  -0.0897918  -0.0458531  
-0.0100872  -0.00511188  -0.00257218  -0.0393315  -0.0871666  -0.00636624  
-0.0094348  -0.00405053  -0.00207055  -0.0336692  -0.0710069  0.0414357  
-0.00951357  -0.00368942  -0.00167629  -0.0237823  -0.0385317  -0.107606  
-0.00783161  -0.00323759  -0.00164191  -0.00781099  -0.0663694  -0.134991  
-0.00867268  -0.00281849  -0.00194592  -0.0430266  -0.0579115  -0.10248  
-0.00759947  -0.00261657  -0.00232287  -0.0315096  -0.0345276  -0.168929  
-0.00725734  -0.00340779  -0.00205906  -0.0267385  -0.050048  -0.13543  
-0.00676046  -0.0031435  -0.00197504  -0.0352449  -0.0494113  -0.0837085  
-0.00732431  -0.0035553  -0.00186515  -0.0259388  -0.0579095  -0.0900466  
-0.00710465  -0.00319323  -0.00164887  -0.0183839  -0.0968386  -0.0791878  
-0.00678288  -0.00227625  -0.00169104  -0.0174363  -0.040804  -0.174443  
-0.00685714  -0.00242482  -0.00117886  -0.00225866  -0.0915817  -0.140478  
-0.00602377  -0.00299612  -0.00130611  0.00636203  -0.124315  -0.0447787  
-0.00789091  -0.00352264  -0.00106468  -0.00360778  -0.105531  -0.0573172  
-0.00666476  -0.00348778  -0.00185807  0.00637497  -0.118225  0.0399704  
-0.00563164  -0.00285782  -0.00201243  -0.00886598  0.0107844  -0.330629  
-0.00569162  -0.00194298  -0.0017656  -0.00274249  -0.108861  -0.197187  
-0.00575218  -0.00170035  -0.000756963  0.0124241  -0.0352108  -0.252034  
-0.00621216  -0.00260867  -0.00127669  -0.00162243  -0.094268  -0.248943  
-0.00720136  -0.00285088  -0.000854412  -0.00280586  -0.0211167  -0.126057  
-0.00749814  -0.00201328  -0.000901026  -0.0144124  -0.0207108  -0.0693322  
-0.00865704  -0.00199894  -0.000834998  0.00724232  -0.0985299  -0.132198  
-0.00869248  -0.0021695  -0.00140205  -0.0087814  -0.044526  -0.139832  
-0.0083984  -0.00201803  -0.00124038  -0.00754297  -0.052252  -0.114366  
-0.00710777  -0.00205847  -0.00162726  -0.00780739  -0.0940098  -0.162899  
-0.00754676  -0.00202714  -0.00133394  0.00378401  -0.0369398  -0.118439  
-0.0075761  -0.00256626  -0.00171583  0.0122978  -0.11346  -0.150294  
-0.00792773  -0.00189069  -0.00188553  -0.00483253  -0.085861  -0.159739  
-0.00853513  -0.00198081  -0.00194216  -0.0127338  -0.0630236  -0.117349  
-0.00892877  -0.00220627  -0.00242678  -0.0219662  -0.0530738  -0.0417742  
-0.00724002  -0.0015295  -0.00206295  -0.00804532  -0.0706386  -0.0728966  
-0.00697936  -0.00289139  -0.00198674  -0.000294488  -0.0691556  -0.0714423  
-0.00841907  -0.00213143  -0.00240821  -0.0155862  -0.109466  -0.102815  
-0.00943923  -0.000841639  -0.00197014  -0.00949247  -0.11044  -0.148535  
-0.00953621  -0.000786714  -0.00240959  -0.0482398  -0.12487  -0.113195  
-0.0084853  -0.00160551  -0.00250285  -0.00267163  -0.122453  -0.0917828  
-0.0089275  -0.00173205  -0.00245627  -0.0185853  -0.147885  0.0131539  
-0.00832703  -0.00125548  -0.0022392  -0.0103325  -0.109479  0.0331256  
-0.00786796  0.000147829  -0.00180096  -0.00438719  -0.0535456  -0.0681909  
-0.0100566  -0.00100535  -0.00183358  -0.00576975  -0.142574  -0.0823851  
-0.0105919  -0.00110172  -0.00198114  -0.00294238  -0.114568  -0.13716  
-0.00967703  -0.000778247  -0.0017105  -0.0297229  -0.0356834  -0.0526025  
-0.00716152  -0.00110172  -0.00276569  -0.0436813  -0.0433072  -0.0789013  
-0.0078442  -0.00187143  -0.0024854  -0.016524  -0.055647  -0.065246  
-0.00614287  -0.00229406  -0.0029496  -0.0140728  -0.0690956  0.0387767  
-0.00602183  -0.00118627  -0.00126587  -0.0100931  -0.0701731  0.118845  
-0.0047987  -0.000819614  -0.00173774  -0.0197091  -0.0855684  0.0898622  
-0.00611769  -0.00154548  -0.00238153  -0.0322145  -0.0979246  0.222704  
-0.00514319  -0.00130617  -0.0022438  -0.00637916  -0.143016  0.255647  
-0.00556916  -0.000986303  -0.00218753  -0.0224414  -0.125759  0.271672  
-0.00755476  -0.000591203  -0.00240598  -0.0109622  -0.126946  0.210609  
-0.00910517  -0.00105494  -0.00247091  -0.0144837  -0.165193  0.293452  
-0.00937562  -0.00173617  -0.00241797  -0.0275707  -0.111004  0.218872  
-0.00975851  -0.00148159  -0.00249402  -0.048073  -0.0994501  0.283213  
-0.0025321  -0.00206165  -0.00224535  -0.0137108  -0.0146063  0.127909  
-0.00491017  -0.000884125  -0.00276775  -0.00990902  -0.0898414  0.18747  
-0.00779916  -0.00174991  -0.00256139  -0.0260981  -0.0341449  7.19269e-05  
-0.00764124  -0.000854988  -0.00218224  -0.0122397  -0.0698446  -0.0434771  
-0.00597992  -0.00113659  -0.00180943  -0.0147489  -0.0595172  0.0384467  
-0.00885942  -0.00178859  -0.00243416  -0.034006  -0.037189  0.10329  
-0.0119141  -0.00228999  -0.0024411  -0.0311374  -0.0998019  0.15458  
-0.00944779  -0.00156201  -0.00215191  -0.0565352  -0.0542343  0.0139731  
-0.00761999  -0.00146502  -0.00183282  -0.0259177  -0.00543252  -0.00983688  
-0.0065384  -0.00129854  -0.00158831  -0.00961581  -0.0239637  -0.0530233  
-0.00772571  1.74918e-05  -0.00157057  -0.0401752  -0.0640393  -0.0453834  
-0.00675652  -0.000783601  -0.00247925  -0.0397952  -0.0636278  -0.0076386  
-0.0051277  -0.000617449  -0.00231039  -0.0347171  -0.0725745  -0.00524177  
-0.00649205  9.24926e-05  -0.00167745  -0.0466085  -0.0632576  0.000668233  
-0.00885974  -0.000453059  -0.00294987  -0.0389655  -0.126459  -0.011036  
-0.00494508  0.00094253  -0.00156804  -0.0135573  -0.0141193  -0.228802  
-0.00860007  -0.000508847  -0.000176785  0.0620684  -0.107135  -0.105471  
-0.00593336  -0.00116353  -0.00133162  0.0108312  0.0295414  -0.0909274  
-0.00602033  -0.00127083  -0.0012139  0.0100432  -0.0467696  -0.0438199  
-0.0115668  -0.00133602  -0.000841457  -0.00567826  -0.103722  -0.0504403  
-0.0121173  -0.00192121  -0.00156567  -0.0719701  -0.0518875  -0.00562418  
-0.0104567  -0.000923951  -0.00182277  -0.0147639  -0.0925338  -0.0647729  
-0.00873841  0.00141245  -0.000797421  0.00379489  -0.113805  0.021711  
-0.00729523  -0.000966241  -0.00147798  -0.00666021  -0.0609006  0.0707177  
-0.00839031  -0.000430605  -0.00199825  -0.038706  -0.0676751  0.088786  
-0.00859759  -0.000717044  -0.000854992  -0.0336368  -0.0887669  0.105664  
-0.00675266  -0.00102868  -0.001334  -0.0147973  -0.0767317  0.133882  
-0.00727933  -0.00160123  -0.00194247  -0.0147705  -0.104044  0.131301  
-0.00986036  -0.00102453  -0.00178103  -0.0317736  -0.164831  0.147203  
-0.00815796  0.000669689  -0.000683854  -0.0555057  -0.048132  0.0825942  
-0.00768285  0.000811389  -0.000796981  -0.0558451  -0.0823114  0.0508299  
-0.00806901  -0.00152877  -0.00105353  -0.0250089  -0.0425918  0.111487  
-0.00878793  -0.00181341  -0.00109761  -0.0381728  -0.0667958  0.14258  
-0.00479889  -0.00294602  -0.00112151  0.0119543  0.0043052  0.197047  
-0.00837573  -0.00216063  -0.00171777  0.0123975  -0.0998007  0.139645  
-0.00878146  -0.00168597  -0.000172785  0.0136621  0.00565611  0.0423206  
-0.00616153  -0.00175561  -0.00134905  -0.000908889  0.0165766  -0.130389  
-0.00819529  5.99953e-05  -0.000258218  0.0567587  -0.0143986  -0.0865896  
-0.00670847  -0.000379596  4.00457e-05  0.0503374  0.053965  -0.0703505  
-0.00807048  -0.00166563  -0.0011352  0.0287932  -0.0517658  0.0883504  
-0.00723191  -0.00164465  -0.00131584  0.00308808  -0.0145415  0.104308  
-0.00829467  -0.00192646  -0.00130969  -0.0181874  -0.00995934  0.112318  
-0.00723522  -0.00183449  -0.00121809  0.0117906  -0.00937623  0.110116  
-0.0055484  -0.00270006  -0.000820081  0.0382018  0.00761107  0.0937165  
0.000117009  -0.00282434  -0.00142178  0.0108076  0.0641353  -0.0399266  
0.000510001  -0.000581763  -0.0011021  0.00937382  0.0940557  -0.093668  
0.00311173  -0.00242362  -0.000536113  0.0308888  0.151983  -0.0400498  
0.002623  -0.000434761  -6.53639e-05  0.0726107  -0.0611185  -0.0317951  
-0.00348067  -0.00149214  -0.000955539  0.0681441  -0.0937209  0.0458712  
-0.00290309  -0.00206731  -0.00100564  0.0263425  0.0841474  -0.0130077  
-0.00589666  -0.00205905  -0.000828951  -0.0118413  0.0525478  -0.0400416  
-0.00723144  -0.00258266  -0.000523781  0.0027374  -0.00447384  0.0510927  
-0.00520994  -0.00202639  -0.00136216  0.0209799  -0.0203805  -0.00835147  
-0.001515  -0.00239692  -0.00208099  0.00416919  -0.0831844  0.0411003  
0.0024957  0.000341854  0.000287022  0.0556791  0.127223  0.0610288  
-0.00206889  -0.00208732  -0.00187153  0.0177625  -0.0677685  0.113784  
-0.00452422  -0.000674112  -0.00126776  0.00587101  -0.129639  0.181457  
-0.00414031  -0.000624524  0.000587374  0.0436578  -0.0780477  0.136126  
-0.00579074  -0.00121514  0.000909454  0.0581005  -0.0613826  0.149048  
-0.00622733  -0.00120063  0.000587374  0.0459186  -0.0762686  0.128758  
-0.00726642  -0.00119154  -0.00117226  -0.0208973  -0.0230662  0.139108  
-0.0070444  -0.00174471  -0.0013381  0.0131652  -0.046678  0.00602389  
-0.00485691  -0.000317543  0.000610233  0.0791275  0.00987234  -0.0283362  
-0.007054  -0.00145478  -0.000963438  0.0299961  -0.0448642  0.073079  
-0.00502417  -0.000137571  0.000668269  0.068167  0.0096108  -0.00437629  
-0.00663637  -0.000849982  0.00021911  0.0608912  -0.0304112  0.0321386  
-0.00814841  -0.000901292  -0.00195644  -0.0087411  -0.0792539  0.0347983  
-0.00625429  -9.34553e-05  -5.20395e-05  0.0559085  -0.0731834  -0.0156436  
-0.00698598  -0.00163101  -0.00171467  0.028663  -0.0590289  0.155125  
-0.0068864  -0.00298133  -0.000480836  0.0312639  -0.0245353  0.145031  
-0.00632222  -6.07684e-05  0.000613652  0.0821552  -0.109501  0.211253  
-0.00272684  -0.000233744  -0.000145883  0.0406887  0.0216884  0.345018  
-0.00390813  6.20983e-05  -9.59545e-05  0.0538851  -0.0721779  0.30027  
-0.00526479  -0.000910667  -0.000109953  0.0647961  -0.0494349  0.229877  
-0.00368903  -0.000513197  0.00106694  0.0600877  -0.0163781  0.263375  
-0.00488676  0.000376333  0.00245602  0.0622376  -0.100921  0.197662  
-0.00430776  -9.17559e-05  0.000747726  0.0700795  -0.0489953  0.152569  
-0.00543394  -0.00252406  -3.94575e-05  0.0168858  -0.022408  0.135063  
-0.00243249  -0.000144551  0.00130584  0.0400321  -0.000954161  0.261197  
-0.00166154  -0.00200535  0.00139757  0.0281813  -0.0839815  0.309972  
-0.00314852  -0.00216357  0.000600511  0.0148972  0.0118873  0.280452  
-0.00466764  -0.00129805  -0.000990926  0.0368061  -0.046905  0.121132  
-0.00431795  -0.00298273  -0.000946868  -0.0310421  -0.00328056  0.0564449  
-0.00188632  -0.00267235  -0.000156967  0.0229737  0.040331  0.14801  
-0.00366217  -0.00251737  -0.000201373  0.0152367  -0.00561146  0.0651059  
-0.00326797  -0.00263081  0.000541129  0.020093  0.0390547  0.148956  
-0.00414468  -0.00301752  -0.000169005  0.0216614  -0.0567785  0.0373247  
0.00318765  -0.0027388  0.000433758  0.0522433  0.0618711  0.10611  
0.0016037  -0.000329268  0.00014713  0.0779918  -0.0249242  -0.200369  
0.00396057  -0.000756866  0.000294203  0.0916054  0.01231  -0.426175  
0.00651706  0.000687213  0.0014166  0.062409  0.0710829  -0.136135  
0.000267118  0.00109548  0.00214041  -0.0181245  0.0265171  -0.139976  
-0.00628397  0.000802269  0.00113075  -0.0118038  -0.077865  0.164016  
-0.00342423  -0.00325105  -0.00232502  0.0168475  -0.080457  0.0471002  
0.000588295  0.000944006  0.000740364  -0.0300918  0.074206  0.0978922  
-0.000955679  -0.00132707  -0.00071724  -0.0302712  -0.0889021  0.151764  
0.000833818  0.00383546  0.000511685  -0.047101  0.0752975  -0.083981  
-0.00383389  0.0023471  0.00085532  -0.0192089  -0.0199992  -0.0349398  
-0.000496645  0.000575158  0.00197545  0.00213144  -0.0202719  0.111975  
0.00367532  -0.00126955  -0.000505198  0.00870563  0.050182  0.0271828  
0.00278233  0.000921685  0.000635278  -0.0109554  0.0115389  0.00937106  
0.00480876  0.00187353  -0.000194281  -0.0126006  0.0574355  -0.0665582  
0.00452369  -0.0018642  -0.000793496  0.00317139  0.107694  0.00634554  
0.00416521  -0.000876896  -0.00073545  -0.0148209  0.0631824  -0.130754  
0.000385441  -0.00056649  0.000663045  0.0261244  0.115813  -0.132132  
-0.00504035  -0.00231807  -0.000213747  0.0139354  -0.0635127  0.0159933  
0.00122063  -0.00244574  0.000883485  0.052253  0.141063  0.00105957  
7.25301e-05  -0.000540228  0.00169141  0.0459153  0.133564  0.0803953  
0.00177513  -0.00171982  0.000185529  -0.0117041  0.0915287  -0.0415128  
0.00325262  0.000828089  0.00148484  -0.0095908  0.0606882  -0.0480195  
0.000469933  -0.00218665  -7.19451e-05  -0.00273335  0.0655434  -0.0460033  
-0.00500111  -0.00041604  -0.00146784  -0.0277792  -0.0524817  0.0385512  
-0.00137112  0.00262729  -0.000222091  -0.047565  0.106354  0.00763018  
0.00220965  0.00440665  -0.00012333  -0.0704232  0.145032  -0.0328154  
0.00177214  0.00398555  0.000764336  -0.0373949  0.13915  -0.0172238  
-0.00238787  0.00279829  0.00107137  -0.0708829  0.0274484  0.0270218  
-0.00396654  0.00136756  0.000434431  -0.0430218  0.0137824  0.0236052  
0.00172458  0.0019423  -0.00132884  -0.0535744  0.0901971  -0.0340191  
0.00288115  0.0025025  -0.000342279  -0.0693797  0.125292  -0.0498232  
0.0027817  0.00236321  -0.000453709  -0.100943  0.105645  -0.0501929  
0.000215479  0.00191968  0.000497972  -0.0679095  -0.0703575  -0.222979  
0.00282081  0.00137607  -0.000213112  -0.0759088  0.0813568  -0.280332  
0.00208827  0.002767  0.00159604  -0.0612176  0.0705666  -0.328412  
0.0030091  0.00369004  5.17295e-05  -0.0769741  0.0788177  -0.212233  
0.000721316  0.00342854  0.000248731  -0.0822858  0.175608  -0.189379  
0.00104289  0.00326869  0.000471987  -0.0685644  0.0796334  -0.232676  
0.00177396  0.00344168  0.000647715  -0.054639  0.136346  -0.23948  
0.000367237  0.00286664  0.000161733  -0.0489153  0.0764599  -0.235725  
0.00332739  0.00278562  0.00045569  -0.0646342  0.087501  -0.166198  
0.00513297  0.00234613  0.000741484  -0.030478  0.12425  -0.079951  
0.00471902  0.00162607  -0.0005774  -0.04926  0.0616234  -0.0585838  
0.00205541  0.00170121  -0.0014698  -0.0421223  -0.0718261  -0.0271561  
0.000474633  0.00188663  0.000501163  -0.0290134  0.114522  -0.224633  
0.00311982  0.00103193  -0.000635252  -0.0491992  0.00953808  -0.101916  
0.00340213  0.00226178  0.000479732  -0.0650161  0.116528  -0.102154  
0.000680458  -0.000209031  0.00167979  -0.0146243  -0.0803189  0.140803  
0.000515237  0.000941963  0.00265836  -0.0107546  -0.0296461  -0.084856  
0.000405074  0.000141733  0.00249274  -0.00581588  0.0188416  -0.134096  
0.00342898  0.00157278  0.00146668  -0.0224876  -0.0037486  -0.0620713  
0.00562231  0.00163406  0.00199784  0.00959383  0.065282  -0.134296  
0.00417239  0.00183178  0.0022204  -0.0131123  0.102575  -0.164876  
0.00500891  0.0026422  0.00228138  -0.00200794  0.116468  -0.153808  
0.00424491  0.00211444  0.00185109  0.00519836  0.113075  -0.153956  
0.00509695  0.00218677  0.00210654  -0.0366076  0.165001  -0.121904  
0.00230738  0.00121306  0.00253467  0.0172158  0.0594835  -0.314379  
0.00159221  0.00111711  0.00117729  -0.0367833  0.144053  -0.206872  
0.00331783  -6.26491e-05  -0.000267383  -0.0573485  0.119441  -0.0411603  
-0.00377812  0.000939415  -0.000393548  -0.0620962  -0.0219052  -0.0325768  
-0.00621559  0.00135648  -0.000372771  -0.0688909  -0.0973263  0.0498502  
0.000865072  0.00124181  0.0023707  0.00272465  0.115089  -0.211282  
0.00159308  0.00123416  0.00102713  -0.0475286  0.16776  -0.192745  
0.00571936  0.00177966  0.00100126  -0.0136944  0.0529896  -0.147458  
0.00416392  0.0026985  0.00111783  -0.0142379  0.0428301  0.0163186  
0.00385743  0.00305069  0.00185375  -0.0116248  0.0768073  -0.054007  
0.00475956  0.00326059  0.00145836  -0.0273742  0.0783379  -0.0917268  
0.0022289  0.00169509  0.00097911  -0.0240754  0.0864374  -0.0500606  
0.00706602  0.00259937  0.00150596  -0.0298811  0.134955  -0.102779  
0.00463464  0.00271184  0.00126667  -0.00275176  0.0640901  -0.0909675  
0.00209608  0.00116173  0.00141418  -0.00234466  0.155385  -0.165385  
0.00587979  0.00111381  0.00314163  0.00594185  0.109497  0.0483034  
0.00644165  -0.000251744  0.00292325  0.0473781  0.014741  -0.086648  
0.00587622  -0.00113795  0.00349333  0.0652723  0.0588847  -0.0641143  
0.00953174  -6.35498e-05  0.00353175  0.0639599  0.139275  -0.0699232  
0.00684487  -0.00049712  0.00244863  0.0819868  0.0560687  -0.122335  
0.00478737  -0.000355171  0.00250913  0.0537234  0.0270507  -0.0679191  
0.00785442  0.000235613  0.00282574  0.0606067  0.120468  -0.0621551  
0.00607895  0.000600735  0.00323637  0.049912  0.150225  -0.214783  
0.00651274  -0.000216952  0.00303829  0.0518996  0.162204  -0.113192  
0.00386636  -0.00151822  0.00285889  0.0265515  0.0425396  -0.0980241  
0.00567955  -0.00174737  0.00248531  0.061197  0.151216  -0.241893  
0.00214083  -0.00210002  0.000754916  0.0293932  0.146878  -0.216107  
0.0042916  -0.0021443  0.00146364  0.0574675  0.0781571  -0.0873603  
0.00234331  -0.000179955  0.000517638  0.0446564  0.152404  -0.187056  
0.0020997  -0.00158686  0.00211968  0.0511976  0.0919906  -0.0303207  
-0.00265399  -0.00141731  0.00252725  0.0333799  0.0135277  0.00977791  
0.00343761  -0.000606544  0.0039315  0.0501454  0.116827  0.00541894  
-0.00507561  0.000129126  0.00280274  0.0305442  -0.0363927  -0.103885  
-0.000773956  -0.000461447  0.00361111  0.052259  -0.0307886  0.0861448  
0.00208745  -0.00408824  0.00204293  0.072448  0.0848941  0.160715  
-0.00262296  -0.00305533  0.00210406  0.0477057  -0.00707871  0.0870809  
-0.00320354  -0.00128289  0.00295259  0.075616  -0.0157966  0.0235092  
0.00352595  -0.000789569  0.00324317  0.0913078  0.134443  0.0679314  
0.00579464  -0.0030801  0.00273428  0.065697  0.102254  0.0148191  
0.00503432  -0.000236254  0.00384199  0.0756378  0.140902  0.00541384  
0.00494258  -0.00204565  0.00234066  0.0498243  0.153911  -0.0133115  
0.00480195  -0.00260341  0.00124464  0.080036  0.0856183  -0.0471602  
0.00469125  -0.00158397  0.00312003  0.088248  0.143706  -0.0164159  
0.00326544  0.000325883  0.00335286  0.0549508  0.0402646  -0.0236023  
0.00982065  0.00204115  0.00479848  0.0323749  0.177578  0.0775946  
0.00850367  0.000926262  0.0046925  0.0316967  0.112826  0.216126  
0.0059817  0.00149906  0.00306588  -0.00779733  0.110892  0.203399  
0.00101953  0.00104605  0.00398616  0.0515227  0.0153018  0.213285  
0.00263103  0.00204362  0.00303093  0.0293433  0.0583306  0.11377  
-0.00417433  0.000771302  0.00339613  0.053987  -0.0246365  0.0763894  
0.00218392  0.00107945  0.00376053  0.0696387  0.0683425  0.211875  
-0.00249734  0.00280258  0.0042347  0.0628229  0.0547565  -0.0417527  
0.000944691  0.00248961  0.00327236  0.033599  0.116572  0.00637972  
-0.000718717  0.000847912  0.0036553  0.054622  -0.003279  0.195307  
0.00525687  0.00224083  0.00292915  0.0544082  0.152044  -0.0259076  
-0.0022162  0.00190282  0.00367635  0.0649838  -0.0200563  -0.0210111  
-0.00257856  0.00347635  0.00509506  0.0500932  0.020281  0.0289342  
-0.00244276  0.00248746  0.00479484  0.0721775  0.0209864  0.0501617  
0.00199182  0.00230782  0.00437733  0.0795443  0.107013  0.0550006  
0.00230851  0.00278864  0.0045143  0.0540913  0.00751535  0.0227581  
-0.00300473  0.000847912  0.00343116  0.0545752  -0.0113797  0.0106124  
0.000344855  0.000942171  0.00306168  0.06915  0.0188059  0.121922  
-0.00468701  0.000432204  0.00236276  0.0566979  0.0236055  0.0875233  
-0.00425384  -0.000472641  0.0013169  0.0574437  0.00735301  0.145345  
-0.00106895  0.00103967  0.00276623  0.0572506  0.132784  0.161615  
-0.00107484  0.00134161  0.00356251  0.0536759  0.0553365  0.0296441  
0.00158821  0.00201675  0.00374894  0.0698549  0.0577843  0.0683305  
0.00164813  0.00156539  0.00369009  0.113447  0.0565077  0.0869414  
0.00317935  0.00182866  0.00294752  0.0709933  0.156343  0.130379  
-0.000175433  0.000481574  0.00239209  0.121084  0.0754888  0.124727  
-0.000776621  0.0022919  0.00182751  0.0237567  0.0214432  0.199927  
0.00326339  0.0027235  0.00288217  0.0542873  0.116138  -0.0601371  
0.00306981  0.00118128  0.00263577  0.0766529  0.0961234  -0.114043  
-0.00240642  0.00138521  0.00293898  0.0604939  -0.00395438  -0.0214429  
-0.003591  0.00261931  0.00188497  0.060247  0.0219172  -0.0595367  
-0.0014073  0.00203228  0.00318775  0.0613311  0.0774467  -0.338803  
-0.000288777  0.00106733  0.00192656  0.0171699  0.182089  -0.335318  
0.0056494  0.0012125  0.00298673  0.0866436  0.0917821  -0.201678  
0.00630135  0.00155076  0.00171293  0.0949647  0.00938082  0.0887416  
0.00740192  0.00236706  0.00189905  0.0758834  0.128198  -0.243642  
0.00950366  0.00075644  0.00132994  0.10234  0.103759  -0.299486  
0.00665762  0.00180278  0.00212162  0.0887068  0.0311098  -0.164436  
0.00207795  0.000924541  0.00173229  0.0920369  0.149465  -0.337857  
0.00316809  0.000536404  0.00247165  0.098222  0.109892  -0.364427  
0.000392977  0.000560714  0.00260225  0.101407  0.0749021  -0.365077  
-3.85531e-05  0.0007572  0.00257195  0.114531  0.166097  -0.434819  
0.00439201  0.000518736  0.00347842  0.0766  0.179396  -0.373669  
0.00117208  0.000281185  0.000562808  0.0898747  0.105706  -0.38564  
0.00254973  0.000536961  0.00184671  0.0934736  0.167427  -0.436895  
0.00176075  0.0018958  0.00189034  0.0518818  0.166341  -0.494574  
-5.78965e-05  0.00296111  0.00138699  0.0396038  0.170914  -0.604679  
0.00348352  0.00253766  0.00226931  0.0670041  0.130432  -0.545409  
0.00870244  0.00245547  0.00145787  0.0855147  0.210614  -0.405306  
0.00447755  0.000879307  0.000834625  0.0854084  0.206483  -0.436985  
0.0103375  0.00297023  0.00158449  0.0750274  0.213318  -0.525781  
0.0136312  0.0019724  0.00119909  0.108607  0.270433  -0.473936  
0.0115585  0.00100498  0.000156411  0.108577  0.276118  -0.322907  
0.0134966  0.00146523  0.000839896  0.0901551  0.284856  -0.238495  
0.010131  0.00278966  0.00100561  0.0420957  0.245281  -0.126964  
0.00725658  0.00200401  0.00142231  0.0772937  0.173388  0.0503249  
0.00802778  0.00231244  0.00130086  0.0864139  0.148511  -0.11299  
0.00993039  0.00320956  0.000648068  0.0834595  0.172267  -0.123225  
0.00935865  0.00441745  0.000695827  0.0302181  0.202396  -0.230056  
0.00451728  0.0015663  0.00166092  0.0616238  0.162057  -0.193787  
-0.000579986  0.000916734  0.0017218  0.0591852  0.087856  -0.190844  
-0.00228249  0.00312773  0.00135723  0.012735  0.193121  -0.120551  
-0.00233045  0.00292677  -4.40975e-06  0.0388627  0.193911  -0.150706  
-0.00172546  0.00134008  0.000446307  0.0981348  0.179413  -0.398101  
-0.000856295  0.00268367  0.00094338  -0.0199086  0.206762  -0.457025  
-0.00602018  0.000237599  -0.00112085  -0.0338938  0.126277  -0.693608  
0.00118382  0.00318161  0.000289086  0.0397171  0.195322  -0.609917  
0.00773222  0.00238168  -0.000603009  0.0713586  0.275334  -0.675237  
0.0142043  0.00187817  0.00136173  0.050712  0.293263  -0.614224  
0.0116793  0.00456228  0.00168089  0.034627  0.271088  -0.563101  
0.00894775  0.00355844  0.00114163  0.0425053  0.164198  -0.308417  
0.00758631  0.00337014  -0.000303739  0.0334135  0.147376  -0.0679859  
0.00667407  0.00352785  0.000625898  0.0433605  0.154078  -0.336782  
0.0144278  0.00424234  0.00144686  0.036051  0.292442  -0.380583  
0.00287059  0.00313504  0.000202204  0.0312629  0.140255  -0.384667  
0.000577109  0.00279757  -0.00084305  0.0499041  0.153407  -0.281395  
0.00088256  0.00160646  -0.000343962  0.0841228  0.176482  -0.2921  
0.00411577  0.00302468  0.000157834  0.0193065  0.228754  -0.425931  
0.00481209  0.00460874  0.000268453  0.0363684  0.098822  -0.369477  
0.00982537  0.00579844  0.00201067  0.024195  0.247403  -0.254711  
0.00854847  0.00630504  0.00165683  3.37319e-05  0.202648  -0.325308  
0.00443773  0.00590771  0.0021857  0.0167554  0.159087  -0.262312  
0.00339395  0.00511758  0.00218596  0.0302693  0.164765  -0.406116  
0.00521619  0.00649785  0.00258228  0.0197136  0.107697  -0.381755  
0.00582904  0.0064976  0.00289653  0.0134907  0.17072  -0.167639  
0.00739119  0.0053004  0.00132821  0.0086265  0.225407  -0.253603  
0.00781195  0.00573703  0.00239666  0.027762  0.235122  -0.415052  
0.00595802  0.00641437  0.00218696  0.0249813  0.203193  -0.478345  
0.0029056  0.00623268  0.000638516  0.0115838  0.245305  -0.416389  
0.0035119  0.00667718  0.00168064  0.0239769  0.209566  -0.384685  
0.00293328  0.00637277  0.000922433  -0.00260181  0.236739  -0.356532  
0.00447975  0.00610817  0.00163906  0.0160089  0.22615  -0.337262  
3.82824e-05  0.00595595  0.000923961  -0.0043404  0.165822  -0.321767  
0.00121879  0.00610928  0.00187815  0.0179396  0.161385  -0.324463  
-0.000505644  0.0067149  0.00198285  0.0130699  0.125239  -0.459999  
-0.000850058  0.00603093  0.000185421  0.0109438  0.197656  -0.710078  
-0.000788644  0.00537068  0.000528359  0.0368995  0.222251  -0.7302  
0.00041449  0.00496643  0.000586717  -0.0239452  0.258241  -0.558292  
0.000493966  0.00549858  0.000581078  -0.0267027  0.199458  -0.573605  
-3.98937e-05  0.00578148  0.00039449  -0.0282148  0.185055  -0.566227  
-0.000319824  0.00569278  0.000267514  -0.0194707  0.191186  -0.554651  
-0.000184277  0.00613787  0.00039449  -0.0170844  0.199645  -0.534634  
7.66607e-06  0.0060811  0.000704676  -0.00552268  0.203648  -0.53175  
-0.000165608  0.0058499  0.00048036  -0.00977213  0.204389  -0.504927  
-0.000787936  0.00658901  0.00084946  -0.0266801  0.235575  -0.463591  
-0.000812734  0.00664944  0.000794806  -0.0364861  0.189446  -0.442525  
-0.000702725  0.00729846  0  -0.0621416  0.152461  -0.436122  
