0.085379  0.0713022  -0.0393536  -2.35148  0.443068  -3.16981  
0.082469  0.069189  -0.0393525  -2.27784  0.448689  -3.4704  
0.0779271  0.0703438  -0.039998  -2.30407  0.451346  -3.44126  
0.0802914  0.0703143  -0.0383273  -2.30891  0.459754  -3.31972  
0.0765665  0.0682902  -0.0390657  -2.29622  0.538298  -2.74287  
0.0774868  0.0678223  -0.0401804  -2.2665  0.500024  -2.6728  
0.0778442  0.0683518  -0.0413391  -2.30472  0.522483  -2.51456  
0.078156  0.0684959  -0.0411736  -2.30436  0.580666  -2.59706  
0.0788222  0.06863  -0.0417152  -2.29687  0.533155  -2.55357  
0.0786138  0.06864  -0.0410455  -2.30396  0.567011  -2.60327  
0.0789715  0.0681555  -0.0410452  -2.29015  0.568674  -2.61483  
0.0800229  0.0681225  -0.0414953  -2.28528  0.54257  -2.57448  
0.0787949  0.0679672  -0.0411949  -2.28748  0.58169  -2.59796  
0.0790282  0.0676576  -0.0408953  -2.2665  0.526227  -2.6775  
0.0802206  0.0684722  -0.0406882  -2.28001  0.548706  -2.87769  
0.0795802  0.068745  -0.0406937  -2.26632  0.500146  -2.9245  
0.0740907  0.0683434  -0.0414021  -2.28254  0.56246  -2.95821  
0.0759438  0.0686038  -0.0413983  -2.29378  0.543699  -2.79299  
0.0762855  0.0684837  -0.0411312  -2.29321  0.561496  -2.76961  
0.0766886  0.0681731  -0.0412157  -2.29103  0.541343  -2.75751  
0.0768571  0.0688093  -0.0414926  -2.29766  0.532986  -2.71514  
0.0770221  0.068362  -0.04161  -2.29761  0.560382  -2.67839  
0.077027  0.0688273  -0.0420639  -2.29706  0.549576  -2.66573  
0.0767887  0.0689471  -0.0419502  -2.29674  0.544986  -2.65278  
0.076331  0.0687124  -0.0422239  -2.29744  0.539259  -2.6518  
0.0760964  0.0686575  -0.0416553  -2.29704  0.569707  -2.65154  
0.0769415  0.0683497  -0.0415973  -2.29755  0.539972  -2.60069  
0.0763736  0.0683709  -0.0417549  -2.29766  0.576188  -2.62925  
0.0767923  0.0686676  -0.0416712  -2.29699  0.523509  -2.59356  
0.075916  0.0682809  -0.0414448  -2.29756  0.578412  -2.65216  
0.0767294  0.0684952  -0.041734  -2.29738  0.524342  -2.61068  
0.0766383  0.0686736  -0.0417802  -2.29709  0.560666  -2.62029  
0.0770969  0.0686591  -0.041768  -2.29711  0.559676  -2.63062  
0.077129  0.0686069  -0.0418432  -2.29729  0.560678  -2.61462  
0.0769434  0.0685687  -0.0416228  -2.29965  0.562387  -2.65272  
0.0773543  0.0688787  -0.0416568  -2.29954  0.564841  -2.62393  
0.0762485  0.0686666  -0.0412362  -2.29661  0.601585  -2.68624  
0.0768905  0.0688091  -0.041543  -2.29662  0.529539  -2.64948  
0.0774119  0.0686251  -0.0416022  -2.29698  0.574409  -2.6175  
0.0775843  0.0685353  -0.0420263  -2.29749  0.557272  -2.5977  
0.077196  0.068455  -0.041767  -2.29743  0.551007  -2.56418  
0.0763257  0.0685667  -0.0414958  -2.29696  0.557567  -2.597  
0.0767218  0.0688122  -0.0416478  -2.29661  0.534804  -2.56699  
0.0765155  0.0688701  -0.0418205  -2.30753  0.553756  -2.6168  
0.0766059  0.0687146  -0.0419801  -2.29709  0.528536  -2.5731  
0.0762158  0.0685608  -0.0420319  -2.2975  0.575025  -2.59382  
0.0768118  0.0688064  -0.042119  -2.29708  0.532301  -2.55287  
0.0758385  0.0688103  -0.0419018  -2.29694  0.578434  -2.58862  
0.0766036  0.0689236  -0.0421636  -2.29416  0.534371  -2.55779  
0.076348  0.068427  -0.0420716  -2.30309  0.586841  -2.57334  
0.076695  0.0689101  -0.0422179  -2.29705  0.537535  -2.57476  
0.0766391  0.0683255  -0.0421281  -2.29807  0.59408  -2.54383  
0.0769843  0.0685026  -0.0420171  -2.29761  0.550836  -2.53344  
0.076598  0.0682645  -0.0420172  -2.29808  0.586498  -2.50893  
0.076793  0.0682992  -0.0422526  -2.2982  0.546305  -2.5152  
0.0762557  0.0684369  -0.0420575  -2.29776  0.562432  -2.47468  
0.0765209  0.0687355  -0.0422986  -2.30591  0.549441  -2.45577  
0.0766769  0.0690938  -0.0420353  -2.31372  0.548349  -2.46004  
0.0762506  0.0684504  -0.0421436  -2.2978  0.563704  -2.50086  
0.0775938  0.0689417  -0.0426004  -2.29485  0.521389  -2.47475  
0.0768055  0.0689417  -0.0422065  -2.29692  0.55367  -2.50625  
0.0766592  0.0689417  -0.0427791  -2.29739  0.500465  -2.48884  
0.0755655  0.0693525  -0.0427816  -2.30521  0.557266  -2.489  
0.0774189  0.0692179  -0.0428412  -2.29691  0.498105  -2.48986  
0.0763238  0.0689418  -0.0424707  -2.29714  0.543699  -2.48849  
0.0771093  0.0691234  -0.0427215  -2.28133  0.509994  -2.48121  
0.0764578  0.0690177  -0.0429631  -2.29738  0.552104  -2.42721  
0.0769284  0.0691152  -0.0429514  -2.29467  0.504977  -2.40131  
0.0760996  0.0691152  -0.0430105  -2.29724  0.556936  -2.40155  
0.0769796  0.0691152  -0.0429844  -2.29721  0.507525  -2.3827  
0.076555  0.0691152  -0.0428631  -2.29711  0.560689  -2.38161  
0.076859  0.0691152  -0.0430432  -2.29726  0.527294  -2.37183  
0.0767324  0.0688127  -0.0427072  -2.29757  0.569384  -2.39792  
0.0768215  0.0691152  -0.0429918  -2.30406  0.512761  -2.34809  
0.0757517  0.0691152  -0.04287  -2.29718  0.574016  -2.37712  
0.0771163  0.0688735  -0.0429705  -2.29769  0.523043  -2.34744  
0.0759198  0.0691152  -0.0429208  -2.29495  0.562881  -2.33276  
0.0769959  0.0691152  -0.0428745  -2.29718  0.527185  -2.30187  
0.0765338  0.0685865  -0.0427698  -2.28659  0.57771  -2.33276  
0.0771459  0.0691152  -0.042966  -2.28563  0.518853  -2.315  
0.076483  0.0691361  -0.0427873  -2.29856  0.583071  -2.34434  
0.0773001  0.0682711  -0.0430953  -2.28196  0.529046  -2.3117  
0.0762983  0.0687393  -0.0426614  -2.30422  0.55765  -2.33402  
0.07717  0.0689391  -0.0417802  -2.28492  0.514495  -2.41977  
0.0780168  0.0688736  -0.04259  -2.29022  0.565891  -2.35724  
0.0791919  0.0679232  -0.0415957  -2.26442  0.605616  -2.42258  
0.0794292  0.0683279  -0.042396  -2.27827  0.532484  -2.33474  
0.0784302  0.0686366  -0.0418972  -2.28726  0.589018  -2.36844  
0.0781713  0.0686366  -0.043104  -2.26919  0.537074  -2.34333  
0.0786131  0.0686366  -0.042395  -2.28726  0.561463  -2.33676  
0.0764798  0.0686366  -0.0419504  -2.29735  0.566137  -2.30608  
0.0745803  0.0683602  -0.0417419  -2.25954  0.608741  -2.24585  
0.0744483  0.0683621  -0.041869  -2.25968  0.596209  -2.25295  
0.0741682  0.0690001  -0.0419212  -2.28173  0.580285  -2.19256  
0.0748512  0.0685056  -0.0427425  -2.28354  0.550593  -2.2841  
0.0756043  0.0680097  -0.0429961  -2.28084  0.511344  -2.31598  
0.0735607  0.0687142  -0.0427552  -2.31286  0.590649  -2.09781  
0.0723264  0.0681431  -0.0405814  -2.29738  0.609716  -2.09771  
0.0695051  0.0667533  -0.0400651  -2.29737  0.618577  -2.22468  
0.0721876  0.0663556  -0.0395981  -2.28522  0.456436  -2.29548  
0.0726528  0.0607452  -0.0416063  -2.19344  0.406243  -2.16318  
0.0841339  0.0652185  -0.0380714  -2.18174  0.114105  -3.04455  
0.0910141  0.0695991  -0.0370078  -2.30324  0.441634  -3.34356  
0.0874782  0.0702687  -0.0370181  -2.30499  0.554412  -3.07792  
0.0867005  0.0705161  -0.0366952  -2.31285  0.646821  -2.74242  
0.0872519  0.0702942  -0.0367797  -2.29901  0.563909  -2.64666  
0.087871  0.0710293  -0.0361277  -2.31176  0.518164  -2.91323  
0.08679  0.0713729  -0.0371447  -2.30625  0.494948  -3.18615  
0.0823645  0.0711429  -0.037697  -2.32987  0.557424  -3.02796  
0.0826834  0.0710405  -0.0376595  -2.32985  0.464408  -3.09135  
0.0806929  0.0713958  -0.0380583  -2.34656  0.53571  -3.01572  
0.0798946  0.071203  -0.0381413  -2.33277  0.524601  -2.80944  
0.080724  0.070952  -0.0378513  -2.30757  0.512281  -2.94722  
0.0811119  0.070963  -0.0371527  -2.31103  0.476549  -3.08723  
0.0803849  0.0707021  -0.037416  -2.30675  0.513381  -3.15923  
0.0802609  0.0707211  -0.0376749  -2.33715  0.537647  -3.15041  
0.0803584  0.0699487  -0.037202  -2.31939  0.532312  -3.2276  
0.0794392  0.0708138  -0.0374037  -2.34062  0.5331  -3.11552  
0.0792283  0.0710361  -0.0375147  -2.33875  0.527233  -3.13055  
0.0787384  0.071148  -0.0374175  -2.32482  0.419303  -3.43153  
0.0704989  0.0698078  -0.0378452  -2.28753  0.396808  -2.97599  
0.068701  0.0694092  -0.0386749  -2.32443  0.485833  -2.63175  
0.071733  0.0675066  -0.0401379  -2.27075  0.536648  -2.5631  
0.0692646  0.0681083  -0.0405144  -2.28936  0.579633  -2.28908  
0.0695203  0.0697526  -0.0411352  -2.32354  0.54697  -2.27179  
0.0692557  0.0699156  -0.0406828  -2.30691  0.510923  -2.27874  
0.0627589  0.0692945  -0.039849  -2.305  0.541482  -2.24001  
0.06388  0.0691992  -0.0417455  -2.328  0.474646  -2.23987  
0.063623  0.0688144  -0.0422678  -2.32405  0.485053  -2.20773  
0.0634926  0.068566  -0.0425916  -2.32469  0.461046  -2.21018  
0.0639845  0.0684136  -0.0421588  -2.32472  0.437334  -2.27165  
0.0656996  0.0698169  -0.0426389  -2.31961  0.404464  -2.76171  
0.0636419  0.0705404  -0.0421957  -2.38392  0.570964  -2.09297  
0.0610939  0.0701192  -0.0418138  -2.38014  0.525852  -2.02031  
0.0621918  0.0703975  -0.0416533  -2.38287  0.45512  -1.75962  
0.0643733  0.0693352  -0.0404379  -2.37278  0.412021  -1.8096  
0.0638315  0.0691151  -0.0404998  -2.27351  0.368661  -1.99842  
0.0644221  0.070567  -0.0400762  -2.26684  0.295903  -2.15029  
0.065024  0.0704107  -0.040817  -2.31883  0.399416  -2.13022  
0.0688517  0.0704222  -0.0410723  -2.31228  0.328898  -2.56065  
0.0641047  0.0722155  -0.0423612  -2.33783  0.233091  -2.42643  
0.0586527  0.07282  -0.0404013  -2.43099  0.469334  -2.48974  
0.0534566  0.0657845  -0.037179  -2.38898  0.194372  -2.04943  
0.0557792  0.0673568  -0.0376894  -2.39498  -0.0470546  -2.18907  
0.0534159  0.0664673  -0.045042  -2.14482  -0.2995  -1.79588  
0.0408671  0.0560733  -0.0525943  -1.80942  -0.50296  -1.67899  
0.0357505  0.0553539  -0.0521766  -1.75712  -0.266389  -1.43057  
0.0204876  0.0511726  -0.049473  -1.70303  -0.759725  -0.821464  
-0.0184812  0.0378478  -0.0368385  -1.17433  -1.52015  -0.283193  
-0.0155436  0.0463867  -0.0338702  -1.53433  -1.07002  -0.366409  
-0.00954117  0.045992  -0.0321917  -1.64924  -1.23151  -0.239553  
-0.0190124  0.0390448  -0.0277935  -1.60427  -1.15738  -0.257909  
-0.0332353  0.0390595  -0.0191658  -1.67364  -1.11334  1.70736  
-0.0369427  0.038599  -0.00033268  -1.66436  -1.34892  2.24379  
-0.0303306  0.0393732  -0.00885169  -1.62205  -1.52327  1.5747  
-0.00462038  0.0364439  -0.0280684  -1.80385  -1.57712  0.307756  
-0.0282967  0.0163429  -0.0230066  -0.774624  -2.71065  0.388697  
-0.0488194  0.00839395  -0.00332972  -0.423631  -2.4792  0.757085  
-0.0507384  0.0163911  -4.30176e-05  -0.604824  -2.06008  0.405806  
-0.0577592  0.00249811  -0.000814427  -0.170628  -2.1763  0.0539552  
-0.0504088  0.00181764  0.000984246  -0.205535  -2.17874  0.280621  
-0.0630611  0.00688556  -0.00115415  -0.099647  -2.93836  0.680409  
-0.0430286  0.00808395  -0.00257965  -0.383684  -1.59863  0.540727  
-0.0320229  0.00641946  0.000271551  -0.297514  -1.62835  0.462177  
-0.022427  0.00605987  -0.00209893  -0.353914  -1.24227  0.0724168  
-0.0139752  0.0101316  -0.00592489  -0.389864  -0.774838  -0.391687  
-0.00344221  0.0114522  -0.0105582  -0.505388  -0.526134  -0.764443  
-0.00352572  0.0115441  -0.00532687  -0.446491  -0.586453  -0.719891  
-0.000136639  0.0154463  -0.00747789  -0.609994  -0.319149  -0.951127  
-0.000237648  0.0135944  -0.00749566  -0.577268  -0.245657  -1.33107  
-7.11663e-05  0.0139418  -0.00795857  -0.579443  -0.221419  -1.15528  
-0.00039752  0.0139418  -0.00765783  -0.55622  -0.123612  -1.11419  
-0.00105288  0.0134557  -0.00586587  -0.538434  -0.213325  -1.06987  
-0.00103632  0.0154255  -0.00682988  -0.595791  -0.156188  -1.02144  
0.000174502  0.0167808  -0.00783076  -0.671616  -0.0932349  -1.05308  
0.000781614  0.0171314  -0.0085802  -0.682503  -0.176456  -1.02496  
-0.000349393  0.0176447  -0.00849983  -0.689936  -0.139899  -0.984958  
0.00045475  0.0179415  -0.00904004  -0.71071  -0.119742  -1.0233  
0.00249226  0.0174546  -0.00948109  -0.705001  -0.171965  -1.0201  
8.55173e-05  0.0182248  -0.00959615  -0.737809  -0.172953  -0.964422  
0.000378432  0.0181847  -0.00931872  -0.717988  -0.17771  -0.994843  
0.000432447  0.0180589  -0.00987348  -0.718458  -0.241241  -0.952107  
0.000274928  0.0185008  -0.00982118  -0.734648  -0.170689  -0.967863  
0.000880144  0.0183958  -0.0101747  -0.734331  -0.214924  -0.953035  
0.000227281  0.0178249  -0.00984612  -0.698192  -0.239567  -0.940694  
0.000304076  0.0175982  -0.0100294  -0.686964  -0.257477  -0.920597  
0.000487692  0.0173797  -0.00991523  -0.687598  -0.243023  -0.890951  
-0.000146599  0.0166956  -0.00895548  -0.640457  -0.197242  -0.883729  
0.000485279  0.0172992  -0.00932361  -0.679036  -0.253611  -0.904012  
0.00054695  0.0184765  -0.00991053  -0.715525  -0.21448  -0.885999  
0.000567865  0.0191509  -0.0102196  -0.747613  -0.193497  -0.882106  
0.00169521  0.0222907  -0.0107285  -0.834797  -0.234854  -0.82916  
0.0026907  0.0231232  -0.0108006  -0.87494  -0.111324  -0.835188  
0.00243005  0.0225565  -0.0103045  -0.866002  -0.125585  -0.865437  
0.00249934  0.0219585  -0.010226  -0.84659  -0.190898  -0.816774  
0.00203694  0.0214421  -0.00999888  -0.833342  -0.130426  -0.759164  
0.00223835  0.0214747  -0.0102943  -0.835785  -0.18663  -0.775381  
0.0019258  0.0211991  -0.0104507  -0.839554  -0.183767  -0.76009  
0.00151305  0.0215548  -0.0106482  -0.844133  -0.146003  -0.772953  
0.00158613  0.0216534  -0.0106229  -0.846593  -0.226118  -0.746866  
0.00121015  0.0209391  -0.00999901  -0.82134  -0.160636  -0.722634  
0.00121898  0.0210388  -0.0103512  -0.817969  -0.196038  -0.716216  
0.00132234  0.0210424  -0.0102786  -0.819914  -0.170478  -0.705691  
0.00143907  0.0208551  -0.0100422  -0.820086  -0.144665  -0.70923  
0.00166769  0.0208786  -0.0103165  -0.824726  -0.15732  -0.683359  
0.00226444  0.0217787  -0.0102683  -0.85329  -0.0998588  -0.755744  
0.0023585  0.0216973  -0.0101276  -0.842425  -0.189918  -0.698113  
0.00156284  0.0213567  -0.0103988  -0.865979  -0.142965  -0.718509  
0.00172761  0.0212993  -0.0103572  -0.846834  -0.200565  -0.714488  
0.00155562  0.0212531  -0.0103998  -0.847688  -0.15001  -0.713621  
0.00183096  0.0212363  -0.0103581  -0.842726  -0.18327  -0.706139  
0.00170786  0.0214372  -0.0103741  -0.854003  -0.127717  -0.706821  
0.00218899  0.0215469  -0.0103999  -0.857828  -0.123061  -0.743622  
0.00218941  0.0215578  -0.0104234  -0.853912  -0.194596  -0.689178  
0.00174019  0.0215265  -0.0104858  -0.849581  -0.106066  -0.690528  
0.00214011  0.0214162  -0.0105795  -0.841421  -0.139459  -0.700928  
0.00233094  0.0210121  -0.0102195  -0.843409  -0.162242  -0.689699  
0.00182485  0.0211968  -0.0103456  -0.837496  -0.128212  -0.689736  
0.00237236  0.0211532  -0.0102165  -0.840948  -0.155138  -0.675884  
0.00196803  0.0213004  -0.0101547  -0.842842  -0.104433  -0.683109  
0.00280076  0.0213642  -0.0104019  -0.847069  -0.157255  -0.650288  
0.00308004  0.0220362  -0.0109456  -0.878023  -0.0871847  -0.668481  
0.00352076  0.0218087  -0.0109528  -0.865276  -0.14223  -0.663335  
0.00307347  0.0213756  -0.0105048  -0.868741  -0.133181  -0.646811  
0.00340164  0.0214746  -0.0104044  -0.86114  -0.0992037  -0.689102  
0.00366648  0.021331  -0.0109164  -0.846099  -0.160163  -0.644518  
0.0029389  0.0211939  -0.0103864  -0.845157  -0.113607  -0.654801  
0.00274246  0.0212763  -0.0104504  -0.845099  -0.151684  -0.656633  
0.00280607  0.0213058  -0.0103854  -0.844898  -0.123491  -0.655003  
0.00280607  0.0207629  -0.0107594  -0.841219  -0.154649  -0.648825  
0.00411913  0.0215867  -0.00987127  -0.86168  -0.145863  -0.710792  
0.00464393  0.0213294  -0.0110198  -0.873557  -0.136487  -0.686625  
0.00511893  0.0218823  -0.0109934  -0.896831  -0.106075  -0.666036  
0.00578155  0.0222224  -0.010846  -0.906352  -0.151497  -0.655859  
0.00635743  0.0236747  -0.0106994  -0.956383  -0.134239  -0.611234  
0.0134997  0.0258351  -0.010595  -1.00708  -0.13999  -0.573188  
0.0134263  0.0255686  -0.0111753  -0.969676  0.0171645  -0.790867  
0.00736693  0.0217803  -0.0104746  -0.859037  -0.0749638  -0.761213  
0.0069531  0.0219104  -0.0103981  -0.861121  -0.0406382  -0.65481  
0.00616452  0.0198339  -0.00888726  -0.79104  -0.0111668  -0.712108  
0.00576358  0.0192487  -0.00856227  -0.76049  -0.0885317  -0.527891  
0.00587237  0.0191873  -0.00779987  -0.761265  -0.0913588  -0.604195  
0.00384171  0.0194483  -0.00722641  -0.766017  -0.124338  -0.640599  
0.000701761  0.0178085  -0.00562812  -0.579749  -0.359199  -0.541908  
-0.0185019  0.00274968  0.00122734  -0.0257791  -0.656804  -0.443123  
-0.03619  -0.0034852  0.00218135  0.222383  -1.32769  -0.651858  
-0.0398916  -0.00579027  0.00549865  0.331697  -1.42982  -0.678098  
-0.0359416  -0.00417739  0.00460219  0.212209  -1.14785  -0.747848  
-0.0274911  0.000481419  -0.000778655  0.109365  -1.24687  -1.12427  
-0.0294559  0.000137852  0.00213195  0.162538  -1.1097  -1.19823  
-0.0310379  0.0012216  0.000205435  0.149093  -1.44857  -1.1019  
-0.0334727  -0.0033571  -0.000339741  0.381902  -1.81909  -0.997974  
-0.0432015  -0.000416654  0.00221254  0.249606  -1.65683  -1.06194  
-0.0399021  0.00255254  0.00367888  0.0510465  -1.23656  -0.76321  
-0.0342886  0.00292228  0.00293245  0.0208147  -1.17295  -0.731576  
-0.027273  0.00274295  0.00241944  -0.00614406  -0.785515  -0.75835  
-0.0230424  0.00251781  0.00202163  -0.00127848  -0.652783  -0.788422  
-0.0242048  0.00166407  0.000849876  0.0118234  -0.71375  -0.839744  
-0.0195971  0.00188581  9.60405e-05  -0.00450263  -0.460605  -0.788119  
-0.0172791  0.00280164  -0.000855757  -0.0725682  -0.494912  -0.761771  
-0.0148571  0.00175232  -0.00125219  -0.0632629  -0.400258  -0.763454  
-0.0163154  0.00119796  -0.000540811  -0.0440068  -0.350619  -0.682478  
-0.0171947  0.00166209  -0.000158935  -0.0581459  -0.386685  -0.626279  
-0.0152143  0.00267965  -0.000709536  -0.0905289  -0.363725  -0.732466  
-0.0151172  0.00309112  -0.000906576  -0.1099  -0.365931  -0.72394  
-0.0142629  0.00300289  -0.00120979  -0.108182  -0.305356  -0.7448  
-0.0140909  0.00282375  -0.0011168  -0.107425  -0.329197  -0.779689  
-0.0141464  0.00327366  -0.0012712  -0.118531  -0.396735  -0.774623  
-0.0147308  0.00362981  -0.00145395  -0.128692  -0.37388  -0.74216  
-0.0140927  0.00406955  -0.00189832  -0.150777  -0.301608  -0.771837  
-0.0138121  0.00411371  -0.00184605  -0.149  -0.318371  -0.777894  
-0.0136735  0.0041086  -0.00221896  -0.151852  -0.3612  -0.718564  
-0.0138832  0.00411833  -0.00203373  -0.142166  -0.322087  -0.707125  
-0.0134928  0.00425369  -0.00204469  -0.146405  -0.353195  -0.673134  
-0.0129393  0.00466612  -0.00236789  -0.148433  -0.297468  -0.644075  
-0.0127127  0.00441811  -0.00238633  -0.142192  -0.33338  -0.607681  
-0.0129639  0.00412585  -0.00264572  -0.132959  -0.333293  -0.598072  
-0.0131612  0.0039496  -0.00237341  -0.11935  -0.319567  -0.62123  
-0.0126088  0.00403435  -0.00219196  -0.125824  -0.364363  -0.572872  
-0.0131845  0.00418429  -0.00241977  -0.130863  -0.338026  -0.568202  
-0.0130119  0.00423882  -0.00231706  -0.131371  -0.3476  -0.561137  
-0.0125876  0.0044327  -0.00246381  -0.145611  -0.317522  -0.583376  
-0.0119963  0.00471425  -0.00272242  -0.150154  -0.280754  -0.5816  
-0.0109445  0.00480705  -0.00276812  -0.163748  -0.27645  -0.592959  
-0.0113586  0.00490889  -0.00272061  -0.1721  -0.247751  -0.612576  
-0.0122175  0.00427125  -0.00225551  -0.142586  -0.279437  -0.600135  
-0.012801  0.00451915  -0.00232448  -0.163156  -0.240491  -0.641881  
-0.0119408  0.00475179  -0.002728  -0.161057  -0.254237  -0.641832  
-0.0116573  0.00476773  -0.00275281  -0.159541  -0.28647  -0.60083  
-0.0118867  0.00507282  -0.00255856  -0.16298  -0.245198  -0.59506  
-0.0117198  0.00503548  -0.00280992  -0.170327  -0.273598  -0.586412  
-0.0118682  0.00499533  -0.00271815  -0.170334  -0.246981  -0.575499  
-0.0116891  0.00504629  -0.00259605  -0.167261  -0.263669  -0.572195  
-0.0116895  0.0050207  -0.00267571  -0.168898  -0.280697  -0.528818  
-0.0112104  0.00502188  -0.00271285  -0.170089  -0.241527  -0.515382  
-0.0113669  0.00520313  -0.00273364  -0.168205  -0.273873  -0.516401  
-0.0116639  0.00523381  -0.00281043  -0.170322  -0.22338  -0.525449  
-0.0111155  0.00538115  -0.00275089  -0.170165  -0.269203  -0.499589  
-0.0112717  0.00569543  -0.00275179  -0.180513  -0.212961  -0.475146  
-0.0109329  0.00569228  -0.0027637  -0.186158  -0.253952  -0.483609  
-0.0108066  0.00585967  -0.00290151  -0.205123  -0.235085  -0.474751  
-0.0108585  0.00658967  -0.00371301  -0.253352  -0.221336  -0.545313  
-0.0109087  0.00728498  -0.00420684  -0.309578  -0.226804  -0.489606  
-0.0119483  0.00746479  -0.00430865  -0.321254  -0.201961  -0.702329  
-0.0105984  0.00715799  -0.00407987  -0.308676  -0.182611  -0.627102  
-0.0106122  0.00705513  -0.00410401  -0.295506  -0.211891  -0.617717  
-0.010566  0.007341  -0.00441661  -0.286958  -0.232265  -0.618806  
-0.0105931  0.00734066  -0.00422477  -0.271061  -0.211938  -0.615892  
-0.0104222  0.00717539  -0.00427798  -0.270302  -0.244827  -0.599457  
-0.0104064  0.00727011  -0.00430168  -0.267176  -0.234038  -0.593927  
-0.0100781  0.00702711  -0.00424783  -0.259438  -0.241911  -0.58135  
-0.0106843  0.00670672  -0.00421297  -0.243362  -0.226872  -0.590076  
-0.0105285  0.00646283  -0.00395757  -0.240992  -0.224792  -0.55773  
-0.0101868  0.00605841  -0.0038593  -0.233965  -0.209819  -0.560943  
-0.0105458  0.00560131  -0.00302767  -0.205269  -0.217554  -0.543326  
-0.0107465  0.00583961  -0.00315765  -0.208443  -0.213582  -0.543425  
-0.0103711  0.00597335  -0.00328875  -0.215233  -0.252491  -0.520467  
-0.0107282  0.00615819  -0.00351976  -0.223534  -0.192523  -0.545591  
-0.0100477  0.00611356  -0.00355666  -0.227075  -0.248402  -0.520447  
-0.0102635  0.00618787  -0.0034988  -0.235598  -0.199265  -0.520507  
-0.00797198  0.00622966  -0.00313347  -0.26418  -0.244803  -0.655794  
-0.00804872  0.00638558  -0.00337142  -0.26698  -0.185065  -0.598413  
-0.00781496  0.006063  -0.00325721  -0.252768  -0.12448  -0.578034  
-0.00545846  0.00684885  -0.00318671  -0.296451  -0.107999  -0.591806  
-0.00431341  0.00649971  -0.00351824  -0.285326  -0.0173748  -0.535113  
-0.00458286  0.00617752  -0.00357089  -0.253088  -0.0799452  -0.459142  
-0.00553695  0.00589827  -0.00323181  -0.255031  -0.0551669  -0.500428  
-0.00602042  0.00558052  -0.00298362  -0.231187  -0.0710369  -0.49928  
-0.00588959  0.00542699  -0.0023802  -0.212809  -0.0929538  -0.4835  
-0.00730285  0.00478831  -0.00177905  -0.191461  -0.0611032  -0.479418  
-0.00721221  0.00450593  -0.00199552  -0.203668  -0.137908  -0.458452  
-0.00821869  0.00568027  -0.00123416  -0.250915  -0.294055  -0.599467  
-0.0120733  0.00327268  -0.00166934  -0.150216  -0.489204  -0.571642  
-0.0273054  -0.00299212  0.00152879  0.139769  -1.08427  -0.188217  
-0.044776  -0.00942641  0.00947595  0.418659  -1.95704  0.0515233  
-0.0442817  -0.00555361  0.00579513  0.23459  -1.66514  -0.381747  
-0.0405999  -0.00534195  0.00524958  0.100393  -1.45095  -0.616116  
-0.035976  -0.00875752  0.0162232  0.274366  -1.04941  -0.558265  
-0.0245724  -0.00369505  0.00727138  0.179371  -0.778549  -0.316554  
-0.0220607  -0.00397743  0.00625184  0.196406  -0.636174  -0.419892  
-0.0133844  -0.00511548  0.00268052  0.214243  -0.331208  -0.562805  
-0.0110631  -0.00483204  0.00172706  0.155961  -0.214309  -0.49617  
-0.00920621  -0.00248682  0.00042118  0.0865476  -0.152896  -0.316041  
-0.0101103  -0.00250575  0.00011016  0.0800434  -0.152664  -0.3381  
-0.0115541  -0.00239787  7.36564e-05  0.0634407  -0.23838  -0.438619  
-0.00962142  -0.00166425  -0.000269848  0.00128644  -0.140287  -0.60203  
-0.00583377  -0.00126947  -0.000595579  0.00889274  -0.0218355  -0.730983  
-0.00451918  -0.00195729  -0.000822741  0.0285689  0.0144178  -0.650199  
-0.00610868  -0.00170259  -0.000328562  0.0467648  0.0190653  -0.59905  
-0.00545575  -0.00234719  0.000332234  0.0715089  -0.0347384  -0.538093  
-0.00599442  -0.00234002  0.000742363  0.0841955  -0.001278  -0.548733  
-0.00536434  -0.00156314  0.000837598  0.0686041  -0.0259437  -0.518865  
-0.00589815  -0.001511  0.00081732  0.0730668  -0.012583  -0.503433  
-0.00565683  -0.00136588  0.000807694  0.0844297  -0.0287554  -0.480363  
-0.00610885  -0.00170206  0.000737953  0.0831934  -0.0490193  -0.482097  
-0.00572732  -0.00173098  0.000372563  0.0900861  -0.0463313  -0.477427  
-0.00576965  -0.00151444  0.000327131  0.0791137  -0.0728014  -0.464635  
-0.00604333  -0.00156673  0.000217575  0.0748293  -0.0545926  -0.481192  
-0.00621006  -0.0017654  0.000361524  0.0824432  -0.0597746  -0.466046  
-0.00639413  -0.00234002  0.000669438  0.0862581  -0.0233833  -0.50421  
-0.00520554  -0.00130593  0.000361524  0.0753454  -0.0440407  -0.48199  
-0.00626036  -0.00166817  0.000584982  0.0687007  -0.0112332  -0.514302  
-0.00607313  -0.00151235  0.000630887  0.0560758  -0.0284482  -0.579064  
-0.00592939  -0.0011724  0.000361524  0.0561663  -0.0515468  -0.467845  
-0.00634766  -0.000962719  0.000361524  0.0545756  -0.0260411  -0.488615  
-0.00623186  -0.000962719  0.000420255  0.0583103  -0.0407845  -0.469365  
-0.00571091  -0.000962719  0.000361524  0.0509474  -0.0246782  -0.471757  
-0.00583959  -0.000962719  0.000361524  0.0535182  -0.0409288  -0.460992  
-0.00560647  -0.000962719  0.000361524  0.0535357  -0.0057691  -0.4815  
-0.00544424  -0.000962719  0.000361524  0.0593336  -0.0684995  -0.420552  
-0.00574751  -0.000794926  0.000361524  0.0516904  -0.0245449  -0.438437  
-0.00538911  -0.000962719  0.000361525  0.054211  -0.0697671  -0.398451  
-0.005218  -0.000962719  0.000361524  0.0565034  -0.0334539  -0.396304  
-0.0049708  -0.000383412  7.35509e-06  0.0541454  -0.0747571  -0.365023  
-0.00517918  -0.00056682  9.37522e-06  0.0552874  -0.0399185  -0.379595  
-0.00478795  -0.000319449  3.8827e-05  0.0560619  -0.0864624  -0.364984  
-0.00486911  -0.000404278  5.15588e-05  0.0563894  -0.0450922  -0.364994  
-0.00471863  -0.00038466  8.56164e-05  0.0611489  -0.0829484  -0.335212  
-0.00479623  -0.000962719  5.21561e-06  0.0691903  -0.0451037  -0.364202  
-0.00475765  -0.000232115  -0.000131685  0.0572355  -0.0757733  -0.335218  
-0.00479623  -0.000438871  -5.77523e-05  0.0601313  -0.0451057  -0.338035  
-0.00430526  -0.000486048  -6.17078e-05  0.0637302  -0.0658056  -0.315415  
-0.00479623  -0.000758735  3.53783e-05  0.0667994  -0.0227292  -0.315462  
-0.00409771  -0.000553261  6.08768e-05  0.0637717  -0.0563139  -0.297783  
-0.00478133  -0.000481361  -7.41307e-06  0.0651423  -0.022715  -0.301507  
-0.00431389  -0.000394547  -6.93101e-05  0.0615773  -0.0532476  -0.279979  
-0.00463205  -0.000533607  -3.96147e-05  0.0632938  -0.0227511  -0.288544  
-0.00414314  -0.000375432  -0.000111548  0.0654095  -0.0444175  -0.274614  
-0.00463205  -0.000621061  -0.000264416  0.0670135  -0.0227349  -0.279983  
-0.00410396  -0.000279665  -0.000146826  0.0619205  -0.044957  -0.257864  
-0.00440479  -0.000468605  -0.000128993  0.0645866  -0.0037001  -0.257856  
-0.00422693  -0.000375826  -8.19408e-05  0.0641386  -0.0527478  -0.257854  
-0.00472882  8.6857e-05  -4.05737e-05  0.0570471  -0.0214371  -0.264644  
-0.00423776  4.38526e-05  -9.23051e-05  0.0577934  -0.0582966  -0.240066  
-0.00438533  0.000396596  -0.000223599  0.0494084  -0.0204421  -0.240077  
-0.00417501  0.000505784  -0.000175155  0.0481952  -0.0751643  -0.210402  
-0.00406507  0.000505784  -7.93322e-05  0.0508731  -0.0397005  -0.214939  
-0.00383843  0.000505784  -7.93322e-05  0.0486421  -0.0633882  -0.211758  
-0.00391157  0.000316248  -7.93322e-05  0.0580466  -0.0415315  -0.210799  
-0.00397878  0.000375101  -7.93322e-05  0.0538686  -0.0541962  -0.208999  
-0.00363705  0.000505784  -7.93322e-05  0.0550959  -0.0673279  -0.203769  
-0.00374873  9.86753e-05  -7.93322e-05  0.0581445  -0.0396863  -0.172288  
-0.00370191  0.00031134  -7.93322e-05  0.0552266  -0.0600924  -0.193351  
-0.00363705  0.000505784  -7.93322e-05  0.0491849  -0.0523133  -0.184264  
-0.00377963  0.000505784  -7.93322e-05  0.0419911  -0.0600821  -0.180912  
-0.0036891  0.000420439  -7.93322e-05  0.0411027  -0.0573515  -0.167747  
-0.00363705  0.000505784  7.35608e-05  0.0428647  -0.0271923  -0.167742  
-0.00358365  0.00036323  1.09079e-05  0.0365938  -0.0667429  -0.170742  
-0.00391491  0.000505784  0.000165901  0.0402795  -0.0360039  -0.16777  
-0.00346977  0.000182719  0.000165901  0.0371846  -0.0748458  -0.159291  
-0.00389262  0.000339841  0.000165901  0.0402765  -0.0512444  -0.163898  
-0.0032101  0.000505784  0.000165901  0.0368007  -0.0732431  -0.140847  
-0.00341811  0.000505784  0.000165901  0.0263707  -0.0516358  -0.136701  
-0.00348912  0.000505784  0.000165901  0.029278  -0.0916422  -0.136697  
-0.00297139  0.000505784  0.000165901  0.0100525  -0.0599937  -0.147986  
-0.00258136  0.000581112  -0.00012828  0.0142694  -0.0211202  -0.154435  
-0.00256682  0.000505784  0.000165901  0.0180269  -0.0582002  -0.154424  
-0.00343849  0.000505784  0.000165901  0.0238263  -0.0386869  -0.160368  
-0.00298539  0.000505784  4.1113e-05  0.0254242  -0.0692421  -0.154437  
-0.00341651  0.000505784  0.000312368  0.0261648  -0.015801  -0.17281  
-0.00284718  0.000505784  0.000109311  0.0307542  -0.0729397  -0.211531  
-0.00329796  0.000505784  0.0001288  0.0267252  -0.0124294  -0.161619  
-0.00292146  0.000505784  0.00015735  0.0298011  -0.0577653  -0.154378  
-0.00338137  0.000505784  0.000146018  0.0302701  -0.0192895  -0.154399  
-0.00291066  0.000505784  6.49509e-05  0.0304975  -0.0626322  -0.16346  
-0.00266052  0.000505784  0.000199889  0.0209461  -0.0200032  -0.142178  
-0.00240864  0.000505784  0.000295457  0.0207055  -0.0147689  -0.154387  
-0.00246679  0.000439687  0.000475215  0.0236204  -0.0282237  -0.154387  
-0.00251421  0.000505784  0.000366424  0.0293308  -0.0194518  -0.171353  
-0.00278244  0.000505784  0.00033838  0.0291677  -0.0428003  -0.16434  
-0.00256835  0.000505784  0.000373207  0.0290397  -0.00552381  -0.176499  
-0.00251628  0.000505784  0.000344536  0.0279463  -0.0435062  -0.151745  
-0.00261068  -6.85483e-06  0.000475214  0.0238372  0.000133413  -0.174582  
-0.00261649  0.000266483  0.000333711  0.0339277  -0.048066  -0.171721  
-0.00273576  0.000105055  0.000475215  0.0375896  -0.00635325  -0.17172  
-0.00195676  0.000372457  0.000132771  0.0334898  -0.04486  -0.153985  
-0.00192081  0.000505784  0.000209229  0.0318262  -0.0124825  -0.153518  
-0.00163745  0.000505785  0.000143235  0.0329963  -0.0552339  -0.117626  
-0.00232953  0.000568157  -5.42119e-05  0.0282109  -0.0066184  -0.139543  
-0.00161266  0.000505784  2.00848e-05  0.0263773  -0.0439238  -0.137877  
-0.00192206  0.000555874  4.46138e-05  0.0265497  -0.0049578  -0.12554  
-0.00161226  0.000505784  5.26786e-05  0.0251311  -0.0373019  -0.1176  
-0.00172136  0.000505784  0.000187784  0.0278294  0.00176437  -0.123808  
-0.00162991  0.000505785  0.000195975  0.0211422  -0.0382513  -0.117592  
-0.00176971  0.000505784  -3.14663e-07  0.0202779  -0.0208465  -0.117585  
-0.00128132  0.000505784  6.5126e-05  0.018776  -0.0423629  -0.0946823  
-0.00136188  0.000505784  4.45e-05  0.013963  -0.0152236  -0.101926  
-0.00101846  0.000505785  5.90725e-05  0.0110432  -0.0372698  -0.0869999  
-0.00116566  0.000505785  4.85811e-05  0.0151284  -0.0111337  -0.0946669  
-0.00126529  0.000505785  4.39319e-06  0.0113286  -0.0460132  -0.0972313  
-0.00110572  0.000414843  1.56401e-05  0.0231833  -0.00792845  -0.104681  
-0.000744753  0.000505785  7.15346e-06  0.0135064  -0.0409954  -0.0961072  
-0.00112588  0.000373125  5.85237e-05  0.019226  -0.0254789  -0.0893108  
-0.000860873  0.000505785  5.85237e-05  0.016787  -0.0424059  -0.0684191  
-0.000926806  0.000505785  5.85237e-05  0.0151718  -0.0187948  -0.0892994  
-0.000451186  0.000571723  5.85237e-05  0.0164583  -0.0580085  -0.0663137  
-0.000672469  0.000505785  5.85237e-05  0.0201492  -0.0214027  -0.0541052  
-0.000726484  0.000505785  5.85237e-05  0.0261914  -0.0572396  -0.0512417  
-0.000562598  0.000505785  5.85237e-05  0.0305325  -0.0271433  -0.0663687  
-0.000475511  0.000299621  0.000162686  0.0377364  -0.047387  -0.0512272  
-0.000743951  0.000351184  0.000219468  0.0399708  0.000525132  -0.0558057  
-0.000280416  0.000303799  0.000252826  0.0340004  -0.0541424  -0.0487383  
8.65457e-05  0.000188589  -0.000114733  0.0169341  0.0300704  -0.116988  
-0.000356013  0.000401404  -0.000196647  -0.00101864  -0.0132832  -0.102782  
-0.000520348  0.000232752  5.85237e-05  -0.00933487  0.0515853  -0.120612  
-0.000513253  0.000237292  5.85237e-05  -0.00756693  0.017735  -0.0766686  
-0.00101412  0.000481317  5.85237e-05  -0.00705282  0.0613705  -0.0511581  
-0.000398062  4.36129e-05  0.000382698  -0.00530419  0.0111139  -0.0470004  
-0.000823841  -7.73942e-05  0.000210128  -0.0180554  0.0490511  -0.0576435  
-0.000325894  4.36129e-05  0.000398538  -0.00673196  0.00673772  -0.0320359  
-0.000707809  -2.25759e-05  0.000386388  -0.00821122  0.0503187  -0.00872898  
-0.000227957  4.36129e-05  5.85237e-05  -0.00760552  -0.00394209  -0.022223  
-0.000726871  -0.000133806  0.000322678  -0.0180445  0.0535671  -0.00253767  
-0.000284961  -6.39608e-05  0.000338302  -0.0142891  0.00669751  -0.00383527  
-0.000502507  4.36129e-05  5.85237e-05  -0.0180523  0.0631678  0.00116529  
0.00013612  4.36129e-05  5.85237e-05  -0.0180523  0.0132994  0.000763873  
-0.000550516  4.36129e-05  5.85237e-05  -0.0180524  0.0467248  0.0175015  
-0.000310764  4.36129e-05  0.000185774  -0.01805  0.00795264  -0.000483562  
-9.95692e-05  0.000136194  5.85237e-05  -0.018052  0.0498008  0.00616277  
-0.000547372  9.39619e-05  5.85237e-05  -0.0180534  0.0265267  0.0234274  
-0.0002048  4.36129e-05  5.85237e-05  -0.0111193  0.0456802  0.0034588  
-8.10909e-05  4.36129e-05  5.85237e-05  -0.0180523  0.0331571  0.0288632  
-4.09309e-05  4.36129e-05  0.000218776  -0.00317154  0.0188136  0.0209258  
-0.00031968  -4.35461e-05  5.85237e-05  0.00535685  0.0304069  0.0123549  
0.000436569  4.36129e-05  0.000184165  0.00535643  -0.00673679  -0.00631103  
-0.00030494  4.36129e-05  5.85237e-05  0.00535573  0.0273787  0.00868096  
-2.54856e-05  4.36129e-05  5.85237e-05  0.000341574  0.00117334  0.00868554  
-0.000112429  4.36129e-05  5.85237e-05  0.00535573  0.0408081  0.00869946  
-0.000187691  4.36129e-05  5.85237e-05  0.00535573  0.00550179  0.0163119  
-0.000297136  4.36129e-05  5.85237e-05  0.00535573  0.0447975  0.00799087  
-2.26928e-05  4.36129e-05  5.85237e-05  0.00535573  0.0176642  0.026683  
-0.000314742  4.36129e-05  5.85237e-05  0.00535573  0.0465419  0.0266949  
-7.21283e-05  4.36129e-05  5.85237e-05  -0.00182982  0.0401186  0.026691  
-0.00011028  4.36129e-05  5.85237e-05  0.00296335  0.0353255  0.0108478  
-0.000198085  4.36129e-05  0.000847061  0.00538225  0.0566095  0.0266894  
0.000199654  -8.36708e-05  0.000666189  0.0263281  0.0353303  0.00134442  
-0.000196893  4.36129e-05  0.000663206  0.0163744  0.0471766  0.0296537  
0.000149587  4.36129e-05  0.000638773  0.0142262  0.0284053  0.012161  
-0.000123909  4.36129e-05  0.00059008  0.00878257  0.0592478  0.0312981  
0.000199654  4.36129e-05  0.000660524  0.0087948  0.0353283  0.0127386  
-0.000224191  -5.2504e-05  0.000856683  0.00878921  0.0653128  0.0460139  
0.000156551  0.000293613  0.000856683  -0.0077294  0.0280792  0.0237738  
4.4457e-05  4.36129e-05  0.000686462  -0.00837981  0.0568421  0.0439448  
0.000372755  4.36129e-05  0.000599816  -0.00254988  0.0150829  0.0439541  
0.000260033  0.000243123  0.00062433  -0.00479923  0.0475769  0.0597164  
0.000499506  4.36129e-05  0.00058749  -0.0048241  0.0138487  0.076768  
0.00021058  4.36129e-05  0.000420653  -0.00370702  0.0664605  0.0606157  
0.000529705  4.36129e-05  0.000420653  0.00236056  0.0274782  0.0767884  
0.000578577  4.36129e-05  0.000420653  -0.00138204  0.066652  0.0605663  
0.000624478  4.36129e-05  0.000420653  -0.0103387  0.0304023  0.0600029  
0.00106688  4.36129e-05  0.000420653  -0.00377681  0.073012  0.0299887  
0.00100624  4.36129e-05  0.000420653  -0.00123662  0.0488624  0.0610157  
0.000903702  4.36129e-05  0.000420653  0.00878064  0.0612727  0.0471754  
0.000776228  -8.33358e-06  0.000420653  0.00878447  0.0406911  0.0551803  
0.000776228  4.36129e-05  0.000567202  0.00878365  0.0414271  0.0266124  
0.000917038  4.36129e-05  0.000420653  0.00878065  0.0698162  0.0291786  
0.00140502  4.36129e-05  0.000420653  0.0121087  0.0245099  0.0206596  
0.000881313  0.000356346  0.000420653  0.0148413  0.0597411  0.0723196  
0.00150033  0.000430967  0.000420653  0.00266327  0.00324673  0.0665944  
0.00139958  -0.000281358  0.00082912  -0.0023482  0.00687104  -0.0121843  
0.00125884  -8.17932e-06  3.37072e-05  0.00140776  0.0531585  0.00816079  
0.00192105  4.36129e-05  -3.82762e-05  -0.00345237  0.0260057  -0.0380963  
0.00224296  4.36129e-05  -2.9265e-05  0.0125684  0.015769  -0.11116  
0.00202464  4.36129e-05  7.32411e-05  0.000261262  -0.00266754  -0.0772173  
0.00382143  4.36129e-05  8.45033e-05  -0.00708516  0.107735  -0.0329704  
0.00424565  0.000106674  -2.92649e-05  0.0035452  0.0951978  -0.10366  
0.003472  -4.29743e-05  -2.9265e-05  -0.000598684  0.0749844  -0.0275902  
0.00303206  4.36129e-05  -0.000274182  0.00360673  0.0718929  -0.0484935  
0.00358381  4.36129e-05  -0.000271222  -0.00300345  0.0538684  -0.0181924  
0.0034161  4.36129e-05  -0.000245699  -0.0112719  0.115307  -0.0255126  
0.00396742  4.36129e-05  -0.000264655  -0.0131142  0.0524136  -0.00109741  
0.00312255  4.36129e-05  -0.000103329  -0.00345323  0.0876513  0.0072612  
0.00370391  4.36129e-05  -0.000433747  0.000833819  0.0307824  0.0170648  
0.00336898  4.36129e-05  -0.000200605  0.005382  0.0856536  0.0265025  
0.00363347  -0.000266837  -0.000433747  0.0152626  0.0351546  0.0151294  
0.00339011  -0.000357853  -0.000258955  0.0152857  0.0547422  0.0436063  
0.00374003  -0.000568526  -0.000101529  0.0187935  0.0440683  0.0250209  
0.00364011  -0.000558586  -0.000111802  0.0138863  0.0711209  0.0364119  
0.00387839  -0.000498593  -0.000148786  0.0186418  0.0361612  0.028406  
0.00347574  -0.000490388  -0.000127856  0.0214032  0.0803826  0.0207956  
0.00403523  -0.000428354  -0.000433747  0.0316902  0.0651715  -0.00950448  
0.0034224  -0.000523005  -8.32887e-05  0.0289823  0.0793931  0.022139  
0.00297722  -0.000555389  -3.13728e-05  0.0227867  0.0644848  0.00701475  
0.00347574  -0.00068471  -5.40995e-05  0.0265877  0.0607178  0.0487528  
0.00329325  -0.000587553  2.93712e-05  0.0268489  0.06743  0.0150237  
0.00347574  -0.000485246  5.25645e-05  0.0298056  0.0489313  0.0593845  
0.00317554  -0.000657261  -2.28504e-05  0.0346747  0.0853477  0.0279026  
0.00357548  -0.000552299  -7.12773e-06  0.0380155  0.0676881  0.0206165  
0.00267803  -0.000228329  -0.000285697  0.0379947  0.0937806  -0.00704471  
0.00334975  4.3613e-05  -0.000433748  0.0199262  0.0753691  -0.0325915  
0.00274932  -2.51961e-05  -0.000433748  0.0332537  0.127647  -0.0372035  
0.00345123  4.3613e-05  -0.000433748  0.0332146  0.0783851  0.0182348  
0.00289053  -0.00033834  -0.000433748  0.0379859  0.116962  0.00178909  
0.00376473  -0.000387087  -0.000433748  0.0379816  0.0726288  0.00297681  
0.00366453  4.3613e-05  -0.000433748  0.0379782  0.125128  0.00840393  
0.00385758  4.3613e-05  -0.000433748  0.0379782  0.0805119  0.000107515  
0.00380116  -0.000360432  -0.000433748  0.0379927  0.105381  0.00385752  
0.00326682  -0.000399146  0.000187176  0.062798  0.117082  -0.0170431  
0.0038438  -0.000188736  0.000187176  0.0584768  0.13023  -0.00323292  
0.00347312  -0.000339593  0.000187176  0.0535355  0.14223  -0.0206405  
0.00399642  3.58342e-05  0.000187176  0.0458424  0.142233  -0.00657187  
0.00371929  6.24004e-06  0.000187176  0.0497278  0.156164  -0.0102143  
0.00413874  3.7792e-05  0.00037975  0.0447026  0.132408  0.0246128  
0.00403024  8.04768e-05  0.000187176  0.0380468  0.142249  0.00156692  
0.00362439  4.62534e-05  0.000187176  0.0488705  0.142244  0.00708191  
0.00400144  -0.000231298  0.000187176  0.067138  0.10426  -0.0681796  
0.0059032  -0.000949463  0.000187176  0.0601061  0.124364  -0.182563  
0.00532502  -0.00045033  0.000187176  0.066388  0.175217  -0.107727  
0.00527408  -0.000285366  0.000187176  0.0661074  0.128075  -0.0695676  
0.0048845  -0.000856906  0.000187176  0.0747594  0.146123  -0.0513669  
0.00522901  -0.00057524  -7.66864e-05  0.0813175  0.115374  -0.035419  
0.0052146  -0.000580529  0.000187176  0.0813609  0.119565  -0.00635205  
0.00502376  -0.000651046  -2.81189e-05  0.0813571  0.107128  -0.000405476  
0.00528009  -0.000482491  -0.000151326  0.0694985  0.145797  -0.00481015  
0.00506214  -0.000594769  0.000187176  0.0715666  0.130061  -0.0237989  
0.0050431  -0.000585852  0.000119144  0.0649881  0.123518  -0.00673393  
0.00462542  -0.000667782  0.000187176  0.0658474  0.149611  -0.0209125  
0.00508409  -0.000294563  0.000187176  0.0637659  0.136562  0.0069889  
0.00534853  -0.000627457  0.000187176  0.0637662  0.150305  -0.0160897  
0.00542086  -0.000312077  0.000187176  0.059372  0.15027  0.0128877  
0.00538103  -0.000337884  0.000187176  0.0608302  0.144696  0.00154086  
0.00510484  -0.000234744  0.000187176  0.0545315  0.157039  0.0134924  
0.00538103  -0.00036046  -7.95621e-05  0.0536387  0.13875  -0.00553187  
0.00538103  -0.000234746  -2.65831e-06  0.045503  0.173867  0.0209078  
0.00570232  -3.06408e-06  -0.000211691  0.0476763  0.158507  -0.00261741  
0.00538103  -6.8064e-05  -0.000273218  0.0387059  0.198735  -0.00529031  
0.00601563  0.000160287  -0.000273218  0.0350535  0.161638  0.00516924  
0.00585157  -2.3905e-05  -0.000273218  0.0284725  0.209202  0.029266  
0.00630029  -8.85767e-05  -0.000273218  0.0284769  0.17627  0.00317303  
0.00598239  -8.49464e-05  -3.9508e-05  0.030394  0.179931  0.0381217  
0.00600842  0.000222666  -6.31867e-05  0.0331704  0.184151  0.00970226  
0.00619061  0.000122894  -0.000273218  0.0266973  0.182225  0.028128  
0.00598304  5.61972e-05  -0.000273218  0.0367456  0.18742  0.020359  
0.0061364  5.0063e-05  -5.57699e-06  0.0360565  0.179458  0.0475848  
0.00618597  -7.20386e-05  9.01454e-05  0.0412813  0.199038  0.0130135  
0.00635437  -0.00024619  1.35635e-05  0.0416549  0.195751  0.0410149  
0.00650442  -5.70157e-05  -1.69866e-05  0.0388908  0.243469  0.0301909  
0.00688298  -0.000183346  0.000121589  0.0276431  0.178874  0.0507691  
0.00642523  -2.47668e-05  6.99137e-05  0.0294903  0.238375  0.0288434  
0.00654002  9.38907e-06  4.95392e-05  0.0316648  0.202898  0.0377706  
0.00648892  -0.000106328  -5.84612e-06  0.030464  0.247733  0.0234985  
0.00643438  -0.000144821  3.53797e-05  0.0357843  0.201093  0.0365787  
0.00657351  -0.000125424  6.25278e-05  0.0377226  0.2135  0.0643795  
0.00679675  -0.000220084  0.00010887  0.0370539  0.209735  0.0442692  
0.00664084  -0.000223922  9.51193e-05  0.0373116  0.219993  0.0644049  
0.00649786  -7.68259e-05  6.94792e-05  0.0375096  0.208933  0.0455279  
0.00616509  -0.000179919  6.78928e-06  0.0384298  0.218132  0.0740815  
0.00727591  -0.000196543  9.02538e-05  0.0379687  0.21395  0.0394219  
0.00629468  -0.000111715  0.000117116  0.0306439  0.225023  0.0779098  
0.00699823  -0.00025505  -7.60722e-05  0.0328776  0.19728  0.0700641  
0.0064068  -0.000242538  -0.000273219  0.0257515  0.229581  0.0602294  
0.00657809  -0.000363858  -0.000273219  0.032525  0.199786  0.0746921  
0.00640344  3.91849e-05  -7.9998e-05  0.0353782  0.236865  0.0969011  
0.00669404  -0.000252787  -0.000201889  0.0383901  0.211586  0.0818722  
0.00669404  -1.05255e-05  1.6347e-06  0.0421198  0.236422  0.106225  
0.00683605  3.93305e-05  8.37859e-06  0.0479137  0.211814  0.110773  
0.00664094  4.25888e-05  8.55729e-05  0.0446589  0.247725  0.108609  
0.00720536  2.30829e-05  5.12625e-05  0.0412836  0.204387  0.0994637  
0.00679549  6.75361e-05  -5.40608e-05  0.0457632  0.247763  0.0890537  
0.00685689  6.43046e-05  -9.40476e-06  0.0484011  0.207564  0.0609823  
0.00669124  -4.96412e-05  0.000105511  0.0466614  0.247737  0.0779789  
0.00709982  2.21623e-05  -1.04844e-05  0.0485213  0.213374  0.077902  
0.00675409  8.51759e-06  2.2779e-05  0.0533428  0.240942  0.105466  
0.00686272  -0.000305525  0.000148509  0.0589969  0.211897  0.104263  
0.00655509  -0.000164296  0.000204035  0.0590203  0.229389  0.124291  
0.00684093  -0.000235592  4.72542e-05  0.0567334  0.212034  0.108915  
0.00646868  -0.000272577  1.73703e-05  0.058993  0.239162  0.12293  
0.00694304  -0.000538169  9.47192e-05  0.0590182  0.204357  0.120014  
0.00647089  -0.000192472  0.000128643  0.0589971  0.247713  0.104219  
0.00697507  -0.000184887  9.52784e-05  0.055432  0.187175  0.115558  
0.00647994  -0.000421334  -3.58338e-06  0.0560167  0.239691  0.100031  
0.00698819  -0.00012147  -1.13905e-05  0.0653629  0.198646  0.0983821  
0.00636516  -0.000114114  4.01929e-05  0.0590173  0.243595  0.0799614  
0.00667539  -0.000262758  4.34212e-05  0.0654899  0.214266  0.0789944  
0.00642188  -0.000198557  -1.051e-05  0.0717513  0.261236  0.0946795  
0.0072035  -0.000151466  0.000128955  0.0590141  0.220458  0.0958265  
0.006544  -0.000316364  3.32779e-05  0.0589919  0.259156  0.0890338  
0.00709634  -0.000103696  4.73571e-05  0.0589793  0.206568  0.113347  
0.00649101  -0.00012713  -8.68465e-05  0.0589598  0.249241  0.103441  
0.00702307  -0.000159385  -5.2851e-05  0.0589207  0.213879  0.0908443  
0.00665534  -0.000201644  0.0002327  0.0589907  0.242664  0.0980512  
0.0069468  -0.000341773  0.000269499  0.0677423  0.195023  0.097112  
0.00661044  -0.000406613  0.00029771  0.0664852  0.234707  0.117459  
0.00684418  -0.000431642  0.000369879  0.0734683  0.189695  0.119788  
0.00650875  -0.000529827  0.000346301  0.073334  0.231314  0.106137  
0.00720591  -0.000522971  0.000279092  0.0773886  0.200801  0.115128  
0.00681543  -0.000358165  0.000441937  0.0674482  0.238334  0.0986563  
0.00691001  -0.000477889  0.000266993  0.070613  0.20548  0.1152  
0.00671048  -0.000819235  0.000306133  0.0735106  0.23839  0.103363  
0.00880901  -0.000442859  0.00016497  0.0686494  0.228167  0.0910295  
0.00834315  -0.000318558  0.000294054  0.0589887  0.236221  0.0778372  
0.00750466  -0.000281568  0.000364233  0.064843  0.203536  0.105997  
0.00722618  -0.000176421  0.000219225  0.0589266  0.230948  0.0713387  
0.00749767  -8.59692e-05  0.000262627  0.0589521  0.199545  0.107742  
0.00711047  -0.000152568  0.000297484  0.0590115  0.221356  0.117631  
0.00772927  -0.000236672  0.000311797  0.0590115  0.215051  0.131259  
0.00722871  -0.000199032  0.000289506  0.0590056  0.238175  0.108489  
0.00745784  -0.000248875  0.000267522  0.0590571  0.220702  0.142311  
0.00705565  -0.00027835  7.07553e-05  0.0560922  0.241547  0.0930101  
0.00770197  -0.000302226  2.09751e-07  0.0589876  0.247633  0.102636  
0.00735759  -0.000320205  5.70188e-06  0.058996  0.233023  0.098823  
0.00718345  -0.000612443  -0.00027322  0.0589691  0.26382  0.117275  
0.00752058  -0.000270153  -0.00027322  0.047937  0.224718  0.0698049  
0.00759497  -0.000515845  9.90968e-06  0.0525731  0.25963  0.104214  
0.00790673  -0.000700276  -0.00027322  0.05677  0.242213  0.0660721  
0.00741694  -0.000448464  3.09763e-05  0.0656101  0.28384  0.0873859  
0.00799809  -0.000396152  -4.90096e-05  0.064777  0.238379  0.0774219  
0.00844458  -0.000148295  0.000152796  0.0590308  0.291342  0.071171  
0.00848513  -0.000496732  0.00020519  0.0590661  0.284957  0.0788732  
0.00849624  -0.00093752  0.000476431  0.059232  0.31917  0.101154  
0.00858064  -0.000674693  0.000195692  0.0590648  0.255074  0.0746377  
0.00773939  -0.000608279  0.000197779  0.0590579  0.305124  0.0664625  
0.00819146  -0.000880805  0.000182591  0.0618814  0.253431  0.0496545  
0.007703  -0.000769023  6.59165e-05  0.0590794  0.305179  0.0514242  
0.0079577  -0.000767543  -0.000103036  0.0590268  0.26609  0.0642015  
0.00774012  -0.000679878  0.000181774  0.0562579  0.297453  0.0965356  
0.00781391  -0.00079133  0.000205041  0.0568359  0.249991  0.0919687  
0.00768896  -0.000770584  2.97814e-05  0.0590461  0.285888  0.079901  
0.0076934  -0.00102815  0.000190942  0.067943  0.255585  0.0914594  
0.00794524  -0.00121534  0.000643396  0.0726703  0.285785  0.0208967  
0.0084163  -0.00119265  -0.000109794  0.0454701  0.282974  -0.0109367  
0.00817217  -0.00094296  -0.000109794  0.0393475  0.300035  0.0091836  
0.00823552  -0.00100837  -0.000109794  0.056786  0.248216  0.00186374  
0.00811509  -0.000893353  8.88791e-05  0.0686943  0.276983  0.0691314  
0.00830735  -0.000965116  5.44283e-05  0.0524939  0.274344  0.00521771  
0.00801605  -0.00085875  -0.000109794  0.0547447  0.284427  0.0208956  
0.00848224  -0.000979733  -0.000109794  0.056571  0.268181  0.00209319  
0.00827362  -0.000988768  -0.000109794  0.0393548  0.282843  0.0258106  
0.00799882  -0.0012256  -0.000109794  0.0416545  0.281062  0.00390697  
0.00818429  -0.00114392  -0.000109794  0.0393576  0.272287  0.0207593  
0.00776026  -0.00119757  -0.000109794  0.0446927  0.28167  0.0208884  
0.0077702  -0.00124284  0.000105887  0.0481063  0.282914  0.0351431  
0.00808366  -0.0012041  -0.000109794  0.0512542  0.276197  0.0315961  
0.00765128  -0.00144383  2.90799e-05  0.0553489  0.277021  0.0365991  
0.00772135  -0.00134951  0.000173125  0.0566517  0.301796  0.00387499  
0.00807658  -0.00157452  0.000150341  0.0575008  0.265213  0.0350219  
0.00768426  -0.00161829  0.000210746  0.0631622  0.290788  0.0201962  
0.00792788  -0.00106327  4.24474e-05  0.0551082  0.268047  0.0353615  
0.00760871  -0.00133864  -0.000109794  0.0570243  0.296867  0.0351466  
0.0079175  -0.00110406  5.70925e-05  0.0573583  0.246016  0.047263  
0.00742867  -0.00122505  0.000167032  0.0564622  0.291358  0.0617843  
0.00785332  -0.00113117  0.0001401  0.0559111  0.246218  0.0466942  
0.00792295  -0.00124271  -1.95833e-05  0.0394252  0.27591  0.0616918  
0.00766271  -0.00123164  -0.000109794  0.0393718  0.27695  0.0491174  
0.00808298  -0.0013014  -0.000109794  0.0394175  0.274022  0.0616731  
0.00746044  -0.00125238  0.000311529  0.0394694  0.271305  0.0448767  
0.00761311  -0.00130434  0.000358814  0.0488173  0.269273  0.0617654  
0.00751261  -0.00148015  0.000245238  0.047699  0.251764  0.0474132  
0.00737217  -0.00125039  0.000174844  0.0449841  0.274043  0.0657677  
0.00743957  -0.00160981  0.000147794  0.0394647  0.247459  0.0454334  
0.00727447  -0.00135147  0.000383954  0.0395181  0.262167  0.0731504  
0.00753227  -0.00157764  0.000128273  0.0394641  0.244232  0.0468859  
0.00718406  -0.00129948  0.000394061  0.0371428  0.25774  0.0676712  
0.00725758  -0.00156882  0.000389462  0.0395391  0.26476  0.0501054  
0.00706586  -0.00144981  0.000448625  0.0395368  0.258226  0.0647267  
0.0070977  -0.0016737  0.000505228  0.0395924  0.257059  0.0505455  
0.00704136  -0.00161408  0.000505229  0.0474005  0.245793  0.0676692  
0.00711766  -0.00128491  0.000505228  0.0395369  0.245477  0.0515945  
0.00742619  -0.00143934  0.000445057  0.0395651  0.23935  0.0676169  
0.0069783  -0.00121841  0.000505228  0.0395214  0.257377  0.0323658  
0.00733677  -0.00121473  0.000505228  0.0395383  0.242358  0.0645391  
0.0073553  -0.00157906  4.12584e-05  0.0394298  0.277867  0.025852  
0.00775939  -0.00115603  0.000322657  0.0267519  0.278904  0.0324835  
0.007612  -0.000992289  0.000505229  0.0234043  0.268617  0.00986963  
0.00748384  -0.00114165  0.000505228  0.0090029  0.29923  0.0204066  
0.00766147  -0.00129737  0.000353792  0.00729491  0.291026  -0.0164274  
0.00783129  -0.00128277  0.000155229  0.00728019  0.278576  0.0381516  
0.00805589  -0.00119321  0.000375561  -0.00267794  0.296157  0.00255593  
0.0078053  -0.00135826  0.000394398  0.0130094  0.269114  0.016386  
0.0077245  -0.0011936  0.000505229  0.0272481  0.306674  0.0115218  
0.0080405  -0.00124697  0.000505229  0.0335143  0.266578  0.00571433  
0.00770963  -0.00105556  0.000505228  0.0305963  0.301169  0.0114847  
0.00825581  -0.00108033  0.000429938  0.0339456  0.259007  0.0378048  
0.00779954  -0.00139557  0.000452687  0.0359131  0.30477  0.0191155  
0.00794066  -0.00111003  0.000176693  0.0371034  0.258551  0.0182241  
0.0076838  -0.00118429  0.000402852  0.029487  0.296809  0.0223129  
0.00818796  -0.0011707  0.000505229  0.0394138  0.261523  0.0277342  
0.00759383  -0.00118263  0.000186069  0.0283144  0.310711  0.0279153  
0.00812292  -0.00119542  0.000183963  0.0225362  0.269251  -0.00783959  
0.00760379  -0.00105985  0.000505229  0.0200469  0.310715  0.0155635  
0.0079295  -0.00128473  0.000505229  0.0314069  0.279452  -0.0166107  
0.00771413  -0.000985529  9.94242e-05  0.0174315  0.314625  -0.00229239  
0.00786935  -0.00117981  0.000145614  0.0171982  0.286133  -0.0112342  
0.00733855  -0.00109809  0.00040191  0.018807  0.31074  0.00729443  
0.00811433  -0.00120696  0.000505229  0.0268942  0.286554  -0.0128814  
0.0075549  -0.00123868  0.000505228  0.00733713  0.338276  -0.0146952  
0.00813803  -0.00142673  0.000186643  0.0291549  0.28262  -0.0631934  
0.00911296  -0.00250686  0.000144812  0.0352389  0.365339  -0.202594  
0.0107297  -0.00261664  6.50378e-05  0.0365498  0.445554  -0.271465  
0.0122069  -0.00261076  -0.000437501  0.0344322  0.375392  -0.296639  
0.0106222  -0.00229941  -1.96939e-05  0.0368675  0.423748  -0.231848  
0.0108083  -0.00214377  -0.000451207  0.0409903  0.353391  -0.23081  
0.0102926  -0.0022635  -1.96939e-05  0.0353998  0.397049  -0.19849  
0.010428  -0.00254001  -1.96939e-05  0.0448202  0.334822  -0.199902  
0.00979863  -0.00225582  -1.96939e-05  0.0393263  0.390971  -0.175861  
0.0100114  -0.00252317  -1.96939e-05  0.0474108  0.348476  -0.179596  
0.00934894  -0.00262929  0.000186104  0.046333  0.39016  -0.159905  
0.0100682  -0.00267409  -1.96939e-05  0.0516206  0.357418  -0.205344  
0.00940735  -0.00229144  -1.96939e-05  0.0489644  0.381871  -0.1845  
0.00935892  -0.00159861  0.000134229  0.0440201  0.42655  -0.227918  
0.0101846  -0.00202976  -0.00010212  0.0458196  0.34144  -0.217271  
0.0101522  -0.00217988  7.41549e-05  0.0455864  0.372638  -0.183068  
0.0104641  -0.002549  -1.96939e-05  0.056153  0.369596  -0.192987  
0.00974781  -0.002482  4.3812e-05  0.0521257  0.376718  -0.17969  
0.0104687  -0.00239046  -1.96939e-05  0.0521174  0.36325  -0.183211  
0.0102526  -0.0022708  -1.96939e-05  0.0521481  0.372207  -0.166761  
0.0103811  -0.00201069  -1.96939e-05  0.0355311  0.387077  -0.29994  
0.0125511  -0.00219617  -0.000274949  0.0561779  0.407632  -0.241387  
0.0118807  -0.00259909  -1.96939e-05  0.0353182  0.463686  -0.398575  
0.00995864  -0.00219325  -1.96939e-05  0.0580367  0.366842  -0.270469  
0.00950961  -0.00296631  0.000657025  0.0863775  0.368463  -0.283916  
0.010104  -0.00267647  0.000232112  0.0753566  0.336472  -0.304906  
0.00881077  -0.00273336  0.000606063  0.0746936  0.367563  -0.267818  
0.00945398  -0.0023267  0.00045275  0.0659482  0.327321  -0.267034  
0.00856271  -0.00284642  0.00146221  0.103366  0.405965  -0.201247  
0.00810291  -0.0023345  0.00202692  0.104532  0.386999  -0.200996  
0.00841099  -0.00223582  0.00125061  0.0923777  0.384083  -0.194189  
0.00858809  -0.00249525  0.00138955  0.0923849  0.400367  -0.183758  
0.00876308  -0.00223851  0.00138955  0.0999753  0.343155  -0.135126  
0.00846034  -0.00273336  0.00129779  0.103346  0.401294  -0.125254  
0.00897805  -0.00261485  0.00117221  0.106124  0.345408  -0.115989  
0.00864527  -0.0021447  0.000941449  0.0922584  0.382576  -0.104082  
0.0112524  -0.00222346  0.000406277  0.0920432  0.382865  -0.279425  
0.0117149  -0.00237858  7.42063e-05  0.0683309  0.404738  -0.384173  
0.0111883  -0.00270233  7.42063e-05  0.0934622  0.399604  -0.322135  
0.0111298  -0.00253199  7.42063e-05  0.0815474  0.379468  -0.282908  
0.0107526  -0.0028887  0.000251926  0.104856  0.365929  -0.25489  
0.0105273  -0.00285559  0.000597204  0.106067  0.370157  -0.203174  
0.0107611  -0.00239478  0.000609789  0.0996807  0.406816  -0.21579  
0.0114117  -0.00297952  0.000550165  0.122415  0.321696  -0.218337  
0.010822  -0.00290274  -0.000119169  0.103083  0.398417  -0.235754  
0.0101974  -0.00266335  7.42063e-05  0.112893  0.405481  -0.157597  
0.01031  -0.0027656  0.000128443  0.116515  0.326852  -0.123879  
0.00980202  -0.00273663  0.000311417  0.115749  0.371226  -0.0991079  
0.0104188  -0.00267722  0.000321893  0.127012  0.332361  -0.0862275  
0.00987754  -0.00274948  0.000457196  0.130618  0.352904  -0.0647758  
0.0103974  -0.00265592  7.42063e-05  0.108851  0.360182  -0.092938  
0.0104115  -0.00261662  7.42063e-05  0.097427  0.383957  -0.0831924  
0.0104927  -0.00301832  7.42063e-05  0.102512  0.394496  -0.0998705  
0.0104215  -0.00300997  0.000529196  0.107626  0.393865  -0.0832479  
0.0109708  -0.00325243  0.000265163  0.107593  0.394208  -0.133886  
0.0106082  -0.00314542  0.000506996  0.122708  0.401201  -0.108635  
0.0104814  -0.00355671  0.000611408  0.124345  0.382871  -0.101945  
0.0100535  -0.00350104  0.000652711  0.126858  0.409064  -0.088051  
0.0104446  -0.00323803  0.000764593  0.123218  0.38914  -0.0735681  
0.00991803  -0.00366997  0.000919385  0.126217  0.424872  -0.101314  
0.0106725  -0.00382798  0.00106599  0.131123  0.38896  -0.0872094  
0.00980868  -0.00378283  0.00105929  0.128669  0.424859  -0.0959333  
0.0102384  -0.00370516  0.00106846  0.120037  0.396098  -0.115896  
0.00985928  -0.00361876  0.00100296  0.109937  0.430158  -0.126375  
0.0101474  -0.00327983  0.000990205  0.111118  0.389139  -0.109286  
0.0100051  -0.00319403  0.000782507  0.107398  0.432206  -0.0921441  
0.0101039  -0.00341207  0.000884386  0.10788  0.388876  -0.087239  
0.0100369  -0.00308569  0.000929503  0.0977589  0.424618  -0.05278  
0.0102514  -0.00310279  0.0007487  0.0976483  0.386909  -0.052868  
0.0101924  -0.00321628  0.00068779  0.09761  0.414968  -0.0820448  
0.0103456  -0.00298711  0.00068053  0.0951067  0.371768  -0.0761212  
0.00984213  -0.00300278  0.000791566  0.0976075  0.412623  -0.0872431  
0.0103546  -0.00280284  0.000699925  0.0893499  0.364076  -0.0952978  
0.00995035  -0.00270249  0.000726941  0.0856439  0.41952  -0.0702316  
0.0105089  -0.00268294  0.00083322  0.0801999  0.371903  -0.0437243  
0.0101285  -0.00277558  0.000658702  0.0775503  0.419558  -0.0563659  
0.0109038  -0.00277863  0.000579762  0.0759104  0.370566  -0.0558186  
0.0104183  -0.00312666  0.000716797  0.0752564  0.419562  -0.076003  
0.0109139  -0.00317181  0.000664519  0.0800755  0.371727  -0.0754999  
0.0109467  -0.0032702  0.000617121  0.0752989  0.415025  -0.0536711  
0.0108129  -0.00328679  0.000601143  0.0745642  0.385191  -0.0591966  
0.0109275  -0.00306372  0.000584117  0.0697297  0.43103  -0.0591977  
0.0115749  -0.0029536  0.000653796  0.0583666  0.394188  -0.0522048  
0.0115327  -0.00296345  0.000433722  0.0582513  0.445279  -0.0758974  
0.0119454  -0.00289087  0.000496074  0.0688844  0.364139  -0.0532205  
0.0111133  -0.00297868  0.000749198  0.0722038  0.404374  -0.0681994  
0.0115768  -0.0029682  0.000497601  0.073376  0.366712  -0.0700297  
0.0115863  -0.00291899  0.000800161  0.0667406  0.417411  -0.0582743  
0.0117735  -0.00322669  0.000498985  0.0582656  0.386855  -0.0691534  
0.0116908  -0.00319486  0.000358232  0.0582027  0.430678  -0.100659  
0.0123984  -0.00340338  0.000502874  0.0582953  0.402235  -0.0703892  
0.0118417  -0.00348259  0.000533387  0.0582903  0.444013  -0.0884966  
0.0119539  -0.00341556  0.000424031  0.0725031  0.400231  -0.0702246  
0.0121915  -0.00338542  0.000587959  0.0694352  0.435689  -0.0702938  
0.0120212  -0.0034011  0.000452894  0.0582462  0.400353  -0.0702358  
0.0116389  -0.00323033  0.000464462  0.0582546  0.444021  -0.0700742  
0.0123141  -0.00343051  0.000549178  0.0712957  0.372021  -0.033025  
0.0119938  -0.0037315  0.000636031  0.0789972  0.429886  -0.0498749  
0.0120898  -0.00373246  0.000721399  0.0813851  0.375794  -0.0484933  
0.0121093  -0.00379612  0.000949445  0.087995  0.4289  -0.0452424  
0.0123061  -0.00364181  0.000873829  0.0854291  0.393885  -0.0300691  
0.012004  -0.00367418  0.000931784  0.093959  0.413821  -0.0402163  
0.0124862  -0.00373388  0.000947671  0.0904213  0.382006  -0.00560833  
0.0122879  -0.00401559  0.00096359  0.0920441  0.423585  -0.0525116  
0.0122662  -0.00382174  0.00096359  0.097884  0.403874  -0.0225917  
0.0122328  -0.00370301  0.00096359  0.100894  0.410661  -0.0283639  
0.0123721  -0.00434046  0.000963589  0.0980897  0.402953  -0.0225885  
0.0127319  -0.00418695  0.00096359  0.0967708  0.39929  -0.0481071  
0.012153  -0.00421413  0.00096359  0.096072  0.405724  -0.0210217  
0.0126788  -0.00380975  0.00096359  0.0881743  0.391883  -0.00747495  
0.0126788  -0.00392353  0.00062702  0.0735637  0.428772  -0.00259463  
0.0133899  -0.00398407  0.00096359  0.0880572  0.392429  -0.010249  
0.0129046  -0.00401426  0.00096359  0.0847992  0.428747  -0.0100915  
0.0133899  -0.00423474  0.00096359  0.0898512  0.392334  -0.0102847  
0.0125704  -0.00414325  0.00096359  0.0873654  0.428722  -0.0130204  
0.0128553  -0.00428261  0.00096359  0.0885513  0.356553  -0.00204557  
0.0124317  -0.00401174  0.0010601  0.0874528  0.410031  0.0120566  
0.0132321  -0.00436142  0.00096359  0.0795951  0.377964  0.0198608  
0.0129013  -0.00419349  0.00096359  0.0828659  0.414384  0.0212068  
0.0134948  -0.00422402  0.00107928  0.0846255  0.379564  0.0248228  
0.0128968  -0.0042061  0.00096359  0.0758252  0.42382  0.0102743  
0.0135314  -0.00406991  0.00096359  0.0740736  0.368  0.0215226  
0.0133184  -0.00414446  0.00096359  0.066766  0.419164  -0.0113067  
0.0145149  -0.00436991  0.000329556  0.057986  0.410128  -0.0510305  
0.0142061  -0.0042357  0.000399569  0.0610095  0.422412  -0.023753  
0.0139984  -0.00383901  0.000399569  0.0596962  0.416968  -0.0141491  
0.014692  -0.00414528  0.000399569  0.0640726  0.392782  0.0034687  
0.0142544  -0.00428818  0.000399569  0.0623519  0.43524  -0.0150106  
0.0141961  -0.00473916  0.000399569  0.0802629  0.371118  0.0293501  
0.0140038  -0.004087  0.000399569  0.0649631  0.442819  0.0239411  
0.0144968  -0.00400574  0.000399569  0.0619894  0.375025  0.0421779  
0.014042  -0.00422181  0.000399569  0.0634498  0.451602  0.0144477  
0.0142847  -0.00421909  0.000399569  0.0765406  0.386909  0.00839606  
0.0141277  -0.00390002  0.00039957  0.0669142  0.401834  0.0396168  
0.0139159  -0.00391549  0.00039957  0.0556156  0.416419  0.0382279  
0.0140165  -0.0038675  0.00039957  0.0644835  0.400878  0.0543411  
0.0139489  -0.00424917  0.00039957  0.0818773  0.418211  0.0386894  
0.014498  -0.00406523  0.00039957  0.0745924  0.377511  0.0402199  
0.0142296  -0.00394769  0.000329672  0.0612964  0.446353  0.0118799  
0.0160547  -0.00379625  0.00039957  0.0620437  0.431017  0.0261216  
0.0164088  -0.00317089  0.00039957  0.0414672  0.493539  -0.0422169  
0.0171743  -0.00298474  0.00039957  0.0524708  0.519671  0.0076293  
0.0166638  -0.0023243  0.000822494  0.13148  0.478538  0.010105  
0.0169892  -0.00282579  0.000603839  0.124437  0.284441  -0.232389  
0.0144277  -0.00469478  0.00130737  0.186879  0.285239  -0.30221  
0.0125489  -0.0083866  0.00426989  0.273475  0.345474  -0.442481  
0.0118751  -0.00863365  0.00443974  0.279607  0.543074  -0.311727  
0.0139017  -0.00728847  0.00422967  0.243431  0.537665  -0.331611  
0.0153687  -0.00653718  0.00320402  0.198981  0.526952  -0.307953  
0.0166232  -0.00629453  0.00283457  0.17744  0.537619  -0.241836  
0.018139  -0.00622897  0.00279996  0.161958  0.500014  -0.246016  
0.017885  -0.00639824  0.00284766  0.160363  0.516907  -0.255968  
0.0184541  -0.00622844  0.00255799  0.15583  0.506047  -0.287173  
0.0189063  -0.00620747  0.00248165  0.156539  0.506013  -0.278974  
0.0187597  -0.00588854  0.00198901  0.166352  0.521601  -0.254741  
0.0182201  -0.00574973  0.00212167  0.167316  0.4708  -0.20186  
0.0183755  -0.00610443  0.00198901  0.173196  0.487116  -0.18304  
0.0182856  -0.00582798  0.00187046  0.15801  0.455646  -0.191202  
0.0183264  -0.00578907  0.00179798  0.157658  0.492438  -0.18378  
0.0185954  -0.00565793  0.00175632  0.141618  0.45001  -0.144094  
0.018067  -0.00568918  0.00177976  0.143959  0.505646  -0.182942  
0.0185377  -0.00557696  0.0019202  0.133834  0.456033  -0.165834  
0.0181837  -0.00546372  0.00182463  0.127704  0.513708  -0.177317  
0.018794  -0.0052944  0.00151735  0.128624  0.474545  -0.148023  
0.0184166  -0.00523495  0.00151736  0.129007  0.511525  -0.155909  
0.0187675  -0.00516136  0.00151735  0.135074  0.479178  -0.128063  
0.0182057  -0.00536508  0.00151735  0.133196  0.505871  -0.149305  
0.0182484  -0.00508045  0.00151735  0.134999  0.485546  -0.149257  
0.018054  -0.00490575  0.00151735  0.119207  0.503573  -0.12081  
0.0180565  -0.00490904  0.00151735  0.117167  0.49313  -0.130827  
0.0181691  -0.00478363  0.00151735  0.107992  0.521666  -0.0926326  
0.0182151  -0.00482139  0.00151735  0.108018  0.487085  -0.104546  
0.0181762  -0.00465261  0.00151735  0.108866  0.521673  -0.0915443  
0.0185617  -0.00453514  0.00151735  0.109868  0.505538  -0.116063  
0.0179554  -0.00479485  0.00151735  0.113743  0.525  -0.115885  
0.0182692  -0.0048502  0.00151735  0.112924  0.473932  -0.102289  
0.0174903  -0.00464052  0.00151735  0.109437  0.506668  -0.0874702  
0.0179161  -0.00448519  0.0013421  0.106574  0.470575  -0.0886695  
0.0178792  -0.00429855  0.001115  0.102825  0.521706  -0.0831612  
0.01821  -0.00436998  0.00109791  0.091932  0.484598  -0.101011  
0.0180257  -0.00405758  0.0010979  0.088548  0.544766  -0.0825167  
0.018582  -0.00456617  0.0010979  0.0994479  0.482865  -0.0924221  
0.0179147  -0.00452557  0.00135877  0.0999335  0.543075  -0.0889549  
0.0184721  -0.00471765  0.00149702  0.116128  0.493298  -0.0824837  
0.0171873  -0.0051839  0.00183051  0.128319  0.545356  -0.0562915  
0.0182308  -0.00510239  0.00150545  0.113883  0.542935  -0.119369  
0.0177683  -0.00535121  0.00205272  0.140215  0.607555  -0.124575  
0.0185067  -0.00507781  0.00182293  0.130754  0.55703  -0.124836  
0.0177163  -0.00492072  0.00182293  0.133131  0.616871  -0.127039  
0.0183536  -0.00462216  0.00182293  0.11407  0.522792  -0.0824327  
0.0185198  -0.00480494  0.00136398  0.106466  0.592711  -0.12209  
0.0184461  -0.0044574  0.00136398  0.112785  0.522929  -0.12665  
0.0185948  -0.00470374  0.00136398  0.107824  0.566138  -0.0951584  
0.018678  -0.00466821  0.00136398  0.105682  0.523977  -0.104065  
0.0179809  -0.00466534  0.00136398  0.109791  0.566143  -0.11563  
0.0186424  -0.00438771  0.00136398  0.0975466  0.519514  -0.0792771  
0.0183267  -0.00468506  0.00136398  0.112163  0.556872  -0.0922997  
0.0185962  -0.00475571  0.00136398  0.116999  0.534719  -0.0669132  
0.0182395  -0.00473716  0.00136398  0.111174  0.545757  -0.0800839  
0.0185221  -0.00487518  0.0014797  0.118427  0.535719  -0.0729114  
0.0182563  -0.00491308  0.00169012  0.109896  0.547073  -0.0575735  
0.0183566  -0.00490114  0.00136398  0.113955  0.5065  -0.0652312  
0.0182193  -0.00486682  0.00136398  0.109717  0.546357  -0.0651344  
0.0185464  -0.00479087  0.00174695  0.10848  0.523336  -0.0514953  
0.0178969  -0.0048463  0.00150962  0.115017  0.553726  -0.0650063  
0.0183219  -0.00481424  0.00147913  0.114838  0.502561  -0.0391023  
0.017641  -0.00475191  0.00136398  0.113077  0.553745  -0.0648731  
0.0177756  -0.00510924  0.00184399  0.121333  0.512564  -0.0446268  
0.0178603  -0.00484278  0.00169826  0.119488  0.549775  -0.0887284  
0.018456  -0.00510724  0.00144923  0.122613  0.494286  -0.132987  
0.0182407  -0.0047488  0.00136398  0.12694  0.529445  -0.122853  
0.0183918  -0.0050555  0.00152512  0.123968  0.492885  -0.129437  
0.0179016  -0.00495899  0.00136398  0.127819  0.529478  -0.147815  
0.0180928  -0.0047401  0.00136398  0.12753  0.500711  -0.124301  
0.0183668  -0.00469083  0.00136398  0.128117  0.515841  -0.139317  
0.0179475  -0.00431266  0.00136398  0.122653  0.529471  -0.112312  
0.0143064  -0.00332261  -0.000607825  0.0300533  0.2512  0.0595078  
0.0173219  -0.00266872  0.000441901  0.0634195  0.481049  0.0757531  
0.0181349  -0.00348943  0.000512068  0.0868606  0.475396  0.0368733  
0.0184046  -0.00380485  0.000428628  0.119708  0.472161  -0.0170914  
0.0170683  -0.00404692  0.000730818  0.120922  0.483578  0.0020346  
0.0172841  -0.00465336  0.000586083  0.128787  0.424051  0.00847102  
0.0168297  -0.00465412  0.00118575  0.141259  0.501633  0.025816  
0.0184957  -0.00442664  0.00107652  0.124228  0.422663  0.00832259  
0.0180293  -0.00324266  0.00118368  0.0788842  0.453298  -0.0468003  
0.0194995  -0.00300373  0.000268068  0.0344433  0.432471  -0.196068  
