0.0426884  -0.000976093  0.00222486  0.240045  -0.0886731  1.82577  
0.0422617  -0.0011568  0.00205185  0.241406  -0.0846353  1.81093  
0.0422391  -0.00129572  0.0021629  0.234401  -0.100667  1.81862  
0.0423375  -0.00127253  0.00221336  0.23758  -0.0851966  1.82034  
0.0419549  -0.000961063  0.00207332  0.236477  -0.0857368  1.80907  
0.0418987  -0.00180552  0.00200838  0.244366  -0.0800051  1.77857  
0.0409137  -0.00162421  0.00182606  0.24744  -0.0960973  1.77594  
0.0392767  -0.00113251  0.00212605  0.241319  -0.0898612  1.81902  
0.0395146  -0.000899629  0.00194803  0.241069  -0.084079  1.79846  
0.0394631  -0.000944279  0.00204896  0.245167  -0.114645  1.78911  
0.0386479  -0.00157725  0.0023272  0.25025  -0.12146  1.8115  
0.0384027  -0.00189052  0.00254985  0.242137  -0.0776501  1.83092  
0.0378671  -0.00133488  0.00263713  0.232783  -0.0817002  1.83564  
0.0373051  -0.00151175  0.00272315  0.231395  -0.124448  1.81616  
0.037855  -0.0010248  0.00251924  0.241044  -0.113161  1.81326  
0.03779  -0.00087678  0.00251923  0.246862  -0.0788209  1.80317  
0.0367076  -0.000956212  0.00226924  0.251093  -0.0849334  1.71662  
0.0361658  -0.000728526  0.00234894  0.243104  -0.0983851  1.76129  
0.0364627  -0.000630681  0.00236391  0.240616  -0.106417  1.76477  
0.0362865  -0.000780955  0.00217161  0.250136  -0.0556098  1.70718  
0.0353756  -0.000386565  0.00230715  0.259922  -0.0310395  1.68131  
0.0358237  -0.000773714  0.00242336  0.254551  -0.0617559  1.70375  
0.0355808  -4.33613e-05  0.00282577  0.217879  -0.0843907  1.65585  
0.0351802  -3.62013e-05  0.00229285  0.219907  -0.0555218  1.65671  
0.0343321  -0.000107868  0.00234021  0.227056  -0.114078  1.65406  
0.0335842  4.00084e-05  0.00238587  0.218675  -0.0498523  1.64297  
0.0334023  -0.000240178  0.00339826  0.199302  -0.0733109  1.65127  
0.0337305  -0.000137655  0.00213956  0.22292  -0.110483  1.61755  
0.0342209  -0.00109789  0.00227478  0.219366  -0.0526692  1.61188  
0.0348011  -0.00103118  0.00227478  0.218526  -0.0653405  1.6181  
0.0343015  -0.000726423  0.00189851  0.225946  -0.0725221  1.58751  
0.0343288  -0.000944976  0.00198189  0.226156  -0.0294249  1.58014  
0.0336657  -0.00062108  0.00216371  0.227041  -0.0462758  1.6113  
0.033515  -0.0010957  0.00211065  0.231129  -0.0496074  1.59308  
0.0330359  -0.000834374  0.00216371  0.226835  -0.0527576  1.56826  
0.0328759  -0.000977292  0.00216371  0.22267  -0.0554012  1.58698  
0.0331264  -0.00105841  0.00216371  0.222329  -0.0171231  1.60069  
0.0328459  -0.00103075  0.00298422  0.212122  -0.0302396  1.58331  
0.0331289  -0.000799713  0.00216371  0.221131  -0.0834846  1.5652  
0.0331529  -0.0012897  0.00313436  0.197641  -0.050082  1.57852  
0.0328282  -0.00105827  0.0029268  0.207351  -0.0352632  1.5923  
0.0328327  -0.00134703  0.0029162  0.208233  -0.0731926  1.59528  
0.0326621  -0.00128314  0.00312576  0.196677  -0.0262145  1.58083  
0.0331976  -0.00129551  0.0030542  0.196393  -0.0647296  1.57821  
0.0329258  -0.00133094  0.00290226  0.200452  -0.0493523  1.56758  
0.0327483  -0.00140284  0.00263159  0.199135  -0.0560345  1.58138  
0.0326123  -0.00142743  0.0028356  0.191014  -0.0516979  1.56706  
0.0325731  -0.00138761  0.00244325  0.197539  -0.0584853  1.54702  
0.0323893  -0.00173948  0.00269852  0.193791  -0.0243259  1.57738  
0.0320282  -0.00129829  0.00235057  0.197538  -0.0693915  1.56106  
0.0322808  -0.00174435  0.00225936  0.201583  -0.0530565  1.56299  
0.0318218  -0.00151283  0.00237847  0.200263  -0.0584873  1.53793  
0.0321464  -0.00147178  0.00224432  0.196753  -0.00405509  1.53395  
0.0327786  -0.00152584  0.00196825  0.204944  -0.0457118  1.53685  
0.032923  -0.00155546  0.00165536  0.214376  -0.0457867  1.5338  
0.0327438  -0.00185273  0.00203664  0.208741  -0.0428888  1.53423  
0.0326421  -0.00189786  0.00251213  0.198816  -0.0277727  1.53818  
0.0322611  -0.0021752  0.00263159  0.200687  -0.00872563  1.551  
0.0319261  -0.00210824  0.0025835  0.194022  -0.033894  1.53811  
0.0325883  -0.00199562  0.00191495  0.209006  -0.0144057  1.49353  
0.0326736  -0.00280102  0.0023936  0.195716  -0.0272406  1.51851  
0.0324267  -0.0026457  0.00247138  0.196859  -0.00826652  1.51201  
0.0329498  -0.00246719  0.00245847  0.188037  0.00227582  1.52976  
0.0330203  -0.00224438  0.00190768  0.198748  -0.0171154  1.51105  
0.0330545  -0.00249415  0.00220847  0.190114  -0.000558354  1.47672  
0.0335603  -0.00267195  0.00236207  0.195791  0.0201478  1.49097  
0.0327903  -0.00261799  0.00272173  0.184502  0.00388034  1.49782  
0.0328448  -0.00257911  0.00280813  0.172394  -0.00380278  1.49005  
0.0329555  -0.00222405  0.00284767  0.161316  0.0205154  1.45796  
0.0326609  -0.00247702  0.00239441  0.167978  0.00934628  1.46427  
0.032478  -0.0024674  0.00236278  0.172783  -0.0381348  1.4449  
0.0325133  -0.00235215  0.00239031  0.17269  0.0310575  1.43116  
0.0325913  -0.00258213  0.00245701  0.172907  0.0147047  1.43544  
0.0322259  -0.00245394  0.00228694  0.176384  -0.00106879  1.42092  
0.0327702  -0.00249389  0.00243028  0.171877  0.0366548  1.40985  
0.0328981  -0.00257764  0.00261515  0.16714  0.061867  1.41981  
0.0329039  -0.00213055  0.00251042  0.174431  -0.0199791  1.38479  
0.0329578  -0.00245396  0.00244451  0.169291  0.0506916  1.39344  
0.0327938  -0.00242057  0.00252789  0.171682  -0.0280901  1.38872  
0.0322122  -0.00208449  0.0025964  0.168302  0.027118  1.38698  
0.0319833  -0.0022951  0.00267708  0.165828  0.0627374  1.3898  
0.0323245  -0.00223609  0.00276012  0.164157  0.0236932  1.38985  
0.0328049  -0.00246584  0.00249792  0.174754  0.0195315  1.38987  
0.0327026  -0.00232014  0.00272191  0.168553  0.0395374  1.38989  
0.0323595  -0.00220333  0.00266605  0.174512  0.031974  1.38543  
0.0322303  -0.00225686  0.00267687  0.174508  0.0135859  1.39801  
0.0320095  -0.00177363  0.00244009  0.181993  -0.015397  1.36738  
0.0321057  -0.00168634  0.00249806  0.176295  0.00265549  1.35277  
0.0319614  -0.00188682  0.00230327  0.188492  0.0352849  1.36191  
0.0320775  -0.00201767  0.00269253  0.178237  0.0245947  1.36843  
0.0318192  -0.00196129  0.00260239  0.180975  0.0427467  1.35575  
0.0312576  -0.00186468  0.0027979  0.17416  0.0529223  1.35066  
0.031977  -0.00202147  0.00282534  0.172827  0.00559127  1.34517  
0.0321147  -0.00242382  0.00288507  0.169693  0.0288151  1.37126  
0.0318681  -0.00228042  0.0026041  0.173166  0.0298467  1.36114  
0.0321034  -0.00256407  0.00277033  0.167415  0.0327322  1.35856  
0.031199  -0.00185135  0.00297463  0.169206  0.0225671  1.35066  
0.0311364  -0.00186224  0.00270096  0.164789  0.00135002  1.35053  
0.0310475  -0.00172143  0.00277033  0.163834  0.00579717  1.33363  
0.0314423  -0.0010196  0.00284163  0.156709  0.0159314  1.29692  
0.0316207  -0.00172514  0.00279256  0.155331  0.0727043  1.32185  
0.0316652  -0.00161223  0.00274513  0.153562  0.0305397  1.33181  
0.0316391  -0.00173626  0.00287164  0.155609  0.0265854  1.32105  
0.0316761  -0.00196077  0.00296869  0.151379  0.0600106  1.31366  
0.031169  -0.00190062  0.00281971  0.153475  0.0241693  1.31889  
0.0313353  -0.00167139  0.00229146  0.169276  0.0188377  1.30341  
0.0313674  -0.00187084  0.00268323  0.16657  0.0403776  1.30082  
0.0311604  -0.0019426  0.00264115  0.15154  0.0485979  1.28508  
0.0314603  -0.00232629  0.0025633  0.153703  0.0474187  1.28428  
0.0316924  -0.00219701  0.00273845  0.139333  0.00865036  1.30476  
0.0313701  -0.00209234  0.00275319  0.14538  0.0380061  1.30093  
0.0316608  -0.00203873  0.0026897  0.139589  0.0325255  1.28522  
0.0316109  -0.00177315  0.002443  0.137409  0.000596929  1.26741  
0.0315259  -0.00187106  0.00242607  0.14515  0.0540849  1.27511  
0.0316156  -0.00203884  0.00220331  0.148133  -0.00758483  1.28924  
0.0312797  -0.00210974  0.00245261  0.14633  0.0736707  1.28606  
0.0311042  -0.00210324  0.00249269  0.139206  0.0532896  1.28086  
0.0311071  -0.00185333  0.00247223  0.141999  0.0248139  1.28164  
0.0308373  -0.00182943  0.00237336  0.149072  0.028023  1.26578  
0.0307782  -0.00174486  0.00266792  0.14192  0.0778778  1.30193  
0.030809  -0.00188551  0.00249916  0.144423  -0.00151036  1.27737  
0.0310807  -0.00188349  0.00257466  0.138519  0.0642008  1.26195  
0.0310985  -0.0019476  0.00271308  0.134529  0.00854613  1.27263  
0.0310867  -0.00185904  0.00263875  0.136655  0.0394388  1.25073  
0.0309222  -0.00195832  0.00278728  0.133337  0.0489821  1.26413  
0.0307649  -0.00187579  0.00271981  0.125652  0.00576686  1.26097  
0.0307609  -0.00178315  0.00280968  0.12873  0.0406526  1.21492  
0.0308452  -0.00199699  0.00271175  0.125289  0.0438009  1.2263  
0.0310853  -0.00225503  0.00250576  0.132053  0.049373  1.23086  
0.0312131  -0.00189983  0.0027691  0.135425  0.0233833  1.2098  
0.0313534  -0.00189786  0.00280583  0.135421  0.0410246  1.22846  
0.0313357  -0.001997  0.00262094  0.13555  0.0453086  1.2216  
0.0318555  -0.00169278  0.00278489  0.135312  0.0242847  1.2128  
0.0323727  -0.00164943  0.00268537  0.135317  0.0724737  1.21285  
0.0319554  -0.00166359  0.00285153  0.135215  0.048295  1.20754  
0.031342  -0.0015786  0.00290099  0.128297  0.046193  1.21321  
0.0316445  -0.00175734  0.00263566  0.128005  0.0530636  1.1965  
0.0315778  -0.0015627  0.00257741  0.133187  0.00153375  1.19415  
0.031289  -0.00188431  0.00248309  0.135501  0.0538542  1.1761  
0.0313242  -0.00177178  0.00275433  0.118107  0.0499883  1.15694  
0.0315964  -0.00262967  0.00222979  0.11664  0.0065683  1.1517  
0.0323983  -0.00243527  0.00204086  0.142459  -0.00573559  1.12078  
0.0324393  -0.0026088  0.00201351  0.133231  0.0700046  1.09057  
0.0327475  -0.002836  0.00209367  0.122497  0.0587377  1.09235  
0.0334576  -0.00220757  0.00222306  0.129434  0.0398949  1.10492  
0.0331733  -0.00265002  0.00229298  0.118609  0.0802553  1.1259  
0.0330714  -0.00282667  0.00218979  0.131361  0.0723526  1.11767  
0.0328938  -0.00251643  0.00226897  0.130167  0.0423244  1.11347  
0.0327125  -0.00233159  0.00235834  0.126806  0.0521609  1.1159  
0.0327435  -0.0023057  0.00194935  0.127413  0.0407528  1.10395  
0.0325005  -0.00262466  0.0020818  0.122726  0.0252956  1.09483  
0.0326357  -0.00251691  0.00212984  0.125641  0.0424768  1.04941  
0.032214  -0.00263968  0.00225049  0.115548  0.0799958  1.08727  
0.0327481  -0.00232836  0.00166745  0.126274  0.00390109  1.03653  
0.0323737  -0.00178302  0.00129757  0.149341  0.0745614  0.978617  
0.0320485  -0.00253727  0.00160898  0.131427  0.0978042  0.974287  
0.0317934  -0.00218335  0.00189748  0.123229  0.0278703  0.970237  
0.0324587  -0.00235194  0.00186246  0.120431  0.078081  1.00858  
0.0320964  -0.00198715  0.00160736  0.128533  0.0988481  0.968564  
0.0318167  -0.00192384  0.000668481  0.125717  0.0419577  0.958304  
0.0326532  -0.0021835  0.00123453  0.120496  0.0746477  0.976921  
0.0317143  -0.00177447  0.000735504  0.142276  0.0718762  0.917851  
0.0317752  -0.00154304  0.000437306  0.132135  0.0918018  0.901138  
0.0329517  -0.00147466  0.000379423  0.131478  0.0653677  0.927656  
0.0327287  -0.000770228  0.000141466  0.140871  0.125873  0.886307  
0.033013  -0.000535505  0.000100268  0.148509  0.148551  0.871377  
0.0323826  -0.000561132  4.51805e-05  0.153532  0.110805  0.857191  
0.0319078  -0.00078945  -3.72626e-05  0.140901  0.10562  0.843038  
0.0316159  -0.000844333  -2.79079e-05  0.149478  0.153399  0.835737  
0.0317243  -0.00133184  -0.000239351  0.149112  0.140145  0.80313  
0.0313491  -0.00112293  -0.000368274  0.153054  0.135314  0.771247  
0.0307744  -0.00105193  -0.000234733  0.142864  0.164004  0.763194  
0.0317234  -0.00123499  -0.000368274  0.152003  0.139766  0.780303  
0.0323166  -0.00150593  -0.000368274  0.142228  0.187416  0.760478  
0.0326188  -0.00147624  -0.000368274  0.143282  0.134967  0.759518  
0.0318329  -0.00130419  -0.000230577  0.144963  0.174383  0.770217  
0.0316881  -0.00151514  -0.000545791  0.148161  0.149985  0.757129  
0.0313958  -0.00187755  -0.000481664  0.144518  0.120643  0.725154  
0.0312949  -0.00218762  -0.000442215  0.143063  0.128576  0.743404  
0.0305695  -0.00146043  -0.000268903  0.141491  0.13131  0.708789  
0.0306509  -0.00158778  -0.000409542  0.142262  0.183743  0.685903  
0.0317698  -0.00217503  -0.00100821  0.129224  0.146475  0.678367  
0.0308091  -0.0024179  -0.000894001  0.140452  0.169191  0.663021  
0.03144  -0.00173208  -0.000328209  0.142988  0.195841  0.674792  
0.0310599  -0.00152002  -0.000347133  0.144838  0.16421  0.707398  
0.0312186  -0.00179175  -0.000155671  0.145949  0.180858  0.692087  
0.0316458  -0.00181815  -0.000225118  0.151859  0.189101  0.670869  
0.0319622  -0.00169853  -0.000275153  0.144478  0.165965  0.695127  
0.0320467  -0.00170257  -0.000148238  0.140096  0.231176  0.700448  
0.0315262  -0.00157482  -0.000225118  0.142063  0.200628  0.641224  
0.0313128  -0.00190422  -0.000313837  0.139949  0.193734  0.641914  
0.0315365  -0.00172908  -0.000572796  0.135595  0.204412  0.630377  
0.031597  -0.00205315  -0.000894048  0.13991  0.207916  0.62828  
0.0316168  -0.00170473  -0.000475118  0.140159  0.217984  0.628838  
0.030824  -0.00203696  -0.00057865  0.143715  0.209593  0.598124  
0.0306253  -0.00249594  -0.000897536  0.128936  0.222736  0.54341  
0.0288345  -0.00309279  -0.00130666  0.128348  0.201366  0.534108  
0.0290874  -0.0027486  -0.000791603  0.146406  0.203125  0.498068  
0.0291735  -0.00270559  -0.000551537  0.142887  0.244172  0.524297  
0.0290304  -0.00225005  -0.000766542  0.146113  0.211556  0.522541  
0.0280236  -0.00177945  -0.000551537  0.154152  0.227039  0.515311  
0.0279225  -0.00195017  -0.00070556  0.150655  0.218253  0.51531  
0.0276035  -0.00232292  -0.00103006  0.13686  0.241414  0.485893  
0.0280961  -0.00213744  -0.000968614  0.136363  0.223513  0.480476  
0.0279996  -0.00211541  -0.00161522  0.125676  0.198037  0.485856  
0.0274023  -0.00202427  -0.00160837  0.128891  0.234538  0.455793  
0.0273908  -0.00175914  -0.00108939  0.138771  0.220148  0.463984  
0.0267789  -0.00178394  -0.000968615  0.13985  0.206404  0.460962  
0.0276044  -0.0016188  -0.00119086  0.137492  0.219797  0.448445  
0.0277016  -0.00202124  -0.00176393  0.123616  0.215846  0.460826  
0.0273142  -0.00130239  -0.000968615  0.137996  0.238793  0.46255  
0.0267156  -0.00187042  -0.00152356  0.125641  0.235152  0.470104  
0.0272181  -0.00224821  -0.00174805  0.119068  0.188327  0.471001  
0.0267105  -0.00206473  -0.00147718  0.119723  0.252915  0.47529  
0.0264079  -0.00243366  -0.00207426  0.104434  0.22118  0.465393  
0.0259275  -0.00243366  -0.00201999  0.102898  0.220088  0.462587  
0.0254624  -0.00209126  -0.0018289  0.114466  0.209183  0.457471  
0.0251406  -0.00211344  -0.00207803  0.100476  0.230562  0.448545  
0.0252885  -0.00243366  -0.00216238  0.102687  0.217222  0.438711  
0.0259996  -0.00259115  -0.00220305  0.101673  0.180752  0.440554  
0.0249801  -0.00255586  -0.00203239  0.103109  0.236884  0.417215  
0.0248408  -0.00243366  -0.00190671  0.106947  0.233614  0.43196  
0.0250205  -0.00191482  -0.00222873  0.0950779  0.213937  0.405846  
0.0250223  -0.00194706  -0.00238186  0.0954758  0.214816  0.396654  
0.0249247  -0.00207299  -0.00215727  0.106393  0.214077  0.374582  
0.024934  -0.0023388  -0.00238861  0.0860864  0.226718  0.38142  
0.0270606  -0.00169403  -0.00302017  0.0615982  0.14999  0.418599  
0.0260801  -0.00194706  -0.0029349  0.0589148  0.239537  0.395695  
0.0255288  -0.00194707  -0.00295814  0.0538218  0.191306  0.3705  
0.024869  -0.00171264  -0.00314822  0.0483502  0.173935  0.392395  
0.0250374  -0.00194707  -0.00319237  0.0460035  0.153394  0.387305  
0.0257292  -0.00194707  -0.00314373  0.0437757  0.196443  0.372293  
0.0276475  -0.00219356  -0.0033693  0.0415297  0.181682  0.386749  
0.0252438  -0.00189886  -0.00333402  0.0368062  0.164599  0.385777  
0.024649  -0.00193646  -0.00307195  0.0395207  0.187709  0.36237  
0.0252436  -0.00199702  -0.00321742  0.0340872  0.196348  0.372208  
0.0258743  -0.00217401  -0.00314367  0.0394815  0.184967  0.387887  
0.0260491  -0.00189132  -0.00304449  0.0471595  0.188649  0.37705  
0.0254823  -0.00189195  -0.00317139  0.0328163  0.214235  0.365827  
0.0255746  -0.0018699  -0.00314357  0.0321235  0.198418  0.369216  
0.0255868  -0.00199822  -0.00317284  0.0307525  0.181395  0.364393  
0.0255363  -0.00181093  -0.00330812  0.0286809  0.180446  0.362593  
0.0245605  -0.0018825  -0.00341366  0.0242554  0.203713  0.372355  
0.0245878  -0.00182988  -0.0034496  0.0151117  0.188366  0.369337  
0.0248178  -0.00221549  -0.00357907  0.0180363  0.167477  0.346557  
0.0243764  -0.00198649  -0.00352998  0.020001  0.179119  0.321891  
0.0244763  -0.00187207  -0.00392924  0.000470602  0.16562  0.365838  
0.0232083  -0.00209392  -0.0035353  0.00897292  0.136596  0.329338  
0.0225573  -0.00214348  -0.00337577  0.00575005  0.172871  0.338098  
0.022888  -0.00199135  -0.00342718  0.00447382  0.159643  0.34149  
0.0228366  -0.00234678  -0.00331625  0.00690015  0.157947  0.356434  
0.023348  -0.00210935  -0.00339685  0.0114668  0.169774  0.331006  
0.0230314  -0.00214302  -0.00346958  0.00474483  0.193818  0.301355  
0.0242201  -0.00253181  -0.00361089  -0.000864967  0.209408  0.280844  
0.0247369  -0.00247785  -0.00366843  -0.00224678  0.152808  0.319482  
0.0234627  -0.00237529  -0.00353158  0.00179084  0.19035  0.306079  
0.0234659  -0.00221467  -0.00350422  0.0021075  0.180591  0.330856  
0.0235331  -0.00220296  -0.00342109  0.0029034  0.147043  0.343004  
0.0234017  -0.00244411  -0.00334445  0.00325985  0.176767  0.32225  
0.0233886  -0.00263734  -0.00335301  0.00763622  0.184196  0.337154  
0.0238475  -0.00259821  -0.00344347  0.00387766  0.159113  0.333587  
0.024747  -0.00299104  -0.00363242  0.00150193  0.166726  0.333601  
0.0236117  -0.00265856  -0.00359472  0.00342738  0.182289  0.312601  
0.0240557  -0.00246348  -0.00367531  -0.00499545  0.167992  0.311942  
0.0245521  -0.00238206  -0.00373819  -0.00497581  0.158744  0.312395  
0.0238511  -0.00243282  -0.0034752  -0.0115851  0.19617  0.327548  
0.0236997  -0.00242201  -0.00353638  -0.00592327  0.157981  0.308396  
0.0226365  -0.00216431  -0.0034368  -0.00444322  0.144215  0.275715  
0.0229968  -0.00250866  -0.00354468  -0.00497769  0.159305  0.300325  
0.0230788  -0.00250341  -0.00359165  -0.00552081  0.170407  0.292343  
0.0233666  -0.00248  -0.0035461  -0.00688123  0.141377  0.290626  
0.0229245  -0.00255399  -0.0035171  0.00067018  0.176057  0.281575  
0.0226878  -0.00271627  -0.00341083  0.0032064  0.175742  0.281221  
0.0231636  -0.00243516  -0.0034659  0.000848848  0.150615  0.286285  
0.0233727  -0.00239978  -0.00360159  0.0150177  0.150306  0.25836  
0.0227385  -0.00219656  -0.00331412  0.0187438  0.15713  0.241235  
0.0224073  -0.00229775  -0.00319222  0.0112116  0.148017  0.264432  
0.0232042  -0.00229514  -0.00325495  0.00703067  0.142272  0.279464  
0.0229968  -0.00222396  -0.00318468  0.00967648  0.148676  0.254526  
0.0226841  -0.00236102  -0.00331909  0.0134065  0.144359  0.241876  
0.023438  -0.00235454  -0.00351853  0.00425958  0.171174  0.23804  
0.0236299  -0.00236576  -0.00353875  0.00829586  0.15534  0.261065  
0.0230972  -0.00257286  -0.00372171  0.00915034  0.136449  0.243254  
0.02281  -0.00237133  -0.00360786  0.00958707  0.152749  0.226961  
0.022041  -0.00261941  -0.00361342  0.00166062  0.158591  0.224974  
0.0223878  -0.00262528  -0.00360795  -0.00414535  0.150679  0.240215  
0.0227499  -0.00242645  -0.00375081  0.00163936  0.132331  0.215756  
0.0222434  -0.00241047  -0.00359777  -6.54949e-05  0.178518  0.201126  
0.0230304  -0.00235385  -0.00353508  0.00335961  0.165334  0.235325  
0.0222772  -0.00215114  -0.00353767  -0.00495818  0.124381  0.230577  
0.0209522  -0.00244666  -0.00349736  -0.0114026  0.170511  0.225876  
0.020968  -0.00255869  -0.00349189  -0.00895077  0.15562  0.222233  
0.0218913  -0.00259294  -0.00378439  -0.0131357  0.123382  0.225867  
0.0213873  -0.00269033  -0.00358976  -0.00438031  0.157701  0.203688  
0.0213642  -0.00239097  -0.00350404  -0.0164456  0.172256  0.229156  
0.0212907  -0.00233755  -0.00360608  -0.0145382  0.128087  0.224897  
0.0215329  -0.00203443  -0.00367683  -0.0114173  0.14743  0.191015  
0.0216143  -0.00200995  -0.00364381  -0.00717436  0.185481  0.191417  
0.0225987  -0.00231283  -0.00358431  -0.013811  0.173831  0.194252  
0.0219847  -0.00251581  -0.0036451  -0.0108057  0.141727  0.194328  
0.0219704  -0.00207871  -0.00351753  -0.0110006  0.149607  0.194319  
0.0208774  -0.00230559  -0.00357182  -0.00998753  0.180438  0.200249  
0.0215838  -0.00211521  -0.00346187  -0.0144693  0.141138  0.211627  
0.0217704  -0.00210637  -0.00355422  -0.0140919  0.149893  0.199833  
0.0215656  -0.00214593  -0.00355684  -0.0140785  0.177499  0.190135  
0.0220418  -0.00223919  -0.00367883  -0.0179799  0.160222  0.170406  
0.0225843  -0.00235168  -0.00365869  -0.0233152  0.137693  0.188489  
0.0220863  -0.00194705  -0.0037825  -0.0237166  0.157956  0.173994  
0.0219052  -0.00211034  -0.00385973  -0.0301277  0.18001  0.176721  
0.0217603  -0.0020496  -0.00384964  -0.0283746  0.149937  0.18367  
0.0218726  -0.00211124  -0.00382212  -0.0288656  0.131459  0.178982  
0.0212587  -0.00221333  -0.00394512  -0.0204269  0.164883  0.15617  
0.020757  -0.00208746  -0.00384167  -0.028769  0.178173  0.164877  
0.0212212  -0.00219406  -0.00385775  -0.0214405  0.14816  0.157075  
0.0217416  -0.00178877  -0.00401159  -0.0148499  0.15478  0.13585  
0.0210703  -0.00184863  -0.00370412  -0.0226966  0.169998  0.137686  
0.0212008  -0.00189454  -0.00389526  -0.0207378  0.171627  0.137691  
0.0209782  -0.00195955  -0.00395632  -0.0256964  0.146519  0.150188  
0.0209594  -0.00187433  -0.00394131  -0.0256379  0.157515  0.13228  
0.021044  -0.0019833  -0.00390088  -0.026951  0.181783  0.0909257  
0.0215637  -0.00194566  -0.00386497  -0.0345472  0.164477  0.0909057  
0.0212441  -0.00170975  -0.00409306  -0.0387124  0.179153  0.0954032  
0.0211432  -0.00204256  -0.00408232  -0.0330603  0.16427  0.0909619  
0.021193  -0.00183221  -0.00400416  -0.0281967  0.137638  0.0877284  
0.0211589  -0.00165316  -0.00395164  -0.0351276  0.187365  0.116974  
0.0211183  -0.0016965  -0.00408202  -0.0393903  0.163466  0.111184  
0.0211177  -0.00189355  -0.00410324  -0.0399898  0.150253  0.0994509  
0.0211999  -0.00148015  -0.00421766  -0.0411498  0.157459  0.0911282  
0.0212059  -0.00170136  -0.0042182  -0.0418955  0.173622  0.0992347  
0.021335  -0.0018055  -0.00428274  -0.042242  0.159839  0.0984581  
0.0211315  -0.00147603  -0.00424204  -0.0387613  0.161481  0.10697  
0.0210324  -0.00171164  -0.00424468  -0.0465708  0.209075  0.0984627  
0.0213551  -0.00183719  -0.00403349  -0.0446967  0.137656  0.128228  
0.0215336  -0.001652  -0.00420633  -0.0453166  0.147649  0.150683  
0.0210221  -0.00174718  -0.0041755  -0.0592364  0.206321  0.148199  
0.0216282  -0.00135115  -0.00424153  -0.0580976  0.121351  0.13778  
0.0209373  -0.00139253  -0.00393832  -0.0492212  0.231964  0.149415  
0.0212613  -0.0013159  -0.00417526  -0.0501878  0.149114  0.104358  
0.0209732  -0.00132156  -0.00409938  -0.0407885  0.203164  0.0977542  
0.0213856  -0.00157432  -0.00401004  -0.0469021  0.168383  0.127462  
0.0212311  -0.0014102  -0.00411253  -0.0481496  0.176503  0.124696  
0.0204331  -0.00157956  -0.00400742  -0.0412531  0.183424  0.147558  
0.0209428  -0.00164931  -0.00404681  -0.0454871  0.162165  0.147506  
0.0209801  -0.00158717  -0.00417146  -0.0378981  0.169467  0.112574  
0.0214885  -0.00185897  -0.00412158  -0.0441494  0.152828  0.120825  
0.0209669  -0.0018184  -0.00407812  -0.0412692  0.168086  0.122614  
0.0211329  -0.00190471  -0.00396308  -0.0380511  0.215449  0.137027  
0.0213478  -0.0017464  -0.00406702  -0.0378138  0.137601  0.105499  
0.0209318  -0.00190754  -0.00403216  -0.0364088  0.175327  0.104596  
0.0206169  -0.00173493  -0.00402046  -0.0417308  0.149686  0.107201  
0.0208337  -0.00187496  -0.00391671  -0.0378494  0.166587  0.124773  
0.0206277  -0.00176334  -0.0039304  -0.0413395  0.142861  0.10718  
0.0206731  -0.00186712  -0.00409551  -0.0407861  0.156149  0.0909518  
0.0205276  -0.00186273  -0.00390101  -0.0386915  0.200116  0.123552  
0.0203055  -0.00218318  -0.00403745  -0.0372752  0.146242  0.12831  
0.0204512  -0.00210873  -0.00409088  -0.0373162  0.177158  0.112473  
0.0206969  -0.00251342  -0.00395595  -0.0372748  0.183875  0.135261  
0.0200069  -0.00260797  -0.00389024  -0.0341629  0.155097  0.121838  
0.0201894  -0.00263314  -0.00380772  -0.0278904  0.161485  0.0954556  
0.0198187  -0.00248852  -0.00392204  -0.0256626  0.179291  0.11295  
0.0203971  -0.00236843  -0.00398534  -0.0412228  0.167075  0.11371  
0.019358  -0.00246352  -0.0040104  -0.0448829  0.138333  0.0951089  
0.0190211  -0.00278775  -0.00408862  -0.0327861  0.13336  0.0973521  
0.0189772  -0.00271384  -0.00417653  -0.0285056  0.129662  0.0831186  
0.01952  -0.00272855  -0.00405995  -0.0284005  0.12214  0.071867  
0.019775  -0.00264065  -0.00411051  -0.0222225  0.170466  0.0951427  
0.0193828  -0.00288961  -0.00388692  -0.0262571  0.158501  0.118901  
0.0199394  -0.00273274  -0.00385803  -0.0272083  0.151688  0.084838  
0.0194166  -0.00276807  -0.0037684  -0.0274942  0.146114  0.147699  
0.0188935  -0.00293449  -0.00378978  -0.0235133  0.169589  0.151476  
0.019176  -0.00303442  -0.00393304  -0.017941  0.110353  0.101205  
0.0196022  -0.00264054  -0.00420665  -0.024765  0.146151  0.0813533  
0.0192897  -0.00275375  -0.00408403  -0.023127  0.163372  0.108311  
0.0187926  -0.00254431  -0.00405359  -0.0200723  0.120072  0.100948  
0.0185226  -0.00250526  -0.0041131  -0.0164414  0.11978  0.0991299  
0.0179684  -0.00213298  -0.00410131  -0.0206084  0.160399  0.0689576  
0.0196481  -0.00265871  -0.00395255  -0.0158382  0.190244  0.0869197  
0.02033  -0.00259496  -0.00417775  -0.0271406  0.136259  0.0728922  
0.0188731  -0.00250557  -0.00394442  -0.0255475  0.141022  0.0975347  
0.0179667  -0.00246096  -0.00407243  -0.0212738  0.14085  0.0905341  
0.0178107  -0.0025016  -0.00423032  -0.0353284  0.13774  0.0529623  
0.0171744  -0.00230702  -0.00412689  -0.0249847  0.130814  0.0839553  
0.0175045  -0.00219554  -0.00399504  -0.0306409  0.116541  0.0903533  
0.0179382  -0.00228417  -0.00411056  -0.0268056  0.117291  0.0580166  
0.0182108  -0.00227605  -0.00412825  -0.0270579  0.147801  0.0737363  
0.0188888  -0.00250015  -0.00445308  -0.0361694  0.131276  0.0259016  
0.0181382  -0.00227502  -0.00427632  -0.0328773  0.118224  0.018636  
0.0181915  -0.00242311  -0.00431418  -0.0313187  0.180458  0.0594709  
0.0184894  -0.00230698  -0.00420402  -0.0392388  0.134381  0.0726929  
0.0186144  -0.00233534  -0.00429979  -0.0381654  0.137289  0.0666302  
0.0183182  -0.00231677  -0.00422464  -0.0311417  0.132506  0.0523607  
0.0181872  -0.00226866  -0.00408569  -0.0324604  0.1539  0.0752445  
0.0184929  -0.00220699  -0.00418444  -0.0314515  0.134038  0.0462069  
0.0181584  -0.00226866  -0.00435161  -0.034549  0.127214  0.0465036  
0.0180964  -0.00204409  -0.00423976  -0.0340256  0.13364  0.0642326  
0.0181614  -0.00188459  -0.00416167  -0.0314572  0.152955  0.055797  
0.0175787  -0.00201519  -0.00411548  -0.0319401  0.14214  0.0757285  
0.0175967  -0.00214654  -0.00405835  -0.0338664  0.126425  0.0657517  
0.017446  -0.00241786  -0.00392803  -0.0360811  0.119875  0.0764307  
0.0174  -0.00233223  -0.00377927  -0.0306624  0.121357  0.0651551  
0.0182979  -0.00269907  -0.00384315  -0.0375535  0.154373  0.0627944  
0.017742  -0.00263005  -0.00387469  -0.0409993  0.122555  0.0666853  
0.0173462  -0.0023819  -0.00387815  -0.035563  0.105494  0.0763957  
0.0175621  -0.00217747  -0.00410344  -0.0318279  0.133348  0.055013  
0.0175499  -0.0022409  -0.00415411  -0.0372066  0.158694  0.0510286  
0.0179278  -0.00208965  -0.00414336  -0.0409029  0.119848  0.036617  
0.018058  -0.0022409  -0.00411992  -0.0378237  0.118828  0.0356207  
0.0173762  -0.00247054  -0.00404231  -0.042454  0.15616  0.0379433  
0.0180006  -0.0022409  -0.00411171  -0.0432448  0.100707  0.0449739  
0.0179907  -0.00220287  -0.0040815  -0.031155  0.110388  0.0447056  
0.017804  -0.00227714  -0.00410414  -0.0317678  0.140412  0.0459722  
0.0181267  -0.00240004  -0.00415812  -0.0341926  0.125896  0.0704128  
0.0177836  -0.00260401  -0.00405003  -0.0392729  0.118986  0.0592142  
0.0178494  -0.00259096  -0.00416258  -0.0383141  0.141495  0.0276006  
0.0184583  -0.00250788  -0.00426933  -0.0371569  0.134254  0.0341141  
0.0178714  -0.00267734  -0.00423977  -0.0340586  0.131762  0.0354481  
0.0179507  -0.00265463  -0.00395623  -0.0331859  0.10175  0.0330726  
0.0182743  -0.00263652  -0.00400214  -0.0348198  0.15384  0.0433315  
0.0184282  -0.00252365  -0.00405238  -0.0410512  0.147241  0.0520506  
0.018349  -0.00229811  -0.00400004  -0.0334135  0.112622  0.0311656  
0.0177861  -0.00242776  -0.00417538  -0.0347558  0.1863  0.0584359  
0.0183859  -0.00231885  -0.00424704  -0.0275342  0.114886  0.0464326  
0.0178379  -0.00224459  -0.0040899  -0.0286654  0.133491  0.0419792  
0.0175938  -0.00224976  -0.00393728  -0.0222866  0.154698  0.062323  
0.0184725  -0.00218796  -0.00406542  -0.0252755  0.121884  0.0512828  
0.0179838  -0.00236126  -0.00405536  -0.0285295  0.150279  0.0404295  
0.0178345  -0.00231633  -0.00389116  -0.04438  0.15403  0.0540607  
0.0183302  -0.00243208  -0.00385125  -0.0399875  0.145244  0.0582981  
0.017996  -0.0022529  -0.0038134  -0.0364938  0.117303  0.0437395  
0.0172702  -0.00216193  -0.00383052  -0.0333155  0.147658  0.0485831  
0.0175975  -0.00219599  -0.00371805  -0.0327663  0.149923  0.0589132  
0.0176118  -0.00216552  -0.00374169  -0.0296908  0.131462  0.0641435  
0.017629  -0.00218077  -0.00362981  -0.0280315  0.121381  0.0451536  
0.0177495  -0.00231457  -0.00364102  -0.0314073  0.167414  0.0670187  
0.0183739  -0.00231457  -0.00384175  -0.0274358  0.118105  0.0488161  
0.0179608  -0.00241518  -0.00373352  -0.0307863  0.180904  0.0655155  
0.0180078  -0.00224446  -0.00390315  -0.040094  0.118852  0.0342497  
0.0180505  -0.00235391  -0.00400047  -0.0353302  0.113827  0.0194737  
0.0174887  -0.00210067  -0.00386034  -0.0330287  0.125731  0.0463948  
0.0180215  -0.00222081  -0.00391544  -0.0418571  0.13586  0.0464569  
0.0183071  -0.00220895  -0.00386421  -0.0471471  0.129973  0.051161  
0.018738  -0.00215606  -0.0038989  -0.0359083  0.135121  0.0324062  
0.0183216  -0.0024455  -0.00385551  -0.0445004  0.171517  0.0505729  
0.0181982  -0.00232727  -0.00387074  -0.0485349  0.132837  0.0427926  
0.0180635  -0.0021345  -0.00394908  -0.0384404  0.118855  0.0427856  
0.0176235  -0.0020292  -0.00386289  -0.0465392  0.162954  0.0522347  
0.0182277  -0.0020292  -0.00394032  -0.0456346  0.118045  0.0428499  
0.0177779  -0.00198228  -0.00386384  -0.046089  0.136169  0.0506632  
0.0168714  -0.00202546  -0.00356948  -0.043995  0.141991  0.0546146  
0.0173347  -0.00202546  -0.00375601  -0.0410915  0.109148  0.0412831  
0.0171574  -0.00215579  -0.00381151  -0.0503095  0.097513  0.0554245  
0.0167495  -0.00190724  -0.00379943  -0.0403798  0.100292  0.0606393  
0.0167065  -0.00190724  -0.00356923  -0.0391931  0.123408  0.0567267  
0.0166339  -0.00190724  -0.00353824  -0.0403324  0.0978311  0.0825373  
0.016223  -0.00190724  -0.00375648  -0.0353353  0.0971127  0.0859201  
0.0164185  -0.00197538  -0.00362236  -0.0386324  0.122172  0.0633709  
0.0163684  -0.00200265  -0.00361281  -0.0396583  0.115816  0.0766031  
0.0160249  -0.00229164  -0.00380699  -0.0340712  0.0951955  0.0634933  
0.0159969  -0.00228424  -0.00361056  -0.0343323  0.0819686  0.0785577  
0.0153891  -0.00209716  -0.00372493  -0.0392715  0.0974108  0.0635865  
0.0147564  -0.00236747  -0.00378439  -0.0395511  0.112731  0.0791103  
0.0152782  -0.00200296  -0.0037749  -0.0405634  0.0722227  0.0941  
0.0153455  -0.00194002  -0.00362805  -0.0472936  0.129569  0.0682532  
0.0154397  -0.00187394  -0.00392386  -0.0558306  0.0661256  0.0946055  
0.0135539  -0.00206575  -0.00387332  -0.0490797  0.0941087  0.0788224  
0.0138505  -0.00233916  -0.00401153  -0.0563356  0.0997083  0.0623647  
0.0141643  -0.00237602  -0.00403758  -0.062293  0.091552  0.0793342  
0.0139052  -0.00220813  -0.00408364  -0.0611565  0.0859013  0.0782433  
0.0140295  -0.00218303  -0.00401743  -0.0602157  0.100925  0.0470517  
0.0139414  -0.00240602  -0.00391049  -0.0640436  0.110012  0.080579  
0.013742  -0.0023296  -0.004069  -0.0628417  0.083906  0.0624113  
0.0133748  -0.00223407  -0.00398166  -0.0563231  0.0815295  0.0615029  
0.0126958  -0.00200625  -0.00409712  -0.057074  0.0992879  0.0562261  
0.0122676  -0.0017018  -0.00380717  -0.0678556  0.0853563  0.0560902  
0.0125131  -0.00191395  -0.00395828  -0.0563055  0.0718322  0.0675353  
0.0121847  -0.00187799  -0.0040581  -0.0570389  0.0704681  0.0790738  
0.0122614  -0.0018347  -0.00395416  -0.0490148  0.0796871  0.0710892  
0.0130718  -0.0017336  -0.00394646  -0.057474  0.105815  0.105021  
0.012508  -0.0012289  -0.0037679  -0.0531146  0.0679727  0.0912573  
0.0116009  -0.00147303  -0.00390037  -0.0600595  0.0986074  0.0870159  
0.0119897  -0.00132066  -0.00393578  -0.0613342  0.0822652  0.0813126  
0.0122075  -0.00164382  -0.00387688  -0.0595304  0.0868518  0.0571077  
0.0119976  -0.0016322  -0.00397765  -0.0589006  0.0974402  0.0844418  
0.0125955  -0.00186742  -0.00388812  -0.0648861  0.0674416  0.080929  
0.0122013  -0.0016322  -0.00398529  -0.0615457  0.0643932  0.0737367  
0.0120592  -0.00163535  -0.00390925  -0.06104  0.0931422  0.0712018  
0.012365  -0.00174368  -0.00404076  -0.0664377  0.084521  0.0617796  
0.0127168  -0.00166319  -0.00387118  -0.0618123  0.0559081  0.0740391  
0.0122134  -0.00145464  -0.0037038  -0.064245  0.0983551  0.0582412  
0.012008  -0.00147122  -0.0038765  -0.0639123  0.0944105  0.0556998  
0.0124945  -0.00119657  -0.00377944  -0.0548677  0.0599864  0.0749721  
0.0119048  -0.00149085  -0.00392841  -0.0600674  0.105587  0.0624787  
0.012232  -0.00168125  -0.00392834  -0.0594234  0.0791485  0.0617859  
0.0127006  -0.00162152  -0.00381838  -0.0645548  0.0752332  0.0659087  
0.0122669  -0.0015025  -0.00367263  -0.059666  0.0769745  0.0400363  
0.0119335  -0.00168543  -0.00377606  -0.0606151  0.110702  0.0356139  
0.0126097  -0.00198804  -0.00382231  -0.0582777  0.0629579  0.0444522  
0.0123421  -0.00198299  -0.00372506  -0.0584554  0.0822895  0.0424248  
0.0119187  -0.00200377  -0.00370413  -0.0564279  0.0881853  0.0469439  
0.0127168  -0.00222301  -0.00380877  -0.0592764  0.0829723  0.0408656  
0.0136423  -0.002223  -0.0036656  -0.062321  0.0854018  0.0355269  
0.0131469  -0.00219019  -0.00370291  -0.0674029  0.0908303  0.0353635  
0.013533  -0.00219343  -0.00397405  -0.0694257  0.08519  0.0720033  
0.0121494  -0.00199512  -0.00382197  -0.0676667  0.0852159  0.0469799  
0.0123651  -0.00188454  -0.0037117  -0.0736756  0.123274  0.0394441  
0.013107  -0.00225707  -0.00387181  -0.0740896  0.100397  0.0402182  
0.0137203  -0.00193052  -0.00386121  -0.0688429  0.0590097  0.0459144  
0.013372  -0.00197735  -0.00392875  -0.0670994  0.119123  0.0373838  
0.0136169  -0.0021508  -0.00374356  -0.0689027  0.0902198  0.0433928  
0.0135958  -0.00236258  -0.00362803  -0.0639917  0.0798157  0.0251861  
0.0129224  -0.00221734  -0.00370238  -0.0622335  0.0827945  0.0186306  
0.0128046  -0.00232788  -0.00366376  -0.0603279  0.120196  0.055818  
0.0113455  -0.0022701  -0.0035119  -0.0670564  0.121115  0.0829885  
0.0119369  -0.00228025  -0.00346635  -0.0646093  0.0704746  0.0847677  
0.0119775  -0.0023187  -0.00340766  -0.0613962  0.0808821  0.0980111  
0.0121813  -0.00241597  -0.00325681  -0.062965  0.0873509  0.0943336  
0.0124335  -0.00259875  -0.00346664  -0.0674667  0.0816234  0.100844  
0.0116374  -0.00247632  -0.00332247  -0.0625047  0.1022  0.0904538  
0.0119095  -0.00254082  -0.00332563  -0.065836  0.0968138  0.0995202  
0.0124343  -0.00263423  -0.00334188  -0.0636188  0.0882918  0.10815  
0.0118188  -0.00282645  -0.00335177  -0.0634465  0.082437  0.114713  
0.0114714  -0.00257027  -0.00341632  -0.0585206  0.0771297  0.104726  
0.0112896  -0.00256618  -0.00342245  -0.0687405  0.0970723  0.114618  
0.0115276  -0.00258821  -0.00364085  -0.0671261  0.0742044  0.0919519  
0.0115715  -0.00240564  -0.00361297  -0.0648772  0.0882773  0.0850519  
0.0110413  -0.00225388  -0.00359216  -0.062777  0.0928505  0.106091  
0.0111065  -0.0024565  -0.00360531  -0.0652394  0.0847957  0.118059  
0.0112521  -0.00234968  -0.00360406  -0.0660138  0.075717  0.114265  
0.01094  -0.00224199  -0.00350734  -0.0679111  0.0905486  0.094968  
0.0108612  -0.00236272  -0.00354639  -0.0693289  0.091682  0.113461  
0.0110055  -0.00236078  -0.00365157  -0.0737744  0.0790889  0.123551  
0.0105957  -0.00220413  -0.00352693  -0.0699139  0.0694521  0.113174  
0.0104478  -0.00201181  -0.00348496  -0.069622  0.0889284  0.0939274  
0.0102736  -0.00217156  -0.00345505  -0.0715101  0.0976323  0.116895  
0.0105998  -0.00216393  -0.00346211  -0.0748222  0.0433746  0.0993836  
0.0101795  -0.00225396  -0.00335856  -0.0720084  0.0878532  0.0827031  
0.0106506  -0.00227088  -0.00328767  -0.0701849  0.0698029  0.093266  
0.0109614  -0.00194919  -0.00315892  -0.0690208  0.0427941  0.0915941  
0.0104194  -0.00215989  -0.00329213  -0.0577691  0.0726699  0.0937401  
0.0102031  -0.00216849  -0.0032563  -0.0597004  0.0819721  0.0963755  
0.0106615  -0.00207603  -0.00320618  -0.0655099  0.0697886  0.0961682  
0.0104908  -0.00192933  -0.00335523  -0.061324  0.0677771  0.101661  
0.00995895  -0.00165613  -0.00325596  -0.0577934  0.0751337  0.0990442  
0.00982474  -0.00166734  -0.00328536  -0.0623173  0.0703947  0.090887  
0.0103036  -0.00164488  -0.00345013  -0.0675011  0.0484152  0.110862  
0.0105415  -0.00164952  -0.00352653  -0.0660509  0.0620544  0.098475  
0.010021  -0.00149729  -0.00362184  -0.0675433  0.0648255  0.0905987  
0.0100345  -0.00158126  -0.00364271  -0.0729153  0.0711285  0.110757  
0.00982928  -0.00153184  -0.0035597  -0.0736757  0.0614651  0.114894  
0.00981724  -0.00183166  -0.00363744  -0.0673027  0.0652341  0.102396  
0.00983997  -0.00180807  -0.00377511  -0.0684924  0.0912072  0.0891815  
0.00969872  -0.00196677  -0.00373789  -0.0698816  0.0834665  0.102456  
0.00995869  -0.0019973  -0.00362264  -0.0740971  0.0502686  0.0926227  
0.00976218  -0.00186179  -0.00369457  -0.0633924  0.0754755  0.0794803  
0.00963094  -0.00190455  -0.00371045  -0.0680111  0.0799718  0.0845151  
0.00971107  -0.00183299  -0.00349066  -0.0667239  0.0577158  0.0725057  
0.0100421  -0.00183372  -0.0036263  -0.0804406  0.0476244  0.0736371  
0.00947014  -0.00200591  -0.00353847  -0.0702444  0.0886235  0.0732199  
0.00987956  -0.00213678  -0.00350119  -0.0741061  0.0672162  0.0772095  
0.0101818  -0.00173679  -0.003604  -0.0692887  0.0341772  0.0904262  
0.0100427  -0.00184063  -0.00346371  -0.0697441  0.0765274  0.0848317  
0.0101433  -0.00172143  -0.00334576  -0.0635032  0.0579971  -0.00792399  
0.0102538  -0.00217659  -0.0030956  -0.0743701  0.0289635  -0.141695  
0.0104682  -0.00240475  -0.0032606  -0.0759067  0.144465  0.000106257  
0.0104539  -0.00240342  -0.0031589  -0.0760114  0.101102  0.0127812  
0.0105157  -0.00236598  -0.00320922  -0.0729288  0.0654101  0.0140546  
0.00991259  -0.00245636  -0.00320394  -0.0740636  0.068302  0.02978  
0.0098438  -0.00229888  -0.00314453  -0.0729795  0.0561938  0.0154819  
0.00952392  -0.00236504  -0.00311503  -0.0782271  0.0802492  0.0213426  
0.00942847  -0.00232283  -0.00306481  -0.0777928  0.0478339  0.0357103  
0.00990541  -0.00233062  -0.00303324  -0.06405  0.034387  0.026185  
0.00916616  -0.00227197  -0.00291317  -0.0679424  0.0909525  0.048907  
0.00919225  -0.00208365  -0.00294183  -0.0740575  0.0622559  0.0615154  
0.00966719  -0.00196355  -0.00291979  -0.0642824  0.0323356  0.0389097  
0.0093366  -0.00226097  -0.00286303  -0.0681545  0.0936521  0.044189  
0.00926122  -0.00205519  -0.00288607  -0.067929  0.0609414  0.039793  
0.0090844  -0.00197614  -0.00286143  -0.0729109  0.0676521  0.0486788  
0.00901521  -0.0020915  -0.00280987  -0.0615551  0.0621695  0.0477661  
0.00893382  -0.00238096  -0.00258911  -0.0617314  0.0786257  0.044635  
0.00873025  -0.00243463  -0.00241502  -0.0600878  0.061043  0.0533167  
0.00857552  -0.00248029  -0.00242453  -0.0611771  0.0505568  0.0536679  
0.00890555  -0.00204127  -0.00243729  -0.0523495  0.0355038  0.0251945  
0.00887745  -0.00261095  -0.00275527  -0.0625897  0.0917643  0.0291848  
0.00900466  -0.00252731  -0.00268583  -0.0623752  0.045372  0.0492745  
0.00916907  -0.00209874  -0.00263262  -0.0604217  0.0591129  0.039056  
0.00887758  -0.00217093  -0.00267413  -0.0630023  0.069669  0.0349569  
0.00884924  -0.0022029  -0.00270391  -0.0686329  0.0802072  0.0409048  
0.00932136  -0.0022772  -0.0026891  -0.0557301  0.0343735  0.0398495  
0.00882939  -0.00231533  -0.00251006  -0.0606123  0.0922538  0.0389707  
0.00867261  -0.00229201  -0.00252905  -0.0663346  0.0578963  0.0501328  
0.00881522  -0.00227163  -0.00252903  -0.0654183  0.0370802  0.0482456  
0.00880011  -0.00226728  -0.00274373  -0.0592847  0.0541957  0.0325138  
0.00860959  -0.00191919  -0.00293885  -0.0685655  0.0638086  0.0169253  
0.00829692  -0.0016544  -0.00279011  -0.0696323  0.0738489  0.0152041  
0.00798534  -0.00151002  -0.00276102  -0.0680286  0.0605934  0.0307594  
0.00821076  -0.00150217  -0.00276753  -0.0544431  0.0501517  0.0451483  
0.00823199  -0.00153464  -0.00280396  -0.0560673  0.0541126  0.0360728  
0.00826973  -0.00133487  -0.00278754  -0.0624322  0.0781988  0.0453535  
0.00865248  -0.00130747  -0.00279388  -0.0660795  0.066531  0.044683  
0.00871737  -0.00107139  -0.0025986  -0.0676708  0.0599307  0.020683  
0.0084649  -0.00101164  -0.00271531  -0.0765472  0.0924656  0.0325202  
0.00859279  -0.00115754  -0.00262867  -0.0797626  0.0656278  0.0407811  
0.00882298  -0.000920033  -0.00264832  -0.0797729  0.051987  0.0487709  
0.00864547  -0.00109745  -0.00258329  -0.072655  0.0640122  0.0420261  
0.00861733  -0.00123781  -0.00259389  -0.0679185  0.0630781  0.0504031  
0.00890213  -0.00136812  -0.00275571  -0.062297  0.0464342  0.0320857  
0.00924618  -0.00132283  -0.0028213  -0.0610605  0.037709  0.0143394  
0.00871498  -0.00139788  -0.0028117  -0.0603773  0.0829972  0.00619493  
0.00914905  -0.00145594  -0.00279273  -0.0640149  0.0537715  0.0111902  
0.00898434  -0.00152333  -0.00270851  -0.0529612  0.0453616  0.00921513  
0.00869004  -0.0012736  -0.00278145  -0.0546514  0.0686798  0.00356048  
0.00928749  -0.00130741  -0.00274825  -0.0579686  0.0612388  0.000868109  
0.00888691  -0.0014648  -0.00294725  -0.0763624  0.0869809  0.00225912  
0.00920367  -0.00186733  -0.00282476  -0.074842  0.0616218  -0.0199244  
0.00916551  -0.00192903  -0.00294452  -0.074882  0.0619981  -0.0246758  
0.0089879  -0.00161131  -0.00283807  -0.0805848  0.0830527  -0.0162331  
0.00902397  -0.0020674  -0.0027965  -0.0924915  0.0537098  -0.00500539  
0.0088084  -0.00157473  -0.00296647  -0.0858537  0.0527473  -0.000559935  
0.00853394  -0.00124329  -0.0030271  -0.077813  0.0753955  -0.00662797  
0.00852846  -0.00158813  -0.00281833  -0.0778133  0.0726946  0.0134143  
0.00858622  -0.00143448  -0.00300641  -0.0755117  0.0544218  -0.000535293  
0.00939113  -0.00121946  -0.00290431  -0.0705605  0.0562333  -0.0248606  
0.00896591  -0.00126542  -0.00297416  -0.0783759  0.0795954  0.00773285  
0.00851108  -0.00144511  -0.00303393  -0.0809449  0.0602036  -0.00542669  
0.00867374  -0.00113957  -0.00307562  -0.085717  0.0617439  -0.0186487  
0.0081364  -0.00134848  -0.00308937  -0.0903672  0.0695742  -0.00721657  
0.00776719  -0.00128331  -0.00319187  -0.0849515  0.0767158  0.00558684  
0.00831039  -0.00086295  -0.00325224  -0.0848931  0.0397073  -0.00775925  
0.00792009  -0.00076171  -0.00314927  -0.0791637  0.0579391  -0.0232861  
0.00765088  -0.000753987  -0.00336344  -0.0838784  0.0661099  -0.00216667  
0.00800158  -0.000362067  -0.0031805  -0.0892555  0.0521672  -0.00485024  
0.00774279  -0.000352867  -0.00312423  -0.0750079  0.0672515  -0.0149114  
0.00776879  -0.000696465  -0.003205  -0.0684856  0.0749706  -0.0127111  
0.0076172  -0.000665602  -0.00327181  -0.0724943  0.0734477  -0.0229349  
0.00774577  -0.000594576  -0.00323992  -0.0853659  0.0537106  -0.0193564  
0.00775092  -0.000755119  -0.00314101  -0.0653781  0.0548644  -0.0501573  
0.0073626  -0.000636535  -0.00298221  -0.0765818  0.0780772  -0.0418113  
0.00729713  -0.000691131  -0.00330172  -0.0600235  0.0578589  -0.111657  
0.0072055  -0.00105556  -0.00315148  -0.0561278  0.0785376  -0.103631  
0.00710175  -0.00115214  -0.00301383  -0.048549  0.0576122  -0.112837  
0.00595301  -0.0010932  -0.00297961  -0.0501704  0.0702445  -0.068849  
0.00563633  -0.00107076  -0.00288865  -0.0446097  0.0787114  -0.0546726  
0.00573352  -0.00115834  -0.00276062  -0.0471182  0.0550782  -0.0549234  
0.00591347  -0.00092304  -0.00268899  -0.0381532  0.0254024  -0.0533939  
0.00554669  -0.000864611  -0.00283639  -0.0481736  0.0946631  -0.0480837  
0.00589053  -0.0010206  -0.00268876  -0.0474499  0.0459997  -0.0519144  
0.00564396  -0.000478445  -0.0027247  -0.047337  0.0473495  -0.0223164  
0.00579194  -0.000676192  -0.00267061  -0.0452531  0.0628464  -0.0324086  
0.00636893  -0.000757  -0.0026297  -0.0489915  0.0214756  -0.0552422  
0.00584111  -0.000786282  -0.00270118  -0.0420683  0.0758952  -0.0574405  
0.00575966  -0.000689887  -0.00277608  -0.0482883  0.0596821  -0.0504523  
0.00577294  -0.000592566  -0.00270717  -0.0483933  0.0393906  -0.0372347  
0.00568794  -0.000791617  -0.00279647  -0.0458117  0.0456977  -0.0491833  
0.00594203  -0.000300059  -0.00285076  -0.0468005  0.087681  -0.0743518  
0.0059079  -0.000644166  -0.00274635  -0.0446531  0.0746526  -0.0510933  
0.005963  -0.00056953  -0.00289522  -0.0423374  0.0791477  -0.041606  
0.00572503  -0.000712718  -0.00286055  -0.0397888  0.0719004  -0.0558431  
0.00541044  -0.000335429  -0.00280876  -0.0406301  0.0931499  -0.0580032  
0.00505996  -0.000746201  -0.00288913  -0.0352386  0.109856  -0.0674509  
0.00550534  -0.000293285  -0.00291308  -0.0470211  0.0559911  -0.0395362  
0.00512847  0.000131923  -0.00281681  -0.0454832  0.0600476  -0.0476673  
0.00525455  -0.000395269  -0.00268709  -0.0317664  0.0899698  -0.0596112  
0.00500543  -0.000289184  -0.00268521  -0.0374706  0.0724152  -0.0457708  
0.00458531  -0.000307351  -0.00266029  -0.0329681  0.07524  -0.0396794  
0.00524381  1.28587e-05  -0.00272747  -0.0403104  0.0506402  -0.0334216  
0.00445088  0.000247082  -0.00276172  -0.0367722  0.113243  -0.0426068  
0.00484487  9.85065e-05  -0.00267887  -0.0448984  0.0899848  -0.0335085  
0.00495129  -0.000114253  -0.00266894  -0.034109  0.0477342  -0.0354741  
0.00469736  -0.000614208  -0.00264185  -0.0230268  0.0944438  -0.0508789  
0.00479353  -0.000455569  -0.00270455  -0.026598  0.0799109  -0.0466544  
0.00468685  -0.000148659  -0.00280504  -0.0364854  0.060445  -0.0422693  
0.0040925  0.000315588  -0.00275078  -0.0355839  0.0690659  -0.0461789  
0.00382713  0.000571681  -0.0026943  -0.0387404  0.0681425  -0.0364114  
0.00403815  0.000615788  -0.00265596  -0.0340767  0.0587087  -0.0310996  
0.00358721  0.000641825  -0.0024936  -0.0314116  0.0861822  -0.035088  
0.0034611  0.000776358  -0.00266513  -0.0364362  0.0633994  -0.0243622  
0.00315106  0.000743064  -0.00262155  -0.0265233  0.0775675  -0.0330491  
0.00264275  0.000695723  -0.00256333  -0.0372858  0.0925159  -0.0394089  
0.00025998  8.74395e-05  -0.00283468  -0.033688  0.0570186  -0.124651  
-0.000550933  0.000301063  -0.0029343  -0.0377334  0.0112351  0.0930909  
-0.000287856  0.000369651  -0.00274295  -0.0467478  0.0574308  0.103584  
-0.000438442  0.000224442  -0.00291676  -0.0418403  0.0100812  0.105235  
-0.000476602  0.000156251  -0.00301247  -0.034054  -0.0314294  0.0905553  
4.49073e-05  0.000314254  -0.0026636  -0.0369684  0.0430859  -0.123155  
-0.000286484  0.000142674  -0.00248093  -0.0388054  0.0611622  0.101341  
-0.00283852  0.00050701  -0.00242571  -0.0396839  -0.0685839  -0.0138852  
-0.000403389  0.000132929  -0.00266783  -0.0252024  0.00683762  0.0921465  
-0.000574532  0.000132929  -0.00227059  -0.0312441  0.0481365  0.0948792  
-0.00328482  0.000937765  -0.00204846  -0.0364144  -0.0124479  0.00102973  
-0.00281249  0.00118459  -0.00227579  -0.0428106  -0.0487764  -0.0164476  
-0.00311093  0.00229469  -0.00154317  -0.0425098  0.00634908  -0.0191284  
-0.00285322  0.00220278  -0.00154449  -0.0463971  0.0288832  -0.016274  
-0.00303723  0.0016147  -0.00227309  -0.0474418  -0.0201852  -0.0107234  
-0.00369471  0.000778327  -0.00259875  -0.0417871  -0.055481  -0.0279238  
-0.00403711  0.000186673  -0.00256059  -0.0264358  -0.00782978  -0.0141242  
-0.00448185  0.000132929  -0.0024516  -0.0351611  -0.0287432  -0.0199753  
-0.00425291  0.000475061  -0.00253697  -0.0397042  -0.0339543  -0.0423458  
-0.00408154  -2.25333e-06  -0.00254173  -0.0299436  -0.0279259  -0.0485294  
-0.00434942  -2.87193e-05  -0.00251237  -0.0320525  -0.00721809  -0.0469666  
-0.00453192  -0.000116637  -0.00256618  -0.0382209  -0.0196751  -0.0422923  
-0.00408582  0.000132929  -0.00265936  -0.0445486  -0.0456137  -0.053071  
-0.0044929  0.000147638  -0.0027225  -0.0483114  -0.0417533  -0.0694189  
-0.0044256  -0.000171831  -0.00274274  -0.0452376  -0.0237055  -0.0643579  
-0.00457888  -0.000282882  -0.00272613  -0.0415003  -0.0224111  -0.0722119  
-0.00448646  -9.56892e-05  -0.00271897  -0.0338224  -0.0609393  -0.0914858  
-0.00444864  -0.000168926  -0.00285736  -0.0456999  -0.00666387  -0.0915201  
-0.00499728  -7.39284e-05  -0.00278018  -0.0490799  -0.0247359  -0.0951859  
-0.00422138  -0.00057203  -0.00287299  -0.0403834  -0.112911  -0.10042  
-0.0048892  -0.000608845  -0.00278707  -0.0471933  -0.0441876  -0.0979605  
-0.00492672  -0.000782631  -0.00256831  -0.0331518  -0.0429715  -0.0951136  
-0.0041998  -0.000717197  -0.00252128  -0.0316609  -0.112238  -0.0909822  
-0.00501139  -0.000469198  -0.00242271  -0.0335009  0.00282313  -0.0620739  
-0.00479844  -0.000291979  -0.0024875  -0.0378878  -0.0538772  -0.0670723  
-0.00481619  -0.000291979  -0.00241308  -0.0299363  -0.0613778  -0.0840061  
-0.00506783  -0.000344448  -0.0023812  -0.0312351  -0.0122646  -0.0673399  
-0.00507147  -9.65195e-05  -0.00230621  -0.0309487  -0.0608645  -0.0679335  
-0.00524581  -0.000291979  -0.00223915  -0.0281056  -0.0473975  -0.0750525  
-0.00507232  -0.00013228  -0.00220179  -0.0303527  -0.0726512  -0.0738439  
-0.0053072  -0.000310528  -0.00216842  -0.0226905  -0.0273641  -0.060067  
-0.00555967  -0.000434717  -0.00207282  -0.0245935  -0.0380583  -0.0348581  
-0.00528451  -7.30752e-05  -0.00217791  -0.0264216  -0.0455638  -0.0481593  
-0.00528751  0.00011772  -0.0022928  -0.0322935  -0.0511587  -0.0549493  
-0.0051625  -0.000479921  -0.00232433  -0.0264055  -0.0354104  -0.0651899  
-0.00523866  -0.000422618  -0.00232526  -0.0274477  -0.0361783  -0.0735415  
-0.00505867  -0.000282481  -0.00226559  -0.0326272  -0.0725  -0.0810414  
-0.0049532  -0.000282481  -0.00203641  -0.0178181  -0.048372  -0.160255  
-0.00529786  0.000102011  -0.00222754  -0.0562469  -0.0302893  -0.0843938  
-0.00539114  0.000293113  -0.00209612  -0.0617292  -0.0711985  -0.0253548  
-0.00519587  9.14268e-06  -0.0021006  -0.0279528  -0.0649369  -0.0157097  
-0.00498572  -0.000862734  -0.00192313  -0.021222  -0.0472543  -0.0129897  
-0.00507131  -0.0012375  -0.0018647  -0.0255023  -0.0369757  0.00375341  
-0.00524047  3.49429e-05  -0.000260762  -0.0729995  -0.053501  0.006109  
-0.00514377  -0.00177547  -0.00161678  -0.00943853  -0.044989  -0.00329448  
-0.005251  -0.00133119  -0.00175906  -0.0191623  -0.0247554  -0.0153541  
-0.00493027  -0.00123975  -0.00186778  -0.00965542  -0.0302425  -0.0349216  
-0.00466306  -0.0018947  -0.00168194  -0.0137066  -0.0749237  -0.0192592  
-0.00496779  -0.0008425  0.000161334  0.0555629  -0.0304885  -0.0259532  
-0.00495718  -0.00165524  -0.00154684  -0.0217865  -0.0373344  -0.0138515  
-0.0048995  -0.00156493  -0.00174176  -0.0168422  -0.0598659  -0.0162446  
-0.00537495  -0.000663541  0.001269  0.0117138  -0.0521982  -0.00971682  
-0.00549354  -0.00102554  0.000161334  0.055244  -0.0461747  -0.00531128  
-0.00559385  -0.0008425  0.000161334  0.0602645  -0.0441242  -0.0131594  
-0.00605757  -0.000779137  0.000352494  0.0594143  -0.0248995  -0.00544481  
-0.00614282  -0.000389131  0.000280102  0.0597982  -0.0367633  0.00201607  
-0.00616616  -0.000564168  0.00158222  0.0116604  -0.0404691  -0.00651402  
-0.00541393  -0.000580991  0.00137492  0.0182378  -0.0449786  -0.0265955  
-0.00534305  -0.00133698  -0.00152424  -0.0271252  -0.0983737  0.000677396  
-0.0061957  -0.00106368  0.00140152  0.0187226  -0.0147575  -0.00288888  
-0.00633965  0.000153123  0.00186378  0.00395562  -0.0188602  -0.007729  
-0.00619834  -2.12858e-05  0.00191634  0.012175  -0.0743125  -0.00277637  
-0.00630584  -7.88702e-06  0.00187472  0.0122986  -0.00903414  -0.00960222  
-0.00632349  -0.000630935  0.00176247  0.0247068  -0.0228431  0.0218858  
-0.00597615  0.000260924  0.00204613  0.0140507  -0.0649897  -0.000232873  
-0.0064554  0.000103868  0.00204074  0.0179314  -0.00854774  -0.000488031  
-0.00692378  0.00037376  0.00209727  0.0169427  -0.0188879  0.022939  
-0.00701359  0.000393901  0.00226011  0.0171323  -0.0273323  0.0246379  
-0.00706964  0.000444897  0.00226243  0.0226849  -0.0372811  0.0298072  
-0.00708637  0.000467514  0.00232177  0.025239  -0.0245227  0.0229108  
-0.00728592  0.000814158  0.00225944  0.019946  -0.0302735  0.0374342  
-0.00720605  0.000636696  0.0022959  0.0218237  -0.0463337  0.0318227  
-0.00718712  0.000585084  0.00230062  0.0278058  -0.0386049  0.0122134  
-0.00692577  0.000116344  0.00221547  0.0234236  -0.0111928  0.0127048  
-0.00666789  0.000200933  0.00227388  0.0267657  -0.0501818  0.00723804  
-0.00690477  0.000154184  0.00225346  0.0237462  0.000721617  0.00433511  
-0.00710308  0.000413524  0.00230196  0.0212445  -0.0298873  0.0203511  
-0.00705423  0.000120677  0.00233809  0.025793  -0.0488471  0.0359474  
-0.00724007  0.000230369  0.00237825  0.0430001  -0.0488362  0.0104145  
-0.0073393  -0.000564038  0.00180785  0.0457938  -0.0411212  0.000349332  
-0.00719597  -0.00063215  0.00174002  0.0358776  -0.0487703  0.0132595  
-0.00773357  -0.000557955  0.00174206  0.0382809  -0.0202438  -0.0111301  
-0.00774067  -8.48592e-05  0.00226843  0.036599  -0.00856263  0.0045199  
-0.00764515  -0.000400348  0.00168871  0.0403026  -0.0312382  0.0158373  
-0.00759012  -0.000489814  0.00190821  0.0416203  -0.0513742  0.0117859  
-0.00750499  0.00015584  0.0022434  0.0429477  -0.0247009  -0.00346411  
-0.00748768  6.95555e-05  0.00216092  0.0322967  -0.0142654  0.00343827  
-0.00727618  0.000263928  0.00229967  0.0325904  -0.0432892  0.00835166  
-0.00710217  0.000466817  0.00230434  0.0371782  -0.0504309  0.00906816  
-0.00743569  0.000475927  0.00242628  0.0364141  -0.0354647  0.0079928  
-0.00774858  0.00119699  0.00255056  0.0350696  -0.0323642  0.027364  
-0.00720955  0.000990913  0.00277934  0.0454036  -0.0669536  -0.00283847  
-0.00789587  0.000828556  0.00261861  0.0405928  -0.0156116  0.0237067  
-0.00787583  0.000811025  0.00280532  0.0448335  -0.0354707  0.0287248  
-0.00775276  0.000869769  0.00279573  0.0395313  -0.0354975  0.0302381  
-0.00783405  0.000954423  0.00277862  0.0379028  -0.0319794  0.009154  
-0.00799689  0.00105626  0.00276899  0.0425122  -0.0103458  0.0297034  
-0.00796442  0.000971421  0.0028918  0.0441871  -0.030501  0.0290722  
-0.00791507  0.000849706  0.00272672  0.0391093  -0.0308732  0.00812436  
-0.00796235  0.000755995  0.00270645  0.044589  -0.021591  0.00245303  
-0.00813481  0.00045205  0.00275336  0.0436955  -0.0174299  0.00881412  
-0.00786687  0.000982848  0.00281503  0.0434409  -0.0509598  0.0143866  
-0.00769044  0.000510034  0.00296423  0.0535109  -0.0378349  0.0135048  
-0.00770027  0.000368102  0.00290813  0.0398259  -0.0192677  0.0205735  
-0.00763394  0.00057228  0.00288234  0.0390626  -0.0428615  0.00418627  
-0.007469  0.000615011  0.00279385  0.0374394  -0.0444062  0.0117193  
-0.00747811  0.000686877  0.00290414  0.0361627  -0.0454057  0.031764  
-0.00725475  0.000854477  0.00275083  0.0334501  -0.0728283  0.0396225  
-0.00731863  0.000851344  0.00269745  0.0276311  -0.0691742  0.0209491  
-0.00780548  0.000721732  0.00262844  0.0236205  -0.0500137  0.0321699  
-0.00763648  0.000729298  0.00262008  0.0229591  -0.0610081  0.0535918  
-0.00829223  0.000806893  0.00255863  0.0328482  -0.0395159  0.00712302  
-0.0079125  0.000360929  0.0025703  0.0211227  -0.0789701  -0.00539036  
-0.00796284  0.000115119  0.00259261  0.026716  -0.10281  -0.0262544  
-0.00872229  0.000225548  0.00240836  0.0261507  -0.0293706  0.000274686  
-0.00812061  0.000149132  0.00257454  0.0238453  -0.0648317  0.0160191  
-0.00912493  0.000164005  0.00240435  0.0244854  -0.0362212  0.0363725  
-0.00902383  0.00025238  0.00255509  0.024077  -0.0456172  0.0492642  
-0.00876651  0.000255998  0.00259806  0.0238694  -0.0656599  0.0548974  
-0.00887367  0.000462566  0.00259487  0.0255639  -0.0674745  0.0588004  
-0.00941005  0.000492122  0.00277332  0.0296184  -0.0530083  0.053991  
-0.00928112  0.000346927  0.00263277  0.0242698  -0.0458633  0.0427727  
-0.00895603  0.000365118  0.00267693  0.0168465  -0.0698971  0.0311953  
-0.00925533  0.000725316  0.0025321  0.0190198  -0.0678669  0.0288058  
-0.00860867  0.000829561  0.00276036  0.0243409  -0.0541364  0.032725  
-0.00881131  0.00078232  0.00265232  0.0257678  -0.0615335  0.0105131  
-0.00880265  0.00057116  0.00274424  0.0351403  -0.0545613  0.00269394  
-0.00869618  0.000615857  0.00287532  0.0342596  -0.0511342  0.00842159  
-0.00846921  0.000710791  0.00281841  0.0231301  -0.0854195  0.0157444  
-0.00902546  0.000924024  0.00276315  0.0322946  -0.0287191  0.0146079  
-0.00870762  0.000776048  0.00289371  0.0177858  -0.0565642  0.0354478  
-0.00877287  0.000816272  0.00290479  0.0295148  -0.0630503  0.0123281  
-0.00907763  0.000764759  0.00266197  0.0321787  -0.0320915  0.020968  
-0.00890679  0.000812203  0.00280783  0.0275343  -0.0519406  0.0329205  
-0.0088194  0.000776582  0.00294497  0.0275176  -0.0775591  0.024754  
-0.00920388  0.000955782  0.00276794  0.028622  -0.0349763  0.0226349  
-0.0091462  0.000895065  0.00292005  0.0258719  -0.0525337  0.0346282  
-0.00871615  0.000842598  0.0028884  0.0291721  -0.0778345  0.0389474  
-0.00919564  0.0010081  0.00296592  0.0322005  -0.0489896  0.0343091  
-0.00891895  0.000927899  0.00286146  0.0277357  -0.0577497  0.0354173  
-0.00891455  0.000924036  0.00301013  0.0260555  -0.0626738  0.0349475  
-0.00888578  0.000976322  0.00299327  0.0304285  -0.0712183  0.0243906  
-0.00910386  0.00091001  0.00303403  0.0340454  -0.0213519  0.0273107  
-0.00916659  0.00108248  0.00313089  0.0309367  -0.0559171  0.0426574  
-0.00933422  0.00120962  0.00312439  0.025453  -0.058214  0.0387699  
-0.00970284  0.0012957  0.00332114  0.0320802  -0.039571  0.0432068  
-0.00924409  0.00149189  0.0032669  0.0398164  -0.0384828  0.0272748  
-0.00956425  0.00147036  0.00334536  0.0316669  -0.0557292  0.0384332  
-0.0102543  0.00169986  0.00355126  0.0358903  -0.0364586  0.0465405  
-0.0113336  0.0021844  0.0036025  0.041403  -0.0365254  0.0717162  
-0.0108588  0.00226621  0.00352987  0.0345625  -0.0547844  0.0579776  
-0.0105568  0.00225484  0.00361842  0.0394112  -0.0765749  0.0604202  
-0.0108129  0.00226114  0.00354246  0.0384422  -0.0373473  0.0475119  
-0.0106719  0.00225263  0.00348941  0.0333875  -0.0374361  0.0582258  
-0.0104283  0.00214961  0.00354664  0.0355028  -0.0563053  0.0450714  
-0.010348  0.00215233  0.00354173  0.0364586  -0.0527368  0.0374473  
-0.010786  0.00219442  0.00349011  0.0304763  -0.0361801  0.0352589  
-0.0101463  0.00220588  0.00331629  0.0267487  -0.0540158  -0.00321982  
-0.00994766  0.0021703  0.00332568  0.027776  -0.0829129  0.024891  
-0.0103949  0.00220208  0.003409  0.0324338  -0.0433921  0.0212979  
-0.0103231  0.00214372  0.00332687  0.0314571  -0.0496199  0.00916879  
-0.00983547  0.00225577  0.00344159  0.0285771  -0.0652122  0.0084264  
-0.00997157  0.00229308  0.00330724  0.0212526  -0.0473786  0.0426149  
-0.0105262  0.00232614  0.00335935  0.0251116  -0.0563173  0.0301549  
-0.0112592  0.00240221  0.00354083  0.0307921  -0.0493951  0.0306443  
-0.0109038  0.00228577  0.0035834  0.0328862  -0.0477429  0.0347365  
-0.0108477  0.00254651  0.00349352  0.0254419  -0.0519016  0.0389368  
-0.0109227  0.00242249  0.00362672  0.0336127  -0.0600207  0.0163923  
-0.0114381  0.00241826  0.00360605  0.0294817  -0.0473313  0.0336073  
-0.0110332  0.0025836  0.00372494  0.0242579  -0.0840543  0.0332508  
-0.0116577  0.00274842  0.00375469  0.0334422  -0.0488069  0.0454736  
-0.0120832  0.00270471  0.0037921  0.0294951  -0.0455012  0.0597857  
-0.0117069  0.00278978  0.00387833  0.0278654  -0.0481344  0.0569874  
-0.0118764  0.00270585  0.00379406  0.0331577  -0.0567593  0.0467535  
-0.0122813  0.00280137  0.00386896  0.0332644  -0.0568862  0.0541173  
-0.0126267  0.00224439  0.00386699  0.027117  -0.0623419  0.037554  
-0.0132929  0.00241872  0.00398393  0.0236173  -0.0625728  0.0506241  
-0.0127092  0.00308716  0.00404696  0.0242654  -0.0826799  0.045988  
-0.0128495  0.00298893  0.00414014  0.0339901  -0.0736394  0.0428212  
-0.0130289  0.00296132  0.00398934  0.034248  -0.0639198  0.0429372  
-0.0134901  0.00297649  0.00415762  0.0304065  -0.0680131  0.0470942  
-0.0131145  0.00295778  0.00416702  0.0277073  -0.07344  0.0594563  
-0.0132863  0.00290786  0.00399189  0.0169016  -0.0622896  0.0553884  
-0.0134091  0.00321712  0.00403911  0.0156708  -0.0636802  0.0479997  
-0.0137563  0.0032118  0.00401435  0.0160607  -0.0500858  0.0577545  
-0.0135068  0.00331033  0.00405309  0.0178667  -0.0752896  0.0536797  
-0.0134656  0.00338823  0.00398777  0.0213204  -0.0898702  0.0438349  
-0.0144188  0.00338951  0.00396528  0.0173942  -0.0476578  0.0568539  
-0.0135823  0.00320444  0.00376164  0.0192738  -0.0693705  0.0316425  
-0.0134583  0.00317612  0.00365772  0.00625337  -0.0856599  0.0434521  
-0.0133276  0.00295339  0.00360886  0.0124505  -0.0855652  0.0189902  
-0.0137308  0.00317166  0.00361155  0.0148596  -0.072705  0.027709  
-0.0139392  0.00279643  0.00368294  0.0086578  -0.0733172  0.0342071  
-0.013609  0.00307328  0.00364814  0.0195119  -0.0947304  0.0251797  
-0.0140743  0.00291165  0.00369668  0.0167937  -0.0631474  0.0195508  
-0.0142602  0.0031522  0.00377147  0.0150037  -0.0603581  0.0168132  
-0.0139419  0.00303132  0.00384062  0.0218141  -0.0607443  0.00875154  
-0.0129398  0.00272544  0.0036917  0.0235692  -0.067161  -0.00894802  
-0.0129163  0.00306425  0.00367158  0.0219921  -0.076963  -0.00961672  
-0.0134426  0.00311391  0.00379616  0.027467  -0.0702624  -0.00298071  
-0.0141378  0.00314057  0.00381592  0.0249237  -0.0703876  0.00220071  
-0.0134632  0.00317632  0.0038338  0.0149182  -0.0799536  -0.0156907  
-0.0136122  0.00320746  0.00381283  0.0165492  -0.0781443  -0.0121332  
-0.0138205  0.00326354  0.00387726  0.0197746  -0.0850632  -0.0146422  
-0.0140446  0.00333524  0.00395393  0.0298308  -0.0620965  -0.0250955  
-0.0141443  0.00342811  0.00388074  0.0263707  -0.0543069  -0.0205985  
-0.0139382  0.00394524  0.00380279  0.023152  -0.0600057  -0.0267615  
-0.0134582  0.00418598  0.00368122  0.0160472  -0.0855123  0.00351008  
-0.0142001  0.00381459  0.00372932  0.0174781  -0.0312454  -0.0206403  
-0.0135381  0.00424397  0.00365245  0.0115818  -0.0893413  -0.0228306  
-0.0138898  0.00377128  0.00364887  0.0191993  -0.0577395  -0.0490799  
-0.0145013  0.00407006  0.00355852  0.0134637  -0.098412  -0.0542168  
-0.0144682  0.00399703  0.00371492  0.0217024  -0.103311  -0.0546073  
-0.0146803  0.00388736  0.00381089  0.0258884  -0.0719214  -0.0697515  
-0.0150404  0.00392975  0.00376741  0.0254754  -0.0758988  -0.0688528  
-0.0150306  0.00387245  0.0037236  0.0308204  -0.0618354  -0.0893141  
-0.0148399  0.00385482  0.00384541  0.0382764  -0.0741448  -0.0830502  
-0.0149559  0.00405449  0.00382379  0.0335803  -0.0797742  -0.0964281  
-0.0143077  0.00363102  0.00395997  0.0439523  -0.0797969  -0.119108  
-0.0137962  0.00326527  0.00394599  0.0474559  -0.0489807  -0.123223  
-0.0141262  0.00298932  0.00410372  0.047536  -0.0552661  -0.10113  
-0.0143874  0.0032567  0.0042749  0.0502003  -0.0670304  -0.0920136  
-0.0144511  0.00310468  0.00429974  0.0552861  -0.0834587  -0.104508  
-0.0152057  0.00294439  0.00435494  0.0581892  -0.0557424  -0.0808285  
-0.0151506  0.00308225  0.00433106  0.0475358  -0.0745017  -0.0788294  
-0.0146337  0.00282949  0.00428945  0.0560501  -0.0814698  -0.133746  
-0.0159321  0.00271029  0.00433495  0.0597234  -0.0873712  -0.150971  
-0.0159065  0.00271914  0.00443247  0.0616854  -0.0813724  -0.163448  
-0.0157387  0.00270221  0.00445766  0.057196  -0.107747  -0.139538  
-0.0165407  0.00284055  0.00445489  0.0664802  -0.105805  -0.133699  
-0.0166668  0.00276043  0.0042746  0.0578707  -0.0700435  -0.114792  
-0.0163618  0.00296807  0.00427531  0.0507751  -0.106108  -0.0926395  
-0.016952  0.00321668  0.00452628  0.0647355  -0.0872443  -0.0964976  
-0.0173027  0.00305389  0.00449025  0.0560554  -0.087126  -0.0937699  
-0.0168473  0.00336823  0.00447585  0.0533975  -0.120963  -0.0838879  
-0.0173155  0.00345705  0.00428098  0.0561525  -0.125272  -0.0953869  
-0.017114  0.00328875  0.00430106  0.0584591  -0.10822  -0.111633  
-0.0168446  0.00299797  0.00434785  0.0619396  -0.107037  -0.0970699  
-0.0170775  0.00323511  0.00440718  0.054641  -0.108131  -0.112677  
-0.0168324  0.00307632  0.00449305  0.0533205  -0.127877  -0.117561  
-0.0171323  0.00305006  0.00443949  0.0584259  -0.111395  -0.128441  
-0.0170862  0.00324668  0.00446553  0.0571001  -0.0856897  -0.130877  
-0.0169082  0.00295268  0.00429522  0.0532716  -0.0777818  -0.119014  
-0.0163778  0.00282258  0.00446378  0.0528081  -0.0846802  -0.113963  
-0.0168154  0.00307401  0.00428274  0.0562202  -0.0865684  -0.11774  
-0.0167551  0.0032188  0.00433581  0.0564039  -0.0898024  -0.123007  
-0.0178207  0.00313051  0.0043871  0.0558645  -0.0822347  -0.111099  
-0.0175564  0.00285576  0.00445627  0.0602966  -0.0933485  -0.123534  
-0.0161915  0.00284761  0.00445163  0.0573035  -0.106117  -0.114898  
-0.016671  0.0028859  0.00435263  0.058976  -0.0879616  -0.136156  
-0.0175579  0.00308513  0.00432626  0.0500798  -0.076398  -0.127277  
-0.0171213  0.00303504  0.00446843  0.0479719  -0.0902922  -0.109273  
-0.0171258  0.00320389  0.00450309  0.0510019  -0.0986242  -0.108282  
-0.0175186  0.00316381  0.00460479  0.0536785  -0.0971592  -0.110615  
-0.0183058  0.00305642  0.00461182  0.0571891  -0.0855365  -0.0963167  
-0.0185666  0.00309207  0.00451214  0.0558998  -0.0758111  -0.119279  
-0.0188819  0.0034424  0.00468781  0.0576005  -0.0912843  -0.110907  
-0.0181514  0.00336438  0.00461205  0.0597807  -0.109988  -0.112253  
-0.0188859  0.00357029  0.00456145  0.0594373  -0.0668238  -0.114382  
-0.0196113  0.00353785  0.00473436  0.0520082  -0.101564  -0.100527  
-0.019213  0.00410497  0.00476506  0.0569232  -0.104342  -0.104811  
-0.019135  0.00436098  0.00479115  0.0548904  -0.122514  -0.102864  
-0.0197161  0.00432488  0.00490639  0.0604639  -0.0829369  -0.112273  
-0.0202348  0.00427697  0.00496698  0.0580682  -0.102667  -0.0998973  
-0.020051  0.00422846  0.00502893  0.0563654  -0.0996413  -0.103057  
-0.0205202  0.00432256  0.00508846  0.0515262  -0.116367  -0.0989769  
-0.020461  0.00456079  0.00510566  0.0596633  -0.102291  -0.106102  
-0.0206641  0.00448696  0.00514113  0.0609005  -0.0989836  -0.113396  
-0.0208265  0.00451057  0.00517913  0.0691482  -0.104399  -0.110022  
-0.0211661  0.00464891  0.00528278  0.0573455  -0.120533  -0.0953179  
-0.0208277  0.00467551  0.00523783  0.0616784  -0.13275  -0.0921763  
-0.0212292  0.00456873  0.00525921  0.0654988  -0.100232  -0.102717  
-0.0213119  0.0046086  0.00511866  0.0538026  -0.100395  -0.102894  
-0.0215815  0.00469303  0.00522381  0.0499651  -0.121766  -0.115279  
-0.0216015  0.00452192  0.00515637  0.0547556  -0.122323  -0.117768  
-0.0216318  0.00487206  0.00512108  0.0522306  -0.139091  -0.1294  
-0.0222784  0.00466606  0.00515904  0.0544502  -0.118548  -0.127042  
-0.0224645  0.00450739  0.00530385  0.0525947  -0.122201  -0.120115  
-0.0217869  0.00467792  0.00533276  0.0596559  -0.157178  -0.120105  
-0.0222474  0.00477977  0.00534941  0.062267  -0.100954  -0.124853  
-0.0222088  0.004742  0.00534515  0.0607446  -0.107297  -0.133962  
-0.0219899  0.00485192  0.00522855  0.058707  -0.141675  -0.12652  
-0.0222608  0.00470173  0.00527958  0.0592818  -0.107435  -0.128475  
-0.02242  0.0047015  0.00527263  0.0675314  -0.118546  -0.126479  
-0.0225577  0.00483636  0.00547073  0.0628136  -0.135668  -0.121966  
-0.021962  0.00498418  0.00546071  0.0651721  -0.141418  -0.138178  
-0.0220425  0.00495453  0.00543873  0.0654787  -0.105591  -0.132871  
-0.0222619  0.00498379  0.00545525  0.0636538  -0.118451  -0.12281  
-0.0223894  0.00512771  0.00546435  0.0587524  -0.149673  -0.146473  
-0.0232823  0.0054509  0.00535292  0.0633277  -0.136997  -0.189605  
-0.0243086  0.00519744  0.00552019  0.0667794  -0.12036  -0.162697  
-0.0244032  0.00533845  0.005601  0.0672732  -0.129819  -0.160323  
-0.0248056  0.0055596  0.00567182  0.0674162  -0.139759  -0.169022  
-0.0251578  0.00540002  0.00571867  0.0649611  -0.149232  -0.148356  
-0.0246465  0.00561394  0.00575044  0.0635952  -0.153255  -0.179868  
-0.0254761  0.0054312  0.00576825  0.0617024  -0.13596  -0.149498  
-0.0254517  0.00545066  0.00599466  0.0684547  -0.147666  -0.139883  
-0.0241548  0.00529123  0.00592216  0.0699844  -0.192209  -0.168876  
-0.0243801  0.00504775  0.0057957  0.0697432  -0.142582  -0.181954  
-0.0242406  0.00510569  0.00575657  0.0659848  -0.15284  -0.166509  
-0.0240864  0.00502966  0.00569627  0.0641347  -0.178306  -0.1478  
-0.0244204  0.00486833  0.00566406  0.0679773  -0.174122  -0.158144  
-0.0249789  0.00514125  0.00565704  0.0591427  -0.140323  -0.147824  
-0.0234883  0.00501165  0.005743  0.0586588  -0.190072  -0.14777  
-0.0246967  0.00520774  0.00579124  0.0635009  -0.131508  -0.1427  
-0.0242016  0.00516172  0.0057089  0.0556971  -0.155429  -0.147751  
-0.0248531  0.00514554  0.00582944  0.0556606  -0.166065  -0.143874  
-0.0248898  0.00521672  0.00584327  0.0615443  -0.171639  -0.139487  
-0.0255491  0.00528236  0.00576993  0.0657784  -0.158493  -0.142584  
-0.0255905  0.0052551  0.00568962  0.056975  -0.165947  -0.140495  
-0.024621  0.00476064  0.00583893  0.0645966  -0.155525  -0.147829  
-0.0243531  0.00514569  0.00598845  0.0805559  -0.204515  -0.21131  
-0.0249627  0.00507405  0.00620659  0.0678533  -0.140152  -0.125101  
-0.0238713  0.00487074  0.00629636  0.0709454  -0.190892  -0.107932  
-0.0238791  0.00462519  0.00642345  0.0792311  -0.199952  -0.0819743  
-0.0244388  0.00498061  0.00649291  0.0702541  -0.161074  -0.0682367  
-0.0233081  0.00503984  0.00651316  0.0713422  -0.151273  -0.110145  
-0.024438  0.00497205  0.00651332  0.0697061  -0.200183  -0.0918194  
-0.0253196  0.00516022  0.00650676  0.071397  -0.168272  -0.0969693  
-0.0254739  0.005053  0.00649587  0.0719904  -0.16684  -0.0849799  
-0.0258936  0.00520787  0.00648862  0.0792758  -0.185171  -0.102106  
-0.0256863  0.00525804  0.00652707  0.0848891  -0.185787  -0.0764808  
-0.0257676  0.0054785  0.00631323  0.0779087  -0.181822  -0.101627  
-0.0260338  0.00538954  0.00630115  0.0864215  -0.187769  -0.130818  
-0.0263301  0.00544921  0.00620527  0.0908765  -0.175887  -0.137729  
-0.0262048  0.00537232  0.00613949  0.0854753  -0.156323  -0.12924  
-0.0257282  0.00538663  0.00587203  0.0836104  -0.156979  -0.158827  
-0.024986  0.00553127  0.00586519  0.0873944  -0.155289  -0.193677  
-0.0252635  0.00557695  0.00579549  0.0835071  -0.152338  -0.187961  
-0.0260067  0.00561426  0.00567706  0.0851216  -0.149946  -0.200397  
-0.025852  0.00552586  0.00572306  0.0856606  -0.140313  -0.205684  
-0.0256113  0.00561679  0.00554549  0.0838646  -0.153204  -0.208723  
-0.0254494  0.00582245  0.00562174  0.0841607  -0.176632  -0.211219  
-0.0256732  0.00558503  0.00565784  0.0836102  -0.129688  -0.233837  
-0.0243949  0.00562052  0.00559758  0.0818433  -0.164699  -0.22597  
-0.0250739  0.00568852  0.00562992  0.0890135  -0.143259  -0.25701  
-0.0257658  0.00560439  0.00555808  0.0760454  -0.138338  -0.232776  
-0.0256009  0.00570652  0.00563596  0.0810957  -0.162451  -0.233805  
-0.0255631  0.00568377  0.00565468  0.0807618  -0.156339  -0.233765  
-0.0259799  0.0057007  0.00557989  0.0774441  -0.146373  -0.233807  
-0.0258979  0.00550496  0.00562844  0.0757096  -0.167971  -0.23384  
-0.0257427  0.00533188  0.00566149  0.0806198  -0.156647  -0.248508  
-0.0265214  0.00552329  0.00566881  0.0795718  -0.145374  -0.241329  
-0.0270417  0.00547584  0.00557348  0.0796169  -0.134737  -0.247348  
-0.0262975  0.00548412  0.00562407  0.0754898  -0.159791  -0.24644  
-0.0265191  0.00557723  0.00568401  0.0857464  -0.156261  -0.256568  
-0.0268174  0.00554343  0.00562231  0.0836765  -0.13496  -0.243951  
-0.027423  0.00578963  0.00568401  0.0761409  -0.150905  -0.221539  
-0.0283182  0.00590508  0.00568401  0.0721667  -0.173759  -0.199963  
-0.0280292  0.00582738  0.00598176  0.0766256  -0.152105  -0.198646  
-0.0286787  0.00571886  0.00595566  0.0782556  -0.130551  -0.205895  
-0.0291458  0.00561068  0.00598268  0.0823997  -0.167302  -0.206872  
-0.0292629  0.00569946  0.00612217  0.0788547  -0.164622  -0.19819  
-0.0285896  0.00591351  0.00610062  0.0778589  -0.173844  -0.206036  
-0.0291883  0.00552995  0.00617748  0.0793018  -0.142808  -0.215987  
-0.0295817  0.00530282  0.00626201  0.0791894  -0.146518  -0.192682  
-0.0294057  0.00529282  0.00630066  0.0787118  -0.168028  -0.203864  
-0.0289842  0.00533356  0.00617748  0.0817856  -0.173053  -0.202384  
-0.0294351  0.00532382  0.00617748  0.0906109  -0.140887  -0.229621  
-0.0293248  0.00535858  0.00617748  0.0864411  -0.144242  -0.218069  
-0.0284961  0.00569234  0.00592748  0.0791715  -0.166641  -0.229271  
-0.0287981  0.00535756  0.00617748  0.0795323  -0.128524  -0.226245  
-0.0289703  0.00542637  0.00629266  0.0804269  -0.156938  -0.212994  
-0.0293603  0.00513948  0.00624574  0.0873251  -0.181057  -0.195909  
-0.0297533  0.00511055  0.00631745  0.0878397  -0.14612  -0.21629  
-0.0295187  0.00511997  0.00627271  0.0777843  -0.15724  -0.21383  
-0.0295725  0.00480899  0.00617748  0.0725406  -0.175516  -0.212413  
-0.0296191  0.00455567  0.00617748  0.08328  -0.157637  -0.235659  
-0.0299645  0.00462056  0.00617749  0.0774866  -0.150418  -0.22205  
-0.0293743  0.00482771  0.00617748  0.0757365  -0.154112  -0.233583  
-0.0283878  0.00473946  0.00617748  0.0780021  -0.185211  -0.255854  
-0.0292156  0.00439824  0.00608674  0.0721841  -0.113532  -0.259736  
-0.0287305  0.00466822  0.00598748  0.0720619  -0.149097  -0.258605  
-0.0292094  0.004535  0.00587302  0.0694683  -0.168583  -0.272563  
-0.0294962  0.00449255  0.00605555  0.0764815  -0.149985  -0.267915  
-0.0292487  0.00468788  0.00602738  0.0730748  -0.161624  -0.25015  
-0.0292244  0.00468742  0.00585987  0.0764167  -0.172528  -0.253954  
-0.0302491  0.00455972  0.00586146  0.0753018  -0.160136  -0.246653  
-0.0304487  0.00483268  0.00577738  0.0756812  -0.148426  -0.238845  
-0.0309953  0.00496037  0.00595185  0.074232  -0.178105  -0.236752  
-0.0319349  0.004966  0.00597082  0.0703479  -0.188717  -0.222616  
-0.0317401  0.00512023  0.00594782  0.0708994  -0.188882  -0.216048  
-0.0320689  0.00534293  0.00610587  0.074983  -0.165847  -0.228701  
-0.0324946  0.00504573  0.0059707  0.0731051  -0.16201  -0.228742  
-0.0312897  0.00500392  0.0060825  0.0745452  -0.208213  -0.233943  
-0.0315493  0.00482435  0.00611407  0.0795688  -0.141586  -0.231966  
-0.0312526  0.00475547  0.00625592  0.0780001  -0.167129  -0.228811  
-0.0303425  0.0050684  0.00629005  0.0804172  -0.183605  -0.265523  
-0.0309127  0.00521081  0.00645271  0.0847706  -0.177965  -0.247259  
-0.0305288  0.00577153  0.00651174  0.0905217  -0.193035  -0.250398  
-0.0301826  0.00599228  0.00653416  0.0915597  -0.190529  -0.247211  
-0.029884  0.00564124  0.00654612  0.0872388  -0.153089  -0.225382  
-0.0299279  0.00607854  0.00663689  0.0910418  -0.206447  -0.224854  
-0.0306953  0.00602501  0.00669995  0.0868831  -0.155307  -0.214187  
-0.0303251  0.00573359  0.00656012  0.0802605  -0.189937  -0.216934  
-0.0305419  0.00591884  0.00653902  0.0883711  -0.189325  -0.235835  
-0.0312369  0.00562509  0.00659957  0.0845573  -0.169424  -0.225827  
-0.0304544  0.0060481  0.00654282  0.0836567  -0.178144  -0.214166  
-0.0306144  0.00584745  0.00661014  0.0932847  -0.202214  -0.220574  
-0.0308046  0.00583017  0.00659168  0.0904028  -0.193297  -0.24963  
-0.0305814  0.00578684  0.0066349  0.0888069  -0.173595  -0.231357  
-0.0312349  0.00576993  0.00660452  0.0855452  -0.19848  -0.223646  
-0.0306288  0.00571184  0.00662277  0.0847668  -0.211547  -0.232371  
-0.0311459  0.00572077  0.00662277  0.0981085  -0.192593  -0.241872  
-0.0310061  0.00568984  0.00662277  0.0952245  -0.155688  -0.237285  
-0.0286459  0.00588212  0.00706853  0.100693  -0.203896  -0.269168  
-0.0297733  0.00593403  0.00712791  0.091339  -0.191373  -0.214475  
-0.0303277  0.00616196  0.00722635  0.0954555  -0.220632  -0.236973  
-0.0307719  0.00606869  0.00707565  0.0933049  -0.212189  -0.240162  
-0.0311786  0.00615938  0.0072535  0.0951053  -0.214672  -0.233908  
-0.0310187  0.00602571  0.00724374  0.097424  -0.211716  -0.198269  
-0.0315269  0.00613139  0.00717051  0.109677  -0.223472  -0.227189  
-0.0317929  0.00570073  0.00716086  0.104665  -0.191097  -0.222841  
-0.031074  0.00598931  0.00729682  0.0993079  -0.232347  -0.229039  
-0.0312978  0.00571109  0.00756291  0.108628  -0.19377  -0.242995  
-0.0318801  0.00548625  0.00753709  0.105477  -0.231196  -0.207319  
-0.032176  0.00544076  0.00727858  0.0976977  -0.2684  -0.236566  
-0.0328239  0.00574002  0.00730279  0.110772  -0.274575  -0.242261  
-0.034015  0.00549102  0.00732221  0.110184  -0.225839  -0.242518  
-0.0339237  0.00548982  0.00720779  0.10319  -0.256244  -0.231803  
-0.0335677  0.00525246  0.00739311  0.103772  -0.272221  -0.231808  
-0.0334971  0.00549351  0.00727253  0.10307  -0.268671  -0.226599  
-0.0346671  0.00572868  0.00715344  0.0958417  -0.239504  -0.196128  
-0.034418  0.00577849  0.0070375  0.0942677  -0.284586  -0.186699  
-0.0348638  0.00564581  0.00697455  0.0971371  -0.267612  -0.199833  
-0.0345263  0.00608394  0.00704156  0.0926145  -0.269428  -0.209344  
-0.034382  0.0058489  0.00707845  0.0958854  -0.292544  -0.225985  
-0.0346199  0.00585612  0.00706078  0.0953053  -0.27841  -0.209569  
-0.0355513  0.00571239  0.00707893  0.0911719  -0.287639  -0.173951  
-0.035415  0.00580752  0.00700905  0.0917143  -0.307157  -0.191738  
-0.0360989  0.00567857  0.00691455  0.0945663  -0.29856  -0.191803  
-0.0366233  0.00553564  0.00703638  0.103814  -0.29041  -0.173956  
-0.037185  0.00544677  0.00713702  0.108385  -0.299526  -0.168024  
-0.0373335  0.00538135  0.00716622  0.107735  -0.314637  -0.153335  
-0.0361328  0.00598292  0.00746831  0.110821  -0.30238  -0.172044  
-0.0361173  0.00581172  0.00737047  0.113719  -0.290327  -0.184341  
-0.0363835  0.00569408  0.0074392  0.113429  -0.270895  -0.176802  
-0.0360508  0.00574691  0.00748773  0.111301  -0.306088  -0.181465  
-0.0358094  0.00580689  0.00750926  0.109998  -0.304693  -0.168613  
-0.0356302  0.00585677  0.00768405  0.116317  -0.309322  -0.185978  
-0.0362138  0.00587478  0.00735895  0.104734  -0.293157  -0.16624  
-0.0363012  0.0060169  0.00735895  0.100023  -0.304664  -0.169559  
-0.0352773  0.00636717  0.00750169  0.105222  -0.337259  -0.163486  
-0.0358529  0.00638867  0.00752091  0.104173  -0.271958  -0.15956  
-0.0353067  0.00642514  0.00754055  0.106974  -0.320141  -0.173541  
-0.0358989  0.00628327  0.00749766  0.110666  -0.300473  -0.171316  
-0.0362592  0.00641854  0.00754545  0.108646  -0.301061  -0.163512  
-0.0364326  0.00642402  0.00778267  0.104038  -0.309897  -0.172094  
-0.0361306  0.00670967  0.00746453  0.104983  -0.333939  -0.163128  
-0.0367864  0.00633002  0.00762334  0.108829  -0.310061  -0.189188  
-0.0366419  0.00637694  0.00762295  0.101098  -0.306172  -0.168845  
-0.0364659  0.00647546  0.00758562  0.101097  -0.335123  -0.160603  
-0.0368516  0.00647681  0.00780948  0.112009  -0.305543  -0.155588  
-0.037174  0.00658117  0.00735896  0.100538  -0.294566  -0.146386  
-0.0362066  0.00647403  0.00748876  0.101132  -0.334065  -0.168243  
-0.0361969  0.00639384  0.00795049  0.113974  -0.292809  -0.194201  
-0.0346306  0.00642603  0.0079505  0.110856  -0.297222  -0.201458  
-0.0341782  0.00643545  0.00786124  0.108012  -0.303514  -0.207318  
-0.0345796  0.00658852  0.00795049  0.112133  -0.277272  -0.208549  
-0.034607  0.0061944  0.00771814  0.107866  -0.273145  -0.210586  
-0.0344412  0.00629964  0.00788026  0.108782  -0.278857  -0.201448  
-0.0353208  0.00633701  0.00784898  0.110571  -0.298613  -0.201532  
-0.0353717  0.00621612  0.00774805  0.112189  -0.282107  -0.206233  
-0.0356517  0.00620817  0.00766728  0.111987  -0.289452  -0.219555  
-0.0354999  0.00633593  0.00788731  0.110047  -0.287913  -0.197545  
-0.0353253  0.00627892  0.00790827  0.10563  -0.312001  -0.201546  
-0.0351626  0.00646112  0.00774066  0.109349  -0.296463  -0.208743  
-0.0343733  0.00637494  0.00775603  0.109113  -0.318988  -0.262629  
-0.0335873  0.00632897  0.0080343  0.113632  -0.25215  -0.278792  
-0.0352515  0.0062512  0.00783716  0.108644  -0.308102  -0.237183  
-0.0350068  0.00635809  0.00774818  0.108862  -0.3139  -0.216293  
-0.0360024  0.00646752  0.00777079  0.108207  -0.254076  -0.215671  
-0.036462  0.00588665  0.00771265  0.110307  -0.274999  -0.217133  
-0.0357989  0.00583943  0.00773067  0.116022  -0.308602  -0.238885  
-0.0360759  0.00600601  0.00773002  0.115963  -0.307057  -0.233899  
-0.0371491  0.00610783  0.0080057  0.120239  -0.293479  -0.211416  
-0.0372743  0.00599315  0.00787571  0.112821  -0.300174  -0.211759  
-0.0372627  0.00594903  0.00776057  0.109874  -0.324196  -0.202798  
-0.0371957  0.00597714  0.008065  0.114154  -0.32835  -0.212174  
-0.0369524  0.00588162  0.00792672  0.11482  -0.318443  -0.231852  
-0.0375471  0.00595192  0.00787936  0.109697  -0.286049  -0.223641  
-0.0368218  0.0061886  0.00777421  0.110991  -0.311966  -0.252669  
-0.0365257  0.00602833  0.00783178  0.107215  -0.320209  -0.237525  
-0.0371234  0.00598302  0.00799252  0.110426  -0.291471  -0.2378  
-0.0376396  0.00598443  0.00766868  0.104815  -0.31077  -0.2249  
-0.0372111  0.00581904  0.00759601  0.100977  -0.325072  -0.229238  
-0.0373022  0.0058536  0.0077032  0.104546  -0.309345  -0.235894  
-0.0375522  0.00611712  0.00759601  0.103631  -0.305331  -0.233831  
-0.0378435  0.00587318  0.00759601  0.0956842  -0.313121  -0.223346  
-0.0378259  0.00575893  0.00759601  0.097971  -0.319046  -0.230681  
-0.0379722  0.0058688  0.00778315  0.102985  -0.347479  -0.235657  
-0.0388415  0.00590019  0.00759601  0.0987485  -0.298767  -0.233445  
-0.0377925  0.00596214  0.00759601  0.0953305  -0.349956  -0.238959  
-0.0383579  0.0059254  0.00759601  0.103005  -0.288944  -0.232644  
-0.0378424  0.00594685  0.00759601  0.095413  -0.26404  -0.239448  
-0.0375168  0.00595245  0.00746519  0.0957297  -0.313991  -0.251387  
-0.0379175  0.0057194  0.00759601  0.111962  -0.303898  -0.24867  
-0.0374385  0.00584893  0.00759601  0.108368  -0.277701  -0.255554  
-0.0363885  0.00580767  0.00759601  0.107737  -0.298671  -0.263702  
-0.0359932  0.0059128  0.00740799  0.0999118  -0.285603  -0.280921  
-0.0364818  0.00598837  0.00720967  0.0960884  -0.210709  -0.272971  
-0.0364406  0.00589453  0.00735887  0.0954331  -0.272439  -0.281743  
-0.0366251  0.0058936  0.00738648  0.103035  -0.271936  -0.325548  
-0.0366477  0.00625565  0.00730737  0.1128  -0.269137  -0.309097  
-0.0368293  0.00624251  0.00732997  0.104324  -0.271428  -0.315064  
-0.0366082  0.00645059  0.00733907  0.105546  -0.260784  -0.324085  
-0.0368255  0.00646372  0.00742874  0.10438  -0.272876  -0.313159  
-0.0359623  0.00647382  0.00752994  0.109392  -0.259033  -0.286254  
-0.0358607  0.00639982  0.00745395  0.120473  -0.21246  -0.290198  
-0.0364409  0.00629015  0.00742598  0.112152  -0.210542  -0.282617  
-0.0367823  0.00593403  0.00741023  0.108121  -0.238901  -0.243786  
-0.036521  0.00608296  0.00735803  0.120423  -0.259717  -0.259437  
-0.0368849  0.00607536  0.00712033  0.108769  -0.216545  -0.255165  
-0.0371307  0.00613091  0.00712033  0.105065  -0.260542  -0.251422  
-0.0371983  0.00598403  0.00712032  0.111992  -0.250451  -0.279116  
-0.0377445  0.00599328  0.00728432  0.108536  -0.233652  -0.240972  
-0.0379258  0.00626342  0.00712033  0.112911  -0.256077  -0.247488  
-0.0381429  0.00626679  0.00705829  0.107079  -0.261081  -0.28747  
-0.0379652  0.00659223  0.00704777  0.107293  -0.279803  -0.284267  
-0.0380642  0.00656418  0.00712033  0.107248  -0.265577  -0.279678  
-0.0390687  0.00658821  0.00712033  0.108325  -0.263788  -0.262857  
-0.0397604  0.00719967  0.00699329  0.106738  -0.258474  -0.255516  
-0.0397951  0.00736438  0.00712033  0.110832  -0.255485  -0.21392  
-0.0395431  0.00742887  0.00729956  0.113975  -0.269708  -0.222079  
-0.0396544  0.00698185  0.00721817  0.109599  -0.232385  -0.260654  
-0.0394965  0.00711093  0.00723368  0.114105  -0.278751  -0.23095  
-0.039506  0.00723646  0.0073143  0.115167  -0.293555  -0.223268  
-0.0405962  0.00735359  0.0075643  0.120472  -0.240241  -0.203768  
-0.0405272  0.00723646  0.00746036  0.118025  -0.286885  -0.214167  
-0.0400553  0.00723646  0.00743197  0.120485  -0.307119  -0.228663  
-0.0404034  0.00729695  0.00744167  0.124538  -0.261628  -0.238585  
-0.040775  0.00702775  0.00745103  0.114491  -0.267873  -0.224602  
-0.0399693  0.00711591  0.0075643  0.11463  -0.277663  -0.238296  
-0.0392254  0.00724671  0.0075643  0.120482  -0.274274  -0.24515  
-0.0389024  0.00714847  0.0075643  0.120481  -0.26529  -0.234668  
-0.0392862  0.00736974  0.00784359  0.118412  -0.273474  -0.231573  
-0.0377396  0.00776787  0.00790625  0.126718  -0.244648  -0.263299  
-0.0378013  0.00764591  0.0078064  0.122765  -0.252586  -0.283234  
-0.0386708  0.00719873  0.0075643  0.119841  -0.286236  -0.296648  
-0.0383964  0.00707736  0.00743298  0.112216  -0.289958  -0.26205  
-0.0390203  0.00704551  0.0075643  0.125504  -0.299411  -0.261872  
-0.0397409  0.007105  0.00731167  0.122022  -0.291153  -0.234494  
-0.0398206  0.00748737  0.00734436  0.117813  -0.295785  -0.211862  
-0.0391469  0.00752399  0.00723854  0.125348  -0.292152  -0.224023  
-0.0390841  0.00718457  0.0073998  0.125719  -0.290425  -0.239284  
-0.0390038  0.00719313  0.00737198  0.129562  -0.287833  -0.240409  
-0.0394876  0.00714624  0.00752128  0.124464  -0.289715  -0.235254  
-0.039731  0.00711679  0.00735533  0.123864  -0.272614  -0.239329  
-0.039339  0.00724525  0.00728651  0.126449  -0.285565  -0.242567  
-0.0383578  0.00715881  0.00770081  0.147148  -0.272721  -0.235911  
-0.0379706  0.00714231  0.00760533  0.151613  -0.277876  -0.253165  
-0.0379398  0.00730765  0.00745412  0.140833  -0.284287  -0.250323  
-0.0379316  0.00725534  0.00739004  0.139243  -0.237205  -0.259308  
-0.0388361  0.00726891  0.00738212  0.132103  -0.261061  -0.230655  
-0.039107  0.00739186  0.00753358  0.137501  -0.271554  -0.24346  
-0.0395987  0.00733421  0.00730426  0.134254  -0.266936  -0.236782  
-0.0400109  0.0071488  0.00734902  0.132395  -0.277433  -0.24144  
-0.0400275  0.00746185  0.00732444  0.138955  -0.284281  -0.242452  
-0.0397086  0.00757934  0.00741952  0.14266  -0.291653  -0.260246  
-0.0398635  0.00757875  0.0076866  0.138567  -0.271  -0.24721  
-0.0396071  0.00791917  0.00740433  0.137734  -0.284157  -0.239214  
-0.0394793  0.00785707  0.00736572  0.139989  -0.287833  -0.256048  
-0.038938  0.00795772  0.00730578  0.137566  -0.292215  -0.27709  
-0.0386812  0.0079868  0.00743629  0.139972  -0.275153  -0.311679  
-0.0383407  0.00822817  0.00746039  0.148023  -0.2541  -0.284896  
-0.0391353  0.00842032  0.00755862  0.149872  -0.247162  -0.270149  
-0.0384229  0.0085655  0.00730717  0.148479  -0.260791  -0.286326  
-0.0381411  0.00882732  0.00717479  0.148514  -0.253819  -0.297728  
-0.0383335  0.00874064  0.00717479  0.15013  -0.252539  -0.297383  
-0.0384187  0.0087717  0.00707375  0.149398  -0.263679  -0.297778  
-0.038634  0.00870595  0.0073559  0.151667  -0.276169  -0.270051  
-0.0387753  0.00842032  0.00734964  0.150686  -0.276309  -0.288326  
-0.0394809  0.00842032  0.00729721  0.148881  -0.256961  -0.287906  
-0.0390925  0.00842032  0.00711316  0.147125  -0.258491  -0.292797  
-0.0390537  0.00833573  0.00725039  0.155247  -0.26553  -0.302531  
-0.0387409  0.00853811  0.00736563  0.170294  -0.26093  -0.284625  
-0.0383423  0.00847885  0.00734327  0.167835  -0.266971  -0.313787  
-0.0386291  0.0085731  0.00752308  0.166322  -0.240339  -0.30156  
-0.0384735  0.00843015  0.00740789  0.170408  -0.250407  -0.340723  
-0.038402  0.00867003  0.0072194  0.16573  -0.251333  -0.309211  
-0.0378348  0.00852599  0.00722649  0.15978  -0.24816  -0.316325  
-0.0378362  0.00850693  0.00754886  0.157836  -0.265099  -0.335757  
-0.0378772  0.00879829  0.00728282  0.166366  -0.251244  -0.320553  
-0.0383488  0.00883615  0.00729671  0.16139  -0.249106  -0.303662  
-0.0377356  0.00844419  0.00739501  0.160262  -0.281545  -0.321124  
-0.0378696  0.00877223  0.00764008  0.166359  -0.231361  -0.340053  
-0.0377003  0.0087395  0.00792169  0.159538  -0.275697  -0.33546  
-0.0376223  0.00866372  0.00789222  0.163816  -0.311426  -0.347588  
-0.0377094  0.00888294  0.00861664  0.171207  -0.386952  -0.300333  
-0.0389653  0.00896506  0.00832094  0.16618  -0.351546  -0.208212  
-0.0394974  0.00846492  0.00817617  0.157396  -0.342174  -0.144079  
-0.03923  0.00851326  0.00865655  0.150092  -0.364775  -0.142196  
-0.0404653  0.0089952  0.00889912  0.159835  -0.332368  -0.116244  
-0.040073  0.00891795  0.00877643  0.162789  -0.387205  -0.0926392  
-0.0408089  0.00861646  0.00885171  0.170331  -0.392075  -0.109343  
-0.0412754  0.00866717  0.00893547  0.169199  -0.354685  -0.0812357  
-0.041201  0.00869265  0.00908635  0.172024  -0.382227  -0.0744129  
-0.0410403  0.00871206  0.00945185  0.182835  -0.404028  -0.111255  
-0.0414866  0.00904776  0.00943787  0.182796  -0.369215  -0.094021  
-0.0411672  0.00855769  0.00951427  0.17865  -0.415905  -0.0904428  
-0.041816  0.00906899  0.00951427  0.182752  -0.332184  -0.0495317  
-0.0414964  0.00865769  0.00951427  0.175042  -0.391629  -0.075894  
-0.0411277  0.0090723  0.00951428  0.182701  -0.407726  -0.0864898  
-0.0413722  0.00894427  0.00970169  0.182702  -0.371528  -0.0668077  
-0.0408155  0.00905344  0.00969943  0.176015  -0.385527  -0.0628749  
-0.0412183  0.00862587  0.0097325  0.175236  -0.37068  -0.0528195  
-0.0413377  0.00879916  0.00964984  0.169591  -0.376164  -0.0858451  
-0.0416004  0.00874885  0.00913375  0.157192  -0.375316  -0.077561  
-0.0411218  0.00884368  0.00951428  0.169863  -0.422519  -0.0701909  
-0.0416032  0.00860716  0.00951428  0.169893  -0.353858  -0.0518013  
-0.0412362  0.00829463  0.00936637  0.163555  -0.405607  -0.0556146  
-0.0414011  0.00874683  0.00951428  0.169881  -0.409631  -0.0586549  
-0.0418228  0.00837915  0.00941337  0.160268  -0.375585  -0.0375547  
-0.0419123  0.00854779  0.0093411  0.158268  -0.388068  -0.0474668  
-0.0413842  0.00848331  0.00972587  0.169861  -0.410354  -0.0510241  
-0.041614  0.00846779  0.00974783  0.163203  -0.377894  -0.0532345  
-0.0406758  0.00882777  0.00946289  0.149986  -0.417158  -0.0452006  
-0.0408004  0.0084497  0.00910083  0.153439  -0.444984  -0.0440441  
-0.0411361  0.00804935  0.00910083  0.153494  -0.409593  -0.0399948  
-0.0412565  0.00787169  0.00893244  0.14101  -0.430878  -0.0248694  
-0.0412037  0.00808718  0.00939993  0.143535  -0.462132  -0.00270142  
-0.0416964  0.00802033  0.00945685  0.144469  -0.39572  0.00171592  
-0.0419089  0.00787786  0.00953523  0.1485  -0.424903  0.00777399  
-0.0418662  0.00798307  0.00953524  0.145201  -0.465654  0.0173485  
-0.0428235  0.00797685  0.00953523  0.14413  -0.391505  0.0467425  
-0.0416964  0.00837438  0.00953524  0.142389  -0.449739  0.0232985  
-0.0431861  0.00831341  0.00953524  0.149187  -0.389797  0.0485327  
-0.0428844  0.00838233  0.00953524  0.144305  -0.442412  0.0433532  
-0.042758  0.00861234  0.00953524  0.144623  -0.452138  0.0406295  
-0.043428  0.00862977  0.00953524  0.146611  -0.43656  0.0764521  
-0.0434392  0.00843684  0.00953524  0.138859  -0.419412  0.0522094  
-0.0428559  0.00852525  0.00986456  0.149728  -0.462875  0.0402448  
-0.0431001  0.00849418  0.00953524  0.147687  -0.437171  0.0239476  
-0.0433753  0.00860895  0.00961584  0.139678  -0.445318  0.0635076  
-0.0427216  0.00861487  0.00953525  0.132909  -0.484412  0.0781592  
-0.04342  0.00852678  0.00968408  0.144997  -0.453078  0.0706778  
-0.0432312  0.00880443  0.00984493  0.143861  -0.439304  0.0897558  
-0.0430177  0.00871196  0.00994672  0.150266  -0.478962  0.0767703  
-0.0434207  0.00852678  0.00995702  0.150307  -0.433701  0.0992457  
-0.043344  0.00852678  0.00962412  0.142854  -0.466631  0.0780291  
-0.0437225  0.00852678  0.00953525  0.141685  -0.447213  0.0630592  
-0.0439624  0.00852678  0.00953525  0.139951  -0.453574  0.0929234  
-0.0432947  0.00865468  0.00912483  0.128798  -0.477565  0.0718788  
-0.044338  0.00917175  0.00953526  0.139097  -0.473715  0.0777739  
-0.0436846  0.00884893  0.00896405  0.119108  -0.530327  0.0917297  
-0.0437911  0.00891024  0.00955629  0.13515  -0.498666  0.0886575  
-0.0435827  0.0089601  0.00927285  0.13106  -0.504325  0.0817797  
-0.0426899  0.00912644  0.00955589  0.130902  -0.528972  0.0826432  
-0.0430014  0.00898252  0.00963814  0.130917  -0.465765  0.100994  
-0.0430161  0.00902471  0.00949946  0.127278  -0.491447  0.091036  
-0.0424781  0.00881125  0.00947488  0.13101  -0.517546  0.0853839  
-0.0427407  0.00891611  0.00962673  0.13756  -0.46682  0.109813  
-0.0426891  0.00908846  0.00969181  0.137794  -0.50234  0.121467  
-0.0429697  0.00902935  0.00980599  0.137036  -0.510069  0.113072  
-0.0429637  0.0091796  0.00996466  0.143015  -0.498013  0.114506  
-0.0429884  0.00908806  0.00962673  0.136463  -0.490125  0.115147  
-0.0434688  0.00910486  0.00981594  0.132659  -0.507185  0.119845  
-0.0425921  0.009024  0.00937673  0.128908  -0.513882  0.0886021  
-0.043244  0.0092851  0.00962673  0.12876  -0.469303  0.103801  
-0.0426212  0.0092494  0.00926205  0.122448  -0.505223  0.103308  
-0.0431592  0.00918526  0.00941249  0.134912  -0.521006  0.102012  
-0.0435671  0.00905562  0.00954774  0.128868  -0.485196  0.117804  
-0.0427214  0.00953953  0.00962647  0.132467  -0.537173  0.0826812  
-0.0429897  0.00941101  0.00962648  0.128726  -0.493309  0.110858  
-0.0429429  0.00963538  0.0100782  0.138121  -0.497021  0.116373  
-0.0426324  0.00971977  0.0100369  0.139242  -0.516264  0.120876  
-0.043377  0.00954458  0.0100377  0.141147  -0.492272  0.125761  
-0.0426343  0.00958919  0.01024  0.142001  -0.520988  0.132649  
-0.0429018  0.00950488  0.010156  0.14586  -0.495509  0.129094  
-0.0428809  0.00940075  0.0102561  0.139494  -0.47704  0.171981  
-0.0421713  0.00957795  0.0101972  0.145828  -0.54895  0.128227  
-0.0423135  0.00951534  0.0101864  0.145848  -0.497261  0.137584  
-0.0418011  0.0094142  0.0100356  0.145956  -0.540142  0.10645  
-0.041914  0.00949832  0.00987784  0.145996  -0.501959  0.123785  
-0.0419415  0.00990487  0.0100535  0.152143  -0.539703  0.103225  
-0.0420639  0.00964906  0.00998962  0.145163  -0.498169  0.109804  
