-0.0171966  0.00167298  -0.00017317  -0.0813127  -0.371371  0.252315  
-0.0164236  0.00161556  0.000209033  -0.0893266  -0.284316  0.294257  
-0.0165076  0.00176498  -0.000130419  -0.0793543  -0.332561  0.292532  
-0.0159196  0.00154389  -0.000178962  -0.0863887  -0.292545  0.283771  
-0.0167002  0.00186617  1.33193e-05  -0.101739  -0.317453  0.287695  
-0.0176235  0.00233799  -0.000176321  -0.100029  -0.325134  0.294697  
-0.0170581  0.00231594  -0.000213284  -0.11679  -0.312669  0.332609  
-0.0170031  0.00194296  -0.000558061  -0.118588  -0.331524  0.337574  
-0.0182136  0.00239396  -7.9504e-05  -0.118884  -0.336206  0.362203  
-0.0183357  0.00292338  9.12961e-05  -0.116279  -0.35305  0.356454  
-0.0200129  0.00311056  -9.60814e-05  -0.12134  -0.365018  0.359008  
-0.0212352  0.0030227  -0.000640539  -0.121628  -0.408925  0.37422  
-0.0214808  0.00301635  0.00030466  -0.122059  -0.392709  0.383124  
-0.0217924  0.00311056  0.000314757  -0.123176  -0.43243  0.41637  
-0.0202245  0.00330915  0.000170644  -0.124022  -0.388408  0.388028  
-0.0190452  0.00311056  -0.000276717  -0.11603  -0.357132  0.326081  
-0.0175248  0.00311056  -0.000690082  -0.114638  -0.344216  0.337276  
-0.0177733  0.00311056  -0.000249071  -0.127342  -0.308005  0.334837  
-0.0208245  0.00322809  -8.51035e-05  -0.116923  -0.384885  0.342089  
-0.02274  0.00251611  0.000318355  -0.118637  -0.389935  0.380677  
-0.0219034  0.00232961  0.000347916  -0.128134  -0.368172  0.433538  
-0.0226573  0.00232961  0.000368113  -0.114904  -0.418429  0.476986  
-0.0199989  0.00189907  0.000626351  -0.0983943  -0.347134  0.463459  
-0.0204474  0.00183255  0.000758738  -0.0847969  -0.372383  0.451816  
-0.0196976  0.00182528  0.000929554  -0.0819264  -0.347068  0.401142  
-0.0190006  0.00161797  0.000857017  -0.0817187  -0.35071  0.443237  
-0.0213941  0.00161671  0.00101155  -0.0899959  -0.361002  0.446551  
-0.0216379  0.00156527  0.00088554  -0.0834984  -0.377409  0.470853  
-0.0183573  0.00177706  0.00038164  -0.0803768  -0.349144  0.440811  
-0.0185673  0.00139648  0.000831699  -0.0806038  -0.31179  0.453547  
-0.0179882  0.00145148  0.000618473  -0.0839491  -0.347874  0.442133  
-0.0182109  0.000854752  0.000584004  -0.0700669  -0.296524  0.445467  
-0.0182161  0.000258663  0.000780476  -0.0706313  -0.340832  0.460615  
-0.0182426  0.00029162  0.000842822  -0.0623677  -0.295973  0.44017  
-0.0179102  7.24456e-05  0.000703648  -0.0440687  -0.334749  0.451366  
-0.0184369  -0.000400389  0.000616691  -0.0637965  -0.287528  0.465344  
-0.018268  4.60462e-05  0.000660302  -0.0647543  -0.315019  0.4425  
-0.017682  -1.09562e-05  0.000193483  -0.057489  -0.295062  0.44193  
-0.0186206  -0.000250309  0.000636085  -0.0676196  -0.299396  0.450993  
-0.0184416  -6.77585e-05  0.000193483  -0.0538514  -0.306117  0.435036  
-0.0178391  -7.73639e-05  0.000199678  -0.0652002  -0.269387  0.447012  
-0.0170675  4.68884e-05  -3.34284e-05  -0.058359  -0.29599  0.394103  
-0.0163121  -1.63377e-05  -3.46539e-05  -0.0506238  -0.26168  0.395605  
-0.0157979  -0.000341276  0.000151534  -0.0537544  -0.25965  0.416534  
-0.0160346  0.000147238  -9.95864e-05  -0.0585277  -0.285139  0.410946  
-0.0167177  0.000313918  0.000235539  -0.0640821  -0.255674  0.414907  
-0.0170055  0.00074714  -4.78612e-06  -0.0700496  -0.283137  0.417593  
-0.0174604  0.00074714  0.000364373  -0.0701017  -0.238446  0.421943  
-0.017942  0.000985776  0.000501486  -0.0683491  -0.31137  0.402739  
-0.0174432  0.0010866  0.000373675  -0.0571025  -0.254089  0.437512  
-0.0172521  0.00118054  0.000107029  -0.0612682  -0.287908  0.412466  
-0.0164857  0.0013819  0.000403324  -0.0723345  -0.230209  0.412127  
-0.0159174  0.00237923  0.00035411  -0.0861373  -0.256676  0.382684  
-0.0148118  0.00237923  0.000317178  -0.0780729  -0.224581  0.377831  
-0.0149394  0.00210949  0.000409622  -0.0769808  -0.229186  0.394316  
-0.0144377  0.00196688  0.000449262  -0.070633  -0.249137  0.408039  
-0.0144322  0.00177279  0.00031081  -0.0705406  -0.207556  0.405159  
-0.0144644  0.00166782  0.000156231  -0.0705097  -0.232062  0.371184  
-0.0143133  0.00139713  -9.55307e-05  -0.0655053  -0.225975  0.371234  
-0.0150782  0.00113959  -4.03872e-05  -0.0703641  -0.190137  0.382549  
-0.0146726  0.00124594  -7.11162e-05  -0.0704041  -0.231243  0.372785  
-0.0149017  0.00127677  -0.000178501  -0.0665254  -0.196363  0.406637  
-0.0147587  0.0012429  -6.82478e-05  -0.0703722  -0.210628  0.406563  
-0.0150816  0.00119918  -8.29776e-05  -0.0703703  -0.209535  0.388129  
-0.0150955  0.00113525  -3.9683e-05  -0.0769504  -0.185061  0.409268  
-0.0145869  0.000946424  -0.000102092  -0.0703273  -0.21008  0.405195  
-0.0148721  0.000946424  8.03429e-05  -0.0703719  -0.186547  0.431404  
-0.0147385  0.000946424  -0.000529768  -0.0702308  -0.226668  0.40448  
-0.0153648  0.000896047  -0.000401651  -0.0702502  -0.210719  0.384963  
-0.0155669  0.000708984  -0.000463911  -0.0774853  -0.197457  0.4016  
-0.0149314  0.000430609  -0.000286765  -0.0701698  -0.212655  0.377869  
-0.0149598  0.000317406  -0.00049434  -0.0615229  -0.164122  0.396488  
-0.0146849  0.000319094  -0.000397205  -0.061806  -0.191932  0.385655  
-0.0148051  0.000230011  -0.000331071  -0.0609709  -0.179372  0.366005  
-0.0145184  0.000541522  -0.000573071  -0.0542291  -0.172342  0.349186  
-0.0150584  0.000503824  -0.000341132  -0.0608092  -0.197716  0.365451  
-0.0149962  0.000511693  -0.000464512  -0.0591015  -0.162448  0.381394  
-0.0147672  0.00050666  -0.000565667  -0.0566829  -0.188683  0.380386  
-0.0153313  0.00039493  -0.000403652  -0.0701093  -0.155472  0.371766  
-0.0151697  0.0004951  -0.000445038  -0.0465468  -0.179623  0.379444  
-0.0158183  0.000136984  -0.000337161  -0.0549045  -0.170241  0.369061  
-0.0149829  0.000194518  -0.000428487  -0.0530424  -0.175946  0.381304  
-0.0161267  0.000136984  -0.000299137  -0.054946  -0.186521  0.393023  
-0.0169407  0.000136984  -0.000293333  -0.0604664  -0.171396  0.420064  
-0.0163904  0.000136984  -0.000835511  -0.0559688  -0.201139  0.410957  
-0.0171457  0.000136984  -0.000447779  -0.0584608  -0.178381  0.431004  
-0.0169336  0.000136984  -0.000767912  -0.0526528  -0.219651  0.432963  
-0.0173119  0.00021525  -0.000485939  -0.0615814  -0.176701  0.420394  
-0.0168253  0.000136984  -0.00087276  -0.0532569  -0.200704  0.43089  
-0.0170965  -0.000272408  -0.000341662  -0.0477391  -0.182285  0.406519  
-0.0168478  0.000136984  -0.000846767  -0.0451972  -0.173693  0.40866  
-0.0165401  -0.000246607  -0.000863223  -0.043557  -0.208815  0.395597  
-0.0170418  0.000192846  -0.000814176  -0.0429232  -0.17048  0.397456  
-0.0161733  0.000136984  -0.000633173  -0.0435082  -0.201264  0.389307  
-0.0163991  0.000136984  -0.000421919  -0.0492874  -0.161405  0.364679  
-0.0158822  0.000136984  -0.000582642  -0.0443743  -0.177383  0.394897  
-0.0157384  -0.000282954  -0.000467925  -0.0468257  -0.162206  0.387686  
-0.0156251  0.000136984  -0.000609312  -0.0458266  -0.182349  0.385874  
-0.0147553  0.000136984  -0.000649793  -0.0449855  -0.17627  0.378464  
-0.015063  0.000196625  -0.00060371  -0.0470941  -0.162594  0.394999  
-0.0142002  0.000136984  -0.00100944  -0.0272789  -0.196754  0.363767  
-0.0137762  3.55123e-05  -0.000612213  -0.0273112  -0.170723  0.368071  
-0.0139055  -8.99368e-06  -0.000436842  -0.0357458  -0.179099  0.373963  
-0.0134968  -0.000265159  -0.000367506  -0.0454784  -0.165133  0.378865  
-0.0132494  -3.34726e-06  -0.000230954  -0.0456759  -0.153021  0.400019  
-0.012607  7.6437e-06  -0.000476544  -0.0433428  -0.166788  0.385978  
-0.0122911  0.000136984  -0.000530904  -0.0436229  -0.152  0.392302  
-0.0122796  0.000136984  -0.000602505  -0.0436221  -0.162132  0.368532  
-0.0116423  0.000136984  -0.000539395  -0.0436473  -0.174003  0.327343  
-0.0120311  0.00070185  -0.00059978  -0.0414747  -0.162439  0.345085  
-0.0114559  0.000588751  -0.000826612  -0.0436705  -0.176016  0.320698  
-0.0121324  0.000666542  -0.000799212  -0.043685  -0.145902  0.344142  
-0.0113556  0.000834111  -0.000892911  -0.0437233  -0.179513  0.316255  
-0.0124933  0.000515858  -0.000422617  -0.0437278  -0.138421  0.401244  
-0.0122625  0.000650853  -0.000955406  -0.0436683  -0.167151  0.387709  
-0.0124094  0.000300636  -0.000644481  -0.0522387  -0.164164  0.37071  
-0.0122229  0.000463294  -0.00100944  -0.0436187  -0.142428  0.401301  
-0.0119588  0.00038147  -0.000661722  -0.043646  -0.163238  0.37499  
-0.0122594  0.000470374  -0.000559186  -0.0289253  -0.146634  0.356946  
-0.0114476  0.000632628  -0.000608704  -0.0279581  -0.16301  0.348427  
-0.0113847  0.000533301  -0.000463053  -0.021896  -0.155034  0.319524  
-0.0116989  0.000751888  -0.000363299  -0.0295177  -0.145709  0.325002  
-0.0111463  0.0007262  -0.000559996  -0.0261288  -0.147455  0.320311  
-0.0113321  0.000563123  -0.000295124  -0.0437093  -0.127748  0.312059  
-0.0105908  0.000572659  -0.000414811  -0.0356179  -0.151058  0.327239  
-0.0107043  0.000371612  -3.71471e-05  -0.0436907  -0.124981  0.325382  
-0.0111443  0.000445841  -0.000534366  -0.0347195  -0.131198  0.319252  
-0.0107975  0.000514941  -0.000578106  -0.0269407  -0.150277  0.327508  
-0.0109527  0.000601896  -0.000176242  -0.0437031  -0.117179  0.327415  
-0.0103625  0.000779051  -0.000496529  -0.0306062  -0.149362  0.309437  
-0.00982866  0.00049182  -0.000195116  -0.0190914  -0.104622  0.343196  
-0.00998068  0.00047607  -7.68906e-05  -0.0282617  -0.156995  0.345847  
-0.0100088  0.000304639  -0.000113954  -0.0213013  -0.108628  0.369682  
-0.00920284  0.000324836  -4.75114e-05  -0.0211605  -0.136012  0.34403  
-0.0081465  7.0326e-05  0.000455154  -0.0353493  -0.10131  0.345818  
-0.00780739  0.000183422  0.000486124  -0.0312481  -0.0889479  0.362348  
-0.00716523  0.000289482  0.00036394  -0.0282052  -0.127092  0.343313  
-0.00678693  0.00033203  0.000174693  -0.0267345  -0.0953667  0.326363  
-0.0068902  0.000200169  0.000501867  -0.0272849  -0.119231  0.347424  
-0.00650718  0.000398502  0.000159662  -0.0220224  -0.119284  0.296461  
-0.00674938  -0.00011091  0.000420629  -0.0245925  -0.0916247  0.311291  
-0.00658171  8.49222e-05  0.000444509  -0.0235398  -0.105717  0.310842  
-0.00600024  -0.000194536  9.11259e-05  -0.00972098  -0.107855  0.28174  
-0.00639219  -0.000373021  0.00027255  -0.018864  -0.0749398  0.324798  
-0.00627143  -0.000384114  -4.17858e-05  -0.0070538  -0.10804  0.302388  
-0.00611923  -9.93415e-05  0.000148285  -0.00711851  -0.101072  0.300528  
-0.00686968  -0.000471587  0.000273741  -0.0188365  -0.082787  0.329584  
-0.00608927  -0.000471587  0.000250702  -0.0170863  -0.110163  0.318855  
-0.00630061  -0.000369297  0.000219679  -0.00708518  -0.0966893  0.315914  
-0.0063316  -0.000471587  0.000232275  -0.0240602  -0.0899926  0.313621  
-0.0059586  -0.000471587  0.000152054  -0.0137712  -0.108472  0.286848  
-0.00588127  -0.000548476  0.000223951  -0.0185906  -0.0880983  0.283134  
-0.00524176  -0.000471587  0.000207234  -0.0197506  -0.102499  0.291231  
-0.00515422  -0.000471587  0.000176809  -0.00706267  -0.107714  0.250555  
-0.00481183  -0.000226885  0.000250531  -0.0163126  -0.0940282  0.255187  
-0.00430807  -0.000172153  0.000177225  -0.00710542  -0.103415  0.240127  
-0.00469863  -0.000471587  0.000241242  -0.016993  -0.0787345  0.253381  
-0.00461368  -0.000471587  0.000231651  -0.00706157  -0.102163  0.238449  
-0.00452376  -0.000354195  0.000205003  -0.0106017  -0.0878569  0.223598  
-0.00502214  -0.000521739  0.000284548  -0.0114185  -0.0939836  0.232297  
-0.00473827  -0.000471587  0.000141439  -0.0108318  -0.1169  0.199061  
-0.00447643  -0.00031247  0.000341508  -0.0132197  -0.083296  0.215762  
-0.00448523  -0.000471587  0.00027138  -0.015583  -0.0988718  0.214291  
-0.00410174  -0.000471587  -4.17858e-05  -0.00703755  -0.110581  0.188958  
-0.0039241  -0.000384196  0.000170089  -0.00707202  -0.0931371  0.16696  
-0.00352637  -0.000471587  0.000229579  -0.00706875  -0.108326  0.180244  
-0.0033618  -0.000471587  -4.17858e-05  -0.00703755  -0.0991104  0.171055  
-0.00332513  -0.000471587  0.000273377  -0.00707235  -0.0884603  0.145224  
-0.00304272  -0.000273972  -4.17858e-05  0.00142568  -0.108501  0.160208  
-0.00347678  -0.000471587  0.000115398  -0.00237287  -0.0873251  0.165947  
-0.0034639  -0.000471587  0.000244676  0.00284745  -0.0855784  0.181398  
-0.00342199  -0.000471587  0.000215527  -0.00706685  -0.0854686  0.161976  
-0.0032501  -0.000566302  0.00033223  -0.00705933  -0.0777451  0.177508  
-0.00300697  -0.000471587  0.000373692  -0.00707862  -0.104464  0.165139  
-0.00323683  -0.0002858  0.000324035  4.15944e-07  -0.079078  0.172612  
-0.00304591  -0.000471587  0.00031455  -0.00707236  -0.0993692  0.169298  
-0.0033507  -0.000471587  0.000235524  0.00959474  -0.080395  0.180101  
-0.0029067  -0.000471587  0.000242996  0.00751846  -0.10857  0.171654  
-0.00411595  -8.66349e-05  0.000168188  0.00442198  -0.080687  0.184782  
-0.00297558  -0.000471587  0.000258286  0.00218498  -0.104444  0.190184  
-0.00363025  -0.000471587  0.000172547  -0.00705123  -0.0752633  0.187212  
-0.00372688  -0.000471587  -4.17858e-05  0.0113489  -0.0899139  0.167649  
-0.00300395  -0.000471587  0.000162566  0.00889398  -0.0930908  0.147522  
-0.0034256  -0.000278956  0.000245957  0.0095815  -0.0817127  0.165466  
-0.00265379  -0.000296956  0.000195816  0.00742709  -0.113037  0.152666  
-0.0031684  -0.000471587  0.000191508  -0.00705652  -0.0723718  0.168828  
-0.00271577  -0.000125764  0.000111302  0.00177495  -0.104473  0.152915  
-0.0028464  -0.000302113  0.000189671  -0.0070691  -0.0578895  0.160076  
-0.00253583  -0.000140703  0.000137673  0.00530035  -0.104492  0.125384  
-0.00237829  -0.000276713  0.000256113  -0.000177895  -0.0721085  0.128228  
-0.00247566  -0.000471587  0.000249929  0.00271722  -0.0937165  0.118955  
-0.00245299  -0.00025805  0.000215492  0.00836509  -0.0829265  0.123067  
-0.00233528  -0.000471587  0.000350918  -0.00704894  -0.068372  0.148867  
-0.00286979  -0.000374792  0.000190528  0.0108946  -0.0914136  0.121528  
-0.00282321  -0.000641877  0.000313782  0.0114389  -0.0564497  0.132742  
-0.0025074  -0.000471587  0.000373265  0.0105613  -0.0900459  0.126753  
-0.00245742  -0.000471587  0.000424966  0.0108311  -0.0786514  0.10453  
-0.00262603  -0.000471587  0.000102088  0.0157698  -0.0647038  0.104759  
-0.00222553  -0.000471587  0.000120587  0.0155294  -0.0981677  0.10413  
-0.00304306  -0.000471587  0.00023763  0.0102256  -0.0564911  0.109506  
-0.00284351  -0.000471587  -4.12685e-05  0.0227534  -0.0791648  0.0925525  
-0.00251066  -0.000471587  0.000200603  0.0137761  -0.0708026  0.0831606  
-0.00275539  -0.000910652  -4.12685e-05  0.0162459  -0.0591311  0.0996206  
-0.00250749  -0.000471587  -4.12685e-05  0.0172907  -0.0929015  0.105835  
-0.00251774  -0.000471587  0.000231473  0.0171542  -0.0646104  0.113143  
-0.00265324  -0.000471587  0.000266329  0.00170766  -0.0531566  0.123476  
-0.00226812  -0.000471587  0.000292716  0.00898455  -0.0707403  0.130062  
-0.00251252  -0.000471587  0.000210035  0.00983524  -0.0385653  0.137027  
-0.00218155  -0.000471587  0.00032888  0.0105709  -0.0817027  0.136824  
-0.0029147  -0.000525677  0.000238469  0.0106636  -0.0553127  0.158748  
-0.0021483  -0.000471587  0.00023439  0.0227258  -0.0910155  0.143387  
-0.0024178  -0.000471587  0.000338383  0.0160963  -0.0533534  0.143431  
-0.00189138  -0.000471587  0.000115514  0.00671229  -0.0871461  0.155205  
-0.0016183  -0.000471587  0.000159677  0.0108599  -0.0717683  0.121143  
-0.00141074  -0.000471587  0.000201281  0.0082638  -0.074093  0.127046  
-0.00139684  -0.000471587  0.000226887  0.00957569  -0.0871149  0.114522  
-0.00152046  -0.000471587  0.000169856  0.00995479  -0.0576272  0.132441  
-0.00141364  -0.000471587  0.000335623  0.0124758  -0.0766283  0.115387  
-0.00140186  -0.000471587  0.000442442  0.00531594  -0.0539012  0.132189  
-0.00132495  -0.000471587  0.00031397  0.0144569  -0.0871053  0.111553  
-0.00165291  -0.000471587  0.00031397  0.00562801  -0.041197  0.137522  
-0.00136295  -0.000533455  0.00031397  0.0115912  -0.0870921  0.12312  
-0.00188868  -0.000356454  0.000313971  0.0114426  -0.0428106  0.13399  
-0.00161833  -0.000471587  0.000313971  0.0087343  -0.0918505  0.138396  
-0.00175804  -0.000471587  0.000313971  0.0227471  -0.0731697  0.134523  
-0.00117999  -0.000402573  0.000313971  0.0227413  -0.0775801  0.140946  
-0.00133912  -0.000721587  0.000313971  0.0227633  -0.091812  0.121485  
-0.00135579  -0.000471587  0.000397604  0.0227476  -0.0493282  0.132302  
-0.000516836  -0.000471587  0.000313971  0.0227471  -0.0917204  0.135828  
-0.000984752  -0.000471587  0.000313971  0.0227471  -0.0558558  0.141026  
-0.000608023  -0.000471587  0.000504688  0.0227361  -0.106468  0.15427  
-0.00104461  -0.000471587  0.000519956  0.0206399  -0.0712294  0.13735  
-0.000679154  -0.000471587  0.000313971  0.0198796  -0.0855576  0.131625  
-0.000794017  -0.00031109  0.000313971  0.022732  -0.0855684  0.129212  
-0.00063052  -7.98176e-05  0.000208324  0.0136332  -0.0855819  0.113083  
-0.000346216  -4.58768e-05  0.000313971  0.00807606  -0.0490806  0.127552  
-0.00057601  0.000220346  5.16844e-05  0.0102519  -0.0868895  0.113746  
-0.000608401  -4.57634e-05  0.000215878  0.0102439  -0.0635498  0.115951  
-0.000506708  4.35772e-07  0.000115336  0.0116705  -0.0900725  0.124921  
-0.000329481  4.99506e-05  0.000194112  0.00623087  -0.0737839  0.109922  
-0.000159835  -1.76386e-05  0.000164518  0.00225895  -0.0770779  0.113119  
-0.000380073  0.000120496  9.49338e-05  0.00272779  -0.0900579  0.0846552  
-0.000249258  0.000134908  0.000142021  0.00229794  -0.0703719  0.0905532  
-0.000236584  -9.39914e-06  0.000179311  0.0112932  -0.0900424  0.0835188  
-0.000155156  0.000133141  0.000187101  0.00835307  -0.0678434  0.0973614  
-1.93556e-05  -9.43898e-05  0.000262847  0.0115561  -0.0965473  0.0958439  
-0.000443294  -9.43898e-05  0.000307045  0.00766927  -0.0559242  0.0897751  
-8.22024e-05  0.000195967  0.000191749  0.00647904  -0.092063  0.0930834  
-0.000225997  -9.43898e-05  0.000216264  0.00669503  -0.0518547  0.091436  
-0.000110928  6.93483e-05  0.000106696  0.00417246  -0.0793451  0.0956224  
2.79011e-05  -9.43898e-05  0.000222717  0.010622  -0.0686788  0.0956243  
-0.000437688  -9.43898e-05  0.000331816  0.007961  -0.0551877  0.100001  
-0.000123788  -9.43898e-05  0.000207391  0.0070423  -0.0814917  0.0895818  
-0.000328991  -0.000149855  0.000395114  0.00856784  -0.0604894  0.09144  
0.000116459  -9.43898e-05  0.000354203  0.0112216  -0.0799823  0.0931409  
-0.000112484  -0.000145372  0.000340863  0.00605821  -0.0402577  0.0887817  
-0.000387481  -9.43898e-05  0.000329525  0.00942461  -0.0587935  0.114034  
-0.000641818  -0.000178539  0.000269979  0.0161658  -0.0645189  0.0936939  
-0.000677611  -9.43898e-05  0.000226927  0.00849937  -0.0397836  0.118546  
-4.71627e-05  -0.000186427  7.36936e-05  0.00927228  -0.0723216  0.0872258  
-0.00036433  -0.000257835  0.000203792  0.0104923  -0.0442994  0.0878231  
0.000603138  -0.000375536  0.000319329  0.0140201  -0.0722705  0.0807172  
2.50165e-05  -0.000331232  0.000644479  0.0161558  -0.0447935  0.0752146  
0.000412606  -0.000507567  0.000232121  0.0227867  -0.0701484  0.0578963  
0.000270977  -0.000420064  0.000543293  0.0227934  -0.064241  0.0575034  
0.000176467  -0.000296225  0.000403498  0.0227917  -0.0642595  0.0540636  
0.000491274  -9.43898e-05  0.000335466  0.0227952  -0.0618668  0.0500954  
0.000371288  -9.43898e-05  0.000203079  0.0227996  -0.0472127  0.0906572  
0.000561035  -9.43898e-05  0.000203079  0.0227996  -0.0766283  0.078169  
0.000480849  -9.43898e-05  0.000203079  0.0227996  -0.0414324  0.086818  
0.0010805  -0.000146925  0.000203079  0.0227996  -0.064258  0.0602245  
0.00114752  -9.43898e-05  0.000363001  0.0293044  -0.0666576  0.0277505  
0.00113452  -9.43898e-05  0.000203079  0.0227996  -0.0582101  0.0330541  
0.000927419  0.000106398  0.000432932  0.0227871  -0.0722178  0.039026  
0.00103097  -9.43898e-05  0.000535258  0.0227591  -0.052794  0.0503912  
0.00112689  -3.6771e-05  0.000535258  0.0227611  -0.0843815  0.0353428  
0.00129466  -4.03816e-05  0.000535258  0.0352738  -0.0627655  0.0111532  
0.00162859  -9.43898e-05  0.00042208  0.0345371  -0.0558089  0.014249  
0.000896851  -9.43898e-05  0.000535258  0.0301348  -0.0505641  0.0142444  
0.000915081  -9.43898e-05  0.000535258  0.0227591  -0.0527152  0.0616129  
0.000905427  -9.43898e-05  0.000535258  0.0227591  -0.0488093  0.0553975  
0.000681313  -9.43898e-05  0.000640243  0.0227567  -0.0351466  0.0771165  
0.000681313  6.76645e-06  0.000535258  0.0227591  -0.0557774  0.0627537  
0.000616352  -0.000228185  0.000535258  0.019746  -0.0354316  0.0652361  
0.000926221  -9.43898e-05  0.000535258  0.0227591  -0.0558001  0.0447393  
0.000567675  -0.000151488  0.000618542  0.0287801  -0.0489873  0.0625737  
0.000610381  -9.43899e-05  0.000535258  0.0291941  -0.0557747  0.0625772  
0.000792917  -0.000166832  0.000535258  0.0303225  -0.0557636  0.0591456  
0.000673657  -0.000282727  0.000690249  0.0227656  -0.038133  0.0741507  
0.00131964  -0.000207729  0.000595111  0.0337206  -0.0557636  0.0542353  
0.00108988  -9.43899e-05  0.000779671  0.0402007  -0.0408629  0.0478283  
0.00112197  -9.43899e-05  0.000644044  0.0357349  -0.0687464  0.0471779  
0.000843743  -9.43899e-05  0.000715067  0.0292204  -0.0295364  0.0404601  
0.000839318  8.18238e-05  0.000727452  0.0322892  -0.0701796  0.0439899  
0.000266598  -0.00034439  0.000706629  0.0367053  -0.0384675  0.0405271  
0.000576396  -9.43899e-05  0.000779308  0.022751  -0.0556498  0.0575732  
0.000473947  -9.43899e-05  0.000711513  0.0272388  -0.0413498  0.0372301  
0.000819386  -9.43899e-05  0.00071915  0.0273709  -0.0427585  0.0639809  
0.000636203  -9.43899e-05  0.000730813  0.0227552  -0.0427662  0.0468189  
0.000557206  -9.43899e-05  0.000535258  0.0227591  -0.0349019  0.0517052  
0.000665885  -9.43899e-05  0.000535258  0.0227591  -0.0588023  0.0266767  
0.000307206  -9.43899e-05  0.000604307  0.0315433  -0.0304995  0.0247675  
0.000752633  -9.43899e-05  0.000663739  0.0227568  -0.0555728  0.0228698  
0.000571327  -3.82497e-08  0.000870035  0.0227592  -0.0135834  6.97647e-06  
0.000657011  -0.00034439  0.000535258  0.0330381  -0.0502646  0.0100834  
0.000657011  -9.43899e-05  0.0008301  0.0297833  -0.0196464  0.014133  
0.000589473  -9.43899e-05  0.000535258  0.0270106  -0.0577567  0.00613332  
0.000258035  -9.43899e-05  0.000596883  0.031901  -0.0329314  -0.0142679  
0.000660645  -9.43899e-05  0.000535258  0.0317446  -0.0425453  0.0144389  
0.000439298  -9.43899e-05  0.000437836  0.0327289  -0.042536  -0.0248772  
0.000773757  -9.43899e-05  0.000535258  0.0227591  -0.0127167  -0.015826  
0.000576837  -9.43899e-05  0.000535258  0.0293546  -0.0425447  -0.033883  
0.000335898  -9.43899e-05  0.000535258  0.0227591  -0.00572929  -0.0158106  
0.000677378  -9.43899e-05  0.000356085  0.0227544  -0.0439639  -0.0421  
0.000243088  -9.43899e-05  0.000276575  0.0227501  -0.00418305  -0.0158007  
0.00076481  9.4912e-05  0.000373811  0.0227648  -0.0498712  -0.0372779  
0.000630828  -9.43899e-05  0.000535258  0.0227591  0.000752617  -0.0473337  
0.000758517  -9.43899e-05  0.000535258  0.0339304  -0.0435344  -0.0203467  
0.000992636  -9.43899e-05  0.000535258  0.0227591  -0.0144238  -0.0156728  
0.000803389  -9.43899e-05  0.000535258  0.0227591  -0.0515532  -0.0286212  
0.000701888  -9.43899e-05  0.000535258  0.0306385  -0.013183  -0.0241908  
0.000937047  -9.43899e-05  0.000535258  0.0331181  -0.040814  -0.0115842  
0.000936964  -9.43899e-05  0.000535258  0.0399644  -0.0339906  -0.0328746  
0.00123214  -9.43899e-05  0.000535258  0.0296519  -0.0234315  -0.0141471  
0.00131446  -9.43899e-05  0.000535258  0.02934  -0.0486744  -0.0341967  
0.00105146  4.00188e-05  0.000595951  0.0227657  -0.0122291  -0.00833925  
0.00134068  1.12265e-05  0.000535258  0.0227597  -0.0452076  0.0143344  
0.000814898  -9.43899e-05  0.000535258  0.0227591  -0.0300034  0.00602996  
0.000756245  -9.43899e-05  0.000535258  0.0227591  -0.0438872  0.0446467  
0.000729917  -9.43899e-05  0.000732367  0.0227581  -0.0328315  0.0545928  
0.000756245  9.55854e-05  0.000535258  0.0227566  -0.0168231  0.0749479  
0.00110259  -9.43899e-05  0.000535258  0.0227591  -0.0460446  0.0584724  
0.000313558  -9.43899e-05  0.000535258  0.0206498  -0.0235877  0.0625695  
0.00131343  -9.43899e-05  0.000535258  0.0261714  -0.0460942  0.0455811  
0.000541633  8.90494e-05  0.000535258  0.0227513  -0.0016228  0.0547626  
0.00110153  -9.43899e-05  0.000535258  0.0227591  -0.0517519  0.0276109  
0.000730485  0.00025241  0.000535258  0.0161575  -0.0114051  0.0899861  
0.00032696  0.000167489  0.000436519  0.00550899  -0.0222824  0.138769  
1.27228e-05  -9.43899e-05  0.00066431  0.00190514  -0.0156556  0.0660928  
0.00139602  -0.00025818  0.00122208  -0.000937919  -0.0589958  -0.017982  
0.000302409  0.000198697  0.000861475  0.00187215  -0.0192918  0.0640498  
0.000285825  0.00072552  0.000670867  0.00182676  -0.00308336  0.0919883  
0.000234242  0.000648571  0.000450232  0.00816496  -0.00987478  0.047677  
0.00065764  0.000708553  0.000551386  0.0178945  -0.00307928  0.0718471  
0.000738662  0.000603992  0.000387293  0.00183478  -0.0396863  0.0884109  
0.000473825  0.000692994  0.000387293  0.0188665  -0.0252171  0.0548077  
0.000631828  0.000521164  0.000387293  0.0216203  -0.0332759  0.0466322  
0.000545919  0.000566325  0.000468555  0.0249487  -0.0342624  0.0408789  
0.000793911  0.000692994  0.000447815  0.0221056  -0.00707125  0.0525839  
0.0013735  0.000252468  0.000960957  0.00944023  -0.0350248  0.0581223  
0.00194754  -0.000446362  0.00120496  0.00178066  -0.0291828  0.00202087  
0.00192245  -4.63635e-05  0.00117042  0.00175972  -0.0700568  0.00902964  
0.00205291  -6.32787e-06  0.00120986  0.00178866  -0.0537722  0.00184451  
0.00283459  0.000123982  0.00118959  0.00178784  -0.0698165  -0.0135406  
0.00105101  0.000696129  0.000960957  -0.00596814  -0.0537394  0.00533029  
0.00163175  0.000864958  0.000834575  0.00796386  -0.0537914  -0.0270405  
0.00143209  0.000594094  0.00115198  0.00180848  -0.07161  0.0151675  
0.000942655  0.000904512  0.000678853  0.00184537  -0.0498879  -0.0126607  
0.00165985  0.00080144  0.000678853  0.00182491  -0.0685039  -0.0117584  
0.00165985  0.000790561  0.000562326  0.0143511  -0.0541556  -0.0827572  
0.00174351  0.00031342  0.000678853  0.0155428  -0.0367102  -0.0390379  
0.00133767  0.000650254  0.000678853  0.0111763  -0.0684859  -0.0515001  
0.00112966  0.000890074  0.000678853  0.0125982  -0.025783  -0.0253013  
0.00203809  0.000396717  0.000678853  0.00539138  -0.0662976  0.00383244  
0.00144816  0.00031342  0.000678853  0.00960328  -0.0395254  0.00166007  
0.00197255  0.00031342  0.000678853  0.0177155  -0.0639781  0.00503334  
0.00179707  0.000149324  0.000746081  0.0127175  -0.0305713  -0.0212979  
0.00292447  -0.000239825  0.000678853  0.015468  -0.0607456  -0.0332095  
0.00187651  -7.34336e-06  0.000985737  0.0179495  -0.0320746  -0.0177467  
0.00246867  -0.000100058  0.000637231  0.0204526  -0.0706494  -0.0172609  
0.00208771  -3.01545e-05  0.000825807  0.0234198  -0.035324  -0.0248327  
0.00239464  -3.01545e-05  0.000637231  0.0302344  -0.0613596  -0.0260071  
0.00209803  -3.01545e-05  0.000637231  0.0355833  -0.0476358  -0.0390187  
0.00241401  -3.01545e-05  0.000707218  0.0324288  -0.0563141  -0.0307357  
0.00218634  -3.01545e-05  0.000637231  0.0302344  -0.0562922  -0.0437447  
0.00199479  0.000249357  0.000495894  0.0302522  -0.0562743  -0.0333303  
0.00194293  9.70601e-05  0.000227496  0.0302682  -0.0562677  -0.0477799  
0.00194293  0.000248979  0.000517896  0.0302626  -0.035539  -0.0232281  
0.0018415  -3.01545e-05  0.000566413  0.0302368  -0.0514435  -0.0383638  
0.00147744  0.00014781  0.000536371  0.0302539  -0.0425442  -0.0312628  
0.0021907  -3.01545e-05  0.000591613  0.0270277  -0.0562661  -0.0504072  
0.00236358  0.000364957  0.00055918  0.030251  -0.039805  -0.0631351  
0.00135595  -3.01545e-05  0.000431559  0.0271748  -0.0572691  -0.0472678  
0.00138662  -3.01545e-05  0.000409578  0.0302593  -0.039724  -0.0506038  
0.00187105  0.000153888  0.000227496  0.0302777  -0.0397638  -0.0588159  
0.00220917  2.30531e-05  0.000227496  0.0302648  -0.0397781  -0.0558357  
0.00187105  -3.01545e-05  0.000463868  0.0302634  -0.0231093  -0.0453089  
0.00197982  -3.01545e-05  0.000227497  0.0302626  -0.0478118  -0.0376615  
0.00182809  -3.01545e-05  0.000227497  0.0227887  -0.0238653  -0.0185703  
0.00220721  0.000166378  0.000227497  0.0164117  -0.0484371  -0.0209382  
0.0024249  0.000338169  0.000227497  0.0133961  -0.0271072  -0.0322496  
0.0026588  0.000383868  0.000227497  0.00577309  -0.047355  -0.0467501  
0.0021488  0.000390399  0.000227497  0.0119106  -0.027555  -0.0437861  
0.00208019  0.000406859  0.000170939  0.0119318  -0.0354378  -0.0379443  
0.00209946  0.000399049  0.000227497  0.0119216  -0.0354433  -0.0337574  
0.0015364  0.000750861  0.000227497  -0.00368926  -0.015076  -0.0498684  
0.00192092  0.000518411  0.000227497  0.0119485  -0.0388384  -0.0579334  
0.00189625  0.000723876  0.000227497  0.0119261  -0.0117549  -0.0458678  
0.00270191  0.000452913  0.000227497  0.0119336  -0.0431147  -0.063038  
0.0016581  0.000174902  0.000227497  0.0119093  -0.00714742  -0.0262036  
0.00178729  0.000315638  0.000227497  0.000162507  -0.0371573  -0.0352661  
0.00147395  -3.01545e-05  0.000227497  -0.00795929  -0.0134319  0.00309628  
0.00173372  0.000248025  0.000317102  -0.0088632  -0.0297547  0.00425166  
0.00112128  -3.01545e-05  0.000147673  -0.00885971  -0.0270139  0.00190722  
0.00125418  0.000418864  0.000254986  -0.018158  -0.0346775  0.00788695  
0.000917432  0.000333179  0.000254986  -0.0155327  -0.0209027  0.00769327  
0.00108065  0.000382852  0.000254986  -0.0230145  -0.0317971  0.0221139  
0.000741353  0.000824338  0.000254986  -0.01811  -0.0291543  -0.00963104  
0.000907063  0.000412688  0.000254986  -0.0244169  -0.0479296  0.0221388  
0.000411429  0.000448681  1.1584e-05  -0.01935  -0.0367282  0.00768033  
0.000866218  0.000520765  0.000128365  -0.00886327  -0.0531874  0.0297247  
0.00101883  0.00048242  0.000254986  -0.00885991  -0.0450812  0.00986307  
0.00104428  0.000749807  0.000254986  -0.00887202  -0.0421349  0.0222906  
0.00114688  -3.01545e-05  0.000254986  -0.00885918  -0.0531743  0.0190244  
0.000818894  0.000596793  0.000254986  -0.008858  -0.0531909  0.00853161  
0.000659795  0.000696997  0.000254986  -0.0089095  -0.0951273  0.0370872  
0.000270307  0.000641414  5.88878e-05  -0.0088715  -0.0436599  0.0347405  
0.000876329  0.000518569  -0.000176661  -0.008856  -0.0630639  0.0390095  
0.000807664  0.0004489  0.000325888  -0.00888048  -0.0466979  0.0453483  
0.000743165  0.000631231  0.000196599  -0.00887375  -0.0334339  0.0431685  
0.000528159  0.000610997  0.000284635  -0.00889784  -0.0494931  0.0456129  
0.000513827  0.000701195  0.000217978  -0.00888034  -0.0334609  0.0464967  
0.00112028  0.000608436  0.000113668  -0.00890872  -0.0495603  0.0456163  
0.000371527  0.000875319  0.000113668  -0.00891702  -0.0256677  0.0446283  
0.000420762  0.000784551  0.000113668  0.00150158  -0.0386123  0.0483216  
0.000456698  0.000658659  0.000397743  -0.00185496  -0.0386079  0.0378191  
0.000183806  0.000986769  0.000125685  -0.00891961  -0.031839  0.0424566  
0.000685064  0.000666381  0.000517547  -0.000917332  -0.0553996  0.0411382  
0.000547802  0.000986769  0.000476646  -0.00139888  -0.0273377  0.0513776  
0.000933409  0.000691504  0.000359381  -0.00892154  -0.0562934  0.0338701  
0.00049391  0.000871389  0.000714896  -0.00892266  -0.0210939  0.0338227  
0.00170915  0.000752529  0.000367116  -0.00368687  -0.0499799  -0.00515714  
0.000459503  0.000986769  0.000651717  -0.00891007  -0.0329449  0.0333561  
0.000883212  0.000899788  0.000644432  -0.00890665  -0.0520843  0.0333845  
0.000354917  0.000702638  0.000403133  -0.00888992  -0.0351368  0.0220939  
0.000668167  0.000643332  0.000385727  -0.0219767  -0.0392309  0.033374  
0.000429013  0.000986769  0.000356583  -0.00888795  -0.0244583  0.0138099  
0.000810336  0.000594388  0.000224437  -0.00888034  -0.0251683  0.00769964  
0.000721035  0.000655452  0.000282128  -0.00888582  -0.0251669  -5.3527e-05  
0.000191955  0.00098677  0.000224438  -0.00888418  -0.0251715  -0.00251715  
0.000530051  0.000455684  0.000224438  -0.00886333  -0.0286929  0.0250979  
-0.000113159  0.000640352  0.000526777  -0.00887195  -0.00511117  0.0300612  
0.000213727  0.000586239  0.000364058  -0.00888268  -0.0417782  0.0373027  
5.90762e-05  0.000537537  0.000517522  -0.0191847  -0.0206111  0.0548515  
0.000240275  0.000374676  0.000392193  -0.0196015  -0.035063  0.0199933  
0.000190722  0.000698691  0.000224438  -0.0215053  -0.0171708  0.0548023  
0.00051283  0.0005545  0.000360801  -0.0219597  -0.0337659  0.0322677  
5.90762e-05  0.000832525  0.000224438  -0.0228707  -0.0181448  0.0484982  
0.000833551  0.0002588  0.000224438  -0.0207962  -0.0407721  0.0285666  
0.000285202  0.000450781  0.000224438  -0.0254986  1.44761e-05  0.00812069  
0.00096187  0.0002588  8.39998e-05  -0.0303628  -0.0187925  0.00888354  
0.000239068  0.0002588  0.000224438  -0.0162009  0.0230863  0.0100732  
0.000754933  0.0002588  0.000224438  -0.0261119  -0.0102561  0.00824758  
0.00109763  0.0002588  -1.16105e-06  -0.0253988  0.0156306  -0.0177182  
0.00129069  0.0002588  -6.43035e-05  -0.0251558  -0.0128928  -0.0147907  
0.000697768  0.0002588  0.000434734  -0.0185216  0.00195262  -0.0106376  
0.00103764  0.000427161  -0.000136598  -0.00884446  -0.0237454  -0.0143784  
0.000206193  0.000758295  0.000387704  -0.0174394  -0.0016829  -0.0162455  
0.000630053  0.000441969  6.12155e-05  -0.00885599  -0.0435731  -0.0192488  
0.000535764  0.0002588  0.000205139  -0.00886063  -0.0124276  -0.0107869  
0.000965544  0.0002588  -1.44241e-05  -0.00885972  -0.0358583  -0.0188151  
0.000480574  0.0002588  6.12155e-05  -0.00885966  -0.00674518  -0.0263422  
0.000826188  -8.62577e-05  6.12155e-05  -0.0292436  -0.00271017  0.00267203  
0.000817986  0.0002588  6.12155e-05  -0.00885966  0.00484806  -0.0257829  
0.000436722  0.0005088  6.12155e-05  -0.00886338  0.0244443  -0.00791078  
0.000632064  0.0002588  0.000163022  -0.0119054  -0.0178165  -0.0270382  
0.000246811  0.0002588  0.000216806  -0.00886117  0.0245873  -0.0150227  
0.000725944  0.0002588  0.000399956  -0.0115381  -0.0219007  -0.0103767  
0.000136184  0.000258801  0.000173121  -0.0088608  0.0208993  -0.00459818  
0.000805557  0.000258801  6.12156e-05  -0.00885966  -0.0144971  -0.0120346  
0.000160909  0.000147842  6.12156e-05  -0.0088627  0.0153366  -0.024858  
0.000500267  0.000258801  6.12156e-05  -0.0132831  -0.00847107  -0.0254631  
0.000200599  -2.22544e-05  0.000130157  -0.0111205  0.0149559  -0.0220025  
0.000221329  0.000258801  4.09946e-05  -0.00886764  0.005376  -0.0240836  
0.000898523  -8.28889e-06  0.000104926  -0.00886569  0.00536192  -0.0486419  
-0.000296567  0.00017432  4.09946e-05  -0.00887111  0.0367881  -0.0518245  
0.000649518  -0.000164211  4.09946e-05  -0.00886558  0.00540009  -0.0452747  
-0.000165195  7.12653e-05  4.09946e-05  -0.00886631  0.0292004  -0.0425315  
1.58487e-05  0.000258801  4.09946e-05  -0.00419161  0.00991136  -0.038325  
0.000196166  -0.000161211  4.09946e-05  -0.00885169  0.0184884  -0.0283324  
-1.1599e-05  1.99286e-05  4.09946e-05  -0.00886291  0.0387068  0.00831405  
0.000253255  -0.000262472  4.09946e-05  -0.00885268  0.0067282  0.00832641  
-4.04808e-05  -0.000312444  0.000219705  -0.00883059  0.0122855  0.0227466  
-0.000225198  -0.000161489  4.09946e-05  -0.00886048  0.0170426  0.00832904  
0.000481243  -0.000218911  4.09946e-05  3.33639e-05  0.00673067  0.00832282  
-0.000298551  -2.86326e-05  4.09946e-05  -0.00885336  0.0230465  0.0118461  
2.09294e-05  9.11605e-06  4.09946e-05  0.000495437  0.00264432  0.00314171  
0.000172466  -0.000144512  4.09946e-05  -0.00884875  0.0144384  0.0267583  
-0.000355171  -0.000144512  4.09946e-05  -0.00884875  0.0158057  0.031665  
0.000298522  2.52825e-05  -7.57902e-05  -0.0088594  0.00310888  0.020325  
-0.000106675  0.000128554  -0.000154611  -0.00887722  0.0384709  0.0322911  
0.000492489  0.000191015  4.09946e-05  -0.00507537  0.0055396  0.00045158  
-0.000199605  0.000423537  -0.000158855  -0.00888471  0.0466387  0.0232693  
0.000545904  -0.000144512  -0.000152153  -0.00884581  -0.00492399  0.0236298  
-0.000361797  0.000126046  -6.10555e-05  -0.00885294  0.0181743  0.0121215  
-0.000204935  0.000180656  -0.000136978  -0.0188688  0.0269854  0.0228523  
1.15694e-05  0.000519541  4.09946e-05  -0.00886154  0.00940608  0.00686575  
-0.000188998  0.000386854  -0.000212231  0.00172282  0.0289539  0.0187048  
0.000198932  -0.000144512  -9.05042e-05  0.00377775  0.00658013  0.0301524  
-0.000603448  0.00029874  -0.000179503  -0.0088545  0.0306077  0.0558334  
0.000194525  0.00025504  -0.000409349  -0.0223818  0.00942063  0.0419239  
-0.000471646  0.000337405  -0.000380582  -0.023691  0.0473714  0.0337277  
1.19007e-05  0.000256122  -0.000380582  -0.0239227  0.0147006  0.0191981  
-0.000303411  0.000874611  -0.000380582  -0.0375223  0.0477682  0.0195196  
0.000370243  0.000791084  -0.000527895  -0.0375049  0.0174172  0.0098376  
8.22434e-06  0.000791084  -0.000568566  -0.0375119  0.0467426  0.00603164  
0.000591392  0.000925594  -0.00081031  -0.0272642  0.019111  -0.0266202  
0.000476986  0.000791084  -0.00081031  -0.0234524  0.0280262  -0.010904  
0.00056574  0.000866832  -0.000595517  -0.0375013  0.039726  0.00881097  
0.000885072  0.000847246  -0.000810311  -0.0173824  0.0149036  -0.0570826  
0.000923719  0.000924702  -0.000438434  -0.0156324  0.0477168  -0.0683163  
0.00155329  0.000791084  -0.000507278  -0.0126314  0.0200931  -0.0900189  
0.00109926  0.000791084  -0.000476804  -0.00991777  0.0416291  -0.0818732  
0.0018273  0.000620794  -0.000399353  -0.0109681  0.0200136  -0.103462  
0.00133839  0.000791084  -0.000429691  -0.00925519  0.0295739  -0.107471  
0.00161268  0.000791084  -0.000429691  -0.0147935  0.0424572  -0.0846809  
0.00166908  0.000791084  -0.000429691  -0.0106179  0.0175659  -0.0969008  
0.00133188  0.000734013  -0.000373584  -0.0101306  0.0453346  -0.0583534  
0.00131266  0.000511019  -0.000429691  -0.0164982  0.0169024  -0.0277473  
0.000771908  0.000543331  -0.000429691  -0.017593  0.0459103  -0.00670467  
0.000992761  0.00052219  -0.000429691  -0.0374882  0.0351123  0.00431966  
0.000992761  0.000607471  -0.000429691  -0.0247515  0.0351123  -0.024511  
0.00105333  0.000904992  -0.000429692  -0.0157169  0.0351113  -0.0105625  
0.00156507  0.000607471  -0.000429692  -0.0253953  0.0146138  -0.0568046  
0.00118812  0.000844285  -0.000429692  -0.0199819  0.0314964  -0.0578048  
0.000836909  0.000817008  -0.000267625  -0.0318908  0.0351305  -0.0314092  
0.00118015  0.000961792  -9.58743e-05  -0.029342  0.0417813  -0.00405298  
0.000735307  0.00118061  -0.000269087  -0.0164772  0.0503098  -0.0349833  
0.00154161  0.0011034  -0.000319764  -0.00507768  0.023017  -0.0182322  
0.000922852  0.00123556  -0.000113525  -0.0143502  0.0568065  -0.0441975  
0.000660341  0.0012136  -0.000429692  -0.0218584  0.0364918  -0.0908036  
0.000390127  0.00127076  -0.000281301  -0.0190344  0.0445722  -0.0857058  
0.000830473  0.00145636  -0.000429692  -0.0374133  0.028395  -0.0613375  
0.000947664  0.00118149  -0.000429692  -0.0374307  0.0283899  -0.0530847  
0.00054166  0.000973337  -0.000429692  -0.0266396  0.0284315  -0.0349714  
-0.000584193  0.00109995  -0.000251769  -0.0374625  0.0598273  -0.000713259  
9.37947e-06  0.00148892  -0.000429692  -0.0374397  0.02605  -0.0126527  
-0.00019964  0.000859075  -0.000429692  -0.037469  0.0472027  0.00349376  
5.1612e-05  0.00109856  -0.000429692  -0.037466  0.038043  0.00666977  
-0.00050516  0.000914763  -0.000429692  -0.0409602  0.0495597  0.0377328  
-0.000349842  0.000836137  -0.000429692  -0.0489549  0.0306274  0.0535258  
-0.000957653  0.000607471  -0.000429692  -0.044278  0.0306172  0.0269932  
-0.000844222  0.000781776  -0.000429693  -0.0374664  0.0306226  0.0261353  
2.48872e-05  0.00125054  -0.000429693  -0.0374592  0.0207288  -0.0222475  
-0.000444068  0.000607471  -0.000429693  -0.0374581  0.0762454  -0.00496184  
0.00017299  0.000607471  -0.000429693  -0.0374581  0.0317124  -0.0322779  
-0.000313843  0.000372778  -8.91752e-05  -0.042364  0.0784119  -0.00361305  
0.000166844  0.000607471  -0.000141635  -0.0374337  0.046755  -0.00992785  
-0.000479096  0.000607471  -0.000196746  -0.0552293  0.0890121  0.00525265  
7.53923e-05  0.000712934  -0.000139967  -0.0542797  0.0435888  -0.0473201  
-0.000680424  0.000607471  -0.000217446  -0.0514007  0.0726676  -0.0154281  
2.10927e-05  0.000607471  -0.000215946  -0.0374481  0.0520133  -0.0614454  
-0.000752572  0.000771841  -0.000429693  -0.0374544  0.0831127  -0.0189798  
0.00012029  0.000787601  -0.000429693  -0.0430988  0.0408465  -0.0272694  
-0.000774897  0.000689706  -0.000199597  -0.054501  0.0793321  0.0567055  
-0.00194216  0.000607471  -0.000429693  -0.0461194  0.0740295  0.102428  
-0.00128987  0.000607471  -0.000298694  -0.0541542  0.0693857  0.0559674  
-0.00170767  0.000530979  -8.39813e-05  -0.0520813  0.0792939  0.0701723  
-0.000999106  0.000607471  -0.00037862  -0.0486527  0.066477  0.0331186  
-0.00118779  0.000436808  -0.000115099  -0.0517256  0.100946  0.0739225  
-0.00129754  0.000607472  -0.000429693  -0.0550526  0.0763462  0.0502985  
-0.00165342  0.000738529  -0.000429693  -0.0479167  0.0862632  0.0302117  
-0.00115482  0.000607472  -0.000261765  -0.049411  0.0903643  0.0383197  
-0.000737921  0.000607472  -0.000429693  -0.054186  0.0859139  0.00577785  
-0.000670902  0.000878095  -0.000338153  -0.0535978  0.0938269  0.021884  
-0.000741059  0.000607472  -0.000158265  -0.0576515  0.0793193  -0.00125964  
-0.00077674  0.000960747  -0.000429694  -0.0648601  0.0974579  0.0247314  
-0.000702192  0.000948459  -0.000429694  -0.0617516  0.0824657  0.00611516  
-0.00091131  0.0012238  -0.000429694  -0.0629433  0.1064  -0.00667469  
-0.000431894  0.00114637  -0.000429694  -0.058667  0.0745634  -0.012274  
-0.000968556  0.000893901  -0.000429694  -0.0546715  0.106408  -0.00667826  
-0.000530687  0.000939739  -0.000429694  -0.0801468  0.0751366  -0.0166953  
-0.00129252  0.000607472  -0.000429694  -0.0701091  0.106399  -0.00133634  
-0.000629123  0.000827091  -0.000429694  -0.0676466  0.0631167  -0.0112384  
-0.00115069  0.000842908  -0.000145208  -0.0720961  0.107603  0.00168681  
-0.000659699  0.000607472  -0.000429694  -0.0645387  0.0691644  0.00443659  
-0.00112931  0.000834155  -0.000172937  -0.0718795  0.103087  0.0114775  
-0.000364881  0.000888048  -0.000175318  -0.0718748  0.0773935  -0.00512336  
-0.000946953  0.000607472  -0.000176563  -0.0750227  0.103031  0.00337219  
-0.00102269  0.000720867  -0.000255271  -0.0718802  0.0654664  -0.0193001  
-0.00167939  0.000607472  -0.000233645  -0.0684095  0.102367  -0.0167367  
-0.00075465  0.000607472  -0.000290874  -0.0611052  0.0700843  -0.0626136  
-0.000786078  0.000607472  -0.000156681  -0.0578941  0.111969  -0.0105235  
-0.000719003  0.000607472  -0.000337166  -0.0547539  0.0621548  -0.0466785  
-0.00118654  0.000681094  -0.000367171  -0.0542595  0.0942168  -0.0172172  
-0.000873028  0.000813384  -0.000429694  -0.0537548  0.0877606  -0.0165491  
-0.000561988  0.000866452  -0.000429694  -0.0521528  0.0877662  -0.0182314  
-0.000982056  0.000886105  -0.000429694  -0.0534222  0.0908873  -0.0171715  
-3.17605e-05  0.000851488  -0.000429695  -0.0553748  0.0718225  -0.022155  
-0.000558907  0.00101468  -0.000429695  -0.0535182  0.0827857  -0.0265152  
-0.000457797  0.00117327  -0.000429694  -0.0587861  0.0877852  -0.0167348  
-0.000349624  0.000937679  -0.000198625  -0.0544331  0.0878011  -0.0270347  
-0.000934207  0.000949373  -0.000202466  -0.0512725  0.0878141  -0.0153631  
8.48598e-06  0.000607472  -0.000146803  -0.0476831  0.0636613  -0.0108095  
-0.000509661  0.00103591  -0.000125049  -0.050015  0.111061  -0.0176532  
-0.000605839  0.00108938  -0.000215563  -0.0471255  0.0748624  0.00768766  
-0.000483727  0.00112522  -0.000110473  -0.0440663  0.096654  0.000365348  
8.46742e-05  0.00127153  -0.000317645  -0.036413  0.0880287  -0.0371093  
0.000285085  0.00122101  -0.000260759  -0.0412772  0.067389  -0.0533278  
9.03293e-06  0.00131037  -0.000233528  -0.048929  0.0955385  -0.0242685  
0.000392594  0.00122101  -0.00032107  -0.0472899  0.0735583  -0.070967  
0.00016066  0.00122101  -0.000429695  -0.0452322  0.0880156  -0.0451311  
0.000885896  0.00122101  -0.000429695  -0.0504345  0.0641187  -0.0610857  
0.000107446  0.00137376  -0.000537059  -0.0494541  0.0953834  -0.0360155  
0.000715041  0.00122101  -0.000534386  -0.052259  0.0648269  -0.0421359  
0.000708062  0.00122101  -0.000211517  -0.0513772  0.0983711  -0.0269883  
0.000788395  0.00122101  -0.000474709  -0.0457164  0.0806483  -0.059339  
0.000398151  0.00122101  -0.000237222  -0.054287  0.103596  -0.0144146  
0.000386219  0.00128046  -0.000323771  -0.0532953  0.0675263  -0.0173591  
0.000542986  0.00122101  -0.000360579  -0.0495985  0.0911979  -0.0307932  
0.000749887  0.00122101  -0.000315375  -0.0537099  0.0721328  -0.0455611  
0.000640179  0.00101966  -0.000318406  -0.050064  0.0867454  -0.0633656  
0.00094545  0.000797808  -0.000246145  -0.0466387  0.0758495  -0.0393594  
0.000253661  0.000760981  -0.000342719  -0.0466321  0.0884954  -0.0362847  
0.00052458  0.000760981  -0.000272166  -0.0466187  0.0870437  -0.0298822  
0.000347112  0.000760981  -0.000203416  -0.0534305  0.0793285  -0.033524  
0.000297369  0.000760981  -0.000388142  -0.0466247  0.0928104  -0.0389332  
0.000494889  0.000590691  -0.00031712  -0.0435862  0.0764453  -0.0679673  
0.000187386  0.000760981  -0.000368922  -0.0421451  0.103526  -0.0685256  
0.000494889  0.000882857  -0.000334905  -0.041439  0.0607044  -0.0440661  
-3.43259e-05  0.000760981  -0.000244936  -0.0404791  0.103512  -0.0397359  
0.000646895  0.000927974  -0.000395124  -0.0466214  0.0640188  -0.0602342  
0.00029133  0.000760981  -0.000325675  -0.0466097  0.103448  -0.028931  
0.000742647  0.000970527  -0.000272708  -0.0466342  0.0641057  -0.0542555  
0.000271548  0.000956062  -0.000302009  -0.0393796  0.0998669  -0.0247485  
0.000774776  0.000994617  -0.000263319  -0.0466492  0.054969  -0.0479669  
0.000231615  0.00100678  -0.000280649  -0.0386083  0.0974686  -0.0255792  
0.000855972  0.000760981  -0.000415443  -0.0322484  0.0497075  -0.043188  
0.000269269  0.000760981  -0.000338988  -0.0361781  0.0979645  -0.0566178  
0.000913657  0.000760981  -0.000488911  -0.0324992  0.0593199  -0.0591862  
0.000644949  0.000625362  -0.000349922  -0.0284152  0.110733  -0.0467596  
0.000917112  0.000600835  -0.000427361  -0.00956889  0.0799705  -0.0825421  
0.00022103  0.000760981  -0.000473487  -0.0233276  0.0905507  -0.0553444  
0.00120285  0.000354175  -0.000261394  -0.0241425  0.082743  -0.0832246  
0.000528593  0.000520817  -0.000398719  -0.00560871  0.0828039  -0.0925658  
0.000674778  0.000760981  -0.000354788  -0.0237101  0.0828117  -0.0685792  
0.000801886  0.00067462  -0.000352878  -0.0173135  0.0713381  -0.0832167  
0.000685556  0.000590691  -0.000461705  -0.0141383  0.0856407  -0.0851194  
0.00105064  0.000459314  -0.000397284  -0.0110622  0.0728388  -0.078132  
0.000638073  0.000760981  -0.000454236  -0.0207455  0.0828006  -0.0574468  
0.00103447  0.000562195  -0.000371244  -0.0134016  0.056491  -0.052448  
0.00102739  0.000504126  -0.000199213  -0.0167287  0.0855782  -0.00815134  
0.00144023  0.000358845  -0.000290657  -0.0104849  0.048264  -0.0547433  
0.00102327  0.000579491  -0.000335953  -0.00135988  0.0723546  -0.0279657  
0.00155185  0.0003091  -0.000354884  -0.00135708  0.0566018  -0.0265879  
0.00121937  0.0004025  -0.000290664  -0.00816196  0.0694591  -0.0458487  
0.00138896  0.000321487  -0.000261698  -0.00736768  0.0686774  -0.0246664  
0.00148623  0.000108131  -0.000231047  -0.00135519  0.0677102  -0.0711191  
0.0011667  0.000387898  -0.000249941  -0.0120096  0.0796836  -0.0476575  
0.00175546  0.000108131  -4.27741e-05  -0.0157034  0.0678024  -0.0555695  
0.00122416  0.000604335  -0.000247885  -0.0187049  0.0912687  -0.0201645  
0.00181812  0.000338132  -0.000238197  -0.0155553  0.0595171  -0.0275552  
0.00167123  0.000291864  -0.000131784  -0.00130315  0.105093  -0.0323043  
0.001805  0.000406044  -0.000140201  -0.00849062  0.0873016  -0.0633339  
0.00173315  0.000427598  -0.00018204  -0.00131598  0.084903  -0.0234728  
0.0016731  0.000366391  -1.26938e-05  -0.00131713  0.105943  -0.0186744  
0.001769  0.000108131  -2.64597e-05  -0.00131344  0.0764938  -0.0317355  
0.00140666  0.00029951  -0.000201109  -0.0122093  0.11267  -0.0137405  
0.00162673  0.000243244  -0.000201109  -0.0122995  0.0830743  -0.0328889  
0.00138763  0.000378279  -8.45452e-05  -0.0120683  0.104945  -0.0212959  
0.00223475  0.000226546  -0.000201109  -0.0013348  0.0903862  -0.0510631  
0.0013189  0.000331479  9.82631e-06  -0.00896995  0.120192  -0.045235  
0.00185556  0.000397613  -0.000201109  -0.0013317  0.0740631  -0.0463778  
0.00154597  0.000278291  1.69449e-05  -0.00129787  0.118729  -0.0351757  
0.00287189  0.000108131  -3.67994e-05  -0.0013082  0.0765854  -0.0951318  
0.0020061  0.000430336  0.00026986  0.0052174  0.125896  -0.107605  
0.00139141  0.000543602  0.000214671  -0.00125983  0.0952054  -0.0865865  
0.00112715  0.000493778  0.000198677  0.00368147  0.0992467  -0.0703595  
0.00142673  0.00054377  0.00030322  -0.00126758  0.112303  -0.0350967  
0.00158433  0.000260459  0.000197713  -0.00128643  0.0889018  -0.0729169  
0.00158433  0.000263225  0.000242798  0.00677321  0.119289  -0.0405314  
0.0017081  0.000108132  0.000229261  -0.00128951  0.0857058  -0.0636051  
0.0014097  0.000255415  0.000224908  -0.00127876  0.123467  -0.0135085  
0.00195191  0.000108131  0.000563174  -0.00125428  0.083415  -0.0171594  
0.00131021  0.000431094  0.000289986  0.00134893  0.12502  -0.0175154  
0.0010896  0.000447143  0.000329413  0.0134993  0.0812367  -0.0374688  
0.000664078  0.000527478  0.000443957  0.0131365  0.125316  -0.0178437  
0.000585634  0.000370363  0.000557282  -0.00125648  0.0985779  0.00913003  
0.000126035  0.00037738  0.000428961  0.0108796  0.148447  0.0172106  
0.000955628  0.000108131  0.000517053  0.0124213  0.104246  0.0372307  
-2.20523e-05  0.000108131  0.000563682  0.0127609  0.14853  0.0422194  
0.000244753  0.000252275  0.000589263  0.011114  0.118588  0.0568284  
-5.39129e-05  0.000108132  0.000815334  0.0132941  0.143123  0.0428203  
0.00024081  0.000278687  0.000549934  0.0141971  0.141017  0.0589102  
-0.000163544  0.000108131  0.000611392  0.015372  0.145024  0.0623466  
-0.000229269  0.000108132  0.000549934  0.0148782  0.124983  0.0390116  
-0.000310976  0.000339928  0.000441244  0.0214494  0.16206  0.00769556  
-4.48598e-05  0.000260081  0.000549935  0.0278862  0.143492  0.000886924  
-0.000360651  0.000453438  0.000549935  0.0328425  0.164485  -0.0353914  
-9.47364e-05  0.000108132  0.000549935  0.0227396  0.164508  -0.0542516  
-0.000589398  0.000108132  0.000491875  0.0349645  0.177249  -0.0788188  
-0.00065214  0.000108132  0.000549935  0.0263331  0.192093  -0.0618082  
-0.0003595  -0.000190003  0.000397095  0.0349382  0.180078  -0.106456  
-0.000896769  0.000108132  0.000476098  0.0349582  0.208017  -0.0888628  
-0.000220482  -0.000399849  0.000413847  0.0217865  0.178334  -0.151798  
-0.00101026  -0.000201041  0.000549935  0.0206905  0.215048  -0.134151  
-0.00045967  -0.000399849  0.000549935  0.029581  0.179764  -0.1356  
-0.000996481  -0.000174315  0.000549935  0.0349675  0.20616  -0.129701  
-0.000571562  -0.000399849  0.000549935  0.0349566  0.163054  -0.109657  
-0.00110742  -0.00026188  0.000393871  0.0263857  0.183693  -0.113624  
-0.000612167  -0.000137074  0.000191303  0.0225049  0.183664  -0.114418  
-0.000915921  -0.000399849  0.000224164  0.0349039  0.183494  -0.118225  
-0.000719039  -0.000399849  0.000415426  0.0249604  0.182778  -0.13024  
-0.000781759  -0.000399849  0.000383937  0.0228894  0.178929  -0.135459  
-0.00122806  -0.00039985  0.000432839  0.0248127  0.197451  -0.0999494  
-0.000466924  -0.000282741  0.000395316  0.023211  0.158877  -0.152982  
-0.000678839  -0.000142349  0.000439271  0.0288764  0.20097  -0.134424  
-1.92194e-05  -0.000399849  0.000421725  0.0269597  0.15198  -0.137135  
-0.000753648  5.37329e-05  0.000541554  0.0185104  0.191315  -0.159305  
-0.000683171  2.07484e-05  0.000620646  0.012231  0.167933  -0.131457  
-0.00122836  7.77656e-05  0.000515497  0.0168695  0.177907  -0.156519  
-0.00094609  0.000239889  0.000561499  0.0224876  0.177923  -0.13142  
-0.00129545  -2.92941e-05  0.000447313  0.0215491  0.177942  -0.13138  
-0.00141652  -4.19127e-05  0.000552737  0.0102464  0.202996  -0.108956  
-0.000983931  -0.000313897  0.000768286  0.0105214  0.174231  -0.131743  
-0.00116678  9.33283e-05  0.000688007  0.0188989  0.218663  -0.102858  
-0.000572178  -0.000399849  0.000525593  0.0115305  0.176692  -0.121651  
-0.000628561  -2.59656e-05  0.000331655  0.00445636  0.230564  -0.105501  
0.000415808  -0.000228831  0.000478616  0.00790136  0.198858  -0.124137  
-0.000395136  -0.000399849  0.000490193  0.00715825  0.238002  -0.126379  
0.00024336  -0.000399849  0.000395658  0.0121997  0.206286  -0.110377  
-0.000301403  -0.000166163  0.000637955  0.00952491  0.240257  -0.13312  
0.000129445  -0.000274035  0.000553371  0.0188798  0.202849  -0.129384  
-0.000544619  -0.000399849  0.000617381  0.0188953  0.230999  -0.120807  
0.000174757  -0.000399849  0.000426042  0.00295414  0.199579  -0.122976  
-0.000257002  -0.000399849  0.000628262  0.00867173  0.229219  -0.134126  
-1.05739e-05  -0.000399849  0.000475323  0.00188704  0.209344  -0.120637  
0.000132547  -0.000399849  0.000566379  0.000906776  0.219402  -0.135906  
3.41282e-05  -0.000399849  0.000629699  0.000504876  0.219445  -0.11592  
-1.7056e-06  -0.000399849  0.000578069  0.000442288  0.205687  -0.129599  
-3.09985e-05  -0.000229216  0.000449429  0.00276086  0.219442  -0.118667  
-0.000168709  -0.000261663  0.000452917  -0.00241688  0.202667  -0.132663  
-5.39774e-05  -0.000399849  0.000484306  0.00412361  0.21319  -0.119396  
-5.39774e-05  -0.000219056  0.000127063  0.00118273  0.188948  -0.116788  
-0.00050159  -0.000236185  0.000526567  -0.00473462  0.209901  -0.121577  
-0.00017101  -0.000399849  0.000127063  0.00242083  0.163972  -0.138847  
-0.000218949  -0.000399849  0.000403815  -0.00720327  0.204628  -0.10743  
0.00036374  -0.000399849  0.000419503  0.00247119  0.181864  -0.125463  
-0.000225436  -0.000399849  0.000390355  -0.00371563  0.213545  -0.112617  
0.000191349  -0.000399849  0.000546894  -0.0132268  0.185234  -0.110629  
-0.000144739  -0.000399849  0.000401711  0.00247177  0.21124  -0.137101  
0.000529374  -0.000399849  0.000366194  0.00246575  0.202438  -0.118071  
-7.12106e-05  -0.000399849  0.000477078  -0.00204582  0.212105  -0.13737  
-0.000179455  -0.000399849  0.000127063  0.00242083  0.212117  -0.124339  
-2.4954e-05  -0.000631714  0.000392135  -0.00198846  0.212102  -0.149859  
-8.28494e-05  -0.000313835  0.000246243  -0.000441315  0.212085  -0.146418  
0.000425578  -0.000399849  0.000345011  0.00245482  0.180274  -0.169418  
-0.000551501  -0.000399849  0.000127063  0.00242083  0.225974  -0.15694  
0.00013876  -0.000399849  0.000127063  0.00242083  0.184985  -0.171617  
-0.000547214  -0.000235764  0.000349118  0.00247941  0.233262  -0.15853  
-4.63135e-05  -0.000399849  0.000127063  0.00242083  0.197564  -0.16174  
-0.000341252  -0.000399849  0.00028659  0.00245975  0.233607  -0.128602  
-0.000145924  -0.000303241  0.000377323  0.00477808  0.229715  -0.140213  
2.60067e-05  -0.000399849  0.000302184  0.00826358  0.201058  -0.178951  
-0.000347308  -0.000265092  0.000458815  0.00251246  0.249676  -0.143173  
-0.00010348  -0.000313816  0.000341559  0.00247905  0.209333  -0.178432  
-0.000236735  2.19055e-05  0.000289397  0.0157792  0.230241  -0.160748  
0.000128869  -0.000399849  0.000358765  0.0119855  0.21719  -0.169016  
0.000322964  -0.000194879  0.000280935  0.0074425  0.216057  -0.192923  
0.000145515  -0.000145936  0.000323169  0.00248355  0.230987  -0.169875  
0.000490015  -0.000338499  0.000431888  0.0024781  0.183662  -0.196753  
-2.96314e-05  -0.000209764  0.000376721  0.002486  0.209716  -0.207331  
0.000663481  -0.000399849  0.000500394  0.00248655  0.195275  -0.184024  
0.000339924  -0.000399849  0.000302118  -0.00629011  0.192849  -0.184667  
-4.72996e-05  -0.000399849  0.000511508  -0.0166889  0.21236  -0.164615  
0.00157165  -0.000805465  0.000684089  -0.0150848  0.196906  -0.196206  
0.000381315  -0.000521136  0.000457797  -0.00823125  0.208076  -0.140575  
0.000554246  -0.000895285  0.000646419  -0.00927144  0.207859  -0.149764  
0.000603636  -0.000538566  0.000653607  -0.004207  0.201314  -0.176386  
0.0013782  -0.000298605  0.00106953  0.00254258  0.219507  -0.178806  
0.000541979  -0.000289259  0.000838924  0.00243904  0.184809  -0.198412  
0.000160414  -0.000404499  0.000760273  0.00241805  0.206762  -0.163862  
0.00025278  -0.000704217  0.000760273  0.00238182  0.20678  -0.152154  
0.000230693  -0.000516657  0.000760273  0.00239858  0.209814  -0.170911  
0.000381976  -0.000704217  0.000760273  0.00238182  0.23449  -0.157508  
0.0013458  -0.000537205  0.000760273  0.00991882  0.198463  -0.184847  
0.000621813  -0.000292949  0.000760273  0.0146535  0.243619  -0.172955  
0.00127825  -0.000704217  0.000934995  0.0155638  0.205632  -0.179808  
0.000904612  -0.000331929  0.00105814  0.00246779  0.237314  -0.1635  
0.00122104  -0.000434446  0.000760273  0.0154862  0.208575  -0.167521  
0.00126459  -0.000405031  0.000989506  0.0137362  0.232658  -0.182397  
0.00145287  -0.000535796  0.000760273  0.002399  0.232615  -0.198012  
0.000669702  2.33153e-05  0.000939658  0.0102869  0.232652  -0.152261  
0.000104374  -0.000207236  0.000922987  0.00244441  0.244186  -0.141106  
0.00133371  -0.000202871  0.000760273  0.0146125  0.219508  -0.173205  
0.000476822  -8.58519e-05  0.000760273  0.00766082  0.246167  -0.13647  
0.00130589  -0.000121719  0.000673649  0.0240464  0.206331  -0.191678  
0.00109444  6.17207e-05  0.000760273  0.0176219  0.232472  -0.152745  
0.00120215  -2.21946e-05  0.000760273  0.0117141  0.212611  -0.161869  
0.00108445  -0.000423978  0.000885358  0.0180889  0.234717  -0.150896  
0.00100772  -0.000509328  0.000760273  0.00809771  0.232437  -0.148636  
0.00115303  -0.000361504  0.000760273  0.0197959  0.209622  -0.168084  
0.000741042  -0.000402844  0.000984026  0.014873  0.241311  -0.141228  
0.00107723  -0.000578239  0.000942709  0.0223016  0.205046  -0.160019  
0.000628714  -0.000391709  0.00117746  0.00843972  0.243062  -0.147068  
0.00118493  -0.000511934  0.000959875  0.0227463  0.206124  -0.167544  
0.000771376  -0.000331759  0.0011756  0.00247987  0.24441  -0.138363  
0.00121501  -0.000590015  0.000980341  0.0221306  0.198427  -0.1448  
0.000735037  -0.000570474  0.00112747  0.0170989  0.238206  -0.14789  
0.00133556  -0.000497812  0.000760273  0.0196787  0.202372  -0.18072  
0.00109971  -0.000704217  0.000908695  0.0158618  0.245832  -0.191893  
0.00141904  -0.0005647  0.000760273  0.0165571  0.203936  -0.194165  
0.00113074  -0.000704217  0.000909735  0.0111304  0.241929  -0.164749  
0.00162311  -0.000704217  0.000707044  0.0106172  0.217687  -0.191127  
0.00116088  -0.000533944  0.000760273  0.0162118  0.236228  -0.183587  
0.00128089  -0.000704217  0.000760273  0.00238183  0.234592  -0.174964  
0.00102278  -0.000704217  0.000760273  0.00238182  0.220621  -0.194004  
0.000852494  -0.000704217  0.000862554  0.00240976  0.246182  -0.181522  
0.00102278  -0.000704217  0.000760273  0.00238182  0.222873  -0.160977  
0.000670838  -0.000704217  0.000760273  0.00238182  0.254669  -0.149498  
0.0012374  -0.000704217  0.000760273  0.00238182  0.21595  -0.138301  
0.000838891  -0.000704217  0.000997537  0.00244637  0.261819  -0.155424  
0.0014856  -0.000704217  0.000760273  0.00238182  0.219784  -0.182345  
0.00114318  -0.000856973  0.00111398  0.00246247  0.258  -0.135418  
0.00125109  -0.000704217  0.000760273  0.00238183  0.217817  -0.137147  
0.000912  -0.000877434  0.000760273  -0.00442049  0.240692  -0.139253  
0.00149051  -0.00110842  0.000760273  -0.00696908  0.232554  -0.143224  
0.00143181  -0.00110842  0.000760273  -0.00559172  0.226908  -0.167878  
0.00115792  -0.00110842  0.000760273  -0.00897486  0.238074  -0.122431  
0.00160221  -0.00127651  0.0010116  -0.00709992  0.211349  -0.165707  
0.00113266  -0.00110842  0.00119284  0.00246927  0.24711  -0.158744  
0.00188089  -0.00110842  0.000760273  -0.00414707  0.215962  -0.164352  
0.00134172  -0.00110842  0.000760273  0.00237035  0.2566  -0.164657  
0.00214197  -0.00110842  0.000760273  0.00237035  0.220271  -0.17005  
0.00222403  -0.0011657  0.000905773  -0.0025323  0.258027  -0.195155  
0.00254744  -0.00110842  0.000760273  0.00237035  0.216201  -0.192872  
0.0028575  -0.00127459  0.000760273  -0.00620706  0.260024  -0.191755  
0.00318166  -0.00118166  0.000760273  -0.0076884  0.246118  -0.184357  
0.00343566  -0.00110842  0.000760273  0.00237035  0.230977  -0.193617  
0.00290233  -0.00110842  0.000760273  -0.0113954  0.251314  -0.17522  
0.00384928  -0.00110842  0.000760273  -0.00305714  0.227667  -0.218459  
0.0033928  -0.00128954  0.000760273  -0.0087101  0.260466  -0.19079  
0.00384639  -0.00110842  0.000760273  -0.0149688  0.228267  -0.199399  
0.00319603  -0.00110842  0.000760273  -0.0067626  0.244471  -0.184356  
0.00383596  -0.00165827  0.000760274  0.00233182  0.225414  -0.179268  
0.00322299  -0.00110842  0.000760273  -0.00305891  0.236142  -0.211231  
0.00320369  -0.00110842  0.000916643  -0.0119596  0.240145  -0.166774  
0.0034457  -0.00141029  0.000875757  -0.0149021  0.240126  -0.201277  
0.00332743  -0.00110842  0.000760273  -0.0043376  0.260577  -0.197877  
0.00341725  -0.00147886  0.000760273  0.00233893  0.216028  -0.199925  
0.00294107  -0.00110842  0.00106563  -0.0116196  0.269416  -0.185389  
0.00293341  -0.0012473  0.000882306  -0.00644615  0.227855  -0.200139  
0.00295813  -0.00141569  0.000968907  -0.00964421  0.259319  -0.204474  
0.00326918  -0.00161421  0.000760274  -0.0117186  0.248724  -0.201601  
0.00270694  -0.00161421  0.000760274  -0.00884761  0.243934  -0.226819  
0.00343124  -0.00161421  0.000760274  -0.00926251  0.259721  -0.18477  
0.00348236  -0.00161421  0.000760274  -0.0122845  0.251106  -0.224518  
0.00331395  -0.00153346  0.000822551  -0.0118066  0.275563  -0.22949  
0.00394781  -0.0017845  0.000760274  0.00230982  0.23762  -0.217451  
0.00346843  -0.00136847  0.000925918  -0.0137813  0.297598  -0.232248  
0.00395604  -0.00161421  0.000760274  -0.0122103  0.260649  -0.245388  
0.00364574  -0.00161421  0.000760274  -0.0147782  0.29261  -0.240807  
0.00377268  -0.00133347  0.000760274  -0.0141711  0.270739  -0.235767  
0.00382908  -0.00137325  0.000760274  -0.0189143  0.251417  -0.243041  
0.00352668  -0.00161421  0.000760274  -0.0222112  0.284414  -0.217486  
0.00363485  -0.00161421  0.000760274  -0.0142009  0.24486  -0.230189  
0.00310656  -0.00143384  0.000760274  -0.014185  0.281675  -0.203086  
0.00356369  -0.00161421  0.000760274  -0.0142009  0.260116  -0.221383  
0.00341321  -0.00161421  0.000849029  -0.0141783  0.277224  -0.222342  
0.00340588  -0.00161421  0.000760274  -0.0142009  0.277232  -0.206055  
0.00335569  -0.00161421  0.000760275  -0.0218364  0.254519  -0.216701  
0.00303888  -0.00161421  0.000760274  -0.0199442  0.286427  -0.209538  
0.00361139  -0.00172597  0.000760274  -0.0142086  0.249051  -0.186876  
0.00313157  -0.00170576  0.00106495  -0.0176068  0.284416  -0.209691  
0.0038233  -0.00161421  0.000970815  -0.0141518  0.25536  -0.21623  
0.00361593  -0.00161421  0.00112042  -0.0141088  0.273638  -0.226011  
0.00395362  -0.00188111  0.00143029  -0.0140455  0.261086  -0.216546  
0.00401983  -0.00187404  0.00108893  -0.0100635  0.265621  -0.238763  
0.00401983  -0.00208378  0.00103644  -0.010304  0.282056  -0.231191  
0.00401983  -0.00206849  0.00118829  -0.0141447  0.255753  -0.260953  
0.00421433  -0.00173053  0.001154  0.000743061  0.28486  -0.247534  
0.00454404  -0.00206849  0.00143731  0.00591751  0.243021  -0.248005  
0.00401983  -0.0017356  0.00140059  -0.00132166  0.274675  -0.245027  
0.00450889  -0.00194655  0.00131476  -0.00278315  0.240701  -0.242804  
0.00373333  -0.00179973  0.00150525  -0.0140254  0.281318  -0.239445  
0.00417456  -0.00165696  0.00113823  -0.0141083  0.23845  -0.21919  
0.00391772  -0.00206849  0.00138726  -0.0173213  0.277379  -0.178469  
0.00409435  -0.00169932  0.00128028  -0.0116856  0.247301  -0.188052  
0.00389905  -0.00176081  0.00130676  -0.0140936  0.250399  -0.204598  
0.00407004  -0.00206849  0.00141893  -0.0140868  0.269522  -0.17677  
0.00407004  -0.00206849  0.00135662  -0.0141219  0.24472  -0.194465  
0.00407004  -0.00196458  0.00156835  -0.0140572  0.276817  -0.190297  
0.00407004  -0.00206849  0.00148702  -0.0141031  0.241275  -0.19891  
0.00407004  -0.00159939  0.00141396  0.00125583  0.269512  -0.189714  
0.00462249  -0.00206849  0.00144158  0.00190207  0.237219  -0.197834  
0.00395851  -0.00193177  0.00147346  -0.00461953  0.272949  -0.196435  
0.00405138  -0.00206849  0.00150876  0.0010741  0.254411  -0.182349  
0.00422363  -0.00206849  0.00154987  -0.0140742  0.26198  -0.189453  
0.00387793  -0.00174948  0.00143536  0.00169146  0.269046  -0.177403  
0.00459785  -0.00206849  0.00150112  -0.00785264  0.247819  -0.194029  
0.00381826  -0.00186017  0.00151335  -0.0140522  0.282829  -0.193171  
0.00464371  -0.00206849  0.00133788  -0.00667104  0.247959  -0.203723  
0.00447794  -0.00196327  0.00162044  -0.0140156  0.281348  -0.186015  
0.00524795  -0.00231849  0.00162044  -0.0140392  0.248231  -0.199917  
0.00513844  -0.00206849  0.00162044  -0.01402  0.270782  -0.19121  
0.00571637  -0.00206849  0.00162044  -0.0111693  0.264788  -0.203663  
0.00616135  -0.00206849  0.00162044  -0.00608652  0.242994  -0.23659  
0.00563729  -0.00206849  0.00170808  -0.014003  0.272294  -0.200918  
0.0064827  -0.00206849  0.00162044  -0.01402  0.242144  -0.234613  
0.00546243  -0.00206849  0.00162044  -0.01402  0.267484  -0.221538  
0.00568381  -0.00206849  0.0017429  -0.0139961  0.250203  -0.217097  
0.00651363  -0.00193032  0.00162044  -0.0164294  0.234262  -0.237  
0.00609934  -0.00176061  0.00173088  -0.0223275  0.247389  -0.21977  
0.00657302  -0.00173272  0.00169066  -0.0338544  0.238268  -0.186803  
0.00567736  -0.00160262  0.00162044  -0.0252879  0.251933  -0.188956  
0.0062449  -0.00168934  0.00167239  -0.0303537  0.259194  -0.197366  
0.00613045  -0.00176119  0.0018536  -0.0292886  0.264368  -0.217731  
0.00602598  -0.00161703  0.00178418  -0.0278458  0.264693  -0.190993  
0.00648744  -0.0015727  0.00197626  -0.0139021  0.243088  -0.243327  
0.00589022  -0.00148489  0.00203057  -0.0162216  0.256856  -0.220412  
0.00589793  -0.00170805  0.00217198  -0.0162245  0.234659  -0.249155  
0.00535385  -0.00147385  0.00198865  -0.0100276  0.256921  -0.228772  
0.00590475  -0.00160064  0.00178541  -0.0168415  0.224471  -0.22057  
0.00566537  -0.00171728  0.00192872  -0.0139014  0.260603  -0.2268  
0.00620149  -0.00172606  0.00195271  -0.0171328  0.227832  -0.244493  
0.0057397  -0.00190319  0.00208137  -0.0181718  0.268403  -0.255407  
0.00644274  -0.00178258  0.00162044  -0.0139792  0.232952  -0.265721  
0.00638519  -0.00188576  0.00207636  -0.0228597  0.257308  -0.257167  
0.00657253  -0.00206849  0.00184807  -0.0107302  0.221733  -0.263255  
0.00623805  -0.00230045  0.00195721  -0.0139764  0.248685  -0.275582  
0.00660978  -0.00247175  0.00199682  -0.00947576  0.233166  -0.278485  
0.00624859  -0.00223832  0.00196501  -0.00820073  0.229716  -0.274716  
0.00624482  -0.00247175  0.00184836  -0.0140231  0.246136  -0.239669  
0.00601617  -0.00247175  0.00180033  -0.0140376  0.233804  -0.249446  
0.00617869  -0.00247175  0.00169054  -0.0160678  0.251586  -0.22032  
0.0062126  -0.00260652  0.00191037  -0.0140342  0.23241  -0.249465  
0.0060101  -0.00256598  0.00190633  -0.0227993  0.251594  -0.247936  
0.00659323  -0.00287437  0.00174419  -0.023584  0.220414  -0.268354  
0.00547256  -0.00262274  0.00185271  -0.0245257  0.25349  -0.252434  
0.00630572  -0.00245893  0.00162045  -0.0140684  0.2207  -0.26939  
0.00601196  -0.00231496  0.00162045  -0.0140385  0.2314  -0.297583  
0.00629867  -0.00225077  0.00162045  -0.0140238  0.257326  -0.287076  
0.00653698  -0.00287437  0.00162045  -0.0141194  0.235789  -0.28975  
0.00594865  -0.00238533  0.00162045  -0.0113295  0.258825  -0.278604  
0.00665859  -0.00264361  0.00162045  -0.0100012  0.219357  -0.30235  
0.00613722  -0.00236321  0.00162045  -0.0140534  0.262294  -0.299698  
0.00689344  -0.0025029  0.00162045  -0.0140526  0.228012  -0.319405  
0.00641885  -0.00287437  0.00186399  -0.0140554  0.277979  -0.296807  
0.00640284  -0.00215798  0.00202791  0.0141322  0.23273  -0.367874  
0.00448426  -0.00166731  0.00195864  0.0132907  0.296927  -0.34331  
0.00524648  -0.00237409  0.00170442  0.0130646  0.248527  -0.349343  
0.00460808  -0.00296893  0.00198318  0.0130721  0.27905  -0.311428  
0.00433821  -0.00308361  0.00162044  0.01296  0.229817  -0.313531  
0.00341601  -0.00296893  0.0019232  0.0130452  0.2813  -0.295922  
0.00368606  -0.00347132  0.00199231  0.0189607  0.236801  -0.306977  
0.00314156  -0.00345567  0.00196303  0.0316315  0.289167  -0.294914  
0.00364547  -0.00404616  0.00211212  0.0353229  0.243633  -0.298156  
0.0024331  -0.00359779  0.00217767  0.0354107  0.282903  -0.295091  
0.00221098  -0.00359779  0.00209863  0.0375772  0.239159  -0.262082  
0.00120669  -0.00325833  0.00214115  0.035456  0.283396  -0.281071  
0.00183908  -0.00359779  0.00204079  0.022502  0.254453  -0.28942  
0.00129374  -0.00359779  0.00222291  0.0178542  0.281369  -0.271938  
0.00146468  -0.00359779  0.00202325  0.0158113  0.254534  -0.266052  
0.000888989  -0.00359779  0.00217207  0.020506  0.285632  -0.24986  
0.000915085  -0.00392148  0.00210634  0.0251095  0.249326  -0.270242  
0.000899968  -0.00359779  0.00214317  0.0236936  0.305086  -0.243404  
0.00118979  -0.00370462  0.00203374  0.0353676  0.25022  -0.278666  
0.00110004  -0.00359779  0.00227663  0.0354588  0.295247  -0.262068  
0.00171574  -0.00374924  0.00209737  0.0353829  0.255565  -0.297935  
0.00131184  -0.00359779  0.00211168  0.0432196  0.297077  -0.308877  
0.00197879  -0.00436382  0.00192347  0.0511255  0.264164  -0.340584  
0.00127114  -0.00392333  0.00213125  0.0556364  0.305415  -0.331224  
0.0021062  -0.00436382  0.00205589  0.0513472  0.271374  -0.347421  
0.00119421  -0.00436382  0.00188692  0.055498  0.296578  -0.356957  
0.00202848  -0.00436382  0.00194462  0.05551  0.27372  -0.342189  
0.00161108  -0.0041957  0.00191345  0.0496749  0.308002  -0.376766  
0.00241803  -0.00436382  0.00162045  0.0554296  0.268696  -0.378454  
0.00207864  -0.00408166  0.0018314  0.0555367  0.290893  -0.387769  
0.0023217  -0.00380363  0.00162045  0.0597871  0.255625  -0.40008  
0.00364918  -0.0039717  0.00156697  0.0635022  0.290963  -0.427846  
0.00357865  -0.00347683  0.00162045  0.0613114  0.25762  -0.36893  
0.00339481  -0.00345755  0.0014545  0.0571508  0.276947  -0.337153  
