0.0306622  -0.00642596  -0.015729  -0.278325  0.656906  0.626009  
0.0323351  -0.0068032  -0.0156603  -0.253721  0.649001  0.612772  
0.0324533  -0.00737852  -0.0156529  -0.239492  0.702307  0.616428  
0.0336402  -0.00741524  -0.0150931  -0.221591  0.677365  0.618979  
0.0342877  -0.00778768  -0.016169  -0.234085  0.72284  0.644524  
0.0347127  -0.00787952  -0.0159777  -0.22577  0.700873  0.677921  
0.0346492  -0.00697836  -0.0153646  -0.260367  0.847447  0.666391  
0.0356441  -0.00560472  -0.015088  -0.272632  0.923813  0.65882  
0.0385121  -0.00714319  -0.0150209  -0.238767  0.784241  0.761235  
0.0349356  -0.00803444  -0.0158314  -0.236996  0.75608  0.749422  
0.0347417  -0.00826345  -0.0158301  -0.224341  0.740782  0.78038  
0.0347446  -0.00873134  -0.0157917  -0.216523  0.769982  0.752611  
0.0341179  -0.00817009  -0.0157917  -0.226827  0.806791  0.76082  
0.0347991  -0.00918137  -0.0163227  -0.216667  0.806965  0.740747  
0.0322011  -0.00826344  -0.017678  -0.230428  0.765342  0.734468  
0.0302704  -0.00657194  -0.014573  -0.218269  0.771434  0.69901  
0.0307282  -0.00675507  -0.0141424  -0.212405  0.67051  0.74874  
0.0235359  -0.00536531  -0.0122938  -0.220323  0.488502  0.677323  
0.0166354  -0.00444133  -0.0112764  -0.237902  0.315579  0.56292  
0.0176847  -0.00501375  -0.0122783  -0.254918  0.340175  0.622142  
0.00654035  -0.00396439  -0.0117943  -0.254187  0.100719  0.533333  
0.00988258  -0.00487899  -0.0124998  -0.232318  0.159957  0.421909  
0.0052319  -0.00529412  -0.0139458  -0.224617  0.0432829  0.533328  
0.00485013  -0.00377794  -0.0155461  -0.26017  -0.0205166  0.473695  
0.00516449  -0.00307809  -0.0180665  -0.290168  -0.059382  0.313442  
0.00649589  -0.00170167  -0.0153768  -0.298014  -0.181809  0.068898  
0.00569608  -0.00238767  -0.0117519  -0.26871  0.0332837  0.292455  
-0.000487634  -0.00290063  -0.0122979  -0.258754  -0.0117548  0.697502  
0.000390835  -0.00196366  -0.0141393  -0.312432  -0.0584922  0.548196  
0.000760135  -0.00222373  -0.0134886  -0.300638  -0.0310706  0.461109  
0.000675976  -0.0033507  -0.0119412  -0.252246  -0.0127198  0.542848  
2.77011e-05  -0.00216763  -0.012008  -0.274429  -0.0615947  0.522883  
0.00148342  -0.00195941  -0.0110694  -0.244177  -0.0364025  0.437143  
0.000954459  -0.00220508  -0.0137367  -0.308488  -0.0549805  0.364887  
0.000978055  -0.00216091  -0.0124095  -0.293736  -0.0207229  0.360952  
-0.00273756  -0.00163643  -0.0128114  -0.312766  -0.0833842  0.418475  
-0.00275456  -0.00203067  -0.0115565  -0.286407  -0.104843  0.404007  
-0.0048345  -0.00260149  -0.0131403  -0.306344  -0.13234  0.467108  
-0.00499926  -0.00190235  -0.0134093  -0.334699  -0.131095  0.458619  
-0.00508685  -0.00129971  -0.0140585  -0.381401  -0.169988  0.483247  
-0.00223135  -0.000521566  -0.0132552  -0.382571  -0.0930086  0.403549  
-0.000255833  -0.00390542  -0.0138836  -0.278247  -0.0423177  0.489883  
0.00110032  -0.00387048  -0.0132123  -0.252207  -0.0534961  0.413567  
0.000418806  -0.0030146  -0.0132123  -0.272056  -0.0705452  0.385604  
-0.000815869  -0.00354918  -0.0137918  -0.239437  -0.0378059  0.427747  
-0.000630158  -0.0037884  -0.0150937  -0.2537  -0.0308095  0.514241  
-0.00283159  -0.000860283  -0.0157199  -0.388552  -0.0527822  0.491189  
-0.00165378  4.08257e-05  -0.0134436  -0.359232  0.00992786  0.469289  
-0.00161618  -0.00133456  -0.0136197  -0.346305  -0.0470834  0.516331  
-0.00405201  -0.00118869  -0.0131877  -0.324064  -0.116096  0.515619  
-0.0039585  -0.00161647  -0.0123802  -0.273699  -0.0734027  0.527448  
-0.0055404  -0.00284485  -0.0124823  -0.258042  -0.130788  0.58013  
-0.00557286  -0.00357133  -0.013357  -0.242066  -0.183383  0.594972  
-0.00506667  -0.00274449  -0.0129229  -0.270835  -0.102198  0.591847  
-0.0033429  -0.00234854  -0.0127622  -0.272332  -0.025451  0.668883  
-0.00335694  -0.00281323  -0.0127415  -0.292883  -0.100734  0.695125  
-0.00602  -0.00340574  -0.0122586  -0.276481  -0.106179  0.733048  
-0.0058163  -0.00479178  -0.012778  -0.230889  -0.123782  0.795475  
-0.00180896  -0.00424464  -0.0125964  -0.24546  -0.00529796  0.696254  
-0.00142273  -0.00406254  -0.0119881  -0.248427  -0.0213278  0.678118  
-0.00111223  -0.00343957  -0.0122779  -0.25539  -0.0312436  0.595096  
-0.000666318  -0.00256004  -0.0133137  -0.285263  -0.100764  0.476179  
-0.00034626  -0.00283  -0.0127403  -0.279125  0.00945132  0.46961  
-0.00178107  -0.00223578  -0.0114073  -0.259519  0.0202119  0.599999  
-0.000607447  -0.00291969  -0.0111609  -0.26998  -0.0268539  0.614572  
-0.00552112  -0.00227047  -0.0113826  -0.295879  -0.102142  0.64979  
-0.00473652  -0.00239025  -0.0136161  -0.327388  -0.160495  0.553009  
-0.00169216  -0.00136069  -0.0139543  -0.338239  -0.114138  0.463909  
-0.000165027  -0.00143704  -0.0130317  -0.329681  -0.024322  0.489562  
-0.00114169  -0.00156926  -0.0132751  -0.345752  -0.0747353  0.516196  
0.000146958  -0.00273006  -0.0136274  -0.318154  -0.0713434  0.49162  
-0.0028794  -0.00211872  -0.0140425  -0.334603  -0.0969617  0.506996  
-0.00474077  -0.000396062  -0.0140425  -0.368255  -0.134859  0.46026  
-0.00481863  -0.00105548  -0.0146888  -0.371095  -0.14859  0.510936  
-0.00486467  -0.00176487  -0.0139356  -0.324022  -0.191872  0.451372  
-0.000682034  -0.00173362  -0.0128431  -0.32415  -0.0196756  0.470338  
-0.00340106  -0.00155819  -0.0129776  -0.324073  -0.118474  0.524996  
0.00121318  -0.00200371  -0.0124494  -0.31009  -0.0245029  0.437732  
-0.000548098  -0.00177455  -0.0129313  -0.32391  -0.0627379  0.478321  
-0.0033583  -0.00150629  -0.0135776  -0.347973  -0.0831404  0.556196  
-0.00164725  -0.000981904  -0.013167  -0.37864  -0.00283565  0.553579  
-0.00379925  -0.000294826  -0.0150688  -0.432786  -0.0412828  0.615244  
-0.00525026  0.00155633  -0.0152995  -0.466569  -0.0505963  0.589196  
0.000205383  0.000671399  -0.0139073  -0.406411  0.0513489  0.52613  
0.000859644  -0.00133625  -0.0138918  -0.397192  0.0513628  0.593416  
0.0018459  -0.00236278  -0.0136166  -0.349463  0.00615272  0.593809  
-0.00376984  -0.0034076  -0.0123006  -0.290028  -0.0043384  0.734915  
-0.00492793  -0.00257775  -0.0127827  -0.313159  0.0236521  0.906718  
-0.00341589  -0.00209626  -0.0129306  -0.313505  -0.0315542  0.686267  
-0.00345424  -0.00250703  -0.0128347  -0.303634  0.0155386  0.706342  
-0.00530467  -0.00196067  -0.0131793  -0.324658  -0.0745646  0.782633  
-0.00136343  -0.00214736  -0.0123568  -0.28819  0.00446461  0.622657  
-0.00423429  -0.00170246  -0.0117366  -0.279645  -0.0672281  0.60111  
-0.00212751  -0.00262838  -0.0118964  -0.256956  -0.0437144  0.550886  
-0.0036432  -0.00103725  -0.0118035  -0.287359  -0.111078  0.534133  
-0.00200224  -0.0015161  -0.014414  -0.348308  -0.0949976  0.51496  
0.000659323  -0.00145288  -0.0132574  -0.324023  0.0037114  0.492899  
-1.90022e-06  -0.00120592  -0.0120494  -0.322281  0.0337752  0.576575  
-0.00206134  -0.00117075  -0.0126195  -0.322231  -0.0277118  0.582333  
-0.00175639  -0.00157752  -0.0126771  -0.322053  -0.0276032  0.545805  
-0.0023991  -0.00179734  -0.0126771  -0.319306  -0.0181869  0.599424  
-0.000876492  -0.00301409  -0.0116168  -0.247768  -0.0269068  0.576475  
-0.00116885  -0.00201055  -0.0115021  -0.268586  -0.0269949  0.539319  
-0.0022554  -0.000969238  -0.0123486  -0.311558  -0.103266  0.420982  
-0.000100629  -0.00042414  -0.0118789  -0.320276  0.0154677  0.452275  
0.000197698  -0.000639625  -0.0113684  -0.30299  0.0350743  0.527916  
0.00190923  -0.0017412  -0.0118451  -0.295687  -0.00762649  0.489409  
-0.000165336  -0.00123261  -0.011719  -0.307076  0.0210684  0.552663  
-0.0018757  -0.00187741  -0.0114196  -0.275008  -0.0461781  0.52782  
-0.00283641  -0.00182825  -0.011782  -0.26576  -0.0793627  0.510039  
-0.00520906  -0.00171896  -0.0131913  -0.301242  -0.116195  0.645274  
-0.00500112  -0.00105346  -0.0125147  -0.318912  -0.0475227  0.637464  
-0.00385676  -0.000683161  -0.0119422  -0.319258  -0.0916582  0.560245  
-0.00349852  -0.00059896  -0.0123753  -0.332963  -0.0769454  0.525094  
-0.00396987  -0.000400482  -0.0138745  -0.365904  -0.0975288  0.502342  
-0.00094446  -0.000645289  -0.010955  -0.288451  1.55217e-05  0.440878  
0.0011212  -0.00185765  -0.0108603  -0.293209  0.0528386  0.507555  
-0.0015836  -0.0014691  -0.0113692  -0.302986  -0.0272029  0.536287  
-0.00177689  -0.00135553  -0.0123146  -0.311022  -0.0244179  0.448716  
-0.000316646  -0.00106201  -0.0116605  -0.311142  0.0190494  0.46062  
-0.000239518  -0.00152627  -0.0102711  -0.294717  -0.0065894  0.491499  
-0.000881024  -0.00204727  -0.0108816  -0.299993  -0.00865976  0.52816  
-0.0023175  -0.00139058  -0.011576  -0.329471  -0.00511587  0.556649  
-0.000417155  -0.00229455  -0.0130096  -0.336631  -0.0051501  0.559608  
-0.0021551  -0.00105077  -0.0133285  -0.349246  -0.0474213  0.541664  
0.00291811  -0.000531162  -0.0121098  -0.34948  0.111652  0.536763  
-2.64393e-05  -0.000740298  -0.0115002  -0.325247  0.011816  0.495189  
0.00142538  -0.000529217  -0.0123569  -0.352307  0.00802601  0.422855  
0.00161667  0.000362221  -0.0114149  -0.341409  0.0399674  0.360619  
0.00161451  -8.75627e-05  -0.0127782  -0.381075  0.0322921  0.473918  
0.00269467  -0.000701656  -0.0123989  -0.380835  -0.0274845  0.43734  
0.00262126  -0.00146714  -0.0110524  -0.326496  0.0864928  0.444736  
0.00185725  -0.000962463  -0.0107411  -0.326706  0.0712563  0.467983  
0.00246716  -0.000826147  -0.0118139  -0.340004  0.0294802  0.400109  
0.00392767  -0.00223246  -0.0102942  -0.236774  -0.0717605  0.192857  
-0.00209997  -9.07027e-05  -0.0107344  -0.271901  -0.121476  0.361518  
-0.00183891  0.000137948  -0.00906138  -0.274413  -0.000325746  0.412973  
-0.00266911  0.000170633  -0.00950262  -0.274245  -0.0913071  0.466117  
8.8835e-05  -0.000430934  -0.00881858  -0.253946  0.0054209  0.436591  
0.000432428  -0.000390192  -0.00913588  -0.272279  -0.0338587  0.440838  
-0.00152121  9.32203e-05  -0.00989311  -0.285817  -0.0592468  0.438165  
-0.00194673  0.000646303  -0.00903114  -0.295383  -0.033949  0.398986  
-0.00331162  0.00144114  -0.00910309  -0.326561  -0.0939889  0.336286  
-0.0033948  0.00127822  -0.0105449  -0.338879  -0.128158  0.370465  
-0.00304163  0.00123121  -0.0110657  -0.327792  -0.0873931  0.357583  
-0.00156252  0.00100921  -0.0124842  -0.321748  -0.082301  0.298541  
-0.00187446  0.00179259  -0.0105732  -0.324119  -0.0836304  0.279969  
-0.00108472  0.00129885  -0.00835969  -0.292743  -0.0766357  0.293039  
-0.00168391  0.00067903  -0.00777811  -0.255963  -0.0416303  0.35792  
-0.0024198  0.000297311  -0.00810969  -0.272658  -0.0201519  0.437027  
-0.0035563  9.81643e-06  -0.00784498  -0.263727  -0.0672242  0.466666  
-0.00122741  -0.000377467  -0.00892044  -0.268363  -0.0760808  0.40594  
-0.0031353  -0.000539062  -0.0101162  -0.26748  -0.0283987  0.526389  
-0.00398918  -0.000374151  -0.0109974  -0.297243  -0.0500156  0.568032  
-0.00425647  0.000715962  -0.010179  -0.311185  -0.0653055  0.534889  
-0.00473922  0.000446877  -0.011442  -0.324513  -0.135945  0.480777  
-0.00240331  0.000316425  -0.0117758  -0.328265  -0.113882  0.387988  
-0.000662725  0.000617458  -0.00944348  -0.30099  0.0268556  0.435  
0.000544878  0.000180208  -0.00993245  -0.300803  -0.0355192  0.403824  
-0.00153879  0.000302902  -0.00928543  -0.275315  -0.0160022  0.460021  
-0.000432608  -1.34166e-05  -0.00946838  -0.277471  0.0232597  0.477716  
-0.00296471  -0.000520164  -0.0110173  -0.313804  -0.0598316  0.574012  
-0.000362226  0.00194171  -0.0102878  -0.344655  0.00251871  0.41806  
0.000847972  0.00132798  -0.00924214  -0.311559  0.00429047  0.351948  
-0.0033832  0.000635112  -0.00936376  -0.311264  -0.0976398  0.45705  
-0.00327649  0.000920896  -0.00804611  -0.283823  -0.0759767  0.433322  
-0.00177398  0.00128176  -0.00864521  -0.354242  0.0017573  0.387772  
-0.00183598  0.000344756  -0.00959622  -0.358684  -0.00997661  0.448084  
-0.00214674  0.000835993  -0.00970385  -0.33431  -0.0100368  0.527418  
-0.00499557  0.00119713  -0.0105198  -0.355586  -0.131058  0.552101  
-0.00236424  0.00163735  -0.00949727  -0.336191  0.00869827  0.50973  
-0.00139726  0.00110384  -0.00867075  -0.317311  0.00416  0.471437  
-0.000574162  0.000796748  -0.00888391  -0.31061  -0.0268557  0.415892  
-0.00115938  0.000351958  -0.00828378  -0.264608  -0.00812025  0.380036  
-0.000166179  0.000563468  -0.00747091  -0.258018  0.0554017  0.355463  
6.4924e-05  -6.15158e-05  -0.0077326  -0.246708  -0.000678735  0.38239  
-3.21286e-05  -0.000983843  -0.00710682  -0.227185  -0.019755  0.349795  
-0.0027798  0.000685704  -0.00742786  -0.241052  -0.0474483  0.434159  
-0.00104127  0.000521771  -0.00683736  -0.257594  0.105139  0.507557  
-0.000310643  0.000818036  -0.00743461  -0.267319  0.0209699  0.458929  
-0.00102267  0.000313226  -0.00743461  -0.270626  0.0206377  0.480917  
0.000443426  -0.000218203  -0.00718461  -0.242954  0.0986729  0.501313  
-0.00212169  -0.000533785  -0.00628299  -0.192002  0.0600419  0.609864  
-0.0018572  -0.00230186  -0.00681568  -0.193062  0.0106766  0.583788  
-0.00260467  -0.00167671  -0.00775379  -0.221472  0.0479813  0.555266  
-0.00205455  -0.00125479  -0.00775379  -0.21906  -0.00525727  0.530492  
-0.00216892  -0.000998561  -0.00899766  -0.243518  0.0126062  0.475025  
-0.00399615  -0.000869577  -0.00940536  -0.236256  -0.0512115  0.437817  
-0.00205539  -0.000603361  -0.00767036  -0.228711  0.0238394  0.407109  
-0.00351218  -9.2276e-05  -0.00685859  -0.244987  0.00228045  0.513849  
-0.00304871  -0.000635062  -0.00730812  -0.230535  -0.0222544  0.504303  
-0.00258994  -0.000412662  -0.00750734  -0.228477  -0.00834512  0.480671  
-0.000775509  4.4908e-05  -0.00697897  -0.254316  0.0755059  0.437025  
-0.00161116  4.4908e-05  -0.00706435  -0.254341  -0.0182806  0.416744  
-0.000674731  -0.000720197  -0.00725399  -0.2459  0.0186518  0.430112  
-0.000118957  0.000180461  -0.00689217  -0.261759  0.0992495  0.473068  
-0.00214283  0.000138003  -0.00708913  -0.273509  0.0209818  0.498555  
-0.000715336  0.000253468  -0.00706689  -0.26728  0.0418515  0.46829  
-0.000929399  -5.81977e-05  -0.0072465  -0.261739  0.0428802  0.460803  
-0.0027891  0.000356663  -0.00762571  -0.261848  0.00125041  0.445288  
-0.000873366  0.000687363  -0.00727285  -0.275343  0.0485962  0.448691  
-0.00151658  0.000779059  -0.00747049  -0.284182  0.0103489  0.455846  
0.000224314  -0.000496016  -0.00823625  -0.261684  0.0366455  0.439938  
-0.000831933  -0.000517112  -0.00868218  -0.24433  0.00386193  0.53154  
-0.0027377  0.00067267  -0.00970904  -0.286443  -0.0096897  0.477332  
-0.00164061  0.000497477  -0.0102278  -0.296597  -0.00858796  0.327282  
-0.000977501  0.000169093  -0.00928179  -0.274474  0.0340742  0.364846  
-0.00527875  0.000500234  -0.00920174  -0.272816  -0.0530518  0.511782  
-0.0051826  0.00100043  -0.00941122  -0.280779  0.0138788  0.577024  
-0.00434387  0.000949813  -0.00850293  -0.280877  -0.00968247  0.549183  
-0.00618768  0.00101477  -0.0075086  -0.278438  -0.0295371  0.594172  
-0.0048894  0.000833274  -0.00774286  -0.285386  0.0559583  0.621913  
-0.00159251  -0.000807475  -0.00652391  -0.234731  0.0476515  0.549664  
-0.000259778  -0.000618401  -0.00703894  -0.249992  0.0826417  0.495577  
-0.00532499  0.000723598  -0.00768119  -0.269351  -0.0206358  0.573429  
-0.00541156  0.00091466  -0.00795086  -0.275498  -0.020809  0.588416  
-0.00729027  -0.000992791  -0.00768331  -0.166208  0.0520464  0.735718  
-0.00389331  0.000243195  -0.00678241  -0.215286  0.00937961  0.496454  
-0.00426599  0.000674843  -0.00729322  -0.254055  -0.010397  0.459763  
-0.00593955  0.00123117  -0.00774369  -0.27507  -0.0453473  0.547148  
-0.00825552  0.00274233  -0.00792086  -0.305912  -0.128022  0.485087  
-0.00783068  0.0029237  -0.00769325  -0.311299  -0.111016  0.493498  
-0.00405186  0.00275627  -0.00694238  -0.28243  0.0229676  0.46515  
-0.0015252  0.00150453  -0.00606197  -0.24986  0.109396  0.581538  
-0.00281565  0.00162195  -0.00661522  -0.269943  0.0262486  0.555276  
-0.00192884  0.000428115  -0.00745196  -0.254927  0.0166712  0.542687  
-0.00270929  0.000739086  -0.00751427  -0.254285  0.0286907  0.518486  
-0.0021836  0.0010767  -0.00705735  -0.244992  0.0314161  0.454956  
-0.00178827  -3.69763e-05  -0.00648617  -0.219554  0.0628989  0.472451  
-0.00151707  -0.000705753  -0.00659502  -0.215031  -0.00161897  0.521923  
-0.00776243  0.000142783  -0.00624777  -0.203517  -0.0390202  0.588873  
-0.00562097  0.00069308  -0.00631906  -0.225455  -0.0339533  0.513219  
-0.00538758  0.000128345  -0.00739428  -0.222154  -0.0382051  0.510785  
-0.00291742  0.000874238  -0.00725274  -0.23538  -0.0645768  0.408831  
-0.0038205  0.000149055  -0.0062823  -0.227474  0.0161737  0.487659  
-0.00657487  0.000299096  -0.0067957  -0.243759  -0.0499976  0.628802  
-0.00489382  0.0011193  -0.0072096  -0.24765  -0.0449326  0.544132  
-0.00431025  0.000804783  -0.00666205  -0.253588  0.0472703  0.588506  
-0.00754646  0.00120358  -0.00699036  -0.260407  -0.0868607  0.64972  
-0.00732949  0.00145495  -0.00673926  -0.264926  -0.0627956  0.60808  
-0.00700306  0.000643296  -0.00681031  -0.264462  -0.026332  0.660953  
-0.0059934  0.00110525  -0.00673674  -0.24257  -0.0402628  0.619221  
-0.00238218  0.001083  -0.00644791  -0.245581  0.0181639  0.468986  
-0.00523445  0.000983906  -0.00630519  -0.242599  -0.0019543  0.632776  
-0.00672589  0.000460269  -0.00542427  -0.200247  -0.0696515  0.624197  
-0.00667012  0.000928507  -0.00671537  -0.223173  -0.050727  0.560618  
-0.00548362  0.000801192  -0.00627063  -0.22619  0.0215285  0.542199  
-0.00661978  0.00103076  -0.00791714  -0.236345  -0.089178  0.565065  
-0.00627334  0.00149298  -0.00827421  -0.254634  -0.0209898  0.605831  
-0.00612294  0.00186111  -0.00650204  -0.250776  0.0179908  0.642782  
-0.00736476  0.00204138  -0.00656495  -0.252752  -0.0718419  0.587844  
-0.00483195  0.00227072  -0.00631495  -0.244287  -0.0361296  0.498726  
-0.00493234  0.0017271  -0.00670643  -0.243674  -0.0497325  0.503128  
-0.00530114  0.0024831  -0.00632039  -0.256193  -0.0529265  0.433229  
-0.00498016  0.00259929  -0.00609998  -0.274041  -0.0357699  0.449699  
-0.00544187  0.00172297  -0.00587662  -0.231138  -0.068339  0.464911  
-0.00459556  0.00182509  -0.00612662  -0.251296  0.00525303  0.428817  
-0.0049468  0.00140298  -0.00612662  -0.272396  0.00512725  0.500328  
-0.0026117  0.00157982  -0.00639248  -0.294166  -0.0274372  0.516224  
-0.00205278  0.0020343  -0.00673842  -0.309612  0.0105805  0.502603  
-0.00311825  0.00201454  -0.00601581  -0.269701  0.139998  0.58467  
-0.00562425  0.00203998  -0.00568  -0.281092  0.015971  0.748596  
-0.00537878  0.000837455  -0.00549475  -0.255055  0.0471611  0.750113  
-0.00411175  0.000202446  -0.00587909  -0.243741  0.0269794  0.663751  
-0.00507401  0.00123331  -0.0071124  -0.2613  0.00194036  0.692731  
-0.00561998  0.0010159  -0.0063075  -0.219957  -0.0345926  0.645068  
-0.00439682  -0.00109333  -0.00552504  -0.172325  0.0625493  0.597323  
-0.00459575  -0.00121716  -0.00618936  -0.187399  0.00161168  0.643513  
-0.00662377  -0.00181268  -0.00655201  -0.16592  -0.0113024  0.730287  
-0.00641814  0.000206788  -0.00752318  -0.257944  -0.030721  0.739192  
-0.00700029  0.0024405  -0.00732852  -0.290397  -0.0307046  0.686263  
-0.00625717  0.00183412  -0.00643916  -0.26543  -0.00564367  0.669739  
-0.00477106  0.00189021  -0.00592635  -0.278242  0.060246  0.728483  
-0.00698859  0.00169848  -0.00618104  -0.248479  -0.0291243  0.752493  
-0.00476595  0.0011028  -0.00611347  -0.230663  0.0131798  0.627405  
-0.00659786  0.00241888  -0.0061346  -0.276567  -0.0515384  0.639331  
-0.00823651  0.000641513  -0.00799406  -0.253354  -0.0736743  0.632591  
-0.00741582  0.000755166  -0.00698172  -0.207016  -0.0149229  0.60052  
-0.00849156  0.000665488  -0.00739881  -0.226864  -0.103606  0.636398  
-0.00565396  0.00151818  -0.00644882  -0.24414  0.0106087  0.555298  
-0.0072712  0.00158088  -0.00573777  -0.252958  0.038363  0.687501  
-0.00746971  0.000627299  -0.00555009  -0.230357  -0.0206252  0.733619  
-0.00794395  0.00108849  -0.00579341  -0.245989  -0.0451593  0.695679  
-0.00579039  0.001607  -0.00621669  -0.244625  -0.0443374  0.61243  
-0.00665713  0.00199253  -0.00647135  -0.234568  -0.0446745  0.5741  
-0.00458352  0.00168556  -0.00561753  -0.23443  0.0435389  0.594432  
-0.00362514  -0.000874179  -0.00595713  -0.212027  0.0600645  0.690565  
-0.000558444  -0.000724467  -0.00591588  -0.171809  0.0267688  0.597526  
-0.00642483  0.000860561  -0.00692008  -0.208077  -0.0213615  0.747899  
-0.007499  0.00370087  -0.00730831  -0.314776  0.0447386  0.696336  
-0.0061148  0.00149686  -0.00664095  -0.232731  0.00705143  0.587532  
-0.00534482  0.00120794  -0.005925  -0.226646  0.0667591  0.703164  
-0.00360449  0.00127989  -0.00648777  -0.263883  0.105523  0.815283  
-0.00180956  -0.000147556  -0.0061534  -0.232344  0.0755728  0.775659  
-0.00406752  0.000519292  -0.00552951  -0.24774  0.0749322  0.72726  
-0.00478469  0.0010183  -0.00525452  -0.209611  0.0105284  0.627046  
-0.00651862  0.000251706  -0.0054263  -0.194913  -0.0284746  0.557472  
-0.00597492  0.000611757  -0.0051977  -0.204995  -0.0723961  0.471745  
-0.00911313  0.00148855  -0.00762455  -0.255248  -0.0707713  0.663744  
-0.00811049  0.00115751  -0.00645395  -0.236582  0.0104956  0.714959  
-0.00874986  0.000514585  -0.00690116  -0.209333  -0.110434  0.722291  
-0.0115023  0.00045787  -0.00712919  -0.220844  -0.160223  0.750554  
-0.00635283  0.00163673  -0.00655638  -0.242248  -0.0368575  0.585884  
-0.00590558  0.00149377  -0.00589408  -0.242232  -0.000541056  0.596248  
-0.00653686  0.000936619  -0.00574179  -0.222608  -0.0545062  0.589012  
-0.0054148  0.000389313  -0.00558428  -0.200108  0.032673  0.598572  
-0.00686091  0.000432928  -0.00594971  -0.22007  -0.0722293  0.692789  
-0.0109911  0.000768273  -0.00615899  -0.212545  -0.0823088  0.858499  
-0.00476778  0.000896901  -0.00562604  -0.204316  0.0187257  0.610752  
-0.00821991  0.000971219  -0.00587799  -0.21015  0.00387971  0.769036  
-0.00466867  0.000301108  -0.00522035  -0.171077  0.0613136  0.773264  
-0.00486737  -0.000930825  -0.00467062  -0.154279  0.0132145  0.792674  
-0.00918029  0.000625928  -0.00554565  -0.175686  -0.062013  0.836283  
-0.00636032  0.000974466  -0.00554565  -0.185234  -0.0171927  0.722104  
-0.00404835  0.000262815  -0.00560492  -0.182435  0.120522  0.81759  
-0.00527193  0.000462301  -0.00533383  -0.175772  -0.0397596  0.715408  
-0.00350382  0.000680928  -0.00555805  -0.175967  0.0148969  0.562943  
-0.00492578  0.00113614  -0.00540072  -0.187176  0.0402301  0.541715  
-0.00630429  0.00111154  -0.00555805  -0.20087  -0.021722  0.59257  
-0.00363415  -0.000873862  -0.00490981  -0.162823  -0.000625454  0.543029  
-0.0073085  0.000798966  -0.00551831  -0.209096  -0.00571386  0.615755  
-0.00564174  -0.000184842  -0.00570848  -0.173512  -0.0219296  0.656688  
-0.00580883  0.000105607  -0.00637117  -0.192859  0.00733481  0.656202  
-0.0062807  1.7109e-06  -0.00608206  -0.179725  -0.0223362  0.565615  
-0.00113684  -0.000679244  -0.0057845  -0.154356  0.0725617  0.528731  
-0.000573961  -0.00143722  -0.00558365  -0.125331  0.0803987  0.578506  
0.000174167  -0.00176553  -0.00602991  -0.137753  0.0921729  0.633192  
-0.00339637  -0.00084308  -0.00602991  -0.131548  0.066718  0.690609  
-0.00538476  0.00137801  -0.00673575  -0.187153  -0.0100157  0.716949  
-0.00375277  0.00112844  -0.00673574  -0.167477  -0.0164571  0.61594  
-0.00265894  -0.000377003  -0.00629378  -0.140509  0.0660902  0.553213  
-0.00326039  -0.000597397  -0.00582042  -0.145484  0.0189325  0.575875  
-0.00427547  0.00157234  -0.00684568  -0.212165  0.0595885  0.574539  
-0.00241996  0.00116834  -0.0066994  -0.207338  0.0303764  0.520075  
-0.00451847  0.000740854  -0.00733388  -0.215673  -0.0169555  0.562892  
-0.00841503  0.00178127  -0.00711776  -0.237768  -0.0417894  0.667067  
-0.00528943  0.00131928  -0.00552323  -0.202937  -0.0224112  0.498252  
-0.00218196  0.000866168  -0.00540415  -0.200451  -0.0229944  0.422914  
-0.00274176  0.000928055  -0.0064078  -0.219552  0.0186896  0.511476  
-0.00167418  0.00152094  -0.00653059  -0.21979  0.0368616  0.502332  
-0.00267991  0.00083417  -0.00670703  -0.183211  0.0259154  0.544095  
-0.00106747  0.00056318  -0.00558547  -0.14917  0.0332978  0.516541  
-0.000618167  0.000760571  -0.00490725  -0.1556  0.0952801  0.579561  
-0.00263336  0.000476451  -0.00403867  -0.147316  0.0476647  0.558007  
-0.00178663  0.000738777  -0.00465616  -0.153531  -0.0223928  0.45096  
-0.00484989  -0.000216806  -0.00429529  -0.13685  -0.0235956  0.555885  
-0.00205307  0.00112236  -0.00405183  -0.15395  0.147032  0.712435  
-0.00348905  0.00206223  -0.00429529  -0.211847  0.113166  0.703263  
-0.00444245  0.00198698  -0.00506362  -0.206905  -0.0112818  0.644837  
-0.00530992  0.00299583  -0.00685181  -0.251438  0.0388226  0.556252  
-0.00468259  0.00299583  -0.00606721  -0.244359  -0.0276002  0.453512  
-0.0042952  0.00299583  -0.00439466  -0.219111  0.0215758  0.490667  
0.000464003  0.00132435  -0.00415716  -0.173242  0.0028746  0.355544  
0.00098495  0.00139208  -0.00323164  -0.185  0.115897  0.3474  
0.00161596  0.000810909  -0.00379464  -0.184955  0.0171428  0.317179  
0.00126549  0.00146908  -0.00400007  -0.201925  0.0353197  0.321218  
6.51496e-05  0.00131278  -0.00364199  -0.143941  0.0297748  0.426339  
-0.00331289  0.00123318  -0.00351594  -0.139047  0.0222077  0.566272  
-0.00457838  -2.93054e-06  -0.00373381  -0.0937628  0.0228879  0.574947  
-0.00237772  0.000575174  -0.00351594  -0.105365  0.0826268  0.553479  
-0.000851194  0.00033105  -0.00298833  -0.112168  0.128183  0.559311  
-0.00191149  0.000967113  -0.00318044  -0.13649  0.109285  0.659371  
-0.00210052  0.00148021  -0.00333587  -0.133764  0.0477886  0.607735  
-0.00148172  0.00120305  -0.00319116  -0.129719  0.0788281  0.537945  
-0.00227934  0.00106055  -0.00319116  -0.125371  0.0476944  0.560609  
-0.0034271  3.55644e-05  -0.00319116  -0.0717788  0.103323  0.784841  
-0.00181915  1.75091e-05  -0.0028392  -0.0476474  0.131016  0.858612  
0.000347048  0.000864405  -0.00401248  -0.0997742  0.193535  0.800278  
-0.00086193  0.00105999  -0.00360865  -0.107195  0.129705  0.714611  
-0.00394746  0.00200393  -0.00353735  -0.104296  0.0731539  0.857551  
-0.0051285  0.00137111  -0.00434179  -0.103972  0.0723897  0.807163  
-0.00135006  0.00133753  -0.0031471  -0.11103  0.0949792  0.618388  
-0.00132412  0.0014772  -0.0029331  -0.116172  0.13113  0.580883  
-0.00216422  0.000694584  -0.00270573  -0.105649  0.0745229  0.563239  
-0.0020337  0.000766444  -0.00275183  -0.112045  0.0488141  0.502446  
-0.00322044  0.000567782  -0.00275183  -0.111949  0.0421496  0.529233  
-0.00257206  0.000389262  -0.00262048  -0.0808835  0.0529226  0.452851  
-0.000423629  -0.000385128  -0.00275183  -0.0587576  0.0664855  0.427723  
-0.000712164  -0.00035367  -0.00275183  -0.0667639  0.093673  0.480707  
-0.00108214  -0.000460906  -0.00221095  -0.066724  0.119272  0.570462  
-0.002975  -0.000299153  -0.00214812  -0.0621916  0.0358613  0.587554  
-0.00204414  0.000918204  -0.00273532  -0.0838517  0.0442945  0.563851  
-0.00361539  0.000216679  -0.00260179  -0.0951194  0.0917064  0.670759  
-0.00537203  0.00106916  -0.00315348  -0.12547  0.0475249  0.741507  
-0.00111028  -0.000235737  -0.00538799  -0.160721  0.0953264  0.629009  
-0.000187812  -0.00202618  -0.0106056  -0.178624  0.124883  0.686014  
-0.00085721  -0.000887967  -0.00787743  -0.131371  0.111296  0.651573  
0.00056685  -0.00179632  -0.00525278  -0.106947  0.104612  0.591889  
0.00247456  -0.00198004  -0.00555401  -0.0964273  0.11308  0.576475  
-0.000238511  -0.00107533  -0.00484754  -0.10275  0.097271  0.563115  
-0.00111239  1.15817e-05  -0.00484593  -0.111532  0.0714347  0.480718  
-0.000640382  0.000266638  -0.00406765  -0.121265  0.14851  0.524654  
0.000392583  0.000137231  -0.00389285  -0.121344  0.0964744  0.520507  
0.0018518  -0.00039015  -0.0041643  -0.115664  0.0982974  0.447668  
0.00124459  -0.000905772  -0.00362979  -0.0750521  0.130914  0.454949  
0.00140652  -0.00127799  -0.00385939  -0.0990515  0.073481  0.442819  
0.00153486  -0.00142263  -0.00321753  -0.0713736  0.0866233  0.431957  
-0.00115637  7.47636e-05  -0.00368409  -0.0881592  0.04623  0.417419  
-0.000450026  0.000493997  -0.00414122  -0.0923618  0.0118265  0.453529  
0.00100095  -1.28073e-05  -0.00411897  -0.0503085  0.0122847  0.350357  
0.00205786  2.67173e-05  -0.00308897  -0.0522145  0.0619691  0.299844  
0.00203136  9.11987e-05  -0.00275525  -0.0476085  0.0655771  0.297298  
0.000646677  -0.000356462  -0.00230256  -0.047475  0.150968  0.455105  
0.000749409  -0.000520736  -0.00211812  -0.0588345  0.0652838  0.442869  
0.000339417  9.11987e-05  -0.00205178  -0.064019  0.0601917  0.393205  
-0.00129858  -0.000236619  -0.00230256  -0.0639058  0.0305168  0.409649  
-0.000339971  -0.000736018  -0.00230256  -0.0467154  0.0692466  0.325012  
0.000685408  -0.000904646  -0.00207091  -0.0439802  0.0671237  0.313414  
0.000856053  -0.000729763  -0.00237276  -0.0687286  -0.000182062  0.283197  
-0.000233535  -0.000299897  -0.00255127  -0.0681031  0.0571156  0.311333  
-0.000208417  -0.000519528  -0.00247806  -0.0477409  0.0244705  0.292332  
-0.000589538  -0.00043265  -0.00301038  -0.0506142  0.000760654  0.274004  
0.00036149  -0.000840653  -0.00275001  -0.0505903  0.0708677  0.3199  
0.00108245  -0.00143728  -0.00177572  -0.0379365  0.161409  0.414268  
-0.000668218  -0.00112073  -0.00181382  -0.0581848  0.0888219  0.43282  
-0.00306519  -0.000527334  -0.00239756  -0.0672312  0.0205498  0.459494  
-0.00175004  -0.000525386  -0.00203862  -0.0618317  0.071628  0.397552  
-0.00244362  5.75891e-05  -0.00257079  -0.0807961  0.0102355  0.402564  
-0.00275834  0.000514514  -0.00307627  -0.0864315  0.035245  0.363726  
-0.00163276  -0.000151831  -0.0024948  -0.0722139  0.0635833  0.339668  
-0.00283058  0.00041949  -0.00254483  -0.0721949  -0.00635413  0.283244  
-0.000367787  0.00041949  -0.00202484  -0.0835935  0.144444  0.391234  
-0.000994519  -0.000137407  -0.00181799  -0.0836795  0.0419772  0.393244  
-0.00353989  -0.000236598  -0.00152865  -0.0720825  0.0287308  0.470387  
-0.00514172  -0.000751652  -0.00116114  -0.0451639  0.010027  0.446901  
-0.00296086  -0.000132385  -0.00140692  -0.0541158  0.000794851  0.324982  
-0.00308612  -2.53867e-05  -0.00178346  -0.0666327  0.0173915  0.243633  
-0.00149332  0.000184541  -0.00151122  -0.0777432  0.0702769  0.255589  
-0.00247582  0.000569055  -0.00161621  -0.0723949  -0.00202392  0.285663  
-0.00608549  0.000807663  -0.00244345  -0.0886316  -0.0435096  0.363688  
-0.00509147  0.000382095  -0.00206305  -0.071389  -0.0257809  0.385322  
-0.00320165  0.000149026  -0.00149901  -0.0690335  0.0094778  0.278321  
-0.00412362  0.000728336  -0.00131862  -0.0629716  -0.00224023  0.334814  
-0.00134213  -0.000389421  -0.00185234  -0.0629242  0.000221045  0.240393  
-0.00257055  0.000164785  -0.00186685  -0.064673  -0.0111729  0.249463  
-0.00404645  0.000218084  -0.00231081  -0.064536  -0.0307129  0.292978  
-0.00481746  0.000218084  -0.00273102  -0.0671271  -0.0396935  0.30009  
-0.0047345  0.000683461  -0.00215441  -0.0645744  -0.00142156  0.277297  
-0.00486689  0.00108302  -0.00182191  -0.0734115  -0.0374839  0.288072  
-0.00436119  0.00100011  -0.00131429  -0.0647999  -0.0811276  0.246216  
-0.000988371  0.000693195  -0.00098464  -0.0521793  0.0130892  0.174987  
-0.00306127  0.000674968  -0.00098464  -0.0627746  0.0304782  0.255982  
-0.00433047  0.00115596  -0.00125029  -0.0849325  -0.0461639  0.259564  
-0.00412295  0.00115596  -0.00139411  -0.0763902  -0.0145425  0.25424  
-0.00411535  0.00136142  -0.00161204  -0.0834385  -0.0608506  0.243551  
-0.00415657  0.00115596  -0.00175674  -0.0882277  -0.0248356  0.246878  
-0.00558928  0.00156811  -0.00229434  -0.0923037  -0.0649013  0.269339  
-0.00331514  0.00100913  -0.00272298  -0.0823205  -0.0322858  0.212845  
-0.00145458  0.000791331  -0.00285164  -0.0931825  0.0132092  0.181191  
-0.000232153  6.56667e-05  -0.00223874  -0.0878584  0.0418672  0.211178  
0.00428469  -0.00139017  -0.00181692  -0.0633381  0.026067  0.0845495  
0.00322181  -0.000376315  -0.00158785  -0.0471078  0.0593711  0.0805887  
-0.00184243  -0.000376315  -0.0020894  -0.0471238  0.000340999  0.210266  
-0.000428765  4.98424e-06  -0.0016516  -0.057354  0.0611968  0.160368  
0.000242995  -0.000376315  -0.00179692  -0.0551802  0.0928745  0.190921  
0.00117633  -0.00189127  -0.00220041  -0.0428511  0.0585771  0.167709  
0.00105705  -0.00319705  -0.00261749  -0.0465652  0.0646238  0.131758  
0.00241828  -0.00150084  -0.00219484  -0.0469288  0.0736188  0.108502  
0.00283536  -0.00150084  -0.00184461  -0.0479511  0.100262  0.166516  
-0.00123184  -0.000978886  -0.00119222  -0.0575145  0.0123907  0.213636  
-0.00389116  -0.00014698  -0.00225114  -0.0741516  -0.0165432  0.228976  
-0.00374209  0.00103431  -0.00290577  -0.10861  -0.0371914  0.168696  
-0.00345019  0.00106115  -0.00330117  -0.0961791  -0.0753603  0.14314  
-0.0014441  0.000326899  -0.00294758  -0.0506664  -0.0430235  0.148332  
-0.000252894  -0.000732358  -0.00122362  -0.0233121  0.0486687  0.112297  
-0.00101602  -0.000441352  -0.00181043  -0.0444592  -0.0354398  0.123855  
-0.00144149  -0.000618453  -0.00137748  -0.0404694  -0.0224826  0.163551  
-0.00092536  -0.000185307  -0.000527941  -0.0197502  -0.0228022  0.126786  
-0.00247938  6.087e-05  -0.00119403  -0.0251482  -0.0378038  0.20098  
-0.00189497  0.000358946  -0.00157155  -0.0360368  -0.0465086  0.13996  
0.000348299  -0.00011424  -0.00108247  -0.023775  0.047173  0.112515  
-0.00312211  0.00106596  -0.00170314  -0.0944051  0.0112569  0.289152  
-0.00157875  0.000274516  -0.000804606  -0.0503057  0.00187095  0.273342  
0.00107413  -0.000273433  -0.00097694  -0.0501752  0.115433  0.340177  
0.00145691  -0.00151907  -0.00154841  -0.0415052  0.0789792  0.240169  
0.00133086  -0.000630579  -0.00105018  -0.0199289  -0.0209748  0.121983  
0.00093793  -0.000834671  -0.00139682  -0.0234902  -0.0209198  0.0578059  
-6.02067e-05  -0.000796576  -0.00139489  -0.0101415  -0.0423651  -0.0027085  
0.000389969  -0.000769093  -0.00105018  -0.0263702  0.0389003  0.00429128  
0.00112887  -0.000222222  -0.00105018  -0.0176231  -0.0189907  0.050987  
-0.00146671  -0.000519093  -0.000206635  -0.0275281  0.0216972  0.217265  
-0.000802641  -0.000269247  -0.000821009  -0.0367532  0.00315073  0.156351  
-0.00183093  0.000162583  -0.00100747  -0.0410909  -0.050239  0.136975  
-0.000846621  0.000112232  -0.000949427  -0.0366503  0.0243583  0.177884  
-0.000846621  -0.000707764  -0.00126885  -0.0608991  0.0286813  0.196318  
0.000497392  -0.00072302  -0.000883612  -0.00654958  0.0238559  0.177864  
0.00176541  -0.000592946  -0.000960911  -0.0227386  0.209865  0.325511  
0.0012615  -0.00106188  -0.000951353  -0.00608043  0.110037  0.728601  
-0.000405345  -0.00012745  -0.00145579  -0.0326534  0.0937615  0.650272  
-0.000899063  0.000177788  -0.00133719  -0.0381873  0.0337775  0.3793  
-0.000377586  -0.000930654  -0.0013687  -0.0319924  0.0652233  0.320331  
0.000713037  -0.00102183  -0.000517686  -0.00390079  0.0644879  0.259424  
0.000471039  -0.000494138  -7.48993e-05  -0.013315  0.0441911  0.265668  
-0.00216893  0.000706723  -0.000445242  -0.0252823  -0.00672221  0.371661  
-0.0024902  0.000555799  -0.000309673  -0.0303557  0.0884708  0.460852  
-0.00128141  -0.000409303  0.000184755  -0.00447229  -0.0902435  0.162587  
0.00241434  -0.000801972  -0.000103423  -0.00435019  0.0186749  0.000803132  
0.00170836  -0.000234465  -5.95663e-05  -0.041836  0.0819457  0.102599  
-0.000925924  0.000637042  0.000218851  -0.0606672  -0.0303351  0.165576  
-0.00222364  0.000559589  0.000129681  -0.044204  -0.0666816  0.144493  
-0.00207277  -0.000904761  -0.000114578  0.0369434  0.00804695  0.139207  
-0.00358571  -0.00025754  0.00116853  0.0282639  -0.0887618  0.0883922  
-0.00176793  0.000100456  -0.000371044  0.0183015  0.00188042  0.0537196  
-0.00239788  9.20602e-05  -0.000987078  -0.0034778  -0.0741681  0.0709373  
-0.00246391  -0.00025754  -0.00159558  -0.0047455  -0.0918756  0.00164921  
-0.00474675  -5.23348e-05  -0.00237176  -0.0224287  -0.1094  0.0925386  
-0.00237234  0.00128494  -0.00193816  -0.0443304  -0.0797205  0.0563675  
-0.00278145  0.00139006  -0.000792932  -0.0207126  -0.0289769  0.101256  
-0.00395433  0.000863887  -0.000286869  0.00461675  -0.0724602  0.0823877  
-0.00414684  -0.000552244  -0.000387493  0.0298835  -0.0848538  0.141112  
-0.00236535  -0.00087094  -0.000120895  0.0175251  -0.0135955  0.0585754  
-7.90133e-05  -0.00297287  -0.00045249  0.0297363  -0.0308237  -0.0134131  
0.000345738  -0.00179152  -6.35599e-05  0.0294317  -0.0667375  -0.0540964  
0.000432386  -0.00142586  0.00120121  0.0659577  0.0379418  0.0430861  
-0.00125726  -0.00121557  0.000165695  0.0429817  -0.0824562  0.0105919  
-0.00169573  -0.00121557  3.51664e-06  0.0430556  -0.0735593  0.00319046  
-0.00120778  -0.00121557  -4.71612e-05  0.0490583  -0.0890825  -0.0407725  
-0.00283358  -0.00131379  0.000364162  0.042985  -0.0297242  0.0376066  
-0.00315271  -0.000792132  9.1939e-05  0.0183534  -0.0222265  0.103415  
-0.00223414  -0.00100304  -0.000240061  0.00703132  -0.0644123  0.0298297  
-0.00381528  -0.000307632  -0.000687514  0.00863611  -0.0699389  0.115143  
-0.00374663  -0.000813314  -0.000876787  0.0185466  -0.115237  0.0976475  
-0.0027779  -0.00109412  -0.00058851  0.0328731  -0.05481  0.0863253  
-0.00292454  -0.000747932  -0.000125484  0.00178342  0.00556987  0.124255  
0.000100824  -0.00332427  -0.000413175  0.0327025  -0.0542014  0.0156832  
-0.00110642  -0.0015005  -0.000376944  0.0347257  -0.0455273  0.0739381  
-0.00227226  -0.00091448  6.05935e-06  0.0128371  -0.017917  0.0873858  
-0.00249117  -0.000997106  -0.0002186  0.00759126  -0.145613  -0.0516668  
-0.000624208  -0.0014106  0.000106405  0.0180498  -0.00624933  -0.0371615  
-0.00341507  -0.000952624  0.000606362  0.0179841  -0.057284  0.027105  
-0.0041301  -0.000349371  0.000106405  0.00268872  -0.13687  0.0189456  
-0.00216367  -0.000321174  0.00042001  0.0180078  -0.0459297  0.0121987  
-0.00352016  -0.00128364  0.000540619  0.0632728  -0.0279247  0.157547  
-0.00481075  -0.00210396  0.00123974  0.0740264  -0.0894565  0.150499  
-0.00370145  -0.00137121  0.000164102  0.0588645  -0.136236  -0.00622182  
-0.00486133  -1.59711e-05  -0.000322212  0.00608091  -0.0965408  -0.00304145  
-0.00667213  0.000849013  -0.000785077  -0.0126681  -0.18811  0.0332492  
-0.00756275  0.000336584  -0.000508498  0.00312551  -0.0827221  0.104655  
-0.00376756  -5.00214e-05  -0.000431609  0.0170099  -0.0302369  0.111117  
-0.0038668  0.00039903  -0.000969011  -0.00416766  -0.0329955  0.146507  
-0.00525657  0.000597003  -0.00120567  -0.0161737  -0.0565896  0.111405  
-0.00724534  1.4119e-05  -0.00109844  -0.00141116  -0.163156  0.177521  
-0.00534344  -0.000569919  -0.00113129  0.0269887  -0.0972272  0.127441  
-0.00441459  -0.000863736  -0.000954998  0.0269747  -0.102433  0.104706  
-0.00527138  -0.000572424  -0.000726783  0.0167209  -0.0304727  0.185621  
-0.00587891  0.0002109  -0.00024756  -0.00268409  -0.0761523  0.115905  
-0.00607135  0.00026241  -0.00030172  -0.00743819  -0.149484  0.0754376  
-0.00485088  -4.98973e-05  9.51133e-05  0.00440907  -0.0468773  0.0590218  
-0.00488548  0.000370435  0.000232829  -0.00751901  -0.0999737  0.0131718  
-0.00352578  -0.000755289  0.000519306  0.0022676  -0.054746  0.0480433  
-0.00413909  -0.00167965  0.000612667  0.0300806  -0.0896647  0.0851029  
-0.00400288  -0.00194968  9.51133e-05  0.0815672  -0.110115  0.112545  
-0.00523494  -0.00053318  -0.000312504  0.0255681  -0.129622  0.0565864  
-0.00463204  9.45939e-05  9.51133e-05  -0.0136075  -0.0269741  0.0958094  
-0.00526692  9.45939e-05  -0.000294104  -0.0194073  -0.143808  0.0452123  
-0.00583554  -0.000373463  -0.000535688  -0.00934405  -0.178243  -0.0274895  
-0.00558849  9.45939e-05  -0.00037592  -0.0130096  -0.162855  0.00112972  
-0.00550424  0.000418559  -0.000952991  -0.0222644  -0.173836  -0.0554214  
-0.00472074  9.45939e-05  -0.000366995  -0.0224537  -0.0670514  -0.00774128  
-0.00540746  0.000509606  -0.000561686  -0.0291595  -0.158961  0.00317016  
-0.00467696  -0.000887036  -0.00108427  -0.0386608  -0.13397  -0.0362149  
-0.004589  -0.000641177  -0.00098998  -0.0189693  -0.167675  -0.0393648  
-0.00447956  5.59991e-06  -0.000792915  -0.0237702  -0.102244  -0.0157006  
-0.00516104  0.000325919  -0.000366995  -0.00606423  -0.0698873  0.0698092  
-0.00702654  -0.000671943  -0.000822683  0.0083599  -0.146031  0.147771  
-0.00561975  0.000325919  -0.00117347  -0.0205471  -0.136289  0.0761144  
-0.00429143  0.000391952  -0.00121562  -0.00793684  -0.129436  -0.00686198  
-0.0041561  0.000527243  0.000201733  0.00944376  -0.0658345  0.0234365  
-0.00340119  -0.000275204  1.62914e-05  -0.0040527  -0.130748  -0.0368111  
-0.0039227  -0.000258195  -0.000271951  -0.00634638  -0.111979  0.0485621  
-0.00529226  -0.000363531  1.62914e-05  0.00317263  -0.0971356  0.0832108  
-0.00365903  -0.000163444  -0.000399196  -0.00317304  -0.0533448  0.0498737  
-0.0032309  0.000325919  -0.000563207  -0.00235863  -0.0523464  -0.00961899  
-0.00188982  0.000264002  -7.57478e-05  0.00292909  -0.0377856  -0.0376046  
-0.00540174  -0.000593701  -0.00113172  -0.0204193  -0.105753  0.0774135  
-0.0040185  -0.000144067  -0.00140893  -0.0252467  -0.0712378  0.0351865  
-0.0035183  0.000146873  -0.000371896  -0.020585  -0.023102  0.0530709  
-0.00410533  0.00032592  -0.000146967  -0.00629044  -0.0749976  0.0556848  
-0.00414197  0.00032592  -6.48084e-05  -0.0121055  -0.0593178  0.0919019  
-0.00438505  -0.000293838  -0.000456099  -0.00784201  -0.0903905  0.0630781  
-0.00481315  0.000201504  -0.00113209  -0.0204588  -0.0824107  0.039273  
-0.0027169  -0.000626594  -0.000221046  0.0283709  -0.0775617  -0.0137655  
-0.00117473  -2.55997e-05  0.00038296  0.00210321  0.00186802  -0.012366  
-0.00146155  0.00032592  0.000511079  -0.00683789  -0.00713088  0.0158607  
-0.000256491  -0.000155161  0.000842847  -0.00578081  0.0241462  0.0778672  
-0.000272649  -0.000698629  0.00117269  0.0127498  0.0167078  0.0777734  
-0.00146645  -0.000200302  0.000580492  -0.00129941  -0.0430278  0.00155039  
-0.000474658  -0.001337  -0.000687983  -0.00732981  -0.0369501  -0.0531876  
-0.000217898  -0.000389939  0.000174204  0.0243944  -0.0191079  -0.0531505  
-0.00207975  4.57808e-05  1.10782e-05  -0.00243295  0.00606025  0.0150161  
-0.00111231  -0.000121586  0.000433495  0.00688912  0.0649037  0.0552216  
-0.0010634  -0.000314513  0.000433495  -0.00654264  0.0271546  0.150376  
-0.0018994  -0.000121586  -7.5096e-06  -0.0121053  -0.0245601  0.108462  
0.000793342  -0.000121586  0.000201735  -0.0189962  0.00973514  -0.0456596  
0.000440603  0.000532306  0.000433495  -0.0339477  0.0610525  -0.00050208  
-0.000208206  -0.000121586  0.000342361  -0.0348911  0.00308613  0.0485131  
0.00108869  -0.000256002  0.00107291  0.000342915  0.0673706  0.0314918  
0.000730376  -0.000459849  0.00133686  0.0139594  0.0165489  0.0527805  
0.00108869  -0.000776331  0.00133686  0.0182793  0.0358059  0.0235277  
-0.000886476  -0.000554097  0.000834108  0.015478  -0.0119994  -0.00924904  
-0.00271427  -0.000121586  -0.000152633  0.00758255  -0.0538618  0.0255118  
-0.00322577  0.000135152  -0.00087573  -0.0125908  -0.0740803  -0.00201124  
-0.00324834  0.000332472  -0.000488602  -0.00721434  -0.0384659  0.002243  
-0.00371457  -0.000121586  -0.000271177  -0.0072405  -0.0334992  0.0696536  
-0.00277084  -0.00166325  0.000650269  0.055518  0.0117565  0.122823  
-0.00237429  -0.00156057  0.000833198  0.045916  -0.0441005  0.11998  
-0.00351045  -0.000862203  8.67e-05  0.0303378  -0.0632248  0.0805151  
-0.00325756  -0.000217858  -0.000545148  -0.00440638  -0.0581502  0.0355548  
-0.00234188  -0.000443365  -0.000348544  -0.00473925  0.0222207  0.0929156  
-0.00442983  0.000164366  -0.000561313  -0.0155907  -0.0493251  0.159405  
-0.00350988  0.000272984  -0.000435577  -0.0124153  -0.0441365  0.109537  
-0.00302573  0.000164366  -0.00115084  -0.0221428  -0.0818922  0.0295471  
-0.00273785  0.000164366  -0.000944996  -0.0233112  -0.0420994  -0.0156693  
-0.00217756  6.47559e-05  5.44126e-05  -0.0251713  0.0139865  0.0779714  
-0.003504  0.000164366  -9.13655e-05  -0.0251686  -0.105872  0.0870529  
-0.0029752  -0.00167192  0.00030443  0.0413646  -0.0193694  0.108124  
-0.00463066  -0.00183223  0.000439106  0.0508987  -0.124813  0.0477616  
-0.00428385  -0.00109179  0.000493644  0.0294486  -0.047986  0.0785135  
6.51975e-05  -0.00303841  0.000228931  0.0424106  -0.0139188  0.0699643  
-0.000712344  -0.0010702  9.15386e-05  0.00852845  -0.0333938  -0.0647545  
0.000119354  -0.000372519  7.57441e-05  0.014905  -0.0641384  -0.0775474  
-3.94013e-05  6.23238e-05  6.52822e-05  -0.00204441  -0.000862754  -0.00318547  
-0.000666326  0.00011244  0.00118996  0.018534  0.00850435  -0.00254108  
-0.000356593  0.000349845  0.00110357  0.0156074  -0.0310243  -0.00348047  
-0.00017321  0.000289285  0.00141096  -0.00210158  0.0665287  0.030553  
-0.000544782  0.000635759  0.000894612  -0.00203443  -0.0264048  -0.00352713  
-0.00402304  0.000212874  0.00020169  0.00414311  -0.0336691  0.0982476  
-0.00198685  0.000287481  0.000308687  0.007064  -0.018704  0.0473619  
-0.00179598  0.00049466  -0.000280065  -0.0149518  -0.0577411  -0.0181101  
-0.00109644  0.000733308  2.61164e-05  -0.0224783  -0.0290278  -0.0651982  
-4.23239e-05  0.000272092  0.000740505  -0.0192573  -0.0427851  -0.100515  
0.000946605  0.000733308  0.00117023  -0.0300502  0.0545583  0.00982613  
0.00215673  -0.00176359  0.000716146  -0.00522615  -0.0126284  0.00441301  
-0.00151794  -0.000919705  0.00075575  0.000552347  -0.0294282  0.0581776  
-0.00283758  -0.0011512  0.000956998  0.0209026  -0.0549973  0.0387941  
-0.00342279  -0.000606124  -0.000317803  -0.0148111  -0.0438972  0.0124344  
-0.00277969  -0.000473841  -0.000219912  -0.0280033  -0.0255519  -0.0165168  
-0.00305407  0.000229159  5.2477e-05  -0.0346065  -0.0202986  0.0988065  
-0.00174124  0.000459772  0.000315819  -0.0414051  0.0669143  0.20276  
-0.00189819  -0.000472324  0.000768647  -0.0126563  -0.0477747  0.111793  
-0.0035337  0.000419544  0.000645063  -0.011852  -0.0816424  0.139272  
-0.00205065  0.000716352  0.000162559  -0.00817151  -0.0455907  0.104388  
0.000447755  0.000118625  0.000258963  0.018873  0.0337555  0.116313  
0.0028916  -0.00206672  -0.000114809  0.0293006  -0.0508803  0.00717186  
7.59381e-05  -0.000760896  -0.000764517  0.0154075  -0.0469185  0.0118096  
-0.00295953  0.000365777  -0.000643791  -0.00630864  -0.065461  0.0673696  
-0.00177838  0.000582998  -0.000460927  -0.0332243  0.0107914  0.0376076  
-0.00180653  0.0006076  -0.000205638  -0.0332347  -0.00966671  0.0915577  
-0.00302341  0.000567687  -9.99484e-05  -0.033274  -0.0541219  0.0798375  
-0.00398025  0.000914453  -0.000215006  -0.0332673  -0.110975  -0.00185594  
-0.00264573  0.000338092  4.72045e-05  -0.0333451  -0.0244061  -0.0540417  
-0.00319506  0.000449228  0.000146237  -0.0267012  -0.043899  0.0408509  
-0.00304318  0.000129354  8.98336e-05  -0.00669915  -0.0633728  -0.00446868  
-0.0030131  -7.71913e-05  -0.000172399  -0.00859225  -0.0995668  -0.0474078  
-0.000977676  -8.14326e-05  0.000136113  -0.000990932  -0.00752166  -0.0949525  
-0.000435992  -0.000744443  0.000622434  0.0077056  -0.0285844  -0.102558  
0.000263224  -0.000287202  0.000476732  0.0120365  -0.0439752  -0.122272  
-0.00206523  -0.00046532  0.000460693  0.0415739  -0.0613805  -0.0785489  
-0.00080847  -0.00111184  0.000460693  0.0448735  -0.080412  -0.0490568  
-0.00126229  -0.00168064  -0.000276433  0.0583979  -0.11434  -0.128977  
-0.00174339  -0.00174747  9.83756e-06  0.105387  -0.178307  -0.109738  
-0.000561153  -0.00256733  0.000574759  0.0873443  -0.0312648  -0.0565013  
-0.000716721  -0.00181203  0.000857005  0.0873373  -0.133126  -0.0505595  
-0.000878973  -0.00139236  0.00123098  0.0811171  -0.0516849  -0.0334453  
-0.00056766  -0.00114044  0.00126911  0.0773187  -0.0956046  -0.0847333  
-0.00215944  -0.000815268  0.000872955  0.0506906  -0.0999898  -0.0612274  
-0.00251096  -0.000508219  0.000462344  0.0508523  -0.128637  -0.159065  
-0.00250474  -0.000508219  0.000660806  0.0424743  -0.0569376  -0.108246  
0.000526474  -0.00480731  0.000358123  0.114729  -0.119185  -0.167407  
0.000191199  -0.00209065  0.000959346  0.0507664  -0.00679488  -0.107926  
5.79524e-05  -0.000959384  0.00172915  0.0278966  0.179391  0.149949  
0.00138471  -0.000535011  0.00177123  -0.024766  0.00604191  0.187747  
-0.000980913  2.96103e-05  0.00167931  -0.0472538  0.0290296  0.184664  
-0.000872016  0.000117487  0.0014642  -0.0472506  0.029012  0.133748  
-0.000705965  0.000117487  0.00104022  -0.0471696  -0.0455072  0.022941  
-0.00165027  -0.000633011  -0.00038754  -0.0164634  -0.0114016  0.071675  
-0.00355999  -0.00105825  0.000288805  0.0222454  0.024216  0.233495  
-0.00403048  -0.000634009  -9.03266e-06  0.00493724  -0.0708543  0.205684  
-0.00160614  6.14955e-05  0.000430378  -0.00214694  -0.0273305  0.0686537  
-0.00218747  0.000353778  0.000804113  -0.0204474  0.00661305  0.0667224  
-0.000716071  -5.84767e-06  0.00128355  0.0170193  -0.02708  0.102427  
0.00155518  0.000247234  0.00120874  -0.011511  0.0335057  0.0190484  
0.00191857  0.000835989  0.00155134  -0.0246252  0.0341367  -0.0270318  
0.000590478  0.00127037  0.0019701  -0.0203703  -0.0139462  -0.025833  
-0.000349311  0.00154395  0.00187613  -0.0324174  -0.0430064  -0.0383506  
0.00151832  6.08487e-05  0.00146607  -0.0253518  0.00565862  -0.100978  
0.00180502  0.000111576  0.00135279  -0.0245632  -0.0278886  -0.0995676  
-0.000240821  0.00184698  0.00187613  -0.0414303  -0.0321828  -0.0616135  
-0.000778088  0.00209975  0.00187613  -0.0431845  -0.0420459  -0.0918939  
-0.00062274  0.00103469  0.00187613  -0.0202807  -0.0394747  -0.0899562  
-0.000787106  0.00124283  0.00280579  -0.00491644  -0.027666  -0.022368  
-0.00129677  0.00150543  0.00292819  -0.0191982  0.027963  -0.0661513  
-0.000589026  0.00176639  0.00306382  -0.0436177  -0.0809594  -0.145991  
-0.00086442  0.00202935  0.00236375  -0.0779282  -0.127921  -0.179727  
0.000345342  0.00187253  0.00199251  -0.0565042  -0.136966  -0.339165  
0.000704478  0.00219071  0.00235942  -0.0630674  -0.0806882  -0.36543  
0.000112153  0.00216895  0.00176992  -0.0754898  -0.153534  -0.4094  
0.00039249  0.0015331  0.00108389  -0.0648992  -0.136404  -0.391523  
0.00171789  0.00160962  0.00147933  -0.0838723  -0.0302995  -0.379981  
0.00657379  -0.0010514  0.00212242  -0.00772154  -0.0635937  -0.47222  
0.00452623  0.000876231  0.00289496  -0.0289707  -0.0211462  -0.408817  
-0.000573408  0.00135013  0.00371992  -0.00139962  -0.0959748  -0.303722  
0.000142923  0.000674225  0.00293367  -0.018054  -0.0687379  -0.223667  
0.00103838  0.000306091  0.00216462  -0.00897  -0.0736717  -0.310753  
0.00292953  0.000390175  0.00253383  -0.00746019  -0.00484771  -0.353459  
0.00168154  0.000157344  0.00267074  -0.014002  -0.0516646  -0.26908  
0.0011547  0.000593183  0.00282229  -0.0221991  -0.00624101  -0.214448  
0.00508254  3.49541e-05  0.00211637  -0.0533253  -0.0670115  -0.419173  
0.00516751  0.000106263  0.00318516  0.00419829  -0.0106608  -0.396815  
0.000763164  0.000593183  0.00268611  -0.0246241  -0.0344693  -0.352092  
0.00179869  0.000802776  0.00286158  -0.0278849  -0.0615006  -0.290138  
0.00309424  0.000593183  0.00266128  -0.0364855  -0.0523693  -0.353515  
-0.00143252  0.00116395  0.00289642  -0.0166115  -0.0806428  -0.253399  
1.67288e-05  0.00125867  0.0028781  -0.0204295  -0.10037  -0.314414  
0.00189917  0.00127657  0.00329379  -0.0149372  -0.022905  -0.401464  
0.00154964  0.00124258  0.00360643  -0.0280022  -0.1109  -0.35611  
0.00141595  0.00126734  0.00279601  -0.0207611  -0.110869  -0.374262  
0.00349659  0.001701  0.0022998  -0.0133042  -0.0967215  -0.453825  
0.00568507  0.00106695  0.00335864  -0.0278773  0.0467772  -0.409831  
0.00414033  0.000934335  0.00323785  -0.00722241  -0.0255478  -0.352351  
0.00319447  0.0013604  0.00302141  -0.0277471  0.0314901  -0.257348  
0.00367733  0.00105141  0.00360666  -0.00135419  -0.0380456  -0.255788  
0.000615185  0.000819735  0.00323785  -0.000839529  -0.0659071  -0.242048  
0.00362419  0.000503213  0.00283202  -0.00619391  -0.0582341  -0.382687  
0.006279  -0.0013076  0.0017347  -0.0150814  -0.0139446  -0.462985  
0.00347545  -3.53067e-05  0.00223318  -0.00192499  -0.0460773  -0.31239  
-0.000150409  0.000539042  0.00160751  -0.0280841  0.0182825  0.031135  
0.00397951  0.00175183  0.00160751  -0.0490525  -0.0106224  -0.248351  
0.00286312  0.00192169  0.00228324  -0.0399218  -0.0364642  -0.277962  
0.00362283  0.00189175  0.00255049  -0.062315  0.0686774  -0.211146  
0.00241582  0.00138437  0.00271009  -0.0427291  -0.034011  -0.187697  
0.00175892  0.000924737  0.00294091  -0.0175961  -0.0239115  -0.19722  
0.00188895  0.00115919  0.0028424  -0.015752  -0.0359026  -0.234264  
0.000552036  0.00146765  0.00234014  -0.0302363  -0.0539178  -0.251221  
0.000739731  0.00147677  0.00220161  -0.0368857  -0.0419647  -0.257402  
-0.000331461  0.00105859  0.00220161  -0.0160448  -0.0731959  -0.232677  
0.000274621  0.000510348  0.00200682  -0.00777571  -0.0134703  -0.232606  
-0.000221654  0.00130309  0.00208667  -0.0375625  -0.0321745  -0.207756  
-0.000280206  0.00149331  0.00220161  -0.0477287  -0.077447  -0.195609  
-0.00254911  0.00210604  0.00220161  -0.0537952  -0.0471739  -0.152832  
-0.00230815  0.00235306  0.00255159  -0.0538262  -0.0817648  -0.195565  
-0.00183497  0.00123406  0.00283488  -0.00892167  -0.0530068  -0.131967  
-0.00206492  0.000461047  0.00320693  -0.00982372  -0.0421867  -0.102962  
-0.00350925  0.00237909  0.00222366  -0.0807022  -0.161373  -0.221514  
-0.000695526  0.00125387  0.00219303  -0.0397367  -0.0909368  -0.296156  
-0.00123015  0.00115345  0.00226231  -0.0328371  -0.104853  -0.215394  
-0.00150596  0.00170145  0.00216259  -0.059444  -0.0617149  -0.202464  
0.00117232  0.000395975  0.0017795  -0.0415985  -0.118371  -0.285413  
-0.00416739  0.00251072  0.00243011  -0.0558808  -0.197672  -0.265105  
-0.00176614  0.00220801  0.00275512  -0.0702697  -0.135162  -0.307028  
-0.0014284  0.00179387  0.00294781  -0.04705  -0.096099  -0.229585  
-0.00299446  0.00113916  0.0028432  -0.032204  -0.185253  -0.209735  
-0.000929758  0.000906725  0.00262475  -0.0389013  -0.0894585  -0.267937  
-0.00016066  0.000362012  0.00317757  0.000930046  -0.116522  -0.276471  
0.000204175  0.000996086  0.00317757  0.00643623  -0.169128  -0.39678  
-0.0010255  0.00113916  0.00294922  -0.0171388  -0.054255  -0.23395  
-0.00181451  0.00113916  0.00238014  -0.0218777  -0.126109  -0.167987  
-0.00201148  0.000900731  0.00174677  -0.0218304  -0.114169  -0.15705  
0.00111776  0.000919626  0.00263863  -0.0123034  -0.0194774  -0.203629  
-0.00101916  0.00113916  0.00249119  -0.0218145  -0.0665065  -0.147258  
0.000656697  0.000105247  0.00253186  -0.0280962  0.00805178  -0.122985  
0.00361959  -0.000487323  0.00239612  -0.0255513  -0.0588759  -0.298061  
0.00105258  0.000922794  0.00202243  -0.0514078  -0.0755092  -0.270363  
0.00116137  0.000370815  0.00243404  -0.0330591  0.0268387  -0.231489  
0.00238919  0.000280156  0.00269324  -0.00675715  -0.0710124  -0.237987  
0.00196278  0.0011311  0.00243404  -0.0314484  -0.0442031  -0.256377  
0.000421922  0.00133562  0.00243404  -0.0165159  -0.0948696  -0.260318  
0.000797279  0.00180352  0.00194913  -0.047556  -0.0313439  -0.25633  
-0.000329791  0.0020107  0.00194913  -0.064091  -0.0949354  -0.169787  
0.000348636  0.00166983  0.00194913  -0.0526894  -0.12283  -0.292027  
0.00325818  0.00173027  0.00226952  -0.0457131  -0.0550151  -0.367076  
0.00128617  0.0010133  0.00344913  -0.0203718  -0.0670025  -0.307706  
5.03002e-05  0.000885745  0.00284196  -0.0491542  -0.0101611  -0.20933  
-0.000797788  0.000385692  0.00395379  -0.00498549  -0.0596631  -0.156349  
-0.000714712  0.00109487  0.00343172  -0.0342994  -0.103042  -0.201333  
0.000278764  0.000920396  0.00302642  -0.0259838  -0.103317  -0.280397  
0.000269973  0.0005176  0.0021109  -0.0535098  -0.0756913  -0.314235  
0.00367471  1.85657e-05  0.0026892  -0.01915  -0.104432  -0.414831  
-6.19278e-05  0.000948849  0.00233591  -0.0179424  -0.146173  -0.322292  
-0.000456127  0.000627928  0.00219444  -0.0284178  -0.0607059  -0.229944  
-0.00104397  0.00138584  0.00238094  -0.0223277  -0.110442  -0.162143  
-0.00169936  0.000884056  0.00238094  -0.0113151  -0.126537  -0.215242  
-0.00129817  0.000886174  0.00281183  0.0267536  -0.140651  -0.347808  
-0.000922755  0.00048283  0.00312709  0.0415905  -0.121944  -0.289944  
-0.000196671  0.00173317  0.00290461  -0.0256855  -0.081974  -0.270432  
-0.00039906  0.00138584  0.00337988  -0.00621018  -0.0319103  -0.256396  
-0.000940345  0.0018448  0.00355971  -0.0107047  -0.151098  -0.289357  
-0.000787922  0.00159769  0.00355971  0.000581089  -0.123509  -0.320595  
-0.00315718  0.00158017  0.00331298  0.00590319  -0.112775  -0.239788  
-0.00243169  0.00155771  0.00310667  -0.00490118  -0.129837  -0.242735  
-0.0012168  0.00195968  0.00372891  0.00127987  -0.0897877  -0.313301  
-0.00131881  0.00153364  0.00427755  0.0159857  -0.137118  -0.327488  
-0.0014393  0.00159256  0.00427755  0.0139399  -0.0704474  -0.296574  
-0.000544246  0.00160784  0.00457255  0.0162821  -0.178486  -0.419928  
-0.00237395  0.00177218  0.0038532  0.0333541  -0.209219  -0.44682  
-0.00355036  0.00147473  0.00256528  0.00226574  -0.112546  -0.351435  
-0.00495864  0.00188595  0.00251976  -0.0191822  -0.190739  -0.330725  
-0.00442531  0.00182382  0.00250393  -0.020581  -0.168664  -0.36227  
-0.0049231  0.00164953  0.00219348  -0.0185144  -0.183224  -0.308832  
-0.0013493  0.00187195  0.00214814  -0.0198984  -0.143669  -0.450295  
-0.00122394  0.00243758  0.00289266  -0.0227081  -0.160925  -0.373565  
-0.00376858  0.00253275  0.00269686  -0.0265321  -0.187123  -0.342781  
-0.0044911  0.00218174  0.00254881  -0.0215904  -0.173642  -0.303604  
-0.00360977  0.0015857  0.00254881  -0.0140963  -0.106238  -0.274414  
-0.00393319  0.00135027  0.00210811  -0.0122021  -0.115516  -0.298263  
-0.00224659  0.000317319  0.00212859  -0.0241725  -0.139947  -0.322065  
-0.00432648  0.00113452  0.00254881  -0.0145065  -0.158386  -0.242945  
-0.00496621  0.00149079  0.00239571  -0.0155821  -0.175503  -0.27366  
-0.00385516  0.00101289  0.00254881  0.0181023  -0.129526  -0.278668  
-0.00415087  0.00149079  0.00309071  -0.0110294  -0.0789063  -0.223877  
-0.00420778  0.00133261  0.00293223  -0.00885765  -0.161834  -0.237801  
-0.00464912  0.0014908  0.00359429  -0.00834192  -0.132655  -0.23609  
-0.00343879  0.0014908  0.00342008  -0.0110871  -0.141342  -0.264755  
-0.00445118  0.00198158  0.0037392  -0.0303637  -0.0406782  -0.297947  
-0.00408452  0.00159532  0.00411428  -0.0112556  -0.195801  -0.385185  
-0.0029584  0.00206353  0.00329917  -0.0277761  -0.124156  -0.36326  
-0.00316575  0.00249337  0.0028226  -0.0460529  -0.107663  -0.35863  
-0.00255442  0.00278879  0.00203208  -0.06344  -0.177831  -0.417554  
-0.00197942  0.00264652  0.00159026  -0.0520839  -0.135846  -0.311628  
-0.00295515  0.00270997  0.00199395  -0.0530088  -0.088562  -0.331757  
-0.00433965  0.00319333  0.000807029  -0.0934842  -0.173736  -0.292142  
-0.00215279  0.00260494  0.000851238  -0.0707561  -0.176848  -0.38858  
-0.00366085  0.00259811  0.00210337  -0.058065  -0.0901564  -0.306582  
-0.0029173  0.00223902  0.00188399  -0.0524326  -0.172276  -0.312187  
-0.00294165  0.00257239  0.00242602  -0.058125  -0.130718  -0.328936  
-0.00352565  0.00228942  0.00157215  -0.0511357  -0.146698  -0.369739  
-0.00258952  0.00184694  0.00160269  -0.0442938  -0.174157  -0.39679  
-0.0032863  0.00205663  0.00179846  -0.0410743  -0.180343  -0.393315  
-0.00311385  0.00161709  0.00194672  -0.0306042  -0.150654  -0.385444  
-0.00145996  0.00161528  0.00241059  -0.0248711  -0.113003  -0.308393  
-0.00207768  0.00103791  0.00267475  -0.0179576  -0.18284  -0.355766  
-0.00204593  0.00115198  0.00223414  0.00332722  -0.125286  -0.352088  
-0.00260686  0.0019467  0.00270052  -0.0178241  -0.134739  -0.303334  
-0.00155795  0.00127388  0.00307559  -0.0181298  -0.110717  -0.367452  
-0.000666235  0.00069079  0.00288325  -0.000915726  -0.138162  -0.386907  
-0.00121443  0.000956721  0.00304132  0.013861  -0.107467  -0.414471  
0.00070212  0.0010063  0.00341503  0.00651811  -0.076768  -0.384493  
-0.00166115  0.0012009  0.0032983  0.0059177  -0.173541  -0.304448  
-0.00202512  0.00200464  0.00288686  -0.00639918  -0.150138  -0.33594  
-0.0033128  0.00129168  0.00259084  0.0089055  -0.131105  -0.258375  
-0.000820415  0.00167684  0.00304132  -0.0026881  -0.113953  -0.399668  
0.000390383  0.00130515  0.00245184  -0.0181135  -0.121542  -0.429893  
-0.0012043  0.00130515  0.00241814  -0.00913241  -0.157199  -0.450072  
-0.00199831  0.00173874  0.00267381  -0.0142257  -0.164122  -0.412907  
-0.00352704  0.00213966  0.00290665  -0.00665125  -0.189076  -0.33792  
-0.00263303  0.00183288  0.00222688  -0.00148849  -0.163427  -0.347439  
-0.0012242  0.00132173  0.00267097  0.0165378  -0.0800755  -0.40213  
-0.00324013  0.000886747  0.00227305  -0.0167438  -0.174362  -0.323182  
-0.00227723  0.000933349  0.00132004  -0.0341734  -0.1637  -0.349612  
0.000730123  0.000872135  0.00241503  -0.0127942  -0.0424364  -0.362763  
-0.00113303  0.000740519  0.00266104  -0.00349858  -0.11188  -0.378541  
-0.00144389  -0.000490512  0.00216529  0.0332123  -0.0790795  -0.366517  
0.00246026  0.00037114  0.00169857  0.00973256  -0.135675  -0.43481  
0.00158825  4.41059e-05  0.00238712  0.0128911  -0.0647335  -0.393051  
0.000390182  0.000284459  0.00340775  0.0204942  -0.103272  -0.35937  
0.000808189  0.000637797  0.00305277  0.0218292  -0.120973  -0.39073  
-0.000115448  0.000735126  0.00278094  -0.00256925  -0.1031  -0.412576  
-0.000887973  0.00106086  0.00245429  -0.0172116  -0.16432  -0.431352  
0.00188391  0.000999384  0.00235352  6.05832e-05  -0.150011  -0.507344  
0.00121305  -0.000130126  0.00275469  0.0210529  -0.0274018  -0.362042  
-0.000938844  -1.34167e-05  0.00305153  0.0177339  -0.124905  -0.33912  
-0.000993585  -4.13886e-06  0.00340492  0.00680668  -0.1095  -0.362346  
-0.00240951  0.000589876  0.00323724  0.00703057  -0.174643  -0.362581  
-0.00225545  0.0013108  0.003149  -0.0170118  -0.179506  -0.422275  
-0.00238516  0.00123793  0.00358459  0.00299798  -0.149988  -0.430473  
-0.00229383  0.000453658  0.00244377  0.00690943  -0.152993  -0.355837  
-0.00437892  0.00120962  0.00301138  0.00499886  -0.174113  -0.34362  
-0.00235711  0.00110129  0.00331937  0.00643317  -0.148587  -0.398463  
-0.00185139  0.00136642  0.00330548  -0.0133314  -0.127334  -0.375418  
-7.40344e-05  0.000874153  0.00289793  -0.0224309  -0.14265  -0.430013  
-0.00270155  0.00142483  0.00279982  -0.0221647  -0.16791  -0.389177  
-0.000944816  0.00113181  0.00246607  -0.0170879  -0.200487  -0.518286  
-0.00209167  0.000409698  0.00226952  0.00186497  -0.151936  -0.491775  
-0.00344248  0.000810193  0.00260043  -0.0224337  -0.173743  -0.437939  
-0.000766197  0.000826747  0.00207456  -0.0223267  -0.184799  -0.483597  
-0.00148883  0.000941999  0.00272723  -0.0223935  -0.176274  -0.518382  
-0.00177127  0.00173406  0.00234591  -0.00513841  -0.229014  -0.591643  
-0.000359946  0.000933513  0.00314305  0.0144842  -0.125133  -0.562952  
-0.00204805  0.00124234  0.00333042  -5.56258e-05  -0.203931  -0.516573  
-0.00186996  0.0013713  0.00359031  0.00243216  -0.134485  -0.459478  
-0.0031727  0.00172  0.00319853  -0.00779431  -0.21011  -0.478768  
-0.00322244  0.00178122  0.002239  -0.0219346  -0.202518  -0.487099  
-0.000424142  0.00112949  0.00215722  -0.0260949  -0.154165  -0.530423  
0.000778464  0.00128084  0.00224293  -0.0164091  -0.190162  -0.590915  
0.000331718  0.00133048  0.00233901  -0.0216563  -0.193093  -0.598926  
0.000818788  0.000507503  0.00227784  -0.00355827  -0.181637  -0.621426  
0.00169893  0.000476947  0.00277045  0.00837468  -0.0920527  -0.559286  
0.000535456  0.000415582  0.00265665  -0.00141905  -0.159766  -0.541215  
0.00217436  -0.00139449  0.00310186  0.0438783  -0.0812313  -0.469962  
0.00186325  -0.000823228  0.00364821  0.0643792  -0.0926305  -0.543404  
0.000399647  0.0003654  0.00384821  0.0388744  -0.167985  -0.602149  
0.0007875  0.000317923  0.00384821  0.024385  -0.0751775  -0.561778  
0.00109068  0.000860776  0.00301381  -0.00658468  -0.129261  -0.483479  
0.00271429  0.000616683  0.00297268  -0.00699756  -0.086739  -0.542117  
0.00106113  0.000373574  0.00365727  0.0200794  -0.15273  -0.576641  
0.00124109  0.000759049  0.00276489  0.00179429  -0.171147  -0.617037  
0.00353092  0.000546638  0.00342728  0.00160852  -0.0429887  -0.59647  
0.00559108  -0.000459773  0.00322979  0.021672  -0.076288  -0.590089  
0.00143656  0.000551642  0.00395621  0.00368785  -0.157906  -0.596697  
0.00340501  0.000283305  0.00353865  0.0199113  -0.0924427  -0.635368  
0.00239525  0.000394403  0.00341947  0.0163682  -0.0527254  -0.549234  
0.00267149  0.000119627  0.00379009  0.0123272  -0.0975861  -0.56435  
0.00258546  -0.000875309  0.00312127  0.017898  -0.059205  -0.543465  
0.0039069  -0.001634  0.00316664  0.0460324  -0.0172319  -0.524756  
0.00320378  -0.000623853  0.00315603  0.0192237  -0.0723826  -0.382505  
0.000345338  -0.00049725  0.00170735  -0.00136363  -0.0421709  -0.340669  
-0.00101679  0.000410212  0.00170735  0.00391405  -0.135309  -0.356746  
-0.000339047  0.0008638  0.0022138  0.00392728  -0.140473  -0.463988  
0.00073224  0.0008638  0.00195144  -0.00404296  -0.132626  -0.484893  
0.00253353  0.000345845  0.00314839  0.0197996  -0.0784929  -0.517817  
0.00201736  7.19938e-05  0.00314839  0.0274277  -0.0933017  -0.500503  
0.0015338  0.0008638  0.00314839  0.00869664  -0.179464  -0.579849  
0.00229291  0.00117476  0.00361535  0.013415  -0.0754155  -0.628486  
0.00631813  0.000514403  0.0040849  0.0298809  -0.00585435  -0.652023  
0.00567461  0.000226529  0.00472401  0.0367161  -0.0191296  -0.572095  
0.000552926  0.00058231  0.00450637  0.0416149  -0.162392  -0.476489  
0.000559935  0.00115669  0.00375966  0.0290901  -0.148138  -0.52508  
-0.000176658  0.00140911  0.00362304  0.0192031  -0.173684  -0.554259  
0.000847328  0.000837643  0.00375966  0.0275272  -0.139326  -0.572747  
0.00121967  0.000661924  0.00407295  0.0407584  -0.180699  -0.60757  
-0.000475202  0.000924681  0.00377135  0.0263389  -0.1481  -0.547167  
-0.00150878  0.00123023  0.00372854  0.0362968  -0.189361  -0.514108  
-0.00204439  0.000838939  0.00391977  0.0380986  -0.148449  -0.482491  
-0.00301763  0.000611533  0.00349155  0.0312413  -0.220449  -0.434774  
-0.0016468  0.000422085  0.00311109  0.0478696  -0.165027  -0.406901  
-0.000928405  0.00024722  0.0033316  0.0429081  -0.184675  -0.503481  
-0.00148201  0.000481673  0.0035475  0.0856679  -0.184518  -0.452427  
0.000411286  -0.000277515  0.00387802  0.0752821  -0.142412  -0.55086  
0.000745312  0.000594662  0.00444144  0.0557326  -0.154668  -0.62874  
-0.000122788  0.00110564  0.00427627  0.0452851  -0.204572  -0.585429  
-0.000851789  0.00115507  0.004129  0.0333989  -0.147673  -0.548176  
0.00131547  -0.00107275  0.00392709  0.100184  -0.103211  -0.483278  
0.000291169  -0.000895642  0.00398042  0.0883942  -0.123868  -0.4015  
-0.000553034  0.00122532  0.00402293  0.0385143  -0.154526  -0.471842  
0.000178052  0.00140463  0.00392709  0.0339896  -0.075855  -0.473958  
-7.29106e-05  0.00127313  0.00405011  0.0465095  -0.139851  -0.467283  
-0.000320712  0.00111397  0.00392709  0.0261726  -0.109084  -0.439706  
-0.00138426  0.00175764  0.00392709  0.00570485  -0.19032  -0.527075  
-0.000447749  0.0019235  0.00350968  0.00590279  -0.158371  -0.614834  
-0.00060534  0.00128465  0.00392709  0.0312943  -0.147209  -0.570994  
-0.00167654  0.00168877  0.00392709  0.0187279  -0.23358  -0.566892  
-0.00230936  0.00225045  0.00392709  0.0214723  -0.2158  -0.529383  
-0.00275473  0.00121971  0.00340313  0.0481409  -0.207521  -0.489314  
0.000984294  0.00153835  0.00392709  0.045651  -0.162584  -0.660507  
-0.0014395  0.00169821  0.00332848  0.0167653  -0.222286  -0.616611  
-0.000233019  0.00213341  0.00268751  0.00397322  -0.24245  -0.675378  
0.000580294  0.00140915  0.00357216  0.0433665  -0.227304  -0.666716  
-0.00136393  0.00166061  0.00261782  0.0249358  -0.226317  -0.560847  
0.000277553  0.00188646  0.00323502  0.0110956  -0.133655  -0.626512  
0.000663654  0.00199606  0.00384751  0.0321863  -0.252725  -0.675837  
0.000121603  0.00137769  0.00336056  0.0464264  -0.209683  -0.676166  
0.00200068  0.0016679  0.00306443  0.0261878  -0.130303  -0.625584  
0.00575282  -0.000204321  0.00283948  0.0306731  -0.108783  -0.700457  
0.00403713  0.000159177  0.00344511  0.0389605  -0.126962  -0.645172  
0.00335828  -0.000447487  0.00162645  -0.0106455  -0.126574  -0.635778  
0.00321779  -0.000334316  0.0026632  0.0267935  -0.143333  -0.645374  
0.00488493  -0.000440288  0.00229535  0.00367743  -0.179623  -0.696416  
0.00758788  -0.0012639  0.00257499  0.0264378  -0.141923  -0.759279  
0.000663555  0.000231924  0.00236245  0.00807146  -0.178814  -0.597129  
0.00227201  0.000808308  0.0028733  0.0235711  -0.105392  -0.638787  
0.0035002  0.000902056  0.00294396  0.0196288  -0.187096  -0.735567  
0.000813312  0.00110111  0.00304894  0.024799  -0.168292  -0.656089  
0.000131235  0.000942547  0.00345143  0.0379057  -0.225122  -0.622969  
0.000172154  0.000631092  0.00367203  0.0529039  -0.167416  -0.599764  
-0.000486945  0.00112534  0.0030064  0.0386487  -0.1749  -0.567954  
0.00190987  0.000496044  0.0038471  0.0381856  -0.105576  -0.594492  
0.00278557  0.000555545  0.00410948  0.0499496  -0.130826  -0.606813  
0.00187793  0.00109737  0.00387895  0.0612528  -0.155019  -0.60633  
0.000791511  0.00121313  0.00404123  0.0530459  -0.0687986  -0.540125  
-0.00164918  0.00146673  0.00420945  0.0386088  -0.203207  -0.489215  
-0.00192089  0.00157829  0.00374575  0.0387525  -0.177986  -0.485886  
-0.000517872  0.00144185  0.00379717  0.0561417  -0.200806  -0.507425  
-0.00179427  0.00158714  0.00364017  0.0572911  -0.188386  -0.494652  
-0.000106112  0.00197531  0.0026093  0.0391712  -0.168008  -0.507876  
0.00249197  0.00125827  0.00333703  0.0683033  -0.105034  -0.4965  
0.00214065  0.00144119  0.00424525  0.0813239  -0.0383869  -0.472393  
0.00280567  0.000883562  0.00394316  0.073856  -0.15489  -0.556089  
0.00177168  0.00134347  0.00355109  0.0653089  -0.161654  -0.597749  
0.00306739  0.00116984  0.00297965  0.0555936  -0.16072  -0.652927  
0.00198253  0.00133173  0.00374549  0.0555942  -0.123026  -0.61025  
0.00135557  0.00119366  0.00303612  0.0556758  -0.16978  -0.578888  
0.00393711  0.000657063  0.00307882  0.0638869  -0.12704  -0.682806  
0.00805108  -0.000384591  0.00378766  0.0613767  -0.0588982  -0.790312  
0.00573538  0.000389806  0.0043646  0.0696418  -0.0981367  -0.69365  
0.00139955  0.000710301  0.00480162  0.0766041  -0.153028  -0.550819  
0.004122  0.000817263  0.00414949  0.0613489  -0.099694  -0.568435  
0.00217672  0.00153191  0.00371947  0.050893  -0.122592  -0.557889  
0.0042026  0.00103511  0.00433336  0.0539418  -0.0903394  -0.648324  
0.00135495  0.00198543  0.00408709  0.026522  -0.183934  -0.663002  
0.00198802  0.00215193  0.00429551  0.0218739  -0.12416  -0.676557  
0.00510162  0.00146485  0.00370496  0.0437812  -0.148261  -0.757672  
0.00479288  0.0019606  0.00389037  0.0339022  -0.0916142  -0.776284  
0.00149224  0.00136657  0.00370496  0.0215592  -0.153348  -0.630775  
0.000364179  0.0011048  0.00312114  0.031501  -0.182438  -0.597026  
0.00149388  0.00180599  0.00370496  0.0273198  -0.035354  -0.45996  
0.00385543  0.00171934  0.00453197  0.0191679  -0.055504  -0.54173  
0.00234831  0.00158151  0.00418506  0.0216176  -0.147155  -0.566448  
0.000314165  0.0018406  0.00418506  0.0217431  -0.146912  -0.569228  
0.00130894  0.00131666  0.00418506  0.0510922  -0.0755333  -0.551461  
0.000952258  0.00155671  0.00418507  0.0315279  -0.18723  -0.619597  
0.000705303  0.00123719  0.00356799  0.0430098  -0.148539  -0.676003  
0.00134169  0.00116047  0.00308465  0.0440054  -0.182541  -0.674802  
0.00231718  0.00203679  0.00370293  0.00268304  -0.0840752  -0.620491  
0.000758609  0.00180534  0.00326028  0.00954001  -0.160618  -0.610168  
-0.000459854  0.00130646  0.00295084  0.0393551  -0.160059  -0.522123  
-0.000849556  0.000949164  0.00279284  0.0625125  -0.135487  -0.482547  
0.00185463  0.00104872  0.00384135  0.0363005  -0.113391  -0.619177  
0.00193969  0.00178192  0.004031  0.017144  -0.128838  -0.62657  
0.00160389  0.00240115  0.00395531  -0.00412276  -0.108936  -0.651421  
0.00183846  0.00231005  0.004031  -0.00140566  -0.166138  -0.6451  
0.00114328  0.00150185  0.004031  0.0200348  -0.196061  -0.670451  
0.00156705  0.00189362  0.00364858  0.0168022  -0.173475  -0.690752  
0.00108925  0.00177404  0.004031  0.00119731  -0.134535  -0.683744  
0.00508303  0.000865098  0.00392127  0.0185456  -0.13633  -0.81651  
0.000302569  0.00167129  0.00376679  0.0295446  -0.218564  -0.712878  
-0.000392377  0.00112155  0.00307629  0.0429805  -0.22291  -0.638566  
0.00054119  0.000804628  0.00395692  0.0635181  -0.128832  -0.622551  
-0.000235714  0.00170737  0.004031  0.0503907  -0.142065  -0.585652  
-0.000466569  0.00192268  0.004031  0.0267129  -0.11372  -0.569146  
0.00221116  0.0025686  0.00342923  0.00512214  -0.16712  -0.743212  
0.00472196  0.00265983  0.00289748  -0.00405319  -0.170876  -0.808687  
0.00514698  0.00255593  0.0036682  -0.000148411  -0.0166558  -0.740554  
0.00426602  0.00224827  0.00348529  -0.024859  -0.108643  -0.740877  
0.00914151  0.00143332  0.00373039  -0.0215123  -0.117898  -0.894939  
0.00852655  0.000925302  0.00399799  0.0226011  -0.111323  -0.886674  
0.00426377  0.00221636  0.004095  0.00981844  -0.144339  -0.808923  
0.0051466  0.00084159  0.00322678  0.0227572  -0.0607471  -0.792688  
0.00426511  0.000608322  0.00315939  0.0188248  -0.115751  -0.736274  
0.00542526  0.00154817  0.00429951  0.0459614  0.0802125  -0.541847  
0.00739868  0.00148515  0.00489102  0.0475764  0.149432  -0.500995  
0.00677029  0.000562656  0.00489102  0.0551497  0.0385873  -0.531157  
0.00330136  0.000654138  0.00450991  0.0471395  -0.0551589  -0.535037  
-0.000445954  0.00102335  0.00416882  0.0468063  -0.084729  -0.479249  
0.0007315  0.00180299  0.00355559  0.022907  -0.135858  -0.618046  
0.00169277  0.00190101  0.00284663  0.0188047  -0.176795  -0.718833  
0.00361472  0.00179355  0.00398281  0.0278794  -0.0621323  -0.714087  
0.000973849  0.00190673  0.00369411  0.0256545  -0.140462  -0.654461  
0.00222745  0.000961051  0.00349622  0.0664011  -0.102988  -0.667872  
0.0016525  0.00096676  0.00349622  0.0738714  -0.124547  -0.590547  
0.000434434  0.000811483  0.00435939  0.0742265  -0.0718837  -0.473449  
-0.000495465  0.000760279  0.00378397  0.0626087  -0.111853  -0.473502  
0.00356588  0.00134867  0.00458716  0.0497103  -0.0899788  -0.63427  
0.00303939  0.00131957  0.00509893  0.0571019  -0.00875923  -0.548563  
0.0051741  0.00148614  0.00537137  0.069065  0.0737056  -0.460591  
0.00440423  0.0016413  0.00476517  0.0674366  -0.077245  -0.467821  
0.00382467  0.00103704  0.00463815  0.063583  -0.108647  -0.603001  
0.00207571  0.000506774  0.00415146  0.0681879  -0.128296  -0.694852  
0.00886248  -0.000352131  0.00393398  0.0667189  -0.0425119  -0.869576  
0.00932671  -0.000766979  0.00393398  0.0686032  0.021625  -0.737269  
0.00298691  0.000697673  0.00448394  0.0627157  -0.11443  -0.610613  
0.00327752  0.00170971  0.00448394  0.0404332  -0.0907482  -0.595221  
0.00243314  0.00282082  0.00453041  -0.0763145  0.0402914  -0.293822  
0.00181007  0.00317255  0.00396264  -0.0420052  -0.116865  -0.46314  
0.0037312  0.002987  0.00364164  -0.0283863  -0.0158329  -0.45268  
0.00306803  0.00306709  0.00438857  -0.0324341  0.049525  -0.38654  
0.000769364  0.00291643  0.00486738  -0.0307543  -0.0415218  -0.364811  
0.000220419  0.00227906  0.00370953  -0.0296156  -0.0903178  -0.406388  
0.000540949  0.00221842  0.00370953  -0.0182325  -0.0741315  -0.503257  
-0.000254113  0.00270781  0.00438377  -0.00557592  -0.0520159  -0.450832  
-0.000226904  0.00200822  0.00458508  -0.00561343  -0.115142  -0.479937  
-0.000830892  0.00218961  0.00438377  -0.0125132  -0.117315  -0.493499  
-0.000306398  0.00195763  0.00348385  -0.00472114  -0.0812551  -0.441332  
0.00123875  0.00246303  0.00370416  -0.0340889  -0.101904  -0.538915  
0.00252002  0.00203268  0.00384871  -0.012473  -0.115408  -0.608597  
0.00210429  0.00241786  0.00468505  -0.00976174  -0.0553511  -0.588851  
0.000921775  0.0025871  0.0047421  0.0140415  -0.12194  -0.52952  
0.000383168  0.00178176  0.00476781  0.00793292  -0.0245916  -0.474807  
0.000418364  0.00179979  0.00498758  0.000919308  -0.0981701  -0.477157  
0.000597542  0.0018575  0.00531204  0.014717  -0.0786252  -0.466864  
-0.000422187  0.00151241  0.00516935  0.0078443  -0.0286537  -0.425923  
-0.0014315  0.0021019  0.00466842  -0.0137727  -0.105873  -0.387274  
-0.000758538  0.00243195  0.00417325  -0.0426839  -0.0951218  -0.467266  
-0.00194331  0.00243763  0.00394008  -0.0214858  -0.088302  -0.383892  
-0.00131461  0.00233048  0.00374293  -0.017329  -0.106104  -0.418836  
-0.00180646  0.00291947  0.00385105  -0.0169022  -0.117756  -0.440958  
0.0033219  0.00109084  0.00411806  0.00856925  -0.0526224  -0.649396  
0.00479786  0.00169337  0.00509838  0.02252  -0.0624945  -0.744508  
-0.000883906  0.00177297  0.00509838  0.00754898  -0.113786  -0.51934  
-0.00130945  0.00232808  0.00437903  -0.00337032  -0.141527  -0.526784  
0.000199496  0.00293459  0.00443319  -0.00940113  -0.0976962  -0.563926  
-0.000849253  0.00253186  0.00474626  -0.00261686  -0.0599205  -0.513018  
-0.000555812  0.00128235  0.00505689  0.0181419  -0.101321  -0.454579  
-0.000125102  0.00148938  0.00443936  0.00891698  -0.114727  -0.55704  
0.00176192  0.000476621  0.00491204  0.0279436  -0.0258432  -0.517711  
0.00355518  0.00191698  0.00493973  0.00881901  -0.0471635  -0.619616  
0.00349269  0.00214098  0.00442198  0.0131376  -0.0545031  -0.636083  
0.00327916  0.00162714  0.00377835  0.0263313  -0.0354216  -0.534396  
0.00421615  0.00272775  0.0051265  -0.0117547  0.0490231  -0.564402  
0.00285691  0.00258105  0.0052577  0.0033227  0.0349308  -0.52291  
-0.000863476  0.00192164  0.00551149  0.0138843  -0.12432  -0.444081  
-0.00265817  0.00257189  0.004926  -0.0116629  -0.11163  -0.475095  
-0.000110803  0.00265203  0.00418846  -0.0115588  -0.0835924  -0.608778  
0.00244531  0.00214582  0.00347097  -0.033806  -0.105935  -0.701906  
0.00405768  0.0026004  0.00429283  -0.0292296  -0.0291086  -0.615527  
0.00454693  0.00233478  0.00507906  -0.0130946  0.0179509  -0.53839  
0.000415668  0.00184513  0.00505898  -0.004374  -0.090696  -0.485801  
-0.000447736  0.00169584  0.00495782  -0.000292212  -0.0735458  -0.445024  
0.0023545  0.00189344  0.00443922  -0.0100595  -0.0650678  -0.614609  
0.00362464  0.00304874  0.00407981  -0.00967487  -0.112447  -0.761134  
0.00220757  0.00318229  0.00409249  0.00463573  -0.0980979  -0.737563  
0.00276401  0.00246277  0.00498315  0.0139406  -0.0465563  -0.747606  
0.00360725  0.00267079  0.00429405  -0.00446513  -0.0763869  -0.746393  
0.00236754  0.00293673  0.00429405  -0.027823  -0.0970888  -0.739367  
0.00170908  0.00289823  0.00392216  -0.0112074  -0.0957123  -0.667327  
0.0022003  0.00242743  0.00371255  0.00373326  -0.0781546  -0.647604  
0.00347068  0.0022239  0.00280465  0.00202399  -0.0867814  -0.66931  
0.00445632  0.000927339  0.00469379  0.0347719  -0.0760498  -0.795527  
0.00151308  0.00258876  0.00389138  -0.00761263  -0.118673  -0.66829  
0.00432732  0.00327344  0.00397562  -0.00407726  -0.126641  -0.840744  
0.00354172  0.00377623  0.00407684  -0.0215347  -0.134815  -0.835363  
0.00616553  0.00322831  0.00401421  -0.00452621  -0.0631531  -0.859826  
0.00386266  0.0040189  0.0038546  -0.0341793  -0.0889115  -0.789893  
0.00353139  0.00400246  0.00394948  -0.0144875  -0.130246  -0.776938  
0.00420394  0.00334402  0.00403225  0.000480349  -0.0554569  -0.711916  
0.00313287  0.0036589  0.00453362  0.00609688  -0.0781745  -0.725053  
0.00161446  0.00380157  0.0049987  -0.00553163  -0.107425  -0.707979  
0.00436544  0.0041746  0.00519927  -0.00253584  -0.101359  -0.779689  
0.00324025  0.0041716  0.00557503  0.0011607  -0.0147401  -0.757739  
0.00334374  0.00381183  0.00547639  -0.0161344  -0.0705363  -0.757724  
0.00220721  0.00363338  0.00530725  -0.0161326  -0.104088  -0.696855  
0.00418208  0.00352825  0.00399266  -0.0214239  -0.111757  -0.801616  
0.00692175  0.00342334  0.00408705  -0.0270005  -0.0060508  -0.867291  
0.00346536  0.00363331  0.00370233  -0.0221698  -0.0498081  -0.785461  
0.00664477  0.00365106  0.00464129  -0.0196072  -0.0340124  -0.857094  
0.00394818  0.002879  0.00510608  0.0160135  -0.0504498  -0.745619  
0.00413437  0.00279949  0.00468742  0.00567509  -0.0749149  -0.772691  
0.00510695  0.00233318  0.00520561  0.00876895  -0.0128255  -0.787751  
0.0100996  0.000146349  0.00485452  0.0188148  0.000481529  -0.846877  
0.00976693  0.00253749  0.00520561  -0.00193181  0.00828235  -0.94063  
0.00872861  0.00333269  0.00520561  -0.00855578  0.073877  -0.825029  
0.00856205  0.00286575  0.00533624  -0.00172894  -0.0192468  -0.825025  
0.00826999  0.00255717  0.00537502  -0.0182488  0.030598  -0.808185  
0.00818981  0.00218656  0.00549884  -0.00351378  -0.0168611  -0.769562  
0.00654101  0.00277237  0.00594515  0.000591748  -0.0120807  -0.752686  
0.00806265  0.00196339  0.00563612  0.0370608  -0.0382232  -0.84929  
0.00674082  0.00229955  0.006018  0.0352229  -0.0544188  -0.849484  
-0.0010993  0.00221715  0.00469126  0.0248032  -0.141218  -0.687662  
-0.000142797  0.00198238  0.00549955  0.0103223  -0.113694  -0.722043  
0.00169278  0.00275209  0.0051207  -0.00367511  -0.127159  -0.773507  
0.00201002  0.00342027  0.00556504  -0.00227572  -0.114757  -0.783251  
0.00297522  0.00265398  0.00500731  0.0146489  -0.131483  -0.828257  
0.00477482  0.00146221  0.00501195  0.0247421  -0.0386853  -0.828939  
0.00375491  0.00180843  0.0054947  0.0289031  -0.095054  -0.848899  
0.00331167  0.00211018  0.00523585  0.0252288  -0.114416  -0.892805  
0.00532978  0.00265181  0.00552263  0.0315443  -0.052226  -0.894009  
0.0045987  0.00246169  0.00550082  0.0185264  -0.0611957  -0.819278  
0.00383189  0.00249919  0.00551433  0.0144654  0.00501916  -0.742226  
0.000743557  0.00310773  0.00592267  0.00630741  -0.175105  -0.769771  
0.00194957  0.00266653  0.00592267  -0.0085132  -0.0868013  -0.778781  
0.000365607  0.00256235  0.00532733  0.00356708  -0.152865  -0.746389  
-0.00190317  0.00222184  0.00515101  0.0134538  -0.17748  -0.69076  
0.00232075  0.00256  0.00502145  0.0180764  -0.132287  -0.95271  
0.00204768  0.00250539  0.00486477  0.000762544  -0.100099  -0.834084  
0.00357381  0.00125246  0.00452015  0.0309949  -0.106098  -0.815454  
0.00251589  0.00167165  0.00445625  0.044276  -0.135701  -0.800483  
0.00639847  0.00196196  0.00684678  0.0547937  -0.0216671  -0.902412  
0.00387633  0.00244225  0.00606741  0.0403875  -0.0804814  -0.786013  
0.00316595  0.00195887  0.00607566  0.0306338  -0.114739  -0.741005  
0.00770841  0.00211902  0.00615118  0.0244489  -0.0510014  -0.919323  
0.0104728  0.00161468  0.00531156  0.0176922  -0.032136  -1.01474  
0.00887576  0.00277034  0.00697204  0.0314219  0.0553482  -0.906046  
0.0115875  0.00194475  0.00653601  0.0441245  0.00659015  -0.985388  
0.0102482  0.0019261  0.00587042  0.032859  -0.0111696  -0.968578  
0.0114054  0.00279007  0.00619283  0.0276975  0.0930353  -0.934174  
0.00998535  0.00266382  0.00672324  0.0318323  0.0173617  -0.808815  
0.00628026  0.00173193  0.00654849  0.0431853  -0.00372711  -0.753276  
0.00821399  0.00185487  0.00679849  0.0361028  0.0775349  -0.764765  
0.00723888  0.00251626  0.00709456  0.0310214  -0.0154673  -0.791244  
0.0103506  0.00205852  0.00657324  0.0218131  0.0428985  -0.89969  
0.0113095  0.00268135  0.0063055  0.0244732  0.00559429  -1.05872  
0.00477043  0.00267566  0.00578185  0.0218714  -0.0912486  -0.946634  
0.00600235  0.00282679  0.00550364  0.031226  -0.139065  -0.967272  
0.00800017  0.0028338  0.0065578  0.0413617  -0.0269125  -1.03842  
0.00591494  0.00292591  0.00654269  0.0351547  -0.0500183  -0.920889  
0.0063683  0.00380111  0.00607396  0.00872252  -0.100433  -0.940175  
0.00509828  0.0034798  0.00682829  0.0266885  -0.0482692  -0.915605  
0.00590353  0.00257343  0.00627054  0.037466  -0.0782391  -0.924085  
0.00443433  0.00301126  0.00669642  0.0304465  -0.0898985  -0.892056  
0.00417358  0.00303372  0.0069289  0.0241303  -0.0668167  -0.871932  
0.00473646  0.00212574  0.0067777  0.0411409  -0.090102  -0.872901  
0.00604118  0.00124616  0.0062515  0.0371298  -0.0689811  -0.884846  
0.00365586  0.00296836  0.00564873  -0.000583184  -0.159692  -0.849172  
0.00596379  0.00389605  0.00548117  -0.00376363  -0.104153  -0.953847  
0.00594864  0.00357028  0.00618752  0.0105163  -0.0624326  -0.943521  
0.00720038  0.0027604  0.00602475  0.0210753  -0.118495  -0.935694  
0.0033586  0.00391489  0.00530993  0.0089751  -0.149804  -0.869588  
0.00376554  0.00369217  0.00570197  0.0127454  -0.10052  -0.872749  
0.00611259  0.00313612  0.00611399  0.017294  -0.0916583  -0.974468  
0.00386725  0.00234912  0.00570064  0.049535  -0.130829  -0.813053  
0.0035056  0.00277431  0.00570065  0.0471042  -0.130606  -0.812145  
0.00270804  0.0019532  0.00527244  0.0620305  -0.111359  -0.705151  
0.0063715  0.00195568  0.00570064  0.0129466  0.00865675  -0.806192  
0.00786936  0.00142188  0.00546145  -0.00460623  -0.0540901  -0.866506  
0.00595148  0.00217865  0.00577214  0.00734378  -0.0585932  -0.792852  
0.0043057  0.00297132  0.00605284  -0.00644736  -0.0113288  -0.717814  
0.00417321  0.00279208  0.00617307  -0.0226816  -0.122176  -0.768165  
0.00542535  0.0025585  0.00648257  -0.00956039  -0.0387716  -0.825693  
0.00556762  0.00236075  0.00648257  -0.000481914  -0.0357675  -0.835571  
0.00346531  0.00232988  0.00643009  -0.008871  -0.0873679  -0.752968  
0.00390333  0.00270049  0.00687498  0.00160636  -0.105854  -0.73597  
0.00197114  0.0016359  0.00638071  0.0319797  -0.127973  -0.78662  
0.00182105  0.00223584  0.00762446  0.0513017  -0.26355  -1.07472  
0.00393203  0.0016421  0.00658293  0.0609403  -0.21991  -1.11528  
0.00665149  0.0025675  0.00688438  0.0291505  -0.0212795  -0.999375  
0.00353238  0.00219999  0.00672043  0.0137159  -0.0956664  -0.806493  
0.00421084  0.00289406  0.00549604  -0.0157325  -0.0961341  -0.826021  
0.00406685  0.00170941  0.00573944  0.0159828  -0.00894971  -0.789628  
0.00187939  0.00156014  0.00515275  0.0249843  -0.0864674  -0.700319  
0.00411249  0.00158081  0.00496283  0.0193135  -0.0100632  -0.730516  
0.00452905  0.00228405  0.00508894  0.00640565  -0.0687842  -0.774247  
0.00234556  0.00212286  0.00479143  0.0178588  -0.106129  -0.767021  
0.00413852  0.00238074  0.00479142  0.0176009  -0.0498115  -0.795614  
0.00206433  0.00126487  0.00512325  0.0555298  -0.083192  -0.746798  
0.00292068  0.000797356  0.00500697  0.0791868  -0.0886734  -0.774639  
0.00431931  0.000779258  0.00544764  0.0910221  -0.0411558  -0.764987  
0.00335045  0.00106687  0.00586301  0.0962637  -0.119267  -0.725015  
0.0019116  0.00042394  0.00505916  0.0868125  -0.137732  -0.738347  
-0.000767059  0.000664014  0.00394144  0.0756079  -0.215693  -0.710567  
-0.00147032  0.000670793  0.00305856  0.0466358  -0.175496  -0.694593  
0.000819863  0.000263534  0.0037937  0.0577781  -0.203308  -0.839458  
0.00354947  0.000146415  0.00388193  0.0661232  -0.168179  -0.891161  
-0.00041817  0.000993234  0.00343661  0.0518057  -0.159408  -0.760056  
0.000816258  0.000894517  0.00403773  0.046331  -0.168084  -0.768623  
0.000883094  0.00106229  0.00398542  0.046423  -0.162206  -0.785392  
0.000565797  0.000730849  0.00403773  0.0547344  -0.184294  -0.725699  
0.000429713  0.000364474  0.00403773  0.0644315  -0.175992  -0.684286  
0.00176889  -0.000208023  0.00421061  0.0932486  -0.0646792  -0.636132  
0.00459879  -0.00166893  0.00613717  0.147335  -0.0976479  -0.819714  
0.0013773  -0.000638333  0.00518137  0.117029  -0.0957615  -0.797872  
0.00333912  -0.000629303  0.00459643  0.103097  -0.150203  -0.828931  
0.00254619  -0.000247807  0.00368371  0.0858085  -0.161938  -0.908307  
0.00424523  8.2895e-05  0.00485706  0.0783329  -0.0701497  -0.897275  
0.000858008  -0.000572874  0.00533706  0.0874339  -0.18038  -0.829872  
0.00311404  -0.000443534  0.00461579  0.0546011  -0.11933  -0.831684  
0.00264818  -0.000561527  0.00418729  0.0485522  -0.157252  -0.800403  
0.00190327  0.000696131  0.0040312  0.0682693  -0.223126  -0.844286  
0.00053733  0.000750257  0.00365214  0.0548191  -0.183947  -0.844558  
0.00199935  0.000859721  0.00295733  0.0563786  -0.184865  -0.879944  
0.000195242  -0.000103134  0.00250699  0.0831131  -0.198084  -0.820101  
0.00519047  -0.00101597  0.00393047  0.091437  -0.123732  -0.993826  
0.00595994  -0.00256391  0.0026687  0.0677162  -0.118322  -0.940149  
0.00738554  -0.00306355  0.00256765  0.0729248  -0.10419  -0.965831  
0.00848616  -0.00392827  0.0019627  0.058606  -0.0786275  -1.01659  
