0.0142724  -0.00663251  0.00382514  0.0927384  0.216081  0.287014  
0.0145367  -0.00634629  0.00383755  0.0931264  0.24986  0.325883  
0.0144607  -0.00626311  0.00382174  0.086718  0.200698  0.285467  
0.0142702  -0.00622814  0.00389089  0.0864066  0.221301  0.291262  
0.01443  -0.00618402  0.00393141  0.0806107  0.198853  0.297325  
0.0135929  -0.0063302  0.00377352  0.0832258  0.157627  0.265065  
-0.00299178  -0.00699939  0.00388467  0.0810205  -0.0710694  0.260261  
0.00405296  -0.00597232  0.00398682  0.088058  0.0786523  0.217874  
0.00551121  -0.00586812  0.00406369  0.0806326  0.102848  0.216771  
0.0104797  -0.00556559  0.00393989  0.0830581  0.168676  0.242694  
0.00932  -0.00575311  0.00392503  0.0819409  0.130069  0.226743  
0.00913045  -0.00572062  0.00393481  0.0825581  0.144145  0.233164  
0.00892639  -0.0055368  0.00401368  0.08209  0.137821  0.225552  
0.00899388  -0.00563074  0.00419983  0.0850575  0.11631  0.198334  
0.00892978  -0.00541519  0.00392062  0.0799771  0.138696  0.218098  
0.00881639  -0.00527121  0.00406431  0.0779244  0.108863  0.182477  
0.00869005  -0.00519296  0.00390606  0.0744086  0.136315  0.198117  
0.00785849  -0.00526538  0.0041203  0.0739172  0.12125  0.191249  
0.00740689  -0.00531754  0.00422677  0.0800397  0.121166  0.170078  
0.00798803  -0.0049733  0.00421257  0.0771714  0.151489  0.186415  
0.00855503  -0.00514036  0.00410484  0.0804308  0.134623  0.185831  
0.00866623  -0.00478325  0.00408818  0.0761232  0.141759  0.181196  
0.00764636  -0.00472262  0.00392215  0.0764134  0.121067  0.192578  
0.0019058  -0.0054348  0.00427717  0.068516  0.0272321  0.159743  
0.00607898  -0.00360406  0.00360846  0.05622  0.117459  0.163913  
0.00664666  -0.00424078  0.00367222  0.0633956  0.0864382  0.153999  
0.00667896  -0.00400576  0.00359303  0.0609709  0.117358  0.177969  
0.00681931  -0.00415773  0.00370997  0.0626014  0.086412  0.186451  
0.00671672  -0.00409844  0.0037868  0.0573288  0.108306  0.183241  
0.00665595  -0.00406943  0.00387445  0.0610434  0.091828  0.121107  
0.00697384  -0.00399338  0.00369361  0.0619419  0.139321  0.18332  
0.00691483  -0.00421027  0.00406684  0.0665  0.0871273  0.171718  
0.00638046  -0.00441374  0.00372376  0.068815  0.113055  0.198245  
0.00640349  -0.00445879  0.00435099  0.0718553  0.098094  0.206492  
0.00675457  -0.00445533  0.00406283  0.0675338  0.103358  0.20825  
0.00635844  -0.00475243  0.00422527  0.0750406  0.100361  0.204972  
0.00628912  -0.00473783  0.00444416  0.0762271  0.112734  0.209934  
0.00597317  -0.00481988  0.00445362  0.07583  0.11174  0.228402  
0.00568038  -0.00354941  0.00356883  0.0328913  0.116113  0.727934  
0.00610918  -0.00288311  0.00324455  0.0271855  0.054611  0.528794  
0.00581857  -0.00207277  0.00388744  0.0178386  0.0468325  0.411084  
0.00804858  -0.00299876  0.00413596  0.0472821  0.0539686  0.00768891  
0.00305197  -0.00364779  0.00417026  0.0402499  0.0356008  0.23279  
0.00711108  -0.00367158  0.0026811  0.0195018  0.112255  0.725533  
0.00470608  -0.00164256  0.00312046  0.00945309  0.0309273  0.319509  
0.00493572  -0.00118116  0.00257906  0.00870966  0.0256455  0.253416  
0.00868688  -0.0018665  0.00263245  0.0297707  0.107856  0.103966  
0.00677772  -0.00253529  0.00267168  0.0327641  0.0900814  0.140781  
0.00340104  -0.00336813  0.00290984  0.0436478  0.0511519  0.0290459  
0.00427283  -0.00375429  0.00204415  0.0394177  0.0394624  0.0727888  
0.00551274  -0.003581  0.00254621  0.0491953  0.112255  0.027961  
0.00299571  -0.00493407  0.00229914  0.0562253  0.0416442  -0.0283556  
0.00326385  -0.00498223  0.00283344  0.056146  0.0292773  -0.0225663  
0.00464179  -0.00365907  0.0032591  0.0531433  0.0236227  -0.0523398  
0.00343927  -0.00499472  0.00275584  0.056164  0.0704446  -0.024423  
0.00332692  -0.00445411  0.00268431  0.0507696  0.0798583  -0.02402  
0.00492245  -0.00500657  0.00284629  0.0575765  0.0524174  -0.0128193  
0.00357813  -0.0039557  0.00149647  0.0363717  0.00647299  -0.0894009  
0.00314043  -0.00277822  0.00223034  0.0272252  0.0142988  -0.098754  
0.00934793  -0.00160952  0.00191982  0.0103592  0.165234  -0.0733992  
0.0115945  -0.00234576  0.00222595  0.0333118  0.139655  -0.104964  
0.00974434  -0.0011018  0.00253671  0.0211998  0.159069  0.0569044  
0.0115611  -0.00452258  0.00267563  0.0575635  0.123099  -0.12103  
0.0078749  -0.0018984  0.00244346  0.014342  0.0832354  -0.0954267  
0.00539036  -0.00238058  0.00231083  0.0318053  0.010255  -0.0948884  
-0.000892054  -0.00168949  0.0022263  0.0114853  0.00801783  0.16435  
0.00553637  -0.00159158  0.00167584  0.0207019  0.0437689  -0.0959569  
0.00409746  -0.00167935  0.0012247  0.0319036  0.0221358  -0.103595  
0.00391734  -0.00229024  0.00185575  0.0261799  0.0147957  -0.00541571  
0.00209381  0.00550532  -0.00430564  -0.164827  0.044094  0.23487  
-0.000283057  0.000295505  0.00210356  -0.0297279  -0.017721  0.136859  
0.00517419  -0.000907508  0.00159563  -0.0298243  0.0695526  0.0378117  
0.0051873  -0.00160612  0.00125777  0.00580822  0.0432677  -0.0141793  
0.00256882  -0.00213732  0.00246516  0.0205874  0.00469201  -0.0694609  
0.00490983  -0.00155001  0.00301253  0.016484  0.0439073  -0.0753662  
0.00706837  -0.00112861  0.00304799  0.00593725  0.0785263  -0.0200843  
0.00464316  -0.00193324  0.00214844  0.0099145  0.0702989  -0.0094751  
0.00276112  -0.00224519  0.00327414  0.0211326  0.0143496  -0.0289081  
0.00999827  -0.0024513  0.00279199  0.037515  0.156622  -0.00536157  
0.00753713  -0.0024513  0.00260418  0.0233224  0.064198  0.0536607  
0.000683962  -0.00123199  0.00228644  0.00615718  -0.0401882  -0.185083  
0.00660261  -0.0022766  0.00262824  0.0246514  0.0351092  -0.12914  
0.00775708  -0.000907725  0.00352507  0.000297395  0.0710038  -0.129511  
0.00817244  -0.000440214  0.00260696  -0.0146901  0.102917  0.0991978  
0.0052317  -0.000781806  0.00243697  -0.00459459  0.0302738  -0.0447506  
0.00639134  -0.000101898  0.0023936  -0.00968139  0.0485992  -0.109072  
0.00625795  -4.23251e-05  0.00253557  -0.0087785  0.0393776  -0.0869229  
0.00605672  -0.00104347  0.00296192  0.00670121  0.066096  -0.0231347  
0.00491901  -0.00117018  0.00281757  0.00885239  0.0961015  -0.0811726  
-0.00972428  -0.00160988  0.0025583  0.00807449  -0.131205  -0.056592  
0.00398765  -0.000377978  0.00248334  -0.0168937  0.0990074  0.36586  
0.00265307  0.000261108  0.00186269  -0.0523426  -0.0242479  0.595535  
0.00467714  0.000657924  0.00150933  -0.0686428  0.00970365  0.562246  
0.00324549  9.22428e-06  0.0019514  -0.0255271  -0.0270112  0.429022  
0.00328893  -0.0012024  0.00256611  -0.0143402  0.0235776  0.493087  
0.00252837  -0.00238734  0.00240744  0.0187854  -0.0543991  0.566909  
0.00375368  -0.00268514  0.00294866  0.0334461  0.000279337  0.303317  
-0.00156221  -0.00565223  0.00291992  0.0624659  -0.102627  -0.0481001  
0.00178327  -0.00451582  0.00288194  0.0510704  -0.0325085  0.00624128  
0.00280514  -0.00370506  0.00234248  0.0361427  0.0949903  0.0520428  
0.00444993  -0.00299923  0.00276636  0.0418682  0.0969875  -0.0153469  
0.00642074  -0.00288839  0.0024123  0.0433495  0.101408  0.039833  
0.00563053  -0.00253371  0.00243509  0.0314512  0.0995109  0.110162  
0.00951221  -0.00219792  0.00233266  0.0334662  0.0972631  0.168391  
0.00843582  -0.00464781  0.00498966  0.0686733  0.0645136  -0.00567315  
0.0096926  -0.00353871  0.0047977  0.0507338  0.121479  0.130511  
0.00758085  -0.00333594  0.00349439  0.0410309  0.0660148  0.0118157  
0.00785815  -0.00279495  0.00318816  0.0296618  0.086696  0.067343  
0.0112023  0.00192105  0.00223276  -0.00847413  0.125364  0.0253896  
0.00781655  -0.00189464  0.00331298  0.0273159  0.101617  0.0847324  
-0.0100168  -0.00315902  0.00430445  0.0447823  -0.089988  -0.0295996  
0.00477839  -0.00334685  0.00424704  0.0377616  0.105226  0.00682324  
0.00543096  -0.00244579  0.00318881  0.0235872  0.105755  0.0955441  
0.00479852  -0.00270201  0.00304166  0.0406457  0.105241  0.0755439  
0.00829999  -0.0017921  0.00323682  0.0199022  0.123024  0.0552229  
0.00879982  -0.000774382  0.00223109  0.00183408  0.0875293  0.00531218  
0.00699688  -0.00244986  0.00179212  0.0256254  0.0611666  -0.0680263  
0.007418  -0.0015354  0.0023411  0.00811999  0.0213279  0.00493969  
-0.00314538  -0.00315502  0.00353604  0.00933167  -0.0457968  0.184102  
-0.00169722  -0.00226523  0.00241147  0.00931588  -0.0235899  0.0168259  
-0.00275604  -0.001523  -0.00422149  -0.0110996  -0.0383574  -0.0137829  
0.000281672  6.08012e-05  0.00451301  -0.000190906  -0.000779256  0.133839  
0.00194773  0.00159618  0.00282104  -0.0426082  0.036916  0.256676  
0.00591912  7.50261e-05  0.00228731  -0.0114102  0.121805  0.162199  
0.00563253  -0.000673655  -0.0014066  -0.0378939  -0.000226288  0.00515426  
0.00301448  0.00202799  -0.00270189  -0.0705874  0.0232214  0.0169196  
0.00423813  0.000252176  -0.00138044  -0.0354673  0.0265382  0.0480464  
0.00557814  0.000461207  -5.11849e-05  -0.0563594  0.0640864  -0.00825852  
0.00530793  -0.000202696  0.00221569  0.000636213  0.0689308  -0.06402  
0.0107989  -0.000742683  0.00213249  -0.00120823  0.151915  0.129343  
0.00543621  -0.000453521  0.001504  -0.000787369  0.0358792  0.0232623  
0.00315425  -0.000898477  0.00146348  0.00265426  0.0479884  -0.147487  
0.00650736  0.00150742  -0.000379981  -0.0479009  0.0724125  -0.0896162  
0.00792938  0.00140222  -0.000974773  -0.0597652  0.132307  0.104502  
0.00563962  0.00116936  -0.000666765  -0.0482501  0.0571618  -0.10031  
0.00403334  0.00130745  -0.00107858  -0.0632515  0.0675229  0.0626889  
0.00575802  0.00288186  -0.00127328  -0.0688831  0.0514893  0.136286  
0.00707646  0.00309739  -0.00151698  -0.0731806  0.102325  0.00779686  
0.00793902  0.00247488  -0.00185108  -0.0531052  0.0928776  0.0190963  
0.00622864  0.00137754  -0.00145692  -0.0553133  0.0595271  -0.0447722  
0.00446489  0.00239117  -0.00248486  -0.0666352  -0.00627205  0.0349846  
0.00313918  0.00193294  -0.00125178  -0.0577121  0.0839446  0.0485741  
0.00757539  0.00164914  -0.000824945  -0.0511923  0.0869522  -0.0207639  
0.00464903  0.00195527  -0.00149058  -0.0499255  0.030444  -0.0384304  
0.00437081  -0.00156398  0.00153826  0.0225699  0.0765815  -0.0248188  
0.00371379  -0.000435881  -0.00211443  -0.0351391  0.051923  -0.00329022  
0.00588277  0.00104099  -0.00212982  -0.0416144  0.100194  -0.0894235  
0.00740582  0.00164385  -0.00198295  -0.0495412  0.0618495  -0.0456565  
0.00718262  0.00218141  -0.00124376  -0.0394924  0.146302  0.0568394  
0.00978895  -0.00133734  -0.000926858  0.00102027  0.105549  -0.0628046  
0.00701209  -0.000958139  0.000692668  0.0127269  0.0774685  0.0267219  
0.00182379  0.000739594  -0.000142686  -0.112884  0.102066  0.718405  
0.00414467  0.002043  -0.000841938  -0.062518  -0.0433957  0.0348043  
-0.000936674  0.000624628  -0.000263513  -0.0548971  -0.0957949  -0.174669  
0.00315716  0.000924199  -0.00162991  -0.0438741  0.0229798  -0.00814723  
0.000972099  -0.00341777  -0.000207157  0.0154543  0.0733509  -0.0494277  
0.009625  -0.000349727  0.0019721  -0.000916434  0.143865  0.0285888  
0.0121264  0.00159306  0.00137656  -0.0642938  0.205151  0.47922  
0.00338716  0.000952324  -0.00136242  -0.0757139  0.0044206  0.575235  
0.00160462  0.00126296  -0.00176979  -0.0482346  -0.0425114  0.332569  
0.0039328  -4.45375e-05  -0.00116608  -0.0232197  -0.00767501  0.0104152  
0.00383531  -0.00123487  0.00278242  0.0150255  0.0496739  -0.0902891  
0.00730669  -0.00287728  0.00269908  0.0269008  0.0951328  -0.0591384  
0.00913296  -0.000170586  0.00227531  0.0221025  0.0781784  0.0290006  
-0.00544087  0.00235056  0.00207579  -0.0496537  -0.0816382  -0.0090067  
0.00121006  0.00412728  0.00199312  -0.0650552  0.0444171  -0.00578689  
0.00218699  0.00316584  0.000813566  -0.0539414  0.0906078  0.0346249  
0.000319085  0.001212  0.000640245  -0.0657307  0.0746121  0.113735  
0.00553518  0.000582308  0.0015826  -0.0223705  0.0551295  0.000710964  
0.00406148  0.0017286  -0.000683962  -0.0597319  0.0290325  0.03111  
0.00454155  0.00113918  -0.000835604  -0.055108  0.0516078  0.049409  
-0.0041422  0.00198646  -0.00108061  -0.0545462  -0.0594484  -0.006383  
0.00329831  0.00216431  -0.000955561  -0.0606129  0.0918129  0.187548  
0.00411305  0.000257438  0.00147297  -0.0253539  0.0354444  -0.104211  
0.00284952  -0.00150474  0.00135196  -0.0025142  0.00748079  -0.110908  
0.00399602  -0.00186455  0.00156428  0.0167779  0.095422  -0.089996  
0.00687984  -0.00126786  0.00208783  -0.000306498  0.107229  0.00134864  
0.00851945  0.000407213  -0.00107956  -0.0568152  0.160473  -0.0227066  
0.00983397  -0.00101595  0.00112911  0.0066002  0.149298  -0.0194392  
0.00768409  -0.00157314  0.00154524  0.0110845  0.0646041  -0.0272886  
0.00588659  0.000532073  0.00155879  -0.00227596  0.181261  0.0669393  
0.00795976  -0.00142499  0.00213018  0.0212732  0.0979181  -0.0967163  
0.00591593  -0.00207994  0.00183546  0.0265795  0.0750918  -0.0924261  
0.00766804  -0.000317552  0.00147741  -0.01103  0.153284  0.130393  
0.00328596  -0.00197338  0.00105753  0.0215633  -0.00917396  -0.13554  
0.00660032  7.60284e-05  0.00190028  -0.000209047  0.0986664  -0.0828253  
0.00781101  0.00101322  -0.00217644  -0.050024  0.144776  -0.0238809  
0.0143955  -0.00634246  0.00228975  0.0565234  0.167524  -0.204004  
0.010029  -0.00174067  0.000998335  -0.000904277  0.168726  -0.0882753  
0.00847251  0.00244192  -0.00125976  -0.0455073  0.106723  -0.144574  
0.00484407  0.00227463  -0.00188234  -0.0439518  0.119496  -0.0496364  
0.00513067  0.0024841  -0.000897706  -0.0444028  0.0894723  -0.178735  
0.00475481  0.00317211  -0.000780253  -0.0558735  0.126782  -0.0127413  
0.0013597  0.00139587  -0.00187088  -0.0498136  0.0214502  -0.201446  
0.00696673  0.00164349  -0.00117033  -0.041651  0.0549035  -0.130448  
0.00950016  0.000770731  0.000774237  -0.0206543  0.153566  -0.0933399  
0.0236883  -0.000831252  -0.0021486  0.00114963  0.346705  -0.0253415  
0.0143871  -0.00216508  0.000835694  0.0284889  0.173006  -0.178199  
0.00821765  -0.00280439  0.000862376  0.0160064  0.105187  -0.0402859  
-0.0039885  -0.00248023  0.00135742  0.029133  -0.0876296  -0.11656  
0.00362269  -0.00266873  0.00142974  0.0284086  0.0847016  -0.179833  
0.00751121  -0.00224344  0.000996805  0.0161686  0.0912704  -0.0211927  
0.00509124  -0.0020099  0.000980387  0.0198194  0.062138  -0.0782388  
0.00801163  -0.00226964  0.000863091  0.0311331  0.176992  0.126785  
0.00798961  -0.00126329  0.0006681  -0.0122337  0.1243  0.3113  
0.0205294  -0.00338349  0.00203203  0.0443602  0.238143  0.152233  
0.0180619  -0.00328024  0.00172876  0.0405173  0.244805  0.136514  
0.0109514  0.000763193  -0.000841523  -0.061304  0.12039  0.188562  
0.0123663  0.00197901  -0.00217846  -0.0360544  0.150518  -0.0324868  
0.00817726  0.000417672  -0.00217979  -0.0259707  0.0706879  0.17504  
-0.00397258  0.000252829  -0.00195523  -0.0276521  -0.0435053  -0.0263852  
0.00324642  3.15658e-05  -0.00203042  -0.0555964  0.145247  0.397209  
0.0146457  0.00262698  -0.0023608  -0.09794  0.215903  0.707683  
0.0156447  -0.00178813  -0.00157527  0.000888875  0.123804  0.197621  
0.0131185  -0.000443584  -0.00150238  -0.0108719  0.168297  0.0974783  
0.010319  -0.00157923  -0.00117863  0.00654587  0.104756  -0.130271  
0.000194889  0.0057684  -0.00586362  -0.130517  -0.0570509  -0.0770459  
0.000370331  0.00347827  -0.000406931  -0.0547569  0.0842813  0.0397084  
0.00450874  -0.000174042  -0.00148656  -0.029344  0.0592643  -0.0200898  
0.00408935  -0.00216112  0.00162135  0.013615  0.0434558  -0.0308945  
0.00570372  -0.00204698  0.00034817  0.011201  0.103639  0.0340819  
0.000504672  -0.00101094  -0.00182592  -0.0137807  -0.011145  0.13276  
-0.000156763  7.12643e-05  -0.00222721  -0.0346304  0.00625632  0.175947  
0.00561225  -0.00372912  0.000956822  0.0426805  0.0625042  -0.0510907  
0.00670937  -0.00339796  0.000369602  0.0285853  0.0831307  -0.0191045  
0.00503711  -0.00350927  0.00163365  0.0403724  0.060077  -0.0105587  
0.00476942  -0.00388667  0.00455631  0.0386676  0.0414124  0.0406674  
0.0112831  0.00238448  0.0014513  -0.062133  0.176042  -0.0477357  
0.0125342  0.0024586  -0.000260226  -0.056612  0.24952  0.137432  
0.0069133  0.00249825  -0.00206852  -0.0533807  0.0431646  -0.190981  
0.00917781  0.00223079  -0.00164259  -0.044658  0.119264  -0.189316  
0.0143298  -0.00223753  0.000649098  0.0335235  0.180955  -0.134252  
0.010411  -0.00172506  0.000404822  0.00887831  0.149874  -0.0395667  
0.00959164  -0.00118422  -0.00125404  -0.00171336  0.137319  -0.0942815  
0.00823208  -0.00168654  -0.00144161  -0.00602373  0.107162  -0.0602531  
0.0099395  -0.00305752  0.00122276  0.0197989  0.141371  -0.0418341  
0.00706423  -0.00174131  0.00112929  0.0138046  0.0843949  -0.111082  
0.0125505  -0.00324385  0.000523062  0.0270546  0.141042  -0.178002  
-0.00040665  -0.00520509  0.00273114  0.0303801  -0.0563792  -0.0102794  
0.00697555  0.000815598  -0.0017047  -0.0473994  0.17842  -0.0394097  
0.00598144  -0.00149508  -0.000748589  -0.0047732  0.0820555  -0.0721088  
0.0029228  -0.000754806  -0.00163078  -0.0101664  0.04771  -0.220924  
0.00572702  -0.00184575  -0.000551714  0.00427267  0.107164  -0.101886  
0.00640313  -0.00196292  -0.00066599  0.0103906  0.077733  -0.100818  
0.00606509  -0.00186733  -0.000412296  0.0267985  0.086785  -0.147115  
0.00648133  -0.00152868  0.00124221  0.0337618  0.0846356  -0.204587  
0.0011915  0.000997333  -0.00188789  -0.0309947  0.0118921  -0.194179  
0.00802201  -0.00384373  0.00179727  0.0631786  0.175553  -0.106151  
0.0107582  -0.003361  0.00137391  0.0408666  0.157013  -0.0557634  
0.00478795  -0.00366659  0.000938616  0.0408126  0.0902309  -0.0745881  
0.00654292  -0.0015992  -0.000416572  -0.0142723  0.153229  0.0379236  
0.0129914  -0.00062274  0.000788656  0.0244984  0.161854  -0.067329  
0.00990974  -0.0031729  0.000628598  0.0388553  0.134717  -0.0938059  
0.00847177  -0.00340228  -0.000208484  0.0265499  0.0957856  -0.139714  
0.00729025  -0.0054424  -0.000268983  0.0747594  0.105611  -0.0428653  
0.0028562  -0.00487956  0.000930049  0.0527418  0.0906996  -0.104547  
0.00251717  -0.00376169  0.000348341  0.0407639  0.0426533  -0.199003  
-0.00562843  -0.00248489  -0.000869552  -0.00301478  -0.0952113  -0.143642  
-0.0120756  -0.000608536  -0.0026774  -0.0170641  -0.192935  -0.114879  
-0.00119031  -0.00360115  0.00143158  0.0477735  0.103475  -0.144784  
0.00189446  -0.00504333  0.0033726  0.0411282  0.0444103  0.193555  
-0.00391255  -0.00470729  0.00233236  0.0129671  -0.0302495  0.0694047  
-0.00339534  -0.00491064  0.00190032  0.0535706  -0.0373447  -0.211879  
-0.00392428  -0.00451047  -0.000169206  0.0392664  -0.0438952  -0.17968  
-0.00393843  -0.00154147  -0.00264328  -0.0117596  -0.0473525  -0.123111  
-0.00519358  0.000559303  -0.00130156  -0.047846  -0.13245  -0.12417  
-0.00544357  0.00016958  -0.00110668  -0.0424926  -0.0104111  -0.0283432  
0.0105327  -0.0046798  0.00177476  0.0512965  0.0374659  -0.110183  
-0.00702912  -0.00318361  0.00162527  0.0283056  -0.0926051  0.110845  
-0.00350639  -0.00397761  0.00187789  0.0327337  -0.0556532  0.252655  
-0.00534078  -0.00286451  0.00126166  0.01689  -0.0808149  0.080323  
-0.00155035  0.00759529  -0.00454203  -0.154673  -0.0827537  0.0514835  
-0.00288935  0.00576977  -0.00320661  -0.107719  -0.00689917  0.132098  
0.00268381  0.00107916  -0.00167417  -0.0590318  0.00757714  -0.0581651  
-0.00467357  0.00188899  -0.000263703  -0.0566883  -0.0728864  -0.103148  
-0.000422468  0.00152759  -0.00258182  -0.102193  -0.0215443  0.694114  
0.000786234  0.00141522  -0.000978275  -0.125978  -0.17092  1.3538  
-0.0018482  0.00172653  -0.00288316  -0.0794679  -0.12833  0.408894  
0.00611118  0.00202871  -0.00110841  -0.0600193  0.00713589  0.209309  
0.00551157  0.000310196  0.00147052  -0.00775394  0.0414263  -0.117159  
-0.00480961  0.00236671  -0.00220543  -0.0513604  -0.0887414  -0.0674785  
0.00550199  -0.00193159  0.00161417  0.0254291  0.0784806  -0.0601222  
0.00595916  -0.00314995  0.00220116  0.049  0.111823  0.0727601  
0.00897251  -0.0039607  0.000619634  0.0570291  0.19509  0.0469392  
-0.0016794  -0.00633348  0.000971072  0.069307  -0.159004  -0.0958089  
-0.00311646  -0.0059863  0.00351741  0.0657695  -0.0352797  -0.067754  
0.007658  -0.0034342  0.00234399  0.0530753  0.151433  0.0731738  
0.00605087  -0.00277943  0.00213951  0.0252729  0.105586  0.505679  
0.0109591  -0.00259454  0.00293327  0.030376  0.112836  0.348285  
0.00787892  -0.00280313  0.00286975  0.0493955  0.0429345  0.040351  
-0.00379626  -0.00358349  0.00177982  0.0431896  -0.0828846  -0.127922  
0.00137036  -0.00403596  0.00291387  0.0544727  0.0100061  -0.110555  
0.00487002  -0.00370259  0.00348199  0.0617911  0.12206  0.0211392  
0.00558168  -0.00460306  0.00318436  0.0715574  0.127263  -0.0622581  
0.0062393  -0.00385919  0.00328199  0.0603703  0.107634  -0.10989  
0.00645818  -0.00323936  0.00306281  0.0561782  0.0783628  -0.0720475  
0.00769695  -0.00397274  0.00300989  0.0685418  0.128062  -0.03446  
-0.00343307  -0.00374666  0.00177094  0.038433  -0.0723473  0.13932  
-0.00623451  -0.00145107  0.00195331  0.00803449  -0.0630883  -0.128088  
0.00371526  -0.00297713  0.00263411  0.0416115  0.0541296  -0.142661  
0.00265058  -0.00267695  0.00222576  0.0319547  0.0929825  0.189827  
-0.00421839  -0.0030168  0.00158008  0.0444183  -0.0774281  0.035668  
-0.00478924  -0.00292033  0.00235991  0.0595114  -0.0636484  -0.0969716  
-0.00506724  -0.0032534  0.0021305  0.060463  -0.0847969  -0.105511  
0.00236983  -0.00421052  0.00318334  0.0730378  0.0211801  -0.115789  
0.000102013  -0.00289516  0.00424029  0.0455888  0.0604152  0.384575  
0.00376468  -0.00328603  0.0046911  0.0532846  0.00271452  0.418266  
0.00271064  -0.00560096  0.00280654  0.0909743  0.0363847  -0.147786  
0.00786167  -0.00427517  0.00360151  0.0707233  0.165191  0.145268  
0.00588941  8.23098e-05  0.000281837  0.0522664  0.0421627  -0.114352  
0.0129427  -0.00262394  0.00286688  0.0533564  0.168282  -0.0463145  
0.0065104  -0.00445066  0.00399882  0.0781724  0.0889096  -0.133177  
0.00405676  -0.00331765  0.00258261  0.0615  0.0633036  -0.00962412  
0.00547522  -0.00228466  0.00122863  0.0487612  0.0951107  -0.0932485  
0.00549149  -0.00349612  0.00217023  0.060769  0.103334  -0.00737473  
0.00633485  -0.00559379  0.00345476  0.0808353  0.0830441  -0.133388  
-0.0025916  -0.0054567  0.00313737  0.0792508  -0.0172864  -0.116914  
-0.00263882  -0.00522857  0.00363037  0.0829763  -0.0325011  -0.121039  
-0.00788542  -0.00391929  0.00267294  0.0518434  -0.126688  0.0870015  
0.00718175  -0.00265466  0.00310225  0.0605837  0.121225  0.169145  
-0.00482763  -0.00399738  0.00270137  0.0710469  -0.119124  -0.123962  
-0.0104764  -0.00428519  0.00237291  0.0588527  -0.19399  -0.0417379  
-0.0114004  0.00540138  -0.00227699  -0.0962229  -0.138742  -0.0271753  
-0.00535975  0.00210262  0.0067763  0.0255931  -0.0242545  -0.105065  
0.0180476  -0.00711795  0.00240092  0.100994  0.349164  0.138478  
0.00778555  -0.00499493  0.00227437  0.0683147  0.0813885  -0.0776746  
0.00802046  -0.00421769  0.00187195  0.0778176  0.124066  -0.0976311  
0.00520081  -0.00416148  0.00117038  0.0594189  0.0606  -0.142048  
0.00702038  -0.00210828  0.0016734  0.0328909  0.144926  0.215753  
0.0132153  -0.00279142  0.0019951  0.030697  0.155105  0.794167  
0.00949717  -0.00403953  0.00208516  0.0700641  0.109526  0.00347281  
0.00771771  -0.00525942  0.00247802  0.0843518  0.101353  -0.0749702  
0.00219007  -0.00623022  0.0031484  0.0989878  0.0387493  -0.0926256  
0.00588156  -0.00614494  0.00328689  0.0866983  0.145391  0.0330454  
0.00473849  -0.00561076  0.00180465  0.0879373  0.0671624  -0.124978  
0.00347502  -0.0022635  0.000519111  0.027976  0.0857985  0.0575598  
0.00713344  -0.00187321  0.00103096  0.043077  0.121675  -0.0864496  
0.00559614  -0.00236438  -0.00176746  0.0135731  0.0537443  -0.123441  
-0.00298785  0.00273422  -0.00554724  -0.0657046  -0.0299635  -0.0768347  
0.00611086  -0.000804557  -0.00275226  0.0114068  0.127844  -0.0230012  
0.00649126  -0.00343584  0.000136139  0.0489148  0.123808  -0.110728  
0.00481667  -0.00350255  0.00117504  0.0520984  0.0886108  -0.149202  
0.00452486  -0.00343063  0.000655565  0.0546145  -0.00413516  -0.132206  
-0.0101477  -0.00397653  0.000242878  0.0416453  -0.170706  -0.082088  
-0.00448725  0.000521031  -0.00208896  -0.0219899  -0.0373715  -0.0921763  
0.00335403  -0.00303288  0.000828726  0.0500614  0.0484161  -0.04882  
0.00368299  -0.0026865  0.00124046  -0.00953267  0.125896  0.28503  
0.00582274  -0.00303321  0.00143686  0.0418675  0.0251808  0.0417819  
0.00308023  -0.00365414  0.00317772  0.0600018  0.0184875  -0.137817  
0.00597878  -0.00331461  0.00324516  0.0788371  0.102862  -0.169706  
0.00512437  -0.00385871  0.00391903  0.0497598  0.073561  0.431005  
-0.0130965  -0.00218718  0.00279329  0.0430664  -0.19377  -0.177271  
-0.00586818  -0.00396022  0.0045459  0.0868357  -0.0576905  -0.234837  
0.00474514  -0.00337876  0.00315768  0.0736107  0.0828757  -0.0792583  
0.00694128  -0.00275294  0.00268784  0.0714348  0.128612  0.00390428  
0.00653131  -0.00461177  0.00394731  0.0876362  0.133544  -0.109973  
0.0054741  -0.00342932  0.0031425  0.0752584  0.0832838  -0.0954091  
0.00823682  -0.00289114  0.00439226  0.0679169  0.140094  -0.00277687  
0.00750676  -0.00322178  0.00255073  0.0766195  0.0784116  -0.166445  
0.00464113  -0.00336233  0.00246703  0.0714859  0.051797  -0.146373  
0.00299098  -0.0103866  0.00455384  0.188609  0.127114  -0.0748159  
0.0118527  -0.00789667  0.00429233  0.12765  0.216592  0.276464  
0.00515429  -0.00561602  0.00271082  0.0964811  0.0520639  -0.203869  
0.00459254  -0.00273219  0.00179033  0.069151  0.0925742  -0.216941  
0.0050826  -0.00383773  0.00257712  0.0715807  0.128506  -0.134265  
0.00835473  -0.0029114  0.00218872  0.0716388  0.112827  -0.206578  
0.0108197  -0.00305939  0.00314715  0.0789326  0.152179  -0.177546  
0.00701166  -0.00414915  0.00312838  0.0726734  0.111264  0.34737  
0.01248  -0.0031801  0.00334772  0.016012  0.191209  1.54487  
0.0234288  0.000935173  0.00246335  -0.0111415  0.249873  1.15653  
0.0165381  -0.00372546  -0.00163897  0.0150671  0.164699  0.693565  
0.0118053  -0.00232324  -0.000441833  0.0363519  0.124039  0.334618  
0.00761169  -0.0036681  0.00121473  0.0672306  0.0888882  -0.124763  
0.00331698  -0.00964535  0.00315813  0.174563  0.106049  -0.152281  
0.00479769  -0.00970709  0.00583526  0.148441  0.109792  0.0696974  
0.00585673  -0.00318894  0.00377611  0.0590308  0.2108  0.410619  
0.00732351  -0.00516213  0.00355476  0.110054  0.0770874  -0.0720284  
-0.0079794  -0.00424684  0.00356869  0.0895674  -0.0514898  -0.194259  
0.00539864  -0.0049685  0.00428182  0.104309  0.113032  -0.129493  
0.00647805  -0.00555859  0.00383216  0.106148  0.130388  -0.0553785  
0.00593589  -0.00492608  0.00321569  0.102273  0.112246  -0.15992  
0.00607666  -0.00460725  0.00286551  0.0952833  0.13946  -0.00714595  
0.00564297  -0.00516224  0.00297816  0.106782  0.0749441  -0.155053  
0.0061718  -0.00556921  0.00319091  0.109664  0.0674985  -0.1411  
0.00433795  -0.00578863  0.00299247  0.1081  0.104943  0.195154  
0.00914981  -0.00558552  0.00368083  0.0766086  0.173355  0.529614  
0.00789246  -0.00530301  0.00314217  0.0999559  0.103696  -0.157622  
0.00766069  -0.00497122  0.00378744  0.0958402  0.167605  -0.0639632  
0.00600157  -0.00454039  0.00313571  0.0947869  0.158822  -0.180877  
-0.00499611  -0.00407555  0.00202481  0.0823612  -0.0524235  -0.0917723  
0.00154217  -0.00525084  0.00318991  0.0991297  0.0976308  -0.0451276  
-0.00632225  -0.00360664  -2.28157e-05  0.0900871  -0.0817156  -0.178108  
0.00348985  -0.00312485  0.00257067  0.0738304  0.0991954  -0.110927  
0.00716723  -0.00187979  0.00260535  0.0553879  0.145791  0.0474767  
0.00604963  -0.00308142  0.00249552  0.0833334  0.114103  -0.173855  
0.0210555  -0.00416058  0.00343203  0.0895597  0.368503  0.00562664  
0.0120612  -0.00369733  0.00301519  0.0785637  0.185458  -0.0865387  
0.0100705  -0.00534354  0.00240812  0.10905  0.154505  -0.135132  
0.00580097  -0.00543653  0.00350702  0.0982162  0.0853381  -0.0899192  
0.00700979  -0.00562242  0.00338481  0.101847  0.152683  -0.13771  
0.00664735  -0.00395161  0.00262734  0.0650389  0.169952  0.207807  
0.0198156  -0.00282603  0.000299604  0.03251  0.37453  0.918529  
0.0146536  -0.00343766  -0.000202941  0.0637117  0.202427  0.400812  
0.00741963  0.00359836  -0.00301521  -0.0621179  0.126189  0.195539  
0.00811624  -0.000947946  -0.00169768  0.0233034  0.113467  -0.0232317  
0.00648646  -0.0019484  -0.000934268  0.0632739  0.0620846  -0.215805  
0.00724894  -0.0027954  0.000245609  0.0661743  0.166334  -0.0776944  
0.00798906  -0.00270916  0.000712952  0.0542109  0.188275  0.0856321  
0.00655536  -0.00275057  0.00117568  0.0694746  0.132272  -0.172685  
0.00723804  -0.00309141  0.00173223  0.0760167  0.147954  0.092178  
0.00313106  -0.00538913  0.00291727  0.105843  0.0534169  -0.0194084  
-0.00862447  -0.00128439  -0.00129994  0.00368916  -0.0551882  -0.0250418  
0.00893383  -0.00172437  0.00253443  0.0657714  0.240178  0.085839  
0.0118722  -0.00378802  0.00324633  0.0866529  0.153919  -0.133515  
0.00818427  -0.00258526  0.00285844  0.0489445  0.205084  0.249726  
0.00990345  -0.00204186  0.00289792  0.0306173  0.175331  0.396786  
0.00728757  -0.00304596  0.00257861  0.0773362  0.107467  -0.09101  
0.00362646  -0.00490739  0.00341746  0.0644149  0.116243  -0.0666783  
0.0071742  -0.00252057  0.00215721  0.0700704  0.140889  -0.0778106  
0.0175781  0.00366013  -6.96485e-05  -0.0263691  0.292612  0.0260113  
0.00999835  -0.00226635  0.000754514  0.0887601  0.126789  -0.0519778  
-0.00487449  -0.00393687  0.00145364  0.0788092  -0.0476535  -0.165773  
-0.00225086  -0.003424  0.000757838  0.0660753  -0.0084353  -0.153852  
0.00709566  -0.00438756  0.000978665  0.085756  0.146575  -0.160439  
0.00855561  -0.00323121  0.000248599  0.0523021  0.184353  0.0145471  
0.00276259  -0.00134607  -0.00130812  -0.000417709  0.0827331  0.37291  
-0.00215103  -0.00328311  0.00119301  0.0590412  0.00468098  0.0189185  
0.0011783  -0.00360448  0.00103916  0.0654  0.111975  -0.0775969  
-0.00678803  -0.00201464  0.000778533  0.0498568  -0.0530074  -0.189238  
-0.00532355  -0.00135948  0.000802955  0.0535872  0.0190654  -0.0616501  
-0.0059944  -0.00273041  0.00122439  0.0647308  -0.0296904  -0.0884893  
0.0392719  0.000827149  0.000880315  0.0796385  0.650701  -0.0591696  
0.0135191  -0.00125166  0.000267154  0.0675264  0.132395  -0.156109  
0.0054301  -0.00260866  0.00084429  0.0548406  0.112963  -0.109243  
0.000725153  -0.00349517  0.00149592  0.061631  0.0502972  -0.0850248  
0.00380841  -0.0033075  0.00103315  0.0632354  0.139821  -0.0458253  
0.00404846  -0.00259141  0.00104274  0.0503422  0.0966448  -0.0382918  
-0.00755072  -0.00299667  -0.000667311  0.0795235  0.0511105  -0.230782  
-0.00537997  -0.00312024  -0.000433698  0.0816528  -0.0607368  -0.216538  
0.000176868  -0.00409714  0.00202326  0.0768493  -0.0441985  -0.197608  
-0.00236241  -0.00385237  0.00104564  0.068206  -0.0112358  -0.129329  
-0.0032219  -0.00366231  0.000180956  0.0636683  -0.000230602  -0.00595255  
0.00752019  -0.0030737  0.000976808  0.0519235  0.100812  0.148885  
0.00507965  -0.00181991  0.00153415  0.0302138  0.0946635  0.186666  
-0.000439747  -0.000399524  -0.000168345  0.054233  0.0494482  -0.260038  
-0.0047834  3.46662e-05  -0.0017064  -0.00298365  -0.00794921  -0.2184  
-0.00238933  -0.00113499  -4.0962e-05  0.0603958  0.0118369  -0.242658  
0.00192232  -0.002424  0.00103045  0.0458697  0.17794  0.314112  
0.00403035  -0.00288746  0.00132731  0.0459733  0.157043  0.370157  
0.00998875  -0.00738063  0.00185918  0.11141  0.152064  -0.175542  
0.00889391  -0.00577367  0.00139442  0.0992294  0.145067  -0.187257  
0.00649707  -0.00520463  -0.00037173  0.0937737  0.118452  -0.198094  
0.00730153  -0.00683967  0.00249113  0.116307  0.130491  -0.174963  
0.00775816  -0.00624342  0.00227592  0.0901326  0.213669  0.00137489  
-0.00289057  -0.00637977  0.00186871  0.0639602  -0.110613  -0.135271  
-0.00548394  0.00127679  0.0021237  0.00102119  -0.0391216  -0.218817  
0.00997744  -0.0044609  0.00127418  0.0878697  0.2416  -0.0492551  
0.0092566  -0.00443621  0.000931012  0.074573  0.174102  -0.131137  
0.00948204  -0.00441238  0.0021795  0.0810071  0.164017  0.0990303  
0.00375701  -0.0042119  0.00229932  0.0688794  0.0903543  -0.0788078  
0.0101279  -0.00468151  0.00273905  0.0971177  0.144927  -0.253256  
0.0116525  -0.00544919  0.00272203  0.0987833  0.215566  -0.124668  
0.0134251  -0.00680394  0.00315524  0.109237  0.164935  -0.254049  
0.00133068  -0.00632942  0.00380784  0.100577  0.0381107  -0.10698  
0.00878462  -0.00372805  0.00280481  0.0687554  0.20889  0.105791  
0.0142496  -0.00254114  0.00298818  0.0335661  0.278408  0.474168  
0.0126511  -0.00317106  0.00332264  0.0765633  0.138784  -0.0324137  
0.0119746  -0.0050586  0.00343696  0.0958137  0.14416  -0.339989  
0.00429476  -0.0061267  0.00332528  0.113854  0.117637  -0.21176  
0.00665483  -0.00596131  0.00382382  0.103561  0.171864  -0.0805191  
0.00775022  -0.00439451  0.00126294  0.0690765  0.154425  0.137987  
0.0064903  -0.00465594  -0.000394038  0.056211  0.127236  -0.110666  
0.00493128  -0.00211214  0.00265249  0.0563441  0.10713  -0.236146  
0.0028143  -0.00184993  0.00133065  0.0400572  0.0403458  -0.158955  
0.0038866  -0.0013989  0.00171802  0.0529961  0.134859  -0.399921  
0.00301288  -0.00268291  0.00236482  0.0571972  0.122613  -0.328144  
0.00177594  -0.00404464  0.00213614  0.0682601  0.141087  -0.28503  
0.0056883  -0.00226811  0.00176274  0.0471983  0.111229  -0.2631  
0.00821994  -0.00386643  -0.000812915  0.0644783  0.135485  -0.180129  
0.00843086  -0.00311622  0.000398457  0.0539309  0.127785  -0.115366  
0.00936662  -0.00175795  0.00078523  0.0623352  0.118061  -0.173072  
0.00989777  -0.00135378  0.00060448  0.0319753  0.194974  -0.111893  
0.010914  -0.00196842  -5.83187e-05  0.0561885  0.176866  -0.0784008  
0.00860734  -0.00341554  0.000677616  0.0562804  0.13359  -0.11248  
0.00666958  -0.00253688  0.000692129  0.0305632  0.144556  0.0354485  
0.00582423  -0.00267343  0.00074236  0.0460853  0.0730541  -0.124614  
0.0141793  -0.00516856  0.00237772  0.0952797  0.223838  -0.266809  
0.00722619  -0.00604698  0.0018177  0.0949204  0.166693  -0.132771  
0.00492662  -0.00615853  0.00109602  0.0652566  0.0981063  -0.124388  
0.00569163  -0.00302608  -0.00102061  0.0384747  0.150695  -0.118193  
0.00599057  -0.00296522  -0.000119287  0.0480146  0.141704  -0.137972  
0.00645561  -0.00412425  0.00041568  0.066989  0.12293  -0.191401  
0.00649978  -0.00451243  0.00171627  0.0630653  0.154678  0.283044  
0.00538644  -0.00308983  -0.000271432  0.0156941  0.0750278  0.561431  
0.00512907  -0.00339603  0.000716448  0.0616691  0.0467245  -0.0985799  
0.00469834  -0.00275196  0.00124778  0.0458171  0.0924611  -0.00269398  
0.00838783  -0.00286711  0.00182362  0.068198  0.14837  -0.0529372  
0.00371747  -0.00632923  0.00274256  0.105397  0.0616441  -0.251918  
0.00749588  -0.00361508  0.00244625  0.0838939  0.18579  -0.190087  
0.00770153  -0.00421556  0.00200127  0.0799604  0.142643  -0.137847  
0.00659647  -0.00546801  0.00213544  0.0932255  0.140731  -0.160646  
0.007038  -0.0046435  0.00210974  0.0675412  0.216681  0.00981473  
0.00555052  -0.00412793  0.00102848  0.0639977  0.083718  -0.0765998  
0.00442822  -0.00455624  -0.000952392  0.0611454  0.0869886  -0.057118  
0.00703627  -0.00299969  -0.0017308  0.0401043  0.155836  -0.0489545  
0.00850409  -0.00130184  0.000794596  0.0152511  0.142084  -0.0596699  
0.0224574  0.00369351  0.0005318  -0.0496315  0.372419  0.142426  
0.0191765  0.000118139  0.00216438  0.0094879  0.274384  0.0914766  
0.0104046  -0.00195484  0.00278099  0.0355429  0.179729  0.0161023  
0.0108249  -0.00253234  0.00276979  0.0468084  0.210294  0.134278  
0.0112106  -0.00329349  0.00288902  0.0469531  0.219158  0.201017  
0.0107162  -0.00876496  0.00516928  0.153969  0.166168  -0.051606  
0.00878117  -0.0103051  0.00457565  0.1499  0.122391  -0.231006  
0.00663539  -0.00616073  0.00309599  0.110972  0.141927  -0.18128  
0.00106929  -0.0075999  0.00390105  0.125891  0.0857838  -0.0465244  
-0.00288878  -0.00782523  0.00343153  0.115059  0.014709  -0.171066  
-0.00321231  -0.00405762  0.00319876  0.0676626  0.0475176  -0.0609296  
-0.00357793  -0.00527422  0.0032558  0.0852668  -0.0140158  -0.0693586  
-0.00422089  -0.00568371  0.00330317  0.0947734  -0.0523614  -0.186147  
-0.00393272  -0.00519828  0.00318529  0.0850025  -0.0431397  -0.235221  
-0.00108085  -0.00447531  0.00330965  0.0732095  0.0429418  -0.120148  
-0.00387799  -0.00522515  0.00332427  0.0799251  -0.055702  -0.20233  
-0.0044325  -0.00422627  0.00239132  0.0654031  0.000257086  -0.11092  
-0.00343967  -0.00428361  0.00244458  0.064704  -0.0274117  -0.18429  
0.00771468  -0.00462171  0.00212193  0.0805856  0.16104  -0.165786  
0.00795178  -0.00763397  0.00405998  0.114817  0.154658  -0.103289  
0.00842663  -0.00187424  0.00139644  0.0197194  0.11384  -0.130941  
0.00462766  -0.00397633  0.00190691  0.0582578  0.166567  -0.103048  
0.00295403  -0.0051374  0.00277881  0.0844626  0.0772439  -0.0909378  
-0.00105064  -0.00393118  0.00191408  0.0647021  0.0207281  -0.269059  
-0.000188318  -0.00394798  0.00227923  0.073521  0.00662387  -0.23914  
0.00234322  -0.00459018  0.00265826  0.0757367  0.0614014  -0.117618  
0.00157003  -0.00383489  0.00272955  0.0710458  0.180808  0.120907  
0.00987604  -0.00447941  0.00231895  0.0667869  0.102221  -0.126997  
0.000162544  -0.00291584  0.000233581  0.0524373  0.0639092  -0.225742  
0.00184361  -0.00478278  0.00130975  0.0726556  0.0831801  -0.169533  
0.00162692  -0.0059777  0.00244026  0.096182  0.114231  -0.142515  
0.00369233  -0.00556344  0.00363345  0.11126  0.110813  -0.264121  
0.00532365  -0.0067197  0.00344797  0.106103  0.150775  -0.143539  
0.00755417  -0.0045794  0.00210119  0.0641762  0.159507  0.000757146  
0.00546267  -0.00401147  0.00193331  0.0617711  0.110854  -0.177688  
0.00326923  0.00235615  -0.0035167  -0.0200724  0.0890153  -0.184051  
0.00406861  -0.000334474  -0.00188515  0.0183378  0.0917276  -0.150135  
0.00483108  -0.00292831  0.000468451  0.0514109  0.0875701  -0.104427  
0.00683949  -0.00379142  0.00123994  0.0574979  0.173456  -0.0646665  
0.00443131  -0.00390415  0.00225756  0.0621564  0.134513  -0.0660665  
0.00369747  -0.00567073  0.00316503  0.118502  0.10213  -0.127193  
-0.00352152  -0.00826653  0.00672966  0.121269  0.0181997  0.229355  
0.00121999  -0.00737958  0.00599188  0.109551  0.067994  0.152802  
0.00316135  -0.00719422  0.00522329  0.109446  0.0800995  0.118393  
0.0025349  -0.00704831  0.00509949  0.109307  0.0901006  0.0924113  
0.00700853  -0.00522227  0.0015046  0.0860166  0.152447  0.0102299  
0.00916408  -0.0050099  0.00103732  0.0876329  0.175419  -0.0516269  
0.00772517  -0.00489966  0.000970838  0.079674  0.17903  0.016045  
0.00771974  -0.00428351  0.00177059  0.0733444  0.189626  0.0927534  
0.00780012  -0.00468504  0.00145598  0.0819324  0.149003  0.0236709  
0.00770004  -0.00509197  0.00165102  0.0816618  0.194855  0.0771621  
0.00820772  -0.00501024  0.00156213  0.0722336  0.135804  0.04841  
0.00830416  -0.00519067  0.00147289  0.0777017  0.176008  0.0334764  
0.00805719  -0.00528741  0.00137279  0.085639  0.206491  0.0431594  
0.0099957  -0.00517357  0.0014814  0.0841041  0.194622  0.0283102  
