0.0475826  -0.01238  -0.00166606  -0.0225961  0.121817  -0.0255033  
0.0478987  -0.0127401  -0.00225175  -0.0311699  0.0980178  -0.0580154  
0.0472667  -0.0120208  -0.00232676  -0.0248895  0.13679  -0.040154  
0.0474875  -0.0120007  -0.00243419  -0.0262923  0.132669  -0.0377748  
0.0465228  -0.0119418  -0.00234409  -0.0295339  0.132808  -0.0475786  
0.0456209  -0.01156  -0.00219438  -0.0331672  0.13289  -0.0238748  
0.0456586  -0.0116525  -0.00186962  -0.0328249  0.132909  0.0301876  
0.0452551  -0.0114463  -0.00183759  -0.0321649  0.149427  0.050713  
0.0448805  -0.0113794  -0.00161357  -0.027029  0.153408  0.0382088  
0.0446842  -0.0114671  -0.00159103  -0.0193638  0.152233  0.0482159  
0.0448138  -0.0116735  -0.00131873  -0.0225672  0.135242  0.0247236  
0.0448157  -0.0116362  -0.00141225  -0.0210921  0.143303  0.0233285  
0.0452217  -0.0114082  -0.00126139  -0.023357  0.14585  0.0311145  
0.0453269  -0.0109384  -0.00154583  -0.0226395  0.155139  0.0551271  
0.0447873  -0.01077  -0.00123791  -0.0253678  0.146693  0.0583789  
0.0441201  -0.0101184  -0.00121074  -0.0237135  0.128982  0.0360742  
0.0442196  -0.00999407  -0.00118018  -0.0215084  0.119578  0.0350024  
0.0439999  -0.00983964  -0.0012771  -0.019288  0.136184  0.066896  
0.0430423  -0.00985457  -0.000505769  -0.0181457  0.164851  0.0765724  
0.0437553  -0.0104058  -0.000725373  -0.0202923  0.154801  0.0487287  
0.0455499  -0.010338  -0.000845782  -0.0248937  0.13615  0.0395624  
0.0441846  -0.0103267  -0.000525974  -0.0199928  0.16121  0.0531173  
0.0433163  -0.0099961  -0.000623503  -0.0206283  0.135884  0.0511878  
0.0425127  -0.00981809  -0.000541136  -0.0171223  0.141021  0.0654313  
0.0427211  -0.010028  -0.000604197  -0.00871097  0.145796  0.0588816  
0.0417534  -0.00989162  -0.000385101  -0.00408093  0.141923  0.051647  
0.0463741  -0.00847071  0.000169839  -0.018551  0.214177  0.114567  
0.0429092  -0.00853471  -0.000210762  -0.0154753  0.162304  0.187496  
0.0426972  -0.00876912  -0.000507714  0.000277049  0.15336  0.142307  
0.0415858  -0.00905301  -0.000359367  0.00117683  0.135581  0.118166  
0.0414067  -0.00892725  2.08733e-05  -0.00894379  0.152856  0.129777  
0.0425043  -0.00876217  5.91306e-05  -0.0103224  0.169783  0.105895  
0.0456266  -0.00856154  0.000266152  -0.00601708  0.216438  0.146765  
0.0434176  -0.00860797  0.000418135  0.00103802  0.164887  0.106103  
0.0414807  -0.0079482  0.000628672  0.000105218  0.148536  0.0937289  
0.0413869  -0.0075005  0.000507127  -0.00394843  0.140602  0.0768127  
0.0419417  -0.00755577  0.000628672  -0.0120189  0.110432  0.0671133  
0.0413642  -0.00729741  0.000714119  -0.00922461  0.170537  0.0550184  
0.0412419  -0.00781597  0.000628672  -0.00533608  0.167506  0.0872278  
0.0409609  -0.00766801  0.000628672  0.000430244  0.147004  0.0778378  
0.040972  -0.00744381  0.000748123  -0.00375068  0.132033  0.0503249  
0.040185  -0.00728394  0.000628672  -0.00519794  0.149782  0.0588585  
0.0395312  -0.00750554  0.000628672  0.00291756  0.154751  0.0634198  
0.0401126  -0.0074696  0.000628672  0.00249939  0.12041  0.0492423  
0.0401461  -0.00754779  0.000476419  -0.00825264  0.116707  0.00737049  
0.0398117  -0.00729849  0.000321263  -0.00988902  0.12505  0.0026391  
0.0399864  -0.00772885  0.000725518  -0.00356116  0.141781  0.0442996  
0.0398575  -0.00809986  0.000783078  -0.00147009  0.117356  0.0308912  
0.0400157  -0.00801388  0.000725518  -0.000263093  0.138881  0.00338672  
0.0391367  -0.00779826  0.000725518  -0.002987  0.135332  -0.0027845  
0.039195  -0.00782816  0.00100925  0.0101662  0.15594  -0.0148496  
0.0392842  -0.00798908  0.001072  0.0116267  0.153768  -0.00325267  
0.0384713  -0.00807729  0.00125529  0.00909451  0.139392  -0.0227418  
0.0387807  -0.00801873  0.00137808  0.00967778  0.125993  -0.0493584  
0.0379009  -0.00770222  0.00122356  0.0101298  0.120451  -0.0528933  
0.0376976  -0.00756569  0.00112932  0.016688  0.127031  -0.0715939  
0.0383909  -0.00782166  0.00111731  0.0163328  0.132043  -0.0687109  
0.0369369  -0.00767247  0.0013512  0.0139968  0.117028  -0.0732807  
0.0367764  -0.00780815  0.00124262  0.0129381  0.10209  -0.0889028  
0.0360219  -0.00753271  0.00136673  0.00310834  0.104346  -0.111985  
0.0359059  -0.00754137  0.0015258  0.00357627  0.101075  -0.132338  
0.0359253  -0.00784732  0.00139065  0.00867714  0.106762  -0.0841773  
0.0352286  -0.00787218  0.00153903  0.0150514  0.0931243  -0.0928659  
0.0347085  -0.00807437  0.00150149  0.0112114  0.0800482  -0.132898  
0.0345813  -0.00800127  0.00139065  0.00719867  0.0725879  -0.136476  
0.0339925  -0.008218  0.00139065  0.00889611  0.0921428  -0.107169  
0.0336088  -0.00812895  0.00139065  0.00834564  0.0808914  -0.112964  
0.0333587  -0.00793754  0.00139065  0.0131028  0.0714014  -0.131389  
0.032651  -0.00798143  0.00139065  0.0127391  0.0668344  -0.144599  
0.0332528  -0.0080095  0.00156926  0.0208303  0.0751153  -0.159757  
0.0337103  -0.0084285  0.00130098  0.0228758  0.0958482  -0.111475  
0.0330369  -0.00827054  0.00144251  0.0244455  0.0757961  -0.116015  
0.0327918  -0.00836401  0.00168428  0.0191494  0.0774126  -0.108714  
0.0327103  -0.00824914  0.0017516  0.0206637  0.0842485  -0.141134  
0.0325539  -0.00846965  0.00161795  0.0170175  0.081458  -0.134496  
0.0320829  -0.00837805  0.00153246  0.0188696  0.0959283  -0.118989  
0.032361  -0.0088734  0.00150739  0.0179983  0.0804986  -0.128385  
0.0318951  -0.00826093  0.00141916  0.0192398  0.0647547  -0.15012  
0.0312045  -0.00833786  0.00150241  0.0163961  0.0801059  -0.135301  
0.0311008  -0.00820575  0.00158438  0.0110984  0.0730054  -0.146881  
0.0307475  -0.00822604  0.00153173  0.0160209  0.10028  -0.110059  
0.0309649  -0.0080123  0.00141916  0.00465663  0.0755523  -0.12519  
0.0306628  -0.00775023  0.00141916  -0.00303495  0.0608602  -0.130134  
0.0291711  -0.00762771  0.00117083  -0.00523018  0.0780827  -0.11793  
0.0282881  -0.00728226  0.00122296  -0.00466247  0.0770695  -0.128511  
0.0282529  -0.00721226  0.00112015  -0.00173011  0.0716615  -0.118572  
0.0283143  -0.00756697  0.00160618  -0.00169681  0.0595308  -0.131762  
0.0278201  -0.00734523  0.00132048  -0.0155317  0.0482809  -0.144632  
0.0253908  -0.00681137  0.000874375  -0.0150746  0.079286  -0.115448  
0.0253265  -0.00763963  0.000904287  -0.0161294  0.0763321  -0.119836  
0.0253005  -0.00717256  0.000976137  -0.0200217  0.057533  -0.141953  
0.0247769  -0.00718125  0.000778867  -0.0207092  0.0276444  -0.151333  
0.0236752  -0.00681474  0.00085038  -0.0259058  0.0557458  -0.187831  
0.02286  -0.00656416  0.000793422  -0.0214332  0.0604675  -0.183692  
0.0225209  -0.00636224  0.000654234  -0.0241423  0.0376034  -0.205029  
0.021935  -0.00619845  0.000940831  -0.0191593  0.0358078  -0.170115  
0.0215366  -0.00658398  0.000917455  -0.0226321  0.0455425  -0.18401  
0.0213086  -0.00644301  0.000879564  -0.0232126  0.0603728  -0.187232  
0.0216324  -0.00633962  0.000817779  -0.0233761  0.0359505  -0.218292  
0.021118  -0.00675183  0.000767368  -0.0201218  0.0424024  -0.149783  
0.0206967  -0.00658799  0.000767368  -0.0259405  0.0311727  -0.157817  
0.0213311  -0.00655571  0.000767368  -0.025038  0.0356567  -0.193596  
0.0214526  -0.0065315  0.000827979  -0.0201973  0.0500821  -0.197948  
0.0205979  -0.0064733  0.000906125  -0.0235475  0.041936  -0.210277  
0.020599  -0.00632542  0.000767369  -0.0212953  0.0470287  -0.212946  
0.0202028  -0.00649339  0.000830116  -0.0232804  0.0331452  -0.212773  
0.0200129  -0.00655045  0.000823236  -0.0213303  0.0381626  -0.21637  
0.0194594  -0.00630861  0.000681318  -0.0302191  0.0355085  -0.212186  
0.0190556  -0.00634631  0.000681319  -0.030662  0.021743  -0.221796  
0.0184844  -0.00641367  0.000866206  -0.0348816  0.0250713  -0.24253  
0.0180522  -0.00628822  0.000583477  -0.0357749  0.0206702  -0.242546  
0.0181837  -0.00648925  0.000681318  -0.0331308  0.0148521  -0.251113  
0.0184844  -0.00615266  0.000186029  -0.0371621  -0.001482  -0.25459  
0.0174989  -0.00616716  0.000135804  -0.0359742  0.0197812  -0.230304  
0.0174989  -0.00645843  0.00014454  -0.040178  0.0256618  -0.240061  
0.017905  -0.00646086  0.000264079  -0.0472211  0.0278017  -0.204294  
0.0184017  -0.00669148  0.000159133  -0.0456591  0.0216505  -0.19325  
0.0184353  -0.00661562  0.000250125  -0.0443041  0.0254819  -0.190773  
0.0173478  -0.00670242  -8.97196e-06  -0.0428143  0.0363296  -0.146293  
0.0171181  -0.0071801  -2.81617e-05  -0.0409092  0.0373687  -0.139912  
0.0160991  -0.00712124  -6.36066e-05  -0.0403418  0.0210444  -0.151187  
0.0164236  -0.00710131  4.19473e-05  -0.041561  0.0186998  -0.157698  
0.0161461  -0.00701478  -0.000120503  -0.0522678  0.0108723  -0.177834  
0.0145701  -0.00700216  -5.3343e-05  -0.0538935  0.0255137  -0.149855  
0.0139952  -0.0068447  -0.000363399  -0.0529637  0.0213719  -0.153959  
0.0134676  -0.00664748  -0.00033416  -0.0460128  0.0188002  -0.094903  
0.0128771  -0.00695673  -0.000298484  -0.0545396  0.0197364  -0.0849076  
0.0124874  -0.00677363  -0.000300286  -0.0504351  0.01698  -0.121117  
0.012901  -0.00675884  -0.00032224  -0.0482797  0.0200289  -0.115174  
0.0129047  -0.00699581  -0.000315813  -0.0493359  0.00874785  -0.116201  
0.012852  -0.00701669  -0.000436706  -0.0473769  -0.000754431  -0.140437  
0.0128502  -0.00723556  -0.000696599  -0.0482265  0.00986784  -0.154819  
0.0122829  -0.00737868  -0.000578928  -0.0479616  0.00930451  -0.133816  
0.0118292  -0.0073993  -0.000635183  -0.0480729  0.00646681  -0.135446  
0.0112123  -0.00759895  -0.000677389  -0.049235  0.0111336  -0.131684  
0.0107658  -0.00774272  -0.000599954  -0.0505714  0.00749794  -0.162067  
0.0101322  -0.00784807  -0.000557621  -0.0518204  0.0217747  -0.160312  
0.010263  -0.00793108  -0.000706597  -0.0505687  0.0155461  -0.156546  
0.0106824  -0.00794272  -0.000907097  -0.0546892  -0.0097244  -0.175438  
0.0103933  -0.00768614  -0.000988528  -0.0540188  0.000696739  -0.186909  
0.0101898  -0.00769442  -0.000982645  -0.054898  -0.00299743  -0.195561  
0.0104395  -0.00770607  -0.00105715  -0.0493938  -0.0130221  -0.199556  
0.0103218  -0.00805467  -0.00101073  -0.0522402  -0.0157377  -0.188492  
0.00972944  -0.00797227  -0.00102201  -0.0550218  0.00478304  -0.130816  
0.00982121  -0.00810417  -0.00107682  -0.0571117  -0.00677792  -0.133939  
0.0104032  -0.00844938  -0.00115435  -0.0638051  -0.0174669  -0.164054  
0.0102783  -0.00840237  -0.00102073  -0.0543775  0.00571519  -0.214775  
0.0105271  -0.00842318  -0.000969203  -0.0536756  -0.00496052  -0.211568  
0.010922  -0.00874  -0.00111613  -0.0538438  -0.0158638  -0.247931  
0.0112116  -0.00863633  -0.000954699  -0.0522049  -0.0234142  -0.264162  
0.0104856  -0.00857472  -0.000918545  -0.0548626  -0.0102101  -0.266263  
0.0105248  -0.00835059  -0.00106854  -0.0496544  -0.00724338  -0.26603  
0.0101023  -0.00829865  -0.00095881  -0.0455909  -0.0071311  -0.248171  
0.00989357  -0.00805699  -0.00110542  -0.0411375  -0.0084175  -0.237213  
0.00955828  -0.00771531  -0.000978815  -0.0408172  -0.00972683  -0.277548  
0.00884388  -0.00781377  -0.00107583  -0.0392272  0.00608257  -0.270305  
0.00890232  -0.00773006  -0.00112549  -0.0444343  0.0114292  -0.238102  
0.00888023  -0.00763408  -0.000889924  -0.040687  -0.0171048  -0.267557  
0.00846558  -0.0076417  -0.000682866  -0.0350074  0.00127903  -0.286672  
0.00801771  -0.00781121  -0.000650773  -0.022158  0.0115563  -0.276708  
0.00835845  -0.00792424  -0.000565229  -0.0267462  0.00335769  -0.247585  
0.00843555  -0.00832068  -0.000531919  -0.0299827  0.0117711  -0.251012  
0.00801803  -0.00778194  -0.00051041  -0.0335865  0.0149885  -0.222451  
0.00776262  -0.00806216  -0.000722731  -0.0340915  -0.00956161  -0.219553  
0.00797573  -0.00799373  -0.000736031  -0.0375144  -0.0116566  -0.23239  
0.00811604  -0.00813524  -0.000578178  -0.0325222  -0.00876647  -0.223885  
0.00776159  -0.00792024  -0.000578418  -0.0358238  -0.0100344  -0.229793  
0.00739053  -0.00767653  -0.000608359  -0.0467429  -0.0145739  -0.218463  
0.0073737  -0.00741393  -0.000845286  -0.0484808  -0.00678648  -0.232292  
0.00720185  -0.00735271  -0.000664551  -0.047179  -0.00784062  -0.256808  
0.00705029  -0.00735667  -0.00080828  -0.0483866  -0.0020787  -0.249553  
0.00657015  -0.0074336  -0.000783192  -0.0476486  -0.00691465  -0.248421  
0.00630055  -0.00722913  -0.000795354  -0.0486057  -0.00185686  -0.232263  
0.00645143  -0.00744943  -0.00077236  -0.0486559  -0.0108091  -0.244729  
0.00605281  -0.0072889  -0.000970165  -0.0485392  -0.0212174  -0.25332  
0.00585704  -0.00736132  -0.00129324  -0.0486505  -0.0153441  -0.260756  
0.00590218  -0.00755653  -0.00125655  -0.0560108  -0.00856807  -0.215447  
0.00641244  -0.00763461  -0.0015618  -0.059201  -0.0194159  -0.181901  
0.00897706  -0.00794096  -0.00168235  -0.0611883  0.00621468  -0.211518  
0.00935365  -0.00783516  -0.00181471  -0.0671482  -0.00871925  -0.217985  
0.00910736  -0.00758003  -0.00186206  -0.0634107  -0.0297475  -0.224429  
0.00858136  -0.00753312  -0.00191379  -0.0654235  -0.0331546  -0.2219  
0.00804982  -0.00751015  -0.00204781  -0.0670576  -0.0186597  -0.227204  
0.00756332  -0.00759492  -0.00202401  -0.0603471  -0.00625065  -0.195718  
0.00726174  -0.00742996  -0.00212108  -0.063442  -0.0165065  -0.207381  
0.00694963  -0.00709772  -0.00201199  -0.0633817  -0.0224612  -0.216702  
0.00633531  -0.00704895  -0.00191835  -0.0633394  -0.00181868  -0.21957  
0.00649898  -0.00679929  -0.00198457  -0.0645292  -0.0111547  -0.222698  
0.00648723  -0.00709987  -0.00199717  -0.0643643  -0.0193379  -0.232289  
0.00662995  -0.00714976  -0.00202689  -0.0634531  -0.0366728  -0.242568  
0.00605015  -0.00705241  -0.00162217  -0.0643517  -0.00923064  -0.252912  
0.0057346  -0.00711693  -0.00149792  -0.0583158  -0.0171353  -0.25356  
0.00523843  -0.00687981  -0.00140707  -0.0592094  -0.0151333  -0.247715  
0.00522165  -0.00704269  -0.00142861  -0.0647088  -0.0198892  -0.239318  
0.00516969  -0.00706892  -0.00144289  -0.0673675  -0.0219511  -0.218385  
0.00446693  -0.00687743  -0.00153963  -0.0729016  -0.0260364  -0.217753  
0.00455075  -0.00710845  -0.00159869  -0.0661868  -0.0203704  -0.210844  
0.00470487  -0.00700555  -0.00161098  -0.0641882  -0.0199148  -0.223784  
0.00447666  -0.0065268  -0.00163493  -0.0693608  -0.0260665  -0.239604  
0.00421886  -0.00656372  -0.00168655  -0.073924  -0.0119418  -0.251486  
0.00424621  -0.00684314  -0.00163333  -0.0679386  -0.00936658  -0.240394  
0.00415225  -0.00658021  -0.00156194  -0.0757406  -0.0300158  -0.25381  
0.00435762  -0.00653193  -0.00170839  -0.0802265  -0.0250534  -0.257956  
0.00436077  -0.00686773  -0.00172838  -0.0726525  -0.0334804  -0.251966  
0.0043623  -0.00681926  -0.00182038  -0.0767834  -0.030173  -0.258944  
0.00416102  -0.00712486  -0.00174034  -0.0840755  0.00695697  -0.228322  
0.00442041  -0.00709969  -0.00186387  -0.0817626  -0.040708  -0.243309  
0.00519417  -0.00709317  -0.00194268  -0.0768683  -0.0330326  -0.25123  
0.00560514  -0.00765238  -0.00136016  -0.0749643  -0.0430687  -0.261132  
0.00569163  -0.0079401  -0.00131112  -0.0655561  -0.0170041  -0.276861  
0.00573659  -0.00785983  -0.00125494  -0.0683943  -0.022698  -0.274109  
0.00584659  -0.00813941  -0.00110233  -0.0679667  -0.0248291  -0.271393  
0.00608944  -0.00857156  -0.00123624  -0.0648862  -0.0177737  -0.283914  
0.00567021  -0.00843203  -0.00105165  -0.061675  -0.0125433  -0.258401  
0.00550084  -0.00830907  -0.000992519  -0.0601212  -0.0219621  -0.269052  
0.00542373  -0.00844735  -0.00101788  -0.0580438  -0.0192385  -0.277556  
0.00586849  -0.00846172  -0.00115846  -0.0636116  -0.0252824  -0.294086  
0.00574617  -0.00853072  -0.000931786  -0.0619168  -0.00911294  -0.288303  
0.00531435  -0.0087321  -0.00103661  -0.0679656  -0.0235053  -0.25748  
0.00559317  -0.00879812  -0.00123572  -0.0659836  -0.0311724  -0.292133  
0.00774667  -0.00936199  -0.00113528  -0.0690727  -0.0387039  -0.340026  
0.00718656  -0.00890602  -0.00141184  -0.0694397  -0.0329283  -0.31515  
0.00667623  -0.00829383  -0.0014617  -0.0748906  -0.0383795  -0.24785  
0.00693044  -0.00842302  -0.00140181  -0.0744216  -0.0384495  -0.304832  
0.00675174  -0.00869638  -0.00159437  -0.0745039  -0.0244916  -0.318987  
0.00659129  -0.00887048  -0.00177152  -0.0672792  -0.0312162  -0.307517  
0.00681624  -0.0092948  -0.00170084  -0.0597221  -0.0441813  -0.32471  
0.00661676  -0.00917937  -0.00172168  -0.0619389  -0.0269681  -0.355501  
0.00648389  -0.00933428  -0.00165668  -0.0625645  -0.0194915  -0.343776  
0.00649618  -0.00927828  -0.00157397  -0.0593982  -0.035763  -0.374277  
0.0068259  -0.00944881  -0.00161248  -0.0476893  -0.0501458  -0.371914  
0.00614577  -0.00972321  -0.00163096  -0.0434555  -0.0182201  -0.381028  
0.00608417  -0.00960392  -0.00134329  -0.0498647  -0.0300944  -0.376199  
0.00650356  -0.00950243  -0.00140289  -0.0507346  -0.0474678  -0.366269  
0.00616087  -0.00945056  -0.00115776  -0.0487078  -0.0245941  -0.35865  
0.00558443  -0.00883995  -0.00134396  -0.0508181  -0.0126336  -0.306593  
0.00510269  -0.00898723  -0.00134629  -0.0432349  -0.0351406  -0.326557  
0.00525543  -0.00888108  -0.00115292  -0.0432164  -0.0333659  -0.341913  
0.00512889  -0.00873781  -0.00111171  -0.0452207  -0.0286756  -0.350871  
0.00433933  -0.00835207  -0.00113148  -0.045563  -0.0102195  -0.254256  
0.00424259  -0.00831119  -0.000900051  -0.0429681  -0.022975  -0.264471  
0.00413983  -0.00799117  -0.000799241  -0.0375612  -0.0232286  -0.293531  
0.00329402  -0.00794607  -0.000701219  -0.0354689  -0.00137316  -0.273219  
0.00333715  -0.00812679  -0.000714845  -0.0336848  -0.00763182  -0.254559  
0.00361822  -0.00800595  -0.000442555  -0.0252722  -0.0219587  -0.24072  
0.00287242  -0.00768695  -0.000142878  -0.0251039  -0.00747053  -0.229227  
0.00266902  -0.0074977  -3.83023e-05  -0.00686102  0.00245965  -0.201639  
0.00257723  -0.00750936  -0.000141307  -0.00744389  -0.0124839  -0.214624  
0.00298408  -0.00750934  -1.84716e-05  -0.00994787  -0.0135479  -0.219375  
0.0022891  -0.00741841  -6.20705e-05  -0.00866824  -0.000215123  -0.21569  
0.00246645  -0.00749508  7.21808e-05  -0.0019827  -0.00567372  -0.208213  
0.00257973  -0.00719228  7.21809e-05  -0.00445986  -0.00807385  -0.21102  
0.00228552  -0.00724739  -0.000122876  -0.00955978  -0.00884786  -0.199068  
0.00138824  -0.00729715  7.21809e-05  -0.00423125  -0.00274133  -0.174297  
0.00126812  -0.00705498  0.000212852  -0.00609122  -0.0159708  -0.198111  
0.000152355  -0.00666608  0.000275529  -0.00191052  -0.054332  -0.213498  
-0.000118431  -0.00700196  0.000863898  -0.00566713  0.019257  -0.18232  
-0.000131906  -0.00707695  0.000224088  -0.00865968  -0.0467038  -0.173132  
-0.000152507  -0.00701137  0.000244891  -0.00843934  -0.0550594  -0.173536  
-0.000370683  -0.00691758  0.00032818  -0.0130076  -0.0491985  -0.196514  
-0.00138897  -0.0070844  0.000326703  -0.00839121  0.00713624  -0.169602  
-0.000536339  -0.00671957  0.000552672  -0.00182954  -0.0461824  -0.1632  
-0.000987759  -0.0067714  0.000843802  -0.001799  -0.0155793  -0.175924  
-0.00108376  -0.00673013  0.000492692  -0.0047277  0.0049421  -0.154074  
-0.00110757  -0.00679071  0.000742692  -0.00786092  -0.0195378  -0.152762  
-0.000877928  -0.00645895  0.000742693  -0.018541  -0.0309079  -0.181234  
-0.0010897  -0.00617214  0.000165645  -0.0218994  -0.00366252  -0.194408  
-0.000997377  -0.00649461  1.63427e-05  -0.0204108  -0.0516044  -0.168658  
0.000204172  -0.00707825  0.000789211  -0.00509558  -0.0427142  -0.15121  
0.000783797  -0.00674687  0.000841592  -0.00925427  -0.0239809  -0.18176  
4.85685e-05  -0.00664191  0.00107982  -0.00822247  0.0206635  -0.171469  
0.000400409  -0.00668815  0.0010129  -0.00903289  0.00902991  -0.157145  
0.00088782  -0.00636983  0.000596755  -0.00818632  -0.00865832  -0.194052  
0.000141459  -0.0063184  0.000346127  -0.00660812  0.0488624  -0.195515  
5.98385e-05  -0.00602048  0.000394007  -0.0123481  0.0377531  -0.182553  
0.000435519  -0.00615241  0.000764462  -0.0125409  -0.0189827  -0.219213  
0.000148716  -0.00613999  0.000837161  -0.0101683  0.0335871  -0.204512  
0.000725596  -0.00588718  0.000514462  -0.013162  -0.0318678  -0.211103  
0.00114826  -0.00566404  0.000425442  -0.0123675  -0.0200348  -0.23654  
0.000952853  -0.00575065  0.000674576  -0.00969113  0.00812369  -0.23629  
0.00109394  -0.00588235  0.000764462  -0.00927406  0.0142273  -0.2271  
0.00082672  -0.00565044  0.00083811  -0.0203153  0.0141107  -0.228069  
0.000377869  -0.0052891  0.000679098  -0.0102906  0.0141995  -0.234114  
-0.000631102  -0.00506136  0.000592508  -0.0201743  0.0313971  -0.212436  
-0.000470387  -0.00500662  0.000268283  -0.00928261  0.051361  -0.192274  
-0.000204858  -0.00493409  0.000280303  -0.00815989  0.0409048  -0.204735  
-8.01438e-05  -0.00472768  0.000182081  -0.013059  0.0325277  -0.234063  
-0.000310843  -0.00506948  0.00032431  -0.00963835  0.0484142  -0.229976  
1.43357e-05  -0.00508895  0.000514462  -0.0122436  0.0376272  -0.212779  
0.000730499  -0.00530893  0.000622303  -0.0124071  -0.0124317  -0.208968  
5.70713e-05  -0.00501827  0.000253856  -0.0201351  0.0477565  -0.22323  
6.33664e-05  -0.00511008  0.000514462  -0.0130086  0.0456267  -0.20666  
-0.000490553  -0.00527654  0.000758721  -0.0131574  -0.0210767  -0.216545  
0.0004215  -0.00497949  0.000651473  -0.020179  -0.00752533  -0.244227  
-0.000464423  -0.00518374  0.000248293  -0.0150643  0.0549321  -0.211723  
0.000505968  -0.00526608  0.000567461  -0.0114987  0.0120005  -0.215439  
0.000820781  -0.00507134  0.000432684  -0.011157  -0.0132772  -0.207136  
-0.0002656  -0.0052092  0.00036323  -0.00833701  0.0584327  -0.188278  
-0.000501183  -0.00519568  0.000891427  -0.00868183  -0.0169672  -0.171445  
-0.000267315  -0.00494694  0.000864313  -0.0201534  -0.0175855  -0.216918  
-9.68808e-06  -0.00511701  0.000400757  -0.0101004  0.0539807  -0.180482  
0.000589751  -0.00521306  0.000583018  -0.0021064  -0.0506104  -0.182756  
0.00040589  -0.00504436  0.000923083  -0.0102653  -0.00151241  -0.18853  
-0.00111631  -0.00493146  0.000509796  -0.0097139  -0.0215477  -0.169638  
-0.000123898  -0.00453908  0.0001594  -0.00970724  -0.0536274  -0.20416  
-0.00108933  -0.0045081  8.78474e-05  -0.0137864  0.025476  -0.194814  
-0.000776079  -0.00446765  8.78474e-05  -0.0145592  -0.0120866  -0.194896  
1.22582e-06  -0.00390974  -7.05973e-05  -0.0295086  -0.0499925  -0.206355  
-0.00115989  -0.00400607  -0.000344294  -0.0294932  -0.00152757  -0.202332  
-0.00138142  -0.00401954  -0.000501891  -0.0184355  -0.0119901  -0.143709  
-0.00076487  -0.00351535  -0.000693383  -0.0199878  -0.0210887  -0.188774  
-0.000952238  -0.00398964  -0.000474207  -0.0150017  0.0217196  -0.180525  
-0.00167612  -0.00424472  -0.000415322  -0.0133174  0.0153085  -0.152312  
-0.00121606  -0.00460267  -0.000242913  -0.0146043  0.00521085  -0.142726  
-0.00147201  -0.00412308  -0.000223085  -0.0165714  -0.00947222  -0.164638  
-0.00136701  -0.00434634  -1.54816e-05  -0.0211116  0.0107688  -0.151184  
-0.00154585  -0.00457712  -0.000312953  -0.0141517  -0.00472799  -0.13468  
-0.00096636  -0.00446143  -0.000506316  -0.0152627  -0.033575  -0.170103  
-0.00143558  -0.00424836  -0.000406382  -0.0220117  0.00739246  -0.165576  
-0.00150411  -0.00408433  -0.000579682  -0.0219727  -0.00372072  -0.147533  
-0.000383876  -0.00411516  -0.00101921  -0.0178641  -0.0149637  -0.171455  
6.3521e-05  -0.00392614  -0.000997142  -0.0216606  -0.0402344  -0.193397  
-0.000952661  -0.00353896  -0.00100644  -0.0237725  0.0176619  -0.167424  
-0.00117751  -0.00378255  -0.000924842  -0.0214893  -0.00668695  -0.132153  
-0.000462588  -0.00376404  -0.0010041  -0.0257491  -0.0371641  -0.151434  
-0.000659148  -0.00378523  -0.0013162  -0.0248625  -0.00729282  -0.144638  
-0.00119801  -0.0037788  -0.00118277  -0.0160236  -0.0198734  -0.118748  
0.00010658  -0.00362611  -0.00106351  -0.0196478  -0.0271813  -0.162628  
-0.00135412  -0.00392243  -0.00100341  -0.0145355  0.00924049  -0.131372  
-0.000742554  -0.00384706  -0.0011794  -0.0182562  -0.0211373  -0.13402  
-0.000994585  -0.00359049  -0.00108352  -0.0208061  -0.026338  -0.155106  
-0.00167555  -0.0037557  -0.000717583  -0.0246633  -0.00683641  -0.108985  
-0.000801207  -0.00371591  -0.00105164  -0.0194802  -0.0363384  -0.135225  
-0.000120711  -0.00298672  -0.00114743  -0.0263821  -0.0252359  -0.168822  
-0.000208201  -0.00316162  -0.00117137  -0.0340493  -0.00028695  -0.171747  
-9.32701e-05  -0.00296147  -0.00130791  -0.0368325  -0.0190029  -0.179709  
0.000551312  -0.00284065  -0.00132155  -0.0291657  -0.0226696  -0.195859  
0.000257179  -0.00335873  -0.00128005  -0.0207695  0.00868117  -0.192139  
0.000327417  -0.00328114  -0.00125505  -0.0264561  0.0172798  -0.168993  
-0.000295148  -0.00301746  -0.00125779  -0.0264222  -0.0160581  -0.17807  
-0.000190488  -0.00273113  -0.00120954  -0.0276219  -0.038116  -0.208286  
-0.000950698  -0.00290985  -0.00122674  -0.0257307  -0.0034725  -0.194178  
-0.00109006  -0.00315728  -0.00111817  -0.0268726  -0.0100667  -0.18605  
0.00013759  -0.00288438  -0.00125015  -0.0290804  -0.0217467  -0.207748  
-0.000350071  -0.00296291  -0.000577592  -0.0252212  -0.0484298  -0.214529  
-0.000767755  -0.00314108  -0.00100734  -0.0213452  -0.00473786  -0.189033  
-0.000375639  -0.00286094  -0.00116631  -0.021333  -0.0169862  -0.203346  
-0.000364293  -0.00281278  -0.00106043  -0.01356  -0.0128413  -0.205131  
-0.000118992  -0.00272544  -0.00105052  -0.0176646  0.00295868  -0.222911  
-0.000535334  -0.00299066  -0.00102722  -0.0173327  0.0121508  -0.178  
-0.000364065  -0.00321727  -0.000919794  -0.0190348  -0.022029  -0.182218  
0.000303699  -0.00300343  -0.000313857  -0.0229636  -0.0508365  -0.201757  
-0.000496642  -0.00290157  -0.000783946  -0.0190048  0.0311641  -0.201667  
0.000835975  -0.00339277  -6.85142e-05  -0.0098986  -0.0111562  -0.201684  
0.00148929  -0.00349199  0.000358271  -0.00338234  -0.0189066  -0.240231  
0.00145294  -0.00377321  0.00028861  -0.00193156  0.014607  -0.203568  
0.00170398  -0.00394846  0.000316069  0.00368161  -0.000789779  -0.184134  
0.00182039  -0.00371519  0.000382167  0.003804  -0.0160465  -0.2129  
0.00164815  -0.00388534  0.000473447  0.000636405  0.012757  -0.218415  
0.0022231  -0.00404946  0.000473447  0.0106309  -0.0128456  -0.222835  
0.00225281  -0.00401668  0.000796395  0.0131769  -0.0172186  -0.251919  
0.00191002  -0.00389325  0.000723447  0.00748549  0.00608881  -0.261609  
0.00182511  -0.00371595  0.000723448  0.00818886  -0.00453788  -0.28561  
0.00231776  -0.0038529  0.000618484  0.00879177  -0.0206297  -0.302962  
0.00205167  -0.0042289  0.000845258  0.0146219  0.0230902  -0.290329  
0.00223154  -0.00439388  0.000782247  0.0145694  -0.00272571  -0.255801  
0.00281322  -0.0044036  0.000825656  0.0145243  -0.0223546  -0.27753  
0.00233517  -0.00444069  0.000805367  0.0145659  0.00106201  -0.271682  
0.00218628  -0.00419407  0.000888354  0.0146103  0.00630448  -0.234027  
0.00221794  -0.00514506  0.000897048  0.00159565  0.0215336  -0.0851112  
0.00359073  -0.00490951  0.00126854  -0.000607826  0.0554459  -0.0517248  
0.00645536  -0.00392824  0.0022952  0.0109528  0.0134248  -0.0808562  
0.00528792  -0.00418723  0.00243178  0.00925699  0.00352322  -0.11936  
0.00463436  -0.00441243  0.00227032  0.0189327  0.0418858  -0.0916393  
0.00505909  -0.00412707  0.00220575  0.0190435  0.00883324  -0.0685488  
0.00431314  -0.00399658  0.00233316  0.0169103  0.0476506  -0.0721623  
0.0044893  -0.00338017  0.00227854  0.0176568  0.0301367  -0.0911331  
0.00469517  -0.00321641  0.00229088  0.0230122  -0.00166689  -0.119059  
0.00395872  -0.00315514  0.00225188  0.0216899  0.0248329  -0.101308  
0.00392902  -0.00298054  0.00235099  0.0177212  0.0148003  -0.0935869  
0.00384545  -0.00320543  0.00209083  0.0207216  0.00602383  -0.0947817  
0.00366794  -0.0033331  0.00219248  0.0241952  0.0266879  -0.0616258  
0.00383658  -0.00341913  0.00218708  0.0184791  0.0120305  -0.0674339  
0.00345896  -0.00384384  0.0019981  0.0202641  0.000667314  -0.0896054  
0.00314556  -0.00363809  0.00202396  0.0184191  0.0209311  -0.0722737  
0.00336316  -0.00395668  0.00203706  0.0115043  0.0168611  -0.0256083  
0.00286139  -0.00430789  0.0020491  0.00733943  0.011703  -0.0184771  
0.00231099  -0.0042411  0.0020341  0.014788  0.0385558  0.0396059  
0.00280413  -0.00408428  0.00206824  0.00433264  0.00698614  0.0113426  
0.00185587  -0.00429849  0.00217888  0.0172246  0.0479605  0.0550411  
0.00248205  -0.00437602  0.00232738  0.0144961  0.00760907  0.0371497  
0.00199413  -0.00438785  0.00236416  0.00769775  0.028052  0.0428551  
0.00194997  -0.00445195  0.00248972  0.0188264  0.0405134  0.0661361  
0.00239954  -0.00455798  0.00247861  0.0243659  0.0246097  0.0556517  
0.00153434  -0.00496139  0.00247  0.0220063  0.0303717  0.0465492  
0.00141705  -0.00493887  0.00251923  0.0217577  0.0292848  0.062153  
0.00174071  -0.00485464  0.00252861  0.0222216  0.0193972  0.0553054  
0.00159821  -0.00484522  0.00266963  0.0144539  0.0138235  0.00981457  
0.00106025  -0.00457324  0.00264275  0.0176853  0.0437239  0.0714039  
0.00149461  -0.00440661  0.00249804  0.021621  0.0057542  0.0802107  
0.00175503  -0.00416083  0.00247841  0.022523  0.0329098  0.0686319  
0.00150095  -0.00423472  0.00252663  0.0330699  0.0275584  0.0819494  
0.00208305  -0.00421272  0.00261371  0.0233332  0.00110924  0.0574456  
0.00212869  -0.00411399  0.00271094  0.0213105  0.0499842  0.055111  
0.00237604  -0.00403929  0.0026006  0.0209422  0.0204213  0.0639717  
0.00268468  -0.00391948  0.002589  0.0127703  0.0195608  0.0419715  
0.00197243  -0.00415313  0.00242804  0.021416  0.0334466  0.0642752  
0.00299928  -0.00393786  0.00243635  0.0185275  0.00859645  0.0293163  
0.00205837  -0.0040545  0.00253  0.0122026  0.041376  0.0467785  
0.00219541  -0.00378498  0.00237494  0.0131278  0.0200208  0.0493196  
0.00263783  -0.00347588  0.00220489  0.00611562  -0.00163456  0.014314  
0.00227241  -0.00366725  0.00214318  0.0108132  0.0336251  0.0372303  
0.00311928  -0.00368216  0.00191992  0.0085224  0.008344  0.00797435  
0.00297983  -0.0034188  0.00172685  0.00700094  0.015207  0.00724264  
0.00298722  -0.00350053  0.00172263  0.00961668  0.0317032  0.0105265  
0.00275418  -0.00364162  0.00171618  0.00818402  0.012208  0.0274023  
0.00328597  -0.00374185  0.00167585  0.0108996  0.0157469  0.00482695  
0.00242462  -0.00375521  0.00184732  0.0153991  0.0470113  0.0386924  
0.00245565  -0.00383695  0.00178133  0.0112787  0.022594  0.0416697  
0.00315236  -0.0039044  0.00152847  0.00950287  0.012999  0.0271991  
0.0026636  -0.00383306  0.00183039  0.0112555  0.044822  0.0487921  
0.00254079  -0.00373435  0.00169989  0.0153685  0.0325822  0.0446748  
0.00286211  -0.00364404  0.00168717  0.0153555  0.0198758  0.056503  
0.00267645  -0.00354559  0.00164539  0.0243979  0.0340167  0.0484638  
0.00304324  -0.00372519  0.00142224  0.0317955  0.027827  0.0756521  
0.00337883  -0.00351717  0.0015268  0.0261769  0.00611772  0.0854515  
0.00350461  -0.00331786  0.00167598  0.029678  0.0251162  0.0960782  
0.0034212  -0.00319374  0.00165766  0.0279465  0.0144541  0.130452  
0.00376692  -0.00310505  0.00192711  0.0211556  0.00346663  0.109275  
0.00294397  -0.00276863  0.00166581  0.0286163  0.0376527  0.138665  
0.00366395  -0.0032079  0.00179344  0.0283102  0.0138464  0.133023  
0.00328641  -0.00339637  0.00166314  0.0315022  0.0209806  0.134285  
0.00316473  -0.00325696  0.00185884  0.0361503  0.0236641  0.148621  
0.00377396  -0.00313355  0.00179544  0.0307105  0.00385185  0.123046  
0.00335727  -0.00300095  0.00164882  0.0404522  0.0383505  0.151468  
0.00330424  -0.0030583  0.00161151  0.0418205  0.0013556  0.155515  
0.0032213  -0.00291751  0.00169779  0.0441923  0.0195417  0.143775  
0.00237067  -0.00243686  0.00201821  0.0366392  0.0232247  0.18244  
0.00301228  -0.00279626  0.00188235  0.0378651  0.0106484  0.160074  
0.00329888  -0.00292128  0.00162754  0.0429799  0.0167064  0.152965  
0.0023331  -0.00240585  0.00177148  0.0423516  0.0276988  0.198707  
0.00322331  -0.00277418  0.00157644  0.0465372  0.0114992  0.163448  
0.00304229  -0.00271425  0.00186427  0.0484074  0.0329198  0.179698  
0.0026436  -0.00204254  0.00204198  0.0548105  0.0228546  0.240957  
0.0031663  -0.00246522  0.00204155  0.057547  0.0178378  0.23843  
0.00363794  -0.00257887  0.00208142  0.0568295  0.00988591  0.230869  
0.00251487  -0.00211841  0.00229253  0.0503138  0.0328304  0.274419  
0.00356857  -0.00261873  0.00209333  0.0484141  -0.00840844  0.236809  
0.00301914  -0.00267367  0.00219158  0.0566178  0.0200338  0.231403  
0.00237185  -0.00203021  0.00220637  0.050387  0.00214759  0.25738  
0.00324688  -0.00227023  0.0021616  0.0472733  -0.01481  0.230568  
0.00280709  -0.00196289  0.00213228  0.0462725  0.00394252  0.226112  
0.00249436  -0.00155531  0.00196292  0.0579795  0.00687064  0.22602  
0.00319551  -0.00205218  0.00184469  0.061924  -0.00301805  0.213649  
0.00355925  -0.00189098  0.00163769  0.0667391  -0.00293812  0.197113  
0.00245687  -0.00130746  0.00216449  0.0639632  0.0185783  0.232694  
0.00351966  -0.00168609  0.00224615  0.0705883  0.0152532  0.215553  
0.00364996  -0.00158155  0.00235673  0.0644559  0.0187555  0.211155  
0.00252331  -0.00112674  0.00257477  0.059978  0.0233686  0.252396  
0.00258199  -0.00105916  0.00266848  0.0514174  0.0186203  0.267469  
0.00242239  -0.00116015  0.0023747  0.0654253  0.034273  0.274278  
0.00469969  -0.00192518  0.00214401  0.0586721  -0.0174169  0.19499  
0.00695743  -0.00201432  0.00194812  0.0580194  0.0200173  0.119911  
0.00697504  -0.00174159  0.00156385  0.0743557  -0.00156384  0.0991468  
0.00777364  -0.00197009  0.00146961  0.0770962  -0.00290684  0.076063  
0.00713784  -0.00222847  0.00170303  0.0853405  0.00993512  0.0941657  
0.00675113  -0.00222701  0.00171778  0.0807235  0.0150415  0.134506  
0.00692596  -0.00201496  0.00200036  0.0646093  0.00559144  0.132223  
0.00670569  -0.00175214  0.00178371  0.0746591  0.0309803  0.167528  
0.00698333  -0.00198046  0.00195327  0.0722079  0.00433888  0.155797  
0.00675344  -0.00207309  0.00213735  0.069425  0.0109652  0.166526  
0.00653422  -0.00168428  0.00204243  0.0693407  0.0134053  0.188896  
0.00646342  -0.00180875  0.00211222  0.0649249  -0.00941029  0.174693  
0.00605825  -0.00161687  0.00213956  0.066254  0.0230061  0.197289  
0.00658653  -0.00182824  0.0021925  0.060064  0.0124173  0.196711  
0.00654819  -0.0018117  0.00233313  0.0625128  0.00432525  0.197859  
0.00613582  -0.00197384  0.00226178  0.0583592  0.0192929  0.213253  
0.00606551  -0.00195731  0.00249837  0.0382816  0.0132413  0.227015  
0.00632714  -0.00190404  0.00240226  0.0414265  -0.00353532  0.195231  
0.00615778  -0.00178514  0.00251764  0.041232  0.0221872  0.201529  
0.00562822  -0.00161828  0.00252639  0.0438003  0.0166976  0.227907  
0.00581898  -0.00169782  0.00240562  0.034372  0.00697775  0.203257  
0.00532088  -0.000969961  0.00259505  0.0177123  0.012817  0.215001  
0.00471162  -0.000969961  0.00253246  0.0218739  0.00820501  0.230503  
0.00418303  -0.000636624  0.00242951  0.0128381  0.00739827  0.207482  
0.00463187  -0.00129082  0.00233189  0.0132163  0.017473  0.180695  
0.00356495  -0.00115409  0.00223449  0.00522912  0.00829783  0.19507  
0.00195597  -0.000867921  0.00234937  0.00522824  0.00480456  0.220469  
0.0017365  -0.000707437  0.00234765  0.000389511  -0.0124371  0.214833  
0.00143063  -0.000489394  0.0023402  -0.00185559  0.00590715  0.21933  
0.00132254  -0.000292362  0.00234197  0.00424379  0.00826911  0.263143  
0.00130167  -0.000542361  0.00232338  0.00658571  -0.0231157  0.244409  
0.00122315  -0.000437517  0.00234273  0.00604911  0.0173052  0.228108  
0.00104243  -0.000245338  0.00232196  0.00664571  0.00685435  0.246266  
0.00122315  -0.000542361  0.00244271  0.0112335  0.00420512  0.241217  
0.00109289  -0.000250704  0.00231066  0.00417889  0.0124954  0.242899  
0.000999951  -0.000109621  0.00248655  0.00263273  0.012477  0.257471  
0.00113702  -0.000189404  0.00240694  -0.00252497  -0.00572399  0.254228  
0.00102965  -0.000102424  0.00246978  -0.0148085  -0.00886613  0.245917  
0.000866728  -0.000157173  0.00250703  -0.0100165  0.00424521  0.251413  
0.000607462  -0.000245554  0.00247698  -0.00909171  -0.00580318  0.262218  
0.00113702  -0.000313106  0.00234601  -0.0184118  -0.021934  0.258135  
0.000709929  -0.000112451  0.00237427  -0.00368304  -0.0102552  0.26205  
0.000391818  -0.000718183  0.00215071  0.000376634  -0.00586862  0.288025  
0.00151128  -0.000542361  0.00225584  0.00247958  -0.00898553  0.261937  
0.000999045  0.000867527  0.00202856  0.00363592  0.0300248  0.219115  
0.000973646  0.000383842  0.002121  0.0187968  0.00250419  0.22027  
0.00179875  0.00105242  0.0020174  0.0106206  -0.00597115  0.217514  
0.00210728  0.0013496  0.00193319  0.0160155  0.0126887  0.211037  
0.001997  0.00126903  0.00200617  0.0145295  0.00269145  0.218939  
0.00206786  0.0015188  0.00182399  0.00824653  -0.00619726  0.20449  
0.00225535  0.00163701  0.00177771  0.00401868  -0.0158912  0.18174  
0.00179875  0.00189016  0.00165487  0.023428  0.0189298  0.162291  
0.00317303  0.00244853  0.00122755  0.0182435  0.00910325  0.139992  
0.00237155  0.00253557  0.00126206  0.0216929  -0.0122255  0.159488  
0.0028902  0.00270086  0.00118953  0.0240178  0.00308215  0.141315  
0.00229455  0.00258618  0.00129544  0.031206  0.00735431  0.164622  
0.00337851  0.00268613  0.0010869  0.0332267  0.00634278  0.155646  
0.0027026  0.00264125  0.00114127  0.0272259  0.000932896  0.174418  
0.00211889  0.00247684  0.00119667  0.0360521  0.00376731  0.197739  
0.00247341  0.00284086  0.00124745  0.0289154  0.00162241  0.209785  
0.00233104  0.00265322  0.00136996  0.0425938  -0.0186851  0.219562  
0.00233218  0.00267796  0.00149844  0.0425631  0.00384839  0.211865  
0.00210414  0.0024186  0.00171784  0.0392681  0.0100675  0.240588  
0.00181002  0.00236662  0.00184668  0.041133  -0.011606  0.245907  
0.00197126  0.00244327  0.0017198  0.0387907  -0.011578  0.245695  
0.00209174  0.00237232  0.00180093  0.0340097  0.00496397  0.23147  
0.00191781  0.00249178  0.00200923  0.0346832  0.0206328  0.238493  
0.00191444  0.00249819  0.00202724  0.0319129  -0.000110856  0.241611  
0.00227704  0.00243152  0.00195233  0.0330243  0.00499042  0.221427  
0.0021189  0.00253237  0.00168686  0.0387029  -0.00230131  0.227395  
0.00183709  0.00291669  0.00173584  0.0316781  -0.00563097  0.227524  
0.00195018  0.00273455  0.00182238  0.0293158  -0.0158965  0.230245  
0.00208674  0.00241886  0.00171969  0.0333818  0.00496041  0.2231  
0.00154352  0.00245588  0.00171697  0.0400985  0.0120305  0.255826  
0.00167138  0.00253398  0.00189434  0.0330764  -0.00886676  0.244289  
0.00129111  0.00259628  0.00185254  0.035027  0.0209709  0.249635  
0.000796807  0.00267422  0.00186967  0.0359819  0.0172543  0.257773  
0.00121681  0.00257026  0.00196677  0.0334723  -0.00843702  0.247491  
0.00136063  0.00263841  0.00199305  0.0367609  0.00653261  0.240022  
0.000863173  0.00267316  0.0019853  0.0317597  0.00479716  0.264895  
0.000784752  0.00259154  0.00188611  0.0232205  -0.020388  0.248674  
0.000226146  0.0027938  0.00152503  0.0253566  -0.0268019  0.228473  
-0.000127421  0.00309054  0.00168069  0.0320849  0.0147436  0.258281  
-0.000133455  0.00289688  0.00174903  0.0329971  -0.0224379  0.269198  
6.18607e-05  0.00273804  0.0018434  0.0299744  -0.00828213  0.232432  
0.000495906  0.00285738  0.00169776  0.0336088  0.0152455  0.217184  
0.000644841  0.00273913  0.0016531  0.0355857  0.0173064  0.228923  
0.000770622  0.0024592  0.00176308  0.0379821  -0.00518546  0.226565  
0.0006841  0.00238842  0.00192256  0.0358943  -0.00821084  0.22203  
0.000555846  0.00276065  0.0019466  0.0347973  0.0152081  0.235604  
0.00073733  0.00284257  0.00201062  0.0416711  0.0252635  0.227263  
0.000998382  0.0027541  0.00183522  0.0352459  0.0153295  0.227672  
0.00097742  0.00254672  0.00189598  0.0296452  -0.00687845  0.233754  
0.00110828  0.00236446  0.00197005  0.0281994  -0.0163454  0.234007  
0.000522695  0.00233105  0.00206514  0.0340268  0.00569079  0.234364  
0.00040416  0.00265241  0.00206101  0.0368732  0.00537654  0.259175  
0.00114234  0.00246389  0.00185602  0.0453019  -0.0102824  0.259195  
0.000809845  0.00259296  0.00198072  0.0415991  0.0155301  0.250152  
0.000834191  0.00264176  0.0018449  0.042936  0.0086701  0.256921  
0.00117915  0.00259161  0.00181727  0.0516845  -0.0203942  0.243584  
0.000866543  0.00271974  0.0018585  0.0417913  0.00992105  0.262063  
0.000809715  0.00268729  0.00197774  0.0493207  0.00500429  0.266532  
0.000898341  0.00249784  0.0019056  0.0476905  -0.0174527  0.250337  
0.0011281  0.00265738  0.00184591  0.0526387  0.0216171  0.277549  
0.00129005  0.00277705  0.00181471  0.0475018  -0.00820365  0.253196  
0.00140013  0.00280583  0.00175399  0.0431493  -0.0199587  0.228632  
0.000786074  0.00276134  0.00174906  0.0424666  0.0129805  0.233024  
0.000829096  0.00263838  0.00168258  0.0540476  0.00710969  0.222917  
0.000817353  0.00275523  0.00138659  0.0550506  -0.00157959  0.169915  
0.00114164  0.00260372  0.00135005  0.0556217  -0.0237104  0.144479  
0.000603414  0.00297864  0.00136849  0.0485778  0.0248186  0.164713  
0.000690527  0.00288402  0.00126357  0.0475522  0.000748316  0.14865  
0.00149894  0.00323716  0.00118289  0.0401545  -0.00167078  0.116397  
0.000740602  0.00310931  0.00150179  0.0244315  0.00302195  0.142285  
0.000967365  0.00309304  0.00135431  0.0400023  0.0157702  0.147246  
0.00369923  0.00343984  0.000952232  0.0459982  -0.0237709  0.0871001  
0.00338884  0.00368838  0.000984951  0.0503141  0.0111651  0.0940789  
0.00275654  0.00378664  0.000959578  0.0460265  0.00961348  0.125942  
0.00317994  0.0037054  0.00106678  0.0438394  0.00782344  0.112629  
0.00368735  0.00327873  0.00118774  0.0454483  0.00264125  0.101308  
0.00285894  0.00356589  0.00108685  0.0472141  0.0234225  0.143294  
0.00294879  0.00369483  0.00117932  0.0390946  0.0126353  0.136819  
0.00373109  0.00354812  0.00126886  0.0444205  -0.00175209  0.101917  
0.00334609  0.00374763  0.00110272  0.048438  0.0193722  0.108567  
0.00326087  0.00354006  0.000928222  0.0491253  0.00116278  0.0933875  
0.00361511  0.00335175  0.000923283  0.039697  -0.00392054  0.077562  
0.00390159  0.00351895  0.000555389  0.0444937  -0.0176072  0.0494093  
0.00395422  0.00355242  0.000548302  0.0528619  -0.0124931  0.0280831  
0.00413733  0.00364816  0.000383507  0.0494521  -0.0175136  0.0310643  
0.00425775  0.00373807  0.00085786  0.0464955  -0.0179802  0.037729  
0.00407777  0.00382843  0.000773965  0.0539569  -0.00518969  0.0447543  
0.00462115  0.00357604  0.00107775  0.053093  0.00288304  0.0129471  
0.00449714  0.00362598  0.000792307  0.0574436  0.0143484  0.0310411  
0.00453368  0.00352236  0.00109174  0.047487  0.00290498  0.0251335  
0.00494403  0.00329509  0.00107671  0.0472302  -0.0030443  0.00926395  
0.0046868  0.00332631  0.000842671  0.0544854  0.0154242  0.0178017  
0.00476256  0.00328145  0.000823427  0.047372  0.00847156  0.0284288  
0.00492594  0.00297831  0.000954335  0.0348546  -0.0120731  0.0163736  
0.00509704  0.00308597  0.00113238  0.035324  -0.00831779  0.0172911  
0.00425359  0.0031411  0.000832127  0.0486178  0.0241594  0.116577  
0.00435931  0.00337694  0.00082965  0.0374966  -0.010548  0.0817102  
0.00414368  0.00334855  0.000954422  0.0372603  -0.00760926  0.0664798  
0.00425953  0.00342786  0.000936043  0.0373276  -0.00470507  0.0330436  
0.00410039  0.00353184  0.000812091  0.0429136  0.0240269  0.0163374  
0.00405607  0.00396782  0.000831889  0.0390318  0.0226808  0.0340602  
0.0042219  0.00396222  0.000742591  0.0374015  0.0112735  0.0196906  
0.00446817  0.00374921  0.000669977  0.0384237  -0.00225281  0.0120602  
0.00395152  0.00392081  0.000554985  0.0360052  0.0100502  -0.0150481  
0.00360986  0.00445029  0.000383507  0.036469  0.0038682  0.0272133  
0.00349766  0.004028  0.000383507  0.032712  0.0105793  0.0407032  
0.00367317  0.00434663  5.40076e-05  0.0291126  -0.0134308  -0.00596699  
0.00399811  0.00349405  -9.56101e-05  0.0361739  -0.00713577  0.0208493  
0.00368902  0.00139365  -9.56101e-05  0.0659198  0.000970702  0.0385101  
0.00367311  0.00287353  2.20973e-05  0.0275506  -0.0126779  0.0532822  
0.00423052  0.00259169  0.000128714  0.0192203  -0.00987821  0.0366765  
0.00392992  0.00254759  7.93019e-05  0.0231503  -0.00103364  0.0578856  
0.00254136  0.00312298  0.000261775  0.0139406  0.0164413  0.110845  
0.00260269  0.00280675  0.000363714  0.0141561  -0.00161747  0.123204  
0.00225307  0.00274295  0.000427565  0.0137163  0.0120962  0.109535  
0.00197397  0.00270146  0.000480128  0.0220921  0.0185673  0.107405  
0.0023097  0.00264165  0.000218413  0.0253227  -0.00656321  0.10552  
0.0032511  0.0026974  0.000141988  0.0220803  -0.0089376  0.0413896  
0.00333554  0.00333639  0.000118946  0.0347393  0.0178959  0.0248187  
0.00313806  0.00355886  9.56715e-05  0.0349706  -0.00976204  0.0503962  
0.0034148  0.00327474  7.23946e-05  0.0371753  -0.0161926  0.0275837  
0.00281277  0.00311021  -8.18928e-05  0.0391109  0.0033966  0.0510245  
0.00258433  0.00319445  9.74201e-05  0.0320243  0.00998146  0.0733414  
0.00260242  0.00355174  0.000294059  0.0229555  -0.00123681  0.0829248  
0.00330169  0.00391288  0.00026736  0.0167197  -0.0161569  0.0283567  
0.00268589  0.00362998  1.9916e-05  0.0100397  0.0105392  0.00142348  
0.00268002  0.00322177  0.000259456  -0.000131326  0.0114558  0.0142426  
0.00236429  0.00284406  -1.188e-05  -0.0123516  -0.0125032  -0.00463893  
0.00209085  0.00216865  -0.000601156  -0.0249149  0.00724851  -0.0401762  
-0.00217767  0.00170873  -0.00103225  -0.0334482  -0.00360269  -0.0390472  
-0.00212464  0.00184434  -0.00103538  -0.0317123  -0.012844  -0.0444071  
-0.002458  0.00109702  -0.00125113  -0.0409445  -0.020118  -0.0708963  
-0.00260051  0.00161217  -0.00109288  -0.0388883  -0.00838021  -0.0691863  
-0.00264347  0.00170493  -0.000891648  -0.0354095  -0.0162516  -0.0589476  
-0.00260339  0.00182653  -0.00102721  -0.0456911  -0.014546  -0.0532243  
-0.00229863  0.00307786  -0.00038856  -0.0538161  0.000225283  -0.0162982  
-0.00254472  0.00311919  1.07913e-05  -0.0427426  0.0129944  0.0403991  
-0.00231687  0.00285069  5.10406e-05  -0.0322799  -0.0207912  0.0531659  
-0.00266838  0.0023462  -0.000291482  -0.0358938  -0.00608588  0.0292591  
-0.00247366  0.00256363  -0.000178328  -0.034189  0.0157839  0.0541126  
-0.00225854  0.00251612  -2.77563e-07  -0.0377859  -0.00614692  0.0437444  
-0.00281215  0.00258517  -3.5746e-05  -0.0353677  0.00764768  0.0320279  
-0.00294624  0.00241769  -0.000327903  -0.0393682  0.0162007  0.0484206  
-0.00288748  0.00248829  -0.000142288  -0.0400465  0.00206739  0.0388816  
-0.00289664  0.00256211  -0.000142288  -0.0395454  -0.00268096  0.00834955  
-0.00308556  0.0027235  -0.000434596  -0.0394628  0.0340185  0.0462025  
-0.00272854  0.00262634  -0.000142288  -0.0405794  -0.00312105  0.0529853  
-0.00299911  0.00258216  -0.000408698  -0.0458878  0.00437085  0.0348395  
-0.00317643  0.00256253  -0.000196515  -0.0508706  0.00987391  0.0582939  
-0.00298311  0.00286406  -0.000245092  -0.0482561  0.00636778  0.039941  
-0.00310474  0.00285652  -0.000194555  -0.043318  0.0194752  0.0202579  
-0.00319301  0.00280028  -0.000320446  -0.0355796  0.039108  0.0692982  
-0.00267872  0.00284095  -0.00058368  -0.0352833  -0.0011939  0.0566515  
-0.00296009  0.00308229  -0.000308339  -0.0319361  0.0320327  0.0727551  
-0.00239344  0.00305977  5.45589e-05  -0.0179073  0.0249301  0.107773  
-0.00192177  0.00320773  -0.000142288  -0.0166594  -0.0188306  0.0753086  
-0.00182501  0.00365517  -0.000219431  -0.00889409  0.00354267  0.0391724  
0.0016756  0.00340476  -0.000142288  -0.00566414  0.00570482  0.0306952  
0.000241489  0.00366048  -4.07429e-05  0.00424352  -0.0677697  0.0148719  
-0.000140493  0.003626  -2.76435e-05  -0.00448367  -0.0459234  0.0168793  
-0.000669859  0.00328501  -4.42604e-05  0.00839159  -0.038497  0.0770581  
-0.00140752  0.00332844  -8.20346e-05  0.0100897  0.000686267  0.075417  
-0.000342607  0.00334202  -0.0008315  0.00791873  0.0107975  0.0640685  
-0.000475521  0.00300019  -3.66365e-05  0.00684383  0.0563527  0.0702688  
-0.00147577  0.00297694  -1.89381e-05  0.0113895  0.0330443  0.079603  
-0.00124152  0.00295576  2.84276e-05  0.0114322  0.0120932  0.0703512  
0.000300195  0.00261261  -0.000746737  0.00559379  0.0156187  0.0772583  
0.000196247  0.000903615  -0.00122023  0.0152762  0.0181801  0.110657  
-0.000216036  0.000771035  -4.27233e-05  0.0455791  0.0434894  0.100598  
-0.000123645  0.00050405  5.96422e-05  0.0413665  0.0462023  0.112524  
-0.000425525  0.00235439  -0.000514927  -0.0150141  -0.0369711  0.0816494  
-0.000269415  0.00172052  0.00116862  -0.00367  0.0157977  0.100622  
-0.000240806  0.00153724  0.00134465  0.00233616  0.0297218  0.131591  
-0.000155746  0.000291483  0.000183157  0.030815  0.0506057  0.105946  
-0.000338711  0.00209617  0.000124802  -0.0094294  0.0432371  0.0692042  
-0.000398947  0.000493667  2.92884e-05  0.0282257  0.0552746  0.0859744  
-0.000474396  0.00234666  0.000183157  -0.00979218  0.0488748  0.062779  
-0.00180449  0.00236255  1.72271e-06  -0.0119368  -0.00280245  0.0339134  
-0.00227775  0.00248134  -0.000224758  -0.0121311  -0.0211196  0.0232813  
-0.00225443  0.00223504  -6.39685e-05  -0.0141344  -0.0141751  0.0190724  
-0.00147739  0.0022281  -0.000125197  -0.010261  -0.00468117  0.0680337  
-0.000744773  0.00220499  0.000663019  -0.016049  -0.0298252  0.070551  
-0.00175431  0.00248289  -0.000435435  -0.0275445  -0.0209393  0.0267981  
-0.00176056  0.00256106  6.77522e-05  -0.0264154  0.0149508  0.0633405  
-0.00213618  0.00273313  0.000377174  -0.0212956  0.000998138  0.0684749  
-0.00157629  0.0029405  0.000106891  -0.0266823  -0.0179881  0.0680618  
-0.00173936  0.00282366  6.77522e-05  -0.0236941  0.00730849  0.0680116  
-0.00213541  0.00270832  6.77522e-05  -0.0229827  0.00578075  0.0749762  
-0.00183472  0.00268218  -1.12526e-05  -0.0201533  -0.0195478  0.059277  
-0.00265136  0.00249699  -0.000267444  -0.0189882  -0.0139333  0.0428073  
-0.00228653  0.00241223  -0.000295298  -0.0194718  -0.0130683  0.0644222  
-0.00258129  0.00240559  -8.45502e-05  -0.0199784  -0.0283622  0.037502  
-0.00265958  0.0026295  -8.80557e-05  -0.0140833  -0.0173745  0.0102147  
-0.00288652  0.00266474  6.77522e-05  -0.0107844  -0.00423912  0.0513664  
-0.00280033  0.00273861  6.77521e-05  -0.0121767  -0.0242116  0.0386485  
-0.00249695  0.00268857  -0.000215592  -0.0130564  -0.0180782  0.0148125  
-0.0027396  0.00266457  -9.25701e-05  -0.0104292  -0.0209368  0.0127521  
-0.00297846  0.00263982  -2.33019e-05  -0.00103649  -0.0133836  0.0410258  
-0.00290492  0.00263996  6.77521e-05  -0.00958262  -0.0149112  0.0532189  
-0.00309069  0.00262258  6.77521e-05  -0.0080673  -0.00390965  0.0400304  
-0.00329789  0.00267548  -0.000191898  0.000222606  0.0101416  0.0605906  
-0.00318276  0.00278984  -9.35971e-05  -0.00179055  -0.0106418  0.0604005  
-0.00314521  0.00259284  -6.72946e-05  -0.00393904  -0.0207471  0.027027  
-0.00299728  0.00274902  -4.12271e-05  -0.000492176  0.00671024  0.0650842  
-0.0030776  0.00290065  0.000156909  0.00238861  -0.0380696  0.0512594  
-0.00324429  0.00266146  6.77521e-05  -0.000256693  -0.0141019  0.055083  
-0.00332131  0.00280941  6.77521e-05  -0.00126974  -0.000579114  0.0780729  
-0.00326337  0.0028401  0.000172089  -0.00224014  -0.00742925  0.0738483  
-0.00306519  0.00316137  0.000145718  -0.00581407  -0.00795577  0.0463072  
-0.00345266  0.00312517  6.77521e-05  -0.00452539  0.0170042  0.060667  
-0.00335112  0.00333466  1.48053e-05  0.00178608  0.0027068  0.0476926  
-0.00329551  0.00315802  -0.000101129  0.015404  -0.00748875  0.0345536  
-0.00361772  0.00320034  -6.56584e-05  0.00589008  0.00897377  0.000560629  
-0.0038616  0.00319232  7.38492e-05  0.00521975  0.00233901  0.0278253  
-0.0040257  0.00370327  0.000149488  0.00314722  -0.00901652  0.00546062  
-0.00445537  0.00336647  0.000191564  0.0112352  0.0288202  0.0283889  
-0.00456635  0.00352327  0.000330439  0.0131068  0.00224427  0.0391123  
-0.00474876  0.00361645  0.000590736  0.0183311  0.0103005  0.0162262  
-0.00502348  0.00360516  0.000604551  0.0185715  0.00730678  0.0423829  
-0.00497474  0.00354462  0.00052986  0.0188339  -0.0107432  0.0312969  
-0.00532056  0.00368343  0.000540768  0.0246555  0.0060407  0.0032905  
-0.00592589  0.00369071  0.000638955  0.0268842  0.0151236  0.0512156  
-0.00625897  0.00384919  0.000654029  0.0206519  0.00375183  0.0420081  
-0.00647915  0.00382699  0.000834052  0.0202272  0.0122254  0.0264012  
-0.00685074  0.00392445  0.000833907  0.0280597  0.0236866  0.0571514  
-0.00667194  0.00380872  0.000694243  0.0222198  0.0106289  0.0494427  
-0.00722301  0.00382972  0.000617721  0.0187573  -0.00162463  0.0231087  
-0.00779228  0.00393231  0.000877968  0.0316133  0.0201785  0.054098  
-0.00733941  0.00374986  0.000599149  0.0314304  0.00416637  0.0274555  
-0.00672285  0.00359028  0.000620119  0.0226688  -0.00533861  -0.00589196  
-0.00711901  0.00349346  0.000771686  0.0265881  0.0338867  0.0219037  
-0.00688465  0.00348911  0.000539792  0.021807  0.0112689  0.00668174  
-0.00701744  0.00364412  0.000628048  0.0107582  0.00215675  0.0129808  
-0.00723911  0.00360624  0.000894001  0.0284973  0.036964  0.0202924  
-0.00683094  0.00351357  0.000863079  0.0283816  0.00790978  0.0130597  
-0.00670823  0.00362884  0.000638542  0.0303381  0.00651238  0.00180399  
-0.00708766  0.00329651  0.000510467  0.0301026  0.00895367  0.0042492  
-0.00708294  0.00327469  0.000191565  0.0277375  0.0158934  0.0132346  
-0.00684227  0.00325737  0.000560103  0.025441  0.0113967  0.0281034  
-0.00681398  0.00303047  0.000644546  0.0272115  0.0171901  0.0480043  
-0.00695446  0.00303544  0.000493478  0.0389432  0.0415443  0.0718424  
-0.00667161  0.0029424  0.000314158  0.0354504  0.00883029  0.0581829  
-0.00669796  0.00291556  0.00046251  0.0327885  0.00566944  0.0464374  
-0.00693306  0.00320436  0.000588246  0.0272342  0.013376  0.029767  
-0.00685789  0.00319894  0.000441565  0.0228275  0.0153192  0.0508839  
-0.00703629  0.00342826  0.000353379  0.0162742  0.00971329  0.0360139  
-0.0069303  0.0031659  0.000258063  -0.000530718  0.0208528  0.00716402  
-0.00719843  0.00308267  0.000264309  0.00194374  0.029562  0.0393108  
-0.00691066  0.00296005  0.000261033  0.000674036  0.0114146  0.0311665  
-0.0066507  0.00320148  0.000191565  0.0060767  0.008999  0.0167971  
-0.00679828  0.00329274  0.000191565  0.00790703  0.0150725  0.0113087  
-0.00714333  0.00306596  0.000191565  0.00277703  0.0128389  0.0228623  
-0.00676459  0.00288998  -3.76704e-06  -0.00720715  0.00339373  -0.00196797  
-0.00656374  0.00283834  0.000191565  0.0055986  0.00358595  -0.0107355  
-0.00700384  0.00286786  0.000319884  0.00568358  0.0172687  0.00848811  
-0.00706242  0.0029219  0.000191565  0.00268598  0.00657814  0.0330418  
-0.00683571  0.00294279  0.000191565  0.00532788  -0.000647578  0.0155986  
-0.00720422  0.00295091  5.60707e-05  0.00626474  0.0233525  0.0184786  
-0.0070283  0.0029467  4.01642e-05  0.0117334  0.00476898  0.0089476  
-0.00708719  0.0031636  -7.9074e-06  0.0149117  0.00454243  0.00462306  
-0.00693478  0.00331402  -1.56715e-06  0.0107671  -0.00497207  -0.00772699  
-0.00684511  0.00309847  -2.90045e-05  0.00848336  -0.000775387  -0.0423244  
-0.00707363  0.00303781  -1.2413e-05  0.0119199  -0.00297679  -0.00195357  
-0.00685765  0.00291104  2.57539e-05  0.00376044  -0.0240328  -0.0209138  
-0.00705559  0.00306289  -0.000102966  0.00562219  0.00964422  -0.0162807  
-0.0070934  0.00297398  -0.00025744  0.00356549  0.00582767  -0.0137945  
-0.0072742  0.00300342  -0.000197038  -0.00640991  0.00477308  -0.0166453  
-0.00726878  0.00321525  1.41147e-05  -0.00725485  -0.00747714  -0.0314317  
-0.00724544  0.00300721  -0.00019854  -0.00438595  0.0162524  -0.0335174  
-0.00740256  0.00259604  -0.000155364  0.00691428  0.0112917  -0.0102808  
-0.00715842  0.00259683  0.000208019  0.00620886  -0.0165302  -0.0295862  
-0.00722578  0.00268871  -3.01698e-05  0.0141106  0.000181612  -0.0528959  
-0.00696548  0.00278024  -0.00016587  0.0173333  0.00856662  -0.00916855  
-0.00674975  0.00265121  3.3674e-05  0.0161465  -0.00848682  -0.0182222  
-0.00687544  0.00270252  8.16676e-05  0.0189091  0.0120841  -0.0212545  
-0.00680757  0.00269332  -1.79246e-05  0.0200709  0.011065  -0.013911  
-0.0066735  0.00244625  0.000182869  0.0189909  0.00882483  -0.0346942  
-0.00531449  0.00237252  -0.000179759  0.0172782  0.0174491  -0.105406  
-0.00421028  0.00231297  -0.000417042  -0.0127364  -0.0379578  -0.157737  
-0.00410409  0.00203889  -0.000629341  -0.021213  -0.0132487  -0.133114  
-0.0037842  0.00189425  -0.000511691  -0.0353245  -0.0355097  -0.0721355  
-0.00410305  0.00203971  -0.000435281  -0.00767348  0.00632715  -0.038846  
-0.00427042  0.00186502  -0.000764808  -0.00924997  -0.0132061  -0.0320271  
-0.0038167  0.00173288  -0.000386129  0.000695324  -0.0212904  -0.0695813  
-0.00427495  0.00190174  -0.000414041  0.00560811  0.0213051  -0.045812  
-0.00422081  0.00208933  -0.000294035  -0.0033294  0.000576558  -0.0439647  
-0.00382334  0.00230931  -0.000294035  -0.00630043  -0.0172356  -0.0941049  
-0.00416381  0.0022004  -0.000342871  0.00638771  0.0323194  -0.072527  
-0.003795  0.00223021  -0.000187103  -0.000523649  -0.00777503  -0.082635  
-0.00344208  0.002485  -0.000493008  0.00102133  0.000315057  -0.111708  
-0.00410455  0.00245821  -0.000185042  0.00430109  -0.0053443  -0.0595734  
-0.00350251  0.00239268  -0.000239851  -0.00634552  -0.0393021  -0.0674217  
-0.00357285  0.00244722  -1.20328e-05  -0.0100911  -0.0139606  -0.0171745  
-0.00369708  0.00231728  -1.401e-05  0.00344233  -0.0118092  -0.00821819  
-0.00325332  0.00251437  7.77559e-05  0.0037057  -0.0081309  0.00318229  
-0.00365232  0.00246805  -0.00102191  0.0100626  0.029244  0.0460543  
-0.00243805  0.00257497  -0.00079414  0.0185138  -0.0300388  0.0173468  
-0.00176385  0.00282436  -0.000521215  0.0211268  -0.00533947  0.0512404  
-0.00200847  0.00115312  -0.000252652  0.0537047  -0.0363132  0.0538895  
-0.00265826  0.00156223  8.40655e-06  0.0403732  -0.026474  0.051161  
-0.00348331  0.00266276  0.000432401  0.0292971  0.0166651  0.105586  
-0.00452659  0.00254614  0.00117354  0.0387556  0.00534799  0.139052  
-0.0041392  0.00220338  0.00119918  0.0212154  0.0112317  0.0980012  
-0.00457472  0.00198379  0.00145481  0.0246293  0.0260253  0.115665  
-0.00469423  0.0024068  0.00147137  0.0156707  0.0101257  0.139998  
-0.00472874  0.00224201  0.00151757  0.012404  0.00438395  0.117233  
-0.00439053  0.00266029  0.00161091  0.00516019  0.017333  0.11318  
-0.00446391  0.00248389  0.00153396  0.0201695  0.00986555  0.140356  
-0.004653  0.00269218  0.00158743  0.0133148  -0.000969979  0.156561  
-0.00431211  0.00239374  0.00170463  0.0125615  -0.0175657  0.14666  
-0.00422173  0.00222553  0.0015557  0.012931  -0.0171644  0.134544  
-0.00448276  0.0020184  0.00144417  0.0175627  0.014622  0.175148  
-0.00392613  0.00188414  0.00169867  0.0198307  -0.0232278  0.166867  
-0.00446903  0.00197142  0.00164455  0.0195056  0.0136447  0.167728  
-0.00457785  0.00218769  0.0017281  0.0200538  0.00617261  0.174851  
-0.00412619  0.00195605  0.00172789  0.025631  -0.0158389  0.147432  
-0.0039109  0.00194654  0.00154143  0.0291423  0.0128524  0.145985  
-0.00198473  0.000653883  0.00218669  0.0365402  -0.0222798  0.154135  
-0.00206741  0.00105965  0.00246068  0.0346608  -0.00306293  0.155835  
-0.00208872  0.000866347  0.00233498  0.0361574  -0.0177214  0.166112  
-0.00114777  0.000581635  0.00235276  0.0429171  -0.0151537  0.133713  
-0.00152559  0.000325181  0.00196963  0.0539694  -0.00923775  0.134908  
-0.00230776  0.00120107  0.00201715  0.0422442  -0.0274984  0.0650351  
-0.00241716  0.00149111  0.0017403  0.05234  0.0233026  0.104407  
-0.00149493  0.000814327  0.00206319  0.0563698  -0.0189536  0.126598  
-0.00254057  0.00202053  0.0019183  0.0574226  0.0109706  0.100404  
-0.00243078  0.00196064  0.00169785  0.061515  0.0139913  0.152523  
-0.00157604  0.00154109  0.00211615  0.0542385  -0.0203828  0.139728  
-0.00324832  0.00108569  0.00129448  0.0824639  0.0225292  0.0992484  
-0.00372206  0.00212352  0.0017682  0.0692692  -0.0179524  0.0867886  
-0.0040424  0.00221856  0.00165572  0.0637755  -0.00540568  0.0859649  
-0.00406321  0.00246455  0.00181196  0.0500541  0.00229701  0.07205  
-0.00394383  0.0025295  0.00167409  0.0407909  0.00798507  0.118525  
-0.0041359  0.00227359  0.00193306  0.0396985  -0.0160801  0.105802  
-0.00415938  0.00246121  0.00184246  0.0407246  0.00975067  0.127658  
-0.00429905  0.00241019  0.00198681  0.0306369  0.00924116  0.149018  
-0.00423576  0.00264368  0.00211064  0.0175728  0.00394348  0.11731  
-0.00437659  0.0032131  0.00201728  0.0124944  0.00917303  0.126412  
-0.00388297  0.00390424  0.00231587  0.0144971  -0.00966768  0.16643  
-0.00343109  0.0038862  0.00246974  0.0107178  -0.0321666  0.151837  
-0.00385103  0.00403581  0.00223914  -0.00248102  -0.0241897  0.100231  
-0.00446474  0.00382267  0.0019654  0.00433941  -0.00507761  0.0985729  
-0.00451286  0.00373625  0.00182767  0.00387497  -0.00341613  0.104867  
-0.00405925  0.00403423  0.00184153  0.00543993  -0.0313171  0.0743141  
-0.00414207  0.00393073  0.00166611  0.00384427  -0.0172399  0.0919533  
-0.00461772  0.00339685  0.00164132  0.0172537  -0.00692351  0.0670123  
-0.00445971  0.0036224  0.00144847  0.0178504  -0.0130801  0.0542123  
-0.00409749  0.00407057  0.00144628  0.0189439  -0.0280692  0.0492185  
-0.00335209  0.0042724  0.00171486  0.0163505  -0.0305495  0.0925614  
-0.00356899  0.00389628  0.00127937  0.033473  0.0511087  0.204077  
-0.00163322  0.0036755  0.000520738  0.010259  -0.099517  0.0676944  
0.00249052  0.00312303  0.000726107  0.0210305  -0.000798784  -0.0705975  
0.00167146  0.00386353  0.000959262  0.0184503  -0.0293048  -0.0660122  
0.00171064  0.00390621  0.0011729  0.00963987  -0.0116058  -0.0611441  
0.00165037  0.00400703  0.00127136  0.00436011  0.000773006  -0.0477742  
0.000550321  0.00433064  0.00142652  0.00182141  0.00594373  -0.027399  
0.000676692  0.0044912  0.00151554  -0.00211378  -0.0114408  -0.0447947  
0.00272288  0.00466505  0.000959304  -0.00447014  -0.00761745  0.0725699  
0.00239385  0.00480943  0.000387663  -0.016204  -0.0131335  0.0941871  
0.00052054  0.0048444  0.000851525  -0.00766529  -0.0446684  -0.0198431  
-0.000302811  0.00484494  0.00105581  -0.00691926  -0.0410667  -0.0356626  
-0.000906399  0.00484285  0.000924105  -0.0183391  -0.0436573  -0.0524158  
-0.00140688  0.00494605  0.000630971  -0.0304472  -0.0394667  -0.0853905  
-0.00166893  0.005017  0.000720545  -0.0448059  -0.0433756  -0.0706201  
-0.00178456  0.00468298  0.000433653  -0.049321  -0.042539  -0.0569841  
-0.00165513  0.00462053  0.000633563  -0.0604127  -0.036631  -0.060042  
-0.00253703  0.00434259  6.10488e-05  -0.0442124  -0.0319011  -0.0751434  
-0.00248044  0.00387685  -2.83402e-05  -0.0396106  -0.0188769  0.0251516  
-0.00352406  0.00366449  -0.000434135  -0.0412112  -0.0274856  -0.00485435  
-0.00287861  0.00343355  -0.000678904  -0.0273284  -0.0115205  0.0914579  
-0.00335675  0.00328534  -0.00101646  -0.0274831  -0.0308366  0.0147312  
-0.00341063  0.00334184  -0.00093209  -0.0276859  -0.0361822  0.0115715  
-0.00299145  0.00405979  -0.000929005  -0.0266341  -0.0358331  0.0011543  
-0.0025216  0.00479187  -0.00128095  -0.0194905  -0.0399078  0.0545375  
-0.0023101  0.00467471  -0.00113542  -0.00787236  -0.0585871  0.000280113  
-0.00189867  0.00468681  -0.00151087  -0.000196013  -0.0311384  0.00401052  
-0.00275207  0.00396273  -0.00137051  0.0107243  -0.0230823  -0.0998524  
-0.00276792  0.00426113  -0.00115145  0.0108497  -0.0235796  -0.0696807  
-0.00176911  0.00459061  -0.00105279  0.00879003  -0.0134596  0.0610998  
0.00145982  0.00436082  -0.00189103  0.00171436  -0.0074547  0.0472258  
-0.000657536  0.00399767  -0.00196782  0.00793368  0.000940179  -0.0792949  
0.00503358  0.00295716  -0.00136915  0.0278857  -0.0189529  -0.193492  
0.00595502  0.00338792  -0.00178925  0.00262342  -0.0618311  -0.294067  
0.00457232  0.00370065  -0.00234604  0.00389214  -0.0672874  -0.347693  
0.00540519  0.0043828  -0.00198336  0.00920588  -0.0675214  -0.322159  
0.00582392  0.00481846  -0.00177618  0.0209716  -0.0726251  -0.297118  
0.0052764  0.00477828  -0.00159087  0.0331128  -0.0839272  -0.351863  
0.00479838  0.00465912  -0.00146521  0.034779  -0.050646  -0.323903  
0.00435021  0.00417508  -0.00144221  0.0293335  -0.0601029  -0.322629  
0.00385083  0.00368758  -0.00144805  0.0227775  -0.0503233  -0.308534  
0.00341951  0.00392658  -0.00154425  0.0145963  -0.0583673  -0.286644  
0.00336405  0.00379007  -0.00164508  0.0030147  -0.0664148  -0.296723  
0.00323517  0.00355846  -0.00153647  0.00574782  -0.0726407  -0.301571  
0.00273885  0.00330067  -0.00138771  -0.00109679  -0.0999798  -0.314567  
0.00193162  0.00282337  -0.00174184  -0.0169926  -0.0925411  -0.330176  
0.00206036  0.00314872  -0.00144183  -0.0191649  -0.0956759  -0.329929  
0.00203757  0.00312755  -0.00187288  -0.0204854  -0.103571  -0.332197  
0.00183983  0.00263234  -0.0025079  -0.0158864  -0.085555  -0.366301  
0.002008  0.00309925  -0.00264009  -0.031286  -0.0905184  -0.374998  
0.00179691  0.00331622  -0.00284868  -0.0289646  -0.0994291  -0.38518  
0.00153564  0.0032355  -0.00286646  -0.022398  -0.102729  -0.419258  
0.00170327  0.00302228  -0.00288714  -0.0156997  -0.102038  -0.415401  
0.00152416  0.00300847  -0.00299407  -0.0121857  -0.107759  -0.418562  
0.00170448  0.00282786  -0.00295566  -0.0159462  -0.102822  -0.431713  
0.00155899  0.00248823  -0.00294741  -0.0133926  -0.0887708  -0.449983  
0.000994563  0.00285624  -0.00298565  -0.0174084  -0.0859407  -0.465261  
0.00116795  0.00284135  -0.00274933  -0.0204935  -0.0810608  -0.470815  
0.00109231  0.00232636  -0.00268226  -0.0219666  -0.0847784  -0.451304  
0.00106329  0.00244735  -0.00272449  -0.0184647  -0.0776873  -0.467372  
0.000976839  0.00222532  -0.00249971  -0.00863281  -0.0949526  -0.464747  
0.00119644  0.00200691  -0.00245254  -0.010315  -0.096009  -0.47687  
0.00122748  0.0020696  -0.0024043  -0.00948465  -0.114807  -0.494074  
0.000845649  0.00207115  -0.00240869  -0.0122776  -0.107845  -0.490105  
0.000273059  0.00224531  -0.00234286  -0.0144073  -0.0880421  -0.47454  
0.000165978  0.00270632  -0.00212546  -0.0279698  -0.0907578  -0.456608  
-0.000255326  0.00271866  -0.002386  -0.0249963  -0.0785455  -0.436986  
0.000339346  0.00226022  -0.00222196  -0.031837  -0.094875  -0.457333  
7.60399e-05  0.0019185  -0.00255305  -0.0302045  -0.0736378  -0.463871  
-0.000215624  0.00216923  -0.00234107  -0.0280385  -0.0778371  -0.464996  
-2.79879e-05  0.00240901  -0.00236528  -0.0285833  -0.0933263  -0.472794  
-2.45639e-05  0.00223563  -0.00251779  -0.0293288  -0.0762075  -0.446333  
5.34136e-05  0.00215533  -0.00277706  -0.0316883  -0.0597498  -0.452424  
9.92578e-05  0.00228236  -0.00249797  -0.0344805  -0.0779497  -0.461793  
3.72294e-05  0.00226986  -0.00236851  -0.0400801  -0.0879266  -0.436476  
-0.000965742  0.00232324  -0.00259569  -0.0333313  -0.0729294  -0.451737  
-0.000967578  0.00192023  -0.00269494  -0.0355417  -0.0516923  -0.460122  
-0.00111033  0.00214422  -0.00278249  -0.0430087  -0.0573597  -0.4341  
-0.0010261  0.00190357  -0.00280076  -0.0345321  -0.0683278  -0.440019  
-0.00119799  0.00188208  -0.00268795  -0.0351142  -0.0717459  -0.449833  
-0.00144089  0.00233704  -0.00248789  -0.0362919  -0.0646779  -0.446871  
-0.00139921  0.00193741  -0.00272977  -0.0327194  -0.0708463  -0.451261  
-0.00157062  0.00217297  -0.00269156  -0.0352214  -0.077257  -0.467024  
-0.0019666  0.00252033  -0.00258141  -0.0393207  -0.0562131  -0.45422  
-0.00174712  0.00227114  -0.00264246  -0.0402793  -0.067188  -0.450162  
-0.00135216  0.00226331  -0.00267078  -0.033402  -0.0700867  -0.471043  
-0.0012842  0.00237598  -0.00261664  -0.034819  -0.0719214  -0.460028  
-0.00144648  0.0019179  -0.00278158  -0.0356506  -0.0648789  -0.471432  
-0.00176136  0.00216283  -0.0027126  -0.0341809  -0.0511077  -0.471133  
-0.00234074  0.00237277  -0.00268655  -0.0262904  -0.0420915  -0.438457  
-0.00235897  0.00244028  -0.00259317  -0.0303779  -0.0599404  -0.448081  
-0.00233399  0.00258419  -0.00254697  -0.0268926  -0.0598818  -0.434752  
-0.00223817  0.00231368  -0.00259419  -0.0253084  -0.04158  -0.40034  
-0.00298894  0.00197201  -0.0027778  -0.032471  -0.0398177  -0.400895  
-0.000328227  0.00223894  -0.00256677  -0.0330834  -0.0770433  -0.476876  
-0.00110036  0.00214633  -0.00259291  -0.0362521  -0.0771492  -0.472302  
-0.00138596  0.00181892  -0.00259786  -0.0318203  -0.0622237  -0.460966  
-0.00125431  0.001709  -0.00254105  -0.0318973  -0.0721278  -0.44979  
-0.00160695  0.00166819  -0.00271466  -0.0298243  -0.0581074  -0.425781  
-0.00130902  0.00152668  -0.0025261  -0.0329621  -0.0680419  -0.420651  
-0.00158241  0.00145594  -0.00267879  -0.0274322  -0.0558499  -0.435255  
-0.00167402  0.0015826  -0.00253396  -0.0263122  -0.0648812  -0.439776  
-0.00155614  0.00178304  -0.00237616  -0.0284165  -0.0593344  -0.418599  
-0.0015115  0.00172866  -0.00238264  -0.0256572  -0.06222  -0.430848  
-0.00145012  0.00170017  -0.0023945  -0.0159826  -0.0699287  -0.442757  
-0.00132576  0.00176432  -0.00240086  -0.02077  -0.0603115  -0.448813  
-0.0013687  0.00212816  -0.00222163  -0.0221974  -0.0576664  -0.387078  
-0.00122462  0.00215847  -0.00213389  -0.0105075  -0.072697  -0.410171  
-0.00143095  0.00201429  -0.00205256  0.000405205  -0.0892238  -0.416903  
-0.00131709  0.00206363  -0.00229294  -0.0119266  -0.0626277  -0.41151  
-0.00127675  0.00283286  -0.00179081  0.00261407  -0.0705248  -0.397613  
-0.000942243  0.00256008  -0.00189597  0.00659695  -0.0716075  -0.40136  
-0.000636252  0.00166066  -0.00179089  0.00722717  -0.088762  -0.395046  
-0.000708862  0.00111076  -0.00211927  0.00870805  -0.0559605  -0.402273  
-0.000836426  0.00124852  -0.00164645  0.0238707  -0.0713486  -0.412912  
-0.000753873  0.000985645  3.21805e-05  0.0443135  -0.0914291  -0.414068  
-0.000813375  0.000576873  -0.00137595  0.00751889  -0.086714  -0.424274  
-0.000462088  0.000531519  -0.00114207  -0.00113803  -0.103571  -0.43271  
-0.000645487  0.000810944  -0.00141766  -0.0194769  -0.106507  -0.470908  
-0.000898307  0.000681996  -0.00159501  -0.0273396  -0.0935884  -0.477164  
-0.00065787  0.000790203  -0.00178455  -0.0331309  -0.0979464  -0.447719  
-0.000986294  0.00081344  -0.00135717  -0.0480525  -0.113359  -0.418346  
-0.000532214  0.00056312  -0.0013945  -0.0439997  -0.106532  -0.396507  
-0.00102172  0.000643287  -0.00156755  -0.0412774  -0.10539  -0.410182  
-0.00177714  -0.000183493  -0.00154656  -0.0561877  -0.0640872  -0.35207  
-0.00168849  -0.00024423  -0.00122829  -0.0661681  -0.0731617  -0.33543  
-0.00169818  -0.000183493  -0.00117934  -0.0641191  -0.0622993  -0.304875  
-0.00168305  0.000378842  -0.000957818  -0.0517001  -0.0692762  -0.250682  
-0.00168645  0.000989927  0.000638051  -0.0317768  -0.0972274  -0.21887  
-0.00176547  8.71905e-05  0.000205216  0.0281583  -0.0888874  -0.207931  
-0.00141157  -2.1116e-06  0.0001249  0.0281337  -0.093291  -0.278684  
-0.00211422  0.000831691  -0.00096189  -0.0259366  -0.0623622  -0.272684  
-0.00229092  0.000246821  -0.00136454  -0.0304387  -0.0684802  -0.341246  
-0.00240267  0.000181689  -0.00141402  -0.0211307  -0.0730926  -0.359301  
-0.00182784  -2.1116e-06  -0.00135918  -0.013243  -0.0767  -0.37137  
-0.00155051  -2.1116e-06  -0.00151692  -0.00997356  -0.0576336  -0.37217  
-0.00229792  0.000390354  -0.00147577  -0.00678632  -0.0415205  -0.348886  
-0.0017215  0.00023603  -0.001427  -0.0105007  -0.0642445  -0.384099  
-0.00169071  0.000571818  -0.00144992  -0.00625349  -0.0753252  -0.428292  
-0.00174027  0.000418783  -0.00161397  -0.0142848  -0.075926  -0.442999  
-0.00201087  0.000124412  -0.00170473  -0.00393252  -0.064177  -0.414098  
-0.00250318  0.000751727  -0.0015207  -0.00368041  -0.0520515  -0.359901  
-0.00242934  0.000588555  -0.0018159  -0.00425053  -0.0598691  -0.35789  
-0.00256107  0.000335732  -0.00194191  0.00313094  -0.0682683  -0.386367  
-0.00217259  0.000220793  -0.00157401  0.0222424  -0.0700853  -0.387901  
-0.001891  0.000229409  -0.00150214  0.0334512  -0.0703548  -0.357684  
-0.00213982  -1.58239e-05  -0.000513677  0.0682403  -0.0798797  -0.384977  
-0.000348829  0.000108497  -0.000155026  0.0630175  -0.097456  -0.421286  
-9.82677e-05  0.000107192  -0.000102217  0.0685871  -0.0904579  -0.421848  
5.13168e-05  -3.47008e-05  -0.000333986  0.069474  -0.110625  -0.44493  
0.000139962  -3.47008e-05  -0.000270645  0.0698758  -0.102393  -0.394712  
-0.000116538  0.000250586  -0.000337627  0.0727662  -0.0968068  -0.399258  
-0.000374596  0.00040045  -0.000384626  0.0786543  -0.0966658  -0.366934  
-0.00019512  0.000208413  -0.000402614  0.0802777  -0.100969  -0.371208  
0.000334976  0.00040045  -0.000209087  0.0779057  -0.103687  -0.396117  
-6.7875e-05  0.000233469  -0.000234869  0.0744537  -0.0855556  -0.392946  
-6.59116e-05  0.00065614  -0.000158425  0.0761405  -0.0940342  -0.376395  
0.000212455  0.00060537  -0.000158425  0.0735967  -0.0911475  -0.37595  
0.00038097  0.000103909  -0.000158425  0.0732165  -0.0942316  -0.356228  
0.00054003  -0.000338207  0.000212091  0.0730431  -0.0894973  -0.368164  
0.000716349  -4.34015e-05  0.000200171  0.0795731  -0.0948741  -0.379395  
0.00101136  -0.000159014  0.000239701  0.0799825  -0.103105  -0.397676  
0.000869272  -0.000209805  0.000365001  0.0806707  -0.106973  -0.40235  
0.000987952  -8.51833e-05  0.000365001  0.0735019  -0.102523  -0.426777  
0.00105155  1.05874e-05  0.000365001  0.0738702  -0.107997  -0.42514  
0.00079797  -7.07699e-06  0.000365001  0.0690711  -0.104651  -0.417806  
0.000803161  2.38321e-05  0.000365001  0.0708341  -0.113897  -0.439019  
0.0010811  -0.000152123  0.000357523  0.0629123  -0.117833  -0.43494  
0.000805751  -0.000365253  0.000298275  0.0544378  -0.101246  -0.424661  
0.000747726  -0.000694369  0.000320347  0.0493946  -0.105004  -0.407668  
0.000706055  -0.000789083  0.000242771  0.042958  -0.107258  -0.385848  
0.00102309  -0.001024  0.000726829  0.037093  -0.121385  -0.380543  
0.000439492  -0.00157322  0.000444655  0.0431267  -0.0981096  -0.388454  
5.99958e-06  -0.00166909  0.000693379  0.0331652  -0.0809904  -0.323673  
0.000376567  -0.00198133  0.000662613  0.0272464  -0.0946946  -0.280866  
0.000634238  -0.00186627  0.000893871  0.0114667  -0.0917517  -0.315853  
0.00022587  -0.00185277  0.0010835  0.0150182  -0.096489  -0.27964  
1.66572e-05  -0.00178574  0.000727371  0.0175461  -0.0916392  -0.290006  
-0.000247823  -0.00205391  0.000373666  0.0202247  -0.102228  -0.312457  
0.000625545  -0.00218394  0.000515236  0.0264304  -0.105688  -0.3357  
0.00120175  -0.00221977  0.000547945  0.0285731  -0.117725  -0.354379  
0.000665382  -0.00214489  0.000373666  0.0156911  -0.109307  -0.364172  
0.000548958  -0.00192788  0.000195944  0.0110079  -0.104535  -0.360282  
0.00024751  -0.00178524  0.000373666  0.0126164  -0.106945  -0.355623  
0.000886567  -0.00195518  0.000623666  0.0108005  -0.1201  -0.359165  
0.000388331  -0.00195009  0.000513143  0.0164511  -0.0951714  -0.32382  
0.000440854  -0.00155955  0.000373666  0.00208946  -0.105325  -0.348722  
0.000568247  -0.00185944  0.000373666  0.00493602  -0.101266  -0.323413  
0.000981992  -0.00122791  0.00110692  0.0125351  -0.108324  -0.345943  
0.000809917  -0.00174139  0.000500552  0.011467  -0.119325  -0.379551  
0.000725689  -0.00205485  0.000289679  0.00829343  -0.0959477  -0.399594  
0.00102802  -0.00242958  1.07822e-05  -0.00819673  -0.109305  -0.376614  
4.69174e-06  -0.00196956  -1.70376e-05  -0.0186205  -0.0778853  -0.36405  
0.000606065  -0.00171964  3.83844e-05  -0.0390921  -0.109452  -0.390372  
0.000349213  -0.00171523  -1.61365e-05  -0.0459475  -0.0994686  -0.403219  
-3.95267e-05  -0.00162429  -0.000169266  -0.0438212  -0.0884354  -0.417857  
0.000160224  -0.00124714  6.82446e-05  -0.0526398  -0.0964895  -0.434247  
0.000319816  -0.00207912  -9.31607e-05  -0.0365651  -0.0876087  -0.453844  
-8.4362e-05  -0.00210525  0.000254598  -0.0332535  -0.0837768  -0.436891  
-0.000164671  -0.00216788  0.000148432  -0.0387044  -0.0864965  -0.425463  
9.03626e-05  -0.0020001  0.000320361  -0.0362342  -0.089172  -0.455737  
-0.000296696  -0.00150682  0.00055022  -0.0309754  -0.0773417  -0.441428  
0.000383284  -0.00119434  0.000676263  -0.0198382  -0.0899805  -0.400481  
0.00080542  -0.00103649  -5.81183e-05  -0.0443015  -0.10936  -0.385633  
0.000708967  -0.000763239  -2.79604e-05  -0.062831  -0.105835  -0.39903  
0.000603884  -0.000313477  2.45409e-05  -0.0652521  -0.0997493  -0.379252  
0.000531836  -0.000116076  -0.000247138  -0.0650074  -0.101027  -0.418057  
0.000267845  -0.000390632  -0.000448701  -0.0643927  -0.119634  -0.464271  
-0.000331871  -0.000390632  -0.000562196  -0.0605377  -0.0995867  -0.439253  
-0.00047745  -0.000933472  -0.0014368  -0.0384284  -0.0982041  -0.418592  
-0.000492104  -0.000260499  -0.00115091  -0.0348513  -0.112183  -0.449693  
3.40968e-05  -0.000236583  -0.00141692  -0.024003  -0.121159  -0.498066  
-0.000214176  -0.000502379  -0.00179165  -0.019598  -0.0852881  -0.507392  
-3.98102e-05  -0.000780517  -0.00161255  -0.00950109  -0.0985729  -0.502103  
0.000644949  -0.00131971  -0.00155011  -0.0114796  -0.105344  -0.494601  
0.000342321  -0.00156493  -0.00143817  -0.00598801  -0.094422  -0.46067  
0.000397544  -0.00171663  -0.00121034  -0.0180611  -0.117406  -0.460184  
0.000577735  -0.00202741  -0.00115588  -0.0234802  -0.119935  -0.488207  
-0.000220132  -0.00238864  -0.000828693  -0.0167503  -0.0846745  -0.404729  
-0.00054856  -0.00288547  -0.00107744  -0.017338  -0.0841425  -0.378091  
-5.88823e-05  -0.00317441  -0.000647214  -0.0216482  -0.095147  -0.373409  
-0.000934038  -0.00315852  -0.000834455  -0.0217573  -0.0697046  -0.37373  
-0.000863234  -0.00338333  -0.000923825  -0.0206494  -0.0740991  -0.356979  
-0.000618938  -0.00354815  -0.000712398  -0.0252954  -0.0984337  -0.36066  
-0.00028193  -0.00373457  -0.000866386  -0.0230137  -0.0935192  -0.383765  
-0.000508082  -0.00396623  -0.001168  -0.0169767  -0.0980397  -0.387158  
-2.70461e-05  -0.00397858  -0.000883651  -0.0171338  -0.124695  -0.408048  
-0.00037318  -0.00351859  -0.000894151  -0.0111006  -0.0908615  -0.412725  
-0.000649737  -0.00359392  -0.000881211  -0.0112191  -0.0956104  -0.39236  
-0.000296111  -0.0036553  -0.000741605  -0.0185685  -0.109683  -0.380966  
-0.000361275  -0.00319506  -0.000855351  -0.0244051  -0.102819  -0.353825  
-0.000463844  -0.00282681  -0.000761452  -0.0281282  -0.110742  -0.341652  
-0.000270465  -0.00266525  -0.0010848  -0.0480782  -0.119944  -0.364236  
-0.000503363  -0.00260386  -0.00180401  -0.0598195  -0.0933196  -0.367336  
-0.00075921  -0.00201666  -0.00185911  -0.0559044  -0.102444  -0.332863  
-0.00114009  -0.00171695  -0.00219683  -0.0564116  -0.113245  -0.32407  
-0.00133619  -0.00158021  -0.0028063  -0.0600346  -0.104525  -0.283407  
-0.00145158  -0.00141071  -0.00289421  -0.07446  -0.10837  -0.306742  
-0.00139748  -0.00173533  -0.00311731  -0.0673511  -0.105272  -0.354575  
-0.00162822  -0.00188361  -0.00327363  -0.0644542  -0.103171  -0.367317  
-0.00125276  -0.00183862  -0.00314906  -0.0633561  -0.109704  -0.397255  
-0.00107665  -0.00221911  -0.00310952  -0.064478  -0.112048  -0.410433  
-0.00114859  -0.00215329  -0.00309437  -0.0637743  -0.121244  -0.438804  
-0.00120773  -0.00227051  -0.00322971  -0.0563443  -0.0828049  -0.403667  
-0.00121846  -0.00239157  -0.00319224  -0.0568657  -0.0899848  -0.394625  
-0.00113284  -0.00253744  -0.00298537  -0.0587408  -0.102129  -0.396951  
-0.000683697  -0.00242416  -0.00296447  -0.0680057  -0.124267  -0.424383  
-0.0013138  -0.00198665  -0.00296368  -0.0813405  -0.0938829  -0.404532  
-0.00138599  -0.00177758  -0.00322215  -0.0787368  -0.105797  -0.407462  
-0.00137749  -0.00153177  -0.00332916  -0.0754277  -0.112367  -0.420405  
-0.0013612  -0.00163713  -0.00354607  -0.0670673  -0.0977846  -0.412239  
-0.0015528  -0.00177758  -0.0035692  -0.0633564  -0.0761109  -0.367112  
-0.00107159  -0.00159288  -0.00359195  -0.0757649  -0.0790615  -0.370988  
0.0010198  -0.00132984  -0.00375808  -0.0845392  -0.115537  -0.456453  
0.0017209  -0.00158701  -0.00333827  -0.0816165  -0.0795372  -0.444007  
9.94515e-05  -0.00188854  -0.00339603  -0.0868548  -0.0764583  -0.401633  
-0.000566697  -0.00148714  -0.00324349  -0.0859371  -0.103045  -0.405478  
-0.000250704  -0.00218189  -0.00406928  -0.0840666  -0.00497897  -0.291836  
0.000469634  -0.00247109  -0.00314318  -0.0815103  -0.186565  -0.443165  
-0.000142595  -0.00207637  -0.00359265  -0.0874334  -0.101742  -0.470584  
-0.000766929  -0.00210698  -0.00358242  -0.0839802  -0.100337  -0.465741  
-0.00106043  -0.00213404  -0.0036568  -0.0824356  -0.0776701  -0.416646  
-0.0013009  -0.00191246  -0.00362018  -0.0842445  -0.0836551  -0.394985  
-0.00195753  -0.00136918  -0.00367173  -0.0866349  -0.0806324  -0.424027  
-0.00123962  -0.00159569  -0.00376329  -0.0865148  -0.0746468  -0.42267  
-0.00155186  -0.00170121  -0.00356388  -0.0868382  -0.0891012  -0.395668  
-0.00167743  -0.00158229  -0.00363074  -0.0916947  -0.0937675  -0.423834  
0.000926475  -0.00158401  -0.00293215  -0.0740856  -0.121323  -0.487569  
0.000941322  -0.00150948  -0.00313287  -0.0740421  -0.0589973  -0.487548  
0.00106151  -0.00128523  -0.00272352  -0.0738472  -0.090039  -0.492642  
0.00125716  -0.00145408  -0.00275988  -0.0797725  -0.0791953  -0.478402  
0.000670231  -0.00177305  -0.00301209  -0.0739606  -0.0705843  -0.474705  
0.0013071  -0.0018576  -0.00291058  -0.0740723  -0.0877163  -0.535507  
0.00173095  -0.00169832  -0.00296976  -0.0739789  -0.100445  -0.571449  
0.00121443  -0.00169832  -0.0029758  -0.0740598  -0.0858364  -0.56752  
0.00016034  -0.00169832  -0.00317592  -0.0739692  -0.0731804  -0.543234  
0.000707617  -0.0012927  -0.00326101  -0.0665356  -0.0773789  -0.500199  
0.000395764  -0.00127127  -0.00307126  -0.0736956  -0.100597  -0.522801  
0.000555541  -0.0009959  -0.00295855  -0.0665767  -0.101329  -0.521506  
0.00029037  -0.0009959  -0.0031496  -0.0500137  -0.104766  -0.502292  
-0.000230724  -0.000662289  -0.00257828  -0.0373731  -0.121853  -0.472331  
-0.000913593  -0.00112559  -0.00236151  -0.0322661  -0.11784  -0.43262  
-0.000566875  -0.00142935  -0.00192828  -0.039502  -0.144801  -0.398602  
0.000844117  -0.000777355  -0.00169194  -0.0300641  -0.155653  -0.480081  
0.000525261  -0.000881445  -0.00162983  -0.0276875  -0.151957  -0.487773  
0.000164118  -0.00148951  -0.0014288  -0.0350771  -0.157342  -0.472356  
-0.000192713  -0.00152735  -0.00142663  -0.0452026  -0.145317  -0.484493  
-0.000381319  -0.00156945  -0.00158725  -0.0524019  -0.142451  -0.460848  
-0.000490148  -0.00185051  -0.00153933  -0.047748  -0.143256  -0.421319  
-0.00175735  -0.00193899  -0.00262051  -0.0416469  -0.0914104  -0.398512  
-0.00104169  -0.00187173  -0.00230916  -0.0353903  -0.123591  -0.41163  
-0.000277301  -0.00156945  -0.00179598  -0.0310957  -0.151773  -0.424129  
-0.000123968  -0.00171738  -0.0020408  -0.0342916  -0.167648  -0.477373  
0.00020787  -0.0025258  -0.00208528  -0.0338149  -0.156782  -0.485338  
0.000405096  -0.0027161  -0.00191223  -0.0196234  -0.153229  -0.505849  
-6.99983e-05  -0.0025664  -0.00173393  -0.0208092  -0.159747  -0.553105  
-0.0010095  -0.00181024  -0.00234383  -0.00953447  -0.0995859  -0.548507  
-0.000164095  -0.00236452  -0.0018246  -0.00265904  -0.131767  -0.497913  
-0.000481482  -0.00258445  -0.00149168  -0.00655012  -0.14095  -0.448192  
-0.000325133  -0.00275584  -0.00138705  -0.00451496  -0.13536  -0.464493  
0.000136279  -0.00257639  -0.00237603  -0.00357541  -0.0929683  -0.429911  
0.000505104  -0.00243498  -0.00223977  -0.00782627  -0.14958  -0.462002  
0.000669983  -0.00234062  -0.00214927  -0.00931408  -0.149823  -0.526187  
0.000863617  -0.0021805  -0.00219636  -0.00609644  -0.135396  -0.538964  
0.000764079  -0.00250775  -0.00254243  -2.03054e-05  -0.111581  -0.519698  
0.00148042  -0.00239601  -0.00259472  -0.0148778  -0.134002  -0.556588  
0.00148507  -0.0015979  -0.00258618  -0.0307237  -0.135207  -0.566879  
0.00151109  -0.0015979  -0.00260357  -0.0274089  -0.139173  -0.545154  
0.00138865  -0.0019823  -0.00260562  -0.0210392  -0.14193  -0.593312  
0.00129784  -0.00188731  -0.00260125  -0.0404814  -0.138851  -0.584436  
0.000731683  -0.0015979  -0.00261296  -0.0492763  -0.125781  -0.521232  
0.000751292  -0.00163947  -0.00262652  -0.0564362  -0.138267  -0.53072  
0.000248936  -0.00143693  -0.00234298  -0.0490434  -0.149013  -0.553642  
0.00115111  -0.00170512  -0.00252233  -0.0588401  -0.178215  -0.590472  
0.000932303  -0.00214195  -0.00234929  -0.0673409  -0.150062  -0.565658  
0.00123216  -0.00213403  -0.00273018  -0.0680147  -0.137718  -0.56249  
0.000982513  -0.0021918  -0.00293666  -0.0622932  -0.150703  -0.576819  
0.000861502  -0.00209609  -0.00283881  -0.065807  -0.130365  -0.533139  
0.00060272  -0.00204152  -0.00231334  -0.0673366  -0.153547  -0.531546  
0.000843881  -0.00245344  -0.00233128  -0.0695679  -0.152431  -0.606472  
0.000360508  -0.00183026  -0.00212884  -0.0677748  -0.129541  -0.607559  
0.000194303  -0.00210096  -0.00205989  -0.0623587  -0.144583  -0.586473  
0.000267164  -0.0020862  -0.00194746  -0.0622769  -0.160768  -0.569226  
0.000486333  -0.00191294  -0.00176156  -0.0646286  -0.152958  -0.563285  
0.000856743  -0.00162789  -0.00181718  -0.0640906  -0.168755  -0.575491  
0.000865057  -0.00145779  -0.00205906  -0.0713745  -0.149147  -0.579019  
0.000717812  -0.00197942  -0.00227193  -0.0760779  -0.141104  -0.584818  
0.000533564  -0.00205108  -0.00216406  -0.0746144  -0.145545  -0.607142  
0.00067351  -0.00168853  -0.00227997  -0.0737382  -0.156318  -0.618098  
0.00109882  -0.00170782  -0.00221719  -0.0688406  -0.15717  -0.607254  
0.00124652  -0.00202134  -0.00228048  -0.0834317  -0.144386  -0.598991  
0.00116302  -0.00181844  -0.00218299  -0.0797341  -0.154551  -0.575489  
0.00120247  -0.00202888  -0.00231392  -0.0759732  -0.162811  -0.605287  
0.00157542  -0.00157846  -0.0022239  -0.0743991  -0.163594  -0.60521  
0.00184727  -0.00131819  -0.00206787  -0.082932  -0.162945  -0.575186  
0.00161067  -0.00137722  -0.00226808  -0.0683283  -0.134657  -0.601162  
0.00118197  -0.0017897  -0.00243322  -0.0613009  -0.13819  -0.582811  
0.00150276  -0.00134854  -0.00259956  -0.0527824  -0.144562  -0.605735  
0.00265983  -0.00151549  -0.00235931  -0.0461582  -0.150732  -0.649491  
0.00537298  -0.00211899  -0.00170346  -0.0299827  -0.130092  -0.727755  
0.00646195  -0.00251401  -0.00165716  -0.0314905  -0.137173  -0.720918  
0.00814323  -0.00239783  -0.00114407  -0.0286937  -0.135018  -0.730534  
0.00957221  -0.00188924  -0.000482095  -0.0325725  -0.153584  -0.696333  
0.0108556  -0.00208765  0.000197887  -0.032041  -0.150504  -0.628323  
0.0102416  -0.00238762  0.000191131  -0.0368733  -0.170314  -0.676589  
0.00955971  -0.00192077  0.00064754  -0.0516018  -0.153148  -0.604905  
0.0102758  -0.00132058  0.000815554  -0.0743264  -0.170957  -0.592112  
0.009693  -0.00107537  0.000416755  -0.0938337  -0.191865  -0.583905  
0.0094522  -0.000205252  0.000613696  -0.091363  -0.1812  -0.55437  
0.00682944  -0.000101706  0.000312842  -0.0826235  -0.15706  -0.615446  
0.00572979  0.000214675  0.000152939  -0.0800203  -0.146208  -0.584363  
0.00667355  0.000103672  -4.47631e-05  -0.0778405  -0.135384  -0.621926  
0.00759704  1.47681e-05  0.000238232  -0.0678812  -0.130431  -0.601128  
0.00878685  1.16379e-05  -0.000139996  -0.0642737  -0.133424  -0.688587  
0.00983303  0.000418018  0.000975965  -0.0488475  -0.115531  -0.636624  
0.0105447  0.00157932  0.000774989  -0.0448771  -0.145348  -0.698531  
0.00972979  0.000548414  -0.000229087  -0.0666541  -0.158785  -0.590427  
0.00966337  0.000205338  3.17698e-05  -0.0633092  -0.165607  -0.498223  
0.00940217  -0.000488656  0.000270753  -0.0732241  -0.200269  -0.443189  
0.00958885  -0.00122526  -0.000401471  -0.0634012  -0.128956  -0.600336  
0.00944344  -0.00187296  -0.000707381  -0.0480866  -0.145804  -0.568411  
0.00927006  -0.00152472  -0.000377615  -0.0396605  -0.102789  -0.478421  
0.00874834  -0.00194881  -0.000914066  -0.0266293  -0.113309  -0.619093  
0.00801694  -0.00259934  -0.000812932  -0.0278514  -0.149872  -0.668376  
0.00826036  -0.00284749  -0.000700504  -0.0282665  -0.114331  -0.653857  
0.00824227  -0.00265211  -0.00136927  -0.0210878  -0.0524571  -0.441667  
0.0107456  -0.00373657  -0.00154636  -0.0287112  -0.177249  -0.552983  
0.0112474  -0.00383742  -0.00160327  -0.0255234  -0.184265  -0.605003  
0.0112167  -0.00452179  -0.00195889  -0.0151052  -0.174632  -0.621172  
0.0116374  -0.00560545  -0.00297193  -0.0256413  -0.174192  -0.650618  
0.0117068  -0.00564371  -0.00263756  -0.0305987  -0.217104  -0.66501  
0.0116414  -0.00578763  -0.00258497  -0.0278334  -0.224776  -0.750582  
0.0105188  -0.00583434  -0.00184916  7.58395e-05  -0.156523  -0.626857  
0.00903302  -0.00474535  -0.00144197  0.0133758  -0.115095  -0.51766  
0.00902672  -0.00466505  -0.00131719  0.0165895  -0.135674  -0.516426  
0.00955018  -0.00450326  -0.00110667  0.0173283  -0.155461  -0.547997  
0.00998545  -0.00436507  -0.00111221  0.0246012  -0.184222  -0.653158  
0.00984532  -0.00476647  -0.000759381  0.044273  -0.158023  -0.552606  
0.00926346  -0.00479292  -0.000554393  0.0507956  -0.157716  -0.51303  
0.00951077  -0.00392756  -0.000697843  0.0521811  -0.157818  -0.484699  
0.00797682  -0.0029601  -0.00102884  0.0416676  -0.131389  -0.422042  
0.00684517  -0.00317862  -0.00100635  0.040847  -0.110737  -0.483901  
0.00859505  -0.00352599  -0.000856901  0.0406327  -0.111576  -0.488835  
0.00911312  -0.00307671  -0.000698552  0.0292231  -0.131977  -0.467618  
0.00991911  -0.00289936  -0.000131041  0.0298871  -0.137945  -0.306917  
0.00908072  -0.00295941  -0.000303542  0.0445773  -0.112772  -0.327418  
0.00969032  -0.00340122  -0.000178929  0.0454376  -0.121317  -0.245316  
0.00855571  -0.00331554  -0.000235384  0.0289502  -0.103889  -0.34273  
0.00851701  -0.00368864  -0.000507558  0.0367406  -0.113839  -0.463521  
0.0100047  -0.00347702  -0.000143541  0.0385224  -0.0791222  -0.467378  
0.00885939  -0.00354951  -0.000223593  0.0168812  -0.0836734  -0.341827  
0.00937887  -0.0035586  -0.000251159  0.0282314  -0.0910147  -0.481965  
0.0100732  -0.00399027  0.000185943  0.0277546  -0.102928  -0.488356  
0.00913305  -0.003831  0.000185943  0.0364771  -0.0923301  -0.499547  
0.00929444  -0.00381799  0.000812438  0.0576747  -0.0645918  -0.304363  
0.0104206  -0.00332217  0.00103636  0.0576536  -0.0666907  -0.446211  
0.0107966  -0.00354469  0.00120593  0.0607101  -0.101461  -0.477509  
0.0112516  -0.00264226  0.00195627  0.0690129  -0.0658368  -0.283747  
0.0100829  -0.00333195  0.00183304  0.0747335  -0.0746976  -0.257779  
0.0100991  -0.00294187  0.00232297  0.072823  -0.0873158  -0.320893  
0.00975358  -0.00236589  0.0031201  0.0659242  -0.109696  -0.383471  
0.00979188  -0.00232218  0.00300317  0.0289098  -0.123888  -0.332685  
0.00975131  -0.0026898  0.00268196  -0.0231518  -0.140377  -0.267026  
0.00939195  -0.00325473  0.00222948  -0.0455342  -0.140216  -0.199143  
0.00838056  -0.00268863  0.00175223  -0.0442553  -0.126484  -0.0692911  
0.00861155  -0.00216192  0.00276754  -0.0290277  -0.0905707  0.0630843  
0.00880491  -0.00120851  0.00364963  -0.0213064  -0.0959409  0.130393  
0.00855524  0.000929388  0.00422036  -0.0237343  -0.0199806  0.311098  
0.0087044  0.000812814  0.00483843  -0.000951903  -0.0508311  0.36745  
0.00926879  -0.000150966  0.00514969  0.0088322  -0.0719401  0.445174  
0.0100097  -0.0011079  0.00530925  0.0091838  -0.0851019  0.491078  
0.00973989  -0.00153693  0.00527152  0.0181597  -0.0737025  0.532156  
0.00813178  -0.00246992  0.00436026  0.0430139  -0.0513091  0.350904  
0.00863128  -0.00301795  0.00396503  0.0352055  -0.0423128  0.281888  
0.00919419  -0.00223079  0.0040484  0.0260236  -0.0344389  0.342408  
0.01023  -0.00341354  0.00297722  0.0137977  0.000757347  0.543784  
0.009199  -0.00488466  0.00181743  0.0393265  0.0181571  0.433618  
0.00775121  -0.00415834  0.00179123  0.039641  -0.0230465  0.292171  
0.00733989  -0.00495593  0.00174488  0.0348287  -0.0398493  0.217605  
0.00757017  -0.00546564  0.00140039  0.0393564  -0.0584714  0.114328  
0.0070911  -0.00547404  0.00125017  0.0306492  -0.0661816  0.0480862  
0.00653764  -0.00619033  0.00139481  0.0144311  -0.0367033  0.0271303  
0.00722097  -0.00684727  0.00147212  0.0258304  -0.0574501  0.0162586  
0.0076876  -0.00709453  0.00156501  0.0333158  -0.0430182  0.00665451  
0.00725892  -0.00604621  0.000728619  0.00837738  -0.0451067  -0.00133244  
0.00657239  -0.00648159  0.00106269  0.00435255  -0.0156978  0.0261312  
0.0086298  -0.00642246  0.00168713  -0.00951725  0.00313094  -0.041732  
0.00907813  -0.00786631  0.0011094  -0.0189102  -0.00600128  -0.0810662  
0.00813621  -0.00758179  0.00110213  -0.0201377  -0.029489  -0.0674076  
0.00749901  -0.00726773  0.000966021  -0.0231612  -0.0354555  -0.0615074  
0.00671943  -0.00725759  0.000966021  -0.0313111  -0.0293749  -0.0761881  
0.00696869  -0.0071041  0.000806423  -0.0350977  -0.067232  -0.194417  
0.00658767  -0.00732509  0.000660751  -0.0365305  -0.047156  -0.234886  
0.00583922  -0.00736299  0.000438996  -0.0364875  -0.0458224  -0.229255  
0.00597475  -0.00726826  0.000438996  -0.0365267  -0.0437273  -0.258787  
0.00652546  -0.00786297  0.000548923  -0.0293282  -0.0622956  -0.252859  
0.0059565  -0.0077743  0.000723592  -0.0301855  -0.0389565  -0.238088  
0.00616429  -0.00781529  0.000848352  -0.032797  -0.0389913  -0.252168  
0.00675463  -0.00744378  0.000870637  -0.0417515  -0.0490217  -0.17539  
0.00669733  -0.00741699  0.000824385  -0.0324922  -0.0725968  -0.265705  
0.00676894  -0.00761557  0.000804072  -0.0326268  -0.0747171  -0.321945  
0.00674205  -0.00762325  0.00127205  -0.0325038  -0.055928  -0.241351  
0.00706548  -0.00765796  0.00126877  -0.0367817  -0.0663398  -0.238189  
0.00700631  -0.00765026  0.00124488  -0.0354463  -0.0834065  -0.280978  
0.00685041  -0.00802476  0.00121095  -0.0200599  -0.0733492  -0.23234  
0.0062364  -0.00762629  0.00131338  -0.0140822  -0.056711  -0.23257  
0.00596605  -0.00816046  0.00131338  0.00261422  -0.0514179  -0.282895  
0.00533558  -0.00783222  0.00155589  -0.00383017  -0.0389826  -0.226617  
0.00484727  -0.00785708  0.00181647  0.014081  -0.0618129  -0.246342  
0.00559734  -0.00844881  0.0022224  0.0218711  -0.0525916  -0.22757  
0.00582825  -0.00876867  0.00166525  0.0354082  -0.0730122  -0.348516  
0.00564635  -0.00831588  0.00202628  0.0281936  -0.0471642  -0.321189  
0.00463269  -0.00780538  0.00199833  0.0403117  -0.0534894  -0.336357  
0.0048674  -0.00790343  0.00196329  0.0178617  -0.0396049  -0.303124  
0.00597347  -0.00762455  0.00235302  0.0188335  -0.0143624  -0.261323  
0.00568147  -0.00812826  0.00249916  0.0150014  -0.0392305  -0.229525  
0.0059941  -0.00842478  0.00256506  0.0109894  -0.0495165  -0.239965  
0.00555191  -0.00884218  0.00248546  0.0219205  -0.062826  -0.249508  
0.00623266  -0.00946409  0.00245516  0.0189646  -0.071274  -0.26597  
0.00592303  -0.00958287  0.00238831  0.0168163  -0.0593881  -0.223108  
0.00593583  -0.00946906  0.00257343  0.020978  -0.0584853  -0.2405  
0.00599505  -0.00950291  0.00227005  0.00981257  -0.0799133  -0.244881  
0.00595279  -0.0093469  0.00214142  0.00723913  -0.0542088  -0.260631  
0.00568693  -0.00950296  0.00220244  0.0151512  -0.0731164  -0.254088  
0.00613668  -0.010087  0.00240852  0.018537  -0.0662596  -0.27086  
0.00644677  -0.00994044  0.00245914  0.00733601  -0.0882692  -0.276824  
0.00656736  -0.00908331  0.00241712  0.00550292  -0.0514807  -0.263657  
0.00774845  -0.00915872  0.00237623  0.0187039  -0.0789932  -0.312357  
0.00763451  -0.00924058  0.00230957  0.023428  -0.0825463  -0.343119  
0.00722737  -0.00860669  0.00220111  0.024249  -0.0559379  -0.331338  
0.00712043  -0.00864396  0.00185896  0.0290819  -0.0718329  -0.334184  
0.006909  -0.00827055  0.00186862  0.0143946  -0.0629234  -0.35247  
0.0072323  -0.00869236  0.00190045  0.0257147  -0.0724028  -0.390463  
0.00687924  -0.00836899  0.00190693  0.0309761  -0.0545125  -0.41416  
0.00666494  -0.00857692  0.00174701  0.0316819  -0.0452253  -0.427313  
0.00685862  -0.00894195  0.0015213  0.0204826  -0.0544277  -0.460389  
0.00711312  -0.00900749  0.00160166  0.0227893  -0.0625843  -0.470534  
0.00677496  -0.00892989  0.00159924  0.0244747  -0.0568333  -0.469025  
0.00667752  -0.00825812  0.001603  0.0204271  -0.0570282  -0.463036  
0.00672852  -0.00859025  0.00154097  0.0188862  -0.0637954  -0.487274  
0.00696456  -0.00867929  0.00159356  0.0127034  -0.0671265  -0.505208  
0.00712075  -0.00895235  0.00147678  0.0204822  -0.0726054  -0.506948  
0.00711359  -0.00852229  0.00148343  0.0188833  -0.0666094  -0.495271  
0.00724824  -0.00755393  0.00177742  0.010535  -0.0679767  -0.469679  
0.00717365  -0.00678578  0.0018854  -0.00086075  -0.0679311  -0.510437  
0.00706475  -0.00698827  0.00167126  -0.000883558  -0.0512765  -0.477695  
0.00590534  -0.0068219  0.00167464  -0.000746691  -0.0548083  -0.414851  
0.00645293  -0.0070653  0.00175209  0.00659178  -0.0611864  -0.450662  
0.00915585  -0.00744798  0.00176942  -0.00119508  -0.0604447  -0.514412  
0.00669057  -0.00710357  0.00177531  -0.00100093  -0.0351493  -0.525179  
0.00681163  -0.00694536  0.0018861  0.00418238  -0.0398291  -0.518641  
0.00738756  -0.0073115  0.00167577  0.0045645  -0.057514  -0.539554  
0.00754766  -0.00750139  0.00172131  -0.000152957  -0.0524966  -0.567197  
0.00685113  -0.00784693  0.00188187  0.00724117  -0.0593911  -0.538253  
0.00683534  -0.00777344  0.0020869  0.0132326  -0.060196  -0.536492  
0.00637384  -0.00699115  0.00230913  0.0137106  -0.0710101  -0.548002  
0.00587086  -0.0074179  0.00235453  0.0161329  -0.0747127  -0.592406  
0.00621177  -0.00750486  0.00218923  0.016118  -0.0501567  -0.605348  
0.00614164  -0.00782253  0.00226725  0.0128106  -0.0708357  -0.611161  
0.00630813  -0.00795547  0.00243244  0.0136579  -0.0539836  -0.540229  
0.00606991  -0.00838998  0.00242402  0.0157365  -0.0251279  -0.514217  
0.00631812  -0.00826469  0.00258438  0.00663933  -0.0488406  -0.512862  
0.00652956  -0.00789494  0.00223691  0.007744  -0.0578123  -0.50633  
0.00665195  -0.00906367  0.00259236  0.0153604  -0.0340551  -0.506742  
0.00682648  -0.0088188  0.00271745  0.0153863  -0.0477361  -0.52055  
0.00736113  -0.00924795  0.00265207  0.0151745  -0.0681699  -0.532178  
0.00595378  -0.0107198  0.00328686  0.0143252  -0.0407324  -0.559452  
0.00845631  -0.00784096  0.0039455  0.0158196  -0.0445288  -0.532679  
0.0086176  -0.00653443  0.00394437  0.0316939  0.0011824  -0.494524  
0.00995291  -0.0069596  0.00435378  0.0380037  -0.0419337  -0.510037  
