0.00228704  4.23516e-22  -0.00132279  -0.26892  -0.370743  0.360679  
0.0026533  -0.000141749  -0.00137816  -0.270929  -0.382253  0.429281  
0.00241013  -5.26213e-05  -0.00113515  -0.270419  -0.377066  0.41948  
0.00214196  0.000247242  -0.000995841  -0.265528  -0.378925  0.421377  
0.00219431  0.000405906  -0.000885913  -0.268753  -0.377653  0.405868  
0.00189369  0.000394655  -0.000852316  -0.266787  -0.374421  0.409106  
0.00186942  0.000902743  -0.000663448  -0.263535  -0.386777  0.419083  
0.00201156  0.000974318  -0.00079972  -0.271356  -0.38492  0.421708  
0.00183804  0.000932736  -0.000744878  -0.267833  -0.382615  0.414139  
0.00223387  0.000586327  -0.00079972  -0.265619  -0.378387  0.412382  
0.00233955  0.000786257  -0.00079972  -0.267688  -0.37923  0.426927  
0.00221469  0.000689004  -0.00064853  -0.268372  -0.37996  0.420846  
0.0021465  0.000688762  -0.00079972  -0.271228  -0.380015  0.421082  
0.00215413  0.000693394  -0.00079972  -0.273005  -0.373842  0.418037  
0.00231222  0.000640916  -0.000666473  -0.276149  -0.381344  0.420705  
0.00225249  0.000780445  -0.00092191  -0.275604  -0.37186  0.397234  
0.00259618  0.000580149  -0.000890436  -0.280327  -0.367501  0.406281  
0.00248434  0.000733512  -0.000987568  -0.275733  -0.375816  0.41392  
0.00240543  0.000612604  -0.00104125  -0.281205  -0.387501  0.409726  
0.00230849  0.000553248  -0.00105742  -0.280721  -0.377935  0.399679  
0.00239958  0.000843933  -0.00106925  -0.280983  -0.37256  0.376653  
0.00245352  0.000710767  -0.00106067  -0.284797  -0.376178  0.392922  
0.00247985  0.000799517  -0.00119985  -0.286169  -0.39271  0.392893  
0.00244072  0.000931582  -0.00105473  -0.28351  -0.383067  0.388053  
0.00241211  0.000816894  -0.00121422  -0.271471  -0.383765  0.378649  
0.00237599  0.00105543  -0.0012504  -0.276359  -0.361172  0.358238  
0.0029241  0.00117075  -0.0012504  -0.274698  -0.380736  0.360786  
0.00262693  0.000952171  -0.0012504  -0.280444  -0.372524  0.362984  
0.00259259  0.000972737  -0.00101175  -0.275938  -0.36265  0.355058  
0.00228608  0.000882974  -0.000971795  -0.275217  -0.363477  0.382158  
0.00226813  0.0011107  -0.00105904  -0.270953  -0.355989  0.364396  
0.00208576  0.000907726  -0.000985532  -0.274557  -0.369119  0.362263  
0.00239703  0.00096421  -0.00100835  -0.274159  -0.372982  0.365766  
0.0022715  0.000935096  -0.000811524  -0.270959  -0.380459  0.37867  
0.00214546  0.000969833  -0.000811524  -0.269523  -0.37776  0.379684  
0.00218869  0.000879712  -0.000811524  -0.27218  -0.381939  0.370723  
0.00213801  0.0011227  -0.000929545  -0.276619  -0.382402  0.377161  
0.00203945  0.000637114  -0.000811524  -0.274003  -0.376873  0.366213  
0.00194418  0.00107078  -0.000931362  -0.27776  -0.383271  0.346102  
0.0018674  0.000876464  -0.00111242  -0.275763  -0.363424  0.35042  
0.00200134  0.000893401  -0.000878053  -0.275129  -0.35785  0.391406  
0.00180678  0.000823921  -0.000811525  -0.270924  -0.356402  0.397578  
0.00169139  0.000508479  -0.000648874  -0.270985  -0.350765  0.392509  
0.00169917  0.000379472  -0.000661001  -0.269946  -0.355884  0.407031  
0.00171513  0.000354989  -0.000605497  -0.271753  -0.373388  0.403541  
0.00158927  0.000314681  -0.000549788  -0.26578  -0.3561  0.386888  
0.0013017  0.000490001  -0.000590526  -0.267235  -0.357341  0.371744  
0.00122864  0.000514141  -0.000797243  -0.269617  -0.365376  0.362748  
0.00120595  0.000366307  -0.000797243  -0.264793  -0.364727  0.352887  
0.00134224  0.000372696  -0.000459544  -0.26615  -0.361267  0.332889  
0.00144762  0.000419631  -0.000723709  -0.277497  -0.35136  0.337864  
0.00151  0.000503581  -0.000535864  -0.268338  -0.362455  0.355211  
0.0013045  0.000528933  -0.000403549  -0.2678  -0.34874  0.353571  
0.00119923  0.000509893  -0.000320522  -0.266759  -0.353584  0.375187  
0.00130543  0.000700204  -0.000208284  -0.266161  -0.35462  0.377471  
0.00141588  0.000733855  -0.000208284  -0.270872  -0.36661  0.375199  
0.00152207  0.000663519  -0.000208284  -0.274268  -0.357104  0.380765  
0.00120332  0.000699431  0.000153949  -0.27819  -0.360942  0.377611  
0.00127253  0.000641568  0.000240703  -0.274895  -0.368729  0.375472  
0.00135216  0.00078021  0.000240703  -0.27533  -0.363186  0.366536  
0.00129267  0.000674748  -0.000160236  -0.281566  -0.370033  0.381254  
0.0016803  0.000525321  -6.70172e-06  -0.275535  -0.363593  0.380692  
0.00148896  0.000702645  -0.000143956  -0.278217  -0.35761  0.39791  
0.00168168  0.000713366  -0.000200743  -0.271518  -0.362216  0.381101  
0.00163962  0.000615545  -0.000170085  -0.272125  -0.353236  0.378214  
0.00155867  0.00079415  5.39792e-05  -0.273393  -0.358273  0.39403  
0.00138965  0.000660284  3.41104e-05  -0.274728  -0.365021  0.396214  
0.00173871  0.000712709  -5.52384e-05  -0.280908  -0.365598  0.386063  
0.00193851  0.000607662  -0.000319702  -0.282224  -0.369504  0.363529  
0.00200918  0.000838396  -0.000319702  -0.282743  -0.373559  0.355621  
0.00173602  0.00083785  -9.34664e-05  -0.278201  -0.343654  0.352896  
0.00173291  0.00096078  -5.48303e-05  -0.274823  -0.349701  0.354527  
0.00178565  0.000955622  -0.000141381  -0.278109  -0.349564  0.336706  
0.00162849  0.00089596  -4.96023e-05  -0.275442  -0.351214  0.343134  
0.00143456  0.000908179  -0.000233888  -0.273406  -0.34171  0.322587  
0.00167424  0.00095634  -0.000282133  -0.280063  -0.365821  0.321403  
0.00151001  0.000979416  -0.000248179  -0.280439  -0.359213  0.325226  
0.00169131  0.000947226  -0.000278836  -0.274083  -0.357334  0.331477  
0.00172379  0.000944285  -0.000211352  -0.270295  -0.356264  0.344562  
0.0017122  0.00115052  -0.000211352  -0.273263  -0.359981  0.362875  
0.00165737  0.00112323  -0.00026892  -0.27049  -0.354915  0.359329  
0.00162873  0.00102529  -0.000296356  -0.268948  -0.340087  0.352709  
0.00144037  0.00118595  -0.000270742  -0.260307  -0.340879  0.366815  
0.00180197  0.000811947  -0.000313139  -0.252666  -0.317649  0.365811  
0.00175861  0.000892827  -0.000520641  -0.260093  -0.335677  0.325981  
0.00197048  0.000708407  -0.000454163  -0.265347  -0.32421  0.315418  
0.00199944  0.000724541  -0.000777968  -0.26491  -0.359816  0.285078  
0.0021955  0.000721622  -0.000777968  -0.262519  -0.329184  0.343305  
0.00193312  0.000721283  -0.000615593  -0.255257  -0.299716  0.316304  
0.00192398  0.000714261  -0.000527967  -0.251551  -0.315876  0.313831  
0.0019648  0.000752907  -0.000617979  -0.257672  -0.311023  0.319394  
0.00189878  0.000744293  -0.000625411  -0.254671  -0.312412  0.322214  
0.00172651  0.0007685  -0.000527968  -0.251329  -0.306088  0.323623  
0.00175794  0.000698046  -0.000777967  -0.250612  -0.3101  0.313163  
0.00162546  0.000603305  -0.000697867  -0.246572  -0.305968  0.314464  
0.00163624  0.000591481  -0.000777968  -0.255199  -0.319103  0.336228  
0.00153517  0.000831766  -0.000777968  -0.253801  -0.333864  0.315371  
0.0015709  0.000597862  -0.000527968  -0.247431  -0.303375  0.318329  
0.00187311  0.000560343  -0.000608724  -0.243894  -0.315797  0.327186  
0.00206573  0.00058311  -0.00072234  -0.243421  -0.329415  0.30838  
0.00178076  0.000490838  -0.000641296  -0.245741  -0.297627  0.31293  
0.00178807  0.00056344  -0.00072234  -0.244616  -0.309772  0.316683  
0.00183037  0.000429112  -0.00072234  -0.241394  -0.297923  0.314026  
0.00206083  0.000515552  -0.00072234  -0.242167  -0.30113  0.321942  
0.0018282  0.000344966  -0.000706497  -0.234913  -0.296522  0.297006  
0.00214645  0.000252199  -0.000524427  -0.222024  -0.297992  0.281866  
0.00194087  0.000401525  -0.000312791  -0.231183  -0.299451  0.294201  
0.00199521  0.000361951  -0.00031064  -0.226196  -0.295263  0.296822  
0.00179297  0.000121019  -0.000454574  -0.235932  -0.304196  0.291895  
0.00190425  0.000183001  -0.000405288  -0.231392  -0.302343  0.293568  
0.00184868  0.00010495  -0.000372072  -0.231438  -0.313512  0.299277  
0.00181859  0.000104901  -0.000529921  -0.224995  -0.303467  0.29285  
0.00155685  5.42348e-05  -0.000512068  -0.223669  -0.284327  0.280368  
0.00127155  0.00029203  -0.000475492  -0.212793  -0.293403  0.276832  
0.00158142  8.69871e-05  -0.000426679  -0.211303  -0.289849  0.273813  
0.00157219  0.000113951  -0.000424371  -0.209411  -0.286156  0.2711  
0.00127793  -5.25736e-05  -0.000417935  -0.212892  -0.293454  0.273813  
0.00122233  0.000109775  -0.000353406  -0.205716  -0.290774  0.27567  
0.00106113  -0.000115073  -0.000648474  -0.204128  -0.27861  0.276858  
0.00121389  -1.85056e-05  -0.000474515  -0.199989  -0.272358  0.234223  
0.00126047  7.23521e-05  -0.000506733  -0.207037  -0.262221  0.248262  
0.00140521  -4.309e-06  -0.000391072  -0.20469  -0.284518  0.252198  
0.00155847  7.95495e-06  -0.000408698  -0.205745  -0.289873  0.284448  
0.000882436  0.000197155  -0.000244094  -0.211665  -0.297615  0.315081  
0.000783363  0.000172992  -0.000141026  -0.202733  -0.296947  0.287468  
0.000871058  -1.94474e-05  -0.000216568  -0.206014  -0.28364  0.277421  
0.000869904  0.000107903  -0.000216568  -0.197745  -0.271372  0.277401  
0.000925554  0.000175801  -0.000216568  -0.202836  -0.269577  0.285919  
0.000808267  -3.63941e-06  -0.000157037  -0.19733  -0.27769  0.290294  
0.000719707  7.33285e-05  -0.000216568  -0.198596  -0.270228  0.269809  
0.000775394  -0.000109435  -0.000216568  -0.192261  -0.287762  0.285228  
0.000713029  4.3289e-05  -0.000216568  -0.186967  -0.275861  0.275175  
0.000854054  0.000124735  -0.000216568  -0.193326  -0.274919  0.281552  
0.000718749  9.17753e-05  -0.000216568  -0.194127  -0.261061  0.262193  
0.000600094  4.65568e-05  -0.000216568  -0.189155  -0.268622  0.264855  
0.000453475  2.8512e-05  -0.000216568  -0.191396  -0.27863  0.276145  
0.00058719  -4.21558e-05  -0.000216568  -0.190169  -0.271452  0.265442  
0.000567211  -9.94019e-05  -0.000216568  -0.192105  -0.252416  0.243621  
0.000635566  -8.56221e-05  -0.000216568  -0.190125  -0.262963  0.2597  
0.000707007  -5.99885e-05  -0.000216568  -0.18634  -0.270683  0.265597  
0.000657407  -0.000121055  -0.000327561  -0.19442  -0.276868  0.24862  
0.000528061  -8.84611e-06  -0.000216568  -0.195874  -0.24415  0.259381  
0.000610781  -3.9428e-05  -0.000216568  -0.198652  -0.285397  0.267965  
0.000547123  -4.12171e-05  -0.000216568  -0.195034  -0.264365  0.265484  
0.000692323  0.00012199  -0.000216568  -0.196706  -0.257904  0.265032  
0.000865928  0.000160837  -0.000216568  -0.194856  -0.250645  0.227118  
0.000751999  0.000114829  -0.000365384  -0.201156  -0.246105  0.239717  
0.000437324  6.63669e-05  -0.000512878  -0.201535  -0.25026  0.217093  
0.000398495  0.000165542  -0.00041735  -0.197711  -0.257785  0.220438  
0.000668153  8.96414e-05  -0.000532043  -0.200435  -0.280685  0.211229  
0.000477613  0.000161257  -0.000460061  -0.195493  -0.278757  0.217064  
0.000553565  0.000203761  -0.000437815  -0.194938  -0.265924  0.224941  
0.000244647  0.000339821  -0.000476511  -0.193169  -0.250873  0.218395  
0.00031774  0.000185438  -0.000432327  -0.189612  -0.251589  0.228265  
0.00022378  0.000284165  -0.000576952  -0.197127  -0.248463  0.242428  
0.000309114  0.000218685  -0.000530186  -0.201914  -0.241664  0.233614  
0.000222754  0.000187863  -0.000530186  -0.201054  -0.240098  0.227074  
0.000229986  0.00010226  -0.000403932  -0.186268  -0.245673  0.234473  
0.000282907  0.000124049  -0.000425012  -0.181062  -0.270127  0.239228  
0.000690203  0.000188593  -0.00054057  -0.17962  -0.26135  0.219801  
0.000781379  0.000178349  -0.000521543  -0.182587  -0.240993  0.208669  
0.000805167  0.000274621  -0.000736014  -0.18017  -0.267917  0.208613  
0.000708545  0.000130139  -0.000384085  -0.185073  -0.254188  0.228359  
0.000549505  0.000159762  -0.000449387  -0.186809  -0.248142  0.251899  
0.000234496  0.000157261  -0.000530019  -0.189801  -0.243047  0.253665  
2.17885e-05  0.00013697  -0.000514364  -0.187629  -0.245284  0.251416  
-0.000163842  0.00018526  -0.000449387  -0.18385  -0.237795  0.250949  
-0.000332197  0.000149627  -0.000449387  -0.181309  -0.233688  0.240304  
-0.000402517  0.000156862  -0.00020453  -0.184939  -0.244105  0.236051  
-0.000148295  0.000418059  -0.000154937  -0.187527  -0.232422  0.202117  
-0.000462925  0.000418903  -0.000147085  -0.183088  -0.253853  0.206439  
-0.000315504  0.000229837  -0.000218454  -0.181609  -0.250034  0.216085  
-0.000159146  0.000230387  -0.000266798  -0.174093  -0.262002  0.192085  
-3.97665e-05  0.000431795  -0.000156168  -0.167234  -0.209152  0.189187  
-3.81461e-05  0.000281956  -5.29374e-06  -0.169901  -0.21169  0.188087  
-0.000386883  0.000339046  -4.86662e-05  -0.17118  -0.209553  0.171902  
-0.000321407  0.000303535  -0.00034567  -0.174136  -0.222599  0.169627  
-0.000510668  0.000433015  -0.000402602  -0.174343  -0.216954  0.171838  
-0.000361211  0.000149167  -0.000152602  -0.179002  -0.217355  0.17831  
-0.000207092  0.000239982  -7.88096e-05  -0.167771  -0.209459  0.157303  
-7.90939e-05  0.000127989  -0.000184444  -0.160109  -0.21074  0.141666  
-0.000271083  1.40267e-05  -0.000150139  -0.157519  -0.213702  0.153109  
-0.000478822  -8.22239e-06  -0.00014797  -0.154109  -0.222798  0.153058  
-0.00047958  3.2204e-05  -0.000113473  -0.15224  -0.212073  0.153089  
-0.000549664  -5.05178e-05  -2.05437e-05  -0.147491  -0.206767  0.163933  
-0.000404358  -9.88208e-05  -7.75896e-05  -0.145869  -0.205379  0.174687  
-0.000284124  4.09559e-05  5.16318e-05  -0.146592  -0.218553  0.166479  
-0.000482131  6.88047e-05  -0.000162439  -0.140386  -0.220859  0.170031  
-0.000608141  -5.22087e-05  -3.81975e-06  -0.138002  -0.210643  0.157686  
-0.000737623  -5.62507e-06  -8.75495e-05  -0.134792  -0.212963  0.148638  
-0.00108444  -4.39762e-06  -2.54696e-05  -0.132265  -0.201579  0.140757  
-0.00103536  -0.000108704  0.000111287  -0.133192  -0.20641  0.16895  
-0.000984828  1.95852e-05  0.000111287  -0.144902  -0.205256  0.182041  
-0.00104888  -2.73797e-05  -4.02784e-06  -0.149062  -0.211659  0.165492  
-0.000953227  -4.72367e-05  6.02885e-05  -0.141286  -0.212404  0.148148  
-0.00068463  1.15097e-06  0.000111287  -0.142402  -0.212402  0.152039  
-0.000788054  0.000113272  5.7607e-05  -0.148628  -0.206624  0.150287  
-0.00106188  0.000137853  0.000111287  -0.14796  -0.201003  0.165141  
-0.000935248  5.66318e-05  4.68408e-05  -0.150249  -0.181818  0.141161  
-0.000946188  0.000104047  0.000292449  -0.142212  -0.202962  0.133074  
-0.00069831  3.55379e-05  0.000169286  -0.142521  -0.190771  0.11845  
-0.000642811  0.000211182  0.000111287  -0.138103  -0.197154  0.115225  
-0.000776837  7.26845e-05  0.000178417  -0.138576  -0.177714  0.118055  
-0.000889777  -2.00775e-05  0.00026859  -0.1323  -0.186619  0.10853  
-0.000755569  0.000123306  0.000248594  -0.128826  -0.194181  0.0950152  
-0.000774673  -9.90688e-05  0.000248703  -0.121622  -0.190342  0.108337  
-0.000656568  -8.13445e-05  0.000410815  -0.117152  -0.197749  0.121615  
-0.000337697  -0.0001045  0.000293916  -0.126582  -0.198945  0.0924819  
-0.000526228  -0.000115909  0.000164301  -0.122579  -0.164287  0.0910803  
-0.0001906  -0.000296395  0.000199185  -0.120931  -0.180983  0.10354  
-0.000466909  -0.000246097  0.00011315  -0.114296  -0.178169  0.122179  
-0.000637063  -0.000141138  0.000206257  -0.112062  -0.169936  0.129332  
-0.000799191  -0.000177881  0.00011315  -0.108859  -0.179276  0.117694  
-0.000900032  -0.000136868  0.000163486  -0.108104  -0.170129  0.114156  
-0.000938528  -0.000168262  0.00011315  -0.113767  -0.170624  0.106675  
-0.000916904  4.1225e-06  0.00011315  -0.119241  -0.184243  0.095707  
-0.000742974  -3.52745e-05  0.00011315  -0.12618  -0.180036  0.110622  
-0.00092228  -0.000129374  -8.1372e-05  -0.129012  -0.182836  0.127045  
-0.000978091  -0.000204305  -5.55192e-05  -0.132769  -0.191  0.125055  
-0.000894237  -0.000142404  6.68073e-06  -0.132618  -0.178205  0.113377  
-0.000982232  -0.000273667  -0.000161677  -0.119668  -0.184242  0.138361  
-0.000882148  -0.000179855  -0.000296044  -0.117749  -0.195036  0.0932115  
-0.00102063  -0.000319704  -0.000193149  -0.112905  -0.153157  0.0805006  
-0.000909966  -0.000319704  -8.83104e-05  -0.109817  -0.172973  0.0742787  
-0.000678871  -0.000412027  -2.88789e-05  -0.10741  -0.174475  0.106625  
-0.000721857  -0.00048273  -6.19461e-05  -0.104148  -0.174312  0.131485  
-0.00083544  -0.000373697  -0.000177812  -0.104955  -0.192695  0.107164  
-0.00166367  -0.000317721  -0.000153419  -0.103836  -0.189215  0.0364439  
-0.00113608  -0.000336019  -0.000179531  -0.107033  -0.178177  0.082684  
-0.000860819  -0.000444187  -0.000271412  -0.100372  -0.175673  0.103823  
-0.000979315  -0.000436379  -6.38299e-05  -0.103696  -0.174721  0.109726  
-0.00140783  -0.000455607  -0.000197472  -0.101203  -0.179532  0.0980828  
-0.000642392  -0.000667938  -0.000205778  -0.0996695  -0.173084  0.11831  
-0.000988843  -0.000717237  -0.000261065  -0.105216  -0.175747  0.118121  
-0.00116377  -0.000444201  -0.000204838  -0.101486  -0.18132  0.109619  
-0.00110755  -0.000608811  -0.00015016  -0.0957489  -0.169416  0.111339  
-0.00101946  -0.000608811  -3.44383e-05  -0.100498  -0.162226  0.116897  
-0.000939957  -0.000519683  0.000123095  -0.0967707  -0.178472  0.110866  
-0.00101925  -0.000382882  0.000123095  -0.101532  -0.179791  0.109087  
-0.00109094  -0.00026096  0.000335908  -0.10169  -0.174054  0.108998  
-0.00110598  -0.000246778  0.000363308  -0.102816  -0.156393  0.12101  
-0.000564184  -2.17275e-05  0.00030335  -0.100913  -0.178893  0.0687033  
-0.000897626  -0.000147021  -3.03098e-05  -0.107862  -0.173469  0.111533  
-0.00143751  -0.000208472  0.000123095  -0.11583  -0.161449  0.13551  
-0.001029  -0.000315551  0.000226613  -0.11417  -0.150224  0.128557  
-0.00127258  -0.000327147  0.000177221  -0.107176  -0.178665  0.135541  
-0.00132048  -0.000330652  0.000123095  -0.107145  -0.170568  0.14944  
-0.00156737  -0.000280796  0.000260563  -0.109561  -0.174748  0.147478  
-0.00174348  -0.000289956  0.000237465  -0.109937  -0.135764  0.119302  
-0.00205366  -0.00045702  0.000123095  -0.108489  -0.184658  0.116876  
-0.00179089  -0.000341542  0.000123095  -0.0981961  -0.174081  0.133397  
-0.00167175  -0.00020702  0.000123095  -0.0936594  -0.177497  0.141651  
-0.00179891  -0.000242675  0.000183133  -0.100313  -0.179372  0.139161  
-0.00189719  -0.000283497  0.000241551  -0.10072  -0.166392  0.141262  
-0.00236423  -0.000401802  0.000238864  -0.103849  -0.150234  0.129624  
-0.00222585  -0.000491388  0.000425558  -0.098811  -0.170619  0.143278  
-0.00209047  -0.00041345  0.000492957  -0.0958887  -0.165041  0.13364  
-0.00202233  -0.000433438  0.000334952  -0.0949204  -0.173394  0.116762  
-0.00259748  -0.000552455  0.000363223  -0.0885364  -0.168991  0.12456  
-0.00281687  -0.000559057  0.000200428  -0.0873587  -0.174667  0.104472  
-0.00307264  -0.000273442  0.00039333  -0.0869371  -0.179522  0.103178  
-0.00242089  -0.000353141  0.000400253  -0.0926289  -0.194792  0.156028  
-0.00282161  -0.000265816  0.000496126  -0.0941802  -0.17993  0.161133  
-0.00312729  -0.00047602  0.000541316  -0.0946459  -0.168869  0.147299  
-0.00338818  -0.000485087  0.000686137  -0.0888196  -0.152401  0.135486  
-0.00300169  -0.000467813  0.000869204  -0.0882973  -0.177969  0.163739  
-0.00298983  -0.000353141  0.000577829  -0.0975183  -0.17054  0.161718  
-0.00316413  -0.000603141  0.000729736  -0.0935424  -0.183488  0.165611  
-0.00285997  -0.000474238  0.00068679  -0.084514  -0.166632  0.17969  
-0.00331415  -0.000492051  0.000713382  -0.0851494  -0.169085  0.174852  
-0.00323979  -0.000658608  0.000657498  -0.0873595  -0.170587  0.181465  
-0.00331642  -0.000510737  0.000638649  -0.0910483  -0.175129  0.192683  
-0.00352499  -0.000393963  0.000545412  -0.0933598  -0.166423  0.16921  
-0.00321529  -0.000537905  0.000545412  -0.0904398  -0.172756  0.174351  
-0.00318362  -0.000465595  0.000545412  -0.0867947  -0.165583  0.168247  
-0.00333029  -0.000643963  0.00123539  -0.0837897  -0.181333  0.190641  
-0.00391618  -0.000643963  0.00137511  -0.0831283  -0.180367  0.177274  
-0.00376962  -0.000643963  0.00112242  -0.0969365  -0.187887  0.186884  
-0.00364078  -0.000631452  0.000869654  -0.0994746  -0.185403  0.200488  
-0.00363308  -0.000810616  0.00103305  -0.0876346  -0.191399  0.203247  
-0.00380307  -0.000348146  0.00059769  -0.0835962  -0.180811  0.189134  
-0.0038083  -0.000367674  0.000627401  -0.0966112  -0.165806  0.182223  
-0.00421504  -0.000719734  0.000896746  -0.0866599  -0.154123  0.180515  
-0.0041511  -0.000572574  0.000545412  -0.0851916  -0.15726  0.173669  
-0.00428427  -0.000587972  0.000545412  -0.0884544  -0.168036  0.143955  
-0.0042452  -0.000469816  0.000463045  -0.0992304  -0.178734  0.149263  
-0.00428563  -0.000435401  0.000490262  -0.0916563  -0.159601  0.166841  
-0.00450779  -0.000816135  0.000825963  -0.0837123  -0.162455  0.159597  
-0.00466515  -0.000770953  0.00103828  -0.0802077  -0.161291  0.14552  
-0.00445442  -0.000774344  0.00100859  -0.085681  -0.18307  0.159993  
-0.00435546  -0.000497981  0.000744562  -0.095484  -0.175241  0.164029  
-0.00422997  -0.000508338  0.000729431  -0.0917311  -0.177651  0.171861  
-0.00451244  -0.000429984  0.00117832  -0.0795782  -0.151101  0.152388  
-0.00479633  -0.000507809  0.0014144  -0.0727054  -0.132899  0.149949  
-0.00494565  -0.000602257  0.00126284  -0.0828994  -0.151772  0.118547  
-0.00491489  -0.000707199  0.00129004  -0.0821271  -0.180748  0.125045  
-0.00473323  -0.000641949  0.00139092  -0.0753664  -0.201292  0.132033  
-0.00449317  -0.00081265  0.00177795  -0.0588188  -0.184032  0.162367  
-0.00471016  -0.000803999  0.0018183  -0.0670255  -0.175684  0.179197  
-0.00451797  -0.000895751  0.0015344  -0.0593964  -0.192882  0.149808  
-0.00477037  -0.000672981  0.00148965  -0.0799858  -0.122599  0.145321  
-0.00397538  -0.000549524  0.0016112  -0.0800091  -0.181004  0.152083  
-0.00404083  -0.000724101  0.00185912  -0.0779976  -0.169872  0.180656  
-0.00435655  -0.000863275  0.00188995  -0.0670372  -0.158452  0.173173  
-0.00460208  -0.00103785  0.00202365  -0.0670638  -0.159234  0.16639  
-0.00437656  -0.00110542  0.00205446  -0.062991  -0.162723  0.183888  
-0.00447632  -0.000863275  0.00207379  -0.062727  -0.157329  0.158462  
-0.00458956  -0.000756994  0.001856  -0.0643357  -0.19067  0.133337  
-0.00420874  -0.00099957  0.00202148  -0.0610062  -0.197178  0.170705  
-0.00430239  -0.00105899  0.0017838  -0.0635474  -0.187432  0.175604  
-0.00430373  -0.00104673  0.00182787  -0.0605553  -0.188672  0.170596  
-0.00440253  -0.000863275  0.00163753  -0.0615398  -0.181975  0.165593  
-0.00392688  -0.000532699  0.00173739  -0.0617803  -0.125054  0.117689  
-0.00343261  -0.000785483  0.00118253  -0.0685352  -0.161028  0.122989  
-0.0037947  -0.000863275  0.00132843  -0.0606507  -0.146745  0.109023  
-0.00396033  -0.000756655  0.00126293  -0.0647249  -0.126959  0.0935769  
-0.0040089  -0.000783229  0.00127386  -0.0626533  -0.14051  0.0967306  
-0.0040521  -0.000767617  0.000941751  -0.0715447  -0.152423  0.0866851  
-0.00375704  -0.000745093  0.00132057  -0.0577205  -0.173046  0.0780795  
-0.00402584  -0.000649345  0.000845364  -0.0690458  -0.158209  0.0851897  
-0.00408128  -0.000863274  0.00112853  -0.0525598  -0.158472  0.0866082  
-0.00404241  -0.000755529  0.00144266  -0.0380032  -0.158207  0.0910964  
-0.00385193  -0.000863275  0.00165757  -0.0354319  -0.143269  0.115491  
-0.00335667  -0.000863274  0.00108832  -0.0446717  -0.200943  0.119814  
-0.00413725  -0.000863274  0.00127203  -0.0418491  -0.13587  0.0956479  
-0.00415249  -0.000919765  0.00135944  -0.0447667  -0.131351  0.102222  
-0.00397457  -0.000972304  0.00154408  -0.0418766  -0.134985  0.123432  
-0.00417376  -0.00124307  0.00159276  -0.0334898  -0.137448  0.127743  
-0.00443758  -0.00129449  0.00150291  -0.0282615  -0.163604  0.120361  
-0.00474006  -0.000940157  0.00169044  -0.0235303  -0.169  0.132019  
-0.00444746  -0.00126477  0.00162962  -0.0241575  -0.178028  0.13563  
-0.00473133  -0.00132185  0.00171289  -0.0217141  -0.176781  0.152474  
-0.00474539  -0.00128164  0.00168004  -0.0295135  -0.168969  0.146135  
-0.00473409  -0.00118726  0.00160621  -0.0275404  -0.171671  0.145098  
-0.00507884  -0.00102342  0.00159445  -0.0281876  -0.131984  0.14643  
-0.00413977  -0.000863274  0.00113812  -0.0301457  -0.161412  0.101817  
-0.00378977  -0.00128784  0.00108643  -0.0225904  -0.148742  0.0839531  
-0.0038686  -0.00126509  0.0013679  -0.0122277  -0.162229  0.0928046  
-0.00398414  -0.00103784  0.00150091  -0.0184418  -0.155507  0.114583  
-0.00403157  -0.00106333  0.0016066  -0.0149202  -0.162655  0.155054  
-0.00454427  -0.00112569  0.00161768  -0.0224543  -0.150772  0.183633  
-0.00470146  -0.0013027  0.00167136  -0.0269211  -0.151854  0.176923  
-0.00475389  -0.00118818  0.00165804  -0.0203026  -0.153671  0.181973  
-0.0046319  -0.00131558  0.00166046  -0.0247042  -0.15763  0.171508  
-0.00466772  -0.00147408  0.00159786  -0.0162319  -0.17196  0.177348  
-0.00465647  -0.00121551  0.0012679  -0.0364813  -0.151207  0.149881  
-0.00487762  -0.00117748  0.00143532  -0.0334776  -0.12604  0.133338  
-0.00462321  -0.00125016  0.00133563  -0.0319571  -0.154349  0.13294  
-0.00459531  -0.00111799  0.00130894  -0.0322577  -0.164255  0.118037  
-0.00487072  -0.000934286  0.00130549  -0.0342402  -0.125628  0.0961745  
-0.00453248  -0.00113127  0.00100043  -0.042652  -0.147188  0.0982527  
-0.00432636  -0.00148572  0.000955899  -0.0400647  -0.148114  0.122258  
-0.00438762  -0.00128652  0.00121458  -0.0332915  -0.143092  0.14174  
-0.00483405  -0.0012815  0.00150603  -0.0222404  -0.12905  0.14057  
-0.00506806  -0.00144462  0.00153519  -0.0174069  -0.120609  0.13849  
-0.00496372  -0.00144342  0.0013787  -0.0124364  -0.1395  0.126641  
-0.00476545  -0.00147695  0.00128221  -0.0203306  -0.145958  0.123845  
-0.0047506  -0.00164057  0.00108496  -0.0241139  -0.127558  0.110516  
-0.00488659  -0.00123468  0.00125107  -0.0242128  -0.110481  0.105386  
-0.00478166  -0.00115793  0.00142355  -0.0195525  -0.15367  0.134604  
-0.00478086  -0.00116043  0.00134278  -0.0288797  -0.153722  0.142941  
-0.00480821  -0.00132727  0.00109425  -0.037562  -0.144766  0.140163  
-0.00478094  -0.00164175  0.000988402  -0.0266289  -0.138476  0.128662  
-0.00512533  -0.00159591  0.00144256  -0.0192139  -0.136368  0.14503  
-0.0048763  -0.00159753  0.00135688  -0.0119641  -0.116458  0.120439  
-0.00475889  -0.00157329  0.00138217  -0.00885823  -0.119237  0.115364  
-0.00469486  -0.00156915  0.00123591  -0.0208652  -0.13632  0.124753  
-0.00478257  -0.00173155  0.00106034  -0.0246979  -0.132794  0.118264  
-0.00493135  -0.00159264  0.00136037  -0.0200641  -0.122395  0.124274  
-0.0048482  -0.00164949  0.00151317  -0.0154569  -0.128794  0.108694  
-0.00444523  -0.00144419  0.00145502  0.00900965  -0.1432  0.110858  
-0.00452608  -0.0012959  0.00139075  0.0119102  -0.130892  0.132922  
-0.00423025  -0.00154995  0.00127795  0.00371319  -0.147739  0.137864  
-0.00446843  -0.00157716  0.00162257  0.00790931  -0.132111  0.159049  
-0.00432922  -0.00159277  0.00152433  0.0108038  -0.127494  0.163589  
-0.00471306  -0.00133133  0.0017449  0.0115663  -0.115029  0.156626  
-0.00439175  -0.00118703  0.00151525  0.00664746  -0.0842424  0.117893  
-0.00473078  -0.00113885  0.00140035  0.0010826  -0.176591  0.133128  
-0.00527462  -0.000920263  0.00133354  0.000335285  -0.116473  0.116652  
-0.00507831  -0.00125052  0.0014353  -0.000201755  -0.141433  0.124362  
-0.00515253  -0.00152374  0.00135022  -0.00439155  -0.138088  0.168694  
-0.00504797  -0.00148139  0.00147695  0.000536644  -0.168196  0.188101  
-0.0052934  -0.00148027  0.0014416  0.00670885  -0.140941  0.170079  
-0.00532672  -0.00147213  0.00149711  0.0114671  -0.126167  0.170527  
-0.00535152  -0.00123139  0.00135598  0.0125277  -0.126297  0.145939  
-0.00550006  -0.00123139  0.00143016  0.0091169  -0.102804  0.140281  
-0.00573608  -0.00162979  0.00156914  0.00726374  -0.115171  0.153985  
-0.00585122  -0.00130858  0.00156579  0.00271182  -0.135775  0.142307  
-0.00578633  -0.00134785  0.00138266  0.00127766  -0.131196  0.131693  
-0.00567041  -0.00154565  0.00145837  0.00370311  -0.128802  0.134904  
-0.0058561  -0.00167746  0.00141658  0.00665757  -0.143164  0.11136  
-0.00587584  -0.00164723  0.00126041  0.00688341  -0.138436  0.0975754  
-0.00615396  -0.00191897  0.00103332  0.00983485  -0.139675  0.104233  
-0.00592374  -0.00155304  0.00100129  0.0273128  -0.115271  0.08841  
-0.0058289  -0.00170642  0.000562944  0.00304983  -0.112321  0.0523769  
-0.00526561  -0.00141019  0.0007299  -0.00573207  -0.130185  0.0642878  
-0.0053883  -0.00124739  0.00080104  0.0028252  -0.124574  0.094309  
-0.00565003  -0.00162867  0.000914026  0.00762088  -0.112523  0.115021  
-0.0056191  -0.00166849  0.000923362  0.0135679  -0.115011  0.119908  
-0.00561261  -0.00131777  0.00122577  0.00271947  -0.138716  0.101681  
-0.00577654  -0.00166484  0.00124165  0.00826747  -0.138014  0.118138  
-0.00587832  -0.00170968  0.00146953  0.0160991  -0.138775  0.129243  
-0.00593389  -0.00156023  0.00140621  0.0141032  -0.101466  0.122964  
-0.00581088  -0.00138213  0.00129988  0.00236964  -0.114576  0.126136  
-0.00525509  -0.00170851  0.000628665  0.0179838  -0.157898  0.0929475  
-0.00574392  -0.00168027  0.000846377  0.0126676  -0.115539  0.118878  
-0.00540348  -0.00176465  0.000956551  -0.00439639  -0.15875  0.140127  
-0.00565753  -0.00160588  0.000924627  -0.00639822  -0.144545  0.139187  
-0.00611431  -0.00160588  0.00115375  0.000750874  -0.12725  0.13282  
-0.0058916  -0.00172898  0.00081705  -0.00654649  -0.132522  0.149392  
-0.00577676  -0.00163992  0.00092296  -0.0112499  -0.12992  0.15784  
-0.00565578  -0.00166648  0.00107864  0.000910043  -0.126921  0.162637  
-0.00592321  -0.00173529  0.00104462  0.00307001  -0.133817  0.154193  
-0.00572727  -0.00194447  0.00087101  0.000648495  -0.141598  0.156118  
-0.00585261  -0.00169613  0.000974594  -0.0076981  -0.136459  0.15048  
-0.00585615  -0.0016916  0.000954428  -0.0129917  -0.145484  0.123985  
-0.00581759  -0.001571  0.00102183  -0.0138001  -0.161116  0.132533  
-0.00598368  -0.00192202  0.000836377  -0.0185111  -0.133365  0.159479  
-0.00602588  -0.0015901  0.000676425  -0.0308847  -0.139439  0.15613  
-0.00601288  -0.0013401  0.000704507  -0.0331154  -0.128165  0.161956  
-0.00590536  -0.00146963  0.000466737  -0.0444727  -0.12042  0.172725  
-0.00555703  -0.00182227  0.000744966  -0.0218535  -0.123282  0.17848  
-0.00606948  -0.0015395  0.000813149  -0.0222593  -0.11856  0.1377  
-0.00592641  -0.000738705  0.000392964  -0.0476792  -0.115454  0.13954  
-0.00549124  -0.000798688  0.000241772  -0.0511489  -0.125322  0.134477  
-0.00595552  -0.0013565  -3.36479e-05  -0.0449347  -0.143695  0.134161  
-0.0055595  -0.00122606  -0.000185954  -0.0561291  -0.14828  0.137223  
-0.00540905  -0.000660331  9.97377e-05  -0.0685611  -0.1304  0.152424  
-0.00568182  -0.00122606  0.000144189  -0.0587485  -0.127274  0.158371  
-0.00614404  -0.00122606  0.000195203  -0.0526173  -0.104404  0.142915  
-0.00590473  -0.00122606  0.000323414  -0.0557523  -0.120907  0.148799  
-0.00576571  -0.00102856  -3.36479e-05  -0.0599078  -0.130748  0.145938  
-0.00581963  -0.000970713  -0.000273657  -0.0565435  -0.14292  0.140383  
-0.00574979  -0.00122606  -3.36479e-05  -0.0513634  -0.112422  0.14007  
-0.00566544  -0.000555257  7.78751e-05  -0.0598063  -0.126097  0.146062  
-0.00573629  -0.0010195  -3.36479e-05  -0.055794  -0.129538  0.151022  
-0.00572789  -0.000953649  -0.000490008  -0.0563071  -0.138469  0.131375  
-0.00558725  -0.000647498  -0.00057453  -0.0550387  -0.130239  0.108454  
-0.00556664  -0.00061772  -0.000624541  -0.0575558  -0.116969  0.112359  
-0.00549082  -0.000757245  -0.000539072  -0.0613885  -0.102053  0.132749  
-0.00587829  -0.000476347  -0.000217396  -0.0606309  -0.10093  0.117056  
-0.00560499  -0.000281974  -0.000276369  -0.0625622  -0.125289  0.107898  
-0.00486918  -0.000687996  -0.000979595  -0.040937  -0.128521  0.119244  
-0.00518488  -0.00106603  -0.00073519  -0.0486066  -0.125776  0.10749  
-0.00507417  -0.000851776  -0.000395221  -0.0614418  -0.121527  0.112911  
-0.00497407  -0.00124141  -0.000133351  -0.0471432  -0.120088  0.122  
-0.00529691  -0.000726042  -8.02657e-05  -0.0537732  -0.109977  0.118654  
-0.00557437  -0.00080971  -8.02657e-05  -0.0564957  -0.101623  0.101453  
-0.00583503  -0.000809709  -0.000254383  -0.0618163  -0.0945842  0.0949583  
-0.00570136  -0.000416901  -8.02657e-05  -0.0640125  -0.0988149  0.092905  
-0.00561873  -0.0002586  2.60039e-05  -0.0659747  -0.105467  0.0924576  
-0.00579413  -0.000208097  -2.94595e-05  -0.0636636  -0.10251  0.0657804  
-0.00558915  -0.000255412  -0.000172782  -0.0746756  -0.121986  0.0790459  
-0.00563763  -0.000402464  -0.000324505  -0.0719783  -0.115682  0.0742271  
-0.00559947  -0.000260573  -0.000272931  -0.0715728  -0.10537  0.0824468  
-0.00550263  -0.000308195  -0.000265897  -0.0678321  -0.0945936  0.0862013  
-0.0057406  -0.000458008  -0.000150214  -0.0640216  -0.0762702  0.0936467  
-0.00566281  -0.000517044  -0.000216261  -0.0601942  -0.123531  0.0701862  
-0.00528201  -0.000463184  -0.000313867  -0.0620557  -0.105639  0.0376675  
-0.00548931  -0.000272339  -0.000136593  -0.0669623  -0.0988446  0.0447464  
-0.00534283  -0.000151069  -0.000253845  -0.0631154  -0.102477  0.0465599  
-0.00523941  -0.000809709  -0.000453725  -0.0655824  -0.0984097  0.068699  
-0.00513687  -0.000809709  -0.000555097  -0.0620121  -0.102635  0.0596475  
-0.0050024  -0.000682401  -0.000867663  -0.0523165  -0.10143  0.0463535  
-0.00451757  -0.000809709  -0.000882729  -0.0474998  -0.097564  0.0542636  
-0.00430027  -0.000994673  -0.000826184  -0.048268  -0.11391  0.0698944  
-0.00363818  -0.000729586  -0.00107202  -0.0446357  -0.115361  0.0415409  
-0.00367973  -0.000361146  -0.00107381  -0.0349659  -0.113923  0.0529197  
-0.00410715  -3.36131e-05  -0.000390646  -0.0571616  -0.0918234  0.0188824  
-0.00399396  -0.000201654  -0.000904778  -0.0535581  -0.100559  0.0348214  
-0.00338743  -0.000461766  -0.000951435  -0.0602564  -0.0816448  0.00888299  
-0.00356302  -0.000373287  -0.000808947  -0.0534085  -0.0957386  -0.00615296  
-0.00351845  -0.000414283  -0.000865252  -0.0541678  -0.103927  -0.00597692  
-0.00330738  -0.000662864  -0.000906987  -0.0500554  -0.0927661  -0.0255054  
-0.00340261  -0.0011862  -0.000738004  -0.0397641  -0.10255  -0.00801487  
-0.00362887  -0.00021617  -0.000426001  -0.0523987  -0.0916223  0.000264703  
-0.00367359  -0.000407503  -0.000398751  -0.0506714  -0.0850484  -0.0022957  
-0.00358713  -0.000936205  -0.000582354  -0.0511596  -0.0543402  -0.0156634  
-0.0035416  -0.00142616  -0.000616221  -0.0476341  -0.0673391  -0.0177186  
-0.00393438  -0.000936205  -0.000444414  -0.0572286  -0.0941297  -0.0376665  
-0.00387946  -0.000936205  -0.000494847  -0.048042  -0.101342  -0.00620325  
-0.003661  -0.00152999  -0.000673929  -0.0320181  -0.0980352  -0.0138494  
-0.00367892  -0.000936205  -0.000512108  -0.0484365  -0.0930208  -0.0150801  
-0.0036828  -0.000519982  -0.000571053  -0.0525719  -0.0875438  -0.0224457  
-0.00371784  -0.0007736  -0.000664038  -0.0525449  -0.0794128  -0.0173175  
-0.00318416  -0.00118317  -0.000796556  -0.0529018  -0.0922191  -0.00862201  
-0.00369871  -0.00109618  -0.000735512  -0.0394248  -0.0678689  -0.0123503  
-0.00329863  -0.00106125  -0.00117006  -0.0310575  -0.0736229  -0.0050898  
-0.00322768  -0.00106027  -0.000964306  -0.0338654  -0.080355  -0.00410908  
-0.00302546  -0.00142339  -0.00110878  -0.0351465  -0.097495  -0.0193431  
-0.00255978  -0.00101576  -0.00136549  -0.0343798  -0.101046  -0.0460125  
-0.00213528  -0.00109848  -0.00157716  -0.0301155  -0.0976707  -0.0515966  
0.000635091  -0.000427026  -0.00193325  -0.026299  -0.0700447  -0.133869  
0.000463586  -0.000282036  -0.00170025  -0.0219579  -0.0738635  -0.125897  
0.000242202  -0.000476808  -0.0019147  -0.0173676  -0.0457608  -0.129038  
7.4311e-05  -0.000430712  -0.00182613  -0.015751  -0.0508703  -0.117579  
0.000189672  -0.000430712  -0.0020134  -0.0152189  -0.0176887  -0.138261  
3.0699e-05  -0.000430712  -0.00185904  -0.0203994  -0.0204652  -0.121818  
0.000375976  -0.000228377  -0.0019219  -0.0232592  -0.0612323  -0.130221  
0.000283934  -0.000236119  -0.00194016  -0.0262714  -0.0575015  -0.126014  
0.000410523  -0.000109843  -0.00202401  -0.0268814  -0.0562953  -0.13014  
0.00039467  -3.13543e-05  -0.00191753  -0.0215818  -0.0527341  -0.122666  
0.000453302  -9.48136e-05  -0.0020645  -0.0223903  -0.0470572  -0.123489  
0.000470677  -8.89371e-05  -0.00203684  -0.0254402  -0.0351989  -0.12626  
0.000528668  -0.000241807  -0.00192481  -0.0248803  -0.0208032  -0.137615  
0.000524491  -0.000430712  -0.00184873  -0.0235582  -0.0347734  -0.136987  
0.000658095  -8.35438e-05  -0.00202372  -0.0261712  -0.0420536  -0.141577  
0.000495845  -9.49994e-05  -0.00203807  -0.0205983  -0.0282196  -0.116324  
0.000164819  -9.39242e-05  -0.00204695  -0.0274337  -0.0140878  -0.126516  
0.000381298  7.15867e-07  -0.00203793  -0.0264214  -0.0352481  -0.128318  
0.000416013  -0.000231119  -0.00212619  -0.0325692  -0.0393231  -0.127137  
0.000588349  0.000215961  -0.00221157  -0.0324835  -0.0102786  -0.133767  
0.00073875  -0.000110621  -0.00206679  -0.0291608  -0.0348649  -0.130786  
0.000290128  -3.17453e-06  -0.00187257  -0.0251468  -0.0631412  -0.123977  
0.00025782  9.4864e-05  -0.00199015  -0.0317197  -0.019658  -0.137441  
0.000539013  -5.86095e-05  -0.00182342  -0.029536  -0.0224054  -0.135258  
0.00071788  -3.31114e-05  -0.00173552  -0.0289964  -0.035744  -0.110586  
0.00124134  0.000146225  -0.00202708  -0.0237654  -0.0489234  -0.120634  
0.00127248  1.32376e-05  -0.00213141  -0.0215723  -0.000482865  -0.108029  
0.00110558  6.15733e-05  -0.00221961  -0.0181999  -0.0263607  -0.110663  
0.00069631  -1.97529e-05  -0.00215665  -0.0132077  -0.0108094  -0.127214  
0.00064841  -5.59165e-05  -0.00196951  -0.011209  0.0287145  -0.155738  
0.000417677  2.56696e-07  -0.00183673  -0.0127085  -0.0167828  -0.151844  
0.000841839  0.000223557  -0.0018538  -0.0116337  -0.0529976  -0.156907  
0.000685501  -0.000145005  -0.00203701  -0.00360152  -0.0141218  -0.166802  
0.000830216  -0.000145005  -0.00202018  0.00385974  -0.0183147  -0.159064  
0.00104063  -2.35878e-05  -0.00174843  0.0063883  -0.00301045  -0.134571  
0.000965931  4.21048e-05  -0.0018084  0.00315059  0.0101758  -0.14515  
0.00102217  0.000189278  -0.00187247  -0.00339869  -0.00183964  -0.14376  
0.00112611  0.000188925  -0.00183197  -0.00226408  0.0351093  -0.141987  
0.00151309  0.000172466  -0.00187588  -0.000452848  0.0271672  -0.137251  
0.00134566  0.000288658  -0.00194952  -0.00331151  -0.015951  -0.14341  
0.000938235  -5.15487e-06  -0.00182168  0.00494947  -0.018563  -0.136453  
0.00117089  0.000218016  -0.00185299  0.00757561  0.0120257  -0.162183  
0.00168921  0.000156617  -0.00180016  0.00669492  -0.00186236  -0.135557  
0.00146801  0.000312715  -0.00180394  0.00639199  -0.0205282  -0.141036  
0.00164293  0.000338495  -0.00152426  0.0100438  0.0136296  -0.153057  
0.00172259  0.000257065  -0.00158653  0.00723712  0.030819  -0.144734  
0.00188225  0.000262737  -0.00155139  0.00765327  0.0125088  -0.130795  
0.00256154  0.000287245  -0.00137377  -0.00067465  0.0263465  -0.110949  
0.0024157  -0.000145005  -0.0014732  0.0101127  0.00201395  -0.13101  
0.00250779  0.00025025  -0.0018104  0.0128919  0.00884954  -0.155439  
0.00215901  0.000232145  -0.00177232  0.0212046  0.0244765  -0.182321  
0.00230646  0.000690435  -0.00147614  0.0202063  0.0147487  -0.179758  
0.00261339  0.000666799  -0.00139115  0.0157738  0.000126827  -0.167355  
0.00300823  0.000277922  -0.00152272  0.0233308  0.0317925  -0.169696  
0.00339172  0.00105372  -0.000998952  0.034189  0.0368345  -0.130476  
0.00325494  0.000566998  -0.000446608  0.0482795  -0.00652363  -0.124914  
0.00292148  0.000461408  -0.000446608  0.0468474  0.00875225  -0.12703  
0.00298857  0.000365519  -0.000446608  0.0485946  0.00888594  -0.123039  
0.00323024  0.000416771  -0.000446608  0.0488133  0.0243363  -0.116603  
0.00312219  0.000442143  -0.000446608  0.0496822  0.0259297  -0.0993559  
0.00272936  0.000365519  -0.000257648  0.0544499  0.0260507  -0.0799394  
0.00250051  0.000365519  -0.000118652  0.0537009  0.0289864  -0.0858941  
0.0025463  0.000365519  -8.42676e-05  0.0544264  0.0330128  -0.098624  
0.00228038  0.000493467  -0.000116989  0.0489654  0.036418  -0.110111  
0.00230166  0.00148883  -0.000446608  0.0128642  0.0177479  -0.116423  
0.00236868  0.000546846  -1.99275e-05  0.0319975  0.0104643  -0.110975  
0.00229097  0.00146896  2.8935e-06  0.00886165  0.0365539  -0.107408  
0.00148383  0.00153572  -0.00030317  -0.0070136  -0.0431999  -0.144529  
0.00170165  0.00150114  9.85463e-05  -0.0135524  -0.0507809  -0.12542  
0.00232383  0.00141205  2.8935e-06  -0.0157748  -0.00252303  -0.115722  
0.00195071  0.00124063  0.000752047  -0.0130623  -0.0188736  -0.103282  
0.00207047  0.00108659  0.00086805  -0.011176  0.0314219  -0.108079  
0.00148212  0.00122299  0.00104595  -0.00224071  0.0370571  -0.0928708  
0.00110945  0.00103373  0.00097004  0.00283062  0.019413  -0.0964265  
0.000824178  0.00104283  0.00112015  0.00275023  -0.0030377  -0.105936  
0.000118249  0.00100206  0.00111953  0.00215867  0.0197048  -0.119442  
-0.000132513  0.0015316  -0.000250285  -0.01098  0.0307276  -0.15874  
-0.000228241  0.00118348  0.000777098  0.00954919  -0.0715149  -0.123821  
0.000301929  0.00135511  0.000883179  0.000302682  -0.0835715  -0.0992046  
-0.00110735  0.00186572  0.0010907  0.00239326  -0.0937516  -0.0304943  
-0.00177195  0.00138421  0.000952039  0.0170298  -0.0582653  -0.0408006  
-0.00220881  0.00111873  0.00100432  0.0152751  -0.0379177  -0.0409419  
-0.00220607  0.00132128  0.000901827  0.0186791  -0.0218731  -0.06447  
-0.00199972  0.00112203  0.00110887  0.0192027  -0.0497608  -0.0539181  
-0.00123802  0.00139066  0.00099861  0.0178339  -0.0476714  -0.0866782  
-0.00189236  0.0014586  0.000882709  0.0134999  -0.0469382  -0.086152  
0.000442587  0.00102203  -0.0010484  -0.00548612  -0.0393064  -0.139228  
-0.000542176  0.0012045  -0.00101088  -0.008762  -0.0490837  -0.130156  
-0.000235668  0.000877808  -0.000826848  -0.00512189  -0.0838434  -0.123689  
-0.000291964  0.000337568  0.000539306  0.0257386  -0.0726054  -0.125134  
-0.000978732  0.00182455  2.8935e-06  0.000446588  -0.0786038  -0.0830339  
-0.00192755  0.00172338  0.000307723  0.00161653  -0.0452439  -0.0634437  
-0.00160073  0.00162367  0.000689771  0.0106032  -0.0493023  -0.0781484  
-0.00207586  0.00129994  0.000964365  0.0129307  -0.03339  -0.0523251  
-0.0019557  0.0011497  0.00089277  0.0216135  -0.056682  -0.0494005  
-0.00196198  0.000727421  0.000914519  0.0417804  -0.0676194  -0.0509388  
-0.000717125  0.000250852  0.000262009  0.0544693  -0.0794841  -0.0979732  
-0.00178731  0.000548456  0.000444385  0.0579044  -0.0827593  -0.0371362  
-0.00200794  0.000731397  0.000546641  0.0512538  -0.0750059  -0.0327521  
-0.00224995  0.00047314  0.000426707  0.0553839  -0.0608885  -0.0510995  
-0.00197802  0.000572928  0.000405863  0.0512354  -0.0653512  -0.0470483  
-0.00219679  0.000752863  0.000512189  0.0472925  -0.0589666  -0.021808  
-0.00209  0.000688867  0.000451903  0.0527645  -0.0770368  -0.042585  
-0.00212817  0.000595239  0.000291226  0.0454536  -0.0866248  -0.0373366  
-0.00232267  0.00174305  0.000695202  0.0189223  -0.0564144  -0.0224634  
-0.00246333  0.0018645  0.000432229  0.0188018  -0.0554188  -0.00883656  
-0.00250742  0.00160506  0.000580899  0.0228787  -0.0549041  -0.00999065  
-0.00239603  0.00167683  0.000621103  0.0197149  -0.0685831  -0.0211852  
-0.00200309  0.00192656  0.000388286  0.0060227  -0.0953475  -0.0443497  
-0.00244534  0.00141786  0.000851533  0.0126609  -0.0483288  -0.0486561  
-0.00221878  0.00156231  0.000878911  0.0141188  -0.0819502  -0.0455563  
-0.00217345  0.00167987  0.00099427  0.01056  -0.0888343  -0.0244642  
-0.00210965  0.00146607  0.0011665  0.00943719  -0.0843506  -0.0223349  
-0.00222741  0.00103414  0.00138837  0.0179636  -0.0581332  -0.0185978  
-0.00224427  0.000719028  0.00133042  0.0195481  -0.0618907  0.0049814  
-0.00202281  0.000852218  0.00133064  0.0224353  -0.0740876  0.00387599  
-0.00207613  0.000822335  0.00133049  0.0248024  -0.0650739  0.00236396  
-0.00203282  0.00107981  0.00148795  0.0173135  -0.062709  0.000642936  
-0.00212885  0.00106207  0.00150826  0.012369  -0.033842  -0.0118819  
-0.0020455  0.00109608  0.00153378  0.0169622  -0.0745536  0.00483846  
-0.00149434  0.000975692  0.00159181  0.0155711  -0.0618683  0.0188279  
-0.0021095  0.00114425  0.00162793  0.00736398  -0.0693654  0.0024569  
-0.00225961  0.00101486  0.00178701  0.0107206  -0.0636926  -0.00200415  
-0.00235692  0.00086252  0.00187375  0.0117072  -0.0595284  -0.0241766  
-0.00210379  0.000885464  0.00181744  0.017048  -0.0983719  -0.0205902  
-0.00201477  0.00115787  0.00185112  0.0189747  -0.0906555  -0.00341878  
-0.00216028  0.000836886  0.00182226  0.0166392  -0.0937573  0.0209874  
-0.00207043  0.000614668  0.00185459  0.0129647  -0.0875051  0.0178337  
-0.00232966  0.000764164  0.00191717  0.0160276  -0.0574587  0.0236713  
-0.00232127  0.000460545  0.00196201  0.00788156  -0.0533064  0.0318341  
-0.00230564  0.000549173  0.00203523  0.0112376  -0.0644194  0.0204258  
-0.00217855  0.000606859  0.00198906  0.00665259  -0.0717345  0.0310202  
-0.00177108  0.000675769  0.00203271  -0.00178242  -0.0914941  0.0393827  
-0.0020302  0.000574808  0.00199075  0.00390649  -0.0777165  0.0459133  
-0.00173068  0.000624645  0.00187859  0.00504048  -0.0900836  0.05514  
-0.00233492  0.000666845  0.00190294  0.010533  -0.0756202  0.0343612  
-0.00223294  0.000675808  0.00160753  0.00218886  -0.0946609  0.0051154  
-0.00221573  0.00072812  0.00171732  0.00236645  -0.0850715  0.000483975  
-0.00172365  0.000662588  0.00167902  -0.00147628  -0.0857585  0.017033  
-0.0013577  0.000432328  0.00169546  -0.00317068  -0.0666926  0.0332738  
-0.00183085  0.000389632  0.00173994  -0.00591893  -0.0765951  0.0518152  
-0.00221025  0.000555823  0.00158959  -0.00744852  -0.0816816  0.0251378  
-0.002492  0.000604461  0.00168599  -0.00899339  -0.064248  0.0276506  
-0.00239676  0.000597406  0.00168907  -0.00743179  -0.0672727  0.0237816  
-0.00226332  0.000690921  0.00170776  -0.00893556  -0.0729432  0.0198377  
-0.00227411  0.000573511  0.00161097  -0.0168446  -0.0983654  0.00826093  
-0.00234508  0.000734676  0.00146648  -0.0195272  -0.0515965  -0.00749351  
-0.000222525  0.000406231  0.000796209  -0.0230463  -0.100281  -0.0915889  
-0.00185289  -0.000868431  0.00100949  -0.00840705  -0.0588983  -0.0589571  
-0.00220102  0.000212664  0.00127485  -0.0211941  -0.0890262  -0.0480386  
-0.00190508  0.000249191  0.00124791  -0.0253052  -0.100138  0.00539218  
-0.00220076  0.000188231  0.00124437  -0.0283056  -0.0794246  0.00662194  
-0.00231568  8.83672e-05  0.001384  -0.0174328  -0.0783941  -0.010151  
-0.00232438  2.27978e-05  0.00138334  -0.0140768  -0.0620984  0.00642481  
-0.00240174  -4.32601e-05  0.0015224  -0.0127951  -0.0632329  0.0163043  
-0.00244746  -0.000265376  0.00152172  -0.00950399  -0.0892712  0.0186825  
-0.00227685  -0.000100576  0.00151636  -0.00312906  -0.0978207  0.0114605  
-0.00228173  -0.000288897  0.00156109  -0.000806223  -0.0913091  0.00765968  
-0.00239521  -0.000356488  0.00157256  0.00725797  -0.0867985  0.00302409  
-0.00246416  -0.00080831  0.00136939  0.010411  -0.0732875  -0.00347015  
-0.00183773  -0.00127134  0.000866928  0.00579769  -0.0879159  -0.01817  
-0.00201755  -0.000371336  0.00128863  -0.00169417  -0.0923261  -0.00801141  
-0.00162344  -0.000760687  0.00140643  -0.000421987  -0.0632423  0.0209676  
-0.000853049  -0.000471821  0.00142494  -0.00247229  -0.0810326  0.0710421  
-0.00151282  -0.000288897  0.00154017  -0.000425297  -0.0714616  0.0503558  
-0.00215504  -0.000538897  0.00145886  0.00116617  -0.047632  0.0216787  
-0.00105914  -0.000422183  0.0015337  0.00113251  -0.0441785  0.0493117  
-0.00118134  -0.000288897  0.00142346  0.000745897  -0.0688988  0.030954  
-0.00197514  4.65312e-06  0.00138588  -0.0108999  -0.0357539  0.0420689  
-0.00199432  0.000244056  0.00135937  -0.0153227  -0.0615146  0.0142192  
-0.0019968  0.000438703  0.00136831  -0.0206396  -0.0793612  0.0155951  
-0.00176155  0.000563136  0.00135858  -0.0431221  -0.0849697  0.0381439  
-0.00176338  0.000611995  0.00134629  -0.0355578  -0.0742613  0.0582244  
-0.00122941  0.000438491  0.00122793  -0.0330351  -0.0911807  0.0633569  
-0.00202285  0.000657915  0.0010277  -0.0437763  -0.0892535  0.0444573  
-0.00216948  0.000617132  0.00118963  -0.0298298  -0.075322  0.0431742  
-0.00205099  0.000496616  0.00149371  -0.0169752  -0.0698955  0.0434515  
-0.00215084  0.000408528  0.00133159  -0.017069  -0.0634348  0.0259844  
-0.00226174  0.000488631  0.00147791  0.00322408  -0.0489341  0.0203384  
-0.00235677  0.000181645  0.00131705  0.0143573  -0.0503991  -0.00277076  
-0.00226831  9.82596e-05  0.00148732  0.0192063  -0.038279  -0.0188071  
-0.00217472  8.38678e-05  0.00156644  0.0168109  -0.027565  -0.0233029  
-0.00243073  0.000105365  0.00152914  0.0193988  -0.0519664  -0.00844194  
-0.00233364  -3.93946e-05  0.0012641  0.0147762  -0.0832573  0.00120786  
-0.0014721  0.000729899  0.00121012  -0.000812312  -0.0519871  -0.0583224  
-0.000424802  0.000150411  0.00137191  0.0164319  -0.0159017  -0.118047  
-0.0002874  0.000172595  0.00144386  0.0137499  -0.0364162  -0.113101  
-0.00151234  0.000708636  0.00144307  0.0136961  -0.0632701  -0.0331744  
-0.00184995  5.08174e-05  0.00125903  0.0218181  -0.060481  -0.0270444  
-0.00195597  0.000586943  0.00124214  0.01922  -0.0357732  -0.030473  
-0.00173516  0.000427133  0.00140981  0.0213896  -0.0133637  0.00198469  
-0.00223777  0.000610499  0.00132391  0.0109498  -0.0165562  -0.0166672  
-0.00207338  0.00083091  0.00121034  0.0171061  -0.0334873  -0.00983037  
-0.00229338  0.000561694  0.00128761  0.0174862  -0.0533267  -0.00443356  
-0.00249326  1.81507e-05  0.000906707  0.0317369  -0.0679721  -0.0026063  
-0.00302246  0.000403205  0.000244385  0.0426711  -0.0442133  0.000640187  
-0.00306485  0.00106013  0.000779578  0.0102037  -0.0289256  -0.000995657  
-0.00316407  0.00147124  0.000812563  0.00724637  -0.0623612  0.0040823  
-0.00327674  0.00102547  0.00075363  0.0132496  -0.0570486  -0.0121799  
-0.00312734  0.000980444  0.000890287  0.0106262  -0.049122  -0.00542943  
-0.00318398  0.000787899  0.00104762  0.0129807  -0.023812  0.0144346  
-0.00311962  0.000779575  0.00115271  0.0186912  -0.027858  0.0302677  
-0.00322755  0.000983025  0.0011531  0.00509242  -0.0273737  0.0249426  
-0.00325576  0.00113958  0.001309  0.00189862  -0.0377755  0.0290099  
-0.00352104  0.00066864  0.0013316  0.0124349  -0.0494066  0.0548661  
-0.00338468  0.000724932  0.0013621  0.00925481  -0.0468545  0.0416636  
-0.00336134  0.000961532  0.0011058  0.0107104  -0.0536762  0.0299161  
-0.00359561  0.000868186  0.00114202  0.0158531  -0.058814  0.0431261  
-0.00339527  0.00109179  0.0012866  0.0153677  -0.0502973  0.0456493  
-0.00325458  0.000878794  0.00106161  0.0193333  -0.0411048  0.0554169  
-0.00348552  0.000775836  0.00106503  0.0264695  -0.055793  0.0592644  
-0.00360782  0.000656578  0.00105898  0.0300504  -0.0537609  0.0535756  
-0.00361883  0.00070995  0.00112057  0.0197018  -0.0409098  0.0479557  
-0.00359517  0.00107392  0.00090984  0.0182592  -0.0210327  0.0302953  
-0.00355466  0.00115098  0.00056523  0.0155961  -0.0231815  0.0313036  
-0.00367435  0.000434539  0.000252037  0.0395118  -0.0424915  0.0358485  
-0.00375639  0.000357195  0.000502037  0.0361101  -0.0496389  0.0421033  
-0.0039442  0.000167674  0.000379556  0.0380688  -0.0465313  0.032513  
-0.00387255  0.000331381  0.000921069  0.0273163  -0.0321847  0.0328632  
-0.0038839  0.000501151  0.000604243  0.048114  -0.0511119  0.0437465  
-0.00403939  0.000456545  0.000873675  0.0388044  -0.0482528  0.0604854  
-0.00381689  0.000728134  0.00102191  0.0396236  -0.0303381  0.0341063  
-0.00361588  0.000444603  0.000502037  0.0481256  -0.0465937  0.00582304  
-0.00369413  0.000331381  0.000333158  0.0481326  -0.0578188  0.00268727  
-0.00347495  0.00053851  0.00100003  0.0396851  -0.047183  0.0246718  
-0.00367119  0.000280603  0.00111691  0.0425686  -0.049605  0.0433495  
-0.00379825  0.000166322  0.000987896  0.040664  -0.0428235  0.0362005  
-0.0037881  0.00032901  0.00100019  0.0437173  -0.0463486  0.0548469  
-0.00382455  0.000189095  0.000595738  0.0558804  -0.0462227  0.0383366  
-0.00376265  8.22218e-05  0.000707145  0.0641779  -0.0472559  0.0474152  
-0.00379032  0.000278304  0.000730253  0.0671573  -0.0455136  0.0558151  
-0.00363041  4.53065e-05  0.000749432  0.0671605  -0.0491466  0.0566446  
-0.00360327  8.36713e-05  0.000771287  0.0737657  -0.0562737  0.0579933  
-0.00370598  0.000114805  0.000755051  0.0642647  -0.0381066  0.0455562  
-0.00355598  0.000325456  0.00109724  0.0571399  -0.051738  0.0515159  
-0.00363246  9.43073e-05  0.00109592  0.0555652  -0.0569822  0.0641422  
-0.0034915  9.13971e-05  0.000878629  0.063987  -0.0642902  0.0834152  
-0.00366006  5.39353e-05  0.000713476  0.0697484  -0.0536105  0.0563865  
-0.00359376  0.000111471  0.000918396  0.0671487  -0.0297641  0.0737003  
-0.00356995  0.000138374  0.000608329  0.0635221  -0.0713552  0.0248592  
-0.00350062  5.39882e-05  0.000648735  0.0671939  -0.00590387  0.00601857  
-0.00299957  0.000163081  0.000750125  0.0635636  -0.0473453  0.0114392  
-0.00312478  7.31772e-05  0.000762132  0.0672054  -0.0425994  0.0390903  
-0.00314241  -1.09697e-05  0.000771348  0.0671872  -0.049554  0.0580173  
-0.00329108  0.000144415  0.000808173  0.0553895  -0.0521113  0.0171099  
-0.00313627  0.000263117  0.00119569  0.04328  -0.0513872  0.0310098  
-0.0032802  0.00018927  0.000970669  0.0511131  -0.0477341  0.0340857  
-0.00315764  -1.6047e-06  0.000646951  0.0677316  -0.0668022  0.0522537  
-0.00332584  -7.79662e-05  0.000627791  0.0667658  -0.0576553  0.0503468  
-0.0032397  -4.09229e-06  0.000587662  0.0682086  -0.0306455  0.04495  
-0.00321476  0.000115872  0.00065158  0.0663037  -0.0446264  0.0462305  
-0.00330605  0.000311411  0.000338454  0.0675278  -0.035434  0.0455603  
-0.00327202  -0.000133996  0.000338453  0.0679525  -0.0252316  0.033744  
-0.003259  2.93554e-05  0.000338454  0.0819298  -0.0212327  0.0250542  
-0.00291269  0.000121562  0.000284494  0.0816  -0.0448457  0.0276323  
-0.00271385  0.000236152  0.000207284  0.0836138  -0.0618709  0.0276549  
-0.00282237  0.000512966  0.000226041  0.0884451  -0.0526996  0.0041117  
-0.00286403  0.000148323  0.000155155  0.0866297  -0.0409991  0.00667564  
-0.00261703  0.000240088  7.28933e-05  0.0837083  -0.0609467  0.00165388  
-0.00255533  0.00034971  0.000362734  0.0808647  -0.0232206  0.028219  
-0.00246096  0.000162461  0.000362734  0.0783963  -0.0279414  0.0482759  
-0.00247083  9.34172e-05  0.000340539  0.0718406  -0.0567707  0.0478289  
-0.00288997  0.000235102  0.000399093  0.0782414  -0.0312378  0.0475649  
-0.00299841  0.0004092  0.000382378  0.077449  -0.0358944  0.0305078  
-0.00291809  0.00019697  0.000130923  0.0718686  -0.0219315  0.0458537  
-0.00318651  0.000129929  0.000274208  0.0718724  -0.0345305  0.0150164  
-0.00316314  0.000169133  0.000272742  0.0718819  -0.0342916  0.00351734  
-0.00300577  0.000316388  -4.47581e-05  0.0718645  -0.0416788  0.0118079  
-0.00298912  0.000168123  -4.65036e-05  0.0718719  -0.0380539  0.0220681  
-0.00267836  0.000284439  0.000188786  0.0789273  -0.0252043  0.0433417  
-0.00286954  0.00039951  -8.50923e-06  0.0779142  -0.0293765  0.00819411  
-0.00275942  0.00039951  -8.50923e-06  0.0718686  -0.0269953  0.0324845  
-0.00281741  0.00039951  0.000133826  0.0718642  -0.033927  0.0202774  
-0.00298498  0.000212959  0.000132612  0.0769508  -0.0416161  0.0330708  
-0.00301572  0.00022236  -8.50923e-06  0.0766793  -0.0557188  0.0237567  
-0.00299779  0.000225524  -8.50923e-06  0.0718742  -0.0494514  0.0301062  
-0.0029544  0.00030901  -8.50923e-06  0.0718676  -0.0342946  0.0333151  
-0.0029427  0.000526122  -8.50923e-06  0.0718566  -0.0310067  0.0336524  
-0.00281514  0.000366479  -0.000108946  0.068135  -0.0127415  0.0204231  
-0.00282525  0.000380566  -8.15662e-05  0.0718702  -0.00824977  0.0234293  
-0.00291402  0.000235694  -8.50923e-06  0.0718709  -0.0380801  0.0279428  
-0.00295607  0.000208162  -8.50923e-06  0.0762324  -0.0368232  0.0349878  
-0.00279102  0.000107579  -8.50923e-06  0.0785315  -0.0451643  0.0328825  
-0.00292175  0.000263894  0.000241491  0.0718618  -0.0568454  0.0289552  
-0.00272985  0.000263894  0.000299027  0.0718495  -0.0424014  0.0593505  
-0.00269415  0.000535058  0.000122655  0.0754987  -0.0509538  0.0725112  
-0.00237715  0.000340217  -0.000195754  0.0833999  -0.0548624  0.0724546  
-0.00268731  0.000210281  -8.50923e-06  0.0782027  -0.0337468  0.0453022  
-0.00265097  0.000368115  -6.39242e-05  0.0773982  -0.0164921  0.0656068  
-0.0026036  0.000508738  -9.92925e-05  0.071814  -0.0345152  0.0901915  
-0.00293426  0.000370534  -0.00020638  0.0692741  -0.031747  0.0797238  
-0.00312783  0.000486154  -0.000210054  0.0678546  -0.0348106  0.0473431  
-0.00311744  0.00105632  -0.000919883  0.0345173  -0.0304257  0.0468366  
-0.00317225  0.000976041  -0.000764868  0.04927  -0.0204053  0.0364984  
-0.00259928  0.000638012  -0.00150155  0.0309472  -0.0601342  0.0142639  
-0.00226367  0.000465323  -0.00122137  0.0423325  -0.0148534  -0.0243178  
-0.00220977  0.000130702  -0.0001897  0.0638357  -0.0400369  -0.0179292  
-0.00237668  0.000201599  -0.000264868  0.0556262  -0.0407599  0.0144511  
-0.00179495  0.00016716  -0.00143292  0.027473  -0.0624284  0.0191828  
-0.0023423  0.000184678  -0.000128683  0.0660058  -0.0215439  -0.00126962  
-0.00197692  7.75666e-05  -0.000264868  0.0600253  -0.0743496  0.00950399  
-0.0019729  0.000227976  -0.000320271  0.0642948  -0.0390517  0.00875609  
0.00201547  7.75666e-05  -0.000514868  0.0603622  -0.00208159  -0.0177417  
0.00200061  -3.72624e-05  -0.000514868  0.0693591  -0.0127585  -0.0139874  
0.00197505  -2.51518e-05  -0.000578418  0.0717497  0.00217152  -0.0150841  
0.00183151  7.75666e-05  -0.000593479  0.0762195  0.0219738  -0.0250509  
0.00196567  7.75666e-05  -0.000568839  0.0746675  0.0321075  -0.0271013  
0.00200443  -2.31831e-05  -0.000577505  0.0693379  0.0198212  -0.0298462  
0.00184916  -0.000156186  -0.000514868  0.0689046  0.0133594  -0.031732  
0.00158425  0.000160877  -0.00202102  0.04215  -0.0166678  -0.0650972  
0.00199241  -9.98132e-05  -0.00188708  0.0334835  0.0243828  -0.0444363  
0.00225889  0.000265034  -0.00178252  0.0343045  0.00410005  -0.0318274  
0.00231954  -0.000166555  -0.00165536  0.0368678  -0.0208478  -0.021979  
0.0022198  -0.000105395  -0.00167934  0.0435202  0.00919379  0.00353067  
0.00207186  -0.000271332  -0.00148257  0.052841  0.0162184  -0.0299368  
0.00193764  -0.000167146  -0.0014117  0.0505366  0.0452087  -0.0473996  
0.00192177  0.000302301  -0.00151748  0.0335621  0.0272575  -0.052483  
0.00128171  0.000485808  -0.00215479  0.0253054  0.0318544  -0.103099  
0.00224499  0.000576127  -0.00224885  0.0290911  0.0493702  -0.0737185  
0.00214323  0.000262627  -0.00227414  0.0237169  0.0261363  -0.0413236  
0.0023179  0.00079416  -0.00225469  0.0380783  0.0376433  -0.0978937  
0.00289543  0.000371165  -0.0021558  0.0467445  0.0257415  -0.0734842  
0.00321856  -4.75105e-05  -0.00206377  0.046383  0.0225461  -0.0644527  
0.00325466  0.000464171  -0.00207945  0.0466206  0.0232781  -0.0558634  
0.00356879  0.000232033  -0.00230653  0.044313  0.0209201  -0.0519098  
0.00351756  -3.5769e-05  -0.00212754  0.047044  0.0394771  -0.0439198  
0.00330767  -0.00047665  -0.00212016  0.0460912  0.0420471  -0.0348393  
0.00386063  -0.000147431  -0.00208763  0.0464015  0.0187645  -0.06041  
0.00422825  1.71906e-05  -0.00196081  0.0572165  0.037233  -0.0629487  
0.00417889  0.000246382  -0.00201316  0.0556468  0.0498398  -0.0529288  
0.00388523  -7.04576e-05  -0.00224755  0.0544358  0.0360033  -0.0696982  
0.00320405  4.88111e-05  -0.00240239  0.0570544  0.00155223  -0.068969  
0.00362854  -0.00017502  -0.00220299  0.0568647  0.0358983  -0.0822955  
0.00355995  -0.000179545  -0.00222198  0.0496296  0.0286024  -0.0774413  
0.0034414  -0.000449545  -0.00192582  0.0560541  0.036056  -0.0714237  
0.00344861  -0.00045405  -0.00218031  0.0581984  0.0504727  -0.0811145  
0.00345608  -0.00045602  -0.00223763  0.0555446  0.050753  -0.0923006  
0.00343456  -0.00049685  -0.00221091  0.0465455  0.0463121  -0.0712561  
0.00321233  -0.00037349  -0.00218497  0.0422348  0.0604386  -0.0599614  
0.00342638  -0.000285368  -0.0022334  0.0346172  0.0516625  -0.0610797  
0.00326065  -0.000342923  -0.00234628  0.0352767  0.0328512  -0.0649722  
0.00359266  -0.000150204  -0.00254055  0.0382666  0.0207817  -0.0865666  
0.0033103  -0.000363807  -0.00250784  0.0205411  0.0529014  -0.0909411  
0.0037697  -0.000460368  -0.00248792  0.010241  0.0153897  -0.101711  
0.00375145  -0.000591276  -0.00243448  0.0154183  0.0442304  -0.100853  
0.00375444  -0.000401027  -0.00246813  0.0184334  0.0205701  -0.0575713  
0.00386291  -0.000481225  -0.00256489  0.0168172  0.0246727  -0.0639964  
0.00370544  -0.000268182  -0.00269563  0.018596  0.0250601  -0.0798984  
0.0036448  -0.000591276  -0.00254274  0.0227008  0.049237  -0.0733886  
0.00351511  -0.000591276  -0.00254275  0.0314387  0.0507153  -0.0748609  
0.0034678  -0.000591276  -0.0024963  0.0340056  0.0493334  -0.0805154  
0.00362766  -0.000664966  -0.00236076  0.0218348  0.0513695  -0.0804611  
0.00355499  -0.000769621  -0.00233888  0.0226818  0.0368297  -0.0644208  
0.00369566  -0.000591276  -0.00248375  0.0208809  0.0336736  -0.0639269  
0.00378931  -0.000779812  -0.00245764  0.0188279  0.029077  -0.0534796  
0.00379138  -0.000787854  -0.00241015  0.0247997  0.0451675  -0.0747317  
0.00358576  -0.00100539  -0.0022983  0.0327709  0.0351888  -0.0613492  
0.00333263  -0.000993928  -0.00224879  0.0318593  0.0436435  -0.0562348  
0.0034425  -0.00106419  -0.0021968  0.0276787  0.0361999  -0.0519367  
0.0034784  -0.00100582  -0.00222131  0.0257828  0.0462252  -0.0403733  
0.00328266  -0.000755178  -0.00223733  0.0237208  0.0543678  -0.0341587  
0.00315558  -0.000960168  -0.00221069  0.0270435  0.056657  -0.0411622  
0.00322185  -0.00090505  -0.00229411  0.0245583  0.0300524  -0.0432059  
0.00335401  -0.000830007  -0.0023069  0.0243493  0.0456001  -0.0491811  
0.00344344  -0.000961061  -0.00228912  0.0242515  0.0432526  -0.0563393  
0.00361653  -0.000843085  -0.00236469  0.0297839  0.0477436  -0.110983  
0.00351572  -0.00105509  -0.00239725  0.0334377  0.0547509  -0.112775  
0.00384979  -0.00102109  -0.0024814  0.0350017  0.0410583  -0.0988678  
0.00402998  -0.00099459  -0.00250488  0.037376  0.0594229  -0.0917567  
0.00386424  -0.000909969  -0.00240356  0.0335968  0.046791  -0.118703  
0.00422972  -0.000619582  -0.00268715  0.038081  0.0597013  -0.149617  
0.00449069  -0.000979415  -0.00253806  0.0339202  0.0200124  -0.143224  
0.00480297  -0.00106333  -0.00256696  0.039511  0.0729016  -0.126283  
0.0048079  -0.00114159  -0.00234897  0.040065  0.052556  -0.11538  
0.00465047  -0.000962928  -0.00254814  0.0369785  0.0425703  -0.134122  
0.00473898  -0.000992275  -0.00245706  0.0346388  0.0763307  -0.138401  
0.00494436  -0.000619582  -0.00247977  0.0371078  0.0620126  -0.144238  
0.00475091  -0.000956665  -0.00245051  0.044698  0.0643372  -0.163331  
0.00494261  -0.00107633  -0.00267321  0.0524367  0.0610612  -0.148299  
0.00525075  -0.000845651  -0.0028968  0.0528746  0.0722753  -0.128538  
0.00484989  -0.000749929  -0.00264492  0.0515676  0.0733367  -0.113615  
0.00494534  -0.000955273  -0.00264677  0.0479101  0.0521495  -0.125579  
0.00501587  -0.000831222  -0.00262559  0.0511712  0.0512459  -0.114695  
0.00507682  -0.000780739  -0.00236172  0.0655739  0.051941  -0.0804379  
0.00530216  -0.000745869  -0.00265764  0.0700617  0.0548177  -0.0904688  
0.00535609  -0.000685435  -0.00276564  0.0611385  0.0599631  -0.108934  
0.00539359  -0.000978589  -0.00281264  0.0697605  0.0552406  -0.110185  
0.00538578  -0.00090712  -0.00273209  0.0760166  0.0636082  -0.101697  
0.00558535  -0.000431325  -0.00261301  0.0761656  0.0856246  -0.103019  
0.00598386  -0.00019914  -0.00276782  0.0690674  0.0949727  -0.135699  
0.00595415  -0.000557438  -0.00309806  0.0714606  0.0415146  -0.1319  
0.00578158  -0.000557438  -0.00284954  0.0645811  0.0803459  -0.143421  
0.00572338  -0.000617468  -0.00284194  0.0745635  0.0681042  -0.124092  
0.00562227  -0.000680323  -0.00275317  0.0763535  0.0621188  -0.0959577  
0.00551769  -0.00079984  -0.00290465  0.0698789  0.0535575  -0.116385  
0.00561453  -0.000992459  -0.00294111  0.0710899  0.0501692  -0.103071  
0.00534219  -0.000753597  -0.00305328  0.0779461  0.0794803  -0.119288  
0.00528211  -0.000557438  -0.00305203  0.0605054  0.0875894  -0.138014  
0.00522773  -0.000557438  -0.00299949  0.0575425  0.0935879  -0.111494  
0.00541734  -0.000783617  -0.00299302  0.0601131  0.106899  -0.122678  
0.00549166  -0.00086049  -0.00307987  0.0612857  0.0425237  -0.140454  
0.00558483  -0.000804437  -0.00291179  0.0603516  0.0895716  -0.136661  
0.00573235  -0.000754269  -0.00300401  0.06263  0.0583942  -0.132966  
0.00600159  -0.000540607  -0.00310739  0.0566456  0.0533955  -0.109891  
0.00595564  -0.000508838  -0.00346963  0.0517985  0.0648359  -0.11114  
0.00595819  -0.000481021  -0.00346495  0.0569788  0.0823992  -0.117282  
0.0056625  -0.00075427  -0.00338223  0.0556237  0.0814711  -0.119052  
0.00581676  -0.000600847  -0.00329675  0.0615603  0.0685816  -0.117765  
0.00612569  -0.000381476  -0.00351775  0.0587554  0.0642476  -0.124878  
0.00628116  -0.000410052  -0.0034725  0.0597077  0.0813343  -0.132413  
0.00625103  -0.000616338  -0.00327915  0.0651582  0.0970395  -0.128345  
0.00687697  -0.000299781  -0.00340408  0.0616829  0.0750127  -0.156487  
0.0067718  -0.000106451  -0.00325218  0.0704377  0.0943275  -0.154407  
0.00669687  -0.000470571  -0.00326188  0.0742945  0.0753399  -0.162617  
0.00638812  -0.000299781  -0.00334248  0.0637914  0.0842178  -0.157582  
0.00669221  -0.000133855  -0.00324449  0.0654855  0.0691977  -0.147539  
0.00672339  -0.000460358  -0.00322758  0.0710874  0.0886459  -0.137166  
0.00712436  -0.000299781  -0.00329941  0.0768977  0.0864258  -0.147096  
0.00710113  -0.000236075  -0.00327792  0.0768388  0.095637  -0.121421  
0.00675295  -0.000299781  -0.0031592  0.0776437  0.106852  -0.144044  
0.00677445  -0.000486002  -0.00305832  0.0732301  0.0952817  -0.138994  
0.00687802  -0.000299781  -0.00306972  0.0791821  0.0840968  -0.150727  
0.00710601  -0.000113358  -0.00337522  0.0782598  0.0989  -0.173299  
0.00720052  -6.50448e-05  -0.00334438  0.0774786  0.0964077  -0.152344  
0.00718203  -0.000299781  -0.00320554  0.0833187  0.0988647  -0.160675  
0.00738215  -4.54458e-05  -0.00296916  0.0953233  0.116556  -0.174008  
0.00733538  -0.000299782  -0.00316703  0.0864516  0.100636  -0.169742  
0.00727195  -0.000299782  -0.00310065  0.0857618  0.108824  -0.181499  
0.00765342  -5.38975e-05  -0.00312662  0.0925878  0.0871125  -0.1789  
0.0082141  -1.36652e-05  -0.00313735  0.0837367  0.0989126  -0.169327  
0.00805709  -0.000299782  -0.00316985  0.0867318  0.100062  -0.167409  
0.00766352  -8.24332e-05  -0.00315014  0.0775853  0.096623  -0.180839  
0.0085612  -0.000299782  -0.00330297  0.0703784  0.0868772  -0.20248  
0.00868715  -0.000299782  -0.00324451  0.0737754  0.11974  -0.217237  
0.00863295  -0.000299782  -0.00323565  0.0652259  0.129175  -0.201323  
0.00886196  -0.000393642  -0.00305343  0.0663388  0.111766  -0.197378  
0.00849735  -0.000531583  -0.00313403  0.0614307  0.0965953  -0.189341  
0.00863575  -0.000299782  -0.00339536  0.055843  0.0984084  -0.199003  
0.00861178  -2.73939e-05  -0.00325553  0.0447272  0.1232  -0.212355  
0.00816993  2.83789e-06  -0.00340935  0.0385698  0.126264  -0.218079  
0.00857069  -0.000137193  -0.00333184  0.0244761  0.10545  -0.229696  
0.00861699  -0.000134129  -0.00349848  0.0158368  0.117601  -0.233758  
0.00838289  -0.000361975  -0.00356391  0.00831009  0.10128  -0.22141  
0.00816438  -0.000475957  -0.00339791  0.00559812  0.105548  -0.192964  
0.00785704  -0.000323146  -0.00329095  0.0122282  0.105567  -0.196261  
0.00814353  -0.000475957  -0.00341052  0.00527516  0.0991614  -0.184913  
0.00810707  -0.000475957  -0.0033807  -0.000914506  0.111541  -0.208  
0.00791894  -0.000291649  -0.00332371  -0.00423448  0.11159  -0.213237  
0.00777851  -0.000345267  -0.00343548  -0.00947532  0.132005  -0.218186  
0.00757522  -0.000475957  -0.00353115  -0.00645864  0.143034  -0.240964  
0.00797518  -0.00064573  -0.00350998  -0.0017875  0.0924585  -0.262738  
0.00787634  -6.78162e-05  -0.00357762  -0.00197667  0.0621093  -0.272379  
0.00786668  -0.000409372  -0.00357273  -0.00773467  0.119064  -0.267663  
0.00816274  -0.000542686  -0.00354944  -0.00262453  0.0915359  -0.301898  
0.00807462  -0.000342283  -0.00344857  0.00164352  0.105584  -0.303733  
0.00799499  -0.00038021  -0.00362113  0.00190699  0.103864  -0.281329  
0.00789503  -0.000223062  -0.0035465  0.00282386  0.116363  -0.27024  
0.00830689  -0.000392843  -0.00348528  0.00698057  0.153416  -0.268172  
0.00798315  -0.000401872  -0.00342718  0.00297119  0.137184  -0.246968  
0.00845969  -0.000531458  -0.00351215  0.000574739  0.117702  -0.253265  
0.00782224  -0.000531458  -0.00334855  0.00488354  0.108463  -0.244759  
0.00765851  -0.000531458  -0.00315409  0.00823278  0.127545  -0.235785  
0.00758044  -0.000531458  -0.00335699  0.0108735  0.107374  -0.209801  
0.00785104  -0.000340302  -0.00347715  0.0097631  0.07395  -0.216496  
0.00731281  -0.000531458  -0.00316829  0.00720813  0.111646  -0.22867  
0.00741279  -0.000531458  -0.0030977  0.0130244  0.0987902  -0.2424  
0.00773633  -0.000597265  -0.00312038  0.021037  0.11673  -0.226656  
0.00770031  -0.000748667  -0.00315345  0.0201063  0.10429  -0.218055  
0.00761842  -0.000531458  -0.00315922  0.0245809  0.107342  -0.233472  
0.00751304  -0.000531458  -0.00310044  0.0234916  0.101915  -0.236695  
0.00759274  -0.000366535  -0.00323305  0.0200052  0.106683  -0.247851  
0.00768226  -0.000249146  -0.00333607  0.0144131  0.11455  -0.236153  
0.00785987  -0.000531458  -0.00331676  0.00613478  0.10584  -0.237435  
0.00782227  -0.000327978  -0.00317955  0.00949604  0.10617  -0.245106  
0.00749784  -0.000442916  -0.00324421  0.0126135  0.111545  -0.229463  
0.00773096  -0.000579352  -0.00331856  0.0172979  0.104583  -0.216448  
0.00775801  -0.000381851  -0.00307022  0.0202725  0.0962776  -0.220115  
0.00765105  -0.000509405  -0.0031695  0.0220875  0.124348  -0.211854  
0.00767635  -0.000509405  -0.0031478  0.0285058  0.082998  -0.203095  
0.00790031  -0.000509405  -0.00329093  0.0239609  0.0972921  -0.198627  
0.00766798  -0.000341619  -0.0031483  0.019895  0.121111  -0.216848  
0.00865651  -0.000341574  -0.0031791  0.01688  0.114602  -0.266566  
0.00805435  -0.000509405  -0.00302078  0.0180149  0.116571  -0.248376  
0.0080458  -0.000509405  -0.00334624  0.0204511  0.125992  -0.25516  
0.00813041  -0.000358665  -0.00314659  0.014392  0.149353  -0.259252  
0.0082894  -0.000502819  -0.00338965  0.0115684  0.122311  -0.274151  
0.00780511  -0.000350328  -0.00328516  0.0168807  0.102203  -0.271439  
0.00774568  -0.000358778  -0.00344918  0.0118549  0.0856358  -0.293292  
0.0081146  -0.000351393  -0.00337711  0.0102284  0.128505  -0.313311  
0.00802848  -0.000303184  -0.00351912  0.00988515  0.128632  -0.303775  
0.00770506  -0.00049497  -0.00354428  0.00305518  0.14575  -0.270407  
0.00751357  -0.000571048  -0.00356011  4.1582e-05  0.141205  -0.275469  
0.00749896  -0.000731241  -0.0035112  -0.00179933  0.128737  -0.277024  
0.00743401  -0.000671957  -0.00368045  0.00137534  0.142829  -0.276005  
0.00780426  -0.00049497  -0.00377625  -0.0124499  0.146807  -0.280508  
0.00838889  -0.000572291  -0.00363581  -0.00209174  0.117504  -0.313955  
0.00818372  -0.000494969  -0.00355326  0.00110149  0.109925  -0.311484  
0.00816107  -0.000595082  -0.00351245  -0.00212827  0.119238  -0.302622  
0.00816631  -0.00065137  -0.00354989  0.00425422  0.13364  -0.296747  
0.00820043  -0.000855536  -0.00343397  -0.000824106  0.109401  -0.296558  
0.00811757  -0.000859264  -0.00358331  0.0133464  0.111982  -0.338406  
0.00812234  -0.00080886  -0.00357758  0.00731446  0.12221  -0.341472  
0.00760444  -0.000858029  -0.00369486  0.00988052  0.150811  -0.312657  
0.00766486  -0.000656641  -0.00356624  0.00685301  0.146513  -0.320582  
0.00773026  -0.000774488  -0.0036511  0.00279635  0.125152  -0.320225  
0.00746009  -0.000710316  -0.00360701  0.00703155  0.150328  -0.325481  
0.00771989  -0.000733133  -0.00359247  0.00601165  0.15026  -0.328807  
0.0080064  -0.000780566  -0.00367357  0.00410876  0.139091  -0.318443  
0.00870773  -0.000735023  -0.00382713  0.00764002  0.12798  -0.335009  
0.00810008  -0.000870264  -0.00367188  0.0157513  0.137664  -0.298929  
0.00775799  -0.000731335  -0.00375597  0.0157502  0.11854  -0.297231  
0.00886606  -0.00064216  -0.0037275  0.0322375  0.136834  -0.326271  
0.00812532  -0.00130303  -0.00343423  0.0403434  0.134254  -0.305108  
0.00846827  -0.00132893  -0.0032607  0.0299426  0.150069  -0.304974  
0.00900913  -0.00112393  -0.00363518  0.0205842  0.1233  -0.330965  
0.00902991  -0.000910553  -0.0034861  0.0248927  0.171237  -0.352173  
0.00865752  -0.0011155  -0.00360656  0.0398245  0.141796  -0.361048  
0.00882245  -0.0011155  -0.00368417  0.0350924  0.149104  -0.339806  
0.00861166  -0.00105782  -0.00375137  0.0313116  0.146999  -0.338868  
0.00879592  -0.00104285  -0.0036181  0.0372572  0.134913  -0.350782  
0.00946999  -0.00091468  -0.00368326  0.0462165  0.151249  -0.373301  
0.00989435  -0.000792991  -0.00378493  0.0397981  0.169835  -0.382337  
0.00934536  -0.000686971  -0.00387533  0.0351573  0.176565  -0.357657  
0.00902589  -0.00101252  -0.00376768  0.0312303  0.170351  -0.348676  
0.00870778  -0.00114719  -0.00363398  0.0325177  0.158314  -0.342755  
0.00972153  -0.000898461  -0.00381243  0.0272887  0.15024  -0.391022  
0.00903035  -0.00106606  -0.00392305  0.0264028  0.17214  -0.368894  
0.00885445  -0.00118298  -0.00378877  0.0341061  0.155071  -0.355335  
0.00887116  -0.0010802  -0.00366754  0.0261757  0.158663  -0.330488  
0.00875276  -0.00120909  -0.00372336  0.0255864  0.143812  -0.339283  
0.0089507  -0.00107251  -0.00399436  0.0265538  0.132708  -0.358671  
0.00900546  -0.000878377  -0.00399061  0.0182909  0.15295  -0.359837  
0.00846981  -0.000840476  -0.00379974  0.0225771  0.160061  -0.335459  
0.0083007  -0.000929696  -0.00372356  0.0168333  0.165254  -0.328869  
0.00872827  -0.000874789  -0.00390453  0.0145924  0.140521  -0.36425  
0.00939627  -0.000934798  -0.00419877  0.0100323  0.142905  -0.41627  
0.00862814  -0.0011833  -0.00391536  0.00759095  0.166363  -0.377901  
0.00814682  -0.0011833  -0.00375408  0.0138718  0.16396  -0.338132  
0.00780528  -0.0011833  -0.00376939  0.012792  0.139838  -0.314381  
0.00786905  -0.00123456  -0.00369275  0.0125495  0.149767  -0.309439  
0.00739318  -0.00102659  -0.00366136  0.0083469  0.143328  -0.299181  
0.00753562  -0.00114403  -0.00374326  0.00237531  0.165803  -0.300342  
0.00716831  -0.00108911  -0.00370067  0.00774562  0.157478  -0.316046  
0.00757795  -0.00104171  -0.00369869  -0.00229504  0.144305  -0.32359  
0.00739807  -0.00110192  -0.00373297  -0.00080961  0.144589  -0.306185  
0.00707512  -0.0010876  -0.00392884  0.00226876  0.157025  -0.298733  
0.00754478  -0.000969197  -0.00367825  0.000392147  0.172249  -0.31748  
0.00753914  -0.00104436  -0.0036416  0.00776984  0.146488  -0.319438  
0.00763722  -0.00135158  -0.00371084  0.00479022  0.148811  -0.308048  
0.00733114  -0.00130629  -0.00355113  -9.43753e-05  0.142026  -0.30322  
0.00758454  -0.00146997  -0.00361826  0.00662543  0.131525  -0.304449  
0.00739051  -0.00139947  -0.00356669  0.0048508  0.146627  -0.293593  
0.00724995  -0.00136767  -0.00362654  0.00993853  0.15245  -0.289886  
0.00727069  -0.00134288  -0.00362659  0.00804109  0.152127  -0.294179  
0.00688626  -0.0014041  -0.00359959  -0.003795  0.157647  -0.278586  
0.00681847  -0.0014041  -0.00359474  -0.000367234  0.166381  -0.277149  
0.00684264  -0.00133465  -0.00356528  0.00105411  0.134491  -0.284619  
0.00690172  -0.00148642  -0.00362029  -0.00179381  0.128297  -0.288133  
0.00665383  -0.00139299  -0.00355702  -0.00718535  0.140556  -0.295644  
0.00687662  -0.00121312  -0.0035656  -0.0158145  0.134749  -0.303932  
0.00687994  -0.00113496  -0.00332875  -0.0122584  0.127769  -0.291583  
0.00700486  -0.00139108  -0.00332459  -0.0153137  0.129896  -0.289843  
0.00698346  -0.0013133  -0.00330415  -0.0133033  0.130291  -0.289884  
0.00674646  -0.00108155  -0.00377719  -0.0137309  0.134801  -0.303312  
0.00703144  -0.00125591  -0.00354917  -0.0179905  0.15892  -0.29863  
0.00763039  -0.00146611  -0.00344927  -0.0177415  0.128846  -0.304178  
0.00748605  -0.0014156  -0.00362062  -0.0140408  0.136881  -0.275797  
0.00721097  -0.0014156  -0.00350844  -0.0189758  0.140387  -0.266247  
0.0072981  -0.00143605  -0.00330312  -0.0204053  0.122177  -0.293756  
0.00750116  -0.0013464  -0.00338338  -0.0256831  0.127171  -0.295698  
0.00755213  -0.0012485  -0.00332279  -0.0206983  0.118997  -0.266346  
0.00734959  -0.0012956  -0.00325825  -0.0200746  0.148127  -0.274981  
0.00776111  -0.00133041  -0.00322666  -0.0193151  0.146294  -0.284223  
0.00763936  -0.00144072  -0.00318908  -0.0248019  0.118628  -0.280351  
0.00766685  -0.00148888  -0.00314734  -0.0141417  0.135974  -0.272221  
0.00775571  -0.00132659  -0.00343188  -0.00450844  0.142457  -0.274359  
0.00753684  -0.00131973  -0.00326033  -0.0043943  0.158386  -0.267477  
0.00782576  -0.00122043  -0.00318116  -0.00902824  0.140743  -0.270167  
0.00786966  -0.00128351  -0.00321457  -0.00336487  0.129347  -0.267306  
0.00777127  -0.00134917  -0.00320964  -0.00197542  0.129405  -0.249482  
0.00736488  -0.00140025  -0.00297697  -0.00652093  0.134675  -0.242735  
0.00771251  -0.00142389  -0.00282206  -0.00549977  0.126832  -0.249604  
0.00822314  -0.00153142  -0.00296024  -0.0115556  0.0967846  -0.259584  
0.00785039  -0.00128538  -0.00288889  -0.00871877  0.104981  -0.250383  
0.00762305  -0.00112641  -0.0029289  -0.00978984  0.135845  -0.236826  
0.0074192  -0.0013697  -0.00274662  -0.0200521  0.141788  -0.259904  
0.0076646  -0.0014461  -0.00286014  -0.0189004  0.106268  -0.272848  
0.00797795  -0.0013305  -0.00289411  -0.0181977  0.125187  -0.25656  
0.00762767  -0.00144005  -0.00283809  -0.0231417  0.126643  -0.245587  
0.00774109  -0.00160458  -0.0031361  -0.0229617  0.0902712  -0.238387  
0.0081198  -0.00156401  -0.00312392  -0.0202654  0.129324  -0.268282  
0.00867578  -0.00210011  -0.00293659  -0.00786399  0.131468  -0.250519  
0.008415  -0.00186562  -0.00284997  -0.0111364  0.119032  -0.246686  
0.0076183  -0.00157222  -0.0031714  -0.0181634  0.127531  -0.28128  
0.00831198  -0.0014978  -0.00309714  -0.0180479  0.145876  -0.309139  
0.00825439  -0.00144618  -0.0031205  -0.0207908  0.142865  -0.296226  
0.0083682  -0.00127626  -0.00322311  -0.0167065  0.124219  -0.307422  
0.00974356  -0.00181699  -0.00342502  -0.0166353  0.116356  -0.331049  
0.00881891  -0.00211838  -0.00304541  -0.00109618  0.142973  -0.311915  
0.00820032  -0.0017313  -0.00298611  -0.00426099  0.127621  -0.298349  
0.0076242  -0.00157411  -0.00263724  -0.0137819  0.13534  -0.313846  
0.0077273  -0.0016892  -0.00270758  -0.0134132  0.131833  -0.31668  
0.00754289  -0.00151517  -0.00259913  8.41964e-05  0.142274  -0.32288  
0.00747123  -0.00170177  -0.00258658  -0.000855777  0.164559  -0.327851  
0.00716848  -0.00157294  -0.00253796  -0.00315397  0.149463  -0.310056  
0.00762389  -0.00152285  -0.0027026  -0.00935286  0.14454  -0.334379  
0.00742408  -0.00152285  -0.00287491  -0.0105127  0.139251  -0.333242  
0.0074305  -0.0016567  -0.00271564  -0.0142941  0.131374  -0.35551  
0.00717869  -0.00152285  -0.00263035  -0.021365  0.147212  -0.345256  
0.00667757  -0.00157704  -0.00279516  -0.0256663  0.146167  -0.330363  
0.00684353  -0.00158863  -0.0027888  -0.0182498  0.13578  -0.341355  
0.00694267  -0.0016327  -0.00290493  -0.0249851  0.13004  -0.36881  
0.00649394  -0.00175536  -0.00289057  -0.0272846  0.150692  -0.375632  
0.0064776  -0.00175857  -0.00270243  -0.0189148  0.153504  -0.371879  
0.00686462  -0.00171237  -0.00272621  -0.0241849  0.149034  -0.38753  
0.00691784  -0.00187532  -0.0028767  -0.0215865  0.139414  -0.404875  
0.0067746  -0.00175925  -0.00296493  -0.0281623  0.144258  -0.39424  
0.00645018  -0.00154926  -0.00288025  -0.0243331  0.134387  -0.394882  
0.00612968  -0.00148851  -0.00274296  -0.0257275  0.157085  -0.403053  
0.00616917  -0.00163395  -0.00268169  -0.0329576  0.148135  -0.394534  
0.00602782  -0.00151503  -0.00260529  -0.0370335  0.134532  -0.402114  
0.00669532  -0.00173444  -0.00257775  -0.0385254  0.145105  -0.390052  
0.00616562  -0.00140215  -0.0026497  -0.0444724  0.14372  -0.384928  
0.00624627  -0.00159403  -0.00258072  -0.042555  0.154771  -0.382035  
0.00627542  -0.0017316  -0.00253982  -0.0438872  0.157882  -0.388223  
0.00635762  -0.00181578  -0.00245732  -0.0419369  0.121284  -0.398564  
0.00641076  -0.00182214  -0.00263011  -0.0405358  0.119665  -0.400714  
0.0061913  -0.00161566  -0.00263047  -0.0356604  0.146203  -0.398145  
0.00605891  -0.00168222  -0.0025672  -0.0358465  0.13748  -0.387658  
0.00570405  -0.00168625  -0.00243914  -0.0347182  0.133363  -0.405626  
0.00570795  -0.00168222  -0.0025861  -0.0370314  0.137129  -0.417609  
0.00628354  -0.00168222  -0.00266804  -0.0327968  0.173268  -0.421276  
0.00612248  -0.00175307  -0.00270255  -0.0383592  0.125251  -0.396249  
0.00626111  -0.00173695  -0.00259469  -0.0372153  0.132498  -0.413531  
0.00661077  -0.00184473  -0.00272441  -0.0382922  0.142554  -0.425383  
0.00685777  -0.00182561  -0.00261483  -0.0344432  0.152737  -0.405758  
0.00677175  -0.00198078  -0.00273042  -0.0357717  0.156205  -0.392276  
0.00619466  -0.00179522  -0.00267313  -0.0379083  0.156478  -0.385931  
0.00614753  -0.001839  -0.00253729  -0.0409285  0.143422  -0.420351  
0.00652825  -0.00200225  -0.00264199  -0.0432871  0.118366  -0.431025  
0.00639475  -0.00190526  -0.00256399  -0.0455426  0.140806  -0.442835  
0.00623105  -0.0019063  -0.00254374  -0.043521  0.107278  -0.42341  
0.00605549  -0.00192702  -0.00238104  -0.0437202  0.106764  -0.393569  
0.00640734  -0.00184275  -0.00255595  -0.0408583  0.143369  -0.418268  
0.00656262  -0.00235086  -0.00242532  -0.0374571  0.155366  -0.418472  
0.00701905  -0.00217961  -0.00249455  -0.0343476  0.148559  -0.43837  
0.00650322  -0.00227103  -0.00251227  -0.0311174  0.163246  -0.407102  
0.00604652  -0.00212113  -0.00241877  -0.0353841  0.167882  -0.391131  
0.00575123  -0.00197027  -0.00229432  -0.0360151  0.169916  -0.388013  
0.00637317  -0.00183072  -0.00245172  -0.0472299  0.104436  -0.388451  
0.00666784  -0.00208768  -0.00243315  -0.0471835  0.134749  -0.408996  
0.00633546  -0.00207292  -0.00234833  -0.0446115  0.134986  -0.409612  
0.00624852  -0.0020448  -0.00232085  -0.0437672  0.13864  -0.392601  
0.00609753  -0.00210708  -0.00228259  -0.0417478  0.138264  -0.393953  
0.00587208  -0.00203371  -0.00238414  -0.0395647  0.141502  -0.402967  
0.00620253  -0.00206485  -0.00245124  -0.0375767  0.138247  -0.395267  
0.0058454  -0.00212268  -0.00240532  -0.0427952  0.162003  -0.369712  
0.00539563  -0.00188005  -0.00240772  -0.0437879  0.146819  -0.371539  
0.00543209  -0.00168195  -0.00263994  -0.0471174  0.132752  -0.397382  
0.00575723  -0.00171103  -0.00257598  -0.0472736  0.148728  -0.396495  
0.00558945  -0.00191118  -0.00262446  -0.0490259  0.145034  -0.405854  
0.00540476  -0.00208385  -0.00248179  -0.0501587  0.148965  -0.390169  
0.00542074  -0.00208168  -0.00252708  -0.0445424  0.124804  -0.379604  
0.00517898  -0.00203466  -0.00250183  -0.0449595  0.127334  -0.375295  
0.0050731  -0.00203402  -0.0022914  -0.0487749  0.149373  -0.368661  
0.00535018  -0.0021676  -0.0023658  -0.0532774  0.129  -0.3549  
0.00556372  -0.00213396  -0.00256162  -0.0542325  0.121423  -0.35348  
0.0057869  -0.00211962  -0.00257927  -0.0560384  0.146552  -0.366686  
0.00538569  -0.00219613  -0.00255115  -0.054772  0.136917  -0.372418  
0.00536271  -0.00201055  -0.00255975  -0.0625778  0.136028  -0.373511  
0.0056948  -0.00222851  -0.00244216  -0.0684685  0.121502  -0.367848  
0.00583528  -0.00204527  -0.00245084  -0.0660511  0.115979  -0.365792  
0.00600868  -0.00194635  -0.00243633  -0.0621751  0.120059  -0.359656  
0.00551388  -0.00190711  -0.00249768  -0.0647496  0.124153  -0.370924  
0.00525873  -0.00199843  -0.00245471  -0.068444  0.12818  -0.378907  
0.00540415  -0.00194199  -0.00259418  -0.0628172  0.119219  -0.388705  
0.00539338  -0.00199952  -0.0025052  -0.0566524  0.121549  -0.382331  
0.00531836  -0.00191645  -0.00232706  -0.0559171  0.153949  -0.379496  
0.0057386  -0.00193121  -0.00231442  -0.0567641  0.116498  -0.383006  
0.00594242  -0.00203094  -0.00237344  -0.0604613  0.135308  -0.407148  
0.00601104  -0.0018935  -0.00221451  -0.0625028  0.127867  -0.419268  
0.00620066  -0.0019359  -0.00209308  -0.0580584  0.122885  -0.422383  
0.0068004  -0.00212813  -0.00211434  -0.0577472  0.111047  -0.410728  
0.00579508  -0.00145468  -0.00238588  -0.0633585  0.13554  -0.414004  
0.00594023  -0.00167023  -0.00219851  -0.0619637  0.111344  -0.416619  
0.00585237  -0.00163488  -0.00225894  -0.0668134  0.11701  -0.428251  
0.00601044  -0.00133591  -0.00235913  -0.0654297  0.12804  -0.42425  
0.0064946  -0.00146729  -0.00243576  -0.0660838  0.132537  -0.426998  
0.00632267  -0.00153948  -0.00240542  -0.0687058  0.140317  -0.427031  
0.00586278  -0.00154591  -0.00228874  -0.0673197  0.144992  -0.389715  
0.00597612  -0.00127315  -0.00218063  -0.0556655  0.15888  -0.400515  
0.00611806  -0.00129957  -0.0021288  -0.0580279  0.13744  -0.401803  
0.00644703  -0.00140704  -0.00211789  -0.0480317  0.111995  -0.39548  
0.00713576  -0.00115948  -0.00230562  -0.051557  0.108394  -0.416098  
0.00704615  -0.00129027  -0.00211269  -0.0455474  0.157609  -0.413026  
0.00792243  -0.00164407  -0.00209392  -0.0417014  0.112264  -0.424543  
0.00741667  -0.00135898  -0.00225881  -0.0458842  0.150008  -0.423192  
0.00732151  -0.00166831  -0.002238  -0.0421018  0.170282  -0.400505  
0.0105142  -0.00201907  -0.00219086  -0.0476912  0.14859  -0.490051  
0.00795772  -0.00180238  -0.00208699  -0.0464972  0.189117  -0.391068  
0.00769087  -0.00166662  -0.00181063  -0.0379541  0.182811  -0.387117  
0.00762488  -0.00166295  -0.00163816  -0.0451209  0.170748  -0.36969  
0.00830492  -0.00181515  -0.00166212  -0.0525174  0.145919  -0.388746  
0.00886247  -0.00201675  -0.0014652  -0.0469401  0.120494  -0.412594  
0.00856286  -0.00182734  -0.00160932  -0.0555646  0.144406  -0.415605  
0.00812308  -0.00174424  -0.00157635  -0.0453381  0.14659  -0.403367  
0.00757676  -0.00162905  -0.00177554  -0.0468157  0.135886  -0.392375  
0.00760884  -0.00151097  -0.00176604  -0.0339669  0.147746  -0.374291  
0.00745229  -0.00129964  -0.00202178  -0.0346586  0.153136  -0.373333  
0.00683518  -0.00126393  -0.00191149  -0.0311087  0.164035  -0.384867  
0.00735253  -0.00138775  -0.00184813  -0.0285893  0.163883  -0.398026  
0.00671065  -0.00143145  -0.00177459  -0.0392161  0.130403  -0.374809  
0.00699543  -0.0012112  -0.00197778  -0.0351773  0.149504  -0.347437  
0.00711948  -0.00102595  -0.00182491  -0.0393707  0.188228  -0.389864  
0.00683143  -0.001316  -0.00190222  -0.0417803  0.136716  -0.384185  
0.0071942  -0.00129493  -0.00193252  -0.0448715  0.12255  -0.372456  
0.00722662  -0.0015096  -0.00176556  -0.0314654  0.147044  -0.378532  
0.00671433  -0.00127501  -0.00204027  -0.0432033  0.132691  -0.369194  
0.00671153  -0.00154071  -0.00181305  -0.0466781  0.145639  -0.363546  
0.00609073  -0.00127753  -0.00211761  -0.0504953  0.159299  -0.372596  
0.00615118  -0.00136727  -0.00190752  -0.0503637  0.162378  -0.340233  
0.00616997  -0.00160685  -0.00170183  -0.0510222  0.160983  -0.336443  
0.00574465  -0.00130035  -0.00174682  -0.0638281  0.149846  -0.338235  
0.00593572  -0.00147874  -0.0016397  -0.0624534  0.140097  -0.339916  
0.00585624  -0.0012194  -0.00161346  -0.0750063  0.12918  -0.334707  
0.00608851  -0.00126819  -0.00154993  -0.0702911  0.148356  -0.344104  
0.00659021  -0.00132433  -0.00164083  -0.062237  0.131573  -0.314992  
0.00640224  -0.00135306  -0.00155942  -0.0646198  0.140915  -0.313015  
0.00596498  -0.00118577  -0.00197527  -0.0651202  0.131651  -0.348915  
0.00607119  -0.000973328  -0.00212286  -0.069325  0.129566  -0.361359  
0.00590276  -0.00118577  -0.00211419  -0.0629485  0.163051  -0.339046  
0.00587453  -0.00130766  -0.00223417  -0.0572452  0.140718  -0.365483  
0.00581895  -0.00120415  -0.00214825  -0.0510892  0.156707  -0.363905  
0.0057436  -0.00112769  -0.00195078  -0.052706  0.177031  -0.35484  
0.00558101  -0.00146187  -0.0019957  -0.0536255  0.173304  -0.350056  
0.00542305  -0.00149993  -0.00187562  -0.0644938  0.152348  -0.344493  
0.00542563  -0.001368  -0.00189216  -0.0636986  0.134677  -0.335364  
0.00530259  -0.0013973  -0.0018628  -0.064298  0.13141  -0.334359  
0.00540545  -0.00172508  -0.00175846  -0.0688326  0.132007  -0.326414  
0.00500094  -0.00157913  -0.00171326  -0.0676764  0.138583  -0.316391  
0.00487282  -0.00140143  -0.00175085  -0.0694802  0.132296  -0.33586  
0.00461879  -0.00126927  -0.00176296  -0.0614641  0.136648  -0.34537  
0.0050081  -0.00104137  -0.00194546  -0.0768031  0.132516  -0.315532  
0.00398108  -0.00131995  -0.00166396  -0.0682952  0.175325  -0.332774  
0.00435967  -0.00141297  -0.0016286  -0.0724942  0.167746  -0.273129  
0.00412541  -0.00145361  -0.00137839  -0.0796626  0.137162  -0.244207  
0.00406048  -0.0012394  -0.00135412  -0.0814989  0.127112  -0.270991  
0.00366566  -0.00129032  -0.00136971  -0.0827132  0.134145  -0.294483  
0.00382702  -0.00129693  -0.00115842  -0.0877589  0.1272  -0.280244  
0.00354939  -0.00137019  -0.00107224  -0.0951795  0.136424  -0.243482  
0.0036766  -0.00124772  -0.000917239  -0.0910614  0.13117  -0.248823  
0.00400188  -0.0019969  -0.00121632  -0.0596506  0.120865  -0.231401  
0.00393696  -0.00204378  -0.00124046  -0.063673  0.139265  -0.22724  
0.00386927  -0.00190144  -0.00103755  -0.061507  0.140551  -0.219722  
0.00406414  -0.0020264  -0.00116033  -0.0534688  0.118245  -0.208242  
0.00410456  -0.0019926  -0.00141531  -0.0499555  0.120811  -0.232797  
0.00409309  -0.00190367  -0.00131936  -0.0563037  0.140187  -0.235076  
0.00341632  -0.00193992  -0.00126439  -0.058109  0.139445  -0.223497  
0.00307991  -0.00151342  -0.00150024  -0.0584566  0.123305  -0.234046  
0.00316181  -0.00154821  -0.00156018  -0.0569821  0.129902  -0.202398  
0.00328274  -0.0015762  -0.00156157  -0.0543031  0.131066  -0.203264  
0.00311239  -0.0012304  -0.0014086  -0.0589858  0.14456  -0.218643  
0.00364871  -0.00120654  -0.00131505  -0.0649712  0.147636  -0.231971  
0.0034352  -0.00105399  -0.0014086  -0.0690072  0.136436  -0.249254  
0.00362774  -0.00109873  -0.00148619  -0.070634  0.132149  -0.226244  
0.00369386  -0.000923735  -0.00123122  -0.0805614  0.130418  -0.233378  
0.00379042  -0.000673735  -0.000967065  -0.0892719  0.128878  -0.245764  
0.00333597  -0.00089639  -0.00119663  -0.0840175  0.140349  -0.251608  
0.00334319  -0.000779804  -0.00113661  -0.0889489  0.129244  -0.228015  
0.00290489  -0.000766807  -0.000897955  -0.0922431  0.129803  -0.236657  
0.00309371  -0.000919993  -0.00126436  -0.0834966  0.11503  -0.241585  
0.00304151  -0.000660213  -0.000969809  -0.0879669  0.125766  -0.241852  
0.0027242  -0.000825806  -0.00146164  -0.0742203  0.142226  -0.235208  
0.00252435  -0.00098054  -0.00148782  -0.0734087  0.143864  -0.233996  
0.00285547  -0.000980539  -0.00148025  -0.0797616  0.143641  -0.2253  
0.00264914  -0.000861997  -0.00133761  -0.0869074  0.109016  -0.218879  
0.00284922  -0.000980539  -0.0014522  -0.0859341  0.111291  -0.216902  
0.00259376  -0.000861033  -0.00129736  -0.0839505  0.114461  -0.226822  
0.00225694  -0.000804908  -0.00152937  -0.0816267  0.12882  -0.241726  
0.00242337  -0.000780628  -0.00137805  -0.0857349  0.137785  -0.226715  
0.0026782  -0.00098054  -0.00160793  -0.094754  0.111088  -0.226562  
0.00257168  -0.000506079  -0.00182143  -0.100895  0.100717  -0.262584  
0.00238735  -0.000665212  -0.00204301  -0.0936251  0.102452  -0.269355  
0.00194696  -0.000454402  -0.00203395  -0.0932328  0.127816  -0.281246  
0.00232589  -0.000506079  -0.00226125  -0.0968784  0.119642  -0.264406  
0.00225585  -0.000506079  -0.00232425  -0.0864866  0.114629  -0.257606  
0.00215154  -0.000506079  -0.00190314  -0.0773741  0.132954  -0.276905  
0.00195277  -0.000362697  -0.00161882  -0.0878511  0.150304  -0.257572  
0.00191591  -0.000256079  -0.00157666  -0.0867126  0.12604  -0.246116  
0.00196458  -0.000506079  -0.00154019  -0.0861185  0.10321  -0.251234  
0.0022161  -0.00055753  -0.00182795  -0.0672012  0.0907292  -0.272576  
0.00200701  -0.000928437  -0.00198334  -0.0682512  0.13301  -0.279985  
0.00211353  -0.000761909  -0.00191836  -0.0727871  0.0941739  -0.28856  
0.0020815  -0.000573844  -0.00174554  -0.0603022  0.118455  -0.307505  
0.00171958  -0.000939407  -0.00165623  -0.0522068  0.146576  -0.277259  
0.00176996  -0.000757646  -0.0017786  -0.0568827  0.129421  -0.268558  
0.00171792  -0.00052912  -0.00187194  -0.0589281  0.134575  -0.269347  
0.00176005  -0.00063962  -0.00182774  -0.0561876  0.159548  -0.296779  
0.00189809  -0.000786913  -0.00198029  -0.0602936  0.136873  -0.296884  
0.00209134  -0.000488948  -0.00183547  -0.0684929  0.133858  -0.319126  
0.00232532  -0.000214213  -0.00178916  -0.0724352  0.117726  -0.33015  
0.00269803  -0.000320527  -0.00181134  -0.0736909  0.124137  -0.344558  
0.00247288  -0.000578302  -0.00189453  -0.0748069  0.104447  -0.350307  
0.00262917  -0.000328302  -0.00204647  -0.0731998  0.123882  -0.357977  
0.00300683  -0.000308387  -0.00264446  -0.0741346  0.128122  -0.370782  
0.00301671  -0.000468861  -0.0022061  -0.0787868  0.166564  -0.399538  
0.0029647  -0.000368231  -0.0020691  -0.082251  0.145864  -0.376628  
0.00276276  -0.000116861  -0.00214037  -0.0771418  0.129526  -0.359077  
0.00276413  -0.000258513  -0.00215658  -0.0794892  0.131689  -0.357308  
0.0028091  -0.000382301  -0.00192211  -0.0861275  0.153136  -0.356748  
0.00275894  -0.000243419  -0.00176369  -0.0922669  0.118837  -0.343886  
0.00323583  -7.05383e-05  -0.00209684  -0.0909219  0.110456  -0.358035  
0.00298249  -7.05383e-05  -0.00218285  -0.0846217  0.150008  -0.371117  
0.00326648  -0.000408206  -0.0021411  -0.0824793  0.109511  -0.357341  
0.00328171  -0.000238064  -0.00207346  -0.0893595  0.0933227  -0.350583  
0.00321677  -0.000329064  -0.00211709  -0.0939044  0.134907  -0.355325  
0.00288351  -0.000488064  -0.00198946  -0.0957044  0.14475  -0.345246  
0.00292995  -0.000488064  -0.00200865  -0.0923527  0.12591  -0.362491  
0.00281832  -0.000310346  -0.00189292  -0.0875755  0.1265  -0.364942  
0.00275531  -0.000186178  -0.00179239  -0.0725075  0.141064  -0.375305  
0.00285017  -0.000161904  -0.00184347  -0.0781369  0.148339  -0.389115  
0.00256378  -0.000317595  -0.00187406  -0.0724058  0.15087  -0.381081  
0.00298421  -0.00014636  -0.00182901  -0.0741796  0.105252  -0.365292  
0.00289837  -0.000488065  -0.00191059  -0.0647511  0.121944  -0.350638  
0.00278402  -0.000488065  -0.00190631  -0.0689197  0.133102  -0.375704  
0.00293061  -0.000488065  -0.00200156  -0.0653128  0.126924  -0.367568  
0.0029608  -0.000488065  -0.00206275  -0.0723473  0.124605  -0.335665  
0.00287989  -0.000488065  -0.00191634  -0.0746962  0.129401  -0.329133  
0.00266569  -0.000488065  -0.00202081  -0.0695289  0.132013  -0.347915  
0.00278363  -0.000488065  -0.00203628  -0.0624116  0.121988  -0.339678  
0.0030912  -0.00034049  -0.00238982  -0.0687685  0.117563  -0.347418  
0.00305805  -0.000238065  -0.00222657  -0.0784586  0.144514  -0.376318  
0.00287839  -0.000286951  -0.0019334  -0.0799079  0.156853  -0.372898  
0.00267848  -0.000301285  -0.00219635  -0.0784474  0.138461  -0.35089  
0.00306521  -0.000344137  -0.00229642  -0.0724209  0.124559  -0.356207  
0.00284366  -0.000267252  -0.00217829  -0.0740807  0.157905  -0.358688  
0.00272912  -0.000427787  -0.00221103  -0.0751923  0.144364  -0.376363  
0.0028647  -0.000465106  -0.00233517  -0.0702373  0.118955  -0.383074  
0.00281153  -0.000616325  -0.00226513  -0.0689341  0.130847  -0.381553  
0.00271076  -0.000616324  -0.00229657  -0.0688065  0.144288  -0.370264  
0.0027629  -0.000725305  -0.00212977  -0.0597243  0.141617  -0.355622  
0.00291309  -0.000616325  -0.00227043  -0.0661117  0.116346  -0.350383  
0.00285007  -0.000616325  -0.00215947  -0.0778514  0.116355  -0.353851  
0.00305133  -0.000529292  -0.00230959  -0.0729349  0.134709  -0.374894  
0.00329144  -0.000823727  -0.00232966  -0.0593334  0.157318  -0.376442  
0.00324438  -0.00080939  -0.00225543  -0.0642778  0.137227  -0.367615  
0.00339219  -0.000848741  -0.00208353  -0.0678662  0.13315  -0.345369  
0.00340917  -0.000779227  -0.00213847  -0.0570056  0.128887  -0.359491  
0.00337496  -0.000741238  -0.00204439  -0.0572893  0.169866  -0.3601  
0.00393156  -0.000650318  -0.00238994  -0.0569356  0.103023  -0.370719  
0.0036714  -0.000650318  -0.00225118  -0.060399  0.166322  -0.383673  
0.00358766  -0.000598876  -0.0019074  -0.0673813  0.137777  -0.374176  
0.00354412  -0.000723577  -0.00201141  -0.0612617  0.14551  -0.380836  
0.00338607  -0.000612787  -0.00198735  -0.0592325  0.124125  -0.373466  
0.00330887  -0.000612787  -0.00205557  -0.0572707  0.172257  -0.393201  
0.00323222  -0.000612787  -0.00226153  -0.0603075  0.157318  -0.389183  
0.00345091  -0.000827293  -0.00205231  -0.0569255  0.14292  -0.386284  
0.00342898  -0.000901524  -0.00207899  -0.0454738  0.150224  -0.408257  
0.00328386  -0.000856109  -0.00209932  -0.0447861  0.166204  -0.400685  
0.00341098  -0.000744986  -0.00204225  -0.040555  0.147325  -0.389664  
0.00351191  -0.000671215  -0.00200743  -0.04061  0.14464  -0.400723  
0.00367422  -0.000944938  -0.00191068  -0.0488045  0.176716  -0.408604  
0.00382342  -0.000918903  -0.00193299  -0.0519489  0.154943  -0.407953  
0.00375028  -0.00099618  -0.00179942  -0.0452062  0.153886  -0.384179  
0.0037654  -0.00117791  -0.00180696  -0.0392089  0.170056  -0.364618  
0.00333626  -0.00113753  -0.00179503  -0.0438466  0.174533  -0.364531  
0.00357665  -0.00113753  -0.00180392  -0.0469754  0.158422  -0.379685  
0.00377062  -0.000887526  -0.00186742  -0.0435306  0.148961  -0.391642  
0.00365558  -0.000951068  -0.0018401  -0.0433917  0.16841  -0.399398  
0.00361268  -0.000969143  -0.00179343  -0.044709  0.16168  -0.396661  
0.00387185  -0.000888647  -0.00183976  -0.0533085  0.1213  -0.391987  
0.00373926  -0.000898211  -0.00195636  -0.0489352  0.139832  -0.393943  
