0.0224383  -0.00167063  -0.00212436  0.255957  0.545772  -2.51558  
0.0217758  -0.000897092  -0.00190564  0.25241  0.476323  -2.43176  
0.0214196  -0.00103484  -0.00194059  0.253863  0.510393  -2.33855  
0.0180306  -0.00143077  -0.00258537  0.240918  0.43774  -2.18502  
0.0193779  -0.00225984  -0.00104184  0.289394  0.28853  -2.46426  
0.0191892  -0.0029261  -0.00110225  0.275744  0.243228  -2.52727  
0.0212139  -0.00252145  -0.00136829  0.282011  0.313039  -2.46801  
0.0208816  -0.00365322  -0.00109277  0.305845  0.243929  -2.71175  
0.0213644  -0.00348762  -0.000667378  0.292635  0.27119  -2.62598  
0.0235434  -0.00297642  -0.000953177  0.316812  0.383851  -2.44781  
0.023858  -0.00404319  -0.000956379  0.345774  0.323254  -2.41272  
0.0243983  -0.00429387  -0.00149048  0.345226  0.242238  -2.45342  
0.0283927  -0.00473059  -0.00133648  0.336601  0.36923  -2.59614  
0.0294357  -0.00201605  -0.00126022  0.323305  0.360035  -2.62429  
0.0262444  -0.00285969  -0.00101716  0.327061  0.213468  -2.59056  
0.0245401  -0.0037634  -0.000879356  0.32353  0.236532  -2.50436  
0.0215892  -0.00448142  -9.54819e-05  0.352164  0.269362  -2.27837  
0.0216732  -0.00445812  -2.05577e-05  0.32697  0.25277  -2.41472  
0.0241071  -0.00334458  -0.000596335  0.319435  0.354248  -2.22569  
0.0260162  -0.00198462  -0.00277834  0.295699  0.327693  -2.44662  
0.025863  -0.00203954  -0.00250007  0.282554  0.230537  -2.42032  
0.0236454  -0.00177079  -0.00216387  0.282772  0.187719  -2.37439  
0.0211442  -0.00183408  -0.00174074  0.268664  0.222007  -2.18382  
0.0186498  -0.00407467  -0.00112842  0.26605  0.225247  -1.82203  
0.0165847  -0.00252714  -0.00132295  0.287721  0.0641616  -1.89578  
0.0202698  -0.00402266  -0.00189102  0.383937  0.337142  -2.32565  
0.0169084  -0.00527298  -0.001755  0.37527  0.150035  -2.11194  
0.013184  -0.00372427  -0.00108065  0.305548  -0.0092191  -1.98702  
0.0229183  -0.00214028  -0.000201541  0.28429  0.170892  -2.10454  
0.0187123  -0.00219728  -0.000313899  0.313369  -0.00328635  -1.78968  
0.0136065  -0.00404642  -0.000458219  0.318678  -0.0769225  -1.6904  
0.0113619  -0.00402813  -0.000304076  0.334532  -0.0597039  -1.73649  
0.0120856  -0.00403535  0.000387918  0.347061  -0.0182201  -1.63145  
0.0141092  -0.00543997  6.76904e-05  0.345388  0.0133452  -1.77091  
0.0147813  -0.00401836  4.69304e-05  0.344584  0.0874202  -1.70869  
0.0140868  -0.00536669  0.000231618  0.382785  -0.0110427  -1.7677  
0.0153738  -0.00591539  0.00076461  0.398663  0.0576118  -1.79061  
0.0138475  -0.00614416  0.000467864  0.392154  0.00243945  -1.86552  
0.0176305  -0.00426538  0.000467864  0.34755  0.0724259  -1.87266  
0.0152088  -0.00518774  0.000467864  0.373969  0.0153387  -1.78694  
0.0137522  -0.00512779  0.000467864  0.399582  -0.0278858  -1.75536  
0.0133761  -0.00469372  1.83309e-05  0.373517  -0.0417106  -1.73647  
0.0114263  -0.00524641  0.000149091  0.386702  -0.0867135  -1.76789  
0.0137955  -0.00440798  0.000562489  0.342055  -0.0139023  -1.27465  
0.0126043  -0.00546075  0.000454577  0.39413  -0.0381139  -1.43221  
0.0106514  -0.00541092  -0.000135945  0.398382  0.00443881  -1.38171  
0.0105041  -0.00632076  -0.000744989  0.400789  -0.0779712  -1.57149  
0.0121715  -0.00680703  -0.000347357  0.417756  0.100893  -1.6048  
0.0122178  -0.00612925  8.96707e-06  0.396129  0.0224084  -1.62964  
0.011149  -0.00556372  0.000248453  0.365006  0.0495942  -1.54622  
0.0121561  -0.0046688  -0.000177694  0.348839  0.10333  -1.54984  
0.0132926  -0.000583289  -0.000535368  0.138321  -0.191463  -1.59444  
0.00726973  -0.00120845  -0.0010901  0.169411  -0.221811  -1.03733  
0.00923684  -0.00141564  -0.00074048  0.199186  -0.173205  -1.06758  
0.0131622  -0.0019848  -0.000673913  0.225797  -0.162862  -1.56129  
0.00876416  -0.00172421  -0.000426589  0.243221  -0.152591  -1.54023  
0.00815278  -0.00249641  -0.000411884  0.251307  -0.138568  -1.52513  
0.00846807  0.000216141  5.03211e-05  0.188616  -0.106387  -1.32077  
0.00904344  -0.00178233  0.000147427  0.20261  -0.0522697  -1.11095  
0.00842391  -0.00197995  0.000451089  0.275032  -0.142087  -1.28253  
0.00874904  -0.00244997  0.000147427  0.255497  -0.118443  -1.29085  
0.00841178  -0.00159873  -0.000662938  0.222521  -0.144051  -1.11881  
0.00379863  -0.00321276  -0.000844185  0.253934  -0.212219  -1.16932  
0.00492602  -0.00280563  -0.000513112  0.262015  -0.0178368  -1.46788  
0.00653118  -0.00248475  -0.000510688  0.271298  -0.112737  -1.56736  
0.00628828  -0.00272244  -0.000313553  0.259953  -0.112564  -1.49637  
0.0068269  -0.00115721  -0.00061255  0.199584  -0.00818504  -1.25638  
0.00659234  -0.00150036  -0.000454993  0.223938  -0.11295  -1.45759  
0.00910643  -0.00186105  -0.000403954  0.219504  -0.10169  -1.35909  
0.00914835  -0.00310938  -4.60745e-05  0.233828  -0.0773155  -1.28794  
0.0104321  -0.00206115  -0.000216436  0.23431  0.00553236  -1.14488  
0.0096766  -0.00130076  -0.000555952  0.224138  -0.108795  -1.16143  
0.00852449  -0.00120997  -0.00016276  0.220409  -0.0903075  -1.09926  
0.00810856  -0.00139826  -0.000394527  0.219851  -0.144281  -1.26948  
0.00806121  -0.00331873  0.000763753  0.306628  -0.14469  -1.36262  
0.0120875  -0.00287023  0.000652399  0.264706  -0.0382404  -1.39803  
0.00668414  -0.00186072  0.000379846  0.239523  -0.161196  -1.28611  
0.00478753  -0.000494099  -0.000171345  0.179783  -0.180597  -0.995455  
0.00577055  -0.0011642  0.0003648  0.205926  -0.181502  -1.02871  
0.00576602  -0.00120693  2.78956e-05  0.211286  -0.153997  -1.18039  
0.00584427  -0.00166718  -6.06386e-05  0.200112  -0.220731  -1.14994  
0.00624679  -0.00166718  8.00379e-06  0.170696  -0.16274  -0.731626  
0.00584815  -0.00121929  0.000145245  0.162878  -0.234941  -0.748335  
0.00533618  -0.0011365  0.000261487  0.182253  -0.27637  -0.785743  
0.00798387  -0.000769583  -0.000555952  0.163284  -0.238084  -1.06147  
0.00714945  -0.000120156  -0.000602944  0.163815  -0.245206  -1.3842  
0.00542736  0.000282267  -0.000236392  0.14143  -0.167627  -1.08234  
0.00844999  -0.00101247  -1.72972e-05  0.170299  -0.189085  -1.22398  
0.00872704  -0.00131308  0.000401906  0.140185  -0.270101  -0.970383  
0.00628683  -0.000429682  -0.000293927  0.128366  -0.268167  -1.06032  
0.00711906  -0.000130756  -0.000293927  0.124201  -0.245074  -1.13482  
0.00729791  -0.000272842  -0.000293927  0.124063  -0.225302  -1.25827  
0.00784293  -2.85394e-05  -4.66765e-05  0.106705  -0.01852  -1.19597  
0.00888739  -0.000952308  -0.000293928  0.134223  -0.0517608  -1.34466  
0.00701353  -0.000108592  -0.000769446  0.124119  -0.0294272  -1.35248  
0.00951734  -0.00145125  -8.62939e-05  0.155605  -0.0518976  -1.11032  
0.00972876  -0.00130492  -0.00058239  0.158911  -0.118563  -1.3112  
0.00905638  -0.000854787  -0.000328515  0.133217  -0.0725838  -1.39213  
0.00586208  -0.00199692  0.000418847  0.160798  -0.0927625  -0.827996  
0.00693717  -0.00272037  0.000172962  0.20634  -0.235178  -0.985163  
0.00703918  -0.00333329  -0.000212274  0.226996  -0.19642  -1.13208  
0.00835191  -0.0037493  -0.000207119  0.22762  -0.0853173  -1.27717  
0.0139532  -0.00242029  -0.000712459  0.222203  -0.0306524  -1.23926  
0.0255822  -0.00020566  -0.00279954  0.168685  -0.335335  -1.67609  
0.0146103  0.000833086  -0.0020087  0.129184  -0.187449  -1.08097  
0.0141906  0.00088486  -0.00194796  0.111587  -0.143471  -1.29857  
0.0106451  0.000211719  -0.00157656  0.126977  -0.182763  -1.20485  
0.00852939  -0.000104836  -0.00135524  0.123093  -0.124532  -0.974193  
0.00992923  -0.000555201  -0.000933532  0.149919  -0.142101  -1.2146  
0.00915809  0.000830172  -0.00111156  0.105771  -0.125185  -1.17082  
0.0151466  0.000115061  -0.000721812  0.102172  -0.0727146  -1.37483  
0.0141851  0.00155875  -0.00113922  0.0992614  -0.193589  -1.49832  
0.00630741  0.000843307  -0.000930017  0.106332  -0.146558  -1.3086  
0.00549701  0.000807006  -0.00129637  0.0994877  -0.146505  -1.16271  
0.00580995  0.000617839  -0.00114893  0.0965145  -0.230155  -1.26325  
0.00581508  0.00128615  -0.00177652  0.0770451  -0.0962648  -1.0766  
0.00648375  0.00216702  -0.00174724  0.0745322  -0.147578  -1.28108  
0.00960634  0.000688995  -0.00111194  0.0598433  0.00817204  -1.46757  
0.00514079  0.000453799  -0.00186445  0.0754993  -0.137262  -1.29986  
0.00111216  0.00080804  -0.00244142  0.0624174  -0.21125  -1.20026  
0.000877238  0.000820197  -0.00184952  0.0616764  -0.133065  -1.14162  
0.00599474  0.00245772  -0.00209212  0.0114059  -0.0311555  -1.243  
0.0161336  0.00653667  -0.00391405  -0.0694554  -0.0178404  -1.81522  
0.0116896  0.00425348  -0.00295815  -0.0271497  0.0205039  -1.64603  
0.00780196  0.0040507  -0.00296237  -0.029106  0.0348774  -1.46409  
0.00535829  0.00339949  -0.00245035  -0.00448451  -0.0187905  -1.6897  
0.00501938  0.00354881  -0.00203995  -0.0141818  0.00855596  -1.33356  
0.00315199  0.00318675  -0.00245035  -0.0131885  -0.0750425  -1.10264  
0.0014372  0.0019658  -0.00250731  0.0131671  -0.139056  -1.17947  
0.00432064  0.00126388  -0.0013021  0.0343754  -0.0944066  -1.15737  
0.00528849  0.00138314  -0.00142122  0.0510267  -0.0563468  -1.3069  
0.00599998  0.00130213  -0.00118148  0.0604956  0.0121099  -1.41418  
0.00506348  0.000439251  -0.00180068  0.0791557  0.0433964  -1.409  
0.00728819  0.000365458  -0.00203877  0.138969  -0.118546  -1.21904  
0.00754176  4.8713e-05  -0.00175066  0.137193  -0.105305  -1.37937  
0.00427857  -0.00025758  -0.00176269  0.1294  -0.0551996  -1.30285  
0.00568497  -0.000791241  -0.00140401  0.136676  0.0573416  -1.10417  
0.00758698  0.000698532  -0.00111644  0.0909672  -0.0207954  -1.28266  
0.00538014  0.000615131  -0.00143682  0.0633305  -0.0153336  -1.11892  
0.0046132  -0.000410366  -0.000686356  0.0934089  0.0415092  -1.04983  
0.00465886  -0.000385262  -0.00113665  0.0871169  -0.0773496  -1.21082  
0.00205506  -0.000623198  -0.00135648  0.0899824  -0.0258172  -1.24057  
0.00661149  0.000111149  -0.000798707  0.0601257  0.126787  -1.3719  
0.00728417  -0.00032538  -0.000396711  0.0728079  0.0589732  -1.26747  
0.010085  -0.00221257  -7.91275e-07  0.124898  0.0361369  -1.23207  
0.0179958  0.000379683  -0.00287806  0.0422734  -0.188573  -1.64909  
0.0103506  0.000460163  -0.00153235  0.0674564  -0.0761274  -1.62179  
0.0101871  0.00065367  -0.0017603  0.0625428  -0.0286363  -1.63349  
0.00990206  0.000473473  -0.00139192  0.0691757  0.0280717  -1.58702  
0.00860688  -0.000534354  -0.000340667  0.101983  0.0689001  -1.35952  
0.0079355  -0.000692437  -0.000445822  0.080138  -0.0137246  -1.43396  
0.00694366  0.000365311  -0.000769918  0.0410414  0.0636629  -1.58904  
0.00720167  -0.000136894  -0.000872815  0.0762354  0.13009  -1.33618  
0.00760692  -0.000656355  -0.001336  0.0891022  0.113939  -1.31177  
0.00732256  -2.40099e-05  -0.000881914  0.0936369  0.0537525  -1.33465  
0.00573757  -0.000758703  -0.00109069  0.0891849  0.0845144  -1.17689  
0.00672891  -0.000819616  -0.00114396  0.0891196  0.0810755  -1.13413  
0.00623877  0.0005008  -0.0012229  0.0563822  0.142435  -1.26279  
0.00611928  0.000372222  -0.00104301  0.0672862  0.0962474  -1.26675  
0.00605613  -0.000453941  -0.000934048  0.0783123  0.109978  -1.20515  
0.00428566  -0.000789172  -0.00078454  0.0758704  0.135787  -0.826383  
0.00436155  -0.000551344  -0.000485443  0.0760368  0.00852564  -1.02997  
0.00379332  -0.000800326  -0.000403103  0.0784143  0.0298516  -1.0939  
0.00373422  -0.00254418  -0.000317057  0.131723  0.0525537  -0.867149  
0.00338138  -0.00345336  -0.000289993  0.154434  0.0262142  -0.780307  
0.00373196  -0.00320281  -0.000376761  0.159945  -0.0526079  -0.851016  
0.00368369  -0.00300642  -0.000420823  0.146525  -0.0268525  -0.877401  
0.00401521  -0.00259708  -0.000318653  0.141998  0.0232252  -0.96834  
0.00604871  -0.00213933  -5.30779e-05  0.112508  0.109177  -1.17521  
0.00621769  -0.000763888  -0.000364029  0.102787  0.106971  -1.13656  
0.00602871  -0.000965618  -0.000539807  0.0830804  0.128238  -1.012  
0.00631063  0.000280348  -0.000934048  0.0447022  -0.0121057  -0.835573  
0.00952486  0.000637318  -0.0018744  0.097074  -0.428262  -0.68544  
0.00621899  -0.000737038  -0.00147938  0.0560665  -0.29327  -0.39449  
0.00761309  -0.00140029  -0.00122363  0.0953808  -0.124106  -0.853783  
0.00771253  -0.00137377  -0.000872198  0.107151  0.0137278  -0.963985  
0.00927578  -0.00216295  -0.00120374  0.0692776  0.0232878  -0.880376  
0.00740543  -0.000985001  -0.000577222  0.0882709  -0.0179899  -0.850061  
0.00958469  -0.00107085  -0.00082856  0.0782109  0.00466853  -1.11186  
0.00551427  -0.000297322  -0.000924869  0.0507178  0.0297735  -1.14739  
0.00805581  0.000513909  -0.000645081  0.0128916  0.228614  -1.17531  
0.0123579  0.000836766  -0.000468215  0.0452464  0.147448  -1.47549  
0.00906123  -3.23933e-05  -0.000509355  0.021479  0.0297074  -1.11247  
0.00829794  -0.000480785  -0.000453097  0.0668617  0.0686302  -0.732955  
0.00902424  -0.000324639  -0.000453097  0.0530582  0.0818469  -0.889433  
0.0129494  0.000820895  -0.000453098  0.0377307  0.199056  -1.55031  
0.0167994  0.000163446  -0.00087884  0.0490575  0.226196  -1.53516  
0.0117686  -0.000462782  -0.00087884  0.0743654  0.150788  -1.445  
0.00932595  -0.000296554  -0.00072877  0.0792926  0.106511  -1.35175  
0.0106874  0.000264568  -0.000963173  0.0296208  0.18711  -1.28076  
0.00820893  0.000845548  -0.000801765  0.0242141  -0.0241786  -1.28929  
0.0062076  0.000949488  -0.00136996  0.0158934  0.0262738  -0.968665  
0.00675054  0.000949487  -0.000713119  0.0226955  0.0614924  -0.966364  
0.00695679  0.000949488  -0.000765924  0.0343189  0.0462215  -1.02886  
0.00440862  0.000490001  -0.000783611  0.0217461  0.0218827  -0.915242  
0.0030742  0.00128363  -0.00147786  0.00304836  -0.015509  -1.0372  
0.00646518  0.000597712  -0.00110368  0.0272465  0.0900313  -1.01951  
0.00666914  0.00118021  -0.00080949  0.0356197  0.11869  -1.08735  
0.00500375  0.00149405  -0.000814906  0.0354543  0.083122  -1.04812  
0.00609495  0.00128904  -0.000757508  0.028849  0.104149  -1.09075  
0.00637795  0.000949488  -0.00103417  0.0633866  0.093448  -0.851471  
0.00650118  0.00119744  -0.000834968  0.0552831  0.025447  -0.90802  
0.00551524  0.00118644  -0.00062597  0.0449815  0.0120851  -1.01012  
0.0084816  0.00173048  -0.000549018  0.045479  0.0840863  -1.37053  
0.0100348  0.000936723  -0.00127885  -0.0285221  0.146464  -1.07967  
0.00775365  0.000336269  -0.00066464  0.0136497  0.0665476  -1.11551  
0.00679202  0.000735429  -0.000618869  0.0373915  0.0263463  -1.13189  
0.00732647  0.000936722  -0.000516866  0.0342697  0.0419188  -1.31198  
0.00780822  0.000936723  -0.000506956  0.0448874  0.0828542  -1.34049  
0.00825852  0.000998292  -0.000368399  0.0498545  0.0708324  -1.32208  
0.00719821  -0.000410049  -0.000480521  0.0965205  0.199894  -0.893299  
0.00570085  -0.000305692  -0.000160414  0.078667  0.0874931  -1.20353  
0.00519181  -0.000642695  -0.000136092  0.078433  0.0693596  -1.09068  
0.00687518  0.000454626  -0.000120875  0.0794252  0.07556  -1.22289  
0.00894611  0.00100114  -0.000416766  0.0433611  0.107454  -1.29479  
0.00952467  0.00180308  -0.000230211  0.0420965  0.104801  -1.43296  
0.00922068  0.00111639  -0.000167272  0.0418293  0.234206  -1.30939  
0.00962261  0.000677918  0.000136559  0.0369385  0.24361  -1.54941  
0.00687476  0.00197706  -0.000471226  0.02596  0.0442192  -1.52055  
0.00856957  0.000921833  7.85551e-05  0.0359618  0.225368  -1.16295  
0.00566151  0.00104164  0.000115364  0.041299  0.0958092  -1.17074  
0.00588965  0.000598736  5.11586e-05  0.0588301  0.0829054  -1.26041  
0.00488026  0.00159627  -8.62044e-05  0.0236963  -0.00367484  -1.10416  
0.00483838  0.00159627  -0.0012511  -0.0322704  -0.0611196  -0.72764  
0.00376319  0.000494919  -0.000454458  0.0379825  -0.0857225  -0.498281  
0.00572015  -0.00124465  0.000148686  0.088663  0.109626  -0.592998  
0.00584021  -0.000231917  0.000335746  0.09252  0.0318881  -0.629279  
0.00431974  -0.000717185  0.000506116  0.0711398  0.0601375  -0.388515  
0.00355555  -0.000589808  -6.10754e-05  0.0924428  -0.0259055  -0.495904  
0.00295047  -0.000881934  0.000515505  0.113655  0.0459039  -0.44619  
0.00310402  -0.00140015  0.000617097  0.131579  0.0301776  -0.300888  
0.00122128  -0.000837231  0.000683833  0.121926  0.04126  -0.182492  
0.00147026  -0.00145625  0.000225849  0.135153  0.0409713  -0.423209  
0.00176808  -0.00141333  0.000271401  0.131561  0.0477998  -0.446133  
0.000868947  -0.00248564  0.000565797  0.180354  0.0652026  -0.553554  
0.00605363  -0.000612427  0.000260307  0.10605  0.127827  -0.909578  
0.00361318  -0.00120672  -0.000454458  0.0692784  0.171642  -0.868831  
0.000921409  -0.00140285  -0.000204699  0.0692682  0.0813682  -0.665647  
3.62552e-05  -0.000247948  -0.00027433  0.0519659  0.104584  -0.352689  
0.00237353  -0.00017609  -0.000103154  0.0739283  0.156584  -0.449821  
0.0215434  0.00297428  -0.00209259  -0.0503573  0.146548  -1.28784  
0.013916  0.0023021  -0.0017671  -0.0194362  0.163417  -0.895761  
0.00909777  0.00104644  -0.00107209  0.0189305  0.16599  -0.616307  
0.0084921  0.000885077  -0.000845023  0.0346904  0.0978469  -0.754384  
0.00621868  0.000857653  -0.000667359  0.0423312  0.126149  -0.669602  
0.00594458  0.00117192  -0.000430206  0.011666  0.152396  -0.541893  
0.00439  0.00129267  -0.000870284  4.40387e-05  0.122022  -0.589423  
0.0051462  0.00132196  -0.00064852  0.0415749  0.126623  -0.591689  
0.00380723  0.00053278  -0.000931203  -0.00522877  0.0236397  -0.404185  
0.00309239  0.000112673  -0.000362499  0.0149737  -0.0778328  -0.651249  
0.00221073  -0.000181784  -0.000486995  0.0356688  -0.058406  -0.327306  
0.00164489  -0.000241748  -0.000686647  0.030808  0.00199075  -0.2203  
0.00159235  -0.000232105  -0.000621356  0.0224932  -0.0214845  -0.23211  
0.00147474  -0.000565211  -0.000486995  0.0446085  -0.0750177  -0.188091  
-6.56039e-05  -0.000163768  -0.000486995  0.0108118  0.0223348  -0.0500586  
-0.000712958  -0.000431424  -0.000891396  0.0333683  -0.0941982  -0.174941  
-0.00242478  6.16925e-05  -0.00101847  0.0301577  0.0652529  -0.19304  
0.000305691  -0.000395062  -0.000586759  0.0685402  0.0862553  -0.398473  
0.00138665  -0.000604331  -0.000196132  0.0226714  0.0761851  -0.0820668  
0.000819687  -0.00060433  -0.000413745  0.0306275  0.0369561  -0.161186  
0.00075179  -3.73718e-05  -0.000462754  0.00874961  0.0157546  -0.239714  
-0.000440639  -0.000215385  -0.000600733  0.0179084  0.0213427  -0.212501  
-0.000533618  -0.000196872  -1.80183e-05  0.0179842  0.0793906  -0.00995678  
-7.15725e-05  -0.000274745  -7.01787e-05  0.0179205  -0.0211508  -0.0932723  
1.0891e-05  0.000259249  1.33412e-07  0.000624358  0.00161818  0.00703985  
-0.000745969  -6.70009e-05  1.33412e-07  0.00162087  0.00329313  -0.0233606  
-0.00049966  -0.000165906  1.33412e-07  0.020655  -0.0245877  -0.051757  
-0.00118429  -0.000360751  -0.000131487  0.0236771  0.0360457  -0.0819294  
-0.00206429  -0.000830742  -0.000543428  0.0236442  0.0701205  -0.0649887  
-0.00183078  -0.000266599  -0.000543428  0.0236948  0.02102  -0.189074  
-0.000909094  -0.000599505  -0.000543428  0.00628389  0.114381  0.0481938  
-0.000312218  -0.000218296  -0.000543428  0.0157421  0.0727241  0.0487096  
-0.00116158  0.000194528  -0.000543428  0.0117531  0.11498  0.0698076  
-0.000826178  -0.000645145  -2.96053e-05  0.0354883  0.00962891  -0.0112323  
-0.00173016  -0.000608597  -0.000148116  0.0600595  0.0291462  0.00936348  
-0.00277207  0.000138029  -0.000543428  0.0236222  0.0186993  0.0603521  
-0.000917613  -0.000590737  -0.000217686  0.0364176  0.0913532  0.121552  
-0.00139757  -0.00112167  -0.000543428  0.0543106  -0.0127016  0.0653015  
0.00160047  -0.00140824  -0.000169104  0.0817229  0.051349  -0.0721345  
0.000564589  -0.000430962  -0.000389887  0.0407014  0.0577666  -0.0330936  
-0.000823682  -5.98311e-05  -0.000179813  0.0147715  0.0964541  -0.150013  
-0.00115839  -0.000361756  -0.000159549  -0.0156563  0.0276229  -0.0961582  
-0.0012694  -5.52735e-05  -0.000543428  -0.0213928  -0.0274903  -0.0622737  
-0.00179223  -0.000744911  5.64426e-05  0.0140458  0.0693183  0.0133092  
-0.000637368  0.000127773  -0.000291446  -0.0122774  -0.0158018  -0.0421541  
-8.44954e-06  0.000710395  1.73036e-05  -0.0301629  -0.0849575  0.102858  
-0.00115556  -0.000344504  7.99866e-06  0.00893068  0.0307269  -0.0393115  
0.000587037  9.52661e-05  -0.000916974  0.0821165  -0.073988  -0.0107814  
-0.00174837  -0.000320776  -0.000127769  0.025128  -0.0258211  0.20265  
-0.00276548  -0.00067577  0.000126966  0.00316743  -0.0384047  0.274179  
-0.00267207  -0.000527112  0.00031406  -0.0194082  -0.0506083  0.193737  
-0.000620509  -0.001257  0.000227416  0.042851  -0.0234286  -0.0598868  
-4.63532e-05  -0.000846325  -0.000119979  0.0217132  0.0812192  0.10987  
-0.00192528  -0.00141958  0.000221028  0.0458368  -0.0253249  0.140511  
-0.00247924  -0.00113549  0.000368207  0.0110017  0.0129372  0.220982  
-0.00357671  -0.00119694  0.000792287  -0.00551617  -0.00289696  0.115411  
-0.00267071  -0.0011179  0.000792287  0.0337569  -0.0206079  -0.00174612  
-0.000814883  -0.000342623  0.000792287  -0.000624915  0.11469  -0.0897119  
0.0124793  -0.00113268  -0.00150435  -0.077789  0.194283  -0.254602  
0.000543173  0.000291853  -0.000522632  -0.0747232  0.0485246  0.4807  
-0.00170619  -0.000290334  1.81599e-05  -0.0676593  0.00492898  0.272237  
-0.00405319  -0.00134766  1.81599e-05  -0.0240923  0.0423147  0.643598  
-0.00258645  -0.000548817  0.000482236  -0.00631781  0.0214595  0.251979  
-0.000540043  -0.000718833  0.000407497  -0.00627343  0.0859629  0.0873656  
0.00178591  -0.000548817  0.00129917  0.00669936  0.144245  0.0768173  
-0.000451606  -0.000958023  0.00111308  0.000759011  0.0822189  0.132224  
-0.000885759  -0.000887015  0.00104028  -0.0172785  0.102686  0.0796125  
-0.00199161  -0.000970923  0.000891941  -0.00963424  0.17828  0.196394  
-0.00399318  -0.000433508  0.000558726  -0.036029  0.0943627  0.249544  
-0.00767612  -0.00031215  0.00041964  -0.0134028  0.0258016  0.26768  
-0.00636055  0.0020442  0.000227164  -0.136675  -0.00837543  0.0846995  
-0.00319835  0.0014106  0.00019918  -0.134797  0.0293049  0.0652655  
-0.00339969  0.000740979  -8.46989e-05  -0.116289  -0.171712  -0.0104128  
-0.00371344  0.000249017  0.00036947  -0.0727381  -0.044405  0.474454  
-0.00403714  0.000690748  0.00036947  -0.0666887  -0.0987517  0.355774  
-0.00620552  0.000249017  0.00036947  -0.0699675  0.00225783  0.351046  
-0.00460766  0.000249017  0.000544297  -0.058937  0.0171268  0.335838  
-0.00522225  0.000561867  0.000490973  -0.0650741  0.0263223  0.346357  
-0.00775391  0.000877146  0.000178414  -0.0847433  -0.0391256  0.311507  
-0.0076283  -4.0322e-05  0.000560806  -0.0976463  0.0564148  0.179522  
-0.00569176  -7.13982e-05  0.000377133  -0.0654941  0.0489803  0.161989  
-0.00732536  -0.000615768  0.000734154  -0.0426796  0.0837416  0.434769  
-0.00535493  -0.000399587  0.000734154  -0.0385747  0.047842  0.250028  
-0.00451344  -0.000506801  0.000550141  -0.0334094  0.0731186  0.185961  
-0.00680304  -0.000672286  0.000663144  -0.0454379  0.0490783  0.3026  
-0.00509586  -0.000558377  0.000734154  -0.0511417  0.070116  0.165724  
-0.00395984  -0.000292009  0.000520587  -0.0433399  0.102044  0.217691  
-0.00487377  -4.24137e-05  0.000734154  -0.0265442  0.110821  0.294533  
-0.00731066  -4.80617e-05  0.000734154  -0.0480254  0.0432277  0.288321  
-0.00618142  0.00024714  0.000734154  -0.0429018  0.0752069  0.34594  
-0.00397119  -0.000510843  0.000293587  -0.0265895  0.0368308  0.0920574  
-0.00185542  8.18691e-07  0.000308004  -0.013158  0.0757689  0.0439778  
-0.00254918  -0.000351113  0.000438671  -0.0206349  0.0406242  0.0033015  
-0.00665991  0.0001746  0.000564523  -0.058968  0.0787138  0.369843  
-0.00724144  8.18691e-07  0.000750255  -0.0538377  0.132719  0.606647  
-0.00528082  -0.000240393  0.000879328  -0.0257373  0.0445909  0.314868  
-0.00665329  -0.000553355  0.000834731  -0.0331886  0.0969703  0.383845  
-0.00608731  -0.000624779  0.000935213  -0.0182061  0.0382521  0.261857  
-0.00504044  -0.000438122  0.000846759  -0.0182664  0.064394  0.230903  
-0.00441533  -0.000287516  0.00109824  -0.0204953  0.162437  0.202711  
-0.00308919  -0.000351884  0.00114322  -0.0149383  0.211866  0.268211  
-0.00573278  -0.000179471  0.00109089  0.000242679  0.048239  0.273688  
-0.0068565  -6.63951e-05  0.00130791  -0.0458898  0.0960341  0.317639  
-0.00554026  0.000311334  0.000657984  -0.0477056  -0.0322105  0.166164  
-0.0048257  -0.000427635  0.00057489  -0.021934  0.00925258  0.0994844  
0.00846809  0.0029585  -0.00132634  -0.197671  0.0888239  -0.205031  
0.002866  0.00359525  -0.00277411  -0.240964  0.0622319  0.513007  
0.00066231  0.0031409  -0.00199559  -0.18993  0.000236336  0.576231  
-0.000766219  0.00346  -0.00149019  -0.188817  0.0554956  0.513479  
-0.000458703  0.00279667  -0.0016184  -0.171461  -0.0328404  0.247954  
-0.00281682  0.00283527  -0.0016184  -0.158578  -0.04146  0.292848  
-0.00235264  0.00283527  -0.00124587  -0.156228  0.0366998  0.316636  
-0.00355287  0.000462286  -0.000288146  -0.0890388  0.0548647  0.361381  
-0.0015464  0.00161665  -0.000536989  -0.104129  -0.0191376  0.220199  
-0.0015403  0.00232121  -0.000536989  -0.139201  -0.026724  0.23966  
-7.16116e-05  0.00277922  -0.000819229  -0.202246  0.0708016  0.301067  
0.000407269  0.00240538  -0.00115647  -0.171066  -0.0880382  0.124714  
0.000257934  0.00230426  -0.00146756  -0.181084  0.010368  0.16778  
-0.000704327  0.00232447  -0.00157861  -0.186441  0.000979917  0.116844  
-0.00198657  0.00274074  -0.00114257  -0.1676  0.0352138  0.179054  
-0.000356304  0.00319413  -0.00180638  -0.218045  0.0973887  0.0343406  
0.000818107  0.00217069  -0.00214523  -0.211658  0.182752  0.250276  
-0.000446575  0.00271221  -0.00200305  -0.198446  0.0770399  0.179635  
-0.00126349  0.00252365  -0.00197342  -0.2028  0.104395  0.109048  
0.00116449  0.00259218  -0.00238992  -0.21896  0.240861  0.0476725  
0.000532818  0.00230333  -0.00207802  -0.179007  0.16545  0.00131642  
-0.000315581  0.00225248  -0.0017993  -0.171873  0.154861  0.130202  
-0.00139553  0.00292943  -0.00190452  -0.215509  0.123277  0.197392  
-0.00252651  0.00294828  -0.00198661  -0.215532  0.0616545  0.224733  
-0.00165814  0.0035483  -0.0020425  -0.241629  0.0979804  0.302797  
-0.00158232  0.00312082  -0.0017993  -0.241779  0.0816295  0.328281  
-0.00188397  0.00283269  -0.00259871  -0.234359  0.0701884  0.289901  
-0.00258788  0.00338579  -0.0027858  -0.250574  0.20074  0.263859  
-0.00174841  0.00225114  -0.00225034  -0.20982  0.0453997  0.146889  
-0.0024663  0.00254583  -0.00196997  -0.187699  0.090789  0.181441  
-0.00218238  0.00230233  -0.00153905  -0.175593  0.104088  0.305246  
-0.00161721  0.00205628  -0.00160023  -0.180181  0.0741966  0.214939  
-0.00204167  0.00191059  -0.00160023  -0.158361  0.0680965  0.0935299  
-0.00109901  0.0022376  -0.00175321  -0.162217  0.16539  0.205967  
-0.00182902  0.00337163  -0.00224143  -0.185673  0.0573007  0.488295  
0.000262328  0.00233721  -0.00200965  -0.162203  0.0537791  0.4181  
0.000728885  0.00173558  -0.00200965  -0.142357  0.121313  0.172862  
0.0034974  0.00186433  -0.00200965  -0.142466  0.18094  -0.144662  
0.00205006  0.00208879  -0.00217479  -0.149928  0.232233  0.00476236  
0.000691071  0.00103913  -0.00200965  -0.130094  0.145746  0.0708431  
0.0010488  0.00156084  -0.00200965  -0.134247  0.171771  0.125135  
0.000536539  0.00173995  -0.00200965  -0.136369  0.177701  0.119136  
0.00237204  0.00169766  -0.00200965  -0.0899098  0.243391  0.0102555  
0.00172945  0.00146826  -0.00200965  -0.099051  0.189957  -0.0554278  
0.00178058  0.00146824  -0.00178026  -0.0990127  0.222124  -0.128135  
0.00192843  0.00141833  -0.00176498  -0.0989997  0.235992  -0.0881132  
0.00177653  0.00139654  -0.00174858  -0.112759  0.211181  -0.0788473  
0.00241487  0.000700715  -0.00176955  -0.0710954  0.162823  -0.262888  
0.00416401  0.00152108  -0.00200965  -0.112761  0.338705  -0.278041  
0.00161797  0.00151426  -0.00200965  -0.10557  0.236974  -0.227395  
0.00263811  0.00121689  -0.00200965  -0.090038  0.270998  -0.202145  
0.00244233  0.00133995  -0.00143098  -0.119455  0.228491  -0.0813006  
0.00509447  0.00474853  -0.00310531  -0.25189  0.040676  -0.0268287  
0.00282544  0.00181518  -0.00225357  -0.126183  0.18323  0.100728  
-8.36957e-05  0.00237393  -0.00229277  -0.14434  0.0976633  0.0997569  
-0.000120738  0.00212452  -0.00172301  -0.126528  0.185478  0.050202  
0.00189425  0.00215207  -0.00186729  -0.132344  0.232543  -0.0944541  
0.001444  0.00310739  -0.00195861  -0.179361  0.20111  0.106623  
0.00147649  0.00227684  -0.00172301  -0.164948  0.12002  0.1335  
0.00106904  0.00283496  -0.00172301  -0.154639  0.174032  0.0237661  
0.001333  0.00248675  -0.00172301  -0.168709  0.294631  -0.0264343  
0.00234675  0.00250331  -0.00146231  -0.131446  0.244965  0.0234477  
0.00132835  0.00220044  -0.00133698  -0.139191  0.175018  0.0266715  
0.00103957  0.00165293  -0.00120815  -0.125825  0.229937  0.0461649  
0.0012898  0.00188671  -0.00148012  -0.140595  0.220039  -0.0646804  
0.00241022  0.00214566  -0.00170581  -0.12128  0.276189  0.051619  
0.00180913  0.00181955  -0.00156345  -0.1192  0.262692  0.0740584  
0.0018638  0.00174439  -0.00131977  -0.101308  0.235763  0.0326689  
0.00181059  0.00174439  -0.00147073  -0.107555  0.27361  -0.0470579  
0.00145497  0.00197351  -0.00170581  -0.117768  0.24114  0.0136807  
0.00182047  0.00248024  -0.00170581  -0.113237  0.246455  -0.093868  
0.00292853  0.00284128  -0.00170581  -0.131405  0.169228  0.0159525  
0.00164308  0.00219745  -0.00150408  -0.141689  0.219496  0.0319085  
0.00331168  0.0026508  -0.00176912  -0.154107  0.226507  -0.129584  
0.00389687  0.0007455  -0.00127761  -0.106943  0.256047  -0.272523  
0.00416282  0.0012088  -0.0014126  -0.110752  0.234238  -0.216556  
0.00569821  0.000736687  -0.00145524  -0.0836693  0.259705  -0.361238  
0.00695425  0.00204105  -0.00116045  -0.13284  0.337372  -0.309972  
0.00565557  0.00221881  -0.00170581  -0.149893  0.226741  -0.239001  
0.00465355  0.00175978  -0.00170581  -0.136767  0.250543  -0.187882  
0.00498248  0.00133604  -0.00210635  -0.145002  0.263106  -0.0856571  
0.00928632  0.00323534  -0.00377108  -0.189154  0.137351  -0.483136  
0.00245094  0.00204067  -0.00350701  -0.201987  0.241654  -0.0735804  
0.00442655  0.00164036  -0.00284035  -0.197253  0.222312  -0.252257  
-0.00047196  0.000566558  -0.00230588  -0.153506  0.178866  -0.0527768  
0.00353022  0.00200643  -0.00228206  -0.160511  0.245761  -0.0870176  
0.00565148  0.00200643  -0.00229375  -0.149162  0.261103  -0.246964  
0.00528608  0.00186656  -0.00240609  -0.13248  0.232574  -0.3148  
0.00469906  0.00198798  -0.00127886  -0.0996516  0.19567  -0.30628  
0.00354676  0.00163628  -0.00152246  -0.106334  0.231763  -0.109203  
0.00290653  0.00161873  -0.00170053  -0.152761  0.0766533  -0.171779  
0.00236188  0.00177005  -0.00190215  -0.147481  0.151347  0.0438067  
0.00256049  0.00169474  -0.00175556  -0.139897  0.172792  0.00626849  
0.0018324  0.00193284  -0.00207562  -0.152704  0.165669  -0.0629706  
0.00212307  0.00224254  -0.00170053  -0.137517  0.119293  -0.112625  
0.00485911  0.00278036  -0.00214022  -0.166138  0.157007  -0.0414749  
0.0025976  0.0027611  -0.00170053  -0.162188  0.0961278  0.143915  
0.00223853  0.0023544  -0.00170053  -0.162135  0.0924762  0.137499  
0.0013631  0.00310167  -0.00170053  -0.147192  0.154298  0.360438  
0.00103969  0.0023163  -0.00128305  -0.138872  0.0587639  0.178357  
0.00032298  0.00224254  -0.00107356  -0.146143  0.103078  0.190099  
-0.00106937  0.0013735  -0.000705566  -0.0778946  0.0775321  0.298711  
-0.00188669  0.00225931  -0.000899052  -0.110629  -0.0153281  0.334914  
-0.00107877  0.00201578  -0.00127358  -0.145964  0.0998315  0.37798  
-0.00108023  0.0015086  -0.000899052  -0.122663  0.101712  0.256037  
-0.000990832  0.00156941  -0.0010923  -0.114499  0.0910692  0.139169  
-0.00161131  0.00142611  -0.00107279  -0.125027  0.124956  0.23446  
-0.00145777  0.002167  -0.00130189  -0.137142  0.0559532  0.351975  
-0.000350139  0.00184785  -0.00166167  -0.128923  0.101269  0.380471  
0.00289749  0.00380061  -0.00273574  -0.178207  -0.0097687  0.304097  
0.000163111  0.00351752  -0.00186467  -0.156936  0.110554  0.308495  
0.000598702  0.00391716  -0.00198514  -0.18084  0.154203  0.271604  
0.000432825  0.00368902  -0.00275815  -0.209095  0.213733  0.0748324  
-7.23437e-06  0.00276866  -0.00231953  -0.184293  0.151897  -0.029176  
2.25383e-06  0.00303693  -0.00219991  -0.178068  0.234218  0.226552  
0.00452348  0.00229783  -0.00207062  -0.161139  0.187749  -0.201127  
0.00344456  0.00293275  -0.00168015  -0.182996  0.214329  -0.230951  
0.0040306  0.00367174  -0.00176373  -0.223158  0.258136  -0.162368  
0.000940219  0.00296337  -0.00163768  -0.1592  0.214961  -0.116247  
0.000572308  0.00106033  -0.00105735  -0.158853  0.233604  0.102717  
0.000456654  0.000890037  -0.00132071  -0.191923  0.15481  -0.134049  
-0.00114273  0.00177918  -0.00168428  -0.177828  0.112334  0.0656923  
0.00238227  0.00153352  -0.00259452  -0.188438  0.151892  -0.000136372  
0.000506034  0.0013796  -0.00188425  -0.183586  0.144955  0.102636  
-0.000594189  0.00181845  -0.0020153  -0.199348  0.180484  0.185344  
-0.000317466  0.00184151  -0.0025033  -0.197907  0.202083  -0.212186  
-0.00115565  0.00106033  -0.00177436  -0.15586  0.225824  -0.0628822  
-0.000949423  0.00142285  -0.00104683  -0.126881  0.268656  0.116799  
-0.0020644  0.00135551  -0.00158147  -0.146565  0.198706  -0.00645749  
-0.0020949  0.00168126  -0.00221847  -0.169663  0.258604  0.173109  
-0.00111713  0.00178678  -0.00152636  -0.148309  0.186738  0.0791394  
-0.000102415  0.0013874  -0.0015875  -0.146232  0.243996  0.0683358  
-0.000620619  0.00101676  -0.0016991  -0.137524  0.174378  -0.0981663  
-0.000843584  0.00044977  -0.00147336  -0.102356  0.232246  -0.0587198  
-0.000118023  0.00179583  -0.00231711  -0.153686  0.0713037  -0.163495  
0.00541183  0.00455321  -0.00401833  -0.239704  -0.0521935  0.061289  
-0.000277448  0.00147425  -0.00235373  -0.134917  0.146008  0.583865  
0.000887084  0.00164334  -0.00237899  -0.11328  0.0132241  0.575792  
6.00638e-05  0.00115062  -0.0017831  -0.116043  0.0625001  0.441651  
-0.00114656  0.00127931  -0.00160445  -0.133845  0.0613806  0.381385  
-0.0029668  0.0026356  -0.00151858  -0.200094  0.0495357  0.204755  
0.00121601  0.0007564  -0.00159251  -0.171051  0.16709  -0.011897  
0.00265938  0.00179106  -0.00135138  -0.189743  0.118124  0.199628  
-0.000924264  0.00137908  -0.00135138  -0.182246  0.120759  0.255312  
-0.00125297  0.00151493  -0.000915742  -0.154359  0.111598  0.258764  
-0.000581615  0.000877079  -0.000923151  -0.141012  0.129732  0.231531  
-0.000244257  0.000890758  -0.000976232  -0.13338  0.135792  0.198725  
0.000651308  0.000984826  -0.000984734  -0.133399  0.103635  0.194123  
0.000817411  0.000957956  -0.00119781  -0.127476  0.146993  0.240121  
0.00149924  0.00118758  -0.00119166  -0.143671  0.139895  0.0675208  
0.000667058  0.00118758  -0.000780631  -0.15037  0.180077  0.189325  
0.000294231  0.00118758  -0.000690514  -0.139655  0.117243  0.225795  
-0.000325176  0.00118758  -0.00066134  -0.147154  0.15528  0.343474  
-0.000491758  0.00118758  -0.000606866  -0.133405  0.0833938  0.217586  
-9.61573e-06  0.00118758  -0.000679695  -0.104593  0.173389  -0.0483694  
0.000966449  0.00069743  -0.00106047  -0.104794  0.254536  0.185981  
0.000359894  0.000697431  -0.000604162  -0.109408  0.138644  0.131892  
-4.45802e-05  0.000697431  -0.000526631  -0.104726  0.134068  0.178067  
0.000350958  0.000883996  -0.000728541  -0.118022  0.164496  0.0136849  
0.000581303  0.00123364  -0.000301332  -0.119246  0.22408  0.0622288  
0.00303444  0.00126345  -0.000733765  -0.122223  0.189311  0.084428  
0.00182356  0.000859636  -0.000423936  -0.126535  0.140925  0.0465722  
0.00189043  0.000697431  -0.000583263  -0.122166  0.124638  -0.11556  
0.00172842  0.00152699  -0.000476746  -0.174422  0.0701686  0.125706  
-0.00116139  0.0010176  5.86908e-06  -0.131225  0.155046  0.200741  
0.00123219  0.000539349  -0.000132306  -0.0735296  0.178103  0.229029  
0.000910909  0.0018643  -0.00044287  -0.121953  0.0613968  0.132925  
0.000988386  0.00258349  -0.000515883  -0.180311  0.0887111  0.221018  
-0.000430048  0.00194201  -0.000664928  -0.137005  0.127991  0.0611904  
-0.000178833  0.00167615  9.14751e-05  -0.12955  0.173631  0.250775  
-0.000339181  0.00181281  -0.000403497  -0.130503  0.156561  0.10094  
0.00134394  0.000487213  0.000416425  -0.0800551  0.276273  0.00298294  
-4.6468e-05  0.000891894  0.000416425  -0.0808513  0.164691  -0.130982  
3.2073e-05  0.000981251  0.000169421  -0.0919833  0.202287  0.0136879  
-0.00146275  0.00119657  -2.34932e-05  -0.112605  0.164258  0.0760196  
0.000227237  0.00100694  -0.000160125  -0.100328  0.180056  0.118577  
0.000831883  0.000891894  0.000416425  -0.0894936  0.124344  -0.08039  
0.00211307  0.00114626  0.000641947  -0.0894215  0.186715  -0.124413  
0.00113062  0.00143224  0.000416425  -0.095194  0.247563  0.0590515  
5.07215e-05  0.00151761  -9.82001e-05  -0.124242  0.168239  -0.109434  
-0.000242806  0.00214775  -6.36917e-06  -0.116699  0.221006  -0.00670398  
9.74036e-05  0.00156826  0.000380806  -0.0822579  0.228597  0.0385311  
-0.000132972  0.00151019  0.000382403  -0.0743424  0.23872  0.0742589  
