-0.00363864  -0  -0.00376169  -0.067813  0.232073  0.13547  
-0.00330092  1.50859e-21  -0.00347858  -0.0559464  0.301856  0.119839  
-0.00284623  -0.000217569  -0.00331291  -0.0486019  0.332599  0.126665  
-0.00353445  -0.000413221  -0.00331291  -0.0446803  0.349949  0.158863  
-0.003399  -0.000489174  -0.00331291  -0.0399034  0.338959  0.172772  
-0.00341242  -0.000419012  -0.00331291  -0.0425727  0.338957  0.208697  
-0.00284623  -0.000529895  -0.00331291  -0.0384758  0.327851  0.246147  
-0.00316764  -0.0010434  -0.00331291  -0.0342783  0.326635  0.309558  
-0.00400772  -0.0013596  -0.00299009  -0.0231207  0.331676  0.328016  
-0.00430935  -0.00118931  -0.00284453  -0.00752602  0.326759  0.326038  
-0.00436867  -0.00148053  -0.00271323  -0.0074254  0.316212  0.351143  
-0.00484493  -0.00169299  -0.0029264  -0.00736757  0.338488  0.354148  
-0.0043463  -0.00186328  -0.00271323  -0.00418386  0.338672  0.342845  
-0.00439968  -0.00178084  -0.00271323  -0.00730194  0.338639  0.356285  
-0.00418081  -0.00169299  -0.00271323  0.00282511  0.361635  0.343031  
-0.00416161  -0.0018698  -0.00271323  0.00685699  0.367805  0.355378  
-0.00412758  -0.00169299  -0.00271323  0.0162952  0.367841  0.335823  
-0.00395886  -0.00187932  -0.00271323  0.00865998  0.367871  0.357257  
-0.0043638  -0.00191643  -0.00259619  0.0146893  0.396978  0.336458  
-0.0037432  -0.00169299  -0.00248514  0.0129066  0.36062  0.37148  
-0.00423556  -0.00195775  -0.00251111  0.0128201  0.408361  0.333169  
-0.00396912  -0.00169299  -0.00252452  0.0146413  0.353706  0.332064  
-0.00415828  -0.00198064  -0.00271323  0.0122626  0.406206  0.315562  
-0.00355021  -0.00203226  -0.00271323  0.0138007  0.353789  0.319683  
-0.00433366  -0.00212235  -0.00271323  0.0119156  0.395198  0.316731  
-0.00386083  -0.00210691  -0.00253779  0.0115594  0.364102  0.334804  
-0.00450197  -0.00221709  -0.00247351  0.0127512  0.395146  0.326586  
-0.00397189  -0.00195953  -0.00271323  0.0120215  0.355055  0.340125  
-0.00467138  -0.00209628  -0.00245195  0.0125136  0.40607  0.329427  
-0.0037994  -0.00188728  -0.00243062  0.012668  0.352171  0.352356  
-0.00444119  -0.00212947  -0.00236869  0.00940066  0.389202  0.352473  
-0.00366341  -0.00198879  -0.00237497  0.0142602  0.358771  0.343365  
-0.00435681  -0.00209337  -0.0024735  0.0138895  0.396529  0.341288  
-0.00393069  -0.00203124  -0.00245065  0.0119695  0.370553  0.34544  
-0.00407491  -0.00229583  -0.0023971  0.0187228  0.389386  0.354921  
-0.00371966  -0.00169299  -0.00246818  0.00839144  0.389473  0.325229  
-0.00346828  -0.00169299  -0.00271323  0.0134205  0.389583  0.33374  
-0.00347445  -0.00213045  -0.00271323  0.019326  0.416628  0.323824  
-0.00323572  -0.00215609  -0.00258146  0.0197244  0.3895  0.342979  
-0.00379311  -0.00219364  -0.00271323  0.0222997  0.420941  0.361559  
-0.00330337  -0.00216609  -0.00265008  0.0187139  0.372856  0.342586  
-0.00358184  -0.00213877  -0.00246001  0.0224712  0.409502  0.365872  
-0.00372853  -0.00255097  -0.00246179  0.0355452  0.415292  0.343867  
-0.00326042  -0.00231896  -0.00236876  0.0296511  0.364544  0.351437  
-0.00420557  -0.00255904  -0.00231201  0.0355947  0.420441  0.3477  
-0.00361842  -0.00236789  -0.00227532  0.027763  0.394733  0.32738  
-0.00347008  -0.00242075  -0.00238614  0.0355095  0.367822  0.348  
-0.00402485  -0.00247183  -0.00250805  0.0354981  0.414994  0.350692  
-0.00305832  -0.00227096  -0.00250725  0.0252215  0.373955  0.333532  
-0.00310378  -0.00188877  -0.00271323  0.0246313  0.401255  0.341517  
-0.00344913  -0.00229597  -0.00253454  0.0262742  0.419578  0.322824  
-0.00302212  -0.00222646  -0.00261774  0.0217918  0.383314  0.318277  
-0.00344414  -0.00213877  -0.00271323  0.0206109  0.419678  0.330459  
-0.00271772  -0.00213877  -0.00261986  0.0213131  0.386576  0.302337  
-0.00330369  -0.00213877  -0.00258317  0.0264071  0.415962  0.32587  
-0.0035928  -0.0024226  -0.00250832  0.0249158  0.436239  0.303112  
-0.00303924  -0.00213877  -0.00246947  0.0354201  0.378749  0.308995  
-0.00395137  -0.00213877  -0.00249638  0.028007  0.439455  0.33546  
-0.00308122  -0.00213877  -0.00234864  0.0262274  0.388952  0.313742  
-0.00293239  -0.00213877  -0.00271323  0.0353413  0.383436  0.325377  
-0.00330529  -0.00213877  -0.00271323  0.030263  0.407698  0.334296  
-0.00261342  -0.00208014  -0.00271323  0.035324  0.383952  0.335702  
-0.00314827  -0.00219202  -0.00271323  0.0204316  0.407725  0.336843  
-0.00266801  -0.00213877  -0.00288897  0.0167174  0.377753  0.320434  
-0.0031513  -0.00203559  -0.00294123  0.0234104  0.39725  0.340393  
-0.00316901  -0.00223055  -0.00273684  0.0226412  0.412725  0.323551  
-0.00246743  -0.00213877  -0.00271281  0.0219995  0.373684  0.323448  
-0.00330455  -0.00213877  -0.00278625  0.0192958  0.416065  0.322919  
-0.00242102  -0.00152172  -0.00290005  0.017115  0.382115  0.2582  
-0.00293065  -0.00169529  -0.00287037  0.0127961  0.391438  0.28456  
-0.00332425  -0.00213877  -0.00280763  0.0167208  0.40832  0.27748  
-0.00273793  -0.00169095  -0.00294454  0.0155876  0.373717  0.315154  
-0.0031216  -0.00213877  -0.00286143  0.0138194  0.408513  0.308095  
-0.00241618  -0.00194945  -0.00286503  0.00806555  0.370082  0.305318  
-0.00338621  -0.00213877  -0.00294335  0.0158452  0.417399  0.32158  
-0.00275139  -0.00213877  -0.00287907  0.0175049  0.358963  0.307777  
-0.00303655  -0.00160794  -0.00302124  0.0190086  0.390105  0.314031  
-0.00286344  -0.0017866  -0.00288586  0.0176655  0.3847  0.306777  
-0.00304801  -0.0019192  -0.00288044  0.0173406  0.395902  0.320806  
-0.0029698  -0.00192314  -0.00280143  0.0163137  0.405892  0.305478  
-0.00277483  -0.0018419  -0.00305267  0.0161317  0.357228  0.315747  
-0.00313411  -0.00201843  -0.00294723  0.0156438  0.412321  0.309565  
-0.00245964  -0.00213877  -0.00298322  0.0174772  0.366749  0.294763  
-0.00301078  -0.00213877  -0.00293679  0.0177079  0.409279  0.320946  
-0.00265021  -0.00213877  -0.00286255  0.0116061  0.383247  0.27838  
-0.00289262  -0.00213877  -0.00265835  0.0193152  0.396166  0.322492  
-0.00255086  -0.00198393  -0.00283107  0.0163369  0.413129  0.297869  
-0.00212591  -0.00178457  -0.00287598  0.0178482  0.389932  0.296202  
-0.00273394  -0.00196439  -0.00309564  0.0172397  0.428186  0.298286  
-0.0021029  -0.00179749  -0.00290692  0.0111838  0.38209  0.29804  
-0.00284249  -0.00208035  -0.00288025  0.0181992  0.418933  0.31926  
-0.00218115  -0.00193801  -0.00265605  0.0167606  0.396688  0.296633  
-0.00306171  -0.0019636  -0.00269021  0.00945168  0.425101  0.295547  
-0.00192425  -0.00163914  -0.00295718  -0.00150366  0.399984  0.266739  
-0.00262649  -0.00160626  -0.0031012  -0.00129136  0.425179  0.284355  
-0.00226461  -0.00160054  -0.00291693  -0.0012418  0.399038  0.274987  
-0.00257674  -0.00174623  -0.00322855  -0.00730562  0.40265  0.307072  
-0.00228016  -0.00164171  -0.00326751  -0.0143259  0.405406  0.260552  
-0.00246522  -0.00187442  -0.0034146  -0.010001  0.393758  0.25985  
-0.00247201  -0.00184439  -0.00319399  0.0024057  0.417943  0.29188  
-0.00211992  -0.00225047  -0.00301559  -0.000414107  0.393798  0.270719  
-0.00284744  -0.00213877  -0.0028899  0.00559814  0.427253  0.287222  
-0.00238014  -0.00201855  -0.00285591  0.00623576  0.383135  0.303461  
-0.00319528  -0.00213877  -0.00285602  0.0157997  0.422371  0.288401  
-0.00255258  -0.00213877  -0.00286545  0.00190608  0.382717  0.263267  
-0.00332835  -0.00213877  -0.00277239  0.014421  0.416705  0.305125  
-0.00261406  -0.00213877  -0.00277763  0.0152881  0.385012  0.291216  
-0.00280806  -0.00213877  -0.00319151  0.0117835  0.397399  0.320122  
-0.00255938  -0.00199186  -0.003123  0.00617059  0.373401  0.310546  
-0.00238716  -0.00184338  -0.00319151  0.0111412  0.37368  0.316634  
-0.00291735  -0.00170124  -0.0029693  0.0169398  0.385214  0.329416  
-0.00207831  -0.00169847  -0.0027915  0.0102929  0.366397  0.351739  
-0.00291649  -0.00182694  -0.00274281  0.0141564  0.403148  0.335734  
-0.00236743  -0.00213877  -0.00296666  0.010709  0.340503  0.328853  
-0.00346019  -0.00213877  -0.00272125  0.021484  0.402965  0.294358  
-0.00162643  -0.00106188  -0.00264463  0.0345836  0.312565  0.167299  
-0.00138615  -0.00130855  -0.00287774  0.0142275  0.338005  0.213966  
-0.00166746  -0.00154243  -0.00293622  0.00396411  0.408589  0.265029  
-0.00166746  -0.00207854  -0.0026699  0.0126838  0.416547  0.32498  
-0.00118559  -0.00191932  -0.00257845  0.0146057  0.393243  0.300277  
-0.00138945  -0.00191932  -0.00214751  0.0184661  0.402159  0.314338  
-0.00158219  -0.00191932  -0.00214751  0.00402136  0.414292  0.33454  
-0.00148142  -0.00191932  -0.00214751  0.00641311  0.402116  0.352464  
-0.0015035  -0.00191932  -0.00236545  0.00145059  0.373963  0.353144  
0.000395835  -0.0016402  -0.00214751  0.0118875  0.27506  0.228003  
0.000629904  -0.0014597  -0.0024072  0.0140073  0.295527  0.196936  
0.000446458  -0.00117934  -0.00265345  0.00544902  0.363852  0.176927  
0.000867024  -0.000961273  -0.00257161  0.000256154  0.245644  0.141666  
0.000686125  -0.000808679  -0.00257161  -0.00575358  0.262573  0.118114  
0.000580143  -0.000808679  -0.00257161  0.00165086  0.261015  0.118144  
0.00127613  -0.0009868  -0.00262998  0.00165256  0.227819  0.117942  
0.000720521  -0.000860556  -0.00269833  0.00160909  0.32134  0.0703998  
0.00166978  -0.000808679  -0.00257161  -0.00769832  0.242  0.0410285  
0.00101492  -0.000808678  -0.00257161  0.00165086  0.23595  0.0509398  
0.0012932  -0.000808678  -0.00257161  0.00165086  0.213774  0.0608354  
0.0012932  -0.000715356  -0.00257161  -0.00751919  0.283457  0.052549  
0.000851407  -0.000808678  -0.00277697  -0.00961527  0.257612  0.0279639  
0.00147174  -0.000808678  -0.00257161  -0.00524309  0.209098  0.0206912  
0.00101607  -0.000808678  -0.00257161  0.00165086  0.248788  0.00937568  
0.00148911  -0.000692328  -0.00257161  -0.0077647  0.203387  0.040252  
0.00124361  -0.000808678  -0.00257161  0.00165086  0.210964  0.112331  
0.000806202  -0.000808678  -0.00234154  -0.00741215  0.176111  0.127259  
0.000718804  -0.00111112  -0.00213646  -0.0119666  0.176119  0.10491  
0.000698763  -0.000808678  -0.00213523  0.0017724  0.176123  0.0899679  
0.000270237  -0.00123447  -0.00200814  0.00184487  0.17602  0.12711  
0.000174361  -0.001048  -0.0018861  0.00721751  0.128812  0.132066  
0.000390807  -0.00136017  -0.00195654  0.00180238  0.108065  0.102469  
8.41421e-07  -0.001492  -0.00204566  0.00177961  0.156559  0.0648595  
-0.000874143  -0.00167801  -0.00189559  -0.0106556  0.324953  0.105028  
-0.000612827  -0.00186812  -0.00156529  0.00195682  0.193509  0.0953923  
-0.000369835  -0.00186273  -0.00131168  0.00906609  0.202108  0.118456  
-0.000615968  -0.00175455  -0.00125516  0.0131205  0.183482  0.134002  
-0.000519294  -0.00185943  -0.00121433  0.0130162  0.159969  0.140147  
-0.000389954  -0.00173563  -0.00125729  0.0149423  0.134087  0.140122  
-0.000220874  -0.00193423  -0.00121925  0.0152073  0.158469  0.140088  
-0.00055576  -0.00171234  -0.00131168  0.00202835  0.23229  0.193276  
-0.000659504  -0.00185926  -0.00131168  0.0134763  0.140064  0.225776  
-0.000894525  -0.00176839  -0.00131168  0.0131542  0.121617  0.198773  
-0.000339895  -0.00145915  -0.00114104  0.0127494  0.11485  0.170698  
-0.00022814  -0.00171097  -0.00115409  0.0100947  0.0974061  0.170675  
-0.000833702  -0.00164507  -0.00114289  0.00664994  0.196283  0.154154  
-0.000544499  -0.00145915  -0.000966454  0.00203587  0.100565  0.161568  
-0.000339895  -0.00157345  -0.00131168  0.00930731  0.0836692  0.1719  
-0.000803422  -0.00154318  -0.00120678  0.0103931  0.151688  0.216984  
-0.000739873  -0.00145915  -0.00131168  0.00198901  0.119923  0.214633  
-0.000851252  -0.00145915  -0.00121593  0.00199724  0.0785523  0.213832  
-0.000837013  -0.00171109  -0.00108511  0.00712073  0.076361  0.200116  
-0.000476045  -0.00186486  -0.00110721  0.0153633  0.0786077  0.177253  
-0.00103752  -0.0018666  -0.000821352  0.0236838  0.145039  0.238525  
-0.00112432  -0.00199234  -0.000562395  0.0166553  0.115652  0.19239  
-0.000393123  -0.00188228  -0.000576271  0.0162247  0.0847851  0.209269  
-0.00021432  -0.00186955  -0.000658932  0.0113712  0.0749577  0.209256  
-0.00049228  -0.00178443  -0.000571144  0.0162228  0.0767081  0.209278  
-0.000856506  -0.00204723  -0.000666167  0.0222986  0.129466  0.227261  
-0.00139285  -0.0018611  -0.000544588  0.0173474  0.122207  0.237319  
-0.00124133  -0.0020451  -0.000465483  0.0363013  0.139795  0.195445  
-0.000713677  -0.0018611  -0.00047265  0.0238209  0.0994511  0.195376  
-0.000489124  -0.0018611  -0.000532132  0.0197077  0.105735  0.176334  
-0.000489124  -0.0018611  -0.000659565  0.0219263  0.112318  0.176334  
-0.000489124  -0.0018611  -0.000664887  0.0194872  0.0738623  0.188638  
-0.000489124  -0.00166252  -0.000648593  0.0182336  0.0658781  0.176342  
-0.00115636  -0.0018611  -0.00131168  0.0194476  0.116935  0.160548  
-0.00213417  -0.0018611  -0.00131168  0.00392878  0.0889264  0.201357  
-0.000893107  -0.00152499  -0.00140157  -0.000773369  0.00571441  0.125054  
-0.000788095  -0.00145634  -0.00136211  -0.000768763  0.0755521  0.0732384  
-0.000743473  -0.00139252  -0.00148197  -0.0189084  0.0852123  0.0621175  
-0.000641004  -0.00150744  -0.00131168  -0.000757184  0.0795699  0.0621089  
-0.000739279  -0.0018611  -0.00131168  -0.0133699  0.101862  0.0621227  
-0.000774335  -0.00154357  -0.00098104  -0.0146733  0.0988583  0.0836353  
-0.000817344  -0.00139921  -0.00102775  -0.0183416  0.129033  0.111124  
-0.000517092  -0.000969958  -0.00131168  -0.0390963  0.104227  0.129626  
-5.30397e-05  -0.000983066  -0.00131168  -0.0331639  0.0937729  0.114604  
-3.80083e-05  -0.00113718  -0.00117334  -0.0192395  0.104414  0.101667  
-0.000808857  -0.000801912  -0.00096515  -0.017076  0.108564  0.129635  
-0.000331071  -0.00121351  -0.00131168  -0.0170951  0.134007  0.0795058  
-0.000651429  -0.00127269  -0.00131168  -0.00856487  0.0828114  0.0856008  
-0.000475434  -0.00127269  -0.00131168  0.00647888  0.0948113  0.0169967  
-0.000140577  -0.00127269  -0.00104989  0.0216551  0.0796433  -0.00335129  
-0.0010258  -0.00115019  -0.00131168  -0.00440274  0.19127  0.00760638  
-0.00073654  -0.000831263  -0.0009416  -0.00150663  0.0922107  -0.00865772  
-0.00073654  -0.00127269  -0.000963506  0.00592767  0.0946974  0.0125053  
-0.00073654  -0.0010105  -0.000934839  -1.44931e-05  0.115108  -0.000748942  
-0.000224443  -0.00122229  -0.00105627  0.00590274  0.105983  0.00650992  
-0.000487094  -0.00127269  -0.000911485  0.0357081  0.0937936  0.00173892  
-0.000421099  -0.00127269  -0.00107121  0.01208  0.103128  0.00171614  
-0.000663716  -0.00127269  -0.00131168  0.012032  0.23117  -0.0162952  
-0.000179045  -0.00127269  -0.00131168  0.012032  0.162563  -0.0439737  
-0.000160777  -0.00115289  -0.00122273  0.00315243  0.137142  -0.0427601  
-0.000187485  -0.00112541  -0.00102087  0.00605356  0.143754  -0.0211745  
-5.39632e-05  -0.00127269  -0.00131168  0.012032  0.130246  0.0034245  
-0.000302826  -0.00127269  -0.00131168  0.012032  0.111041  0.00346934  
2.08657e-05  -0.00136782  -0.00106876  0.0120659  0.0879654  -0.0126473  
-0.000296391  -0.00137846  -0.00113428  0.0184431  0.206619  0.020546  
-0.000585677  -0.00138138  -0.000997036  0.0175818  0.172725  0.00355626  
-0.000381428  -0.00117615  -0.00110277  0.0120752  0.126205  0.00380711  
-0.000511094  -0.00133484  -0.00131168  0.0165895  0.107592  0.0163486  
-7.99715e-05  -0.0013711  -0.00131168  0.0182138  0.13918  0.0329631  
-0.00057245  -0.00145731  -0.00131168  0.0120916  0.0910433  0.0367939  
-0.000391679  -0.0015014  -0.000993885  0.0167593  0.0983821  -0.0350083  
-0.00100709  -0.00157362  -0.00131168  0.01205  0.166671  -0.0289015  
-0.00052954  -0.00140127  -0.00107609  0.0243306  0.209439  0.0123139  
-0.000467482  -0.00171611  -0.000892175  0.043159  0.111404  0.0140621  
-0.000559906  -0.00147975  -0.000950809  0.0322436  0.127523  0.0140837  
-0.000457469  -0.00140127  -0.00074304  0.0267505  0.124013  -0.00265586  
-0.000897208  -0.0018195  -0.0011438  0.0222227  0.231431  -0.0113527  
-0.000782491  -0.00178301  -0.000791189  0.0261981  0.156569  -0.0113773  
-0.00101698  -0.00140127  -0.000705695  0.0331668  0.156569  -0.0113058  
-0.000703713  -0.0015402  -0.000789449  0.0372254  0.153417  0.00107958  
-0.000629182  -0.00140127  -0.000789449  0.0413518  0.156572  0.0139661  
-0.000557518  -0.00157007  -0.000789449  0.0482741  0.134426  0.0118475  
-0.000312336  -0.00166313  -0.000517387  0.0354576  0.130739  0.00789325  
-0.000505694  -0.00140127  -0.000789449  0.0241019  0.113333  -0.00560183  
-0.000703713  -0.00140127  -0.000891666  0.0313611  0.136521  -0.00341349  
-0.000865881  -0.00158741  -0.000789449  0.0482658  0.189703  0.0138803  
-0.000587217  -0.00152649  -0.000789449  0.0332662  0.100366  0.0207279  
-0.00037418  -0.00157156  -0.000789449  0.0229855  0.0970335  -0.0152962  
-0.000692763  -0.00133015  -0.000789449  0.0340991  0.174988  -0.00662112  
-0.000692763  -0.00138784  -0.000789449  0.041096  0.141325  -0.00612553  
7.89698e-05  -0.00142966  -0.000542514  0.0408037  0.117469  -0.00273566  
-0.000182222  -0.00119605  -0.000789449  0.0301488  0.0968681  -0.0253247  
-4.40603e-05  -0.00135423  -0.000540926  0.0354641  0.106221  -0.0328382  
-0.000252106  -0.00127064  -0.000789449  0.0229995  0.152844  0.00451741  
-0.000422596  -0.00133075  -0.000789449  0.0359964  0.218502  0.0257081  
-0.000163686  -0.00126944  -0.000789449  0.0329479  0.118914  0.0194877  
-0.000244278  -0.00132477  -0.000789449  0.036023  0.121785  -0.0041377  
-0.000244278  -0.00153231  -0.000643206  0.0306414  0.12498  -0.0114175  
-0.000104958  -0.00163355  -0.000789449  0.0230071  0.215184  0.0391026  
0.000615551  -0.00147885  -0.000789449  0.0529317  0.12783  -0.0805893  
0.000608498  -0.00163673  -0.00101488  0.0315395  0.134687  -0.0681818  
0.00053193  -0.00159684  -0.000959676  0.0315671  0.102785  -0.0742357  
-9.47328e-05  -0.00152963  -0.000962421  0.0165549  0.211761  -0.0300493  
-0.000547018  -0.00156338  -0.000959739  0.0315879  0.214784  0.0295172  
-0.000432875  -0.00171961  -0.000789449  0.0316043  0.152244  0.0174573  
-0.000811828  -0.00163364  -0.000789449  0.0316374  0.152206  0.013235  
-0.000527555  -0.001516  -0.000789449  0.0197548  0.124361  0.0228417  
-0.000613211  -0.00163277  -0.000852119  0.0223854  0.112859  0.0537194  
-0.000367074  -0.00122534  -0.000880472  0.0234621  0.0476626  0.0537273  
0.000250067  -0.00122534  -0.000789449  0.0316349  0.0525008  0.0194079  
-0.000223927  -0.00115653  -0.00121098  -0.000904007  0.052515  0.0347281  
-3.78661e-05  -0.00101286  -0.00156293  -0.00831208  0.125535  0.0444843  
-0.000170456  -0.00122534  -0.00143516  0.00127176  0.0306213  0.0610083  
-0.000170456  -0.000723627  -0.00121098  0.00161011  0.0493654  0.0117659  
-0.000660198  -0.00122534  -0.00121098  -0.000882744  0.133105  0.053327  
-0.00043701  -0.00101123  -0.00121098  -0.0101812  0.0824523  0.0621056  
-0.000462618  -0.0008391  -0.00121098  -0.000875274  0.0579251  0.03967  
-0.000552884  -0.000870701  -0.00121098  -0.000884761  0.0626811  0.0621082  
-0.000206342  -0.000852366  -0.00121098  -0.000889185  0.0662681  0.0586121  
-0.000222702  -0.000893364  -0.00103561  -0.000876159  0.0598423  0.0620761  
-0.000476816  -0.000862873  -0.000966289  -0.000859761  0.0530563  0.0275071  
-0.000984133  -0.00122534  -0.000937545  -0.000833195  0.20745  0.0640484  
-0.00173261  -0.00122534  -0.000995939  -0.0067398  0.123505  0.0469031  
-0.00111579  -0.000835533  -0.00121098  -0.0200473  0.099928  0.0304565  
-0.000714615  -0.000955863  -0.00121098  -0.0186256  0.112613  0.0141203  
-0.000682218  -0.000734299  -0.00121098  -0.0161397  0.11255  0.00318139  
-0.000495476  -0.000847613  -0.00121098  -0.0193184  0.115367  0.00294654  
-0.000442722  -0.000680567  -0.000974744  -0.011585  0.0786865  -0.00703647  
-0.000648546  -0.000495154  -0.000947001  -0.0185662  0.0940754  -0.0547292  
-0.000277995  -0.000564586  -0.000786039  -0.0178996  0.0761655  -0.0798812  
-0.000874048  -0.000458818  -0.000547251  -0.0419263  0.0329233  -0.00253201  
-0.000768514  -0.000445467  -0.00136361  -0.0434081  -0.00420985  0.00859402  
-0.00179845  -0.000624076  -0.00123214  -0.0496863  0.0706326  -0.0326119  
-0.00125257  -3.70922e-05  -0.00156334  -0.0774267  0.0016704  -0.0375748  
-0.00209826  -0.000226619  -0.00136157  -0.0741312  0.0351045  -0.00023198  
-0.00256003  -0.000447973  -0.00133205  -0.0608913  0.0860143  0.00125113  
-0.0025364  -0.000715645  -0.00156334  -0.0609268  0.0400888  -0.028122  
-0.00171073  -0.000516758  -0.00140229  -0.0585673  0.00687989  -0.0758729  
-0.0012608  -0.000689285  -0.00143235  -0.0559711  0.0623959  -0.0584252  
-0.00198519  -0.000419184  -0.00156334  -0.0566199  0.144831  -0.0511265  
-0.00197329  -0.000373168  -0.00156334  -0.052003  0.0716193  -0.078711  
-0.00155316  -0.000554358  -0.00123278  -0.0406039  0.0762168  -0.0731224  
-0.00189419  -0.000493122  -0.000963837  -0.0322446  0.0968684  -0.100368  
-0.00128272  -0.000387457  -0.000712998  -0.0312631  0.076532  -0.0583686  
-0.00180316  -0.000415342  -0.000658345  -0.0445807  0.113345  -0.0573201  
-0.00167873  -0.000485443  -0.000658345  -0.0382926  0.170571  -0.0220725  
-0.00122522  -0.000535838  -0.000658346  -0.0261463  0.0761884  -0.0408949  
-0.00110976  -0.000837254  -0.000658346  -0.0161611  0.0926967  -0.0443817  
-0.000959585  -0.000902412  -0.000246105  -0.0133227  0.0968288  -0.0444076  
-0.00139635  -0.000681157  -0.000658346  -0.0287335  0.180162  -0.00981402  
-0.00153473  -0.000597696  -0.000658346  -0.0297813  0.0757727  -0.00978075  
-0.00132625  -0.000836814  -0.000607594  -0.016144  0.094331  -0.0222437  
-0.00102409  -0.000821045  -0.000577148  -0.00223769  0.0947876  -0.0224809  
-0.000838771  -0.00100126  -0.000527679  -0.0161561  0.0520537  -0.0281153  
-0.000839263  -0.00072491  -0.000540247  -0.0185755  0.0413412  -0.04477  
-0.000957757  -0.00071322  -0.000658346  -0.0161413  0.07253  -0.0503575  
-0.00160284  -0.00088694  -0.000658346  -0.0213517  0.142511  -0.0502075  
-0.000658989  -0.000598908  -0.000321766  -0.0160514  0.0585306  -0.0632286  
-0.000850172  -0.00067531  -0.000494685  -0.0161179  0.0781857  -0.0321974  
-0.000760627  -0.000637465  -0.000502841  -0.00199185  0.0869083  -0.0483782  
-0.000812842  -0.000852368  -0.000443578  -0.00805914  0.0532157  -0.0520378  
-0.000603652  -0.000875056  -0.000498043  -0.00628889  0.0537255  -0.0655985  
-0.00116345  -0.000843268  -0.000658346  -0.00851703  0.151661  -0.0287373  
-0.000924033  -0.00122534  -0.000708465  -0.0161785  0.0560807  -0.0455521  
-0.00128498  -0.000764775  -0.000658346  -0.0125238  0.0677771  -0.0454866  
-0.00100346  -0.000616166  -0.000658346  -0.0327476  0.0462289  -0.0264472  
-0.000808799  -0.000678822  -0.000658345  -0.0230964  0.0203445  -0.0450675  
-0.000793205  -0.000762994  -0.00096866  -0.0287395  0.0651842  -0.0459404  
-0.00108633  -0.000757668  -0.000658346  -0.0255373  0.105685  -0.014584  
-0.000559271  -0.000562208  -0.000658345  -0.0249683  0.0447599  -0.0218748  
-0.00032146  -0.000398472  -0.000602267  -0.0227335  0.0497602  -0.0179595  
-0.00032146  -0.00048929  -0.000658346  -0.0161362  0.064884  -0.00896782  
-0.000487738  -0.000174318  -0.000658345  -0.0161218  0.0429187  -0.00903914  
-0.000998061  -0.000174318  -0.00108833  -0.0338656  0.0204333  -0.0267032  
-0.000546412  -0.000342538  -0.00119835  -0.0522337  0.00851798  -0.0734833  
-0.00123182  -0.000116397  -0.00102749  -0.0404471  0.191943  -0.0513006  
-0.00106298  -0.000174318  -0.000585977  -0.0385733  0.0519139  -0.111768  
-0.000816045  -0.000174318  -0.000459908  -0.029287  0.0880264  -0.0930436  
-0.000458697  -0.000174318  -0.000459908  -0.0306818  0.0650129  -0.0602476  
-0.000796346  -0.000174318  -0.000459908  -0.0263711  0.0449768  -0.0658594  
-0.000501956  -0.000174318  -0.000459908  -0.0133823  0.0591253  -0.0521062  
-0.000692512  -0.000174318  -0.000378037  -0.00945608  0.0472888  -0.0850212  
-0.000893689  -0.000309003  -0.000459908  -0.00947633  0.0505431  -0.0686257  
-0.00106298  -0.000174318  -0.000459908  -0.019876  0.0597351  -0.0602358  
-0.0012517  -0.000174318  -0.000356034  -0.00945933  0.0584296  -0.00332931  
-0.00100645  -0.000713244  -0.000459908  0.00163398  0.035402  -0.00249909  
-0.000743451  -0.000496051  -0.000459908  0.00269823  0.0216538  -0.0533615  
-0.000395121  -0.000473099  -0.000459908  -0.00115398  0.0108842  -0.0546283  
-0.00104523  -0.000295525  -0.000459908  -0.00943163  0.0465046  -0.0371218  
-0.00106599  7.54295e-05  -0.000763667  -0.0392006  0.0954147  -0.00770343  
-0.00112749  0.000276301  -0.000751896  -0.0520507  0.00439129  -0.00753347  
-0.000705468  0.000433597  -0.000459908  -0.0281468  0.00437209  -0.0230796  
-0.000705468  0.000222352  -0.000778869  -0.0281901  0.0705483  -0.00756468  
-0.00153961  0.000531713  -0.000459908  -0.0281409  -0.00102791  -0.0255978  
-0.00114191  0.000334123  -0.000459908  -0.0281557  -0.00105825  -0.0254165  
-0.000705468  0.000347098  -0.000459908  -0.0215711  0.00620236  -0.0347016  
-0.000788717  0.000493752  -0.000285466  -0.0281471  0.0157523  -0.0262217  
-0.00134489  0.00041899  -0.000459908  -0.0281621  0.0569804  -0.00748575  
-0.00135473  0.000159965  -0.000459908  -0.0217945  0.0648808  0.0260096  
-0.000370716  9.6649e-05  -0.000214392  -0.010406  0.00242858  0.020774  
-0.000763941  0.000159965  -9.98209e-05  -0.0073108  0.0226946  0.00825092  
-0.000245797  0.000159965  1.69775e-05  0.00115563  -0.0129539  0.00829458  
-2.40683e-05  0.000159965  -1.81386e-05  -0.00228008  -0.00182862  -4.34855e-05  
3.37582e-05  0.000159965  -0.000180742  -0.000834615  0.0530108  0.0346249  
-0.000132796  0.000159965  -0.000240188  -0.017386  0.0387774  0.0612979  
-7.06554e-05  0.000159965  4.67849e-05  -0.0130087  0.00128387  0.0328307  
-0.000497965  0.000100185  -0.000189471  -0.0193284  0.101943  0.0153045  
-0.000764632  4.55415e-05  -0.000139925  -0.0253519  0.0484156  -0.00204629  
-0.000764225  0.000159965  -0.000385138  -0.0146205  0.0254408  -0.00796188  
-0.000175211  0.000159965  -0.000175029  -0.00774432  0.0571952  -0.0167046  
-0.00025942  0.000260231  2.71356e-05  -0.00801396  0.0467914  -0.0126135  
-0.000103543  0.000159965  -0.000142099  -0.0222404  0.0255926  -0.0210275  
-9.8015e-05  0.000536692  -2.13869e-05  -0.0281016  0.0417372  -0.0283515  
-0.000608443  0.000584982  -0.000385138  -0.0281235  0.10022  -0.010452  
-0.000491793  0.000488141  -0.000385138  -0.0281245  0.0759991  -0.0192975  
-0.000208365  0.000159965  -0.000385138  -0.0281504  0.0347329  -0.0424536  
-0.000208365  0.000159965  -0.000216601  -0.0281246  0.0554352  -0.0467145  
0.000188889  0.000364652  -0.000385138  -0.0281364  0.0210616  -0.0537858  
-0.000208365  0.000159965  -0.000385138  -0.0281504  0.0171871  -0.0939873  
-5.0148e-05  0.000159965  -0.000385138  -0.0281504  0.0470577  -0.0896879  
-0.000216603  0.000499466  -0.000385138  -0.0281086  0.0978397  -0.0969351  
0.000265437  0.000387682  -0.000385138  -0.0281194  0.055296  -0.0969639  
0.00047769  0.000159965  -0.000385138  -0.0281504  0.0485632  -0.104305  
0.000190253  0.000159965  -0.000385138  -0.0137005  0.0288279  -0.096957  
-0.000101435  0.000159965  -7.53963e-05  -0.0281315  0.000845902  -0.0749241  
-0.000607367  0.000159965  -0.000385138  -0.0281504  0.104014  -0.0200926  
-0.00125289  0.00023303  -0.000173467  -0.0281365  0.0110815  -0.053737  
-0.000689753  0.000159965  -0.000385138  -0.0191695  0.0176653  -0.064681  
-0.000339748  0.00033509  -0.000127311  -0.0101984  0.0352419  -0.0505044  
2.70559e-05  0.000159965  6.50198e-05  -0.020834  0.0109905  -0.050508  
-0.000108046  0.000459853  3.98151e-05  -0.0224883  0.0031941  -0.0567447  
1.3265e-05  0.000159965  -0.000186968  -0.0122777  0.00107553  -0.0747021  
0.000174347  0.000285172  -0.000168918  -0.0106601  -0.00836141  -0.0723279  
6.2983e-05  0.000159965  -0.000385138  -0.0281504  0.0284061  -0.0767612  
-0.000516568  0.000610847  -0.000139673  -0.0318306  0.077534  -0.0485389  
7.68492e-05  0.000412974  9.08193e-05  -0.0109613  -0.00760439  -0.0721654  
0.000127516  0.000626606  0.000139114  -0.0119106  0.0170142  -0.0523704  
-0.000338451  0.000409001  -4.0162e-05  -0.0126019  0.0765107  -0.0602017  
-0.000338451  0.000159965  -5.00423e-06  -0.0177926  0.047264  -0.052337  
-0.00123918  0.00075471  0.00033906  -0.00358086  0.0324806  -0.052258  
-0.000504452  0.000696273  -0.000207271  -0.028219  0.0484541  -0.088528  
-7.06676e-05  0.000611553  -0.000177483  -0.0147656  0.0439809  -0.0885967  
-0.000257624  0.000458177  -0.000177483  -0.0282597  0.0416878  -0.0773829  
-0.000257624  0.000374421  -0.000177483  -0.0282637  0.0468584  -0.0742133  
0.000305934  0.000159965  -0.000177483  -0.0282776  0.0314517  -0.0814303  
-0.000352224  0.000434173  -0.000177483  -0.028257  0.159865  -0.0297514  
-0.000377211  0.000159965  -8.69853e-05  -0.0282646  0.0710618  -0.0821764  
-0.000266027  0.000159965  -0.000177483  -0.0140118  0.1061  -0.0912961  
2.39084e-05  0.000159965  -0.000177483  -0.0282776  0.0302731  -0.0940257  
-0.000665136  0.000564416  -0.000940595  -0.0474083  0.023413  -0.0562934  
-0.00130628  0.000101977  -0.00073662  -0.0304697  0.042788  -0.11798  
-0.000873417  0.000159965  -0.000555865  -0.0473726  0.0422578  -0.109581  
-0.000903386  0.000159965  -0.000460998  -0.0440437  0.177707  -0.0979086  
-0.00145857  0.000159965  -0.000223459  -0.032664  0.112076  -0.117448  
-0.000638049  0.000159965  6.51432e-05  -0.0258149  0.101396  -0.124874  
-0.000527174  0.000505607  -0.000151255  -0.0514433  0.0769786  -0.100623  
-0.000203187  0.000644988  -0.000151255  -0.047225  0.130545  -0.106041  
-0.000394451  0.000485616  -0.000151255  -0.0472123  0.151491  -0.182622  
-0.000417161  0.00050758  -0.000151255  -0.0320881  0.0620479  -0.18218  
0.000212301  0.000307803  -0.000151255  -0.02438  0.101999  -0.189653  
-0.000112123  0.000602173  6.94075e-05  -0.0263701  0.124783  -0.176687  
-0.000527174  0.000674799  6.85489e-05  -0.0299861  0.0803672  -0.151478  
-0.00059379  0.000705291  -0.000151255  -0.030125  0.0879929  -0.147944  
-0.000869289  0.000817991  -0.000450798  -0.0362627  0.21647  -0.11502  
-0.000689314  0.000685282  -0.000355904  -0.0384735  0.163915  -0.144745  
0.000207817  0.000492305  -0.000383613  -0.0339736  0.0867445  -0.191758  
0.000598467  0.000619191  -0.000151255  -0.0205128  0.0866807  -0.192848  
-0.000225615  0.000557929  -3.42639e-06  -0.00101657  0.116065  -0.182273  
-0.00017322  0.000935735  -0.000379987  -0.0459803  0.106448  -0.222045  
0.000500993  0.000733698  -0.000151255  -0.0285374  0.0733966  -0.237474  
0.000851186  0.000475671  -0.000151255  -0.0280621  0.048604  -0.215174  
0.000472699  0.000766943  -0.000151255  -0.0262147  0.055632  -0.212625  
0.000649096  0.000654293  -0.000151255  -0.0230663  0.0325555  -0.204717  
0.000662885  0.000609648  -0.000271768  -0.0254437  0.149028  -0.212621  
-0.000232426  0.000614876  -8.16813e-05  -0.0294847  0.159556  -0.177086  
-0.000107883  0.000729499  -0.000151255  -0.0288915  0.0794763  -0.177093  
2.29471e-05  0.000935735  -0.000151255  -0.030422  0.0803545  -0.132324  
-3.59874e-05  0.000935735  -0.000151255  -0.0312993  0.131114  -0.138957  
-0.000823263  0.000935735  -0.000580567  -0.0518003  0.196624  -0.146644  
-0.000547112  0.000771051  -0.00065836  -0.0460621  0.038606  -0.177855  
-9.53511e-05  0.000809655  -0.00065836  -0.0460491  0.107294  -0.200252  
-3.48954e-05  0.000828305  -0.00065836  -0.0527444  0.129414  -0.177717  
0.000224339  0.000935735  -0.00065836  -0.0621443  0.13242  -0.146493  
0.000166277  0.000871358  -0.00065836  -0.0522741  0.133982  -0.0981132  
-8.87522e-05  0.000935735  -0.000427983  -0.0454076  0.162111  -0.0980524  
1.59394e-05  0.000697539  -0.00065836  -0.0493103  0.100337  -0.133725  
0.000277862  0.000786966  -0.000440721  -0.0370482  0.0638114  -0.121666  
-3.48954e-05  0.000653363  -0.000415135  -0.0327152  0.0507498  -0.123718  
0.000477087  0.000565377  -0.000384365  -0.0414975  0.0338981  -0.123742  
0.000921701  0.000935735  -0.00065836  -0.044578  0.0820268  -0.10557  
-8.89472e-05  0.000328173  -0.000914364  -0.0530302  0.197384  -0.0732384  
0.000269739  0.000328173  -0.000803575  -0.0622292  0.0687828  -0.090827  
0.000499941  0.000328173  -0.000884836  -0.0498133  0.090079  -0.0922065  
0.000526725  0.000328173  -0.00065836  -0.0430868  0.0745606  -0.087874  
0.000145787  0.000328173  -0.00065836  -0.0388259  0.0833158  -0.0701252  
0.000145787  0.000600019  -0.000512717  -0.0332642  0.068272  -0.0701367  
0.000566075  0.00065771  -0.000567584  -0.0336546  0.0671782  -0.0701822  
0.00118315  0.000328173  -0.000366954  -0.0183894  0.0487052  -0.070207  
0.000145787  0.000235932  -0.000128048  -0.0183492  0.0603813  -0.106145  
0.000515305  0.000226153  -9.28406e-05  -0.0183475  0.044554  -0.121961  
0.000226734  0.000328173  -0.000147096  -0.0183601  0.0521158  -0.0801291  
0.000145787  0.000634725  -0.000376329  -0.0356261  0.0878588  -0.0874483  
-0.000232236  0.000328173  -0.00065836  -0.0523013  0.152096  -0.105758  
3.13154e-05  0.000272137  -0.00065836  -0.0404149  0.0124057  -0.123234  
0.000662625  0.000379296  -0.000602244  -0.0371741  0.0278714  -0.141287  
0.000829951  0.000554167  -0.000562929  -0.0371484  0.0485966  -0.11906  
0.000290855  0.000328174  -0.000447834  -0.0371673  0.0501529  -0.10511  
0.000154733  0.000469642  -0.000243734  -0.0275484  0.0366166  -0.105102  
-0.000243833  0.000328174  -0.000301564  -0.026467  0.0349464  -0.105055  
0.00047141  0.00047315  -0.000202429  -0.0225437  0.0153769  -0.13249  
4.38856e-05  0.000562573  -0.00065836  -0.0371618  0.128168  -0.122137  
-0.000927851  0.000328174  -0.00065836  -0.0464245  0.11342  -0.082912  
-0.000675869  0.000692225  -0.00055668  -0.0371411  0.0132516  -0.0933578  
-0.000315284  0.000726221  -0.00065836  -0.0371717  0.0132296  -0.082935  
2.53914e-05  0.000983654  -0.00065836  -0.0371321  0.0131844  -0.0703464  
-0.00012155  0.000328174  -0.000455195  -0.0371728  0.0249479  -0.054007  
-0.000282688  0.000567577  -0.000376301  -0.0371538  0.0132341  -0.0716162  
-0.000428923  0.000699184  -0.00065836  -0.0338414  -0.0105476  -0.0540122  
-0.00126056  0.000391903  -0.000951048  -0.0511558  0.0938404  -0.0541779  
-0.000192527  0.00059957  -0.00065836  -0.0505661  -0.000687341  -0.151028  
0.000222266  0.000328174  -0.00065836  -0.0365435  -0.0053469  -0.176687  
0.000785807  0.000755926  -0.00065836  -0.0375585  0.0264486  -0.176156  
0.000617978  0.000868832  -0.00065836  -0.0368088  0.00622319  -0.12973  
0.000487487  0.000670461  -0.000597165  -0.0247812  0.00625025  -0.136607  
0.000554246  0.000796191  -0.000346076  -0.0297702  0.0062342  -0.159556  
0.000914939  0.000880692  -0.000389869  -0.030838  -0.00897824  -0.180318  
0.000366955  0.000707048  -0.000482416  -0.0330635  0.00249556  -0.18025  
0.000274954  0.000736264  -0.000465888  -0.03251  -0.0122289  -0.180235  
-0.000195485  0.000328174  -0.000658361  -0.0355886  0.132795  -0.124197  
9.88879e-05  0.000328174  -0.000485733  -0.0267089  0.0800165  -0.124253  
0.000147331  0.000578442  -0.000658361  -0.0250215  0.0255731  -0.143556  
0.000710025  0.000328174  -0.000458814  -0.0114501  0.0389568  -0.141557  
-0.000130633  0.000716102  -0.000658361  -0.0230142  0.0222282  -0.12343  
0.000323016  0.000788959  -0.000658361  -0.0276573  0.00841156  -0.146343  
0.000513961  0.000644891  -0.000658361  -0.0280726  0.00717651  -0.14911  
0.000118247  0.000602459  -0.000944654  -0.0432416  0.0903586  -0.130639  
-0.000104216  0.000761995  -0.00105862  -0.05053  0.0608563  -0.131042  
0.000335423  0.00105006  -0.000658361  -0.0503806  0.0120873  -0.139287  
0.000160634  0.00062131  -0.000658361  -0.0504698  -0.0374417  -0.148589  
0.000297305  0.000890605  -0.00144864  -0.050382  -0.00824261  -0.094275  
-0.000406631  0.000507839  -0.00192467  -0.0450987  0.00964562  -0.0941517  
8.44416e-05  0.000328175  -0.00162642  -0.0331931  0.0015116  -0.0770142  
1.49889e-05  0.000673793  -0.00162642  -0.0417683  0.00942214  -0.0781825  
0.000290238  0.00109288  -0.00162642  -0.0499867  -0.00807134  -0.120479  
3.88862e-05  0.00109288  -0.00151252  -0.0506074  -0.00908437  -0.133542  
3.88862e-05  0.00109288  -0.00162642  -0.050615  0.0748949  -0.0994565  
2.28123e-05  0.0013172  -0.00162642  -0.0601063  0.103462  -0.138926  
0.000449803  0.00109288  -0.00162642  -0.050615  0.0264835  -0.138772  
0.000751513  0.00148901  -0.00153893  -0.0591196  0.0439833  -0.12586  
0.00082965  0.00127306  -0.00162642  -0.0506026  0.0462836  -0.0900103  
0.000564448  0.0013272  -0.00132369  -0.0505712  0.055584  -0.0733615  
0.000312092  0.00163223  -0.00120539  -0.0609788  0.025813  -0.0733609  
0.000325634  0.00129466  -0.00153622  -0.0506503  0.0904866  -0.0964246  
-0.000871854  0.00109288  -0.00176095  -0.0507328  0.118331  -0.0564762  
-0.000421868  0.00109288  -0.0016216  -0.0507083  -0.00515548  -0.0314834  
0.000171011  0.00109288  -0.00146377  -0.0280072  0.0442243  -0.0192668  
0.000308145  0.00109288  -0.00138299  -0.0408103  0.0194706  -4.35381e-06  
0.00055454  0.00109288  -0.0016216  -0.0507083  0.0194525  0.029729  
0.00106842  0.0011493  -0.00144852  -0.0507008  0.0218687  0.0104191  
0.000344768  0.00109288  -0.0012662  -0.0388747  0.0360528  0.0506442  
0.000218903  0.00109288  -0.00119187  -0.0358313  0.0478178  0.119874  
-0.000463105  0.000882637  -0.00141396  -0.0359899  0.116632  0.177071  
-0.000368187  0.000729527  -0.00119187  -0.0221965  0.0269498  0.126385  
-0.00063591  0.00109288  -0.00119187  -0.0241941  0.00768611  0.115495  
-0.00033682  0.00109288  -0.00119187  -0.0253466  0.0154195  0.150064  
-0.000428614  0.00109288  -0.00119187  -0.0292146  0.00295526  0.182099  
-0.000664722  0.00109288  -0.00133856  -0.0375347  0.0701062  0.220632  
-0.000488449  0.00101294  -0.00138851  -0.0325717  0.0377802  0.194737  
-0.000664722  0.00109288  -0.00117828  0.00336031  -0.00920256  0.162513  
-0.000156704  0.00103586  -0.00143742  -0.0198799  0.0328737  0.112982  
2.79698e-05  0.000864727  -0.00134247  -0.0292286  0.0105598  0.0945383  
2.79698e-05  0.00109288  -0.00123069  -0.0198732  0.00198093  0.11696  
0.000142396  0.00109288  -0.00120605  -0.0276849  -0.00536618  0.139824  
0.000195982  0.00109288  -0.00129013  -0.0289393  0.00727333  0.156472  
-8.57851e-05  0.000827028  -0.00194394  -0.0268871  0.127049  0.175979  
0.000279496  0.0006544  -0.00181318  -0.0375014  -0.0108234  0.12991  
9.32368e-05  0.000413593  -0.00181318  -0.0366874  0.0033102  0.0199246  
0.000578806  0.000425529  -0.00156642  -0.048802  0.0304528  -0.0171566  
0.000504368  0.000404819  -0.00125226  -0.0343286  0.0424333  -0.0321544  
0.000390729  0.000675038  -0.00112792  -0.037228  0.0414025  -0.0171636  
0.000461084  0.000675038  -0.00140615  -0.037268  0.0483931  -0.00717186  
0.00116323  0.000675038  -0.00124943  -0.0372387  0.00403645  0.00717457  
0.000812123  0.00106994  -0.00124943  -0.0372544  0.00484513  0.0471495  
0.00125239  0.000902532  -0.00124943  -0.0440465  0.00746202  0.0471451  
0.00109076  0.000675038  -0.00124943  -0.0372387  -0.009146  0.0746305  
0.000622636  0.000675038  -0.000885256  -0.0266735  -0.0231299  0.0241286  
0.000387492  0.000675038  -0.00130617  -0.037244  0.0931719  0.0572899  
0.000812123  0.000675038  -0.00124943  -0.0315912  0.0569883  0.0572506  
0.000274523  0.000527905  -0.00137053  -0.0473268  0.0316319  0.0302294  
0.000586593  0.000675038  -0.00124943  -0.0372387  0.0242692  0.0408534  
0.000110291  0.000675038  -0.00124943  -0.0320393  0.0408333  0.0488851  
0.00030095  0.000675038  -0.00107295  -0.0292171  0.027287  0.0671195  
-0.000455371  0.000675038  -0.00124943  -0.0372387  0.130097  0.116683  
4.47523e-05  0.000675038  -0.00124943  -0.0350462  0.0778558  0.0801254  
-6.09621e-05  0.000675038  -0.00124943  -0.0372387  0.0223852  0.0330339  
-0.000163888  0.000675038  -0.00124943  -0.0372387  0.0223781  0.0309747  
-0.000299714  0.000675038  -0.00106663  -0.0372108  0.022383  0.0435715  
-0.000200747  0.000675038  -0.000965827  -0.0211333  0.0223855  0.0466684  
2.38854e-05  0.000675038  -0.000987289  -0.0299744  0.0322953  0.0253523  
-0.000667567  0.000331601  -0.00124943  -0.0372497  0.174892  0.014982  
-0.00082552  0.000229194  -0.00124943  -0.0475044  0.067619  -0.00551236  
8.57229e-05  8.1491e-05  -0.00124943  -0.0372916  0.048224  -0.00820239  
-0.000411488  0.000189313  -0.00124943  -0.0318369  0.00838361  0.015284  
0.000146582  0.000189313  -0.000968582  -0.0209181  -0.00718409  0.0303915  
-0.000411488  0.000189313  -0.000983902  -0.0194561  -0.00228348  0.0585856  
-0.000411488  0.000189313  -0.000880192  -0.0157159  0.00533416  0.0510029  
1.53252e-06  0.000189313  -0.000880754  -0.0148589  -0.0192057  0.0280218  
-0.000834444  0.000256618  -0.00109025  -0.019532  0.0477385  0.112921  
-0.000834444  0.000189313  -0.00147397  -0.0297289  0.00438923  0.0463731  
-0.000361255  0.000189313  -0.00109025  -0.0234418  -0.0439903  0.0365828  
-0.000265411  0.000189313  -0.00125057  -0.0228318  -0.0278373  0.00441689  
-0.000459128  0.000189313  -0.0011545  -0.0269208  -0.013518  0.0179987  
-0.000305165  0.000189313  -0.00109025  -0.0262984  -0.0166531  0.0151942  
-0.000422959  0.000189313  -0.00109025  -0.0260074  -0.012849  0.0317032  
-0.00139388  0.000189313  -0.00145318  -0.0340915  0.119796  0.0891667  
-0.0012764  0.000121036  -0.00109025  -0.0246186  0.0196631  0.031087  
-0.000867856  -0.000287113  -0.00109025  -0.0226357  -0.00154887  -0.0104323  
-0.000337309  -0.000213463  -0.00149093  -0.027651  0.00846434  -0.0193418  
0.000114332  -5.07151e-05  -0.00144248  -0.0217204  0.025437  -0.0198322  
-0.000460656  -0.000306095  -0.00158966  -0.0241013  0.0263043  -0.010444  
-0.000771068  -0.000221831  -0.00127032  -0.0142374  0.0175142  0.0110198  
-0.000867855  -4.71662e-05  -0.00143647  -0.0183017  0.0238781  -0.0596234  
-0.000307305  -0.000264358  -0.00124118  -0.000296556  -0.00360166  -0.0483843  
-0.000376719  -0.000611481  -0.00107149  0.00229675  -0.00620685  -0.0659235  
-0.000168145  -0.000451477  -0.00117368  -0.00289102  0.0269456  -0.0883175  
-0.000325025  -0.000264358  -0.0012458  -0.0244189  0.0903584  -0.0355536  
-7.53075e-05  -0.000264358  -0.00132444  -0.0252619  0.0226353  -0.0526125  
0.000168335  -0.000315649  -0.00126904  -0.019907  0.00589726  -0.0525802  
0.000168335  -0.000264358  -0.00153011  -0.027298  0.0085977  -0.0227337  
-0.000298095  -0.000132094  -0.00153011  -0.0334162  0.00869354  -0.0227436  
-0.00117198  -0.000137056  -0.00153011  -0.014561  -0.0776107  0.115224  
-0.000674324  -0.000264358  -0.00212596  -0.0299312  -0.012468  0.0296528  
-0.0011987  -9.74167e-05  -0.0018112  -0.026909  0.0212119  -0.0572007  
-0.00065022  2.18251e-05  -0.00212596  -0.0333651  0.0144297  -0.0761915  
-0.000486916  -0.000264358  -0.00212596  -0.0391027  0.0485366  -0.0971325  
-0.000228121  -0.000264358  -0.00212596  -0.0307577  0.0222265  -0.0931728  
-0.000414227  -0.00032082  -0.00212596  -0.0307573  0.0522717  -0.0297117  
-0.00069871  -0.000264358  -0.0019207  -0.0252139  0.0727483  -0.00316235  
-0.000435492  -0.000264358  -0.00156472  -0.00020216  0.0714042  0.0262954  
-0.000351257  -0.000264358  -0.00160868  -0.0029  0.0812433  0.0556385  
-0.00049638  -0.000405042  -0.00148763  -0.0027296  0.0948602  0.0459254  
-8.50893e-05  -0.000264358  -0.00172849  -0.00547877  0.109279  0.0345546  
-8.61235e-05  -0.000264358  -0.00191876  -0.00877325  0.114225  0.0421139  
-0.00061695  -0.000264358  -0.00166094  -0.00754813  0.131808  0.0770018  
-0.000826996  9.89958e-05  -0.00189334  -0.0274753  0.156416  0.0440311  
-0.000763954  8.01185e-05  -0.00200157  -0.0279731  0.0981029  0.0347258  
-0.000815622  -0.000264358  -0.00183044  -0.0236983  0.123227  0.0980795  
-0.00112502  -0.000264358  -0.00175144  -0.0307014  0.1676  0.0785381  
-0.000559832  -0.000264358  -0.00190068  -0.0221397  0.10263  0.103862  
-0.00103432  -0.000264358  -0.00190068  -0.0203759  0.144008  0.087306  
-0.000728123  -0.000264358  -0.00175826  -0.0306773  0.138969  0.078596  
-0.000727694  -0.000203309  -0.00201311  -0.0307314  0.142678  0.0785894  
-0.000894502  -0.000588571  -0.00190068  -0.024858  0.175461  0.078612  
-0.000822859  -0.000264359  -0.00190068  -0.0307071  0.203755  0.0785804  
-0.000593748  -0.000264359  -0.00190068  -0.0307071  0.177342  0.0965459  
-0.00104349  -0.000606884  -0.00190068  -0.0306896  0.216526  0.0980429  
-0.000395857  -0.000264359  -0.00190068  -0.0307071  0.176835  0.100343  
-0.0007848  -0.000372203  -0.00190068  -0.0307007  0.198821  0.1073  
-0.000395857  -0.000264359  -0.00190068  -0.0307071  0.208429  0.0942654  
-0.00051371  -0.000264359  -0.00190068  -0.0307071  0.172729  0.127021  
-0.000798683  -0.000264359  -0.0017375  -0.0306692  0.233303  0.0845659  
-0.000268768  -0.000264359  -0.00190068  -0.0420116  0.19371  0.0887843  
-0.000404661  -0.000411896  -0.00190068  -0.042901  0.238084  0.0808692  
-0.000276221  -0.000264359  -0.00190068  -0.0393466  0.20964  0.0987506  
-0.0010978  -0.00020168  -0.00190068  -0.0413412  0.191486  0.103564  
-0.000575702  0.000134608  -0.00213433  -0.0474879  0.0824568  0.0635871  
-0.000837964  0.000874135  -0.00262431  -0.0814753  0.0580461  0.159192  
-0.000372983  0.000698661  -0.0026797  -0.081189  0.0276784  0.0557896  
-0.000957247  0.000874134  -0.00267969  -0.081493  0.0336181  0.0102299  
-0.00126139  0.000733449  -0.00267969  -0.0764067  0.0845233  0.0226503  
-0.00132529  0.000874134  -0.00267969  -0.0715174  0.0707244  0.0079271  
-0.00151108  0.000678311  -0.00267969  -0.0640061  0.120849  0.00797399  
-0.00167055  0.000874134  -0.00267969  -0.0750944  0.138982  0.00798748  
-0.00191658  0.000874134  -0.00246837  -0.0639584  0.16712  0.00803435  
-0.00197376  0.000702981  -0.0024896  -0.0740251  0.179006  0.00805596  
-0.00265029  0.00047757  -0.00230903  -0.0660315  0.208031  -0.019877  
-0.00218511  0.000874134  -0.00229033  -0.0724659  0.18105  -0.0432499  
-0.001912  0.00053698  -0.00219589  -0.071178  0.240841  -0.0231221  
-0.00164689  0.000538418  -0.00213894  -0.0638104  0.241393  -0.0449187  
-0.00119949  0.000874134  -0.00175572  -0.0414727  0.149983  -0.0966898  
-0.000670052  0.000693213  -0.00210181  -0.0465276  0.215129  -0.0627778  
-0.000909178  0.000403441  -0.00247814  -0.0640165  0.265701  -0.083447  
-0.00100411  0.000465097  -0.00259505  -0.0523731  0.239201  -0.0815518  
-0.000259637  0.000375473  -0.00229027  -0.0528945  0.180966  -0.0223608  
-0.000344187  0.000465097  -0.00205891  -0.0450763  0.212166  -0.0240345  
-0.00101661  0.000396841  -0.00195491  -0.0472857  0.250268  -0.0267131  
-0.00101251  9.34612e-05  -0.0022532  -0.0462834  0.192535  -0.00466394  
-7.18073e-05  0.000519264  -0.00221119  -0.0503502  0.23955  -0.0445816  
-0.00063201  9.22532e-05  -0.00217637  -0.0533729  0.323593  -0.0474372  
-0.000934012  0.000465097  -0.00234736  -0.0639217  0.256398  -0.042757  
-0.000934012  0.000465097  -0.0017199  -0.0558597  0.219755  0.0101844  
-0.00140882  0.000736427  -0.00133723  -0.0636759  0.233387  0.0478263  
-0.000665867  0.000465097  -0.00153445  -0.0475673  0.249093  0.0391706  
-0.00120002  0.000827989  -0.00106726  -0.0386338  0.235865  0.111624  
-0.00102335  0.000465097  -0.00114557  -0.0393807  0.268375  0.101186  
-0.000703644  0.000648265  -0.00130317  -0.0418996  0.254939  0.093276  
-0.000675919  0.00038943  -0.00153445  -0.0440706  0.315196  0.0759237  
-0.00182271  0.000465097  -0.00115029  -0.0389144  0.312544  0.0892202  
-0.00255709  -0.000127347  -0.00193937  -0.0691278  0.312612  0.126189  
-0.00238272  -0.000237146  -0.00212885  -0.0638239  0.348408  0.108135  
-0.00143056  2.25626e-05  -0.00226541  -0.0639565  0.399748  0.0438946  
-0.000954423  2.25626e-05  -0.00206807  -0.0790604  0.336328  0.00492127  
-0.000831729  0.000414759  -0.0019205  -0.074424  0.327489  0.0222094  
-0.000286474  0.00075667  -0.00156538  -0.063714  0.327575  0.0917281  
-0.000481734  0.000786564  -0.00145468  -0.0636826  0.362903  0.0978498  
-0.000272888  0.000739125  -0.00147843  -0.0636683  0.327547  0.053587  
7.77003e-05  0.000995936  -0.00157875  -0.0636796  0.310214  0.0534143  
0.00027568  0.000997485  -0.00141192  -0.0635844  0.327528  0.0398503  
-5.34734e-05  0.00116656  -0.00129439  -0.0601789  0.327566  0.0565199  
-0.000345118  0.000805254  -0.00131554  -0.0532237  0.335054  0.0876297  
-0.000730795  0.00116656  -0.00122547  -0.0500461  0.287464  0.13797  
-0.00198704  0.000480442  -0.000832923  -0.0634855  0.224496  0.146844  
-0.00283292  0.000960296  -0.00124367  -0.10029  0.148725  0.0629099  
-0.00378014  0.00061894  -0.00168796  -0.0823782  0.148716  -0.032957  
-0.0043877  0.000713645  -0.00162963  -0.0681496  0.160487  0.01995  
-0.0047565  0.000583531  -0.00220008  -0.0540212  0.197012  0.0162391  
-0.00515625  0.000895158  -0.00220008  -0.039966  0.22815  0.127131  
-0.00542013  0.00106467  -0.00232715  -0.0414056  0.269418  0.175949  
-0.00483569  0.00133898  -0.00233471  -0.0423963  0.285763  0.183672  
-0.00515625  0.000745882  -0.00234104  -0.0419372  0.283667  0.175295  
-0.00419992  0.00103736  -0.00220008  -0.0228713  0.339977  0.146205  
-0.00422551  0.000745882  -0.00220008  -0.0247565  0.350162  0.163289  
-0.00393732  0.000745882  -0.00184104  -0.01286  0.363543  0.200796  
-0.00308292  0.000745882  -0.00184187  -0.0121569  0.367799  0.208596  
-0.00323924  0.00060855  -0.00220008  -0.014327  0.343748  0.228741  
-0.00293521  0.000745882  -0.00220008  -0.014359  0.334826  0.231365  
-0.00240324  0.000745882  -0.00177016  -0.0101317  0.328117  0.233374  
-0.00172312  0.000307021  -0.0015129  0.0118082  0.312222  0.177386  
-0.00222626  0.000200633  -0.00180463  -0.00257501  0.344442  0.151743  
-0.00332135  0.000226166  -0.00200587  -0.031752  0.353229  0.153361  
-0.00332737  0.000384447  -0.00208568  -0.0309348  0.343365  0.10299  
-0.00292279  0.000498868  -0.00215463  -0.030954  0.353295  0.106055  
-0.00278361  0.000745882  -0.00214576  -0.047206  0.360031  0.0787503  
-0.0023978  0.00057743  -0.00216372  -0.0475945  0.375143  0.0762159  
-0.00276591  0.000745882  -0.00209234  -0.0385526  0.35884  0.102883  
-0.00258262  0.000745882  -0.00191534  -0.0282389  0.353294  0.1845  
-0.00294872  0.000745882  -0.00183656  -0.030889  0.384191  0.206779  
-0.00256423  0.000745882  -0.00175127  -0.0308554  0.3533  0.189913  
-0.0031121  0.000745882  -0.00184069  -0.0284216  0.369025  0.146051  
-0.00295067  0.000745882  -0.00174058  -0.0172636  0.375225  0.158067  
-0.00306583  0.000745882  -0.00152808  -0.0119284  0.35322  0.172464  
-0.00285623  0.000745882  -0.00152808  -0.0118178  0.353244  0.191854  
-0.00311594  0.000745882  -0.00164678  -0.0156904  0.385108  0.19196  
-0.00361078  0.000528967  -0.0018415  -0.0241808  0.403641  0.18812  
-0.00335017  0.000563286  -0.00191219  -0.0273985  0.367882  0.13869  
-0.00279044  0.000745882  -0.00204922  -0.0310114  0.387799  0.107237  
-0.00240457  0.000745883  -0.00204922  -0.0426662  0.387831  0.0904739  
-0.00183811  0.000745882  -0.00204922  -0.03876  0.367799  0.0749927  
-0.00151172  0.00068395  -0.00204922  -0.0376576  0.34734  0.111442  
-0.00154714  0.000745883  -0.00204922  -0.0310114  0.356232  0.173546  
-0.00212623  0.000745883  -0.00198755  -0.0309844  0.387964  0.123932  
-0.00202158  0.000478202  -0.00213398  -0.0230772  0.365973  0.105847  
