0.0251457  -0.000156547  0.0113171  0.433505  -0.13629  1.27355  
0.026522  -5.4652e-05  0.0113887  0.424553  -0.0496  1.19091  
0.026219  2.13389e-07  0.0116478  0.413117  -0.00724979  1.26175  
0.0265137  0.000749322  0.0114605  0.405109  -0.0763392  1.21979  
0.0264578  0.000819938  0.0111856  0.400814  -0.0306622  1.23506  
0.0267331  0.00111192  0.011958  0.405711  -0.0843162  1.24653  
0.0265213  0.00113867  0.0118193  0.397002  -0.0474698  1.26297  
0.0270647  0.00221132  0.0120387  0.386696  -0.106352  1.30358  
0.0270173  0.00268371  0.0121013  0.371509  -0.0722592  1.29966  
0.0273896  0.00310429  0.0123692  0.380216  -0.12089  1.33585  
0.0275634  0.00334902  0.0124205  0.377311  -0.0805138  1.31333  
0.027886  0.00356991  0.0126736  0.386588  -0.0900758  1.31561  
0.0274907  0.0035485  0.0128951  0.39491  -0.0537939  1.32875  
0.0273815  0.00347533  0.0129867  0.404234  -0.0493564  1.28422  
0.027186  0.00352924  0.0129012  0.432537  -0.0567626  1.26764  
0.0273526  0.00366038  0.0130284  0.416079  -0.0346256  1.26969  
0.0274496  0.00351291  0.0134471  0.424714  -0.0788999  1.27241  
0.0274037  0.00341974  0.0131194  0.419166  -0.026819  1.27864  
0.0281506  0.00371003  0.0133691  0.417553  -0.0721728  1.27194  
0.0277349  0.00352355  0.0132595  0.40654  -0.0227816  1.28381  
0.0274521  0.00375625  0.0133886  0.423173  -0.0899854  1.2944  
0.0271644  0.00343903  0.0133609  0.430848  -0.042536  1.28447  
0.0266423  0.00399258  0.0136414  0.418773  -0.122486  1.24944  
0.0265102  0.00268974  0.0136537  0.427115  -0.0220734  1.24476  
0.0267308  0.00365092  0.0136232  0.418932  -0.0764422  1.26504  
0.0265021  0.00308658  0.013834  0.423101  -0.00277477  1.30568  
0.0269097  0.00353874  0.0136514  0.399709  -0.104358  1.3257  
0.0267267  0.00355609  0.0136805  0.402531  -0.0423204  1.30876  
0.0270245  0.00370469  0.0138839  0.396987  -0.0726346  1.27886  
0.026594  0.00353719  0.0136344  0.403063  -0.0022906  1.30572  
0.0270957  0.00399312  0.0139324  0.39155  -0.0835162  1.29783  
0.0268991  0.00331924  0.0136261  0.383044  0.0149603  1.21589  
0.0271099  0.00400234  0.0138243  0.391236  -0.0842447  1.2459  
0.0271759  0.0035825  0.0137922  0.396075  -0.0145632  1.26706  
0.0270526  0.0037664  0.0139943  0.399847  -0.072105  1.33129  
0.0269955  0.00405603  0.0140872  0.388401  -0.06944  1.29345  
0.0266261  0.00387105  0.0137964  0.385853  -0.0369731  1.2753  
0.0264945  0.00389761  0.0141219  0.391362  -0.0523614  1.27127  
0.0264606  0.00405603  0.014132  0.397389  -0.0686342  1.28322  
0.0261884  0.00412515  0.0140762  0.387687  -0.0419419  1.21532  
0.0263269  0.00397489  0.0143736  0.397028  -0.0530999  1.22397  
0.0259948  0.00415612  0.0145113  0.407417  -0.0247502  1.18865  
0.026188  0.00495465  0.0150718  0.419403  -0.046445  1.17484  
0.0262021  0.00462851  0.0151683  0.41964  0.0108515  1.16959  
0.0259299  0.00502244  0.0152993  0.43652  -0.0525503  1.20388  
0.0261948  0.00470412  0.0150324  0.412174  -0.0518238  1.18677  
0.0262913  0.00491316  0.0152641  0.413104  -0.0489344  1.1838  
0.0262124  0.00451697  0.0151679  0.419188  -0.0118431  1.18196  
0.0264041  0.00489138  0.0153371  0.413395  -0.0483227  1.18147  
0.0263265  0.00469876  0.0150557  0.391991  -0.0200514  1.18329  
0.026582  0.00448739  0.0150711  0.385984  -0.0361369  1.16251  
0.0263593  0.00458368  0.0153845  0.409511  -0.0152416  1.19222  
0.0262363  0.00467726  0.0147935  0.380041  -0.0459122  1.16907  
0.0263169  0.00515949  0.014811  0.376117  -0.0508957  1.15753  
0.0257334  0.00515948  0.0145719  0.379771  -0.0121127  1.16592  
0.025752  0.00521301  0.0147237  0.370129  -0.0563012  1.15239  
0.0258101  0.00535405  0.0145997  0.376886  -0.00315924  1.14442  
0.0256914  0.00536469  0.0148065  0.369687  -0.0454648  1.12621  
0.0257755  0.0053282  0.0149392  0.400785  -0.0057309  1.1424  
0.0261925  0.00539422  0.0148955  0.385569  -0.0377271  1.13785  
0.025751  0.00539153  0.0149161  0.381771  -0.0223982  1.10332  
0.0254912  0.00523052  0.0147975  0.382585  -0.0229311  1.09646  
0.0259224  0.00527774  0.014998  0.38555  -0.0233053  1.12583  
0.0256976  0.00568397  0.0150819  0.404719  -0.0318468  1.154  
0.025887  0.00561588  0.0151879  0.389334  -0.0219611  1.14846  
0.0258249  0.0058316  0.0150842  0.385244  -0.0620535  1.16414  
0.0269178  0.0058316  0.0151819  0.372682  -0.0541775  1.04161  
0.0260316  0.00442233  0.0150831  0.384005  0.0432062  1.08104  
0.0263541  0.00490978  0.0151656  0.394541  -0.0636246  1.13261  
0.0258541  0.00472553  0.0146289  0.365934  0.00152214  1.14147  
0.0258208  0.00514729  0.0146647  0.361476  -0.0578  1.14374  
0.0254809  0.00504822  0.0148318  0.369318  0.00593753  1.12801  
0.0255682  0.00517285  0.0146414  0.359369  -0.0659491  1.1215  
0.0256741  0.00493246  0.0143642  0.334556  -0.0131977  1.09731  
0.0258414  0.00532089  0.0140179  0.312277  -0.0312271  1.09017  
0.0256289  0.00581305  0.0138417  0.298922  0.0155716  1.03473  
0.0253579  0.00584233  0.013887  0.301412  -0.0201755  1.05904  
0.0259295  0.00584233  0.0137049  0.275377  -0.0386288  1.07155  
0.0258015  0.0059907  0.0136343  0.262611  -0.0251058  1.07015  
0.0262869  0.00602142  0.0138924  0.267872  -0.0100737  1.06838  
0.0259858  0.00636197  0.0143758  0.287067  -0.0244087  1.09401  
0.0263406  0.00596003  0.0143376  0.286545  -0.0511592  1.09156  
0.0259085  0.00617511  0.0143431  0.288372  -0.0119551  1.11408  
0.0259969  0.00665939  0.0139605  0.265721  -0.0444996  1.10331  
0.0255451  0.00619692  0.0138965  0.264873  -0.00265194  1.09703  
0.0254398  0.00616145  0.0140141  0.277766  -0.0140157  1.04175  
0.025183  0.00594525  0.0138251  0.275995  -0.006677  1.02567  
0.0250931  0.00609068  0.0135206  0.263948  0.00697372  1.02315  
0.0254035  0.00647181  0.0136398  0.25715  -0.0346948  1.01152  
0.0253192  0.00632451  0.0135264  0.251902  0.00720199  1.01298  
0.024848  0.0065521  0.0135893  0.271537  -0.00537331  0.976035  
0.0248648  0.00648633  0.0136443  0.2747  0.00776455  0.990688  
0.0248996  0.00626136  0.0136494  0.275077  0.0379484  0.977723  
0.0245586  0.00713194  0.014225  0.279508  -0.0280023  0.952681  
0.0248667  0.00688487  0.0136822  0.249008  0.0448475  0.962679  
0.0247406  0.00703533  0.0133106  0.234811  -0.00326967  0.942115  
0.0245993  0.00672936  0.0132904  0.230188  0.016325  0.938465  
0.0241893  0.00681423  0.0129602  0.224047  0.0249214  0.922097  
0.0242027  0.00723958  0.0131297  0.216606  -0.0145697  0.906083  
0.0238872  0.00659434  0.0135037  0.233982  0.109873  0.888365  
0.0241916  0.00678573  0.0134791  0.264881  -0.0316946  0.96329  
0.0247627  0.00747171  0.0132217  0.230754  -0.04804  1.00699  
0.0250516  0.00778771  0.0130565  0.229062  -0.0201901  1.01075  
0.0253442  0.00830685  0.0128541  0.215913  0.00207825  0.964536  
0.0251675  0.00779044  0.0128122  0.218953  0.024062  0.940554  
0.0248592  0.00803597  0.013131  0.228252  0.0263476  0.920214  
0.0250272  0.00824565  0.0131775  0.236658  0.0172849  0.928045  
0.025042  0.00769527  0.0134747  0.236884  0.0439647  0.917035  
0.0253144  0.00770858  0.0136683  0.251093  -0.0124338  0.962807  
0.0253134  0.00794982  0.0134979  0.265084  0.00508081  0.940754  
0.0251078  0.00766635  0.0134483  0.258495  0.00343377  0.941805  
0.0256373  0.0079442  0.0133435  0.238796  -0.0184488  0.923203  
0.0253158  0.00759953  0.0128345  0.231403  0.0014466  0.898351  
0.0257803  0.00759953  0.0127316  0.222148  0.0102192  0.903929  
0.0259289  0.00759953  0.0130254  0.221725  -0.000102078  0.887482  
0.0255518  0.00707852  0.0126377  0.233812  0.0509421  0.915176  
0.0251644  0.00733149  0.0131873  0.249777  -0.00695531  0.891455  
0.0248839  0.0070436  0.012644  0.238815  0.0450816  0.882287  
0.0246241  0.00680417  0.0127893  0.241629  0.0332241  0.914838  
0.0249532  0.00703051  0.0127272  0.284111  0.0119492  0.797086  
0.0269319  0.00580652  0.0137034  0.344731  0.0102845  0.66333  
0.0263865  0.00538386  0.0138909  0.371689  0.0921229  0.790891  
0.0260365  0.00558121  0.0134969  0.34954  0.0148817  0.860667  
0.0255048  0.00525464  0.0137289  0.365424  0.0853427  0.942851  
0.025989  0.00553897  0.0135  0.337625  -0.0163834  0.975622  
0.0256861  0.00504546  0.0133802  0.33318  0.0457373  1.02167  
0.0256204  0.00582262  0.0134864  0.330724  -0.00164197  0.977419  
0.0262146  0.0050193  0.0145552  0.418922  0.168182  0.81893  
0.0264578  0.00506342  0.0144109  0.457278  -0.0237214  0.912984  
0.0255542  0.0052558  0.0142309  0.459531  -0.0857443  1.13507  
0.0249699  0.0051841  0.0141463  0.427499  0.00188339  1.09054  
0.0251217  0.00461677  0.0139062  0.416709  -0.0305512  0.976059  
0.0224622  0.00399124  0.0140273  0.44097  0.0866445  0.941858  
0.0229767  0.00452658  0.0140633  0.405932  0.0684835  0.982263  
0.0226338  0.00523215  0.0133719  0.351094  0.0247727  0.957815  
0.0225259  0.00543522  0.0130953  0.341569  0.0428038  0.911632  
0.0221391  0.00578229  0.0131222  0.348877  0.0457136  0.893885  
0.0226312  0.00643529  0.0128863  0.318295  -0.0137195  0.900653  
0.0226452  0.00659313  0.0127358  0.293826  0.000972682  0.884025  
0.0221654  0.00714237  0.0124029  0.286477  -0.0296266  0.870815  
0.0218198  0.00662832  0.0128503  0.315498  0.0258421  0.880809  
0.0226616  0.00672978  0.013292  0.327283  0.0117831  0.955542  
0.0221959  0.00730986  0.0127638  0.299449  -0.0324963  0.961576  
0.0219174  0.00733788  0.0126285  0.300137  0.000993804  0.924785  
0.0217737  0.0070651  0.0123872  0.286336  -0.00285625  0.92998  
0.0218263  0.00714237  0.0124884  0.29152  -0.0095476  0.942169  
0.0212193  0.00709211  0.0124293  0.291662  0.0708937  0.918608  
0.021754  0.00754227  0.0125064  0.287352  -0.0239481  0.952588  
0.0217707  0.00738875  0.0120597  0.268045  0.0264191  0.892579  
0.0219342  0.00764481  0.0116578  0.227332  -0.0278309  0.885439  
0.0217147  0.00760532  0.0110028  0.195775  -0.00404601  0.851599  
0.0217135  0.00790687  0.0106561  0.174807  -0.0136415  0.851697  
0.0219123  0.00816751  0.0104754  0.167701  -0.0284824  0.855394  
0.0215687  0.00829231  0.00940452  0.120682  -0.00680766  0.825872  
0.021228  0.00831861  0.00937174  0.0990044  -0.0317577  0.751125  
0.0206938  0.00819797  0.0094608  0.12025  0.0342899  0.747853  
0.0207496  0.00794163  0.00965869  0.145329  0.00785969  0.754268  
0.0201678  0.00801551  0.00953513  0.146635  0.0214177  0.756533  
0.020466  0.00796306  0.00930824  0.131485  0.032125  0.732107  
0.0200305  0.00787802  0.00929352  0.128162  -0.00746321  0.702507  
0.0202357  0.00800246  0.00895298  0.121176  0.035967  0.726758  
0.0202411  0.0084844  0.00919964  0.126156  -0.0150191  0.708688  
0.0202897  0.0086338  0.00918638  0.134552  0.0540252  0.70069  
0.0204  0.00904677  0.00929064  0.142064  -0.0255806  0.752109  
0.0198545  0.00888659  0.00929665  0.14483  0.0228159  0.680598  
0.0197042  0.00881707  0.00955105  0.148604  -0.0113836  0.640109  
0.0184904  0.00839665  0.00898809  0.144206  0.031027  0.583459  
0.0181914  0.00855983  0.00879746  0.133268  -0.0121762  0.592381  
0.0176956  0.00816938  0.00854659  0.131528  0.0380437  0.599217  
0.0179519  0.00838025  0.00815016  0.117743  -0.0257487  0.557599  
0.0177402  0.00785137  0.00798879  0.105295  -0.00643026  0.53755  
0.0169685  0.00796581  0.00778082  0.114136  0.0288695  0.553153  
0.0177904  0.00808069  0.00793969  0.114742  -0.0351689  0.572417  
0.017617  0.00813095  0.00726304  0.0931633  0.0174363  0.595319  
0.0184393  0.00867218  0.00766574  0.087568  -0.0484077  0.603091  
0.0175576  0.00842753  0.00749784  0.0822284  -0.00162024  0.594069  
0.0180091  0.00861315  0.00780695  0.091586  -0.0146685  0.554725  
0.0175014  0.00848888  0.00773326  0.077794  -0.0130813  0.483877  
0.017241  0.0079878  0.00776611  0.0803833  0.0442642  0.500324  
0.0175149  0.00820264  0.00803862  0.0918896  -0.0339259  0.514428  
0.0167931  0.00794598  0.00749822  0.0755145  0.0216816  0.455374  
0.016976  0.00819341  0.00736303  0.0753934  -0.0200498  0.479756  
0.0167827  0.00796522  0.00726851  0.0717127  0.00137043  0.496079  
0.0181741  0.00792111  0.00750109  0.0836242  0.0185795  0.498605  
0.0183389  0.00787441  0.0075523  0.114467  -0.0543246  0.484526  
0.0187373  0.00801211  0.00808136  0.126492  -0.0333142  0.457575  
0.017091  0.00731972  0.00829235  0.153631  0.0175013  0.551688  
0.0185154  0.00833691  0.00824881  0.121067  -0.0231428  0.517675  
0.0176235  0.00827206  0.00770812  0.0975378  0.0123892  0.506647  
0.0172375  0.00833143  0.0076586  0.0986171  -0.00437019  0.498746  
0.0171334  0.00833171  0.00755943  0.0869194  -0.0162052  0.455424  
0.0161761  0.00807783  0.00744025  0.0872545  0.0126024  0.449426  
0.0166307  0.00860169  0.00762298  0.0970888  0.010057  0.519133  
0.0163688  0.00800058  0.00744786  0.11253  0.0288591  0.590087  
0.0167825  0.00880126  0.0075753  0.101627  -0.0673022  0.576058  
0.0162351  0.00876709  0.0074558  0.0825277  -0.0312273  0.528543  
0.0156157  0.00849258  0.0071811  0.0903105  -0.00700496  0.476617  
0.015856  0.00912451  0.00747271  0.099383  -0.022833  0.485094  
0.0153474  0.00915006  0.00717459  0.0953694  0.0203813  0.48441  
0.0149979  0.00937246  0.00732508  0.0923088  -0.0215205  0.497441  
0.0141928  0.00934741  0.00687062  0.0910232  0.00963135  0.462114  
0.0143678  0.0096988  0.00685994  0.0921533  -0.0301501  0.48836  
0.0138724  0.00929489  0.00683174  0.0882704  0.0110828  0.469459  
0.013995  0.00956095  0.00688628  0.0875527  -0.0347275  0.488809  
0.0134056  0.00897121  0.00709683  0.113484  0.045317  0.564305  
0.0140959  0.00926683  0.00688657  0.103166  -0.0670629  0.572282  
0.012733  0.00890002  0.00653539  0.0872018  -0.029089  0.501342  
0.0128525  0.00913326  0.00670444  0.0764188  -0.0306252  0.492741  
0.012465  0.00954445  0.00687944  0.0808865  -0.0410194  0.532513  
0.0132903  0.00808547  0.00704413  0.125351  0.0583251  0.624442  
0.015227  0.00854364  0.0075335  0.128718  -0.0662711  0.731866  
0.0144673  0.00941414  0.00754743  0.0884804  -0.027314  0.711912  
0.0146253  0.0100985  0.00748504  0.0755227  -0.0436204  0.66276  
0.0136426  0.0102021  0.00763708  0.0718699  -0.0259422  0.608502  
0.0137499  0.0101433  0.00726389  0.0673355  -0.0173079  0.609115  
0.0142976  0.0103295  0.00748861  0.0695967  -0.0342624  0.627962  
0.0141387  0.0102246  0.00758556  0.0827424  -0.00659117  0.674619  
0.0142433  0.0105029  0.00726729  0.0660307  -0.0438359  0.663192  
0.0141546  0.0105494  0.00724088  0.0690603  -0.0548759  0.657609  
0.0137671  0.0101731  0.00698497  0.0605237  -0.0404355  0.634427  
0.0134973  0.0102019  0.00699166  0.0490116  -0.0598008  0.609014  
0.013078  0.00990865  0.00663314  0.0461564  -0.0225998  0.576458  
0.0131036  0.00983055  0.00658545  0.0418215  -0.0499287  0.55601  
0.0130312  0.00978122  0.00653242  0.0257044  -0.0131782  0.527022  
0.014946  0.00862341  0.00655484  0.0523678  0.0230188  0.511984  
0.0166457  0.00848314  0.00699901  0.0749093  -0.0722452  0.504284  
0.014941  0.00910073  0.00672675  0.0390335  -0.0333989  0.586608  
0.0137194  0.00941588  0.00647679  0.0244376  -0.0356651  0.576344  
0.0124051  0.00910187  0.00661103  0.037184  0.00786172  0.647956  
0.0126102  0.00974729  0.00659262  0.0418561  -0.0604089  0.715525  
0.0122727  0.00973909  0.00633449  0.0240251  -0.0252652  0.671409  
0.0122397  0.00990861  0.00637422  0.0362217  -0.0444472  0.681495  
0.0119152  0.0101722  0.00620889  0.0152471  -0.0231888  0.654777  
0.0119171  0.0101078  0.00613412  0.00943218  -0.0530163  0.651023  
0.0116985  0.00999063  0.00620117  0.0208531  -0.0109978  0.692046  
0.0119642  0.0104075  0.00622675  0.0207575  -0.0639726  0.690323  
0.0117045  0.0098878  0.00636121  0.0320357  -0.0259237  0.679044  
0.0119382  0.0100518  0.00625058  0.035399  -0.0669093  0.693778  
0.0114905  0.00945766  0.00635498  0.0468254  -0.0254611  0.691257  
0.0116677  0.00974755  0.00620786  0.0367347  -0.0541682  0.691822  
0.0113386  0.00945271  0.00623942  0.0496625  -0.0381284  0.700629  
0.0110017  0.00960863  0.00604837  0.0487037  -0.0393502  0.670989  
0.0110296  0.00972975  0.00608186  0.040724  -0.0368208  0.651076  
0.0110881  0.00969074  0.00581315  0.0409311  -0.0179686  0.635585  
0.0112323  0.00990028  0.00566334  0.0434533  -0.0439482  0.642191  
0.0110468  0.00993719  0.005525  0.0353038  -0.023796  0.648458  
0.0111963  0.00983073  0.00544027  0.02593  -0.0640418  0.633342  
0.0109163  0.00971159  0.00540622  0.0269141  -0.0341948  0.62492  
0.0111259  0.0100203  0.005238  0.0105401  -0.066474  0.621811  
0.0106657  0.0100579  0.00504958  0.0111087  -0.0482585  0.606679  
0.0102609  0.0101023  0.00500667  0.0107782  -0.0501215  0.60781  
0.0104107  0.0102824  0.00500097  0.00787316  -0.0672942  0.612553  
0.0105098  0.0100053  0.00509762  0.0177487  -0.032482  0.608656  
0.0101506  0.00957517  0.00514427  0.0263115  -0.011659  0.6476  
0.0106158  0.00996468  0.0052169  0.0197259  -0.0834505  0.717319  
0.01043  0.00998875  0.00503067  0.00835399  -0.0458574  0.714776  
0.0102695  0.0098889  0.00507654  0.00760116  -0.0631196  0.680387  
0.010482  0.00986296  0.00518464  0.00567494  -0.0568377  0.687044  
0.0101614  0.00936885  0.00527072  0.0206079  -0.0278325  0.710261  
0.0103868  0.00920137  0.00534415  0.0239145  -0.07378  0.764191  
0.0101586  0.00939422  0.00523016  0.0159819  -0.0659342  0.720358  
0.0102082  0.00960021  0.00499419  0.00829781  -0.0755468  0.717935  
0.0100525  0.00961599  0.00485331  0.0038051  -0.0561324  0.693577  
0.010011  0.00991262  0.00483101  -0.00112053  -0.0758886  0.676553  
0.00946124  0.00928454  0.00473691  0.00480732  -0.00434046  0.650131  
0.0100591  0.00926305  0.00471406  0.00294703  -0.0823813  0.693301  
0.00960444  0.0089398  0.00482774  0.00426028  -0.022922  0.729297  
0.0102661  0.00924706  0.00489023  0.0119993  -0.102214  0.764025  
0.0101068  0.00883123  0.00487689  0.0156542  -0.033211  0.805621  
0.0103971  0.00913978  0.00500349  0.0183228  -0.100482  0.806574  
0.0100688  0.00880454  0.00503995  0.00321925  -0.049372  0.875358  
0.0106814  0.00930757  0.00489192  0.0152689  -0.114518  0.880135  
0.0103815  0.00914724  0.00462727  -0.00113521  -0.0503982  0.861052  
0.0103887  0.00928447  0.00465383  -0.00455842  -0.0996016  0.849447  
0.0102898  0.00939681  0.00445743  -0.0120492  -0.0674276  0.836164  
0.00998831  0.00898455  0.00452358  -0.0114932  -0.0645772  0.852966  
0.0102943  0.00973527  0.00437111  -0.0255801  -0.0921757  0.849301  
0.0102696  0.00977391  0.00407735  -0.0533824  -0.075052  0.817954  
0.010038  0.00978762  0.0040219  -0.0695093  -0.0872015  0.814138  
0.0101326  0.00988556  0.00382414  -0.0894924  -0.0747781  0.797981  
0.00976981  0.0103654  0.00325221  -0.101727  -0.110584  0.771121  
0.00980761  0.00980255  0.0029905  -0.115082  -0.0897218  0.739657  
0.00961878  0.0100982  0.00296009  -0.115717  -0.0994047  0.751748  
0.00921855  0.0103343  0.00264966  -0.125127  -0.127472  0.752198  
0.00877929  0.0103543  0.00252406  -0.133622  -0.113834  0.765659  
0.00848297  0.00995986  0.00242067  -0.135675  -0.117544  0.746713  
0.00872683  0.00996892  0.00227933  -0.136098  -0.0981924  0.706269  
0.00849333  0.00943516  0.00250463  -0.108757  -0.0549957  0.738081  
0.00917664  0.00928295  0.00244687  -0.0990178  -0.131727  0.744219  
0.00934853  0.00873892  0.00258465  -0.0939503  -0.0248488  0.72582  
0.00961306  0.0089135  0.00271671  -0.103624  -0.127508  0.75003  
0.00962321  0.00865749  0.0025276  -0.120488  -0.0522815  0.781918  
0.00971939  0.0090312  0.00224684  -0.142822  -0.112956  0.711909  
0.00923761  0.00888019  0.00208606  -0.164473  -0.0417169  0.704115  
0.00947239  0.00897338  0.00198978  -0.156524  -0.0734216  0.722527  
0.00928122  0.00894546  0.00198316  -0.15258  -0.0611476  0.695118  
0.00952906  0.00863794  0.00187886  -0.143727  -0.0434907  0.740707  
0.010826  0.00761434  0.00204151  -0.107222  -0.0791992  0.679723  
0.01236  0.00726741  0.00322531  -0.0329338  -0.118609  0.399157  
0.0119752  0.00703597  0.00371585  -0.0297777  -0.0150232  0.583701  
0.012074  0.00743779  0.00367063  -0.0266298  -0.0602916  0.621804  
0.0117974  0.00618403  0.00407068  0.0186761  0.036124  0.625826  
0.012651  0.00607627  0.00405634  0.0198196  -0.0737848  0.785882  
0.0129658  0.00684534  0.00425981  0.0650437  -0.162144  0.902319  
0.0120383  0.00803873  0.00385321  0.0313827  -0.0875055  0.782454  
0.0127363  0.00797991  0.0038659  0.00923044  -0.027501  0.6851  
0.0121647  0.00808071  0.00432862  0.0423529  -0.0846189  0.707461  
0.0117292  0.00751657  0.00414226  0.0703998  0.0125596  0.699503  
0.0120345  0.00795046  0.00391275  0.0462657  -0.0104857  0.747987  
0.0114676  0.00795169  0.00354579  0.0259245  -0.019591  0.6924  
0.0108917  0.00796174  0.00328501  0.0194018  -0.00100647  0.682904  
0.0109931  0.00787888  0.00323439  0.0135682  -0.039903  0.689598  
0.0103031  0.00781899  0.00327553  -0.00299169  -0.0219194  0.690059  
0.0104889  0.00789715  0.00333662  0.000402896  -0.0349521  0.750124  
0.00993191  0.00794814  0.00323072  -0.00245112  -0.0584536  0.714707  
0.00934741  0.00791455  0.00293382  -0.0196002  -0.0248557  0.652077  
0.00906685  0.00755442  0.00270091  -0.0293845  -0.0248047  0.616679  
0.00893559  0.0072994  0.00259649  -0.0352389  -0.0210237  0.572452  
0.00817417  0.00726022  0.00243975  -0.049581  0.0124037  0.560233  
0.00862237  0.00723502  0.00218775  -0.0544668  -0.0207559  0.536329  
0.00840537  0.00725395  0.00215636  -0.0661508  0.0193517  0.542521  
0.00834935  0.00743393  0.00199456  -0.0775601  -0.0216919  0.559241  
0.00877175  0.00788127  0.00208762  -0.081909  -0.0171026  0.632182  
0.00851955  0.00793027  0.00211601  -0.0836781  -0.0315104  0.613226  
0.00891886  0.00817843  0.00202513  -0.086928  -0.0445324  0.621035  
0.00870454  0.00833418  0.00174459  -0.0907495  -0.0130932  0.588049  
0.00845089  0.00815759  0.00194512  -0.0838836  -0.0424455  0.538842  
0.00832631  0.0082242  0.00172634  -0.0908317  0.00442146  0.565512  
0.00858837  0.00828787  0.00168656  -0.0840929  -0.0256813  0.53481  
0.00795139  0.00834202  0.00153493  -0.0838145  0.0106417  0.517907  
0.00808243  0.00822457  0.00132192  -0.0955418  -0.00723758  0.512224  
0.00827164  0.00828758  0.00122694  -0.104196  -0.0132588  0.509009  
0.00779297  0.00811699  0.000927325  -0.113612  -6.41169e-05  0.476799  
0.00813984  0.00796974  0.000952791  -0.112251  -0.0496167  0.473694  
0.00810581  0.00772651  0.00112173  -0.11719  -0.0281038  0.461137  
0.00838269  0.00766509  0.00120233  -0.108395  -0.0325673  0.512438  
0.00888474  0.00782344  0.000956299  -0.117784  -0.0649393  0.528871  
0.00877357  0.00793494  0.000626203  -0.128134  -0.0334551  0.516775  
0.00870388  0.00788761  0.000650556  -0.128439  -0.0336386  0.494963  
0.00856404  0.00785623  0.000800525  -0.111332  -0.00394422  0.519745  
0.00820739  0.00767399  0.000507066  -0.120862  -0.0415343  0.499209  
0.00824188  0.00781781  0.000507066  -0.124572  -0.0389346  0.463067  
0.00802638  0.00796658  0.000338181  -0.130588  -0.0148204  0.467769  
0.00803703  0.00788019  0.000421845  -0.129091  -0.0339456  0.449832  
0.00804867  0.00778276  0.000114235  -0.130235  -0.0106048  0.43857  
0.00798845  0.00756351  0.000141112  -0.121661  -0.0167765  0.434867  
0.00797933  0.00760298  0.000369298  -0.125337  -0.0407611  0.429406  
0.00798333  0.00771681  0.000107407  -0.131925  -0.0168332  0.479359  
0.00794982  0.00764405  4.8224e-05  -0.129057  -0.0485081  0.464088  
0.00771476  0.00744006  0.000134186  -0.125802  -0.0432921  0.434857  
0.00788188  0.00740087  0.000230785  -0.112658  -0.0223555  0.452518  
0.00812321  0.00729689  0.000520903  -0.11655  -0.0502036  0.43552  
0.00809199  0.00736227  0.000504231  -0.126848  -0.0407114  0.425126  
0.00823202  0.00763649  -2.04938e-06  -0.139574  -0.0205822  0.436503  
0.0081923  0.00765781  0.000160557  -0.13633  -0.0407514  0.431244  
0.00803629  0.00762626  0.000114776  -0.141598  -0.00579141  0.431116  
0.00735275  0.00755732  -0.000103892  -0.152095  -0.0239037  0.414243  
0.0071879  0.00779955  -0.000158179  -0.163689  -0.0456357  0.420802  
0.00711095  0.00791962  -9.25326e-05  -0.176847  -0.0233944  0.466302  
0.00734496  0.00780917  -0.000265455  -0.187511  -0.0510827  0.443151  
0.00683659  0.00782288  -0.000274422  -0.183771  -0.0611499  0.41137  
0.00661276  0.00761244  -0.000151282  -0.194598  -0.043115  0.417899  
0.00655919  0.00716322  -0.000149474  -0.206049  -0.0546398  0.413986  
0.00680446  0.00697354  -9.30764e-05  -0.204827  -0.0524876  0.432035  
0.0069562  0.00702828  -0.000301879  -0.20554  -0.0158614  0.459853  
0.00728207  0.00704037  -0.000178495  -0.194814  -0.0606841  0.457228  
0.00672367  0.00681084  -0.000282642  -0.176681  0.000216922  0.474552  
0.0070716  0.00708584  -0.000154356  -0.181382  -0.0929506  0.489383  
0.00707242  0.00712267  -0.0003026  -0.180318  -0.0226021  0.496105  
0.00734753  0.0072045  -4.19435e-05  -0.17453  -0.0543239  0.488008  
0.00754232  0.00663286  -0.000457459  -0.158016  0.00540805  0.564523  
0.00794171  0.00655856  -0.000213699  -0.163946  -0.0758494  0.572354  
0.00803226  0.00644591  -0.000351198  -0.168508  -0.0197648  0.551939  
0.0096199  0.00715872  0.00038662  -0.139538  -0.0452332  0.534533  
0.00901474  0.00706798  0.00011246  -0.158597  -0.0145757  0.560273  
0.00884776  0.00700404  -0.000118866  -0.16821  -0.0414382  0.493869  
0.00906285  0.00647011  -0.000246096  -0.169168  0.00565872  0.547269  
0.0110519  0.00541941  0.000490052  -0.0621327  -0.0746115  0.231191  
0.0104849  0.00476957  0.00134481  -0.0743055  0.00135729  0.345408  
0.0104076  0.00521161  0.000801797  -0.0988179  -0.029821  0.411703  
0.00868732  0.00542965  0.000423242  -0.135216  0.00107535  0.43461  
0.0082136  0.00559654  5.6469e-05  -0.15364  -0.0344798  0.44237  
0.00821449  0.00552591  0.000268264  -0.140595  0.0226617  0.590293  
0.00824417  0.00535376  0.000132526  -0.136822  -0.0546081  0.490914  
0.00744976  0.00515872  -0.000126566  -0.137664  -0.0196223  0.458959  
0.0067981  0.00483108  -7.57362e-05  -0.140334  -0.0276382  0.378459  
0.00661417  0.00486857  -0.000339844  -0.149908  0.00459746  0.366343  
0.00620016  0.00456431  -0.000519542  -0.163558  -0.017361  0.354463  
0.00584348  0.00453579  -0.000532387  -0.159992  -0.0128291  0.327552  
0.00565138  0.00450112  -0.000782923  -0.173117  0.00263606  0.342558  
0.00569578  0.00443607  -0.000928642  -0.178488  -0.0201807  0.320981  
0.0054837  0.00422388  -0.000782923  -0.183185  0.00128494  0.312798  
0.00504731  0.00374707  -0.00086999  -0.187829  -0.00373014  0.341478  
0.0054188  0.00402666  -0.000896517  -0.187001  -0.0327032  0.323535  
0.00497012  0.00382534  -0.00107821  -0.186704  0.0048472  0.314556  
0.00464964  0.00394961  -0.00130258  -0.184569  -0.0375874  0.322884  
0.00480571  0.00378308  -0.00115783  -0.181684  -0.00680036  0.334435  
0.00428473  0.00297324  -0.000603442  -0.166862  0.0208541  0.411313  
0.0048971  0.00347592  -0.00100061  -0.156946  -0.0751549  0.412108  
0.00434948  0.0034476  -0.00139315  -0.170014  -0.0180621  0.390302  
0.00447385  0.00359591  -0.00122474  -0.18083  -0.0444134  0.375729  
0.00419494  0.0036655  -0.00126763  -0.194915  -0.0110408  0.358336  
0.0040527  0.00321174  -0.00120593  -0.190392  0.00562707  0.36865  
0.00392647  0.00312459  -0.00125197  -0.178055  -0.0335905  0.405204  
0.00388368  0.00301293  -0.00113475  -0.183483  -0.0122244  0.408021  
0.00362465  0.0029238  -0.00141604  -0.160123  -0.0475542  0.422251  
0.00366892  0.00311313  -0.00138726  -0.168111  -0.0347077  0.420547  
0.00374707  0.00320998  -0.00137188  -0.159718  -0.0514762  0.422989  
0.00316198  0.00295668  -0.0017314  -0.175413  -0.0348341  0.398249  
0.00324279  0.00313011  -0.00158294  -0.171184  -0.0608423  0.374107  
0.00287586  0.00266868  -0.00170034  -0.168321  -0.00686539  0.442677  
0.00282307  0.00284434  -0.00171159  -0.149586  -0.0695232  0.42281  
0.00248244  0.00266307  -0.00227247  -0.149971  -0.0187385  0.424132  
0.00271824  0.00288338  -0.00210252  -0.146762  -0.0462672  0.409464  
0.00272638  0.00289775  -0.00240524  -0.138959  -0.012521  0.447149  
0.00266079  0.00281349  -0.0021083  -0.148665  -0.0601299  0.433704  
0.00253406  0.00239201  -0.00223381  -0.154696  -0.0538323  0.522336  
0.00277428  0.00279847  -0.00218102  -0.147505  -0.102295  0.475581  
0.00280991  0.00262372  -0.0026463  -0.126183  -0.0315679  0.487837  
0.00289039  0.00268251  -0.0025471  -0.133212  -0.055574  0.447389  
0.00292922  0.00267728  -0.002584  -0.122433  -0.0435401  0.473131  
0.00277428  0.0026931  -0.0027804  -0.124295  -0.0282005  0.432698  
0.00297895  0.00278955  -0.00254163  -0.126327  -0.0335114  0.417574  
0.00249492  0.00233091  -0.00268692  -0.135681  0.0031976  0.406003  
0.0030312  0.00215985  -0.00275499  -0.114883  -0.0231128  0.464242  
0.00287892  0.00223057  -0.00280276  -0.122255  -0.0298752  0.411802  
0.002849  0.00224417  -0.00283269  -0.122849  -0.0358832  0.410966  
0.00239928  0.00179252  -0.0029727  -0.146203  -0.00713537  0.3884  
0.00246667  0.00191205  -0.00284847  -0.148922  -0.0416136  0.373535  
0.0023238  0.00184456  -0.00304752  -0.144489  -0.00688717  0.379819  
0.00225571  0.00147638  -0.00292723  -0.145894  -0.0286329  0.365063  
0.00236183  0.00163924  -0.00299867  -0.14012  -0.0320016  0.373019  
0.00198994  0.00142081  -0.00315964  -0.13684  -0.00690051  0.376883  
0.00187132  0.00132709  -0.00318289  -0.132528  -0.0280866  0.33802  
0.00170133  0.00103289  -0.00328641  -0.13297  0.0177445  0.366908  
0.00180675  0.000930146  -0.00311777  -0.136046  -0.0369102  0.340031  
0.00180675  0.00103021  -0.00331419  -0.125712  0.00146949  0.288127  
0.00136965  0.000746383  -0.00346439  -0.139447  0.0184585  0.293362  
0.00138286  0.000654098  -0.00350384  -0.132922  -0.00999888  0.24074  
0.00120487  0.000462705  -0.00344342  -0.144235  0.0292061  0.274562  
0.00108591  0.00027294  -0.00347583  -0.131494  0.00760228  0.245383  
0.00113595  0.000331903  -0.00328616  -0.11625  0.00766347  0.210295  
0.000652942  0.000101714  -0.00342132  -0.112336  0.0204834  0.258516  
0.00412052  -0.00174515  -0.00292917  -0.0345653  -0.0168407  0.043417  
0.00207468  -0.00192547  -0.00301073  -0.0358774  0.0581384  0.195722  
0.00147137  -0.00141128  -0.00319554  -0.0246955  -0.0409159  0.256053  
0.00131132  -0.00138929  -0.00328152  -0.0241643  0.0124492  0.317467  
0.001089  -0.00123508  -0.00311706  -0.0248565  -0.0580084  0.310412  
0.00110391  -0.00123508  -0.00349058  -0.0367382  -0.0167776  0.334865  
0.00107657  -0.000961469  -0.00348503  -0.0229513  -0.0373946  0.313658  
0.000964735  -0.000893928  -0.00344813  -0.0085832  -0.0346489  0.33693  
0.000924936  -0.00123508  -0.00345887  -0.0147689  -0.0173172  0.345234  
0.00110358  -0.00123508  -0.00314234  -0.0114623  -0.0422788  0.330655  
0.000933712  -0.00142046  -0.00337538  -0.0153007  -0.0108981  0.329892  
0.000933712  -0.00157471  -0.00327048  -0.0327492  -0.0238437  0.3179  
0.00108371  -0.0014296  -0.0033701  -0.0337353  -0.0276706  0.334149  
0.000568685  -0.0017259  -0.00339297  -0.0352633  0.0020821  0.344485  
0.000885558  -0.00159303  -0.00335584  -0.0306033  -0.0567833  0.33737  
0.000573717  -0.00183997  -0.00348046  -0.03698  0.00503767  0.353092  
0.000783541  -0.00168  -0.00332387  -0.0305104  -0.065497  0.330612  
0.000684081  -0.00168846  -0.0035038  -0.0403424  0.00410947  0.341479  
0.000835678  -0.00151987  -0.00352221  -0.0379875  -0.0279949  0.295942  
0.000689683  -0.00168591  -0.00349935  -0.0388176  0.0199919  0.332703  
0.000555108  -0.00166229  -0.00350367  -0.0363813  0.000540908  0.298225  
0.000729264  -0.00166805  -0.00355804  -0.0261329  -0.0102812  0.2606  
0.000115486  -0.00168663  -0.00363199  -0.0343056  0.014417  0.285831  
0.000719224  -0.00180749  -0.0035652  -0.0186381  -0.0293272  0.267672  
0.000244764  -0.00184695  -0.00361836  -0.0409204  0.0162202  0.320304  
0.000795521  -0.00180467  -0.0034351  -0.0278789  -0.0243027  0.305191  
0.000392204  -0.00186652  -0.00371855  -0.0350275  0.0217215  0.294238  
0.000443332  -0.00183655  -0.00362311  -0.0278165  -0.0125971  0.25767  
0.000183412  -0.00208071  -0.00348338  -0.0161779  0.0224631  0.309114  
0.000396766  -0.00193387  -0.00340236  0.00386374  -0.0167593  0.283796  
0.000222881  -0.0018176  -0.00345572  0.00724645  -0.00753847  0.268429  
0.000212559  -0.00188717  -0.00353205  0.0287498  0.0187236  0.28475  
0.000228281  -0.0015458  -0.00351851  0.0341707  -0.000684417  0.254603  
0.000200832  -0.0017724  -0.00340499  0.0410522  0.0357696  0.275762  
0.00011865  -0.00188235  -0.00338306  0.039349  0.0170131  0.254223  
0.00011865  -0.00202557  -0.00329803  0.0441264  0.0147916  0.257082  
3.55467e-05  -0.00204013  -0.00308224  0.0478675  0.0373157  0.285767  
0.000201514  -0.00202601  -0.00314359  0.0497323  -0.0110705  0.26935  
0.000129312  -0.00222083  -0.00311191  0.0553317  0.0255544  0.283329  
0.000129312  -0.00221045  -0.00315431  0.0390822  0.00892053  0.240859  
-4.75923e-05  -0.00216475  -0.00308911  0.0422842  -0.0133049  0.211804  
-0.000453163  -0.00227205  -0.00320239  0.0355987  0.0296669  0.265207  
-0.000245777  -0.00226195  -0.00311371  0.0403461  -0.0093534  0.24968  
-0.000470217  -0.00246306  -0.00324956  0.0433779  0.0496854  0.286645  
-0.000497781  -0.0025954  -0.00303209  0.0536031  -0.0320181  0.289978  
-0.000312634  -0.00272193  -0.0030562  0.0493772  0.013086  0.291926  
-0.000421709  -0.0028492  -0.00290453  0.051357  -0.00561366  0.285696  
-0.000693941  -0.00287483  -0.00282689  0.0398149  0.0269831  0.341814  
-0.000364098  -0.00284476  -0.00285366  0.0407056  -0.0601531  0.322698  
-0.000452197  -0.00271963  -0.00307711  0.0281816  -0.00528412  0.329344  
-0.000333899  -0.00268307  -0.00308748  0.03626  -0.0461668  0.365668  
-0.000109775  -0.00264546  -0.00333302  0.0188769  0.00530762  0.33288  
-0.000162913  -0.00257289  -0.00338221  0.00490377  -0.0157532  0.283218  
-0.000535527  -0.00251309  -0.00365727  -0.0162543  0.0139206  0.285572  
-0.000447532  -0.00247936  -0.00370269  -0.0256063  -0.0121284  0.222494  
-0.000573559  -0.00248907  -0.00363946  -0.0286878  0.0260918  0.285466  
-0.00042736  -0.00252922  -0.00360311  -0.0194292  -0.0172751  0.256484  
-0.000493595  -0.00287112  -0.00343877  -0.0184898  0.00562289  0.286188  
-0.000410888  -0.00297298  -0.00351907  -0.021288  -0.0241929  0.25494  
-0.000368036  -0.00282817  -0.0036316  -0.0216196  0.00174231  0.271745  
-0.00039789  -0.00256052  -0.00372815  -0.0281546  -0.00298855  0.261932  
-0.000354274  -0.00253219  -0.00374013  -0.0255451  -0.00470734  0.261901  
-0.000581979  -0.00262139  -0.00376164  -0.0345519  0.0135194  0.29046  
-0.000284248  -0.00263988  -0.00371941  -0.0344619  -0.00512074  0.32685  
-0.000653939  -0.00269257  -0.00372087  -0.0392371  0.0123303  0.315818  
-0.000362085  -0.00250318  -0.00378968  -0.0367172  -0.0261754  0.297898  
-0.000851984  -0.00272929  -0.00392169  -0.068247  0.00487649  0.290639  
-0.000890504  -0.00239431  -0.00387308  -0.064694  -0.0177827  0.261581  
-0.0010747  -0.00229841  -0.00407984  -0.0719417  0.00728154  0.256636  
-0.00123326  -0.00226161  -0.0042119  -0.0757953  -0.0148052  0.245747  
-0.001357  -0.00238474  -0.00404812  -0.0719628  -0.0354795  0.227595  
-0.00175311  -0.00268417  -0.00413774  -0.0940812  -0.0231109  0.215959  
-0.00259196  -0.00325112  -0.0041521  -0.109908  -0.0427821  0.170795  
-0.00177838  -0.00249369  -0.0042271  -0.108595  -0.0322694  0.194703  
-0.00166433  -0.00252808  -0.00421358  -0.0978573  0.00109973  0.229147  
-0.00196388  -0.00215429  -0.0043216  -0.126539  -0.0513  0.205445  
-0.00178144  -0.00159704  -0.00422769  -0.125514  -0.0602067  0.198109  
-0.00354888  -0.00283711  -0.00412736  -0.145663  -0.048248  0.117263  
-0.00328763  -0.00276337  -0.00401217  -0.134915  -0.0474373  0.129461  
-0.00359394  -0.00263405  -0.00385947  -0.118257  -0.0633373  0.102058  
-0.0041996  -0.00225906  -0.00379116  -0.144718  -0.0389954  0.0850962  
-0.00406146  -0.0021811  -0.00380891  -0.140079  -0.0564889  0.0983597  
-0.00395989  -0.00252651  -0.00379173  -0.130429  -0.0615552  0.0881498  
-0.00390336  -0.00260752  -0.00384727  -0.142831  -0.0091159  0.129298  
-0.00334608  -0.00288892  -0.00352639  -0.0665809  -0.100483  -0.0418716  
-0.00355002  -0.00375013  -0.00317669  -0.0504795  0.00477431  0.128528  
-0.00117883  -0.00291123  -0.00321222  -0.0222636  -0.0128427  0.328421  
-0.000592755  -0.00291253  -0.00284246  -0.0125024  -0.16607  0.366244  
-0.000908797  -0.00297412  -0.00313897  0.00786526  -0.0781505  0.347715  
-0.00105671  -0.00287312  -0.00312241  0.00875951  -0.0944344  0.316337  
-0.000750403  -0.00270622  -0.00335348  0.0120542  -0.0415776  0.260968  
-0.00131829  -0.00354014  -0.00303279  0.0301983  -0.0734313  0.209963  
-0.00218666  -0.00342105  -0.002615  0.0668904  -0.0698027  0.16418  
-0.000321556  -0.00237066  -0.00278624  0.0459491  0.00764473  0.233827  
-0.000485204  -0.00205965  -0.00265681  0.0411952  -0.0398621  0.250114  
-0.000722708  -0.00207897  -0.00264032  0.0452822  -0.0577509  0.303036  
-0.000642816  -0.00189713  -0.00251201  0.0448603  -0.114026  0.260147  
-0.00119297  -0.00185585  -0.00276431  0.0413311  -0.0451755  0.274069  
-0.00113827  -0.00162786  -0.00250282  0.0435853  -0.120496  0.267257  
-0.00166852  -0.00162758  -0.00299212  0.0425034  -0.0476651  0.242101  
-0.00153197  -0.00171929  -0.0027113  0.0516355  -0.0362569  0.263718  
-0.00139086  -0.00170303  -0.00267085  0.0498809  -0.0773424  0.286512  
-0.00142328  -0.00193493  -0.00285393  0.0404518  -0.0206369  0.266793  
-0.00123794  -0.00185541  -0.0024796  0.0608713  -0.0783117  0.291691  
-0.00135397  -0.00156814  -0.00293028  0.0458252  -0.0390972  0.248861  
-0.00116392  -0.00155307  -0.00294322  0.0362852  -0.0602671  0.228175  
-0.00162072  -0.00143711  -0.00306732  0.0235178  -0.0347446  0.227369  
-0.00158496  -0.0013536  -0.00309176  0.0142146  -0.0827469  0.226955  
-0.00200427  -0.0013536  -0.0032469  -0.0024741  -0.0529479  0.233659  
-0.00147752  -0.00108618  -0.00315613  0.00634012  -0.0906648  0.206932  
-0.0017727  -0.00122997  -0.00320262  -0.00309425  -0.026276  0.230846  
-0.0014545  -0.0013536  -0.00306131  0.0102934  -0.0855724  0.222487  
-0.00155908  -0.0013536  -0.00306135  0.00128773  -0.0372468  0.238792  
-0.00130423  -0.0013536  -0.00295983  0.0159538  -0.0708291  0.2222  
-0.00142899  -0.00146677  -0.00277025  0.015556  -0.0407004  0.25015  
-0.00148083  -0.00120376  -0.00294002  0.00225412  -0.056193  0.220213  
-0.00152851  -0.0013536  -0.00281467  0.00610771  -0.0696817  0.223178  
-0.00153044  -0.0013536  -0.00292351  -0.00135359  -0.0192057  0.257334  
-0.00139466  -0.00107541  -0.00273734  0.0130686  -0.0773575  0.260123  
-0.00144049  -0.00149684  -0.00287604  -0.000565612  -0.0286783  0.258281  
-0.00140637  -0.00128779  -0.00276377  0.00980027  -0.0927783  0.269816  
-0.00153192  -0.00171971  -0.00282582  -0.00411656  -0.0341877  0.282095  
-0.00145042  -0.00143438  -0.00288464  -0.0239293  -0.0892041  0.255476  
-0.00167194  -0.00134562  -0.00293035  -0.020863  -0.0470626  0.265777  
-0.00145406  -0.00110595  -0.00289225  0.00229178  -0.0676816  0.25081  
-0.0017832  -0.00104393  -0.00301541  0.0095584  -0.0360553  0.270438  
-0.00152249  -0.000972675  -0.00288767  0.0179248  -0.0515719  0.274847  
-0.00164591  -0.000977035  -0.00278219  0.00876357  -0.0596456  0.274335  
-0.00180779  -0.000973907  -0.00281986  0.00341822  -0.0335141  0.271955  
-0.00178953  -0.00101664  -0.00258697  0.00925277  -0.0683242  0.260894  
-0.00217244  -0.00128135  -0.00264428  -0.00358648  -0.0232204  0.261806  
-0.0016322  -0.00118488  -0.00253077  0.00235235  -0.0867766  0.277844  
-0.00189431  -0.00108905  -0.0026535  -0.0102352  -0.0536496  0.303403  
-0.00180113  -0.000787961  -0.00254816  0.0030278  -0.0899626  0.292301  
-0.00166083  -0.000654038  -0.00259035  0.00475758  -0.0625206  0.265835  
-0.00172995  -0.000633622  -0.00268779  -0.0101254  -0.0392522  0.261911  
-0.00150547  -0.000395782  -0.00260548  -0.0060235  -0.0704644  0.257001  
-0.00164067  -0.000368965  -0.0028449  -0.0271374  -0.0224452  0.262837  
-0.00144776  -0.000644008  -0.00260909  -0.0293965  -0.0106302  0.272192  
-0.0011144  -0.000338737  -0.00230838  -0.0255908  -0.106603  0.296006  
-0.00165143  -0.0001271  -0.00268156  -0.0394285  -0.0428755  0.292081  
-0.00128676  -6.98602e-05  -0.00264295  -0.0250035  -0.082868  0.292318  
-0.0014347  -0.00022958  -0.0026827  -0.0273789  -0.0513892  0.293441  
-0.00121725  -0.000211638  -0.00264477  -0.0230651  -0.0410033  0.283834  
-0.00140043  -0.000143323  -0.00252193  -0.0232322  -0.0753566  0.26237  
-0.00170002  -0.000219186  -0.00262769  -0.0251074  -0.0474906  0.27412  
-0.00142221  -0.000184688  -0.00247844  0.00564998  -0.0498077  0.248028  
-0.0015367  -0.000251966  -0.00231013  0.024561  -0.046109  0.231041  
-0.00179867  -0.000143395  -0.00236014  0.0225471  -0.0162135  0.238157  
-0.00153597  -0.000215562  -0.00206864  0.0456117  -0.0494074  0.216858  
-0.00172232  -0.000181304  -0.000211944  0.0901953  0.0216332  0.24778  
-0.00116925  -0.000179515  -8.41041e-05  0.0928992  -0.0751231  0.234473  
-0.00124473  -0.0001232  -8.41041e-05  0.0938862  -0.0923882  0.227676  
-0.00188043  -0.00010486  -0.000414731  0.0787744  -0.037869  0.222641  
-0.00163668  -0.000257947  -0.00230254  0.017878  -0.0664862  0.219378  
-0.00159297  -5.78685e-05  -0.00262946  0.0149288  -0.0367836  0.217494  
-0.00178616  -0.000257947  -0.00247367  0.0248165  -0.0176479  0.247021  
-0.00124105  0.000110782  -8.41041e-05  0.0805231  -0.0999572  0.237356  
-0.00200122  0.000109662  -0.000136636  0.0904302  -0.0334881  0.287193  
-0.00105169  0.000171581  -8.41041e-05  0.0874076  -0.111954  0.244463  
-0.00163557  0.000503396  -0.000451039  0.0862532  -0.0849571  0.222242  
-0.00142303  0.000457116  -0.00255896  0.0218002  -0.0361796  0.253348  
-0.00153911  0.000628822  -0.00260484  0.0416109  -0.0346791  0.236409  
-0.00147576  0.000916059  -0.00244604  0.0346582  -0.0393459  0.212387  
-0.00152827  0.000628822  -0.00269654  0.0341289  -0.00556878  0.219498  
-0.00144552  0.000628822  -0.000559225  0.0867621  -0.103816  0.198548  
-0.00174374  0.000379917  -0.00282  0.0172884  -0.00513381  0.213123  
-0.00151358  0.000654539  -0.0025718  0.0178785  -0.0680326  0.228279  
-0.00177889  0.000429792  -0.00266558  0.01032  -0.0356661  0.251868  
-0.00181939  0.000550898  -0.00278633  0.00097171  -0.0605536  0.267946  
-0.00158579  0.000537956  -0.00261416  0.0055053  -0.0651443  0.257809  
-0.0018662  0.000223685  -0.00257693  0.00321376  -0.0453971  0.28148  
-0.00177575  0.000485077  -0.00247245  -0.017653  -0.0885915  0.252009  
-0.00184793  0.000699037  -0.00257119  -0.0246087  -0.0798017  0.23353  
-0.00199745  0.00062283  -0.00288  -0.0296405  -0.0515382  0.230652  
-0.00202307  0.000273518  -0.00266661  -0.0152437  -0.00777503  0.230301  
-0.0016737  0.000392531  -0.00241721  -0.000808359  -0.0737264  0.239083  
-0.00191369  0.00020708  -0.00265304  -0.00650004  -0.02066  0.241682  
-0.00178216  0.000246427  -0.00242653  -0.00957242  -0.063213  0.225426  
-0.00203616  0.0004808  -0.0026878  -0.0275122  -0.036249  0.212955  
-0.0022212  0.00061677  -0.00262627  -0.0276137  -0.0574097  0.216434  
-0.00211619  0.000901979  -0.00249376  -0.0296448  -0.0862249  0.181978  
-0.00220433  0.000670876  -0.0025916  -0.0261665  -0.0355918  0.20592  
-0.0031122  0.00100497  -0.00246496  -0.00830748  -0.0967939  0.174313  
-0.00360822  0.000653366  -0.00230684  -0.0122286  -0.0395595  0.14479  
-0.00228034  0.000799333  -0.00240616  -0.021606  -0.0467021  0.167964  
-0.00207104  0.000954576  -0.00252446  -0.0216664  -0.0660465  0.165573  
-0.00351809  0.00118752  -0.00226295  -0.0251251  -0.0320931  0.107138  
-0.00339505  0.00143303  -0.00238284  -0.0380059  -0.0654121  0.103692  
-0.00341335  0.00156908  -0.00234884  -0.0402576  -0.0525446  0.0565603  
-0.00353167  0.00121074  -0.0023763  -0.0483981  -0.022543  0.0848992  
-0.0029606  0.00134993  -0.00238313  -0.0421175  -0.0784519  0.106079  
-0.00232186  0.000711043  -0.00236951  -0.0500082  -0.000885491  0.175289  
-0.00144363  0.000830138  -0.00229767  -0.0435752  -0.100412  0.1651  
-0.00122576  0.000762133  -0.00253117  -0.0517365  -0.0471837  0.159757  
-0.00146884  0.000957768  -0.00252165  -0.057256  -0.0607497  0.156788  
-0.00162478  0.00140394  -0.00232328  -0.0613118  -0.0542482  0.103289  
-0.00161302  0.00112855  -0.00255797  -0.0728482  -0.0311541  0.131415  
-0.00137913  0.000945283  -0.00231989  -0.0430971  -0.0637975  0.139199  
-0.000806339  -0.000204625  -0.00240183  -0.00704217  0.0527249  -0.119757  
0.00496899  0.000605531  0.000494726  0.117175  -0.107661  -0.103073  
0.00464004  0.00066689  0.000920022  0.110114  -0.0457848  0.0562898  
0.00373652  0.00104712  0.00176507  0.0872377  0.0289054  0.0920591  
0.00355448  0.00162298  0.00198394  0.0847421  -0.0413213  0.131525  
0.00340573  0.000974081  0.00129106  0.110774  0.0540136  0.121336  
0.00305496  0.000537492  0.0014943  0.142711  -0.0262798  0.165744  
0.00197357  0.000605531  0.0014016  0.13071  -0.080909  0.168345  
0.00205825  0.000605531  0.00160642  0.128921  0.00347727  0.177195  
0.00322573  0.00205202  0.0026017  0.105167  -0.0351855  0.132302  
0.00177325  0.00107988  0.00259609  0.0844985  0.0452417  0.208401  
0.00294984  0.00205104  0.00288051  0.0856409  -0.0521643  0.17815  
0.00251148  0.00143282  0.00244829  0.0931496  0.0254297  0.147146  
0.00372197  0.00145758  0.00256783  0.0887867  -0.015329  0.0993503  
0.00329075  0.00151576  0.00241266  0.0935108  0.0349333  0.102137  
0.00362183  0.00141302  0.00243364  0.0820153  0.00868783  0.0820733  
0.0028806  0.00159945  0.00219382  0.0857511  0.0612271  0.0855228  
0.00303668  0.00172811  0.00249309  0.0932051  0.0162126  0.0945669  
0.00291495  0.00229854  0.00260194  0.0685644  0.0564536  0.0588848  
0.00304956  0.00230883  0.00259724  0.0623308  0.0208278  0.013352  
0.00245193  0.00247438  0.00241596  0.0470158  0.0595061  0.014942  
0.00229662  0.00273277  0.00230002  0.0313131  0.0289055  0.000912441  
0.00271679  0.00266301  0.00245637  0.0312958  0.0144835  0.0320095  
0.00108326  0.000781743  0.00266045  0.0523188  0.0397263  0.128848  
0.00258665  0.00220399  0.00270946  0.0338907  -0.0178822  0.117152  
0.00268026  0.00233428  0.00279566  0.016012  0.011656  0.117878  
0.0024994  0.00202833  0.00269098  0.0153357  0.011477  0.0900331  
0.00265342  0.00217146  0.00267893  0.0139244  0.0183622  0.0721085  
0.000893149  0.00101983  0.00288007  0.0259149  0.00520312  0.144178  
0.00239719  0.00225657  0.0027576  0.0207666  -0.00218434  0.0782549  
0.00221951  0.00317752  0.00244559  0.0108283  0.0134646  0.0509869  
0.00240085  0.00285015  0.00240577  0.013757  -0.0172374  0.0468235  
0.00278008  0.00276505  0.00244983  0.033801  -0.00631116  0.0316302  
0.00272795  0.00298169  0.00236261  0.0187772  0.0118784  0.058665  
0.00291495  0.00270654  0.00236744  0.0221362  -0.00452049  0.049113  
0.00267992  0.00249798  0.002387  0.0348716  0.0288882  0.0743508  
0.00288993  0.00264233  0.00235153  0.0258939  0.00261228  0.0570147  
0.00290146  0.00272679  0.00236297  0.0226515  -0.00496096  0.0183375  
0.00241665  0.00308825  0.00217412  0.00728275  0.0383084  0.0275368  
0.00296387  0.00240566  0.00235027  0.00508854  0.00289187  0.028229  
0.00237978  0.00296431  0.0022591  0.0022334  0.0517379  -0.00340683  
0.00274034  0.00222189  0.00245031  0.0151491  0.0193851  0.0017006  
0.00293032  0.00232567  0.00237094  0.0121519  0.0228065  -0.0175143  
0.00286174  0.00226361  0.00230504  -0.00247092  0.044693  -0.022138  
0.00266262  0.00217615  0.00239235  0.0211023  0.0265314  -0.00341745  
0.00106019  0.000425799  0.00268133  0.0492902  0.0418115  0.119953  
0.00277996  0.00167274  0.00250436  0.0525292  -0.0378281  0.0757562  
0.00117918  0.000643375  0.00278623  0.0410479  0.0243348  0.117861  
0.00304572  0.00114282  0.00253951  0.0371779  -0.00624944  0.0402009  
0.00282946  0.00135299  0.0025175  0.0291947  0.0492412  0.0272288  
0.00307584  0.00167942  0.00228201  0.0142332  0.0129782  0.0139132  
0.00280623  0.00152217  0.0023134  0.0270215  0.0455702  0.032382  
0.00324704  0.00122737  0.00210659  0.00649411  -0.00868842  0.000491574  
0.00295966  0.00131092  0.00228024  0.0102167  0.0560231  -0.0109892  
0.0030839  0.00175652  0.00213721  0.00652359  -0.02019  -0.000228822  
0.00282378  0.00135646  0.00198567  -0.00980555  0.0285013  -0.0630692  
0.00313541  0.00147755  0.00191649  -0.00553025  -0.00240745  -0.0597384  
0.00239164  0.00098498  0.0020746  -0.00656783  0.0424455  -0.127315  
0.00294061  0.00179728  0.00158618  -0.0206788  -0.00150736  -0.0948549  
0.00295936  0.000495418  -0.000261461  -0.0812822  0.0443503  -0.112397  
0.00086241  -5.58188e-05  -0.000509013  -0.0736622  0.0788283  -0.154767  
0.0031608  0.000953992  -0.000460415  -0.0676119  -0.00132082  -0.0576841  
0.00258975  0.000732788  -0.00194132  -0.0613066  0.0472953  -0.127861  
0.00318258  0.000551237  -0.00159095  -0.0733299  0.00543956  -0.101556  
0.0029112  0.000309155  -0.00189703  -0.0590896  0.0545318  -0.112265  
0.00325184  0.000676033  -0.000474044  -0.0941473  0.00590658  -0.0717239  
0.00311472  0.000655447  -0.00164954  -0.0589595  0.0235537  -0.0812723  
0.00305088  0.000286168  -0.000339643  -0.0776891  0.0405394  -0.0867031  
0.00317072  0.000213  -0.000127517  -0.0814673  -0.0143878  -0.0697935  
0.0030101  -0.000125053  -0.000112083  -0.0784896  0.047723  -0.0957852  
0.00276279  -0.000238606  -8.76392e-05  -0.0812082  0.0125991  -0.10722  
0.00314656  -0.000127521  -3.5374e-05  -0.0748658  0.0153868  -0.106808  
0.00339729  -0.000400463  3.23982e-05  -0.0797787  0.0594562  -0.0402038  
0.00367725  -9.50864e-05  0.00208814  0.0176981  -0.0228909  -0.020821  
0.0029409  -0.000770492  0.00218315  -0.00209831  0.0309261  -0.0617568  
0.00355197  -0.000646362  0.00203158  -0.00439511  0.000264065  -0.0658587  
0.00314908  -0.00222493  0.00150351  -0.00698784  0.0134031  -0.099959  
0.00284135  -0.00222185  0.00153829  -0.021496  0.0332527  -0.127467  
0.00295762  -0.00065549  0.000142143  -0.079941  0.000548481  -0.145308  
0.00253476  -0.00259379  0.00155771  0.00049289  0.0376355  -0.135162  
0.00248909  -0.00175297  0.00199774  -0.0111351  0.0130607  -0.141108  
0.00283244  -0.00167845  0.00218797  0.0100057  0.00120066  -0.125741  
0.00245848  -0.00136051  0.00255948  0.0161011  0.0196275  -0.134334  
0.00303032  -0.00194347  0.00257592  0.0303157  0.0429219  -0.0671205  
0.00355527  -0.00188853  0.00253891  0.0405868  -0.0285498  -0.0555118  
0.00311884  -0.00222585  0.00253693  0.0358753  0.01719  -0.0708087  
0.00297843  -0.00229638  0.00257195  0.053483  -0.011154  -0.112069  
0.00220251  -0.00196817  0.00274598  0.0581137  -0.00370249  -0.177293  
0.00215753  -0.00221155  0.00257498  0.0435658  0.0302556  -0.170268  
0.0022539  -0.00197648  0.00244542  0.0429815  0.0025494  -0.175566  
0.00194786  -0.00202508  0.00252366  0.03524  0.0269032  -0.164831  
0.00240928  -0.0021941  0.0023148  0.0377052  0.0241846  -0.139709  
0.00302549  -0.00236144  0.00226387  0.0468306  -0.00536785  -0.116743  
0.00300796  -0.00247162  0.002419  0.0503182  0.0585069  -0.0827082  
0.00370673  -0.00191316  0.00235598  0.0402337  -0.0285316  -0.0705099  
0.00307281  -0.00266334  0.00227385  0.0301806  0.0283018  -0.103837  
0.00315206  -0.0025609  0.0021761  0.0301049  0.00722087  -0.124441  
0.00282524  -0.0024629  0.00248612  0.0263291  0.00446474  -0.1323  
0.00280637  -0.00265427  0.00214977  0.0151437  0.0282922  -0.133426  
0.0033823  -0.00206586  0.00200797  -0.0115378  0.0052365  -0.116993  
0.00342977  -0.00187436  0.0017835  -0.0344503  0.0425334  -0.101517  
0.00363803  -0.00163161  0.00121864  -0.0335698  0.00731076  -0.102779  
0.00353508  -0.0020074  0.000931112  -0.02212  0.00348905  -0.105396  
0.00353956  -0.00237081  0.000862865  -0.0332027  0.0409542  -0.0708038  
0.00377008  -0.00279101  0.00113892  -0.00731927  -0.0250174  -0.081266  
0.00337915  -0.00306216  0.00181194  0.00420552  0.0342896  0.0451538  
0.00407471  -0.00254661  0.00146668  -0.0125604  -0.0491785  0.0156788  
0.00392327  -0.00183434  0.000252913  -0.0855182  0.0133663  -0.0081166  
0.00370134  -0.00260559  -0.000110649  -0.0573254  0.00589136  -0.0379629  
0.0037081  -0.002582  -0.000373048  -0.059564  -0.00579219  -0.0751652  
0.00328654  -0.00244723  -0.00109709  -0.065032  0.0231022  -0.0848886  
0.00355823  -0.00242762  -0.000554105  -0.0721772  0.032471  -0.0805265  
0.0036042  -0.00259482  -0.0006144  -0.080195  0.00213601  -0.100905  
0.00306975  -0.00276781  -0.000509149  -0.0842017  0.0307127  -0.102453  
0.00283468  -0.00239775  -0.000434906  -0.111508  -0.00706005  -0.139741  
0.00276818  -0.00185246  -0.000259483  -0.138804  0.0115464  -0.127574  
0.00272382  -0.00287025  -0.00064358  -0.109491  -0.0201013  -0.107305  
0.00266122  -0.00290976  -0.000532127  -0.109476  -0.012949  -0.105026  
0.00295569  -0.00337182  -0.000543951  -0.107401  -0.000578057  -0.0587653  
0.00135736  -0.00348034  -0.000694526  -0.101611  -0.0853298  -0.135542  
0.00143593  -0.00356931  -0.000881734  -0.0963234  -0.00383168  -0.129178  
0.0010346  -0.00344824  -0.00097849  -0.0863857  -0.079156  -0.139048  
0.000505689  -0.00199102  -0.000528791  -0.108236  -0.0936041  -0.196621  
0.000181151  -0.00251108  -0.00137793  -0.101425  -0.0464927  -0.198526  
0.000258912  -0.00197152  -0.000259483  -0.107051  -0.0987577  -0.211037  
0.000758426  -0.00420085  -0.000451702  -0.0464538  0.066827  -0.151101  
0.000821991  -0.00388864  -0.000317653  -0.0307286  -0.101984  -0.142721  
0.000895968  -0.00400196  -0.000328548  -0.0494219  0.0691667  -0.135292  
4.21798e-05  -0.00370398  -0.000253682  -0.0438804  -0.0879829  -0.125969  
0.000403849  -0.0038277  -0.000137145  -0.0390624  -0.095764  -0.136233  
0.000275453  -0.00405979  -0.000217734  -0.049069  0.0799127  -0.139466  
0.000237679  -0.00434674  -0.000263776  -0.0169877  -0.0962158  -0.110699  
0.000258977  -0.00378961  -0.00142924  -0.0285795  0.00476546  -0.132932  
0.00223331  -0.00402524  0.0013265  0.0208636  -0.0288662  -0.147448  
0.000975605  -0.00368807  0.00180373  0.0335558  0.10472  -0.22762  
0.00186929  -0.00385246  0.00177011  0.0610967  -0.0724299  -0.194514  
0.000372324  -0.00264472  0.00256006  0.111272  -0.08187  -0.325698  
0.000589223  -0.00265523  0.00282246  0.0926522  0.0611924  -0.252199  
0.0015738  -0.00458302  0.00291055  0.094048  0.0121265  -0.121502  
0.00211382  -0.00394691  0.00265276  0.098198  -0.0451647  -0.110309  
0.00221788  -0.00435441  0.00290424  0.0899772  0.0469544  -0.0319827  
0.00202023  -0.00421685  0.0029113  0.089712  -0.032949  -0.0245718  
0.00153722  -0.00437587  0.00280218  0.0797937  0.0125594  -0.0314987  
0.00143519  -0.00452063  0.00283204  0.0908157  -0.0110751  -0.0357599  
0.00138509  -0.00479408  0.00270755  0.0914105  -0.00833862  -0.0460129  
0.00170045  -0.00440292  0.00285732  0.0936453  0.0097353  -0.0496496  
0.00139526  -0.00454206  0.0026706  0.0796835  0.000763943  -0.0801253  
0.00159974  -0.00442904  0.00289124  0.0841403  0.0105396  -0.0730694  
0.000435259  -0.00524746  0.00263319  0.0637328  0.038335  -0.0696847  
0.00109416  -0.00502727  0.00303849  0.0693258  -0.0466108  -0.0143037  
0.000998587  -0.00470898  0.00289543  0.0624381  -0.0304736  -0.0534676  
0.000491649  -0.00499013  0.00286351  0.0547926  -0.0121485  -0.0898691  
0.000777558  -0.00483887  0.00288963  0.056583  -0.0141333  -0.0850426  
0.000627776  -0.00486495  0.00292224  0.0664327  -0.0154527  -0.0417188  
0.000773616  -0.00475581  0.00282638  0.0617871  -0.023653  -0.041766  
0.000681641  -0.00494331  0.00284166  0.0555133  0.0119185  0.00546029  
0.00114223  -0.00471246  0.00274156  0.040224  -0.0312854  -0.0112723  
0.00077125  -0.00509705  0.00271585  0.036865  0.0335527  0.0605265  
0.00136709  -0.00468211  0.00260434  0.0296201  -0.0693612  0.0135601  
0.000816134  -0.00507239  0.0021793  0.00172313  -0.0178017  0.0140141  
-6.22483e-05  -0.00507401  0.00202538  0.0103054  -0.0916864  -0.029267  
6.8214e-05  -0.00519343  0.00174236  -0.011206  -0.0269352  -0.0416978  
-0.000317428  -0.0049848  0.00189468  -0.0100604  -0.0772659  -0.101829  
-0.000331575  -0.0053462  0.00179406  -0.000904609  -0.0246188  -0.078035  
-0.000732752  -0.00528476  0.00179279  0.00768927  -0.0484355  -0.130272  
0.000109953  -0.00437467  0.00241199  0.0382893  0.0026232  -0.201512  
-0.000640996  -0.00524675  0.00212955  0.00661959  0.00513058  -0.135607  
-0.000562133  -0.004959  0.00191658  -0.00159107  -0.045986  -0.170748  
-0.000536071  -0.00537964  0.00186393  -0.0178107  -0.0017166  -0.14155  
-0.000980027  -0.00548227  0.00175772  -0.0214267  -0.0314994  -0.141958  
-0.000510079  -0.00542111  0.00185761  -0.0143136  -0.0575889  -0.114242  
-0.00130051  -0.00549807  0.0015434  -0.0339081  -0.0487699  -0.101107  
-0.000654997  -0.00523504  0.00106336  -0.0366531  -0.100043  -0.124929  
-0.00137617  -0.00532746  0.000983167  -0.054476  -0.0385227  -0.149989  
-0.000715256  -0.00541028  0.000435525  -0.0505931  -0.0867831  -0.137422  
-0.000919465  -0.00546926  0.000961756  -0.0434481  -0.0428858  -0.142377  
-2.70376e-05  -0.00518085  0.000175926  -0.0466204  0.0656099  -0.165236  
-7.0093e-05  -0.00500517  5.81592e-05  -0.0466794  0.0559107  -0.197182  
-0.000362905  -0.00450113  -0.000136787  -0.0692786  0.081456  -0.225238  
-5.37358e-05  -0.0039227  -0.000413681  -0.0848424  0.0529689  -0.240141  
-0.000179247  -0.00356328  -0.000431892  -0.0982828  0.0554456  -0.255581  
-0.00015894  -0.00322335  -0.000809025  -0.132378  0.0620408  -0.26726  
-0.000217137  -0.00289814  -0.00182152  -0.138295  -0.0341798  -0.288387  
-0.000245677  -0.00261476  -0.00147874  -0.171178  -0.00262605  -0.298325  
-0.000704472  -0.00277139  -0.00157899  -0.176344  -0.0040329  -0.29734  
-0.000123215  -0.00239172  -0.00160028  -0.176498  -0.0492027  -0.291075  
-9.71895e-05  -0.00233561  -0.00156345  -0.165908  -0.0324295  -0.290082  
8.45414e-05  -0.00250101  -0.000563363  -0.171785  0.0704956  -0.285953  
-9.58887e-05  -0.00251068  -0.000762504  -0.168304  -0.0744734  -0.270254  
0.000208532  -0.00246491  -0.00119598  -0.176198  -0.0550331  -0.268787  
0.000543489  -0.00212906  -0.00134282  -0.177401  0.0265062  -0.296444  
0.000788961  -0.00208404  -0.00129148  -0.183353  0.0191847  -0.30338  
0.00101879  -0.00187353  -0.00126641  -0.179127  -0.0625397  -0.315569  
0.000775173  -0.00201955  -0.00130371  -0.194312  0.0550007  -0.32147  
0.00142502  -0.00197047  -0.00161981  -0.197711  0.0208402  -0.321855  
0.00168919  -0.00200085  -0.00146032  -0.195537  0.00827999  -0.319717  
0.00123115  -0.00187353  -0.00165548  -0.19864  0.0153261  -0.334626  
0.00200118  -0.00198422  -0.00165074  -0.193218  -0.0128191  -0.337701  
0.0022604  -0.00311302  -0.00196401  -0.174647  0.0705836  -0.382867  
0.00315828  -0.00323187  -0.00138732  -0.134208  -0.0816106  -0.400029  
0.00251622  -0.00378183  -0.00152473  -0.118385  0.0677948  -0.34391  
0.00303844  -0.00379544  -0.000960606  -0.118562  -0.0497312  -0.256383  
0.00180055  -0.00437354  -0.000485262  -0.0998599  0.0873157  -0.227211  
0.00243398  -0.00499326  -0.00063812  -0.0937794  -0.0161072  -0.163292  
0.00138647  -0.00483635  -0.00130838  -0.0860789  0.0352754  -0.159738  
0.000474908  -0.00483999  -0.0013089  -0.0750201  0.0504608  -0.124142  
-0.000752201  -0.00492862  -0.00121018  -0.0715795  -0.0359948  -0.108591  
-0.00186074  -0.0048626  -0.00110532  -0.0714408  -0.00379916  -0.0823507  
-0.00155517  -0.00478886  -0.00110811  -0.0566881  -0.0194418  -0.115542  
-0.00120682  -0.00445045  -0.00100236  -0.055094  -0.0239694  -0.150274  
-0.00119344  -0.00507359  -0.00027404  -0.0447144  0.103219  -0.138246  
-0.00123736  -0.00495727  -0.000751897  -0.0395873  -0.0897396  -0.110837  
-0.00149059  -0.00485891  -0.000334975  -0.0484457  0.0190523  -0.0974355  
-0.00174292  -0.0048056  -0.000664142  -0.0419351  -0.0425527  -0.102767  
-0.000710645  -0.00481723  0.000134463  -0.0201981  0.0750393  -0.1133  
-0.000701911  -0.00471753  8.20723e-05  -0.0137149  0.0807885  -0.118311  
-0.000543909  -0.00463685  0.000371114  -0.00398622  0.0589774  -0.115537  
-0.00085148  -0.00468831  0.000148165  -0.0102165  0.0763015  -0.0918863  
-0.000463215  -0.00452527  0.000184798  -0.00321517  0.0576363  -0.116129  
-0.000820017  -0.00477376  0.000268801  0.00321876  0.0860696  -0.117381  
-0.00211974  -0.00433841  -8.43007e-05  0.00680727  0.0142426  -0.159345  
-0.00201465  -0.00358332  -0.0011048  -0.0289049  -0.0074526  -0.196123  
-0.00284014  -0.00381866  -0.000904444  -0.0339237  0.035278  -0.178585  
-0.00263649  -0.0039066  -0.000765418  -0.0322303  0.0126031  -0.174813  
-0.00213448  -0.00386415  -0.00107613  -0.04465  -0.000543387  -0.204412  
-0.001918  -0.00399582  -0.000894021  -0.046349  0.00793052  -0.185311  
-0.0025004  -0.00385932  -0.00112272  -0.0373864  -0.028364  -0.175161  
-0.00283519  -0.00351126  -0.00083482  -0.0632814  0.0106522  -0.160678  
-0.00250152  -0.00297639  -0.00110972  -0.0801822  -0.0437211  -0.185235  
-0.00259375  -0.00312371  -0.00117473  -0.0802743  -0.0293568  -0.204122  
-0.00296801  -0.00309035  -0.00111853  -0.0968112  -0.00765913  -0.197621  
-0.00272155  -0.00303665  -0.00154996  -0.0827078  -0.0440995  -0.194091  
-0.00226463  -0.0025284  -0.00166195  -0.0801759  -0.026698  -0.223138  
-0.00277303  -0.00294302  -0.00126604  -0.0868818  0.00567979  -0.216998  
-0.00206025  -0.00244515  -0.00149525  -0.0869385  -0.0631443  -0.220647  
-0.00271777  -0.0029701  -0.00141743  -0.0894779  -0.0190396  -0.222487  
-0.00201959  -0.00144631  -0.00110537  -0.155759  -0.0366085  -0.257438  
-0.00206372  -0.00148916  -0.00118909  -0.157465  -0.0665961  -0.246566  
-0.00234305  -0.00148379  -0.0011849  -0.16374  -0.0407945  -0.259393  
-0.00237707  -0.00157505  -0.00142533  -0.163588  -0.0315893  -0.262565  
-0.00197556  -0.00144228  -0.00139669  -0.164048  -0.0645914  -0.266576  
-0.00235593  -0.00154809  -0.00156527  -0.190468  -0.00985988  -0.27654  
-0.00241896  -0.00137289  -0.00203888  -0.22819  -0.0460404  -0.298258  
-0.00237684  -0.00118067  -0.00208522  -0.230646  -0.0484326  -0.322686  
-0.00277093  -0.00125185  -0.0018816  -0.229465  -0.0246424  -0.310177  
-0.00257013  -0.00100502  -0.00193331  -0.229074  -0.03897  -0.308695  
-0.0025109  -0.000934616  -0.00179387  -0.222838  -0.0760481  -0.324756  
-0.0030197  -0.000928933  -0.00192904  -0.229612  -0.0345434  -0.320272  
-0.00301764  -0.00093067  -0.00178452  -0.232959  -0.0511159  -0.335035  
-0.00304909  -0.00100381  -0.00187522  -0.22552  -0.051048  -0.324686  
-0.0035367  -0.00118067  -0.00176154  -0.228681  -0.0281475  -0.283206  
-0.00318834  -0.00118067  -0.00183246  -0.208486  -0.0644522  -0.295218  
-0.0032466  -0.00125544  -0.00175466  -0.201947  -0.0625616  -0.315678  
-0.00406282  -0.00158718  -0.00174798  -0.215009  -0.0242415  -0.286558  
-0.00343584  -0.00138816  -0.00178778  -0.195192  -0.072899  -0.302054  
-0.00347976  -0.00145458  -0.00187596  -0.210125  -0.0208196  -0.322267  
-0.00360635  -0.00137204  -0.00190851  -0.211434  -0.073401  -0.330353  
-0.00367844  -0.00147905  -0.00199745  -0.220301  -0.06751  -0.357712  
-0.00386169  -0.00152669  -0.00229442  -0.243041  -0.0474286  -0.330091  
-0.00354999  -0.00117431  -0.00248744  -0.245199  -0.0619735  -0.350856  
-0.00358067  -0.00117431  -0.00281785  -0.28619  -0.0683783  -0.35422  
-0.00429266  -0.00125477  -0.00299336  -0.294117  -0.0508271  -0.32866  
-0.00395994  -0.00110692  -0.00314492  -0.289664  -0.0537286  -0.334108  
-0.00376583  -0.000811982  -0.00354188  -0.296964  -0.0731375  -0.349834  
-0.00365197  -0.000821259  -0.0037053  -0.331694  -0.0790893  -0.34818  
-0.00377709  -0.00074942  -0.0038517  -0.331338  -0.121334  -0.367181  
-0.00381796  -0.000900559  -0.00374297  -0.310727  -0.0778845  -0.372302  
-0.00423221  -0.00119001  -0.00364046  -0.286931  -0.0490164  -0.348914  
-0.00381682  -0.00163844  -0.00385624  -0.251187  -0.112325  -0.328404  
-0.00471763  -0.00173024  -0.00382979  -0.269891  -0.0602952  -0.31505  
-0.00453805  -0.00234041  -0.0039635  -0.218238  -0.0858468  -0.314526  
-0.00450114  -0.00228664  -0.00375443  -0.211557  -0.0173121  -0.379981  
-0.00465733  -0.00159882  -0.00408627  -0.235911  -0.0717067  -0.348983  
-0.00460379  -0.0014723  -0.00433688  -0.232952  -0.0953515  -0.383417  
-0.00516612  -0.0014723  -0.00406267  -0.228327  -0.0203218  -0.408131  
-0.00455527  -0.0015822  -0.00414289  -0.209273  -0.069453  -0.406917  
-0.00485319  -0.00179259  -0.00380689  -0.191792  -0.0180546  -0.414392  
-0.00484417  -0.00164693  -0.00411307  -0.191414  -0.0604898  -0.410552  
-0.00472648  -0.0014723  -0.00416954  -0.194099  -0.0365738  -0.434155  
-0.00468141  -0.00152678  -0.00398707  -0.190314  -0.0113327  -0.4441  
-0.00392192  -0.0014723  -0.00418225  -0.187886  -0.0664978  -0.44023  
-0.004427  -0.00130687  -0.00418724  -0.192743  -0.023582  -0.45968  
-0.00426787  -0.0014723  -0.00430485  -0.200604  -0.0525629  -0.430607  
-0.00311748  -0.00218658  -0.004235  -0.1661  -0.039376  -0.541152  
-0.00247382  -0.00217037  -0.0037766  -0.143026  -0.108655  -0.53296  
-0.00297219  -0.00198221  -0.00383717  -0.173942  -0.0236316  -0.501983  
-0.00329482  -0.00182778  -0.00365975  -0.162934  -0.0678158  -0.467446  
-0.00421963  -0.00233428  -0.00366542  -0.169123  0.0214462  -0.469029  
-0.00380842  -0.00220182  -0.00382579  -0.143959  -0.088836  -0.425312  
-0.00465915  -0.0027943  -0.00368893  -0.173136  0.0408336  -0.449223  
-0.00447743  -0.00338426  -0.00376127  -0.147935  -0.0129367  -0.482982  
-0.00377124  -0.00363323  -0.00364405  -0.118259  -0.16858  -0.342473  
-0.00410491  -0.00365011  -0.00382286  -0.0926944  -0.0738103  -0.364684  
-0.00388543  -0.00289134  -0.00382354  -0.0929411  -0.0826224  -0.382181  
-0.00407424  -0.00283418  -0.00393987  -0.0981979  -0.0517308  -0.386989  
-0.00433525  -0.00306613  -0.00402483  -0.0950349  -0.0816344  -0.371141  
-0.00478705  -0.00289272  -0.00427473  -0.111935  -0.0509899  -0.378931  
-0.00470101  -0.00266914  -0.00435715  -0.120726  -0.0976611  -0.388009  
-0.00437155  -0.00275407  -0.00458478  -0.143288  -0.0501554  -0.40502  
-0.00378788  -0.00275407  -0.00495522  -0.152035  -0.1153  -0.391998  
-0.00400577  -0.00228745  -0.00505308  -0.177873  -0.0811028  -0.42863  
-0.00387687  -0.00203744  -0.00498553  -0.172007  -0.13968  -0.411074  
-0.00413565  -0.00258806  -0.00504366  -0.168477  -0.106636  -0.446918  
-0.00390543  -0.00246284  -0.00508257  -0.179155  -0.1116  -0.444572  
-0.00385475  -0.00260514  -0.00508612  -0.166162  -0.106835  -0.44016  
-0.00409971  -0.00262391  -0.00489379  -0.159769  -0.0739607  -0.418785  
-0.00436836  -0.00264099  -0.00486085  -0.182011  -0.121187  -0.400321  
-0.00421722  -0.00252842  -0.00473559  -0.174714  -0.123247  -0.3986  
-0.00486282  -0.00282761  -0.00473324  -0.168907  -0.0726016  -0.431003  
-0.00473618  -0.00309778  -0.00479506  -0.164336  -0.102023  -0.418786  
-0.00449987  -0.002893  -0.00493917  -0.162644  -0.120107  -0.41111  
-0.00466372  -0.0030866  -0.00500204  -0.166669  -0.0873974  -0.442255  
-0.00461758  -0.00332192  -0.00491369  -0.165856  -0.120778  -0.414347  
-0.00443897  -0.00325993  -0.00480542  -0.150643  -0.118991  -0.408215  
-0.00437701  -0.00306493  -0.00491764  -0.176293  -0.10465  -0.412088  
-0.00393831  -0.002893  -0.00511344  -0.183567  -0.12926  -0.417937  
-0.00426424  -0.00304848  -0.00515418  -0.179787  -0.116005  -0.424128  
-0.00416342  -0.00283972  -0.00533354  -0.199777  -0.078304  -0.428303  
-0.00394916  -0.00287191  -0.0056279  -0.197859  -0.111787  -0.429542  
-0.00432462  -0.00304664  -0.00571458  -0.203609  -0.0844484  -0.430975  
-0.0045295  -0.003325  -0.00553895  -0.194631  -0.0974848  -0.43263  
-0.00415408  -0.00346701  -0.00582393  -0.208877  -0.097372  -0.44583  
-0.00436468  -0.00359785  -0.00595475  -0.20943  -0.12144  -0.417013  
-0.0048428  -0.00379608  -0.00589738  -0.198399  -0.0697096  -0.440121  
-0.00416837  -0.00388844  -0.00603407  -0.18519  -0.109721  -0.415044  
-0.00477609  -0.0041832  -0.00609919  -0.195205  -0.107309  -0.371116  
-0.00446904  -0.00414753  -0.00602203  -0.186721  -0.103382  -0.397159  
-0.00418627  -0.00420888  -0.00605106  -0.182195  -0.13058  -0.382092  
-0.00456295  -0.00424033  -0.00605335  -0.184353  -0.0835448  -0.389233  
-0.00425843  -0.00417351  -0.00633111  -0.185715  -0.0818792  -0.393174  
-0.00404755  -0.00379396  -0.00637976  -0.197443  -0.119521  -0.393897  
-0.00447477  -0.00394801  -0.00646314  -0.206222  -0.0907911  -0.397753  
-0.00476794  -0.00383837  -0.00643275  -0.211409  -0.109324  -0.383008  
-0.00450734  -0.00380001  -0.00660647  -0.201387  -0.126536  -0.395551  
-0.00487778  -0.00388989  -0.00658706  -0.200304  -0.0856881  -0.391896  
-0.00465221  -0.0034857  -0.00653618  -0.20984  -0.111208  -0.438195  
-0.00482819  -0.00359906  -0.00659187  -0.199321  -0.107378  -0.453605  
-0.00489983  -0.0037186  -0.00648802  -0.195456  -0.068069  -0.467074  
-0.00459839  -0.00337779  -0.00670187  -0.204913  -0.105142  -0.456744  
-0.0047105  -0.00355831  -0.00652227  -0.218039  -0.107151  -0.435446  
-0.00560176  -0.0036165  -0.00632508  -0.256435  -0.12578  -0.38073  
-0.0052213  -0.00329071  -0.00644477  -0.238429  -0.146989  -0.384921  
-0.00527604  -0.00355454  -0.0065564  -0.225017  -0.103051  -0.41114  
-0.0051365  -0.00353563  -0.00639077  -0.20824  -0.123947  -0.416796  
-0.00418054  -0.00321944  -0.00618866  -0.165235  -0.128471  -0.554516  
-0.00483874  -0.00460986  -0.00573469  -0.152387  -0.0706789  -0.62637  
-0.00521293  -0.00529476  -0.00581242  -0.140454  -0.0478431  -0.558741  
-0.00557877  -0.00575368  -0.0057388  -0.138944  -0.0152075  -0.503458  
-0.00495068  -0.0056618  -0.00571104  -0.116964  -0.0641324  -0.452893  
-0.00691148  -0.00634524  -0.00558628  -0.122159  -0.0347112  -0.497233  
-0.0076914  -0.00608373  -0.00584836  -0.125281  -0.0888447  -0.478848  
-0.00804296  -0.00627501  -0.00571599  -0.120717  -0.0402517  -0.466366  
-0.00760563  -0.0064086  -0.00550119  -0.111432  -0.0725588  -0.460168  
-0.00831526  -0.0068344  -0.00546786  -0.106494  -0.0597804  -0.472793  
-0.00858377  -0.00668528  -0.00560607  -0.12169  -0.0834821  -0.457096  
-0.0089969  -0.00673284  -0.00569774  -0.138087  -0.115113  -0.450301  
-0.00956123  -0.00716368  -0.00536875  -0.13204  -0.068258  -0.446469  
-0.00907453  -0.00711292  -0.00570721  -0.136909  -0.0938471  -0.434929  
-0.00945379  -0.00724584  -0.00569146  -0.142062  -0.0900038  -0.473416  
-0.00987962  -0.00758075  -0.005535  -0.143446  -0.0610692  -0.430116  
-0.0090246  -0.00752331  -0.0054096  -0.115426  -0.0988215  -0.420358  
-0.00962776  -0.00737408  -0.00554828  -0.146439  -0.0633835  -0.406066  
-0.00929511  -0.00717762  -0.00596837  -0.166728  -0.0970039  -0.418177  
-0.00945149  -0.00712322  -0.00613612  -0.171928  -0.0974197  -0.432359  
-0.00997373  -0.00692499  -0.00610055  -0.192178  -0.0658686  -0.407445  
-0.00920449  -0.00706165  -0.00616408  -0.178855  -0.12317  -0.39419  
-0.00985379  -0.00706165  -0.00624115  -0.187546  -0.0864126  -0.39806  
-0.0096082  -0.00655707  -0.00656882  -0.193475  -0.125633  -0.392062  
-0.0098704  -0.00643086  -0.00655847  -0.21133  -0.0954959  -0.415128  
-0.0100925  -0.00649152  -0.00662052  -0.219182  -0.0933665  -0.430788  
-0.0102614  -0.00637569  -0.00660361  -0.222203  -0.0996648  -0.422036  
-0.0104726  -0.00615061  -0.00644883  -0.227885  -0.101953  -0.415632  
-0.0102386  -0.00571282  -0.0068418  -0.235348  -0.100047  -0.372284  
-0.0102384  -0.00568272  -0.00671437  -0.233337  -0.119771  -0.365483  
-0.0105576  -0.0058396  -0.00663159  -0.230627  -0.0946317  -0.384926  
-0.00998905  -0.00573236  -0.00676192  -0.21316  -0.11923  -0.371911  
-0.0100492  -0.00603114  -0.00675663  -0.221664  -0.120253  -0.365076  
-0.0100009  -0.00614839  -0.00649966  -0.219311  -0.118011  -0.354295  
-0.0100194  -0.00631288  -0.00648584  -0.203546  -0.135408  -0.364106  
-0.010323  -0.0061832  -0.00648423  -0.213304  -0.0806255  -0.41905  
-0.00957815  -0.00638728  -0.00666593  -0.204748  -0.123132  -0.39812  
-0.0100254  -0.00680634  -0.00640533  -0.195627  -0.127521  -0.356862  
-0.010374  -0.00721693  -0.00624758  -0.187724  -0.121772  -0.330621  
-0.0102028  -0.00723735  -0.00632114  -0.191034  -0.145104  -0.320803  
-0.010332  -0.00705976  -0.00636922  -0.185331  -0.0913944  -0.3579  
-0.0100437  -0.00656293  -0.00653655  -0.183705  -0.143271  -0.331242  
-0.0103265  -0.00676872  -0.00641744  -0.187556  -0.0947286  -0.274087  
-0.0100394  -0.00629573  -0.00650624  -0.190016  -0.175201  -0.265566  
-0.010371  -0.00634229  -0.00656364  -0.209304  -0.129564  -0.26158  
-0.0102819  -0.00646351  -0.00669042  -0.202051  -0.149202  -0.290246  
-0.010224  -0.00661736  -0.0065686  -0.196889  -0.146997  -0.292719  
-0.0107851  -0.00696057  -0.00652803  -0.193363  -0.0994012  -0.320228  
-0.0102731  -0.00683682  -0.00653278  -0.191961  -0.154701  -0.303239  
-0.0104429  -0.00696057  -0.00657523  -0.191651  -0.121646  -0.318673  
-0.0101203  -0.00705694  -0.00646686  -0.176135  -0.143221  -0.327773  
-0.0099171  -0.00712484  -0.00658236  -0.188891  -0.0908535  -0.319658  
-0.0095124  -0.00703307  -0.00652098  -0.175126  -0.144318  -0.309063  
-0.0101328  -0.0072728  -0.00651519  -0.196317  -0.100954  -0.323134  
-0.00977536  -0.00725384  -0.00654656  -0.183564  -0.150145  -0.311322  
-0.0103723  -0.00732953  -0.00643068  -0.194537  -0.0982021  -0.28651  
-0.00948404  -0.00725385  -0.00640258  -0.171373  -0.151051  -0.292803  
-0.0100308  -0.00727789  -0.00645486  -0.184168  -0.104777  -0.300855  
-0.00987177  -0.00705019  -0.00656052  -0.178909  -0.155861  -0.292983  
-0.0102871  -0.00726604  -0.00668096  -0.195296  -0.101049  -0.292647  
-0.00984621  -0.00792072  -0.00646146  -0.159935  -0.156911  -0.343694  
-0.0090832  -0.00803495  -0.00620566  -0.163826  -0.0843504  -0.27355  
-0.00813394  -0.00769765  -0.00614594  -0.157673  -0.113815  -0.240021  
-0.0086719  -0.00781456  -0.00615623  -0.173844  -0.0980804  -0.266314  
-0.00806643  -0.00783008  -0.00638021  -0.166173  -0.138563  -0.276759  
-0.00888727  -0.00793179  -0.00621042  -0.182641  -0.0887284  -0.276313  
-0.00841743  -0.00764394  -0.00631571  -0.161171  -0.136178  -0.278336  
-0.00867672  -0.00783237  -0.00623831  -0.17584  -0.0442774  -0.22809  
-0.00807136  -0.00732159  -0.0061767  -0.156982  -0.163372  -0.21991  
-0.00914796  -0.00756397  -0.00640456  -0.178315  -0.11898  -0.201791  
-0.00917822  -0.00735334  -0.00635428  -0.162318  -0.150959  -0.227382  
-0.00966662  -0.00743015  -0.00646199  -0.17856  -0.0972567  -0.221217  
-0.0092522  -0.00729372  -0.00684093  -0.186375  -0.146278  -0.234519  
-0.00959305  -0.00749623  -0.00695787  -0.209109  -0.107844  -0.273334  
-0.00986795  -0.00749623  -0.00748788  -0.218507  -0.137653  -0.27858  
-0.00986298  -0.00749623  -0.00715244  -0.213346  -0.112725  -0.301689  
-0.0097377  -0.00749623  -0.00740888  -0.218499  -0.0998273  -0.278544  
-0.00949091  -0.00703743  -0.00718666  -0.213821  -0.104599  -0.228636  
-0.00991238  -0.00749623  -0.0073206  -0.214194  -0.123084  -0.268861  
-0.0100147  -0.00787388  -0.00729918  -0.200654  -0.116454  -0.318973  
-0.0100644  -0.00786089  -0.00751529  -0.215673  -0.074952  -0.296168  
-0.0100378  -0.00765642  -0.00752326  -0.20187  -0.104776  -0.307899  
-0.0102466  -0.00782285  -0.00754613  -0.219291  -0.0790782  -0.287305  
-0.0104041  -0.00815227  -0.00798345  -0.221719  -0.0820429  -0.32613  
-0.0102291  -0.00799602  -0.00783612  -0.208464  -0.107033  -0.32804  
-0.0105234  -0.00812344  -0.00820417  -0.231438  -0.0696273  -0.346123  
-0.0103206  -0.00818336  -0.00818959  -0.217263  -0.091058  -0.343509  
-0.0106803  -0.0082112  -0.00815884  -0.221609  -0.0831188  -0.345769  
-0.010788  -0.0081401  -0.00829925  -0.221055  -0.0820263  -0.350197  
-0.0105776  -0.00814522  -0.00819194  -0.212433  -0.111648  -0.373753  
-0.0105616  -0.0080824  -0.0081408  -0.231637  -0.0493814  -0.363854  
-0.00983623  -0.0079248  -0.00803687  -0.219446  -0.113742  -0.3258  
-0.0104274  -0.00831934  -0.00786735  -0.225947  -0.0466829  -0.303457  
-0.0108686  -0.00837808  -0.0073244  -0.172761  -0.134429  -0.457714  
-0.0100062  -0.00950175  -0.0070406  -0.158838  -0.0289472  -0.494433  
-0.00958495  -0.0090126  -0.00651734  -0.139886  -0.0804709  -0.456229  
-0.0106397  -0.00878899  -0.00676795  -0.14262  -0.0429638  -0.440854  
-0.0106597  -0.00893821  -0.00669137  -0.135127  -0.0681092  -0.449812  
-0.0102078  -0.00907403  -0.00632079  -0.116425  0.0104822  -0.394729  
-0.0095499  -0.0083853  -0.00641919  -0.123673  -0.101948  -0.369445  
-0.0102416  -0.00833559  -0.00690713  -0.141353  -0.0484823  -0.411257  
-0.0103177  -0.0083453  -0.00673391  -0.134213  -0.073671  -0.420028  
-0.0106734  -0.00826459  -0.00685758  -0.139332  -0.0331815  -0.412186  
-0.0106494  -0.00795742  -0.00693307  -0.140461  -0.0798325  -0.406109  
-0.011325  -0.00811239  -0.00698522  -0.156963  -0.0400886  -0.408528  
-0.0111501  -0.00801052  -0.00697543  -0.137196  -0.0718388  -0.418534  
-0.011261  -0.00773429  -0.00696418  -0.13965  -0.0484249  -0.426276  
-0.0114555  -0.00772463  -0.00686617  -0.153459  -0.0418316  -0.410364  
-0.0112898  -0.0077171  -0.00691261  -0.157159  -0.0707944  -0.412626  
-0.011252  -0.00768549  -0.00718708  -0.162539  -0.0547774  -0.438068  
-0.0110663  -0.00778582  -0.00739472  -0.162892  -0.074167  -0.449152  
-0.0113563  -0.0075249  -0.00723093  -0.157159  -0.0339842  -0.418617  
-0.0115467  -0.00758339  -0.00730165  -0.149978  -0.0439359  -0.417608  
-0.0117212  -0.00790424  -0.00731345  -0.151057  -0.0644549  -0.427089  
-0.0120552  -0.00784639  -0.00731346  -0.156221  -0.0407535  -0.418151  
-0.0118557  -0.00782051  -0.00714509  -0.154886  -0.0655713  -0.408779  
-0.0121147  -0.00806975  -0.00718963  -0.156418  -0.0327195  -0.421656  
-0.0109183  -0.00841529  -0.00711336  -0.15222  -0.0811252  -0.41668  
-0.0109183  -0.00819947  -0.00723777  -0.174615  -0.0539755  -0.428867  
-0.0104487  -0.00834304  -0.00725825  -0.175663  -0.0750299  -0.377929  
-0.0105989  -0.00806213  -0.00760049  -0.203829  -0.0517179  -0.377502  
-0.0100524  -0.0077341  -0.0077618  -0.193529  -0.095108  -0.386518  
-0.010397  -0.00802456  -0.00813536  -0.2065  -0.0455513  -0.387401  
-0.00953101  -0.00794715  -0.00820617  -0.190663  -0.0946299  -0.370665  
-0.00934893  -0.00823635  -0.00816005  -0.220325  0.0198602  -0.328816  
-0.00787267  -0.0079693  -0.00808484  -0.201784  -0.0920025  -0.264939  
-0.00792969  -0.00813833  -0.00849449  -0.184285  -0.0642146  -0.295406  
-0.007771  -0.00753385  -0.00853332  -0.164236  -0.0809359  -0.225393  
-0.00773229  -0.00706265  -0.00811553  -0.147222  -0.0556218  -0.229037  
-0.00859276  -0.00719419  -0.00794387  -0.134287  -0.0788754  -0.21495  
-0.00881909  -0.00751246  -0.0073853  -0.117673  -0.079197  -0.251192  
-0.00887228  -0.0077312  -0.00715454  -0.107757  -0.0774865  -0.268065  
-0.00957985  -0.00818495  -0.00702603  -0.105061  -0.0715524  -0.288965  
-0.00978226  -0.00820377  -0.00694204  -0.0923726  -0.111964  -0.310648  
-0.00978216  -0.00839764  -0.006864  -0.106175  -0.00471547  -0.276042  
-0.00835104  -0.00868892  -0.00650972  -0.0949895  -0.117873  -0.412713  
-0.00709862  -0.00880869  -0.00612493  -0.0803746  -0.12486  -0.456392  
-0.00788241  -0.0089247  -0.00626518  -0.0871194  -0.0582996  -0.397302  
-0.00771601  -0.00833403  -0.00618422  -0.0830443  -0.0875345  -0.390932  
-0.00825108  -0.00833402  -0.00621255  -0.0986094  -0.0530273  -0.328326  
-0.00790195  -0.00803334  -0.0063218  -0.102426  -0.0663326  -0.307574  
-0.00772959  -0.00786335  -0.00629624  -0.106669  -0.0466513  -0.227773  
-0.00724693  -0.00772559  -0.00625436  -0.0963212  -0.108816  -0.261746  
-0.00750518  -0.00797847  -0.0062739  -0.0903331  -0.0664106  -0.269267  
-0.0073188  -0.00770976  -0.00636783  -0.0879667  -0.110409  -0.298315  
-0.00800231  -0.00754198  -0.00640466  -0.0909089  -0.0937162  -0.254381  
-0.00820534  -0.00744225  -0.00614969  -0.0700141  -0.121644  -0.209688  
-0.00902319  -0.00716046  -0.00602759  -0.0442299  -0.128246  -0.149607  
-0.00923341  -0.00741796  -0.00614231  -0.0425828  -0.130068  -0.139822  
-0.00936584  -0.00719734  -0.00600393  -0.0420175  -0.155372  -0.162507  
-0.00976499  -0.00760445  -0.00627961  -0.0597153  -0.122833  -0.183788  
-0.00938679  -0.0074213  -0.00631076  -0.0649038  -0.142891  -0.194005  
-0.00970922  -0.00763866  -0.00633636  -0.0668144  -0.109581  -0.219048  
-0.00960756  -0.00762851  -0.00661119  -0.088717  -0.102247  -0.214767  
-0.00923049  -0.00775989  -0.00637378  -0.068984  -0.148637  -0.224363  
-0.00952816  -0.00788059  -0.00642574  -0.0810223  -0.0998756  -0.211233  
-0.00951633  -0.00769539  -0.00640321  -0.0880175  -0.157367  -0.197103  
-0.0096419  -0.00792901  -0.00658607  -0.106724  -0.134173  -0.207027  
-0.00921997  -0.00769539  -0.00697828  -0.115747  -0.131798  -0.206912  
-0.0093981  -0.00769539  -0.00682961  -0.107791  -0.155839  -0.227739  
-0.0099423  -0.00801383  -0.00670688  -0.120448  -0.111049  -0.211619  
-0.0098201  -0.00794689  -0.00687442  -0.126241  -0.165464  -0.207007  
-0.00991814  -0.00801528  -0.00690371  -0.134835  -0.13108  -0.206158  
-0.00977793  -0.00808456  -0.00716257  -0.14752  -0.118041  -0.234916  
-0.00897435  -0.00781384  -0.00708473  -0.1526  -0.133889  -0.230919  
-0.0089698  -0.00795617  -0.0073118  -0.167194  -0.0913827  -0.229746  
-0.0091327  -0.00815968  -0.00703193  -0.14618  -0.124834  -0.22602  
-0.00938096  -0.00796352  -0.00675825  -0.137618  -0.141609  -0.224746  
-0.0114384  -0.00830783  -0.00687558  -0.127187  -0.0988584  -0.236232  
-0.0100041  -0.00841661  -0.00624796  -0.0874297  -0.119053  -0.328078  
-0.00849993  -0.00870753  -0.00608654  -0.0778584  -0.0410509  -0.357983  
-0.00919405  -0.008302  -0.00611946  -0.101597  -0.0582422  -0.305155  
-0.00937299  -0.00827548  -0.00624648  -0.122822  -0.0336395  -0.272033  
-0.00915562  -0.00834136  -0.00647173  -0.11583  -0.115074  -0.24778  
-0.00945485  -0.00846381  -0.00642851  -0.136706  -0.0553604  -0.272529  
-0.00900905  -0.0085284  -0.00661082  -0.134514  -0.100643  -0.283284  
-0.00905746  -0.00877408  -0.00651175  -0.135982  -0.0751781  -0.311662  
-0.00705857  -0.00897436  -0.0063459  -0.108412  -0.117602  -0.537841  
-0.00796174  -0.00914005  -0.0056821  -0.11661  -0.0215844  -0.409517  
-0.00738429  -0.00829036  -0.00581085  -0.108805  -0.105831  -0.373699  
-0.00835113  -0.0084424  -0.00596  -0.127226  -0.0540371  -0.342979  
-0.00832964  -0.00839545  -0.00590783  -0.111318  -0.124044  -0.323979  
-0.00902556  -0.00835901  -0.00590375  -0.115055  -0.0547658  -0.268437  
-0.0083621  -0.00793388  -0.0057495  -0.0991441  -0.147743  -0.262414  
-0.0093219  -0.00822562  -0.00599533  -0.107464  -0.0954787  -0.259856  
-0.00938013  -0.00794284  -0.0059055  -0.101539  -0.130489  -0.273035  
-0.00997227  -0.00802804  -0.00605347  -0.101095  -0.0807558  -0.281947  
-0.00986572  -0.00786928  -0.00617246  -0.0996443  -0.133357  -0.291556  
-0.0102906  -0.00819671  -0.00605731  -0.105573  -0.0853288  -0.314938  
-0.0101473  -0.00791878  -0.00625085  -0.12097  -0.119949  -0.300351  
-0.0109116  -0.00773254  -0.00614063  -0.127745  -0.0919552  -0.283339  
-0.0106834  -0.00782047  -0.00620585  -0.128014  -0.13832  -0.277837  
-0.010507  -0.00782385  -0.00614908  -0.128893  -0.119491  -0.285055  
-0.0105455  -0.00786082  -0.00611813  -0.133167  -0.0932253  -0.265341  
-0.00994047  -0.00769182  -0.00613036  -0.112173  -0.133955  -0.255439  
-0.0106918  -0.00788963  -0.00626983  -0.124357  -0.0806205  -0.269845  
-0.0103083  -0.00785669  -0.00621073  -0.122089  -0.123513  -0.270476  
-0.0105456  -0.00813947  -0.00595471  -0.102833  -0.0962317  -0.268564  
-0.0106675  -0.00813798  -0.00593864  -0.09939  -0.0971817  -0.257883  
-0.0105094  -0.00781914  -0.00597382  -0.0926081  -0.119718  -0.25345  
-0.0104975  -0.00779559  -0.00612445  -0.0882798  -0.108675  -0.208402  
-0.0101438  -0.00769336  -0.00609131  -0.082888  -0.135054  -0.203365  
-0.0103151  -0.00759818  -0.00634632  -0.101394  -0.0941581  -0.210309  
-0.0101548  -0.00759817  -0.00612042  -0.0991088  -0.122765  -0.247189  
-0.010725  -0.00768657  -0.00631227  -0.118146  -0.0829663  -0.200263  
-0.0101456  -0.00767856  -0.00633394  -0.125935  -0.133703  -0.208493  
-0.0103799  -0.00751957  -0.00636871  -0.131856  -0.0895988  -0.205297  
-0.0105601  -0.00767954  -0.00646864  -0.130022  -0.0938524  -0.19815  
-0.0100375  -0.00742626  -0.00655662  -0.138482  -0.137603  -0.191035  
-0.0103779  -0.007663  -0.00648117  -0.139564  -0.107284  -0.180033  
-0.010946  -0.00741707  -0.00626644  -0.119098  -0.119382  -0.194463  
-0.011111  -0.00739506  -0.00613908  -0.120611  -0.122791  -0.185096  
-0.0115732  -0.00715948  -0.00633574  -0.135121  -0.0860346  -0.178964  
-0.0108417  -0.00736969  -0.00608786  -0.125108  -0.133073  -0.172915  
-0.0116854  -0.00746232  -0.00609127  -0.132282  -0.0942054  -0.16327  
-0.0114149  -0.00722872  -0.00624188  -0.133765  -0.148413  -0.186933  
-0.0117907  -0.00739802  -0.00628199  -0.137729  -0.120994  -0.181016  
-0.0119321  -0.00716992  -0.00636944  -0.152138  -0.135784  -0.190336  
-0.0119764  -0.00728822  -0.0064443  -0.14755  -0.144544  -0.193783  
-0.0125008  -0.00720199  -0.00651472  -0.152765  -0.122906  -0.218514  
-0.0121041  -0.0074786  -0.00645005  -0.154402  -0.130498  -0.243008  
-0.0123274  -0.00767125  -0.00631564  -0.161679  -0.132188  -0.228282  
-0.0123026  -0.00797582  -0.00637601  -0.160172  -0.126782  -0.24332  
-0.0107716  -0.00833086  -0.00589361  -0.115665  -0.145183  -0.391734  
-0.0107135  -0.00789022  -0.00602277  -0.130603  -0.0906071  -0.317314  
-0.0125168  -0.00807713  -0.00616791  -0.121619  -0.138179  -0.238684  
-0.0132759  -0.00810629  -0.00610297  -0.130408  -0.121581  -0.201398  
-0.0131247  -0.00786782  -0.0062664  -0.139943  -0.0987961  -0.231572  
-0.0127556  -0.00771765  -0.00619119  -0.132495  -0.143119  -0.22269  
-0.0132029  -0.00806027  -0.00654189  -0.15519  -0.0850466  -0.204114  
-0.0125698  -0.00768386  -0.00648859  -0.148867  -0.138982  -0.223454  
-0.0141525  -0.00848481  -0.00658275  -0.141936  -0.065303  -0.193532  
-0.0139375  -0.00861766  -0.00651084  -0.139312  -0.186093  -0.164347  
-0.0144976  -0.0086052  -0.00655933  -0.144358  -0.141676  -0.170929  
-0.0142658  -0.00863596  -0.00640407  -0.126408  -0.186064  -0.202993  
-0.0152445  -0.00866857  -0.00613957  -0.106325  -0.161783  -0.168189  
-0.0163374  -0.00873138  -0.00603831  -0.107247  -0.195889  -0.111637  
-0.0162177  -0.0084987  -0.00627697  -0.119376  -0.232756  -0.119551  
-0.0171177  -0.00879825  -0.00632994  -0.111417  -0.225381  -0.11235  
-0.0174057  -0.00893976  -0.00625952  -0.107645  -0.233305  -0.101657  
-0.0174375  -0.00921777  -0.00567776  -0.0850798  -0.243404  -0.212731  
-0.0153802  -0.00893976  -0.00593824  -0.117027  -0.122186  -0.210889  
-0.0153649  -0.00846012  -0.00602154  -0.115308  -0.20426  -0.16417  
-0.0166146  -0.00846012  -0.00654042  -0.145406  -0.179122  -0.112709  
-0.0163449  -0.00803121  -0.00633975  -0.14321  -0.208798  -0.145376  
-0.0167023  -0.00846012  -0.00625911  -0.13052  -0.179381  -0.123318  
-0.0166501  -0.00813385  -0.00673694  -0.140995  -0.233713  -0.15865  
-0.0171523  -0.00810399  -0.00655042  -0.131662  -0.217072  -0.153126  
-0.0170748  -0.00824051  -0.0064168  -0.127136  -0.16227  -0.169542  
-0.0166015  -0.00801803  -0.00674963  -0.137084  -0.203131  -0.1647  
-0.0171469  -0.00863255  -0.00696809  -0.140578  -0.194253  -0.15618  
-0.0170156  -0.00851345  -0.00627115  -0.110035  -0.248916  -0.171549  
-0.0178462  -0.00863255  -0.00610326  -0.0898924  -0.218035  -0.168401  
-0.0188266  -0.00863595  -0.00562584  -0.0748197  -0.248934  -0.143318  
-0.0192847  -0.00838816  -0.00600919  -0.0914747  -0.273714  -0.150955  
-0.0194009  -0.00828382  -0.00603834  -0.105993  -0.279723  -0.185628  
-0.0197114  -0.00849133  -0.00610504  -0.121759  -0.258066  -0.176724  
-0.0196001  -0.00854232  -0.00602377  -0.127771  -0.257021  -0.178986  
-0.0198333  -0.00847656  -0.0059605  -0.122745  -0.275582  -0.183622  
-0.0203616  -0.00868663  -0.00613083  -0.122882  -0.275377  -0.174066  
-0.0192026  -0.00824419  -0.00595567  -0.128177  -0.28835  -0.179807  
-0.0196918  -0.00858784  -0.00616097  -0.126409  -0.252331  -0.177289  
-0.0194062  -0.00846436  -0.00629132  -0.135818  -0.278409  -0.173019  
-0.0200652  -0.00857299  -0.00609839  -0.134438  -0.307771  -0.182772  
-0.0205348  -0.00817396  -0.00589001  -0.132948  -0.300187  -0.132188  
-0.0215276  -0.00817396  -0.00578343  -0.130851  -0.335612  -0.143024  
-0.0222498  -0.0080711  -0.00571015  -0.139174  -0.380703  -0.138182  
-0.0223863  -0.00837974  -0.00580229  -0.163062  -0.343152  -0.126369  
-0.0221855  -0.00854091  -0.00579337  -0.130348  -0.374728  -0.119431  
-0.0226711  -0.00873429  -0.0053253  -0.101524  -0.377981  -0.106634  
-0.0232657  -0.00906482  -0.00527423  -0.0916334  -0.352036  -0.0668721  
-0.0234407  -0.00885344  -0.00562672  -0.0852193  -0.366679  -0.0310015  
-0.0234066  -0.00864293  -0.00529997  -0.0646015  -0.383004  0.00775536  
-0.0242951  -0.00877204  -0.00457899  -0.0383529  -0.423873  0.0534713  
-0.0246415  -0.00914699  -0.00395983  -0.0183394  -0.403776  0.070794  
-0.02383  -0.0090822  -0.00407503  -0.0299183  -0.390496  -0.00683932  
-0.0228816  -0.00889129  -0.00325523  -0.00501095  -0.42719  -0.041384  
-0.0229595  -0.00889361  -0.00358161  0.013048  -0.397005  -0.0335385  
-0.0225041  -0.00903362  -0.00379898  -0.00122004  -0.397863  -0.137459  
-0.0225282  -0.00848006  -0.00381598  -0.010456  -0.412369  -0.15379  
-0.022308  -0.00859535  -0.00440934  -0.0311299  -0.329271  -0.225028  
-0.0225166  -0.00827591  -0.00469019  -0.0444604  -0.392858  -0.168909  
-0.0226288  -0.00841589  -0.00467142  -0.0426114  -0.421509  -0.16509  
-0.0228209  -0.00820991  -0.00487752  -0.0519714  -0.375019  -0.170974  
-0.0234643  -0.00830375  -0.00507478  -0.060095  -0.374609  -0.167199  
-0.022353  -0.00807718  -0.00510785  -0.059941  -0.367062  -0.19445  
-0.0214653  -0.00887275  -0.00477096  -0.00942648  -0.302095  -0.350285  
-0.0177002  -0.00948356  -0.00408504  0.0711486  -0.105163  -0.585279  
-0.0173009  -0.00928348  -0.00405321  0.0659395  -0.154171  -0.47151  
-0.0189197  -0.00914612  -0.00444407  0.0462794  -0.168474  -0.398991  
-0.0188016  -0.00892933  -0.0048446  0.0310748  -0.204663  -0.418822  
-0.0190762  -0.00920234  -0.00489005  0.0265185  -0.147824  -0.379432  
-0.0177346  -0.00871909  -0.00460658  0.0286926  -0.185009  -0.365533  
-0.0162132  -0.00872975  -0.00498789  -0.00781488  -0.0805575  -0.320916  
-0.0155282  -0.00783425  -0.00538159  -0.0112517  -0.150153  -0.284998  
-0.0158753  -0.00931198  -0.00522619  -0.0197669  -0.0541184  -0.183  
-0.0159528  -0.00970608  -0.00550795  0.00550405  -0.233887  -0.0706952  
-0.0156691  -0.00903691  -0.00555192  -0.00381778  -0.235895  -0.0635631  
-0.0151979  -0.00851271  -0.00602022  -0.0539637  -0.193478  -0.0664073  
-0.015061  -0.00864706  -0.00646771  -0.0520335  -0.232178  -0.104142  
-0.0158846  -0.00848955  -0.00645778  -0.0602085  -0.190992  -0.122803  
-0.0149803  -0.0084971  -0.00656587  -0.0643168  -0.147364  -0.147723  
-0.0143761  -0.00798772  -0.00635604  -0.0452907  -0.151943  -0.158728  
-0.0150301  -0.00832797  -0.00642375  -0.0461411  -0.129649  -0.13693  
-0.0151956  -0.00830656  -0.00647218  -0.0342312  -0.195305  -0.134499  
-0.0157265  -0.00847529  -0.00652283  -0.0411515  -0.170288  -0.124308  
-0.0154805  -0.00831436  -0.00657464  -0.0406002  -0.188242  -0.140078  
-0.0148245  -0.00847006  -0.00638319  -0.0435732  -0.1727  -0.114606  
-0.0139839  -0.00880802  -0.00640084  -0.0452124  -0.145312  -0.125209  
-0.0138165  -0.00888821  -0.00626438  -0.0355463  -0.14791  -0.0996903  
-0.0135889  -0.00861538  -0.00618654  -0.0423622  -0.152179  -0.118735  
-0.0136528  -0.00885103  -0.0061213  -0.0313749  -0.136311  -0.10249  
-0.0128506  -0.00877407  -0.00585774  -0.0197252  -0.168254  -0.153598  
-0.0113617  -0.00906756  -0.00492117  0.0237966  -0.0838385  -0.290466  
-0.0112112  -0.00897321  -0.00501089  0.0390322  -0.0509428  -0.148548  
-0.0103774  -0.00833997  -0.00493512  0.0410791  -0.123444  -0.121738  
-0.0108824  -0.00856369  -0.0049438  0.0497091  -0.0834606  -0.146486  
-0.0104439  -0.00829643  -0.00483064  0.0694096  -0.110914  -0.174128  
-0.0106258  -0.00870632  -0.00456025  0.0895406  -0.0655889  -0.160978  
-0.0106107  -0.00833635  -0.0047272  0.0969902  -0.137177  -0.177842  
-0.0108748  -0.0082256  -0.00468549  0.0894717  -0.0781387  -0.17104  
-0.010511  -0.00808695  -0.00474306  0.109672  -0.103312  -0.181387  
-0.0108113  -0.00829598  -0.00486189  0.107936  -0.0640035  -0.17421  
-0.0106846  -0.00821309  -0.0047815  0.0930255  -0.086587  -0.166906  
-0.0109621  -0.00811309  -0.00462043  0.105993  -0.0847053  -0.159978  
-0.0113908  -0.00806239  -0.00444037  0.116381  -0.0826023  -0.169182  
-0.0111514  -0.00807162  -0.00432322  0.145823  -0.130354  -0.143004  
-0.0113639  -0.00821988  -0.00423495  0.142237  -0.0741746  -0.175773  
-0.0111712  -0.00787236  -0.00416934  0.143327  -0.144605  -0.161713  
-0.0117018  -0.0080771  -0.00432823  0.128737  -0.111291  -0.172245  
-0.0115754  -0.00802353  -0.00440132  0.122205  -0.147698  -0.177928  
-0.0121639  -0.00856319  -0.00427295  0.144444  -0.13342  -0.270081  
-0.0124881  -0.00900061  -0.00401551  0.155183  -0.122111  -0.347097  
-0.011288  -0.00857474  -0.00433985  0.127158  -0.0912707  -0.272881  
-0.0116278  -0.00825715  -0.00466462  0.109404  -0.10731  -0.268501  
-0.0116226  -0.0080333  -0.00489209  0.104335  -0.135306  -0.216976  
-0.0119722  -0.00781135  -0.00518919  0.0826423  -0.113815  -0.221082  
-0.0116089  -0.00737349  -0.00532916  0.0790858  -0.139001  -0.196177  
-0.0121139  -0.00744635  -0.00557638  0.053587  -0.102943  -0.208603  
-0.012086  -0.00704088  -0.00580837  0.0368327  -0.136127  -0.203909  
-0.011865  -0.00732849  -0.00592823  0.025471  -0.128299  -0.204149  
-0.012236  -0.00744635  -0.00592698  0.0062987  -0.123938  -0.207061  
-0.0119064  -0.00733286  -0.00588194  0.0121048  -0.146501  -0.212637  
-0.0118864  -0.00812007  -0.00566113  0.00981788  -0.0853558  -0.212208  
-0.0110568  -0.00759837  -0.00585929  0.00873026  -0.149951  -0.184127  
-0.0110129  -0.00744635  -0.00581435  0.00612758  -0.113197  -0.216647  
-0.0109357  -0.00754919  -0.00592442  0.0188662  -0.112311  -0.192113  
-0.0107186  -0.00722948  -0.00595801  0.0141625  -0.136438  -0.212995  
-0.0107215  -0.00769782  -0.00578904  0.0279797  -0.0563208  -0.197791  
-0.0101114  -0.00727591  -0.00568822  0.038648  -0.131948  -0.165769  
-0.0104504  -0.00747195  -0.00583747  0.0243924  -0.062434  -0.212203  
-0.0104418  -0.00768372  -0.00597983  0.031588  -0.100117  -0.201756  
-0.0101695  -0.00776646  -0.00598041  0.0312658  -0.108036  -0.226788  
-0.0104491  -0.00745891  -0.00597759  0.0259805  -0.0602911  -0.18019  
-0.0102189  -0.00736441  -0.00605076  0.0425412  -0.0954047  -0.242748  
-0.0101701  -0.00751317  -0.00630868  0.0284567  -0.0725077  -0.287522  
-0.00993028  -0.00761239  -0.00644593  0.00648288  -0.0497417  -0.239071  
-0.00992889  -0.00743542  -0.00654236  0.0213808  -0.0818154  -0.284551  
-0.0103671  -0.00755677  -0.00663866  -0.0058473  -0.0472555  -0.251755  
-0.010035  -0.00769738  -0.00674977  -0.00038314  -0.10115  -0.238203  
-0.0102168  -0.00814653  -0.00659285  -0.00902981  -0.0469508  -0.264023  
-0.0085611  -0.00917835  -0.00654002  0.00625481  -0.091375  -0.379242  
-0.0101352  -0.00923251  -0.00631516  -0.0133476  -0.0826362  -0.223594  
-0.0109093  -0.0096366  -0.00619628  -0.0303553  -0.028132  -0.290775  
-0.0101906  -0.00947708  -0.0063069  -0.0223074  -0.0888102  -0.2715  
-0.0101248  -0.0093391  -0.00667168  -0.0285444  -0.0595573  -0.278917  
-0.0101234  -0.0092082  -0.00682335  -0.0325675  -0.0736485  -0.265598  
-0.0104294  -0.00931069  -0.00671688  -0.031201  -0.0771461  -0.285693  
-0.0105217  -0.00949259  -0.00664061  -0.0156063  -0.0834125  -0.292248  
-0.0105517  -0.00921068  -0.00669012  -0.0233184  -0.0760743  -0.296366  
-0.0101297  -0.00905253  -0.00668491  -0.0146572  -0.0967205  -0.290465  
-0.0100036  -0.00935107  -0.00667472  -0.0272634  -0.0629416  -0.264082  
-0.00953469  -0.00944375  -0.00675701  -0.0172525  -0.0924809  -0.250757  
-0.00985783  -0.00954203  -0.00681201  -0.028451  -0.077225  -0.307337  
-0.00999498  -0.00954294  -0.00683343  -0.0129124  -0.0843382  -0.285196  
-0.00977701  -0.00967835  -0.00669434  0.00494832  -0.0510167  -0.304144  
-0.00931831  -0.00968796  -0.00678947  0.00905876  -0.0766239  -0.259814  
-0.00934537  -0.00937274  -0.00696046  0.00270271  -0.0933219  -0.282428  
