0.0263854  0.00126496  -0.00159427  -0.374632  0.13683  0.884145  
0.0258573  0.00146918  -0.00130732  -0.389493  0.131298  0.882488  
0.0342746  0.00122377  -0.00130149  -0.390896  0.221802  0.878767  
0.0283574  0.0016398  -0.00104946  -0.391753  0.112076  0.886668  
0.0267783  0.00141335  -0.0011288  -0.386925  0.144522  0.943632  
0.0260345  0.00123147  -0.000980484  -0.390689  0.126613  0.959056  
0.0267057  0.00174229  -0.000917398  -0.3935  0.118708  0.94725  
0.0265595  0.00155333  -0.00103622  -0.395509  0.136722  0.952825  
0.0261715  0.00182279  -0.000832466  -0.396077  0.118395  0.968153  
0.0260565  0.0018025  -0.000882357  -0.402494  0.137247  0.945478  
0.0231899  0.00230112  -0.000693195  -0.419439  0.117184  0.813958  
0.0240019  0.0020425  -0.000815098  -0.405062  0.127977  0.851782  
0.0238654  0.00208952  -0.00109007  -0.39066  0.121682  0.866347  
0.0243662  0.00208952  -0.00106287  -0.392894  0.12371  0.831275  
0.0249471  0.00187106  -0.000982446  -0.399873  0.138745  0.872994  
0.0249538  0.00184168  -0.000984977  -0.397559  0.127231  0.866251  
0.024855  0.00194617  -0.00103783  -0.397896  0.121781  0.84133  
0.0246544  0.00205184  -0.00102011  -0.399354  0.150081  0.883519  
0.0261764  0.00213168  -0.000990778  -0.406553  0.102675  0.76  
0.030721  0.00175013  -0.000114952  -0.405004  0.236493  0.785419  
0.0295821  0.00131041  8.81338e-06  -0.391616  0.117807  0.77939  
0.0291585  0.00122217  -0.000171134  -0.402316  0.221097  0.813249  
0.0278313  0.000821827  -0.000186841  -0.402914  0.159356  0.864224  
0.0276094  0.000880138  -0.000396995  -0.398378  0.19342  0.896655  
0.0291418  0.000973812  -0.000466365  -0.395989  0.209111  0.940446  
0.0272286  0.000164238  -0.000105204  -0.37652  0.189136  0.901873  
0.0268482  3.46088e-05  -0.00047077  -0.394741  0.155904  0.883097  
0.0286719  -0.000594897  -0.000447463  -0.388553  0.195039  0.938488  
0.0263875  -0.000594897  -0.000589827  -0.384961  0.125417  0.901199  
0.0264395  -0.000216476  -0.000544989  -0.377463  0.170666  0.919703  
0.0264976  -2.78748e-05  -0.00068668  -0.368185  0.185152  0.919527  
0.0265743  0.000138344  -0.000867916  -0.377507  0.138783  0.858037  
0.027098  0.000126819  -0.000652261  -0.380435  0.183621  0.887845  
0.0263078  0.000130786  -0.000853919  -0.377493  0.14937  0.819892  
0.0265847  0.00055177  -0.000775311  -0.364797  0.160208  0.841019  
0.0250362  0.000449567  -0.000992668  -0.377119  0.189759  0.887619  
0.0241702  0.000549401  -0.00092132  -0.38507  0.171262  0.857885  
0.0239004  0.000598  -0.000907864  -0.393172  0.153781  0.805747  
0.0228339  0.00053808  -0.000740964  -0.404237  0.168506  0.808844  
0.0215629  0.000702198  -0.00096902  -0.413339  0.13315  0.771113  
0.0210904  0.00125045  -0.00106126  -0.426566  0.113341  0.766163  
0.0209353  0.000832857  -0.000802285  -0.43547  0.121819  0.772285  
0.0223002  0.000229553  -0.000776317  -0.422886  0.158157  0.795826  
0.0223405  0.000689924  -0.000756278  -0.429304  0.118038  0.789676  
0.0216426  0.000578601  -0.000595676  -0.413436  0.144091  0.855049  
0.0195999  0.000583802  -0.000604543  -0.44956  0.0447711  0.756023  
0.0221988  0.000778642  -0.000979117  -0.426361  0.149786  0.89401  
0.0213282  0.000594761  -0.000910166  -0.428919  0.115894  0.825898  
0.0219384  0.000401394  -0.00107291  -0.428299  0.109691  0.856735  
0.0207809  0.000368304  -0.00119662  -0.422359  0.136854  0.863605  
0.0206788  0.000486555  -0.00116112  -0.409514  0.115018  0.928533  
0.0203312  0.000433212  -0.00114864  -0.413272  0.101596  0.850343  
0.0209343  0.000234924  -0.00110968  -0.400195  0.145661  0.93126  
0.0218267  0.000102885  -0.00125005  -0.408606  0.149531  0.91853  
0.0221812  -0.000708029  -0.00161068  -0.389459  0.242002  0.866745  
0.0232027  -0.000558587  -0.0012308  -0.406682  0.26229  0.891369  
0.0245646  -0.000589152  -0.00127231  -0.412985  0.223742  0.878308  
0.0243337  -0.000854621  -0.00110895  -0.410372  0.221129  0.871194  
0.025932  -0.00138986  -0.000923217  -0.406782  0.261528  0.753256  
0.0319779  -0.00178848  -0.00148326  -0.399285  0.310872  0.647061  
0.0349962  -0.00118134  -0.000770279  -0.403217  0.472243  0.638448  
0.0355248  -0.00214807  -0.000659678  -0.384242  0.368555  0.88752  
0.0347037  -0.00165545  -0.00108067  -0.377703  0.320612  0.796884  
0.0318741  -0.00177716  -0.00130887  -0.384889  0.268616  0.874929  
0.0319327  -0.0016627  -0.00106491  -0.391755  0.300377  0.86875  
0.0293521  -0.00182438  -0.00127763  -0.371  0.223248  0.806004  
0.0289159  -0.00201132  -0.000758153  -0.411076  0.25416  0.852364  
0.0263158  -0.00255926  -0.00098556  -0.384326  0.20593  0.913984  
0.0258215  -0.0021546  -0.000871534  -0.386985  0.20463  0.938917  
0.0252032  -0.0018619  -0.000936313  -0.384489  0.19032  0.913799  
0.0251851  -0.00189386  -0.00109153  -0.378026  0.188084  0.946758  
0.0252111  -0.00153136  -0.00115739  -0.384273  0.162945  0.848142  
0.0242311  -0.00193368  -0.00112122  -0.38355  0.198501  0.87946  
0.0245467  -0.00129471  -0.00131622  -0.400374  0.166221  0.800038  
0.0300086  -0.000121831  -0.00158913  -0.398038  0.256137  0.798519  
0.0273655  -9.00972e-05  -0.00173918  -0.382967  0.206739  0.755531  
0.0258471  6.97246e-06  -0.00191153  -0.385176  0.249726  0.77791  
0.0264313  -0.000326314  -0.00182768  -0.382752  0.210574  0.78487  
0.026477  0.000115295  -0.00177211  -0.377445  0.237829  0.77116  
0.0253215  0.000294152  -0.00151108  -0.382131  0.192699  0.738121  
0.0236346  0.000334494  -0.00154147  -0.381504  0.165715  0.680775  
0.0238567  0.000461167  -0.00147205  -0.390284  0.190925  0.69943  
0.0243863  0.000495343  -0.00150576  -0.382717  0.183289  0.71152  
0.0238212  0.000389126  -0.00151032  -0.385798  0.181673  0.695354  
0.0234082  0.000928215  -0.0014152  -0.394875  0.18157  0.665649  
0.0235118  0.000741258  -0.00142598  -0.395948  0.206768  0.710345  
0.0233206  0.000417264  -0.00137615  -0.398873  0.180194  0.693011  
0.0234851  0.000602345  -0.00139657  -0.396698  0.178089  0.675791  
0.0212469  0.000565821  -0.00147011  -0.40881  0.16551  0.657644  
0.0214637  0.000427495  -0.00156361  -0.400116  0.183531  0.736132  
0.0229075  0.00094243  -0.0015285  -0.396092  0.18084  0.659464  
0.0222302  0.000831626  -0.00157594  -0.398006  0.18987  0.596947  
0.021745  0.00095039  -0.00176223  -0.394069  0.179693  0.655582  
0.0216384  0.00124579  -0.00182346  -0.396399  0.152281  0.629515  
0.0211532  0.00124579  -0.0018817  -0.394347  0.141497  0.589894  
0.0199684  0.00146965  -0.00179774  -0.401406  0.140316  0.605261  
0.0202794  0.00156526  -0.00179248  -0.400431  0.162283  0.610612  
0.0200734  0.00167131  -0.0015747  -0.401749  0.110676  0.577786  
0.0203602  0.00143191  -0.00153063  -0.399311  0.163377  0.583413  
0.0261293  0.00176298  -0.00140728  -0.407396  0.239932  0.543657  
0.027512  0.00101997  -0.000778168  -0.384972  0.300953  0.502245  
0.0275988  0.000955218  -0.000957126  -0.388384  0.273495  0.497878  
0.028307  0.00043415  -0.000906809  -0.379488  0.263131  0.615651  
0.0253119  -0.00040131  -0.000597494  -0.372961  0.169459  0.746249  
0.0198848  0.000351308  -0.00108801  -0.35162  0.142103  0.628453  
0.0187099  0.000915237  -0.00121438  -0.362057  0.124414  0.591004  
0.016603  0.00060316  -0.00112086  -0.366821  0.0982059  0.597907  
0.0160413  0.000936927  -0.00105408  -0.366015  0.0814208  0.586699  
0.0153577  0.00114189  -0.0011933  -0.368236  0.095013  0.55912  
0.0151846  0.00115991  -0.00110028  -0.373765  0.0853901  0.554332  
0.0147229  0.00101634  -0.00106722  -0.379827  0.0611814  0.558686  
0.0144829  0.00134195  -0.0011832  -0.380634  0.0590246  0.563061  
0.0151006  0.00180629  -0.001078  -0.382545  0.0634983  0.566803  
0.0154652  0.00215962  -0.00106276  -0.380929  0.0512414  0.547248  
0.0153878  0.0018537  -0.000820654  -0.373293  0.0551383  0.539793  
0.0152105  0.00180892  -0.00116941  -0.377296  0.0737061  0.600682  
0.0145883  0.0019621  -0.00115086  -0.374145  0.0595512  0.541714  
0.0147337  0.0020006  -0.00113887  -0.373218  0.0703866  0.504475  
0.0142973  0.00216788  -0.00112583  -0.366376  0.0803151  0.545414  
0.0144078  0.00204105  -0.00130693  -0.371367  0.0736392  0.581429  
0.014889  0.0018564  -0.0012307  -0.381841  0.0683864  0.600831  
0.0150097  0.0018934  -0.00123386  -0.385759  0.0697311  0.605843  
0.0146661  0.00165704  -0.00131433  -0.383329  0.0599  0.629953  
0.015028  0.00173045  -0.00132156  -0.382848  0.0442836  0.65755  
0.0142592  0.00179648  -0.00114951  -0.38278  0.0412403  0.633236  
0.0140488  0.00178349  -0.00112678  -0.381858  0.0327893  0.631732  
0.0140707  0.00169223  -0.00110113  -0.385738  0.0529125  0.652059  
0.0143302  0.00194345  -0.0012108  -0.396678  0.02516  0.617647  
0.0136168  0.00182618  -0.00111646  -0.395444  0.0454529  0.625811  
0.0133479  0.00188765  -0.00104628  -0.396548  0.0402986  0.612749  
0.0134988  0.00154818  -0.00142528  -0.39547  0.0317064  0.617612  
0.0142162  0.00116686  -0.00176324  -0.397291  0.0570848  0.662346  
0.0140208  0.00135995  -0.00197086  -0.392974  0.0333425  0.649889  
0.013735  0.00158052  -0.00208012  -0.40794  0.0335605  0.60053  
0.0132742  0.00187676  -0.00212201  -0.401877  0.0312616  0.593415  
0.0124238  0.00192176  -0.0023129  -0.399851  0.0275439  0.586557  
0.0125723  0.00207271  -0.00208053  -0.410389  0.0170556  0.550862  
0.0131108  0.00214885  -0.00213331  -0.412161  0.0275711  0.557474  
0.0131864  0.00192323  -0.00214819  -0.417169  0.0135495  0.578451  
0.0132072  0.00200623  -0.00214689  -0.429126  0.0207651  0.575891  
0.013098  0.00207898  -0.00208787  -0.430394  0.0208798  0.532144  
0.0162075  0.00249306  -0.00138581  -0.409669  0.0763135  0.486353  
0.0140849  0.00257822  -0.00123637  -0.412511  0.0404882  0.607593  
0.0136155  0.00227634  -0.00160899  -0.418309  0.0371322  0.53651  
0.0130361  0.00199956  -0.0016809  -0.421651  0.0402327  0.562669  
0.0128714  0.00227564  -0.00193561  -0.425923  0.00618383  0.516125  
0.01282  0.00241192  -0.00183314  -0.435172  0.0254121  0.542237  
0.0124694  0.00230403  -0.00182228  -0.435992  0.031325  0.574415  
0.012121  0.00249768  -0.001737  -0.430798  0.0182888  0.539739  
0.011943  0.00245236  -0.00171275  -0.439227  0.0101593  0.527106  
0.0120243  0.00247377  -0.00163738  -0.428754  0.0248855  0.524659  
0.0113844  0.00238783  -0.00162477  -0.435184  0.0124897  0.527121  
0.0110693  0.00264289  -0.00181983  -0.416088  0.0144509  0.526863  
0.0113763  0.00243692  -0.00172301  -0.425746  0.0189042  0.517753  
0.0105105  0.00243691  -0.00153315  -0.423259  0.00956292  0.501452  
0.0106262  0.00221259  -0.00169145  -0.424623  0.033217  0.525147  
0.0105504  0.00257258  -0.00185731  -0.409113  0.0161723  0.512209  
0.010863  0.00239337  -0.00172721  -0.411014  0.0367191  0.500137  
0.0105195  0.00249456  -0.00164695  -0.419845  0.031074  0.519627  
0.0109259  0.00246724  -0.00184519  -0.42458  0.0177448  0.515342  
0.0101984  0.0027169  -0.0017845  -0.425697  0.0219308  0.493052  
0.0101522  0.00282686  -0.00177392  -0.427486  0.0136639  0.504978  
0.00990223  0.00263286  -0.00168621  -0.414472  0.0135976  0.524146  
0.0102761  0.00294347  -0.00201823  -0.422544  0.00210264  0.480519  
0.0101098  0.0026408  -0.0020876  -0.432385  0.0306937  0.464694  
0.00994223  0.00274844  -0.00178107  -0.419773  0.0257912  0.478948  
0.00999213  0.00283919  -0.00163195  -0.426015  9.01265e-05  0.470223  
0.0100036  0.00250077  -0.00158892  -0.420183  0.0166119  0.476918  
0.00957389  0.00262128  -0.00148198  -0.422015  0.017927  0.490437  
0.00934406  0.00281658  -0.00167338  -0.419541  -0.0128833  0.456522  
0.00901508  0.00264987  -0.00168808  -0.418038  -0.0021049  0.452073  
0.00889737  0.00271345  -0.00151841  -0.416917  0.0126735  0.470693  
0.00950866  0.00270203  -0.00171265  -0.398874  0.0232074  0.50014  
0.009529  0.00268625  -0.00144837  -0.399051  -0.00851844  0.521569  
0.00977041  0.0023421  -0.00142688  -0.398548  0.0156536  0.544875  
0.00943156  0.00245147  -0.00159686  -0.394611  0.0103189  0.564477  
0.0095485  0.00227662  -0.00140966  -0.399112  0.00262858  0.5415  
0.00888629  0.0024143  -0.00137146  -0.399912  0.0100511  0.511179  
0.00815968  0.00230924  -0.00130386  -0.39831  0.00978111  0.531664  
0.0089554  0.0029213  -0.00147661  -0.390338  -0.0169659  0.515201  
0.00810274  0.00258465  -0.00164312  -0.399858  0.011005  0.48549  
0.00773409  0.00261848  -0.00152481  -0.394112  0.00401776  0.488284  
0.00759897  0.00249334  -0.00144941  -0.403121  -0.00276702  0.492793  
0.00811324  0.00263577  -0.00147807  -0.389199  -0.00660868  0.527965  
0.00730624  0.00265243  -0.0015664  -0.391339  -0.0144876  0.487538  
0.00718595  0.00262318  -0.00145119  -0.390217  -0.00530482  0.483686  
0.00662227  0.0024109  -0.00142847  -0.395939  -0.0207705  0.486769  
0.00628889  0.0024171  -0.00157049  -0.389985  -0.02516  0.476337  
0.00636889  0.00257631  -0.00155261  -0.394206  -0.0210261  0.457714  
0.00621483  0.00255444  -0.00167577  -0.399687  -0.0162923  0.468593  
0.00564897  0.00212293  -0.00160333  -0.402708  -0.0117081  0.486543  
0.00647414  0.00247046  -0.00175402  -0.387274  -0.0254748  0.457946  
0.00669594  0.00254926  -0.00150961  -0.386584  -0.000170723  0.446804  
0.0269196  0.00283425  -0.000605968  -0.362075  0.370091  0.302844  
0.0209298  0.00171892  -0.000959285  -0.366075  0.132708  0.352033  
0.0158571  0.00192837  -0.000748649  -0.369996  0.0710439  0.51694  
0.0138408  0.00221776  -0.000816633  -0.367232  0.0220361  0.413249  
0.012302  0.00214992  -0.000807616  -0.374103  0.0498927  0.458108  
0.0122919  0.00162875  -0.000544946  -0.336467  0.121173  0.57151  
0.017215  -0.00098678  7.78567e-05  -0.275964  0.170608  0.523484  
0.0136743  -0.00117116  0.000690154  -0.331308  0.0308213  0.705677  
0.0121036  -0.00104896  0.000791406  -0.354089  0.0110043  0.657946  
0.00981507  -0.000838745  0.000743746  -0.355485  0.0159189  0.594307  
0.00958719  -0.00145211  0.000548416  -0.349035  0.0640165  0.652886  
0.0110536  -0.00131915  0.00105916  -0.341453  0.089891  0.57106  
0.010688  -0.00064395  0.000932008  -0.346743  0.0679577  0.448571  
0.00905634  -0.000908966  0.000736027  -0.348282  0.0677708  0.484778  
0.00769117  -0.000625221  0.000847372  -0.345508  0.0445516  0.435257  
0.00906511  -0.000694787  0.000570577  -0.347508  0.0572705  0.489025  
0.0131465  -0.00152646  0.000553663  -0.365027  0.082231  0.647254  
0.0115039  -0.0010232  0.000932008  -0.357459  0.0331212  0.553347  
0.0100586  -0.00123543  0.000459516  -0.355615  0.0322691  0.556599  
0.00974983  -0.00097041  0.000233933  -0.359679  0.0163708  0.531237  
0.00944464  -0.00068107  0.00023412  -0.333156  0.0240519  0.518996  
0.00916576  -0.00101038  0.000234518  -0.334155  0.0132546  0.561002  
0.00797228  -0.00103331  0.000145182  -0.336273  -0.00290465  0.47761  
0.00682704  -0.000754063  5.6201e-06  -0.342005  0.00266102  0.455854  
0.00582469  -0.000770877  0.00014106  -0.34024  -0.0095582  0.460341  
0.00502341  -0.000550232  2.18055e-05  -0.355745  -0.0297304  0.476891  
0.00466009  -0.000225064  -9.0219e-05  -0.359861  -0.0300914  0.466389  
0.00458269  -0.000549912  -0.000215002  -0.349396  -0.0114326  0.498665  
0.00812999  -0.000150655  1.97046e-05  -0.339864  0.0373806  0.420207  
0.00904178  -0.000683139  0.000478692  -0.348439  -0.00119685  0.509575  
0.00771879  -0.00047198  0.000478692  -0.36136  -0.00035489  0.496762  
0.00580589  -0.0004058  0.000590584  -0.375014  -0.0553288  0.456143  
0.00504101  0.000118174  0.000432245  -0.379936  -0.0503917  0.426059  
0.00470413  -9.62391e-05  0.000473919  -0.377252  -0.02319  0.440987  
0.00451569  -0.00025446  0.000312315  -0.388746  -0.035023  0.439796  
0.0042915  -0.000247011  0.000506667  -0.387359  -0.036589  0.430626  
0.00422979  -0.000206529  0.000295223  -0.384883  -0.0181467  0.445997  
0.00479478  -0.000420792  0.000438112  -0.367615  -0.00752921  0.469824  
0.00452329  -0.000469606  0.000425575  -0.373099  -0.0357374  0.465779  
0.00387291  -0.000125987  0.00036196  -0.37861  -0.0499293  0.451439  
0.00383052  -0.000130248  0.000120068  -0.379654  -0.0331268  0.442083  
0.00540087  -0.000674669  -0.000140373  -0.360082  -0.010631  0.540441  
0.00484875  -0.000851408  0.000327255  -0.371896  -0.0745735  0.468783  
0.00443666  -0.000908857  0.000486126  -0.372151  -0.0359232  0.474503  
0.00439492  -0.00102879  0.000187066  -0.368587  -0.0293793  0.475671  
0.00417079  -0.000725703  0.000513922  -0.357962  -0.037405  0.437677  
0.00388771  -0.00047849  0.00030862  -0.369014  -0.0181912  0.413139  
0.00360171  -0.000557317  0.000457394  -0.370515  -0.01732  0.409814  
0.00415422  -0.000743518  0.000943315  -0.354135  0.00328294  0.409552  
0.00403975  -0.000743518  0.0011158  -0.357896  -0.0219122  0.391392  
0.00346372  -0.000562306  0.000954889  -0.354246  -0.0456791  0.414949  
0.00330564  -0.000694221  0.00108876  -0.354098  -0.0253785  0.4029  
0.00301627  -0.000738722  0.00117255  -0.345882  -0.0427668  0.419571  
0.00304109  -0.00069597  0.00112654  -0.346064  -0.0644026  0.42522  
0.00302828  -0.000807573  0.00118071  -0.347756  -0.0615007  0.413238  
0.00246617  -0.000762929  0.00136873  -0.350501  -0.0538556  0.412371  
0.00220079  -0.000711  0.00136873  -0.34628  -0.086269  0.412861  
0.00207143  -0.00041051  0.00155044  -0.341779  -0.0894141  0.393026  
0.00202424  -0.000531172  0.00157127  -0.348042  -0.0659404  0.375409  
0.00172621  -0.000711  0.00170598  -0.341463  -0.0781817  0.387454  
0.00135619  -0.000197425  0.00128983  -0.337502  -0.116731  0.366096  
0.00130165  -0.000417619  0.00172918  -0.343463  -0.098182  0.349797  
0.000858508  -0.000506062  0.00178222  -0.339047  -0.116607  0.377219  
0.00271075  2.59371e-05  0.00157141  -0.343296  -0.0931524  0.312523  
0.00545297  -0.000200963  0.00178813  -0.354445  -0.0428207  0.276089  
0.00296247  -0.000206764  0.00183939  -0.342729  -0.0795084  0.338698  
0.00156698  -0.000510516  0.00159315  -0.343595  -0.115028  0.350457  
0.00134111  -0.000408905  0.00170483  -0.338226  -0.121727  0.356653  
0.00150464  -0.000474556  0.00153897  -0.338451  -0.130277  0.362493  
0.000829891  -0.000257669  0.00137509  -0.337824  -0.125934  0.361204  
0.000661226  -0.000178174  0.00185625  -0.318218  -0.0958447  0.439018  
0.000580615  -3.76708e-05  0.00130109  -0.329054  -0.123996  0.452838  
-0.000107189  -4.15314e-05  0.00136175  -0.324522  -0.132088  0.405408  
-0.000689215  2.95293e-05  0.00151758  -0.322282  -0.118092  0.401124  
-0.000777046  7.72427e-05  0.0012973  -0.317249  -0.134435  0.401636  
-0.000507793  0.000261729  0.00131197  -0.324289  -0.138365  0.39097  
-0.000831219  7.4078e-05  0.00157655  -0.322087  -0.113621  0.376844  
-0.00110975  -0.000123462  0.00146525  -0.319098  -0.121924  0.380885  
-0.00101278  -0.000233539  0.00138891  -0.313182  -0.129751  0.395277  
-0.00109791  0.000185974  0.00119326  -0.313989  -0.124131  0.385087  
-0.000980814  -0.000289534  0.00136668  -0.307264  -0.129363  0.360119  
-0.00121464  -0.000398415  0.00151965  -0.307535  -0.105674  0.376898  
-0.00107181  -0.000599401  0.0013535  -0.308199  -0.132064  0.367129  
-0.000928106  -0.000461601  0.00119326  -0.312733  -0.133787  0.364568  
-0.00110201  -0.000532232  0.00119326  -0.31389  -0.125331  0.354509  
-0.00139113  -0.000707307  0.00136908  -0.320615  -0.13003  0.377007  
-0.00100511  -0.000261844  0.0013651  -0.315406  -0.147503  0.358307  
-0.00102041  -0.000314404  0.00123005  -0.316947  -0.138832  0.352072  
-0.00138323  -0.000310519  0.00129416  -0.314078  -0.127576  0.37304  
-0.00175879  -0.000559069  0.00138468  -0.315523  -0.136658  0.36288  
-0.00174822  -0.000121262  0.00135926  -0.304253  -0.146247  0.347105  
-0.00199742  -0.000367765  0.00150929  -0.300328  -0.123305  0.352722  
-0.00226902  -0.00060448  0.00164241  -0.301367  -0.111051  0.366294  
-0.00201071  -0.000490333  0.00125166  -0.297012  -0.142429  0.353683  
-0.00190045  -0.000513933  0.00128679  -0.295614  -0.126085  0.348295  
-0.00139161  -0.00027408  0.00139133  -0.313708  -0.132176  0.380941  
-0.00204096  -0.000299921  0.00178189  -0.311169  -0.0847772  0.398737  
-0.00165172  -0.00034218  0.00150637  -0.301584  -0.133149  0.367564  
-0.00158597  -0.000370655  0.00153365  -0.298802  -0.122038  0.351626  
-0.0018351  -0.000651288  0.00150321  -0.3036  -0.115416  0.3791  
-0.00110753  -0.000416465  0.00136184  -0.299052  -0.146816  0.357812  
-0.0018158  -0.000510824  0.00157433  -0.3009  -0.113155  0.340933  
-0.00180888  -0.000575978  0.00164287  -0.287336  -0.110261  0.352539  
-0.00159853  -0.000548895  0.00138283  -0.292969  -0.137759  0.337723  
-0.00155113  -0.000624591  0.00163593  -0.277479  -0.10738  0.328388  
-0.00190808  -0.000563389  0.00161862  -0.276346  -0.107493  0.34515  
-0.00127251  -0.000267196  0.00105656  -0.249815  -0.143369  0.336169  
-0.00150029  -0.000245913  0.00153059  -0.256073  -0.115152  0.334266  
-0.00141821  -0.000408936  0.00144326  -0.256281  -0.123427  0.352889  
-0.00112858  -0.000263349  0.000995661  -0.255157  -0.149644  0.325922  
-0.00086923  -6.95575e-05  0.00110344  -0.256535  -0.124165  0.324997  
-0.00131991  -0.000141135  0.00103356  -0.266985  -0.135049  0.350085  
-0.000888211  3.04281e-05  0.00101926  -0.249153  -0.139213  0.339664  
-0.000885596  -5.86788e-05  0.00101926  -0.230849  -0.132722  0.316829  
-0.00102568  8.61764e-05  0.000983107  -0.24554  -0.118388  0.332288  
0.000487038  -1.47614e-05  0.00101926  -0.245421  -0.0978962  0.290705  
0.000428141  0.000200918  0.00127329  -0.26942  -0.141782  0.255934  
-0.000347571  0.000340426  0.00121172  -0.263034  -0.111993  0.291967  
-0.00029239  6.81596e-05  0.00106859  -0.248322  -0.13205  0.258273  
-0.00124737  6.55354e-05  0.0013546  -0.243249  -0.0689218  0.296559  
-0.00108994  0.000216928  0.000841993  -0.22669  -0.113519  0.285439  
-0.00158157  0.000258616  0.00123042  -0.217996  -0.0878182  0.277128  
-0.0019651  0.000246515  0.00119408  -0.223837  -0.0924794  0.291218  
-0.00171249  0.000274766  0.00110311  -0.208271  -0.118715  0.281033  
-0.0017204  0.000300723  0.00110504  -0.207698  -0.101857  0.266976  
-0.00203418  0.000309269  0.00111239  -0.208465  -0.090464  0.293968  
-0.00184673  0.000366884  0.000859544  -0.197762  -0.118625  0.279658  
-0.00216153  0.000460341  0.00123943  -0.190959  -0.0853921  0.274648  
-0.00247614  0.000394242  0.000994587  -0.195034  -0.0794391  0.283084  
-0.00203565  0.000501094  0.00104987  -0.18826  -0.118967  0.275287  
-0.00239533  0.000495689  0.000971895  -0.183831  -0.119339  0.267886  
-0.00281813  0.000488169  0.000978659  -0.188942  -0.0602329  0.290335  
-0.00288968  0.0005295  0.000883435  -0.185659  -0.0986823  0.276253  
-0.00299474  0.000575852  0.000908222  -0.187254  -0.0919458  0.262062  
-0.00331776  0.000583958  0.000717575  -0.18941  -0.0373347  0.287667  
-0.00283792  0.000535428  0.000644767  -0.185598  -0.0936989  0.29722  
-0.00235813  0.000715262  0.000814646  -0.181297  -0.112857  0.263436  
-0.00322406  0.000592313  0.000791653  -0.180802  -0.065921  0.269612  
-0.00309717  0.000589553  0.000944556  -0.175038  -0.086043  0.265558  
-0.00263589  0.000664606  0.000409887  -0.179162  -0.133145  0.270134  
-0.0035573  0.000533817  0.000659592  -0.176017  -0.0819359  0.263273  
-0.00350073  0.000349851  0.000579004  -0.16798  -0.0767285  0.256249  
-0.00432965  0.000435682  0.000733748  -0.166851  -0.0772314  0.230213  
-0.00417707  0.000490134  0.000772817  -0.153169  -0.0877283  0.222476  
-0.00422762  0.000559318  0.000678471  -0.14527  -0.0807609  0.211372  
-0.00440598  0.000395143  0.000764501  -0.136574  -0.0644438  0.214679  
-0.00315988  0.000487937  0.000841894  -0.135551  -0.0594615  0.242788  
-0.00450244  0.000565631  0.000579005  -0.137925  -0.06942  0.224653  
-0.00422111  0.000578244  0.000579005  -0.142468  -0.0696557  0.226905  
-0.00442414  0.000538351  0.00050629  -0.140183  -0.057275  0.205559  
-0.00446386  0.000563558  0.000579005  -0.127286  -0.0572627  0.208835  
-0.00350101  0.00056194  0.00162915  -0.107993  -0.0769549  0.240593  
-0.00300706  0.000366431  0.000579005  -0.124607  -0.0756665  0.240086  
-0.0043712  0.000482652  0.000579005  -0.130932  -0.0682965  0.205533  
-0.00433679  0.000252074  0.000579005  -0.132285  -0.0611744  0.238449  
-0.00289526  0.000453251  0.000378212  -0.133131  -0.08087  0.263751  
-0.00291582  0.000322876  0.000579005  -0.125532  -0.0774834  0.240904  
-0.0031658  0.000449911  0.000386912  -0.119334  -0.0643734  0.225327  
-0.0041154  0.000539277  0.000579005  -0.127877  -0.0750896  0.205217  
-0.00273893  0.000303662  0.000579005  -0.114243  -0.098184  0.234008  
-0.00398147  0.000504328  0.00169325  -0.0883109  -0.0671312  0.229192  
-0.0034045  0.000115641  0.00176858  -0.091323  -0.0606684  0.271224  
-0.00266346  0.000684495  0.00196537  -0.0852837  -0.0923246  0.245955  
-0.00355815  0.000703087  0.00189116  -0.0846822  -0.0560529  0.240593  
-0.00443218  0.000290464  0.00189197  -0.0789346  -0.0586322  0.234263  
-0.00325091  0.000253758  0.00205162  -0.0647471  -0.0831175  0.266735  
-0.003739  0.00080967  0.00158125  -0.0934264  -0.083309  0.231413  
-0.00413838  0.000258264  0.00199594  -0.0615161  -0.0521325  0.247972  
-0.0039286  0.000175694  0.00195276  -0.0640275  -0.0718487  0.24233  
-0.00321939  0.000364171  0.00206583  -0.0536782  -0.0828986  0.2592  
-0.00446302  0.000710315  0.0018113  -0.0742027  -0.0861043  0.221725  
-0.0038304  0.000506617  0.000254387  -0.104239  -0.0669948  0.250104  
-0.00325301  0.000259984  0.00029251  -0.11056  -0.0416884  0.275985  
-0.00327828  0.000307214  0.000139789  -0.112961  -0.0781183  0.257169  
-0.0031697  0.000256356  6.38624e-05  -0.113588  -0.0596862  0.253898  
-0.00289909  8.02054e-05  -9.28271e-06  -0.106443  -0.0760815  0.28413  
-0.00188607  0.000888597  0.000358424  -0.112227  -0.129876  0.223716  
-0.00253647  0.000364781  0.00041346  -0.112921  -0.0502187  0.253948  
-0.00194097  0.000332082  0.000206683  -0.100684  -0.119026  0.238456  
-0.00240105  0.000314054  0.00041346  -0.102608  -0.121087  0.248269  
-0.00265757  0.000258514  0.000223627  -0.0935243  -0.0813712  0.264452  
-0.00271061  0.000378969  0.000335677  -0.0867147  -0.113465  0.279393  
-0.00236054  0.000545464  0.00153244  -0.0542452  -0.121785  0.27136  
-0.0027024  0.000319145  0.00173169  -0.0447066  -0.0772597  0.279301  
-0.00276441  0.000291273  0.000101198  -0.0973183  -0.10237  0.275139  
-0.00238031  0.000181636  -4.42241e-05  -0.0952112  -0.124206  0.27482  
-0.00286692  8.11054e-06  -0.000124165  -0.100201  -0.0731239  0.279158  
-0.00275413  0.000235622  -0.000138418  -0.0998519  -0.0953969  0.278348  
-0.00295795  0.000257709  -0.000143287  -0.0936927  -0.0904051  0.287725  
-0.0021063  8.33348e-05  -0.000316607  -0.0926807  -0.124753  0.274544  
-0.00226051  0.000149139  -0.000332255  -0.0896397  -0.127743  0.263936  
-0.00280465  0.00026357  -0.000169192  -0.0864585  -0.100792  0.261626  
-0.00331072  0.000322605  -0.00010239  -0.0800546  -0.0836204  0.267333  
-0.00235681  0.00036009  -5.84667e-07  -0.0819665  -0.135964  0.273364  
-0.00285307  0.000394061  9.39424e-05  -0.0801596  -0.123779  0.25687  
-0.00317665  0.000197665  2.85798e-05  -0.0772926  -0.0690777  0.276742  
-0.0026317  0.000512413  0.00121497  -0.0520729  -0.134048  0.265621  
-0.00287052  0.000478602  -0.000159467  -0.070291  -0.102428  0.265385  
-0.00317432  -0.000120874  7.41227e-05  -0.0675226  -0.0621452  0.269774  
-0.00282218  0.000363695  -0.00130892  -0.0483806  -0.0921858  0.268738  
-0.00280631  4.5695e-05  -0.00179731  -0.0137325  -0.0907118  0.276317  
-0.00277219  0.000155163  -0.00178607  -0.0339104  -0.0967926  0.256224  
-0.00299319  0.000666897  -0.00124628  -0.0553614  -0.0783248  0.271662  
-0.00252222  0.000309655  -0.00193171  -0.0273284  -0.0974604  0.265839  
-0.0023147  8.74957e-05  -0.0018966  -0.0282436  -0.129286  0.269481  
-0.00262529  0.00042571  -0.00186579  -0.0508779  -0.110022  0.276244  
-0.00266553  0.000379299  -0.00192897  -0.0710678  -0.116963  0.289085  
-0.0024574  0.000513477  -0.00166694  -0.0545437  -0.121109  0.274889  
-0.00281596  0.000541877  -0.00166967  -0.0477184  -0.112322  0.252111  
-0.0029909  0.000363841  -0.00199253  -0.0216966  -0.0882604  0.30506  
-0.00338484  0.000187789  0.000135978  0.0685245  -0.0962113  0.290022  
-0.00215906  0.00103148  0.00182724  0.0220744  -0.126199  0.262218  
-0.00163304  -2.41536e-05  6.43302e-05  0.0699154  -0.115167  0.31598  
-0.00215906  -0.000275582  0.00023683  0.0758053  -0.107701  0.333216  
-0.00146896  -0.000248508  0.00023683  0.084141  -0.11984  0.317163  
-0.00106337  -0.000316741  6.03387e-05  0.08469  -0.134612  0.300832  
-0.00142946  -0.000514399  1.82688e-05  0.0774817  -0.115253  0.313653  
-0.00143376  -0.000514399  -1.13361e-05  0.0780304  -0.136659  0.299143  
-0.00152783  -0.00025439  4.56195e-05  0.0866192  -0.135953  0.290469  
-0.00153743  -0.000149005  -0.000131669  0.0844007  -0.122947  0.287597  
0.000239443  -0.000179114  7.87782e-05  0.0733047  -0.0913225  0.255838  
-0.000205529  -0.000514399  0.00014244  0.0681459  -0.124908  0.300917  
-0.000455529  -0.000650461  4.85767e-05  0.0637953  -0.119086  0.27939  
-0.000560338  -0.000868668  -4.00468e-05  0.0639775  -0.106114  0.291072  
-0.000596565  -0.000540732  -0.0017153  -0.0133433  -0.101767  0.321112  
-0.00027165  -2.00799e-05  -0.000194979  -0.0897389  -0.101816  0.305385  
-0.000593527  -0.000195235  -0.000194525  -0.0760868  -0.0940327  0.33073  
-0.000557597  -0.00137727  -0.00125904  -0.0278164  -0.10685  0.330799  
-0.000858167  -0.000873018  -0.00167962  -0.0191543  -0.0976577  0.299017  
-0.00105765  -0.00124992  -0.00174195  -0.00761625  -0.0870894  0.313324  
-0.00100129  -0.0011251  -0.00198515  -0.00843194  -0.105723  0.319429  
-0.000641071  -0.00114229  -0.00162109  -0.00879026  -0.123489  0.303903  
-0.000765339  -0.0010665  -0.001719  -0.0233986  -0.0946985  0.304612  
-0.000802648  -0.000960711  -0.00196763  -0.0313051  -0.100686  0.346438  
-0.000298598  -0.00108913  -0.00187854  -0.0259588  -0.121834  0.309134  
-0.000725104  -0.00113422  -0.00223262  -0.0181491  -0.0781232  0.313729  
-0.000536719  -0.00118802  -0.00194551  -0.0192061  -0.123238  0.324557  
-0.000328492  -0.00152273  -0.0021948  -0.016084  -0.116348  0.304882  
-0.000255585  -0.00134892  -0.00218256  -0.0198584  -0.118428  0.314888  
-0.000415775  -0.000651459  -0.00215624  -0.0239968  -0.125883  0.290416  
-0.000257043  -0.000945809  -0.00221711  -0.030905  -0.0967325  0.30074  
-0.000668121  -0.000838317  -0.00231688  -0.0302012  -0.112125  0.290579  
-0.000536719  -0.000449756  -0.0022334  -0.0364258  -0.135471  0.281815  
-0.000716775  -0.000341326  -0.00215973  -0.0483029  -0.12868  0.279098  
-0.000756598  -0.000632928  -0.00212922  -0.0432774  -0.122451  0.300988  
-0.000742201  -0.000329179  -0.00219681  -0.0438223  -0.145448  0.28295  
-0.000855074  -0.000644957  -0.00235178  -0.0324228  -0.124488  0.288456  
-0.000592167  -0.000658101  -0.00231553  -0.0299633  -0.132427  0.29837  
0.000131274  -0.000619838  -0.00216788  -0.0273485  -0.158876  0.294542  
1.91173e-05  -0.000515654  -0.00206562  -0.0317277  -0.131145  0.306448  
3.62317e-05  -0.00067846  -0.00184986  -0.0288157  -0.135459  0.30414  
0.000272921  -0.000350914  -0.00194692  -0.0305531  -0.137505  0.29098  
0.000190326  -0.000482759  -0.00206727  -0.0262999  -0.117516  0.299119  
0.000312609  -0.00034268  -0.00209222  -0.026617  -0.126544  0.301771  
0.000403337  -0.000112496  -0.0021234  -0.0369264  -0.132815  0.284588  
0.000151085  -0.000237609  -0.00193958  -0.0378819  -0.116165  0.299875  
0.000308933  -3.77746e-05  -0.00192416  -0.0385395  -0.130315  0.30718  
0.000253649  -0.000109734  -0.00197835  -0.0250893  -0.138964  0.281995  
6.70257e-05  -7.34885e-05  -0.00216396  -0.0228922  -0.11993  0.274773  
-0.000119139  -0.000190858  -0.00200695  -0.0251075  -0.127981  0.301607  
0.000192765  6.70091e-05  -0.00201218  -0.020453  -0.143804  0.281471  
1.5627e-05  -0.000104412  -0.00225432  -0.0217452  -0.123098  0.272172  
5.23217e-06  0.000277342  -0.00188392  -0.0407552  -0.122111  0.303007  
0.000874623  0.00129195  -0.00127681  -0.0363679  -0.132574  0.26071  
0.000448647  0.00127522  -0.00128236  -0.0622426  -0.103686  0.252342  
0.00182483  0.000758704  -0.000113977  -0.0937896  -0.106957  0.261165  
0.00195958  0.000827088  -0.00030935  -0.109773  -0.104865  0.262513  
0.00183434  0.000904585  -0.000392547  -0.0989143  -0.0681973  0.259199  
0.00158136  0.000888695  -0.00204791  -0.0571074  -0.0837406  0.24627  
0.0016843  0.00099845  -0.00103898  -0.107431  -0.0477673  0.282171  
0.000881674  0.000922777  -0.000460305  -0.113713  -0.111602  0.272887  
0.00105005  0.00114616  -0.000552442  -0.115101  -0.112521  0.25213  
0.00149527  0.00106545  -0.000734535  -0.115406  -0.0952047  0.269992  
0.000951642  0.0010187  -0.000515242  -0.107236  -0.111216  0.261056  
0.00102741  0.00104244  -0.00188367  -0.0746235  -0.102614  0.274565  
0.00113637  0.00113758  -0.00162213  -0.0769149  -0.12304  0.259106  
0.000608456  0.00103127  -0.000529709  -0.104586  -0.110938  0.274563  
0.000521801  0.00105446  -0.00112151  -0.0937652  -0.103448  0.26554  
0.000699423  0.00106447  -0.000569921  -0.1042  -0.11181  0.238713  
0.000885634  0.000889859  -0.00199524  -0.0668974  -0.0563845  0.276418  
0.000488359  0.000575744  -0.000658636  -0.108878  -0.107614  0.278153  
0.000305711  0.000706039  -0.000549734  -0.0984638  -0.113737  0.25123  
0.000215408  0.00085625  -0.000931012  -0.0843397  -0.0920623  0.266405  
0.000188669  0.000586769  -0.000487427  -0.0918167  -0.0954891  0.273952  
0.000484943  0.000526465  -0.00068394  -0.0800728  -0.11059  0.258271  
0.000982716  2.26912e-05  -0.0023318  -0.0353127  -0.0451546  0.257495  
0.00102155  -0.000321085  -0.00228115  -0.0252143  -0.0701254  0.273368  
0.000503139  -0.000321085  -0.00028498  -0.090039  -0.0959131  0.303562  
0.000960156  5.55104e-05  -0.000463413  -0.102277  -0.107045  0.294739  
0.00137415  -0.000321085  -0.00218225  -0.0396432  -0.0608953  0.28652  
0.001302  -0.000848299  -0.00195373  -0.0402939  -0.0868064  0.247429  
0.00130529  -0.000465464  -0.00256318  -0.0276856  -0.0915983  0.277356  
0.00156932  -0.000555192  -0.00232527  -0.0349904  -0.0657428  0.279383  
0.00126953  -0.00080707  -0.00269133  -0.0289986  -0.046593  0.292128  
0.000635419  -0.000662865  -0.00197653  -0.038496  -0.102301  0.285096  
0.00129896  -0.000612074  -0.00125575  -0.0822346  -0.116786  0.226325  
0.00356761  -0.00152429  -0.000746705  -0.0930204  -0.00289079  0.286467  
0.00184631  -0.000837858  -0.0019221  -0.0775032  -0.0819449  0.287286  
0.00191206  -0.000459931  -0.00173481  -0.0991839  -0.0876261  0.248667  
0.0015596  -0.000875546  -0.00224459  -0.0680578  -0.0534949  0.277648  
0.00127757  -0.000848179  -0.00224283  -0.0657183  -0.109493  0.262762  
0.00142741  -0.00119197  -0.00246236  -0.0599853  -0.0758952  0.250238  
0.00194807  -0.0011209  -0.00203703  -0.0501146  -0.0137897  0.242348  
0.00168929  -0.00148585  -0.00207898  -0.0647463  -0.047524  0.295271  
0.00184482  -0.00137575  -0.00220519  -0.0544869  -0.0998035  0.266012  
0.00163159  -0.00144636  -0.00219903  -0.0667911  -0.0439308  0.262281  
0.00158507  -0.00167247  -0.00219294  -0.0617391  -0.0930458  0.263428  
0.00202395  -0.00159156  -0.00219677  -0.0556407  -0.10403  0.24335  
0.00180462  -0.00160967  -0.00217535  -0.0633469  -0.0592349  0.272954  
0.00218757  -0.00166144  -0.00232339  -0.0599168  -0.0880549  0.287832  
0.00195348  -0.00189658  -0.00239  -0.0510811  -0.0568879  0.285653  
0.00192108  -0.00193046  -0.00259874  -0.0485905  -0.0569236  0.283847  
0.00183862  -0.00182664  -0.00284016  -0.0455522  -0.0787818  0.330825  
0.00123933  -0.00168165  -0.00316003  -0.0513236  -0.0399522  0.369848  
0.00225779  -0.00177961  -0.00297099  -0.0573298  -0.0835094  0.274637  
0.00355054  -0.0033287  -0.0024949  -0.0401556  -0.0592122  0.200021  
0.00280052  -0.00297733  -0.00273771  -0.0350022  -0.0541857  0.194611  
0.00128396  -0.00181065  -0.00313539  -0.0519123  -0.0730145  0.227318  
0.00133109  -0.00164154  -0.00297798  -0.0618473  -0.0511574  0.244306  
0.00120218  -0.00167547  -0.00292591  -0.0514587  -0.0748608  0.230151  
0.00154487  -0.00191976  -0.00304374  -0.0449478  -0.064096  0.216167  
0.00104588  -0.00202934  -0.00293533  -0.0439132  -0.0697479  0.219116  
0.00128313  -0.00203408  -0.00274255  -0.0478012  -0.0571745  0.219163  
0.00111598  -0.00184482  -0.00282203  -0.0589956  -0.100233  0.203031  
0.00315994  -0.00250188  -0.00208027  -0.0623577  -0.0476502  0.154856  
0.00478571  -0.00246414  -0.00141423  -0.0693014  0.0177981  0.122571  
0.00404123  -0.00318837  -0.00176803  -0.045734  -0.0516899  0.132173  
0.00368921  -0.00322332  -0.00181075  -0.0542971  -0.0274363  0.115442  
0.00301996  -0.00312643  -0.00197311  -0.0556989  -0.0235795  0.164054  
0.00221231  -0.00297774  -0.00222857  -0.0448139  -0.0506289  0.163695  
0.00226599  -0.00271737  -0.00224711  -0.0548808  -0.0378441  0.129774  
0.0022448  -0.00254405  -0.00247247  -0.0675909  -0.0214273  0.160519  
0.00247908  -0.00247091  -0.00257661  -0.070018  -0.0696373  0.121655  
0.000482926  -0.00191373  -0.00276522  -0.0591467  -0.0276966  0.192273  
-0.000138396  -0.00192601  -0.00223734  -0.0582057  -0.100067  0.189303  
-0.000206227  -0.00194166  -0.00225977  -0.055195  -0.0951794  0.177521  
-0.000293291  -0.00192172  -0.00161493  -0.0797944  -0.101339  0.187131  
9.45338e-05  -0.00203364  -0.00240836  -0.0631716  -0.0770516  0.188344  
-0.000140166  -0.001642  -0.00264791  -0.0605947  -0.0725587  0.192383  
-3.67302e-06  -0.00170235  -0.0026704  -0.0589035  -0.0741777  0.175783  
-8.13973e-05  -0.00172015  -0.00264093  -0.0625356  -0.0603906  0.17825  
-9.26208e-05  -0.00162766  -0.00252116  -0.0629606  -0.100517  0.17452  
-9.26208e-05  -0.00128966  -0.00250346  -0.0860579  -0.127677  0.178211  
4.94381e-06  -0.00168661  -0.0026075  -0.0921118  -0.0661452  0.188493  
9.20476e-05  -0.00176745  -0.00274545  -0.0782953  -0.107547  0.187383  
-0.000240192  -0.0014176  -0.00288312  -0.0787904  -0.0881512  0.187071  
-9.26208e-05  -0.00140096  -0.00307472  -0.0785588  -0.0846319  0.1734  
-0.00023482  -0.00137732  -0.00315365  -0.0801324  -0.0919817  0.179582  
5.11402e-05  -0.00118324  -0.00272977  -0.089322  -0.129796  0.158922  
4.60288e-05  -0.000944089  -0.00317766  -0.090967  -0.0721506  0.186439  
0.00417888  -0.000342678  -0.00192871  -0.139291  -0.0809399  0.0762668  
0.00200266  -0.000147349  -0.00252233  -0.116065  -0.0442286  0.178021  
0.00111858  -0.000326822  -0.0028022  -0.0996182  -0.0515413  0.175169  
0.00125989  -0.000266984  -0.00273544  -0.100571  -0.0645312  0.186958  
0.000610152  -0.000214256  -0.0028597  -0.101908  -0.0546265  0.151423  
0.000241077  -0.000326822  -0.00273489  -0.0994346  -0.0546145  0.169554  
-0.000137307  -0.000412235  -0.00297944  -0.0954146  -0.0689725  0.161297  
-0.000191568  -0.000326822  -0.0029645  -0.103103  -0.0546652  0.147846  
-0.000306454  -0.000375122  -0.00305841  -0.0892042  -0.0478155  0.164888  
-0.000450833  -0.000341871  -0.00315576  -0.0889238  -0.068726  0.162034  
-0.000522671  -0.000382517  -0.00310163  -0.0877575  -0.0578538  0.156718  
-0.000197331  -0.000444106  -0.00314216  -0.0858216  -0.0539494  0.164709  
-7.90794e-05  -0.000357  -0.00295903  -0.0945486  -0.0565687  0.169021  
0.000170753  -0.000547051  -0.00300811  -0.0835245  -0.0709939  0.143126  
5.65627e-05  -0.00054705  -0.00307552  -0.0809326  -0.0316373  0.155436  
-6.09498e-05  -0.000713657  -0.00308429  -0.0774605  -0.0565103  0.164044  
0.000154225  -0.000651719  -0.00312017  -0.0716737  -0.0736691  0.138038  
0.00027802  -0.000542993  -0.0031535  -0.0890657  -0.0481515  0.145783  
-3.91314e-05  -0.000513495  -0.00318079  -0.0667922  -0.0576574  0.149841  
1.77977e-05  -0.000691258  -0.0032277  -0.0497838  -0.0566949  0.157741  
9.68526e-05  -0.000633682  -0.00318554  -0.0657551  -0.0251276  0.163434  
-0.000183615  -0.000451707  -0.00313108  -0.0649088  -0.0560621  0.172908  
-0.000183615  -0.000491254  -0.00316871  -0.0620159  -0.0777185  0.162818  
-0.000127887  -0.000277378  -0.00311253  -0.0675645  -0.0699907  0.142897  
-0.000249957  -0.00037481  -0.00307008  -0.0655654  -0.0475496  0.155878  
0.000109375  -0.000240164  -0.00316704  -0.0710017  -0.085948  0.152619  
4.92726e-05  -0.000516702  -0.00331621  -0.0651816  -0.039267  0.146047  
0.000101192  -0.000526101  -0.00327157  -0.0628803  -0.0391248  0.158746  
8.43491e-05  -0.000379822  -0.00323907  -0.0698999  -0.0636344  0.167579  
-0.00010396  -0.000284651  -0.00294443  -0.0722797  -0.0339613  0.200092  
-0.000164197  -0.000277398  -0.00289666  -0.0720968  -0.0904663  0.170644  
0.000114395  -0.000281608  -0.00322086  -0.0677426  -0.0714378  0.149713  
-0.000101746  -0.000205064  -0.00327729  -0.0713347  -0.054066  0.169621  
-3.65203e-05  -0.000200822  -0.00323695  -0.0700608  -0.084778  0.173796  
2.92126e-05  -0.000391019  -0.00325935  -0.0664518  -0.0867436  0.158544  
-0.00021403  -0.000141673  -0.0033473  -0.0671599  -0.0514108  0.173166  
5.46053e-05  -0.000122517  -0.00331264  -0.0635342  -0.0818601  0.175727  
-6.15053e-06  -0.000184952  -0.00324133  -0.0651755  -0.0704353  0.149938  
0.000289223  -0.000296427  -0.00320737  -0.0705547  -0.0706646  0.173683  
0.00585701  -0.00169877  -0.00249291  -0.0614361  -0.00970447  -0.00937606  
0.00575393  -0.001427  -0.00283938  -0.0612371  -0.00189199  0.0301724  
0.00454367  -0.00177696  -0.00308237  -0.0539902  -0.0203378  0.0620936  
0.00438731  -0.0011733  -0.00312788  -0.0588484  -0.0347561  0.0446626  
0.00388942  -0.00110793  -0.00316856  -0.0648213  -0.0155911  0.0721742  
0.00352991  -0.000662268  -0.00322948  -0.0523258  -0.0291764  0.0768693  
0.00407539  -0.000982217  -0.00325188  -0.0541375  -0.0266921  0.0497  
0.00339734  -0.000956919  -0.0032696  -0.0506124  -0.0198278  0.0887527  
0.00336428  -0.00117964  -0.00312852  -0.0403936  -0.0349952  0.0904289  
0.0036228  -0.0010047  -0.00312311  -0.0385818  -0.0275016  0.0620229  
0.00309759  -0.00132324  -0.00306477  -0.0457464  -0.0125715  0.106391  
0.00347643  -0.00105709  -0.00300682  -0.0531116  -0.0250621  0.102406  
0.00385041  -0.00144583  -0.0029246  -0.0400939  -0.0275594  0.0550741  
0.00359465  -0.0012724  -0.00294585  -0.0534811  -0.0158644  0.0843222  
0.00339864  -0.00133259  -0.00302967  -0.0490907  -0.0363118  0.0707523  
0.00374903  -0.00130447  -0.00309925  -0.0477506  -0.0242279  0.058728  
0.00340898  -0.00143696  -0.00307177  -0.0452029  0.00545497  0.101658  
0.00331766  -0.00135333  -0.00316655  -0.0433106  -0.0193992  0.118647  
0.00339715  -0.00109073  -0.00310413  -0.0398596  -0.0425135  0.097718  
0.0015691  -0.00081456  -0.003445  -0.0393417  -0.0433073  0.154028  
0.00159967  -0.000682754  -0.00339439  -0.0329579  -0.0494582  0.155034  
0.00112679  -0.000670563  -0.00329358  -0.0346654  -0.0493374  0.151408  
0.000983504  -0.000612898  -0.00314816  -0.0378186  -0.0472172  0.16039  
0.000997564  -0.000862898  -0.00310991  -0.0341797  -0.051567  0.171176  
0.00122706  -0.000612898  -0.00308877  -0.0323568  -0.0768939  0.154344  
0.00314176  -0.00142759  -0.00296443  -0.0313845  -0.0277004  0.0961671  
0.00413927  -0.00122138  -0.00278706  -0.0379649  -0.0513087  0.0466999  
0.00374742  -0.00122542  -0.00281111  -0.0242212  -0.0295202  0.0607137  
0.00375647  -0.00104954  -0.00305121  -0.0190433  -0.0359948  0.0620358  
0.00382212  -0.000998664  -0.00308263  -0.0279503  -0.0434632  0.0517743  
0.00311078  -0.00112089  -0.00302617  -0.0245427  -0.0175715  0.0598678  
0.000728223  -0.000514062  -0.00325431  -0.0316471  -0.029668  0.162682  
0.00304024  -0.000791245  -0.00296441  -0.00971052  -0.0526494  0.0730063  
0.00260964  -0.00138428  -0.0028814  0.00802352  0.00321168  0.0888502  
0.000777574  -0.000766398  -0.00315747  0.0120486  -0.0417567  0.144863  
0.00269925  -0.00121072  -0.002859  0.0351435  -0.0256626  0.0660141  
0.0026527  -0.00109552  -0.00293852  0.0342921  -0.0121924  0.0864085  
0.000509217  -0.00093279  -0.00325674  0.0445453  -0.0320659  0.135696  
0.000166901  -0.00104958  -0.00290817  0.0662604  -0.0466079  0.124816  
0.000174807  -0.00101448  -0.00308265  0.0508089  -0.0326709  0.121706  
4.64053e-05  -0.00140741  -0.00297245  0.052645  -0.0221606  0.136514  
-0.000201072  -0.00133665  -0.00265143  0.0756321  -0.0553026  0.129332  
-0.000107414  -0.00127324  -0.00279798  0.0711331  -0.0321005  0.123723  
-0.000446198  -0.00155693  -0.00223697  0.0930493  -0.0510276  0.146115  
-0.000533703  -0.000996795  -0.00066181  0.129436  -0.108046  0.146559  
-0.000672556  -0.00123085  -0.00234426  0.111135  -0.0407899  0.142493  
-0.000802949  -0.00139556  -0.00229473  0.119089  -0.0577292  0.14667  
-0.000736363  -0.000993352  -0.000815599  0.138499  -0.0990513  0.163871  
-0.0010339  -0.000893821  -0.00175653  0.135954  -0.0500572  0.162644  
-0.000733512  -0.00101745  -0.00157739  0.141316  -0.0316866  0.163155  
-0.000825416  -0.00104106  -0.00073193  0.143717  -0.100093  0.145334  
-0.00111906  -0.00075792  -0.00119558  0.133828  -0.0444271  0.146455  
-0.00174731  -0.000975169  -0.000967936  0.137974  -0.0445238  0.161865  
-0.00105564  -0.000848604  -0.000855234  0.133456  -0.0932281  0.149708  
-0.00106888  -0.00103118  -0.00111832  0.13146  -0.071706  0.147267  
-0.000821247  -0.000852015  -0.000679071  0.139609  -0.0907568  0.148847  
-0.0012332  -0.00154515  -0.00185352  0.116678  -0.0701671  0.112164  
-0.000992821  -0.00110592  -0.00215258  0.119187  -0.034371  0.150532  
-0.000914619  -0.00113559  -0.00100219  0.135287  -0.0969303  0.151686  
-0.00104635  -0.00087576  -0.00118089  0.118818  -0.0811484  0.124598  
-0.000805878  -0.000640969  -0.000718555  0.11658  -0.0799053  0.116159  
-0.000395222  -0.000612253  -0.00233002  0.0733765  -0.0494254  0.129487  
-0.000343883  -0.000932022  -0.00238334  0.0865674  -0.0723899  0.112053  
0.00267386  -0.00153549  -0.0020905  0.0806052  0.00548081  0.0408148  
-4.95958e-05  -0.000649175  -0.0026047  0.0615508  -0.0719315  0.109523  
-4.63379e-05  -0.000545596  -0.0025517  0.0344917  -0.0648089  0.102751  
-0.000279489  -0.000514336  -0.000308624  0.093939  -0.0767031  0.118615  
0.00321228  -0.00169453  0.000553661  0.100784  -0.0463313  -0.0108205  
0.00318092  -0.00104173  -7.99201e-05  0.106836  0.040274  0.042444  
0.0030333  -0.00118128  -0.000275635  0.0989272  -0.0227123  0.00603303  
0.000248429  -0.000693895  -0.000197765  0.102899  0.0610107  0.111965  
-0.000389036  -0.00115966  -0.000209277  0.10542  -0.0951414  0.109113  
-0.000139036  -0.000621346  -0.000250265  0.100166  -0.0948643  0.0980683  
-0.000389036  -0.000830902  -0.000247805  0.102816  -0.0814954  0.0955174  
5.0622e-06  -0.000614695  -0.000262506  0.0990086  0.0592587  0.0990214  
-0.000369319  -0.000673674  -0.000397299  0.110111  -0.0873739  0.0961926  
0.000130623  -0.000519575  -0.000397299  0.110299  0.0592769  0.0904106  
0.000107928  -0.000519575  -0.000397299  0.112873  0.0635088  0.0984748  
-0.000305489  -0.000747101  -0.000419603  0.116199  -0.0986187  0.08891  
0.00237635  -0.00172401  -0.00151974  0.0723198  -0.00471281  -0.00100572  
-0.00293171  -0.00158063  -0.00137411  0.0764044  -0.0632851  -0.0231143  
-0.00316944  -0.000904432  -0.000483467  0.099345  -0.0747578  -0.0292983  
-0.00328975  -0.000866566  -0.000596775  0.0965287  -0.0681684  -0.045883  
-0.00330864  -0.000924319  -0.000877861  0.099021  -0.0469213  -0.0420936  
-0.00363636  -0.000853176  -0.000499  0.111451  -0.0508378  -0.0317805  
-0.00345546  -0.000872643  -0.000537574  0.107949  -0.0708753  -0.0355699  
-0.00356547  -0.00103431  -0.000556831  0.105514  -0.0505585  -0.0369639  
-0.00365771  -0.000772037  -0.000516602  0.0965468  -0.0349095  -0.00424743  
-0.00250246  -0.00154648  -0.00202635  0.0759755  -0.0823056  -0.00246654  
-0.0026158  -0.00152725  -0.00231528  0.0655836  -0.0619696  -0.0314253  
-0.000806415  -0.000537126  -0.0024307  0.0541294  -0.0337841  0.0793943  
-0.0036136  -0.000420227  -0.000527753  0.101726  -0.0651666  -0.0388438  
-0.00296878  -0.000346272  -0.000538141  0.101317  -0.0787802  -0.0694521  
-0.00349674  -0.000300074  -0.000535019  0.104055  -0.0394901  -0.0491234  
-0.00371364  -0.000380207  -0.000726493  0.104516  -0.0460914  -0.0316523  
-0.00337754  -0.000498174  -0.000675165  0.0999827  -0.0724006  -0.0501503  
-0.00374603  -0.000382486  -0.000527203  0.0965262  -0.0511645  -0.0588699  
0.00302002  -0.00153783  -0.00187767  0.0756016  0.061893  -0.123683  
0.0041666  -0.000560454  -0.000397298  0.0944395  -0.00203514  -0.0523194  
0.00335884  -0.000995196  -0.000397298  0.0896651  0.000830937  -0.0732058  
0.00292928  -0.000946104  -0.000397298  0.0936775  0.0402137  -0.0347727  
0.00283007  -0.0011288  -0.000476708  0.090683  0.0133423  -0.0615635  
0.00272478  -0.0014524  -0.000397298  0.101515  0.0565313  -0.033435  
0.00259496  -0.00133766  -0.000258153  0.104127  0.0104631  -0.0619187  
0.00235243  -0.00115256  -0.000397298  0.10586  0.0136256  -0.0973681  
-0.00268754  -0.000664416  -0.000206938  0.110594  -0.0234842  -0.0946823  
0.00214016  -0.00112391  -0.000224395  0.110098  -0.0315621  -0.0876599  
0.00221627  -0.000922212  -0.000219745  0.111478  0.0101111  -0.0878043  
0.00231287  -0.000973262  -9.98834e-05  0.119983  -0.00159994  -0.0593991  
0.0018676  -0.00079418  -0.000338226  0.124429  -0.0195102  -0.101175  
-0.00334828  2.3641e-05  -0.000188202  0.114813  -0.0392843  -0.078788  
-0.00320248  -0.000225214  -5.13061e-05  0.112108  -0.0608592  -0.0853554  
0.00241514  -0.000475214  -0.000236851  0.11062  -0.00534532  -0.0976449  
0.000117548  -0.000199811  -9.63384e-05  0.108473  0.062968  -0.155538  
0.00183796  -0.000957268  -6.91405e-05  0.103536  0.0067918  -0.10939  
1.34478e-05  -0.000476961  8.34395e-06  0.0939535  -0.0969626  -0.162664  
-0.00059179  -0.000550789  -7.72299e-05  0.0939778  -0.0746071  -0.169046  
-0.00293516  -0.000845782  6.2556e-05  0.0917519  -0.0521488  -0.115458  
-0.000776426  -0.000558138  -0.000225475  0.0806372  -0.106098  -0.16609  
-0.000950343  -0.000529786  -0.000350533  0.0781603  -0.0890455  -0.16806  
-0.00340032  -0.000682723  -0.000230836  0.0772796  -0.0451209  -0.101608  
-0.00323154  -0.000511691  -0.00017782  0.0854479  -0.0663783  -0.112911  
-0.000952983  -0.000490845  -0.000345983  0.0826793  -0.100714  -0.17475  
-0.00328873  -0.000289293  -0.000297867  0.0915841  -0.0576533  -0.122831  
-0.00318974  -0.000685736  -0.00193516  0.062763  -0.0780789  -0.113867  
-0.00355512  -0.00051016  -0.000394115  0.0920796  -0.0863647  -0.109694  
-0.00399983  -0.000454796  -0.000423343  0.09768  -0.0425401  -0.0869267  
-0.00401102  -0.000551299  -0.000597073  0.104051  -0.0473041  -0.089055  
-0.00314428  -0.000762019  -0.000475289  0.104036  -0.0528203  -0.113364  
0.00414651  -0.000281712  -0.000174998  0.104031  0.0333165  -0.0405398  
0.000119654  -0.000455282  8.34396e-06  0.0875381  -0.103625  -0.208785  
0.000771459  -0.000700214  -0.00196774  0.0563041  0.0195093  -0.187603  
6.27696e-05  -0.000687773  -0.00221873  0.0490459  -0.0343178  -0.195934  
0.000443495  -0.000274791  -0.000128615  0.0872597  -0.0881359  -0.186736  
-6.13625e-07  -0.000226474  -0.000128615  0.0890195  -0.0761675  -0.156184  
-0.000158796  -0.000510833  -0.000345116  0.0899055  -0.0882861  -0.152842  
6.22995e-05  -0.000403226  -0.00216466  0.0240011  -0.0738481  -0.162451  
-0.000695044  -0.000469926  -0.00233866  0.0194679  -0.0445779  -0.175966  
-0.0031516  -7.35046e-05  -0.00030097  0.0742242  -0.0469445  -0.0827882  
-2.51585e-06  0.000118131  -0.0024153  0.0145999  -0.0920154  -0.180179  
-0.000708094  -8.1559e-05  -0.000299562  0.0811359  -0.0941324  -0.166261  
-0.000643904  2.59984e-05  -0.000337473  0.0871912  -0.104161  -0.17564  
-0.000766654  6.02568e-05  -0.000228144  0.0917462  -0.102869  -0.184195  
-2.03664e-05  -0.000179998  -0.000275967  0.0960373  -0.0934385  -0.191076  
-0.000546145  0.000118131  -0.000237283  0.0982921  -0.0990448  -0.159295  
-0.000506533  -3.40611e-05  -0.000128615  0.0925428  -0.108195  -0.169329  
-0.000704365  -8.28609e-05  -0.000128615  0.0937679  -0.0997178  -0.158926  
-0.00316704  -8.75736e-05  -0.000128615  0.101249  -0.0897907  -0.113202  
-0.000838421  -4.93653e-05  -0.000128615  0.094581  -0.111998  -0.176194  
-0.00350688  0.000226467  -0.000128615  0.0907304  -0.07301  -0.135414  
-0.0042711  0.000324744  -0.000128615  0.0868724  -0.0733221  -0.0917259  
-0.00353067  0.000655096  -0.000128615  0.0848235  -0.121375  -0.140014  
-0.00392622  0.000386263  -0.000128615  0.0754604  -0.0694495  -0.114789  
-0.0035978  0.000244151  -0.000128615  0.0790032  -0.0680132  -0.125084  
-0.000999931  0.000118131  -0.000196191  0.0789985  -0.112885  -0.185479  
-0.00323281  0.000118131  -0.000237494  0.0790037  -0.0711129  -0.132899  
-0.00341965  0.000118131  -0.000128615  0.0789932  -0.0959324  -0.0885011  
-0.00359161  0.000183732  -0.000128615  0.0765235  -0.080937  -0.143115  
-0.00415543  0.000290075  -0.000128615  0.0739295  -0.0677562  -0.110694  
-0.00437189  0.000501619  -0.000351881  0.0546586  -0.091171  -0.127832  
-0.00379711  0.00289705  -0.00135895  -0.0285494  -0.102819  -0.171282  
-0.00421562  0.00270754  -0.001583  -0.0423508  -0.0693447  -0.145142  
-0.00435062  0.00284685  -0.00178746  -0.0524438  -0.090531  -0.132613  
-0.00394312  0.00283614  -0.00185188  -0.0529852  -0.0809108  -0.16875  
-0.00442485  0.00250083  -0.00170607  -0.0563817  -0.0782742  -0.141749  
-0.00369209  0.00261032  -0.00193792  -0.0444173  -0.10227  -0.193066  
-0.00399385  0.00255442  -0.00182763  -0.0481012  -0.0683761  -0.181837  
-0.00442549  0.002546  -0.00164535  -0.061869  -0.0718975  -0.144232  
-0.00393055  0.0024295  -0.00136739  -0.0444693  -0.0672204  -0.161819  
-0.00421333  0.00224395  -0.00176611  -0.0430973  -0.0476314  -0.14623  
-0.00465166  0.00220053  -0.00138929  -0.05433  -0.0613681  -0.144313  
-0.00380259  0.00225881  -0.00179586  -0.041338  -0.0861171  -0.169063  
-0.00407759  0.00234373  -0.00179689  -0.0488662  -0.0742291  -0.171794  
-0.0046051  0.00215005  -0.00143113  -0.0515692  -0.0796457  -0.157091  
-0.00448942  0.00219118  -0.00136448  -0.0526857  -0.0860884  -0.159095  
-0.004517  0.00233304  -0.00143825  -0.0519238  -0.0884234  -0.158707  
-0.00494473  0.00244654  -0.00128916  -0.052246  -0.0748907  -0.137408  
-0.0037915  0.00306602  -0.000825235  -0.0428656  -0.0531218  -0.204447  
-0.00104107  0.00190366  -0.000782163  -0.0613997  -0.0926925  -0.278779  
-0.00187364  0.00182571  -0.00140473  -0.0632136  -0.0799002  -0.261399  
-0.00231908  0.00154024  -0.00157573  -0.0617898  -0.0867395  -0.29524  
-0.00360414  0.00196883  -0.00108063  -0.0803059  -0.0563412  -0.254875  
-0.00229619  0.00147052  -0.00136459  -0.0759389  -0.111329  -0.27872  
-0.00328913  0.00209786  -0.0013797  -0.0729865  -0.0752179  -0.27788  
-0.00336511  0.00241973  -0.00120575  -0.0802708  -0.070678  -0.257715  
-0.00368901  0.00186638  -0.00104672  -0.0876345  -0.0607574  -0.261049  
-0.00399988  0.00243395  -0.000534029  -0.0918666  -0.0828223  -0.26566  
-0.0031863  0.0012956  -0.000239152  -0.098473  -0.0803486  -0.298976  
-0.00291939  0.00169585  -0.000672456  -0.0902199  -0.0770945  -0.249335  
-0.0020622  0.00173408  -0.00145972  -0.0795306  -0.110598  -0.281496  
-0.00389211  0.00210409  -0.00113514  -0.0868785  -0.0632431  -0.275432  
-0.00468994  0.00140798  -0.00043764  -0.107082  -0.0406835  -0.226657  
-0.00417849  0.00266578  -0.000699267  -0.0931333  -0.0676164  -0.253955  
-0.00409487  0.00284942  -0.000451821  -0.0859217  -0.0791294  -0.276365  
-0.00428733  0.00219272  -0.000676889  -0.10099  -0.0531496  -0.265619  
-0.00407989  0.00207208  -0.000826769  -0.100153  -0.0861282  -0.278092  
-0.00399422  0.00162063  -0.0002794  -0.119287  -0.0801617  -0.296476  
-0.00506658  0.00254282  0.000277634  -0.100955  -0.0528306  -0.276894  
-0.00540202  0.0024634  0.000162592  -0.111455  -0.0453227  -0.26887  
-0.00533251  0.00266655  0.000224731  -0.0894431  -0.0636776  -0.285556  
-0.00561032  0.00266336  8.99037e-05  -0.0893671  -0.0459204  -0.278646  
-0.00588048  0.00279278  -2.28965e-05  -0.099622  -0.0422111  -0.258636  
-0.00566721  0.00306977  0.000162592  -0.0793756  -0.0703295  -0.275413  
-0.00538638  0.00322585  5.83063e-05  -0.0701177  -0.0518983  -0.283735  
-0.00563696  0.0026691  0.000162592  -0.0916038  -0.0492476  -0.266318  
-0.00537337  0.00282328  6.65533e-05  -0.0880618  -0.0661537  -0.298808  
-0.00514296  0.00277099  -6.94952e-05  -0.0819809  -0.0606589  -0.305008  
-0.00568249  0.00254506  -0.000162312  -0.0894034  -0.0528419  -0.277769  
-0.00601884  0.00199327  -0.000122572  -0.104007  -0.042016  -0.261849  
-0.00586182  0.00239211  -0.000360236  -0.0948539  -0.0647254  -0.258202  
-0.00543689  0.00165317  -0.000507714  -0.117651  -0.0569538  -0.220286  
-0.0049826  0.00178545  -0.000574991  -0.126558  -0.0868359  -0.229895  
-0.00376765  0.00126246  -0.00038095  -0.120628  -0.0830749  -0.315891  
-0.00496406  0.00123981  -0.000417  -0.118354  -0.0733837  -0.280913  
-0.004792  0.00150495  -0.000452544  -0.10435  -0.0824629  -0.292502  
-0.00473761  0.00172621  -0.000705851  -0.103662  -0.0789743  -0.288051  
-0.00436437  0.00179595  -0.000839874  -0.104859  -0.0802206  -0.310596  
-0.00487909  0.00168925  -0.0010093  -0.107882  -0.063476  -0.25133  
-0.00473052  0.00197788  -0.0013737  -0.0884247  -0.0766961  -0.262345  
-0.00494246  0.00226376  -0.00161678  -0.0729796  -0.0636024  -0.247405  
-0.00488692  0.0021525  -0.00154015  -0.0845615  -0.072942  -0.25489  
-0.00430224  0.00212169  -0.00170703  -0.0752003  -0.0826868  -0.267194  
-0.00438598  0.00192907  -0.00177502  -0.0751836  -0.0837459  -0.289184  
-0.00486726  0.00221952  -0.00156464  -0.0737126  -0.0581094  -0.266667  
-0.00229016  0.0021211  -0.00159245  -0.0541396  -0.0912449  -0.323712  
-0.00240545  0.00162799  -0.00166057  -0.0680496  -0.0835187  -0.324225  
-0.00411098  0.00259013  -0.00105434  -0.0570222  -0.0541833  -0.316198  
-0.00333488  0.00210522  -0.00151206  -0.0631685  -0.0674065  -0.341961  
-0.00400314  0.00207649  -0.00127208  -0.0748121  -0.0361145  -0.316859  
-0.00466788  0.00254432  -0.00123192  -0.0725664  -0.0385752  -0.299564  
-0.00495751  0.00269739  -0.0013798  -0.0731677  -0.0454701  -0.292052  
-0.00518483  0.00258358  -0.00142923  -0.0846553  -0.0436323  -0.292735  
-0.00517402  0.00222247  -0.00139469  -0.0832662  -0.0540475  -0.28046  
-0.00461813  0.00203878  -0.00148613  -0.0860106  -0.0751538  -0.311574  
-0.0051419  0.00223688  -0.00147745  -0.0821063  -0.0626057  -0.293329  
-0.00501256  0.00224659  -0.00138594  -0.0804271  -0.0824237  -0.292381  
-0.00456934  0.00250745  -0.00153871  -0.0747786  -0.0768778  -0.303985  
-0.00505786  0.00243012  -0.00160864  -0.0880994  -0.0617359  -0.259013  
-0.00475041  0.00216135  -0.00150449  -0.0925287  -0.0908882  -0.262301  
-0.00382137  0.0017402  -0.00148558  -0.101319  -0.0821939  -0.290994  
-0.00486899  0.00185854  -0.00149064  -0.0942257  -0.0688723  -0.251279  
-0.0041514  0.00194223  -0.00176953  -0.0839987  -0.0897899  -0.312586  
-0.00471337  0.00223979  -0.00156886  -0.0900895  -0.0658495  -0.290269  
-0.00457341  0.00193169  -0.00170702  -0.0873831  -0.0827515  -0.291997  
-0.00316953  0.00136012  -0.00238252  -0.0612542  -0.0884614  -0.32423  
-0.00407939  0.00169484  -0.00223802  -0.0807367  -0.0742012  -0.287606  
-0.00424622  0.00208114  -0.00227718  -0.0826856  -0.0876226  -0.281258  
-0.00390764  0.00180702  -0.00231889  -0.0917397  -0.0911979  -0.308263  
-0.00488566  0.00197431  -0.00231071  -0.0987408  -0.0909402  -0.268582  
-0.00417982  0.00211778  -0.00235694  -0.0976848  -0.114587  -0.288658  
-0.00458761  0.00211401  -0.00230252  -0.104477  -0.0986148  -0.296027  
-0.00493943  0.00213258  -0.00221018  -0.110322  -0.103743  -0.257153  
-0.00404414  0.00233015  -0.00238839  -0.105921  -0.118454  -0.292406  
-0.00471466  0.00229725  -0.00229322  -0.115029  -0.0923002  -0.297469  
-0.00522392  0.00216828  -0.00217523  -0.119576  -0.0903666  -0.271697  
-0.00430828  0.00219143  -0.00227241  -0.112706  -0.105432  -0.304247  
-0.00451877  0.00201768  -0.00206683  -0.126209  -0.101021  -0.299747  
-0.00509713  0.00223221  -0.00190165  -0.133769  -0.108953  -0.279744  
-0.00454668  0.00254193  -0.00216993  -0.129294  -0.129696  -0.303332  
-0.00571148  0.00227226  -0.0019847  -0.135879  -0.105884  -0.251079  
-0.00441064  0.00245379  -0.00224787  -0.128321  -0.133514  -0.286437  
-0.00474669  0.00246913  -0.00227746  -0.127669  -0.100325  -0.298728  
-0.00479248  0.00248363  -0.00238696  -0.128625  -0.110596  -0.275282  
-0.00363581  0.00222006  -0.00248877  -0.141287  -0.110068  -0.318959  
-0.00372196  0.00232666  -0.00297057  -0.126149  -0.0828917  -0.313055  
0.00206083  0.00117554  -0.00313979  -0.119465  0.0388752  -0.503012  
0.00779606  0.000400133  -0.00284624  -0.188402  -0.0606486  -0.690837  
0.0144306  0.000289727  -0.00185168  -0.212485  0.0811735  -0.778819  
0.0143576  -0.000684493  -0.00160752  -0.247879  -0.035504  -0.964291  
0.0160837  -0.00214389  -0.00196521  -0.23334  0.035771  -0.874434  
0.0125137  -0.00167993  -0.00131344  -0.221738  -0.0184878  -0.59908  
0.0148476  -0.00167993  -0.00101534  -0.218074  0.0933365  -0.649416  
0.0177955  -0.00305378  -0.00155116  -0.235356  0.0643075  -0.859323  
0.0109929  -0.00222239  -0.00142346  -0.209264  0.0287968  -0.57941  
0.00484054  -0.00176545  -0.00107334  -0.221899  -0.0291528  -0.455992  
0.00416443  -0.001716  -0.00115732  -0.220472  -0.0467955  -0.481635  
0.0037466  -0.00195904  -0.00141046  -0.198726  -0.0208624  -0.454823  
0.00424235  -0.00168365  -0.00130491  -0.206942  -0.0455169  -0.521898  
0.00936374  -0.00242599  -0.00101551  -0.1984  0.0595003  -0.554963  
0.00394843  -0.00215038  -0.00123619  -0.196001  -0.088987  -0.538021  
0.00282699  -0.00284077  -0.0016189  -0.183353  -0.019694  -0.469663  
0.0019501  -0.00223864  -0.00163935  -0.202828  -0.0880117  -0.474225  
0.000833256  -0.00214939  -0.00193638  -0.208688  -0.0635964  -0.467538  
-0.000523083  -0.00204185  -0.0017149  -0.218258  -0.0653293  -0.379847  
-0.000689839  -0.00169495  -0.00128145  -0.216616  -0.0900625  -0.40341  
0.00931817  -0.0022986  -0.00115016  -0.238  0.108691  -0.598723  
0.00250092  -0.00247728  -0.00115736  -0.250534  0.0140531  -0.53317  
-5.39682e-05  -0.00237823  -0.00159051  -0.236423  0.0579257  -0.447868  
-0.00151663  -0.00200539  -0.00124115  -0.235065  -0.0689171  -0.407149  
-0.00154265  -0.00219638  -0.00134993  -0.233765  -0.0596193  -0.388725  
-0.00119041  -0.00162973  -0.0015113  -0.230119  -0.0671997  -0.367768  
-0.00152339  -0.0012816  -0.00162199  -0.224562  -0.0290794  -0.366259  
-0.00282375  -0.00119173  -0.00168997  -0.240835  -0.0690821  -0.313524  
-0.0043154  -0.001546  -0.001345  -0.2302  -0.0345288  -0.327026  
-0.00401697  -0.00158339  -0.00148665  -0.235943  -0.0565224  -0.32319  
-0.00533266  -0.00140102  -0.00143696  -0.23627  -0.0518913  -0.289716  
-0.00554589  -0.00138597  -0.00150546  -0.239051  -0.0296411  -0.272464  
-0.00607014  -0.00158644  -0.00137189  -0.227959  -0.0453397  -0.250743  
-0.00603587  -0.00136695  -0.00140867  -0.239457  -0.0642436  -0.295212  
-0.00686875  -0.00136695  -0.00131087  -0.242353  -0.0325514  -0.279345  
-0.00684054  -0.00149772  -0.00145146  -0.241743  -0.0539011  -0.224215  
-0.00695071  -0.00117646  -0.00118939  -0.242578  -0.0891793  -0.271485  
-0.00774221  -0.00119124  -0.00105892  -0.249181  -0.0514422  -0.226336  
-0.00839603  -0.000857353  -0.000938597  -0.242153  -0.0677303  -0.223189  
-0.00896253  -0.000772964  -0.000844603  -0.241858  -0.0543208  -0.250353  
-0.00912296  -0.000607353  -0.000799775  -0.253971  -0.0424024  -0.214277  
-0.00561559  -6.77517e-05  -0.00106432  -0.240578  -0.0602991  -0.363158  
-0.00734825  -0.000242115  -0.000962229  -0.244566  -0.0327239  -0.299546  
-0.00825761  -0.000487899  -0.000832352  -0.247804  -0.0574203  -0.291921  
-0.00860333  -0.000440616  -0.000868418  -0.256564  -0.0671797  -0.243308  
-0.00889576  -0.000432217  -0.000944731  -0.244627  -0.0588117  -0.190155  
-0.00905304  -0.000763944  -0.000769773  -0.238292  -0.0554896  -0.18509  
-0.00915526  -0.00065346  -0.000849444  -0.24611  -0.0680252  -0.206187  
-0.00915904  -0.00107729  -0.000914208  -0.244619  -0.0626882  -0.19257  
-0.00885144  -0.000702744  -0.0010116  -0.240853  -0.0501312  -0.171515  
-0.00731881  -0.00053132  -0.00115583  -0.238124  -0.0485176  -0.258  
-0.00826594  -0.000728104  -0.000871394  -0.237682  -0.0332579  -0.230764  
-0.00806907  -0.000564809  -0.000808036  -0.247164  -0.046673  -0.238432  
-0.00814896  -0.00044353  -0.000944634  -0.255678  -0.0212913  -0.182915  
-0.00793821  -0.000174131  -0.000928852  -0.258655  -0.0410853  -0.219828  
-0.00817334  -0.000325965  -0.00075313  -0.258621  -0.0405592  -0.214142  
-0.0083163  -0.000143977  -0.000796332  -0.276086  -0.0552944  -0.160138  
-0.00826473  0.00014057  -0.00105262  -0.270743  -0.0714071  -0.18134  
-0.00841387  0.000172397  -0.00120112  -0.261993  -0.0690798  -0.216657  
-0.00903698  0.000608224  -0.00129039  -0.25639  -0.052566  -0.156722  
-0.0087513  0.000673398  -0.00122669  -0.248564  -0.0559045  -0.161184  
-0.00891587  0.000735402  -0.00128362  -0.245915  -0.0604336  -0.195051  
-0.00910438  0.000775989  -0.00135779  -0.239563  -0.0383439  -0.230701  
-0.0093334  0.00012005  -0.00131295  -0.23312  -0.0461505  -0.181286  
-0.00950138  0.000168384  -0.00130365  -0.22857  -0.0568688  -0.202481  
-0.00869418  0.000280515  -0.00140689  -0.238481  -0.0500106  -0.192203  
-0.00883177  0.000342301  -0.00130178  -0.236167  -0.0762703  -0.188419  
-0.0071836  -0.000439228  -0.00132691  -0.224285  -0.0282607  -0.261256  
-0.00749962  4.47427e-05  -0.00120737  -0.225744  -0.0807236  -0.315487  
-0.00903924  0.000280614  -0.00104598  -0.222241  -0.0384481  -0.226086  
-0.00928608  -1.90117e-05  -0.0011002  -0.228017  -0.0678716  -0.222373  
-0.00922726  -0.000259686  -0.000917056  -0.227725  -0.0532956  -0.25499  
-0.00940498  -1.02365e-05  -0.000880862  -0.223044  -0.0321229  -0.161802  
-0.00875902  -2.88468e-06  -0.000777642  -0.213965  -0.0745163  -0.249813  
-0.00814432  -0.000341315  -0.000773499  -0.213102  -0.0465467  -0.222952  
-0.0081229  -0.000510704  -0.000808338  -0.218153  -0.0863946  -0.246132  
-0.00867154  -0.000357367  -0.000736793  -0.217992  -0.0485299  -0.197655  
-0.00878553  -0.000137248  -0.00079117  -0.21134  -0.0667954  -0.204271  
-0.00922675  -0.000247349  -0.000736793  -0.20892  -0.0583188  -0.182272  
-0.00931578  2.66058e-05  -0.000704288  -0.20787  -0.0724623  -0.189783  
-0.00919659  0.000112752  -0.00066584  -0.211531  -0.0720171  -0.226781  
-0.0095144  4.0205e-05  -0.000563569  -0.22082  -0.0606189  -0.201102  
-0.00889896  0.000354021  -0.000626718  -0.21938  -0.119092  -0.173917  
-0.00817116  0.000515426  -0.000614354  -0.21043  -0.156341  -0.204056  
-0.00883619  0.00069307  -0.000432356  -0.182673  -0.112597  -0.156465  
-0.00857237  0.000383219  2.49456e-05  -0.172858  -0.114975  -0.265628  
-0.00972622  0.000761883  -0.000202873  -0.198998  -0.0798158  -0.188003  
-0.0101031  0.000776328  0.000121634  -0.199819  -0.053925  -0.185941  
-0.0103052  0.00058436  6.42777e-05  -0.194001  -0.0538005  -0.146881  
-0.0104944  0.000891838  0.00028092  -0.19818  -0.0838634  -0.177534  
-0.0103455  0.000944489  0.000197687  -0.192745  -0.0610532  -0.145667  
-0.0107103  0.00108331  0.00028092  -0.185128  -0.0980073  -0.18673  
-0.0108544  0.00101483  0.000112173  -0.186862  -0.0767666  -0.182362  
-0.0104935  0.00125723  -1.05711e-05  -0.189226  -0.0940333  -0.167806  
-0.0107847  0.00126466  3.81865e-05  -0.192612  -0.0931942  -0.18666  
-0.0109774  0.00136273  -1.28546e-05  -0.194913  -0.101552  -0.16074  
-0.0106822  0.00100746  0.00010211  -0.171131  -0.167055  -0.145462  
-0.0105642  0.0013453  -0.000377796  -0.179849  -0.19617  -0.137658  
-0.0107493  0.00156605  -0.000418518  -0.193937  -0.217906  -0.130194  
-0.0103187  0.00137019  -0.000394736  -0.172525  -0.178393  -0.102398  
-0.0111668  0.00100746  4.14779e-05  -0.165622  -0.11726  0.02509  
-0.0116155  0.00120142  9.63418e-06  -0.169556  -0.134604  -0.0523908  
-0.0117079  0.000880453  0.000317872  -0.152346  -0.126714  -0.0833535  
-0.0114132  0.000275213  -4.75096e-05  -0.146907  -0.108107  0.000279183  
-0.0120359  0.000741267  2.41422e-05  -0.15234  -0.123549  -0.0953049  
-0.0119263  0.000777626  -0.00034096  -0.154694  -0.0984157  -0.0439482  
-0.01207  0.000603878  -0.000244157  -0.152484  -0.104996  -0.0703404  
-0.0115952  7.09818e-05  -0.00034096  -0.158394  -0.0895611  -0.103176  
-0.00681971  -0.000169215  0.000229359  -0.140043  -0.0393482  -0.185874  
-0.00789734  -0.000762163  -2.81145e-05  -0.1488  -0.100933  -0.10522  
-0.00968625  -0.000390606  0.000227413  -0.151373  -0.186409  -0.12064  
-0.00913605  -0.000137658  0.000154409  -0.142913  -0.126276  -0.196919  
-0.00927551  0.000118015  -0.000359435  -0.149895  -0.102576  -0.0448471  
-0.00907718  -0.000181038  -0.000654088  -0.125689  -0.104859  -0.169066  
-0.00794103  -0.00348319  -0.000390789  -0.0846634  -0.0402268  -0.262519  
-0.00883065  -0.00360467  0.000130322  -0.0476289  -0.133974  -0.0205112  
-0.0133988  -0.00374525  0.000820419  -0.0782712  -0.124882  0.114048  
-0.0159953  -0.00396701  0.000638856  -0.0368554  -0.147048  0.0798333  
-0.0149283  -0.00400007  0.000703632  -0.0234703  -0.128644  0.106988  
-0.0142918  -0.00385281  0.000618374  -0.0328623  -0.142575  0.136809  
-0.0145179  -0.00358774  0.000743781  -0.0157201  -0.12806  0.100014  
-0.0151572  -0.00364978  0.000645655  -0.00791654  -0.126986  0.187874  
-0.0142767  -0.00406836  0.000724248  -0.00444253  -0.112206  0.154701  
-0.0130004  -0.00541644  0.0002876  -0.0487687  -0.123438  0.215894  
-0.0124161  -0.0030319  0.00147704  -0.0364328  -0.145023  0.00849011  
-0.0119083  -0.000946162  0.00190684  -0.014456  -0.0941721  0.0998884  
-0.0102258  -6.7299e-05  0.00152062  0.0504251  -0.13705  -0.0981729  
-0.00839132  -0.00187837  0.00184927  0.00526311  -0.237747  -0.176522  
-0.00956822  -0.0020673  0.00157891  -0.0172839  -0.195806  -0.0543064  
-0.00983833  -0.00106925  -0.00212021  0.0408368  -0.129071  0.0426  
-0.0117113  -0.00407529  -0.000109893  -0.014761  -0.203607  0.132885  
-0.0109964  -0.00386723  0.000740613  -0.0680801  -0.167299  0.0268469  
-0.0117469  -0.00391096  0.000615807  -0.0526181  -0.14649  0.0466492  
-0.00807131  -0.00318343  0.00166298  -0.0342534  -0.118248  -0.164422  
-0.0101882  -0.00330045  0.00184922  -0.0761037  -0.135733  -0.286149  
-0.0127424  -0.00463957  0.00153104  -0.0403676  -0.106764  -0.13329  
-0.0131825  -0.00419646  0.00122146  -0.0379955  -0.102678  -0.145382  
-0.0131213  -0.00369688  0.00068673  -0.0674639  -0.0900626  -0.0864703  
-0.0144444  -0.0041224  0.000692438  -0.0529394  -0.106818  -0.0447703  
-0.0152653  -0.00393072  0.00081031  -0.0454747  -0.11639  -0.0648223  
-0.0151931  -0.00395139  0.000849689  -0.0466984  -0.109902  -0.0492878  
-0.0156891  -0.0041211  0.000921874  -0.0377639  -0.128383  -0.0301384  
-0.0148438  -0.00416433  0.00110419  -0.033427  -0.141735  -0.0692566  
-0.0160438  -0.00417002  0.000828301  -0.0388966  -0.135087  0.0253905  
-0.0165415  -0.00344555  0.00118236  -0.0442786  -0.175544  -0.0186118  
-0.0180831  -0.0027214  0.00141087  -0.0620318  -0.159523  0.0143846  
-0.018022  -0.0027353  0.00144742  -0.0541875  -0.15406  0.00906875  
-0.0184902  -0.00208611  0.00184639  -0.0498681  -0.146313  -0.00511685  
-0.0180313  -0.002286  0.00180482  -0.0326373  -0.130937  0.0204509  
-0.0174382  -0.00254567  0.00170521  -0.0359252  -0.135324  -0.0165121  
-0.0177708  -0.00243048  0.00108321  -0.0563906  -0.129389  0.0402031  
-0.0180706  -0.00238765  0.0014396  -0.0510619  -0.16281  -0.00839582  
-0.0180127  -0.00204595  0.00151336  -0.0357666  -0.137065  -0.00831843  
-0.0183296  -0.00217564  0.00170092  -0.0123264  -0.153064  0.00234479  
-0.0179664  -0.00157265  0.00186347  -0.0187393  -0.149076  0.0279469  
-0.0174196  -0.00196266  0.00174851  -0.0332816  -0.158715  -0.0101973  
-0.0185838  -0.00240186  0.00156801  -0.0161092  -0.143975  0.070378  
-0.0183088  -0.00202973  0.00181256  -0.0159976  -0.168882  0.0275723  
-0.0189539  -0.00123819  0.00206724  -0.00527013  -0.146411  0.0441837  
-0.0192666  -0.000814295  0.00213936  0.0041433  -0.157551  0.0357636  
-0.0187212  -0.00105935  0.00224492  0.00837912  -0.159856  0.0143253  
-0.0194626  -0.00130248  0.00251618  0.030029  -0.151815  0.0395886  
-0.0195492  -0.00124619  0.00259041  0.0408566  -0.165711  0.0665646  
-0.0194569  -0.00129686  0.00248126  0.037598  -0.165987  0.0493166  
-0.0194244  -0.00118866  0.00248812  0.0351764  -0.170462  0.0384621  
-0.0196029  -0.00159882  0.00258082  0.0569353  -0.160657  0.0568909  
-0.0206633  -0.00075195  0.00269788  0.0417531  -0.158146  0.130594  
-0.0211267  0.000603874  0.00266439  0.0190717  -0.164631  0.174882  
-0.0209533  0.000275885  0.00294949  0.0371601  -0.189764  0.133153  
-0.0215548  0.000375366  0.00309656  0.038334  -0.178205  0.119698  
-0.0216768  0.000402792  0.0030424  0.0401608  -0.170362  0.147074  
-0.021387  0.000749435  0.00318805  0.0406172  -0.178526  0.133308  
-0.0216645  0.000681826  0.00333185  0.0343641  -0.162522  0.120513  
-0.0218333  0.000596674  0.00323029  0.0276122  -0.175084  0.150286  
-0.0214936  0.000595595  0.00342493  0.0356035  -0.18981  0.0926007  
-0.0217706  0.000481436  0.003355  0.0435854  -0.156174  0.11101  
-0.0216427  -2.9604e-05  0.00314155  0.0566708  -0.177997  0.123259  
-0.0218327  0.00127852  0.00298636  0.0266293  -0.187065  0.125654  
-0.0217552  0.000388779  0.00296283  0.0425192  -0.164953  0.130333  
-0.0214034  0.00128542  0.00285102  0.0224963  -0.180329  0.152885  
-0.020209  0.000340919  0.00288144  0.0580094  -0.16801  0.0948393  
-0.0200091  0.00153149  0.00205245  0.0845126  -0.143219  0.130682  
-0.0202569  0.00181687  0.00269239  0.0689762  -0.172049  0.11757  
-0.0202693  0.00228385  0.00263381  0.0561489  -0.156924  0.0998596  
-0.0209015  0.00215182  0.00257707  0.0583267  -0.144372  0.13563  
-0.0208653  0.00199586  0.00272732  0.0561459  -0.173366  0.120451  
-0.0206582  0.00197421  0.00274165  0.0699715  -0.146208  0.0735067  
-0.0106062  0.00139705  0.00384172  0.0574934  -0.130216  -0.349064  
-0.0124828  0.0011799  0.00406453  0.0464686  -0.126198  -0.309679  
-0.0122106  0.00197045  0.00390653  0.0368522  -0.108562  -0.334449  
-0.012794  0.00100138  0.00387018  0.0359847  -0.0991277  -0.213236  
-0.0129045  0.000855887  0.00405664  0.0337675  -0.1241  -0.315223  
-0.0133158  0.00066805  0.00394443  0.0371425  -0.0989021  -0.236206  
-0.0136315  0.000300756  0.00426363  0.0387493  -0.116863  -0.255362  
-0.0137736  0.000177773  0.00429643  0.0429124  -0.111843  -0.260268  
-0.0147199  7.16014e-05  0.00439596  0.0439151  -0.121397  -0.265136  
-0.0154606  0.000553999  0.00415931  0.0446031  -0.115032  -0.165314  
-0.0167024  0.000797499  0.00411577  0.0517472  -0.136435  -0.0969298  
-0.017648  0.000821596  0.00423343  0.052646  -0.140896  -0.161263  
-0.0181815  0.000761418  0.00444549  0.0527636  -0.138182  -0.149066  
-0.0185881  0.000818187  0.00432005  0.0552623  -0.149565  -0.159464  
-0.0186609  0.000482434  0.00435817  0.05216  -0.143737  -0.139425  
-0.0191279  0.000526658  0.00441884  0.0452114  -0.139388  -0.150647  
-0.0193436  0.00054512  0.0044461  0.0391322  -0.147757  -0.135483  
-0.0201742  0.00106201  0.00425394  0.0303403  -0.158335  -0.08267  
-0.0210565  0.00113781  0.00447803  0.0261097  -0.147746  -0.0833111  
-0.0222888  0.000999923  0.00485885  0.0501893  -0.157355  -0.0421233  
-0.0228875  0.000946009  0.00479171  0.0441316  -0.168547  -0.0598798  
-0.022896  0.000696156  0.00495336  0.0524253  -0.176216  -0.0871475  
-0.0242088  0.00108294  0.00488776  0.0488162  -0.169009  -0.0309057  
-0.0241727  0.00104253  0.00502289  0.0571405  -0.184399  -0.0826329  
-0.0247679  0.0010898  0.00517181  0.0596763  -0.17666  -0.0779161  
-0.0253714  0.00138157  0.00525947  0.0683535  -0.187062  -0.052634  
-0.0251566  0.00115646  0.00495211  0.0627229  -0.193023  -0.0971356  
-0.0261657  0.00187813  0.00494812  0.0580789  -0.17046  -0.0524788  
-0.0269416  0.00196992  0.00498276  0.0857559  -0.195078  -0.0294456  
-0.0267756  0.00207358  0.00497441  0.0977076  -0.193819  -0.0922079  
-0.0284054  0.00185431  0.00492187  0.115173  -0.184911  -0.00765912  
-0.0279862  0.00200821  0.00504188  0.117588  -0.229918  -0.0265757  
-0.0282948  0.00204622  0.00488868  0.116316  -0.197439  -0.0352836  
-0.0295574  0.00189465  0.00521865  0.137119  -0.194104  0.0407025  
-0.0296656  0.00183094  0.00550593  0.144255  -0.222839  0.0222446  
-0.0303929  0.00232737  0.0056103  0.141941  -0.205676  0.0115475  
-0.030982  0.00241395  0.00551253  0.160575  -0.191449  0.068206  
-0.0314971  0.00273069  0.00559591  0.174096  -0.234397  0.0428248  
-0.031609  0.00306562  0.00534184  0.170044  -0.177332  0.0439995  
-0.0176734  0.004286  0.00472246  0.144753  -0.0453302  -0.344605  
-0.0147735  0.00155524  0.00639862  0.120191  -0.044347  -0.183117  
-0.0140497  0.00175036  0.00631505  0.143827  -0.0472863  -0.203749  
-0.0167855  0.00111882  0.0057742  0.116798  -0.0750974  -0.0187922  
-0.021124  0.00194743  0.0059273  0.10231  -0.126761  0.0925914  
-0.0238537  0.00293663  0.00614603  0.103897  -0.14266  0.045509  
-0.0246608  0.00296573  0.00624435  0.0985421  -0.136414  0.0469942  
-0.0262436  0.00265365  0.00623459  0.112566  -0.139061  0.0873686  
-0.0239212  0.00165751  0.00619696  0.131587  -0.0559172  0.0138096  
-0.0235268  0.000537707  0.00591366  0.0897348  -0.215157  0.11596  
-0.0266595  0.00167989  0.00570087  0.074452  -0.280788  0.189525  
-0.028619  0.00174277  0.00568047  0.0790185  -0.22006  0.172149  
-0.0291388  0.00192259  0.00572946  0.08083  -0.213708  0.161121  
-0.0298319  0.00221147  0.00578075  0.0808994  -0.195991  0.169926  
-0.0303436  0.0021358  0.00553186  0.0780496  -0.187782  0.251272  
-0.0292281  0.00152415  0.0057103  0.0740339  -0.178724  0.276165  
-0.0304706  0.0013669  0.00546667  0.0910116  -0.198571  0.297134  
-0.0211587  0.000810945  0.00457636  0.116665  -0.150931  -0.0425475  
-0.0239707  0.000586551  0.00495318  0.10081  -0.163923  0.12275  
-0.0274767  0.00144632  0.00515257  0.0914315  -0.222958  0.090045  
-0.029034  0.00146533  0.00523768  0.0760329  -0.200182  0.149068  
-0.0309637  0.00119739  0.00547126  0.091687  -0.228128  0.195153  
-0.0306904  0.00123408  0.00529461  0.105772  -0.220708  0.154229  
-0.0314677  0.000896211  0.00529607  0.109181  -0.193016  0.177433  
-0.0309588  0.00106343  0.00517641  0.0860378  -0.20547  0.187735  
-0.031158  0.00155979  0.00518055  0.0913785  -0.210615  0.19946  
-0.0314929  0.00148915  0.00532523  0.0919555  -0.189304  0.194982  
-0.0310142  0.00143962  0.005219  0.10303  -0.212327  0.201322  
-0.0306062  0.00213476  0.00527743  0.103286  -0.221247  0.212117  
-0.0310515  0.00193387  0.00519274  0.10835  -0.203854  0.206666  
-0.0314925  0.00277517  0.00502864  0.0373101  -0.206868  0.195217  
-0.0313658  0.00319383  0.00507325  0.0268334  -0.238008  0.169976  
-0.0316245  0.00301869  0.00514508  0.0442367  -0.22073  0.147436  
-0.0311903  0.00297301  0.00520942  0.0534849  -0.210945  0.200731  
-0.0313902  0.00350966  0.00527607  0.0637656  -0.217945  0.178026  
-0.032099  0.00350275  0.00513809  0.060282  -0.180416  0.204625  
-0.0320146  0.00360495  0.0049381  0.062829  -0.204511  0.205729  
-0.0312175  0.00358864  0.00485058  0.0609009  -0.184016  0.17084  
-0.0321211  0.0050357  0.00491554  0.0757566  -0.181429  0.246043  
-0.0300206  0.00375028  0.00453856  0.039926  -0.215582  0.19205  
-0.0305547  0.00425357  0.0047362  0.0471076  -0.232735  0.193615  
-0.0315226  0.00396195  0.00475765  0.0510375  -0.22247  0.1839  
-0.0316463  0.003604  0.00460169  0.0723761  -0.224961  0.199399  
-0.0313058  0.00348996  0.00456002  0.0574255  -0.240892  0.151581  
-0.0314506  0.0039949  0.00442374  0.0477012  -0.216506  0.223201  
-0.032324  0.00386615  0.00460696  0.0484674  -0.226578  0.213424  
-0.0280491  0.00383289  0.00488342  0.0699299  -0.18239  -0.0887949  
-0.0226721  0.00288222  0.00447847  0.0694972  -0.148555  -0.20902  
-0.0292625  0.00294655  0.00497666  0.0552264  -0.201554  0.0537338  
-0.032814  0.00277513  0.0050154  0.0537585  -0.168492  0.113583  
-0.0320152  0.00287178  0.00518624  0.0504988  -0.190366  0.0631754  
-0.0318657  0.00295283  0.00519679  0.0488352  -0.18868  0.0977352  
-0.0320933  0.00307621  0.00543233  0.059329  -0.205477  0.042596  
-0.032767  0.00320282  0.00542306  0.0642452  -0.179762  0.0547828  
-0.0329008  0.00296135  0.00550679  0.0696343  -0.198018  0.0774162  
-0.0330537  0.00323287  0.00544375  0.0616113  -0.225543  0.0431711  
-0.0329465  0.00363149  0.00529375  0.045647  -0.195605  0.0896704  
-0.0336951  0.00341596  0.00538881  0.0566344  -0.234444  0.0845126  
-0.0335534  0.00341761  0.00533123  0.0583221  -0.222837  0.0521722  
-0.0348316  0.00397811  0.00516944  0.0470747  -0.230625  0.0968749  
-0.0353884  0.00398595  0.00542954  0.0456699  -0.240102  0.1497  
-0.0366972  0.00433847  0.00531753  0.0517942  -0.272359  0.13952  
-0.0374935  0.00451973  0.00540654  0.0538392  -0.251876  0.142597  
-0.0380628  0.00445262  0.00527718  0.0661967  -0.253044  0.152877  
-0.0377456  0.00510611  0.00513538  0.0490439  -0.250234  0.149407  
-0.0373484  0.00494117  0.00533485  0.0576764  -0.261325  0.14114  
-0.0347136  0.00496048  0.00501437  0.0490208  -0.230408  0.0254292  
-0.0328688  0.00514132  0.0049355  0.0285809  -0.28044  -0.124399  
-0.0349813  0.0044092  0.00467553  0.0199874  -0.217793  0.0355509  
-0.0362446  0.00437278  0.0047284  0.0312149  -0.218279  0.118411  
-0.0371521  0.00407419  0.0048573  0.0427291  -0.248773  0.115895  
-0.0376974  0.00447885  0.00476549  0.0477461  -0.255641  0.151006  
-0.0384083  0.00451736  0.00484905  0.0571735  -0.259618  0.148933  
-0.0387592  0.0047276  0.004942  0.0618547  -0.268005  0.166794  
-0.0385961  0.00440976  0.00491428  0.053687  -0.284492  0.249472  
-0.0399584  0.00471859  0.0045983  0.0553283  -0.279751  0.532406  
-0.040354  0.00456812  0.00469371  0.0543599  -0.284643  0.63829  
-0.0410145  0.00471859  0.00461765  0.0485745  -0.335814  0.603651  
-0.0411062  0.00471859  0.00443805  0.0503591  -0.324741  0.57231  
-0.0430002  0.00510746  0.00335995  0.0242178  -0.380124  0.56757  
-0.045422  0.00448178  0.00272611  0.0485483  -0.465187  0.398305  
-0.0438872  0.00415097  0.00342312  0.0648904  -0.425543  0.569472  
-0.0444968  0.00427305  0.00385048  0.0611148  -0.457953  0.546109  
-0.045009  0.00432215  0.00394194  0.0873487  -0.380542  0.610153  
-0.0458911  0.00495732  0.00384055  0.0971939  -0.374209  0.570859  
-0.0455281  0.00490421  0.00475865  0.0841804  -0.318705  0.575899  
-0.0465893  0.00476077  0.00488156  0.092019  -0.319373  0.574586  
-0.0460801  0.00476077  0.00512155  0.0918267  -0.306258  0.626126  
-0.0461286  0.00438053  0.00535579  0.0763893  -0.318077  0.601633  
-0.0462273  0.0044179  0.00528445  0.08448  -0.307459  0.587947  
-0.046902  0.00486674  0.00497828  0.096809  -0.31107  0.612117  
-0.0459259  0.00452303  0.00542572  0.0804594  -0.301738  0.630634  
-0.0462829  0.00491275  0.00549459  0.0757414  -0.319396  0.649677  
-0.0460825  0.00526246  0.0053278  0.0570854  -0.332488  0.624277  
-0.0468741  0.0051766  0.005623  0.0589945  -0.330362  0.649881  
-0.047445  0.00548945  0.00576695  0.0628071  -0.325825  0.602079  
-0.0474948  0.00533116  0.00579528  0.0597055  -0.293865  0.619156  
-0.048007  0.00510191  0.00578626  0.0596586  -0.262317  0.638274  
-0.0476328  0.00520318  0.0057475  0.0656157  -0.296115  0.636678  
-0.0479306  0.00551483  0.00574906  0.0588644  -0.292575  0.627361  
-0.0473799  0.00587195  0.00564463  0.0651797  -0.26805  0.572314  
-0.0436191  0.00671415  0.00531506  0.0677053  -0.265604  0.468323  
-0.0450487  0.00675059  0.00536214  0.0686252  -0.275566  0.570241  
-0.0468489  0.00671024  0.00539158  0.0723137  -0.259671  0.602768  
-0.0474313  0.00669011  0.00551052  0.0776825  -0.272796  0.612458  
-0.0471678  0.00661849  0.00550303  0.0802728  -0.285199  0.58843  
-0.0477563  0.00659334  0.00568827  0.0743192  -0.251397  0.634556  
-0.0486925  0.00673747  0.00577576  0.0745181  -0.261072  0.650573  
-0.0480774  0.00701804  0.00537147  0.083756  -0.289043  0.677408  
-0.0484952  0.00740239  0.00531223  0.0751958  -0.262727  0.71891  
-0.0490716  0.00728265  0.0054326  0.0768373  -0.283786  0.690304  
-0.0490136  0.0071477  0.00543467  0.083659  -0.303889  0.680196  
-0.0492465  0.00752464  0.00529914  0.0798369  -0.270265  0.699539  
-0.0503701  0.00768243  0.00523098  0.0832243  -0.288578  0.729597  
-0.0502828  0.00823433  0.00530896  0.0828471  -0.270322  0.711828  
-0.0503938  0.00797546  0.00539434  0.0830726  -0.247422  0.711277  
-0.0500801  0.0077462  0.00529785  0.0878893  -0.258678  0.789391  
-0.0498756  0.00759382  0.00579783  0.0873229  -0.294626  0.735134  
-0.0507618  0.00757291  0.00533503  0.0937392  -0.259049  0.761069  
-0.0507863  0.00770703  0.00545693  0.0903963  -0.26288  0.772131  
-0.0506219  0.00743175  0.00535793  0.0934988  -0.272567  0.746696  
-0.0508707  0.00771862  0.00540585  0.0949887  -0.24328  0.737711  
-0.0516917  0.00733257  0.00525286  0.100175  -0.257713  0.780173  
-0.0514799  0.00679575  0.00559759  0.123766  -0.274206  0.788612  
-0.0512947  0.00714459  0.00555366  0.128398  -0.290661  0.771893  
-0.0519752  0.00725797  0.0052883  0.128307  -0.249861  0.806109  
-0.0522763  0.00759028  0.00543999  0.128066  -0.254336  0.827393  
-0.0487868  0.00769258  0.00547382  0.122925  -0.208945  0.736668  
-0.0452779  0.00755533  0.00496162  0.139873  -0.16229  0.740833  
-0.0484764  0.00752364  0.00529425  0.128015  -0.257968  0.749387  
-0.0498892  0.00774623  0.00509842  0.116469  -0.208044  0.770794  
-0.0504432  0.0078098  0.00507646  0.123386  -0.217046  0.801508  
-0.0503687  0.00770652  0.00513221  0.121744  -0.258271  0.809165  
-0.0510677  0.00767025  0.00530994  0.125881  -0.223092  0.817257  
-0.051029  0.00764105  0.00527672  0.135598  -0.246905  0.835724  
-0.0515833  0.00777107  0.0050895  0.138535  -0.264821  0.844972  
-0.0518888  0.00783985  0.00530528  0.143211  -0.236686  0.841836  
-0.0525305  0.00793966  0.00537216  0.14862  -0.248851  0.894608  
-0.0531442  0.00731478  0.00549951  0.170029  -0.265843  0.922912  
-0.0538036  0.00633894  0.00582923  0.18901  -0.291419  0.966001  
-0.0539913  0.00712341  0.00549011  0.173678  -0.278477  0.965556  
-0.0539385  0.0072094  0.00536305  0.175515  -0.255893  0.979545  
-0.054201  0.00751433  0.00537946  0.166589  -0.251456  0.990467  
-0.0536687  0.00761882  0.00513793  0.163379  -0.26879  1.02465  
-0.0541635  0.00777482  0.00517192  0.177355  -0.250034  1.00344  
-0.0542399  0.00760367  0.00517515  0.165241  -0.239603  0.99898  
-0.0540615  0.00754979  0.00500752  0.178201  -0.245784  0.9903  
-0.0544925  0.00750487  0.00529028  0.17584  -0.271064  0.996577  
-0.0541479  0.00727761  0.00538499  0.180674  -0.250413  0.966419  
-0.0539385  0.00775898  0.00540098  0.162621  -0.270887  0.948701  
-0.0539863  0.00827368  0.00507215  0.144103  -0.272686  0.958969  
-0.0546504  0.00813935  0.00500463  0.162274  -0.281567  0.988641  
-0.0544338  0.00764745  0.00547369  0.171563  -0.288705  0.980427  
-0.053944  0.00762218  0.00529409  0.170009  -0.266331  0.949541  
-0.054641  0.00760362  0.00515566  0.181473  -0.24707  0.998873  
-0.0538665  0.00748665  0.00535673  0.181633  -0.298363  0.933454  
-0.0541436  0.00731237  0.00535957  0.196235  -0.228141  0.965668  
-0.0540092  0.00726504  0.00521806  0.189986  -0.279871  0.966944  
-0.0535152  0.00720996  0.0051723  0.190852  -0.288512  0.925271  
-0.0536357  0.0075583  0.00526579  0.19476  -0.252832  0.953554  
-0.0535951  0.00791623  0.00524051  0.182999  -0.284687  0.932444  
-0.0478642  0.00782797  0.00501312  0.207855  -0.2446  0.630171  
-0.0486359  0.00792244  0.00513097  0.20785  -0.167634  0.720765  
-0.050045  0.00804198  0.0055838  0.209388  -0.231952  0.804932  
-0.0520487  0.00800475  0.00572549  0.224126  -0.221657  0.873343  
-0.0527447  0.00787126  0.0060028  0.244273  -0.249645  0.87891  
-0.0534244  0.00749058  0.00660393  0.325727  -0.258764  0.929633  
-0.0522729  0.00616304  0.00793862  0.386391  -0.285642  0.89951  
-0.0529426  0.00677936  0.00749615  0.338564  -0.263024  0.844346  
-0.0537035  0.00709299  0.00787763  0.347265  -0.224385  0.884335  
-0.0537929  0.0068534  0.00834495  0.367315  -0.243727  0.884653  
-0.0535603  0.0071737  0.00865817  0.378689  -0.264808  0.900001  
-0.053653  0.00714833  0.00820093  0.352627  -0.254082  0.883674  
-0.0542399  0.00745564  0.0084651  0.352281  -0.242711  0.897686  
-0.0546036  0.00708348  0.00852669  0.368824  -0.26136  0.894068  
-0.0544495  0.00723747  0.00891606  0.372933  -0.274268  0.897723  
-0.0546813  0.00750655  0.00942018  0.376141  -0.272244  0.907812  
-0.0557294  0.00743908  0.00926803  0.380031  -0.266438  0.916288  
-0.0557897  0.00708368  0.00967836  0.396254  -0.255134  0.930543  
-0.0558507  0.0073023  0.00948313  0.385445  -0.242996  0.945809  
-0.0559105  0.00762082  0.00953414  0.398301  -0.284074  0.964813  
-0.0564377  0.00793187  0.00922102  0.38805  -0.267318  1.0015  
-0.0570609  0.00781011  0.00955083  0.390653  -0.268457  1.05454  
-0.0571901  0.00773757  0.00939522  0.393903  -0.280365  1.05995  
-0.0575169  0.00764974  0.00963738  0.400667  -0.281909  1.0791  
-0.0580132  0.00799643  0.0100922  0.405283  -0.295302  1.14437  
-0.0584459  0.00790785  0.0103386  0.415071  -0.303286  1.15801  
-0.0588435  0.00796569  0.0106739  0.427884  -0.300498  1.17373  
-0.0586713  0.00835564  0.0104895  0.422843  -0.300231  1.12864  
-0.0597198  0.00745155  0.0114489  0.452417  -0.292196  1.21322  
-0.0595884  0.00817535  0.0113231  0.447691  -0.278752  1.18349  
-0.0584508  0.00774939  0.0116738  0.437949  -0.291682  1.09998  
-0.0589499  0.00783396  0.0114932  0.439953  -0.290276  1.13184  
-0.0592697  0.00765839  0.0118359  0.456767  -0.264021  1.12683  
-0.059075  0.00763048  0.011766  0.43605  -0.277865  1.13506  
-0.0595626  0.00702237  0.0116676  0.453877  -0.261034  1.19169  
-0.0596449  0.00732244  0.0115501  0.456059  -0.268544  1.20861  
-0.0596754  0.00716526  0.0113823  0.450906  -0.288392  1.2003  
-0.0599002  0.00738514  0.0115188  0.446643  -0.291393  1.19213  
-0.0520915  0.00718648  0.0115696  0.40837  -0.235875  0.949858  
-0.0481653  0.00686434  0.0119206  0.392467  -0.246221  0.8368  
-0.0510718  0.00591975  0.0126281  0.376225  -0.279947  0.89038  
-0.0545527  0.00488933  0.0121898  0.399947  -0.249896  0.901285  
-0.0545804  0.00458379  0.0108499  0.357089  -0.270129  0.88785  
-0.0546039  0.00457456  0.0105469  0.34949  -0.275249  0.885007  
-0.0540276  0.0040537  0.0101807  0.348482  -0.264147  0.85356  
-0.0547088  0.00442446  0.0104099  0.361307  -0.248522  0.902434  
-0.0551463  0.00420412  0.011176  0.405306  -0.29301  0.90796  
-0.0561827  0.0046774  0.0113743  0.397407  -0.281609  0.936398  
-0.0539723  0.00534955  0.0108849  0.294969  -0.289038  0.923334  
-0.0480045  0.00529424  0.0100504  0.300986  -0.269998  0.825676  
-0.0483564  0.00454387  0.0110536  0.31503  -0.265476  0.905434  
-0.0504179  0.00456767  0.0119895  0.344052  -0.286273  0.862187  
-0.0525549  0.0041244  0.0117907  0.377265  -0.260962  0.902393  
-0.0490395  0.00442783  0.0101739  0.363139  -0.280476  0.7539  
-0.0501022  0.00344153  0.00949262  0.342935  -0.237611  0.80912  
-0.0508717  0.0032779  0.00951282  0.345576  -0.238236  0.830468  
-0.0509688  0.0029602  0.009689  0.348101  -0.279298  0.805138  
-0.0517106  0.0028781  0.0102869  0.361545  -0.25807  0.81766  
-0.0525477  0.00326836  0.0107185  0.377414  -0.233704  0.835892  
-0.0519857  0.00346688  0.0104337  0.371361  -0.276417  0.799875  
-0.0519125  0.00307513  0.0105691  0.383163  -0.248206  0.78962  
-0.0520416  0.003367  0.0103312  0.369044  -0.264731  0.786122  
-0.0516054  0.00317458  0.00998486  0.355284  -0.296189  0.765786  
-0.0518879  0.0030088  0.00995087  0.364896  -0.281205  0.786127  
-0.0517055  0.00278383  0.00992452  0.361896  -0.275025  0.78629  
-0.0515534  0.00279415  0.00912765  0.308739  -0.290509  0.758696  
-0.0514619  0.00260587  0.00876336  0.308946  -0.244458  0.761497  
-0.0506795  0.00228736  0.00926129  0.345162  -0.266912  0.80948  
-0.0504459  0.00297078  0.0104096  0.355305  -0.274803  0.77979  
-0.0495075  0.00314234  0.0104232  0.346822  -0.260628  0.779435  
-0.0496801  0.00317354  0.0103226  0.346952  -0.285851  0.763584  
-0.0504948  0.00353021  0.0100795  0.361231  -0.254715  0.786894  
-0.0507286  0.00355529  0.0106123  0.37731  -0.299247  0.782297  
-0.050784  0.00384286  0.0105493  0.377748  -0.314563  0.7676  
-0.0514213  0.0032392  0.0102243  0.380844  -0.293131  0.778594  
-0.0515814  0.00344718  0.0104146  0.376592  -0.278066  0.78474  
-0.0506654  0.00385844  0.010244  0.374657  -0.314552  0.780684  
-0.051258  0.00364663  0.0099289  0.368349  -0.286233  0.775243  
-0.0511056  0.00371836  0.00996863  0.384044  -0.286084  0.799173  
-0.0504224  0.00349951  0.0101065  0.381631  -0.306959  0.748616  
-0.0512329  0.0035858  0.0103978  0.383218  -0.257573  0.769164  
-0.051677  0.00366401  0.0105209  0.388698  -0.276861  0.78235  
-0.0515261  0.00349071  0.0103349  0.386965  -0.275095  0.763567  
-0.051827  0.00346289  0.0105965  0.373376  -0.263378  0.836755  
-0.0508993  0.00366577  0.010728  0.385019  -0.288967  0.797116  
-0.0327084  0.00229078  0.0103568  0.355701  -0.0813629  0.530162  
-0.0340583  0.00176648  0.0112493  0.33424  -0.119722  0.643263  
-0.0348717  0.00204232  0.011013  0.355702  -0.145848  0.609495  
-0.0361547  0.00225297  0.0110355  0.35428  -0.159582  0.596997  
-0.0370939  0.00229929  0.0110183  0.346568  -0.152546  0.613966  
-0.0377912  0.00217838  0.0110808  0.355292  -0.169572  0.645738  
-0.0376536  0.00215222  0.0110167  0.348974  -0.194832  0.649101  
-0.0377363  0.00203799  0.0109577  0.33401  -0.166682  0.643873  
-0.0366997  0.00168187  0.0109505  0.375806  -0.130568  0.637883  
-0.0381497  0.00155894  0.0108413  0.349531  -0.196789  0.56128  
-0.0387675  0.00121686  0.0101342  0.325695  -0.169228  0.616766  
-0.0389954  0.00125334  0.0106066  0.327901  -0.206377  0.562103  
-0.0390133  0.00154297  0.00991272  0.316372  -0.175099  0.584953  
-0.037754  0.0016196  0.0105262  0.31451  -0.195301  0.662269  
-0.0377343  0.00165936  0.0102487  0.303504  -0.224176  0.672151  
-0.0379874  0.00177128  0.00975318  0.277772  -0.170115  0.652762  
-0.0378784  0.00193734  0.00989721  0.28716  -0.22597  0.629049  
-0.0389093  0.00156358  0.00999383  0.284516  -0.20205  0.654316  
-0.0392035  0.00106565  0.0100592  0.287504  -0.212371  0.669134  
-0.0397252  0.00120116  0.0103353  0.308579  -0.242996  0.62552  
-0.0409146  0.00135328  0.00971881  0.29455  -0.233825  0.623517  
-0.0411822  0.00128287  0.00928496  0.287354  -0.234462  0.655881  
-0.0419658  0.00127424  0.0096246  0.297551  -0.256509  0.649909  
-0.0429897  0.00155363  0.00985435  0.311349  -0.284598  0.625351  
-0.0424905  0.00157331  0.00963415  0.302318  -0.249392  0.584924  
-0.0432772  0.00170957  0.00918082  0.273179  -0.233235  0.602004  
-0.0432672  0.0024847  0.0101605  0.252933  -0.269487  0.451152  
-0.039296  -0.00169649  0.00916166  0.151402  -0.278729  0.127239  
-0.0375159  0.00153313  0.00867173  0.173542  -0.310929  0.499475  
-0.0394526  0.00270984  0.0079489  0.179825  -0.367864  0.417248  
-0.0371129  0.00380195  0.00729656  0.185756  -0.251824  0.624258  
-0.0363481  0.00504778  0.00737238  0.14898  -0.270554  0.648878  
-0.0378114  0.00534989  0.00691005  0.169205  -0.225366  0.728874  
-0.0380112  0.00551032  0.00735903  0.18351  -0.251667  0.686234  
-0.0380532  0.00505298  0.00719262  0.179065  -0.216216  0.721628  
-0.0376229  0.00491787  0.00735791  0.182454  -0.261173  0.676025  
-0.0378081  0.00442151  0.00729618  0.181497  -0.213127  0.680205  
-0.0379477  0.0043641  0.00712768  0.180253  -0.270856  0.681485  
-0.0380519  0.00428596  0.00734667  0.179907  -0.23602  0.702493  
-0.0381033  0.00462914  0.00731741  0.184497  -0.288896  0.683717  
-0.0381668  0.00449177  0.00736835  0.17926  -0.255237  0.726488  
-0.0383385  0.00442707  0.00724038  0.189559  -0.31143  0.709255  
-0.0380796  0.00457512  0.00741271  0.174942  -0.27012  0.709424  
-0.0382438  0.00449904  0.00748359  0.175004  -0.288811  0.688711  
-0.0386253  0.00460307  0.00766414  0.175952  -0.287571  0.671072  
