-0.0110211  0.00134059  0.0011258  0.0460809  -0.367482  0.502471  
-0.0112315  0.00156245  0.00113655  0.0481071  -0.304898  0.559216  
-0.01061  0.00144065  0.00111099  0.0456723  -0.323748  0.541633  
-0.0109932  0.00129234  0.000948132  0.0457358  -0.328461  0.569407  
-0.0105843  0.00123822  0.000694846  0.0458217  -0.296758  0.605509  
-0.0115611  0.00117265  0.000671887  0.0458658  -0.331988  0.626962  
-0.0121558  0.00121864  0.00111099  0.0457491  -0.317237  0.624156  
-0.0112132  0.00130293  0.00111099  0.045776  -0.305029  0.540532  
-0.0108107  0.000797126  0.00111099  0.0458053  -0.313383  0.5515  
-0.0103929  0.000873459  0.0014112  0.053567  -0.274994  0.497731  
-0.00959628  0.000530795  0.00163822  0.0630271  -0.322162  0.42333  
-0.010263  0.000733046  0.00133525  0.0596352  -0.26924  0.419676  
-0.0076284  0.000389665  0.0016105  0.0699706  -0.310611  0.284232  
-0.00834375  0.000299405  0.00176338  0.0682087  -0.24776  0.316939  
-0.00684911  0.000341005  0.0015778  0.0648306  -0.26838  0.262746  
-0.00812925  0.000414036  0.00163818  0.0531143  -0.244214  0.332005  
-0.00713202  0.00013725  0.00159274  0.0614661  -0.275516  0.267926  
-0.00770561  0.000350111  0.00162245  0.0572437  -0.258005  0.29272  
-0.00732845  0.000339015  0.00111099  0.0653574  -0.247608  0.267747  
-0.00761796  0.000300429  0.00156894  0.058671  -0.248561  0.269211  
-0.00854735  0.000370227  0.00111099  0.0580364  -0.233148  0.320758  
-0.00766796  0.000396475  0.00122651  0.0602862  -0.276889  0.279563  
-0.00870424  0.000326915  0.00149788  0.0652658  -0.2427  0.312906  
-0.00686773  0.000247237  0.00167428  0.0651904  -0.279546  0.190101  
-0.00825811  5.42211e-05  0.0016625  0.0615247  -0.247869  0.255762  
-0.00684714  0.000113194  0.00155596  0.0651922  -0.269681  0.195899  
-0.00774365  9.01489e-05  0.00136812  0.0472441  -0.258121  0.233065  
-0.00801161  0.000273496  0.00111099  0.0451997  -0.257858  0.257269  
-0.00811293  0.00032699  0.00149346  0.0471882  -0.2585  0.305948  
-0.0082097  0.000633575  0.00111099  0.0357939  -0.254083  0.27535  
-0.00664642  0.000633576  0.00141022  0.0334964  -0.291159  0.206985  
-0.00771788  0.000633575  0.00111099  0.0262925  -0.24939  0.272127  
-0.00662752  0.000633576  0.00111099  0.014755  -0.302406  0.216762  
-0.007916  0.000633576  0.000919438  0.00338179  -0.27577  0.31432  
-0.00663817  0.000633576  0.00071576  -0.00794784  -0.319001  0.232508  
-0.00833436  0.000633575  0.000420642  -0.0130953  -0.297676  0.331797  
-0.00727846  0.000946207  0.000493698  -0.0186473  -0.327816  0.257699  
-0.0082707  0.00111618  0.000591242  -0.0222968  -0.308235  0.330832  
-0.00746793  0.00120105  0.000321162  -0.0289839  -0.322093  0.260106  
-0.00807243  0.000781631  0.000255391  -0.033864  -0.310879  0.339208  
-0.00738677  0.00102607  0.000306402  -0.0222176  -0.310322  0.269909  
-0.00779179  0.00079533  0.000590127  -0.022284  -0.306464  0.297344  
-0.00753303  0.000898816  0.000255391  -0.00481825  -0.289419  0.272156  
-0.00731865  0.000827108  0.000438716  -0.00543593  -0.321026  0.299441  
-0.0077752  0.000994336  0.000497558  0.00357908  -0.281521  0.289085  
-0.00719938  0.000978142  0.000614363  0.00583449  -0.337011  0.279387  
-0.00808538  0.000923882  0.000449565  0.00884245  -0.287628  0.334902  
-0.00730137  0.000999751  0.000532872  0.0111428  -0.3429  0.265184  
-0.00829534  0.00100608  0.000605488  0.00876982  -0.31184  0.365819  
-0.00776439  0.00105853  0.000422944  0.011048  -0.311542  0.303036  
-0.00798539  0.00106562  0.000255391  0.00890149  -0.322158  0.358984  
-0.00849842  0.000948601  0.000398058  0.00885501  -0.302161  0.349924  
-0.00695026  0.00067243  0.000350724  0.0088506  -0.339521  0.342914  
-0.00852742  0.00120105  0.000439673  0.00300256  -0.309132  0.402677  
-0.00820128  0.000875306  0.000255391  0.00262395  -0.339851  0.338875  
-0.00780284  0.00120105  0.000255392  -0.00232247  -0.362886  0.331137  
-0.00858382  0.000815616  0.000255392  0.0089077  -0.29752  0.377961  
-0.00686766  0.000970197  0.000551928  0.0142464  -0.354042  0.303644  
-0.00840523  0.00102339  0.000669871  0.0168357  -0.288257  0.377721  
-0.00683434  0.0010755  0.00070989  0.0235809  -0.328692  0.305499  
-0.0078811  0.000772962  0.000854181  0.0274677  -0.307225  0.381088  
-0.00716975  0.00087522  0.00083068  0.0392992  -0.307869  0.335152  
-0.00694742  0.000772985  0.000856274  0.0265238  -0.334446  0.369042  
-0.00766123  0.000785808  0.000933792  0.0392929  -0.299709  0.375195  
-0.00602829  0.000733081  0.00100703  0.0309738  -0.334042  0.309736  
-0.00710174  0.000598876  0.000912192  0.0439625  -0.285864  0.3559  
-0.00563364  0.00047323  0.000798787  0.0439541  -0.311615  0.272825  
-0.00672399  0.000481112  0.000978477  0.0414162  -0.290365  0.348524  
-0.00640748  0.000159037  0.000751731  0.0440271  -0.285814  0.314215  
-0.00619827  0.00023619  0.000955655  0.0439533  -0.310612  0.305012  
-0.0066447  0.000345662  0.000644067  0.0440372  -0.277063  0.303607  
-0.00569853  0.000345662  0.000632558  0.0418834  -0.311733  0.273371  
-0.00666737  0.000345662  0.000676864  0.0439743  -0.274372  0.29166  
-0.00530085  0.000187156  0.000819792  0.0439426  -0.321778  0.235422  
-0.00572859  3.06719e-05  0.000764849  0.0439503  -0.272662  0.180151  
-0.00523531  0.000150978  0.000611581  0.0440106  -0.310634  0.186032  
-0.00671377  0.000345662  0.000835992  0.0439755  -0.280222  0.284972  
-0.00548027  -5.6299e-05  0.000736172  0.0273871  -0.289314  0.236847  
-0.0055168  0.000345662  0.00100279  0.0406579  -0.286262  0.246873  
-0.00581042  -0.000110187  0.000848172  0.0439709  -0.271233  0.244671  
-0.00520901  -6.01018e-05  0.000889358  0.0440107  -0.282566  0.225042  
-0.00592947  -0.000144159  0.000625944  0.0440563  -0.253516  0.25257  
-0.00472685  -7.99027e-05  0.000926495  0.0360673  -0.295396  0.209016  
-0.0058069  0.000123611  0.000704765  0.0288103  -0.246207  0.272898  
-0.00458111  -6.53025e-05  0.000890757  0.0418365  -0.297032  0.17944  
-0.00535022  -0.000110227  0.000752895  0.0439858  -0.257192  0.259745  
-0.00433033  -6.87261e-05  0.000803132  0.0439579  -0.279152  0.148391  
-0.00461632  -0.000116231  0.000678567  0.0440012  -0.264303  0.212822  
-0.00439948  -0.000283843  0.000752657  0.0439679  -0.260029  0.15557  
-0.00406522  -0.000283843  0.000842415  0.0439528  -0.278988  0.194454  
-0.00473394  -0.000283843  0.000847767  0.0585378  -0.247341  0.185171  
-0.00387734  8.6987e-05  0.000963742  0.0662572  -0.290583  0.174802  
-0.00478189  8.01829e-05  0.00112906  0.0773833  -0.240816  0.205794  
-0.0035408  6.09526e-05  0.00112289  0.0757964  -0.281213  0.183531  
-0.00450114  9.58208e-05  0.00126957  0.0780588  -0.257982  0.231671  
-0.00378082  -0.000144383  0.00127911  0.0841432  -0.280916  0.194329  
-0.00447363  0.00013467  0.00133153  0.0763638  -0.276509  0.253312  
-0.00393688  0.00013467  0.00133153  0.0841292  -0.262802  0.230373  
-0.004046  5.59854e-05  0.00133153  0.084125  -0.290787  0.230545  
-0.00426664  0.00013467  0.00133153  0.0841292  -0.254644  0.233966  
-0.00383912  0.00013467  0.001554  0.0840417  -0.302695  0.208677  
-0.00450154  0.0002772  0.00133153  0.0841367  -0.269522  0.232989  
-0.00374827  0.00013467  0.00133153  0.0841292  -0.297567  0.154614  
-0.00388107  0.000536677  0.00133153  0.0841419  -0.269604  0.180547  
-0.00373633  0.00013467  0.00133153  0.0841292  -0.248922  0.183219  
-0.00327319  0.00013467  0.00133153  0.0841292  -0.27951  0.175564  
-0.00388016  0.00013467  0.00133153  0.0841292  -0.228017  0.205282  
-0.0029527  -4.62236e-05  0.00161769  0.0769637  -0.293408  0.15597  
-0.00299795  0.00013467  0.00166881  0.0689238  -0.228651  0.185887  
-0.00191229  0.00013467  0.0014685  0.0654568  -0.265073  0.132909  
-0.00297655  0.000300603  0.00161811  0.065448  -0.201595  0.130254  
-0.00204761  0.00013467  0.0015737  0.0746417  -0.247843  0.0970171  
-0.00317176  0.00013467  0.00163532  0.0737822  -0.221301  0.170865  
-0.00224793  0.00013467  0.0016429  0.0718358  -0.244794  0.136458  
-0.00340252  0.000758118  0.00165558  0.0607372  -0.230652  0.217049  
-0.00268162  0.000280761  0.00161952  0.0671366  -0.250701  0.153491  
-0.00333703  0.00013467  0.00165374  0.0641697  -0.246668  0.179568  
-0.00255477  7.54083e-05  0.0018068  0.0721316  -0.237697  0.11239  
-0.00278207  -4.56482e-05  0.00186435  0.0726104  -0.230649  0.141404  
-0.00207751  -0.000296188  0.00157209  0.0701244  -0.216825  0.0804897  
-0.00195329  -0.00054619  0.00169163  0.0711223  -0.230566  0.0850187  
-0.00251943  -0.000305815  0.00133153  0.0831587  -0.208749  0.0731855  
-0.00131756  -0.000368137  0.00168136  0.0734122  -0.236751  0.0530474  
-0.0023785  -0.000530727  0.00133153  0.0731235  -0.197393  0.0928411  
-0.0011896  -0.000694464  0.00192928  0.0716161  -0.241462  0.0341234  
-0.00207666  -0.000530565  0.00156533  0.0762536  -0.19218  0.0935422  
-0.00140139  -0.000368137  0.00162632  0.0830913  -0.229058  0.0445557  
-0.00181521  -0.000368137  0.00155837  0.0831033  -0.197001  0.103265  
-0.00269414  -3.59478e-05  0.00110641  0.0831991  -0.191434  0.085849  
-0.00286254  0.000323067  0.000923376  0.0674009  -0.245414  0.183936  
-0.00417038  0.000469346  0.00123643  0.0832259  -0.194776  0.250957  
-0.00298211  0.000323067  0.00133153  0.0662492  -0.255026  0.182735  
-0.00392397  0.000323067  0.00133153  0.0652926  -0.221915  0.253897  
-0.00278855  0.000323067  0.00133153  0.0570634  -0.253367  0.175245  
-0.0034041  6.61895e-05  0.00157284  0.0658983  -0.259559  0.212545  
-0.00363008  0.000269196  0.00133153  0.0659699  -0.234446  0.168126  
-0.00258664  0.000165982  0.00139896  0.0659462  -0.253593  0.179529  
-0.00333916  0.000323067  0.00142252  0.0659541  -0.208249  0.211896  
-0.00185327  -0.000147661  0.00162931  0.0681054  -0.252825  0.124099  
-0.00299343  -0.000199314  0.00133153  0.0659387  -0.1943  0.209552  
-0.00177606  -0.000249209  0.0015991  0.0798424  -0.223188  0.125967  
-0.00299748  -0.000127032  0.00155832  0.0861607  -0.186903  0.179074  
-0.00197475  -0.000247082  0.00133153  0.0919548  -0.208914  0.127825  
-0.00230149  -0.00022535  0.00160277  0.0900548  -0.196985  0.137607  
-0.00213008  -0.000280012  0.00133153  0.0883073  -0.188353  0.123467  
-0.00194218  -0.000228079  0.00151733  0.0819871  -0.226693  0.120519  
-0.00291034  -5.40324e-05  0.00133153  0.0809753  -0.178289  0.168993  
-0.00179024  -7.1354e-05  0.00154599  0.0799258  -0.231447  0.106229  
-0.0027419  8.87534e-05  0.00133153  0.0819504  -0.191634  0.162167  
-0.00181717  -7.7595e-05  0.00164346  0.079649  -0.222419  0.0834582  
-0.00215814  -0.000153434  0.00159958  0.0750301  -0.207695  0.139874  
-0.00188997  9.78761e-05  0.00152631  0.0730548  -0.202745  0.0918396  
-0.00112874  -0.000102506  0.00165205  0.0699151  -0.226848  0.102854  
-0.00199234  0.000323068  0.00133154  0.0659732  -0.184105  0.144352  
-0.00101242  -1.79546e-05  0.0014898  0.0749456  -0.224492  0.124149  
-0.00219634  0.000105242  0.0014342  0.0726465  -0.177428  0.180703  
-0.00121875  3.97254e-05  0.00133154  0.0659483  -0.225418  0.110432  
-0.00124179  0.000144442  0.00133153  0.0659629  -0.200428  0.159558  
-0.000570664  0.000323068  0.00124417  0.0742282  -0.195147  0.120546  
-0.000488676  0.000143283  0.00133154  0.0713672  -0.192  0.165812  
-7.11416e-05  0.000323068  0.00133154  0.0818235  -0.182665  0.119593  
-7.11416e-05  -1.26821e-05  0.00133154  0.0815423  -0.194048  0.158359  
-2.79602e-05  -8.50298e-05  0.00133154  0.0856638  -0.177831  0.11636  
0.000277765  -9.77754e-05  0.00133154  0.0860926  -0.201243  0.138509  
-5.74968e-06  8.17791e-05  0.00133154  0.0927554  -0.165554  0.149015  
0.000711315  -3.95857e-05  0.0014791  0.0919071  -0.206152  0.122648  
2.95895e-05  0.000126422  0.0014178  0.0923432  -0.157236  0.168707  
0.00101459  0.000196057  0.00133154  0.0994154  -0.201825  0.121254  
0.000197717  0.000323068  0.00133154  0.0992323  -0.173707  0.167031  
0.000311087  0.000323068  0.00133154  0.104221  -0.16985  0.117351  
0.00052203  -0.000124392  0.00141048  0.108138  -0.192669  0.141832  
-0.000157411  -8.94696e-05  0.00133154  0.101754  -0.170683  0.136494  
0.00127223  -0.000258891  0.00149623  0.108108  -0.199527  0.13706  
-8.22889e-05  0.000170371  0.00166943  0.108153  -0.1498  0.211166  
-0.000965586  0.000323068  0.00133154  0.10819  -0.168396  0.277876  
-0.00143459  0.000224197  0.00154594  0.0902626  -0.154243  0.329783  
-0.00143459  -0.000123778  0.00158825  0.100509  -0.159306  0.282142  
-0.00134269  -0.000144209  0.00170164  0.0914939  -0.172203  0.313249  
-0.00217939  0.000323068  0.00133154  0.0915174  -0.157899  0.297  
-0.00105124  -0.000105343  0.00133154  0.0915032  -0.181095  0.275409  
-0.00149127  -4.25607e-05  0.00133154  0.0887248  -0.131356  0.29518  
-0.000195857  -0.000213192  0.00133154  0.0842773  -0.197058  0.236384  
-0.00134186  0.000113982  0.00133154  0.0843849  -0.145886  0.319828  
-0.000396549  -9.57315e-05  0.00116125  0.0750358  -0.174766  0.225065  
-0.000941555  6.37522e-05  0.00116132  0.0733813  -0.156534  0.300469  
-0.000668675  0.000323068  0.0011181  0.0832764  -0.154394  0.24064  
-0.000634591  0.000131772  0.00133154  0.0856098  -0.155496  0.289071  
-0.00107464  0.000323068  0.00133154  0.0957908  -0.135446  0.245674  
-0.000426338  -7.15775e-05  0.00133154  0.0829886  -0.160508  0.272226  
-0.00104964  0.000323069  0.00106246  0.0886296  -0.129827  0.302538  
-0.000446554  0.000127974  0.00120873  0.0841957  -0.164027  0.306728  
-0.0014749  0.00020483  0.00133154  0.0910816  -0.117251  0.337366  
-0.000618452  0.000183977  0.00121892  0.0941581  -0.178184  0.304934  
-0.00160788  0.000323069  0.000972961  0.0734067  -0.134997  0.413848  
-0.000929933  0.000222953  0.00104747  0.0868209  -0.162566  0.356995  
-0.00140121  0.000121619  0.000999592  0.073414  -0.154165  0.439195  
-0.00169617  0.000141287  0.000906062  0.0863977  -0.137979  0.385829  
-0.000972824  6.16311e-05  0.00117644  0.082278  -0.173677  0.400951  
-0.00214936  0.000323069  0.00119573  0.0813658  -0.130714  0.432025  
-0.000919142  0.000186015  0.00113071  0.0796811  -0.177804  0.401202  
-0.00186798  0.000323069  0.00109938  0.0733864  -0.136965  0.482834  
-0.00126861  0.000323069  0.00106062  0.0733941  -0.157737  0.454698  
-0.00127574  0.000199939  0.00108323  0.0790238  -0.158322  0.491318  
-0.00157352  7.40349e-06  0.000928851  0.0734583  -0.134062  0.488664  
-0.00117222  0.000323069  0.000982069  0.0734042  -0.165356  0.480827  
-0.00237509  0.000323069  0.000928851  0.0824839  -0.113096  0.524782  
-0.00130629  -0.000156962  0.000928852  0.0734958  -0.166739  0.508785  
-0.00278867  -0.000148744  0.000928851  0.0696089  -0.118799  0.614729  
-0.00232238  -7.71289e-05  0.0011658  0.054005  -0.145041  0.611474  
-0.00368638  -5.00292e-05  0.000928852  0.0598574  -0.109489  0.663778  
-0.00317135  0.000213348  0.000928852  0.0539682  -0.132333  0.623534  
-0.00378424  0.000323069  0.000928852  0.0573143  -0.152926  0.673192  
-0.00350812  0.000323069  0.000928852  0.0683141  -0.121517  0.640134  
-0.00377355  0.000323069  0.000928852  0.074548  -0.148533  0.652855  
-0.00391148  0.000323069  0.000928852  0.0677438  -0.119136  0.636167  
-0.0032228  -0.000202593  0.00140329  0.0691113  -0.158134  0.608619  
-0.00389841  -0.000196618  0.00111793  0.0647918  -0.106389  0.641433  
-0.00227183  -0.00019924  0.00145889  0.0760167  -0.15733  0.480723  
-0.00298923  -0.000326755  0.00117303  0.0719406  -0.11205  0.556834  
-0.00214948  -0.000190218  0.00119617  0.0769251  -0.135649  0.504694  
-0.00247122  -0.000206128  0.00117642  0.0693012  -0.129942  0.575685  
-0.00276626  0.000323069  0.000928852  0.0620505  -0.11372  0.575314  
-0.00216762  -0.000103173  0.000928852  0.0745846  -0.161363  0.514589  
-0.0037805  8.15287e-05  0.000928852  0.0663292  -0.116711  0.602025  
-0.0026803  -0.00015655  0.00114141  0.0703717  -0.168836  0.539277  
-0.00405425  0.00032307  0.000856625  0.0539548  -0.123432  0.674251  
-0.00379557  0.000104787  0.000928852  0.0539967  -0.157366  0.676015  
-0.00510379  0.000243991  0.000781928  0.0539862  -0.148802  0.790753  
-0.00621586  0.000479206  0.000694076  0.0539294  -0.147821  0.811088  
-0.00607546  0.00032307  0.000848223  0.0539576  -0.187321  0.833092  
-0.0071543  0.000531239  0.000553974  0.0563881  -0.161318  0.886247  
-0.00656653  0.000410294  0.000517564  0.0440628  -0.212663  0.826999  
-0.00729733  0.000825785  0.000681272  0.0459221  -0.162945  0.845263  
-0.00545711  0.000314854  0.000678852  0.0533722  -0.203166  0.732699  
-0.00646463  0.000325067  0.000822806  0.0504235  -0.172211  0.794646  
-0.00545545  0.000362426  0.000928852  0.0574243  -0.169364  0.697186  
-0.00580224  0.000310498  0.000928852  0.0493562  -0.179622  0.751468  
-0.005101  4.29582e-05  0.000928852  0.0549523  -0.160981  0.614759  
-0.00411013  -8.32979e-05  0.000928852  0.0547056  -0.168161  0.613103  
-0.00389745  -6.29077e-05  0.000928852  0.0523703  -0.148556  0.547806  
-0.00351932  -0.000416328  0.00112304  0.0611296  -0.16457  0.543717  
-0.00397661  -0.000170209  0.000538842  0.056152  -0.12769  0.553042  
-0.00297968  -0.000170209  0.000857976  0.0616747  -0.164177  0.500263  
-0.00356868  -0.000170209  0.000928852  0.0463691  -0.123475  0.533859  
-0.00256316  -0.000564318  0.0008547  0.0468599  -0.168733  0.502207  
-0.00406926  -3.5789e-06  0.000740954  0.0364369  -0.116835  0.592247  
-0.0023969  -0.000472309  0.000869  0.0365189  -0.155543  0.505509  
-0.00295906  -0.00060303  0.000928852  0.0365272  -0.114167  0.511097  
-0.00275001  -0.000170209  0.000928852  0.0364492  -0.13231  0.518923  
-0.00297533  -0.000387441  0.000928851  0.0485426  -0.129916  0.509717  
-0.00275253  -0.000338284  0.00108072  0.06663  -0.142018  0.405353  
-0.00326105  -0.000170209  0.000928852  0.0620254  -0.104584  0.465134  
-0.00248607  -0.000170209  0.000928851  0.0576306  -0.133936  0.422527  
-0.00275352  -0.000170209  0.000632956  0.0364915  -0.10505  0.496111  
-0.00148545  -0.000170209  0.000832222  0.0504257  -0.142986  0.418685  
-0.00231144  3.7591e-05  0.000835408  0.0520418  -0.123286  0.487472  
-0.00230453  0.000242625  0.000855352  0.0437185  -0.142079  0.445936  
-0.00247215  0.000505065  0.000928851  0.0384599  -0.114989  0.449451  
-0.00195171  0.000505065  0.000928851  0.036347  -0.106835  0.414188  
-0.00252604  0.000505065  0.000733834  0.0415364  -0.130468  0.460989  
-0.00281276  0.00055555  0.000856356  0.0478711  -0.108205  0.376473  
-0.00245343  0.000372066  0.000928851  0.0491705  -0.132797  0.402114  
-0.00260142  0.000505065  0.000928851  0.036347  -0.0972065  0.404493  
-0.0019789  0.000505065  0.000928851  0.036347  -0.135403  0.424544  
-0.0028065  0.000505065  0.000928851  0.0334352  -0.0989713  0.456168  
-0.00154694  0.000441729  0.000858831  0.0363644  -0.126855  0.361401  
-0.00191918  0.000169748  0.0008374  0.0261189  -0.0932553  0.385291  
-0.00162321  0.00034284  0.000928851  0.0363635  -0.083196  0.342275  
-0.0016384  0.000275562  0.000729517  0.036386  -0.113367  0.378021  
-0.00210616  0.000505065  0.000517683  0.0363832  -0.0872108  0.373536  
-0.00188528  0.000505065  0.000651225  0.0215579  -0.118663  0.36893  
-0.00256794  0.000636749  0.00050595  0.0299103  -0.0687515  0.394009  
-0.00133266  0.000580265  0.000498859  0.0302406  -0.126422  0.329597  
-0.00228247  0.000617391  0.000547116  0.0307457  -0.0873419  0.380798  
-0.001395  0.000505065  0.000499457  0.0213795  -0.117752  0.36374  
-0.00182002  0.000823946  0.000499457  0.00553784  -0.111257  0.386791  
-0.00163775  0.000980342  0.000499457  0.00952325  -0.111196  0.339551  
-0.00167182  0.000872733  0.000448899  0.0179888  -0.118972  0.366683  
-0.00161931  0.00113948  0.000499457  0.0239158  -0.0860482  0.302903  
-0.000865392  0.000797002  0.000499457  0.0239133  -0.127639  0.291446  
-0.00190545  0.00113948  0.000499457  0.0320622  -0.0962495  0.324368  
-0.00139421  0.00113948  0.000499457  0.0239158  -0.109276  0.282435  
-0.00118311  0.00089523  0.000436466  0.0146441  -0.115437  0.305336  
-0.00163443  0.00113948  0.000499457  0.0239158  -0.0796002  0.287966  
-0.000666615  0.00113948  0.000499457  0.0343203  -0.13242  0.246847  
-0.00164864  0.00140908  0.000499457  0.0238969  -0.0853818  0.286758  
-0.000464717  0.00124117  0.000559581  0.0306087  -0.129641  0.229594  
-0.00109836  0.0012391  0.000499457  0.037994  -0.113213  0.285576  
-0.000761223  0.00164909  0.000499457  0.0365319  -0.123109  0.252111  
-0.00121255  0.00164909  0.000499457  0.023667  -0.125  0.310469  
-0.00170769  0.00164909  0.0003939  0.0248873  -0.100978  0.32101  
-0.00089163  0.00147619  0.000499457  0.0204625  -0.141773  0.319132  
-0.0013866  0.00164909  0.000499457  0.0204528  -0.0974808  0.368593  
0.000190994  0.00126758  0.000129472  0.00935822  -0.15761  0.23766  
0.000248694  0.00126083  0.000303678  0.000499748  -0.0955476  0.280445  
0.00106535  0.00112252  0.000252243  0.00189071  -0.124743  0.136415  
0.00100071  0.0012351  7.68727e-05  0.00193998  -0.132602  0.13336  
0.000720831  0.00114178  5.66012e-05  -0.00879297  -0.0990021  0.204922  
0.000693837  0.00114178  0.000206896  -0.0150281  -0.131786  0.341155  
-0.000136334  0.00114178  0.000282157  -0.00614472  -0.101063  0.33345  
-0.000930063  0.00099334  0.000496184  -0.00111439  -0.078594  0.357238  
0.000388916  0.00059391  0.000407391  -0.00227437  -0.118633  0.307193  
-0.00122377  0.0011701  0.000255353  -0.0136897  -0.0668434  0.428458  
-0.000327231  0.00116194  5.66012e-05  -0.0197091  -0.104822  0.403732  
-0.00119033  0.00105873  5.66012e-05  -0.0300966  -0.0853206  0.513402  
-0.000604126  0.00122011  5.66012e-05  -0.0411563  -0.0981744  0.387948  
-0.000469713  0.00116194  5.66012e-05  -0.0417148  -0.0921011  0.42687  
-0.0005807  0.00109409  -0.000417514  -0.0438732  -0.0733626  0.372231  
-0.000510585  0.00116194  -0.000348746  -0.0434383  -0.088147  0.360364  
-0.001284  0.001608  -0.000637171  -0.0607266  -0.0477951  0.427154  
-0.000162235  0.00116194  -0.000682925  -0.0640908  -0.0882044  0.360716  
-0.00192745  0.00140904  -0.000764891  -0.061148  -0.0490894  0.445521  
-0.000804906  0.00116194  -0.000798757  -0.0595159  -0.0681911  0.374729  
-0.000912861  0.00130281  -0.000785018  -0.0649486  -0.0682091  0.399314  
-0.00126799  0.00165318  -0.00107183  -0.0789847  -0.0331462  0.398779  
-0.000561751  0.00161548  -0.00106678  -0.0806265  -0.0667777  0.391724  
-0.00155394  0.00185074  -0.00121304  -0.0806721  -0.0237959  0.429188  
-0.00063497  0.00148663  -0.00112114  -0.0862391  -0.0739001  0.380736  
-0.00174198  0.00202778  -0.00113849  -0.0932999  -0.0287513  0.45426  
-0.000780437  0.00168728  -0.00117209  -0.0806244  -0.0623241  0.386767  
-0.00137718  0.00178614  -0.00105683  -0.0596988  -0.0442548  0.411196  
-0.00166433  0.00163858  -0.000776066  -0.0528821  -0.0442836  0.388585  
-0.00296871  0.00183967  -0.000776066  -0.052905  -0.0715576  0.562093  
-0.00415167  0.00221702  -0.000776066  -0.0596622  -0.0449024  0.594152  
-0.00319345  0.00221702  -0.000654615  -0.052996  -0.0741873  0.519485  
-0.00355667  0.00228963  -0.000776066  -0.0891144  -0.0682199  0.574306  
-0.00386433  0.00241701  -0.000776066  -0.0939906  -0.0602559  0.567502  
-0.00348322  0.00223857  -0.000510655  -0.0828958  -0.081004  0.564607  
-0.0032883  0.00208113  -0.000410158  -0.0727817  -0.0446945  0.531259  
-0.00262687  0.00176552  0.000244358  -0.0659021  -0.100782  0.499278  
-0.00321873  0.00208113  -9.78234e-05  -0.0657827  -0.0606957  0.457988  
-0.00239932  0.0018541  -4.44664e-05  -0.0767775  -0.0845924  0.382156  
-0.00285482  0.00198333  -0.000161606  -0.0805672  -0.044628  0.384369  
-0.00119562  0.00193177  -0.000232983  -0.08603  -0.0748275  0.37903  
-0.00190281  0.00200194  -0.000275144  -0.0873742  -0.0445527  0.394832  
-0.000977051  0.0018261  -0.000170645  -0.0995991  -0.0750617  0.371054  
-0.00160841  0.00208113  -0.000170645  -0.099353  -0.0445282  0.381017  
-0.000725836  0.00208113  -0.000302482  -0.106744  -0.0743161  0.351629  
-0.0015935  0.00208113  -0.000170645  -0.0873929  -0.032391  0.376947  
-0.000391259  0.00170417  -0.000170645  -0.0982637  -0.0639761  0.289806  
-0.0010641  0.00208113  -0.000170645  -0.0984544  -0.0374254  0.366045  
-0.000284539  0.00208113  -0.000170645  -0.105041  -0.0445153  0.292778  
-0.000187052  0.00151044  -0.000170645  -0.0920276  -0.0445108  0.326198  
-0.000140905  0.00163272  -0.000170645  -0.0873492  -0.0235007  0.30731  
0.000210939  0.00165761  -0.000244475  -0.0907657  -0.0444696  0.306669  
-0.00126646  0.00208113  -0.000430216  -0.0873899  -0.0155147  0.342258  
8.73144e-05  0.00175678  -0.000170645  -0.0900124  -0.0548205  0.287467  
-0.00107925  0.00208113  -0.000170645  -0.0873929  -0.0204131  0.36206  
-0.000399405  0.00167796  -0.000170645  -0.0873414  -0.0445351  0.280195  
-0.000970833  0.0018535  -0.000170645  -0.0956135  -0.035995  0.366832  
-0.000619467  0.00192588  -0.000547883  -0.0975809  -0.0445934  0.302406  
-0.000696013  0.00181481  -0.000385601  -0.103447  -0.0445789  0.330576  
-0.000824945  0.00208113  -0.0004417  -0.104366  -0.0398892  0.299532  
-0.000126976  0.00172212  -0.000533644  -0.108013  -0.0530954  0.258779  
-0.00083084  0.00189525  -0.000567534  -0.10469  -0.0207395  0.276602  
0.000121204  0.00170299  -0.000601547  -0.11212  -0.0446923  0.219975  
-0.000637012  0.00208113  -0.000616052  -0.124214  -0.00783254  0.315848  
-5.11825e-05  0.00167516  -0.000572937  -0.131573  -0.0339896  0.248318  
1.75919e-05  0.00194094  -0.000475733  -0.123636  -0.0422576  0.272215  
-0.000311837  0.00197196  -0.000576444  -0.123574  -0.0242155  0.250269  
0.000301215  0.00165185  -0.000522381  -0.122048  -0.0601909  0.222735  
-0.000392384  0.00166997  -0.000574269  -0.120795  -0.0105574  0.257214  
0.00073967  0.00137787  -0.000659632  -0.118092  -0.0564494  0.212091  
-0.000529724  0.00166997  -0.000642767  -0.117011  -0.01669  0.277446  
0.00055137  0.00152073  -0.000583808  -0.118454  -0.0405256  0.239506  
0.0003257  0.00166997  -0.000583808  -0.120857  -0.037834  0.248699  
0.000203907  0.00166997  -0.000583808  -0.114945  -0.0301932  0.24946  
0.000471985  0.00146113  -0.000526376  -0.113246  -0.0494645  0.215573  
-0.000101584  0.00166997  -0.000583808  -0.112384  -0.013944  0.254113  
0.000179629  0.00140396  -0.000583808  -0.110856  -0.040628  0.223072  
-0.00027367  0.00159309  -0.000816379  -0.104628  0.00257728  0.259259  
0.0009645  0.00150945  -0.000889422  -0.113209  -0.0437223  0.214154  
-0.000278297  0.00151439  -0.000915157  -0.104634  0.00475883  0.302703  
0.000445024  0.00166997  -0.000926001  -0.111456  -0.0228898  0.228809  
-0.000333428  0.00172219  -0.000991291  -0.117309  -0.0121031  0.310969  
0.000560141  0.00166997  -0.00104394  -0.115965  -0.017582  0.266964  
-0.00038113  0.00176793  -0.000997586  -0.116445  -0.00309633  0.314027  
6.90507e-05  0.00166997  -0.000998945  -0.120587  -0.00739763  0.301657  
0.000229673  0.00185257  -0.000967079  -0.125234  -0.0251243  0.323496  
-0.000597092  0.00166997  -0.00105573  -0.132782  0.00514507  0.326786  
-0.000223874  0.00166997  -0.00102903  -0.138369  -0.0421373  0.285517  
-0.00119638  0.00166997  -0.00102903  -0.133156  0.00448649  0.341148  
0.000103269  0.00193097  -0.00134677  -0.140191  -0.0399267  0.275216  
-0.000876956  0.00188919  -0.00137845  -0.138699  0.00965509  0.336763  
0.000104041  0.00166997  -0.00146112  -0.125017  -0.0296187  0.273099  
-0.000575955  0.0020587  -0.00129345  -0.139662  0.0146565  0.33477  
0.000310038  0.00188608  -0.0014738  -0.136348  -0.0348865  0.262842  
-0.000263818  0.00166997  -0.00146419  -0.125004  -0.0132732  0.348034  
0.000214381  0.00166997  -0.00143418  -0.124993  -0.0132046  0.302143  
5.22585e-05  0.00166997  -0.00145364  -0.125002  -0.0132352  0.354232  
-0.000291579  0.00166997  -0.00132328  -0.136101  -0.0132581  0.318763  
0.000519299  0.00166997  -0.00134689  -0.134717  -0.0353561  0.321728  
-0.000273799  0.00166997  -0.00102903  -0.125002  -0.000275948  0.328003  
0.000360479  0.00166997  -0.00121765  -0.124996  -0.0338274  0.306421  
-0.000546839  0.00186773  -0.00125913  -0.134061  -0.00447503  0.372057  
0.000224793  0.00166997  -0.00142027  -0.12499  -0.0132682  0.337831  
-0.000263808  0.00202655  -0.0011952  -0.135967  -0.0132966  0.373497  
0.000412574  0.00172488  -0.00123976  -0.124997  -0.0303956  0.284848  
0.000106235  0.00174371  -0.00128296  -0.125002  -0.0132483  0.342176  
-0.000260064  0.00184997  -0.00135319  -0.124997  -0.0133119  0.327951  
-0.000284264  0.00166997  -0.00144074  -0.124964  -0.0133356  0.3491  
-0.000164869  0.00166997  -0.00143971  -0.129666  -0.0133597  0.333166  
0.000362014  0.00166997  -0.00148833  -0.140408  -0.0278097  0.298398  
-0.000209435  0.00166997  -0.0012236  -0.125005  0.0147619  0.297585  
0.000619296  0.00133597  -0.00120109  -0.124977  -0.0343058  0.217195  
-0.000201523  0.00141413  -0.00135868  -0.125001  0.00738535  0.301302  
4.47087e-05  0.00144144  -0.00131539  -0.112817  -0.00886252  0.225898  
0.000269837  0.00136114  -0.00120913  -0.10675  -0.00882956  0.249482  
-0.000427637  0.00159875  -0.00102903  -0.100332  0.0226449  0.227461  
0.000348665  0.00166997  -0.00102903  -0.0861669  -0.0151824  0.211779  
-0.000645063  0.00166997  -0.000877061  -0.0830058  0.0196849  0.248577  
0.000478031  0.00166997  -0.000791442  -0.0783406  -0.019451  0.195638  
-0.000243564  0.00145807  -0.000418302  -0.0803651  -0.00281286  0.270359  
-2.48794e-05  0.00143122  -0.000332236  -0.0806282  -0.0131287  0.190652  
0.000321938  0.00122186  -0.000542604  -0.0876307  -0.0248584  0.227057  
3.03164e-05  0.00113825  -0.000332236  -0.0782676  -0.00538396  0.230029  
0.000292722  0.00119354  -0.000332236  -0.0859883  -0.0447717  0.25123  
-0.000578453  0.00113825  -0.000332237  -0.0888282  -0.0102467  0.275452  
0.000231097  0.00147642  -0.000558784  -0.0925783  -0.0375254  0.22437  
-0.00118464  0.00153935  -0.000671016  -0.105945  0.00248482  0.35591  
-0.000272323  0.00149605  -0.000745282  -0.102929  -0.0358011  0.275952  
-0.000487715  0.00154474  -0.000751455  -0.115421  -0.0242458  0.321486  
-0.00074224  0.00155305  -0.000621061  -0.115759  -0.00284615  0.301739  
-8.29936e-05  0.00118986  -0.000332237  -0.108094  -0.0350529  0.288935  
-0.00107701  0.00132423  -0.000490652  -0.0994093  0.00218224  0.331033  
-0.000251117  0.00109005  -0.00046531  -0.0937813  -0.0339628  0.237177  
-0.000791338  0.00137311  -0.000458587  -0.101733  -0.000785785  0.312481  
-7.38175e-05  0.00137311  -0.000332237  -0.0897703  -0.0177261  0.234309  
-0.000289759  0.00137311  -0.000332237  -0.102672  -0.0177457  0.298098  
-0.000412248  0.00137311  -0.000332237  -0.100317  -0.000217955  0.251539  
0.000419582  0.00137311  -0.000438485  -0.10684  -0.0343724  0.218904  
-0.000534291  0.00137311  -0.000332237  -0.112939  -0.0113218  0.303227  
5.44474e-05  0.00137311  -0.000332237  -0.109802  -0.0345004  0.264365  
-0.000297417  0.00137311  -0.000332237  -0.116357  -0.0345764  0.342231  
0.000156864  0.00137311  -0.000442872  -0.112591  -0.034533  0.261563  
-1.0824e-06  0.00137311  -0.000332237  -0.109361  -0.0247012  0.322536  
-9.4055e-05  0.00137311  -0.000582613  -0.109359  -0.00808522  0.306549  
0.000649116  0.00137311  -0.000422904  -0.109364  -0.0223657  0.301347  
-0.000108623  0.00137311  -0.000634704  -0.105905  0.0143146  0.350695  
0.00104919  0.00137311  -0.000674242  -0.109968  -0.0141695  0.322414  
5.72658e-05  0.00130074  -0.000332238  -0.112517  0.00423245  0.36698  
0.00099109  0.00137311  -0.000622106  -0.109378  -0.023833  0.30004  
0.00034724  0.00137311  -0.000616457  -0.118041  0.00415951  0.308692  
0.000929195  0.0012833  -0.000752282  -0.109374  -0.0330255  0.199815  
9.62935e-05  0.00119491  -0.000332238  -0.109366  -0.013532  0.270368  
0.000510873  0.000961152  -0.000385339  -0.0979237  -0.0134834  0.209329  
0.000755459  0.00137311  -0.000527363  -0.101463  -0.0134808  0.251546  
0.000298634  0.00107601  -0.000332238  -0.0915568  0.0112636  0.251777  
0.0013736  0.000865059  -0.000276073  -0.0942834  -0.0330716  0.237416  
-4.10764e-05  0.00106662  -0.000234302  -0.0937396  0.0104551  0.261368  
-4.71993e-05  0.00102889  -0.000332238  -0.0828094  -0.038146  0.153748  
-0.000479159  0.00102889  -4.63106e-06  -0.0814352  -0.00290618  0.209082  
-7.33237e-05  0.000682699  -0.000197533  -0.0712328  -0.0136836  0.16817  
0.000222171  0.00102889  -0.000129815  -0.0810372  -0.0301912  0.220409  
0.0004131  0.00072549  -9.44282e-06  -0.0790316  -0.00788382  0.197169  
0.00126667  0.00102889  -0.000169383  -0.0818635  -0.0302051  0.20937  
-3.66212e-05  0.00102889  -0.000114212  -0.0918593  -0.00506451  0.262429  
0.00135433  0.000772233  -0.000332238  -0.0925517  -0.0487695  0.207561  
0.00085356  0.00102889  -0.000332238  -0.0994674  -0.0252435  0.276173  
0.00148262  0.000622103  -0.000252328  -0.0841256  -0.030249  0.2018  
0.00158482  0.000674197  -0.000332238  -0.0841254  -0.0302527  0.220951  
0.00103988  0.000402622  -8.84704e-06  -0.0926108  -0.0131644  0.177176  
0.0015939  0.000402622  -0.000332238  -0.0992917  -0.018145  0.21155  
0.00126948  0.000574928  -0.000332238  -0.0921039  -0.0128121  0.19861  
0.00146861  0.000402622  -0.000332238  -0.0934702  -0.0153748  0.228605  
0.00169328  0.000402622  -0.000332238  -0.0840999  -0.00834259  0.200561  
0.00155159  0.000402622  -0.000332238  -0.0985933  -0.025209  0.224938  
0.00148562  0.000402622  -0.000332238  -0.0982194  0.00970062  0.212633  
0.00210888  0.000631608  -0.000392771  -0.104648  -0.0305798  0.19903  
0.00114856  0.000759342  -0.000332239  -0.107149  0.00894095  0.272193  
0.00148993  0.000612437  -0.000332239  -0.106303  -0.0293941  0.261981  
0.000775985  0.000402622  -0.000332239  -0.10087  0.00302983  0.309235  
0.00156355  0.000553817  -0.000332239  -0.100392  -0.0381687  0.255732  
0.000817696  0.000402622  -0.000332239  -0.100369  -0.00961073  0.292046  
0.000828328  0.00034907  -0.000332239  -0.0942669  0.096112  0.336757  
0.00154414  0.000556333  -0.000117678  -0.100391  0.021223  0.306876  
0.00213654  0.000402622  -0.000332239  -0.0881554  -0.0306082  0.266251  
0.00154776  0.000757944  -0.000332239  -0.0901849  0.0342273  0.292439  
0.00131771  0.000803927  -0.000559957  -0.0862349  0.0382624  0.300157  
0.00188549  0.000699307  -0.000332239  -0.0841273  -0.00347014  0.295532  
0.000663783  0.000916567  -0.000332239  -0.0661801  0.0397024  0.302977  
0.00029742  -7.65293e-05  -0.000121747  -0.0227163  0.00202088  0.203514  
9.40893e-05  -7.65293e-05  -2.95478e-05  0.000873668  0.00299438  0.00233165  
0.000471262  -7.65293e-05  0.000110724  -0.00412073  0.0181276  -0.0233671  
0.00181777  -7.65293e-05  0.000277211  -0.00358296  -0.0163958  -0.00950451  
0.00168968  -7.65293e-05  0.000314446  -0.0185744  -0.00299207  0.0726178  
0.00284446  -0.000561646  0.000314446  -0.0137421  -0.0316471  0.06294  
0.00260804  -0.00052477  0.000472364  -0.0298784  -0.0112008  0.151595  
0.0035363  -0.000704945  0.000703124  -0.0334922  -0.0401037  0.136885  
0.00317754  -0.000594647  0.000905269  -0.0335053  -0.0163481  0.156933  
0.00334975  -0.000594647  0.000958759  -0.0122853  -0.0345975  0.15356  
0.00354311  -0.000594647  0.00188446  0.0198881  -0.0664841  0.153156  
0.00365235  -0.000594647  0.00167311  0.00526547  -0.0708879  0.187091  
0.00408984  -0.000594647  0.00135866  -0.00586486  -0.064646  0.164858  
0.00466186  -0.000791975  0.00139517  -0.0107064  -0.0659516  0.197317  
0.00362966  -0.000776788  0.00136426  -0.0249705  -0.04049  0.157546  
0.0045796  -0.00086686  0.00138213  -0.0284906  -0.0671587  0.145751  
0.00421377  -0.000594647  0.00127015  -0.0220391  -0.041083  0.136267  
0.00477572  -0.000594647  0.00118087  -0.0220469  -0.057902  0.126881  
0.00417534  -0.000594647  0.0012631  -0.0220518  -0.0200104  0.160353  
0.00485552  -0.000989598  0.00126021  -0.0220403  -0.0579747  0.152962  
0.00404022  -0.000594647  0.0011559  -0.0220453  -0.0172676  0.200812  
0.00480697  -0.000594647  0.0011926  -0.022038  -0.0511687  0.146799  
0.00333588  -0.000594647  0.00118682  -0.0220594  -0.0131733  0.192674  
0.00445604  -0.000668014  0.00105231  -0.0126839  -0.0630396  0.128789  
0.00371305  -0.000594647  0.000942737  -0.00434029  -0.0287451  0.152866  
0.00438399  -0.000725999  0.000922595  -0.00974003  -0.0311442  0.119646  
0.00381762  -0.000594647  0.000873158  -0.0120022  -0.0328665  0.182371  
0.0037003  -0.000472818  0.000728484  -0.0163265  -0.0180102  0.128514  
0.00414396  -0.000248928  0.000788152  -0.0214778  -0.027805  0.1816  
0.00371603  -0.000109396  0.000613993  -0.0378619  -0.0150463  0.176899  
0.00423292  -0.000283644  0.000223138  -0.0322876  -0.109924  0.18181  
0.0038634  -0.000594647  0.00067533  -0.0214257  -0.0462296  0.159963  
0.00498221  -0.000594647  0.000913088  -0.00733044  -0.0898736  0.139211  
0.00384763  -0.000660999  0.00114366  -0.0161539  -0.0427638  0.186337  
0.0043993  -0.000873532  0.00110029  -0.0161697  -0.0779147  0.127317  
0.00379537  -0.000731972  0.00115375  -0.00897756  -0.0327462  0.189902  
0.00403045  -0.000894699  0.00116477  -0.00366573  -0.0739057  0.140314  
0.00367831  -0.000786053  0.0011564  -0.00935665  -0.0475451  0.166431  
0.00376178  -0.000929632  0.00114559  0.00188875  -0.0330931  0.193644  
0.00393487  -0.00108896  0.00117243  -0.0176053  -0.0497168  0.201527  
0.00347717  -0.00102129  0.00116493  -0.0175987  -0.0253706  0.2225  
0.00432965  -0.00113946  0.0013191  -0.0130856  -0.0658311  0.179049  
0.00338884  -0.00099765  0.00134995  -0.0175969  -0.0352341  0.241932  
0.00442324  -0.00115674  0.00137194  -0.0135049  -0.0638475  0.152548  
0.0036723  -0.0010317  0.00157598  0.000150993  -0.0380696  0.184424  
0.00322411  -0.00100036  0.001321  0.0166662  -0.0497804  0.101984  
0.00388058  -0.00118975  0.0013187  0.00835157  -0.0497892  0.146934  
0.00329706  -0.00099758  0.00132315  0.0083772  -0.0229947  0.150985  
0.00393424  -0.00105625  0.00139717  0.0061128  -0.0609082  0.15973  
0.00263655  -0.00101442  0.00132162  -0.000915789  -0.0133959  0.196198  
0.00368521  -0.00106796  0.00129076  0.00441749  -0.0581301  0.136967  
0.00294322  -0.00117471  0.00157598  0.00289999  -0.0209452  0.199266  
0.00333175  -0.000942628  0.00125985  0.00525082  -0.0417875  0.111848  
0.00336599  -0.000999858  0.0011706  0.00752653  -0.0307742  0.177457  
0.00332128  -0.000594647  0.00121597  0.00337796  -0.0138996  0.172315  
0.00375448  -0.000594647  0.00124668  -0.00393473  -0.0418142  0.208308  
0.00338985  -0.00104251  0.00134629  -0.00391399  -0.00568866  0.242809  
0.00372386  -0.000913271  0.00157598  0.00110097  -0.0298741  0.167906  
0.00242497  -0.000912212  0.00162795  0.0198672  0.00255791  0.144102  
0.00219302  -0.000594647  0.00157598  0.0198603  0.00250798  0.119286  
0.00275643  -0.00100717  0.00157598  0.0198662  -0.0318671  0.153965  
0.00206619  -0.00096301  0.0014469  0.00717843  0.0104831  0.20186  
0.00316033  -0.000730119  0.00123702  0.00022067  -0.0613641  0.189839  
0.00210086  -0.000873442  0.00134872  0.000226824  -0.00323927  0.175462  
0.00309143  -0.000594647  0.00133681  0.00899115  -0.0529305  0.152859  
0.00229927  -0.000594647  0.00157598  0.0100428  -0.0114981  0.201555  
0.00298378  -0.000986019  0.00157598  0.00826862  -0.0610697  0.175085  
0.00290213  -0.000954827  0.00157598  0.000324684  -0.0363318  0.213252  
0.0032169  -0.000995794  0.00157598  0.000305548  -0.0483879  0.150708  
0.00382165  -0.00122445  0.00157598  0.00483674  -0.0483871  0.173765  
0.00295255  -0.00105783  0.00163142  0.00639816  -0.0218713  0.189861  
0.0042032  -0.00127566  0.00157598  0.000299363  -0.0589213  0.161262  
0.00274146  -0.00112426  0.00157598  0.000331156  -0.0230393  0.197073  
0.00372193  -0.00133696  0.00157598  0.000301281  -0.0485392  0.148123  
0.00269764  -0.00130494  0.00157598  0.000344979  -0.0262024  0.216703  
0.00353483  -0.00122872  0.00157598  0.00032383  -0.0677131  0.159026  
0.00356492  -0.00150264  0.00172395  0.0122631  -0.0485427  0.200622  
0.00343887  -0.00167337  0.00157598  0.0189622  -0.0485474  0.181208  
0.00383366  -0.00184827  0.00185553  0.0198142  -0.0585721  0.18764  
0.00319418  -0.00164271  0.00187515  0.0174435  -0.036543  0.192905  
0.00454367  -0.00181553  0.00188656  0.0102372  -0.073681  0.167244  
0.0034009  -0.00173773  0.00205687  0.00872612  -0.0500004  0.18078  
0.0043527  -0.00164271  0.00213132  -0.00298521  -0.0816249  0.126943  
0.00346154  -0.00156376  0.0021099  -0.00656337  -0.0479692  0.179377  
0.00416548  -0.00181452  0.00191512  -0.00295257  -0.0845604  0.108965  
0.00339771  -0.00164271  0.00221495  -0.0109018  -0.0440123  0.157312  
0.00471019  -0.00194304  0.00224367  -0.0180409  -0.0654031  0.0936105  
0.00388195  -0.00164271  0.00220049  -0.00524324  -0.0464116  0.130155  
0.004435  -0.00186105  0.00213688  0.00183512  -0.0484837  0.0938459  
0.00397229  -0.00182266  0.00232242  -0.00393207  -0.0429811  0.152772  
0.00389172  -0.00164271  0.00221384  0.0120946  -0.0425356  0.0894504  
0.00422263  -0.00164271  0.00222015  0.0133838  -0.0521937  0.112423  
0.00328585  -0.00164271  0.00224548  0.0150245  -0.0414876  0.130814  
0.00400099  -0.0019051  0.00238336  0.0134291  -0.0823871  0.105161  
0.00281431  -0.00164271  0.0023259  0.016031  -0.0454065  0.145383  
0.0039575  -0.00217275  0.00247199  0.0140304  -0.0817101  0.0878017  
0.00276489  -0.00206117  0.0026611  0.03162  -0.036512  0.141698  
0.00393051  -0.00209376  0.0026611  0.0353949  -0.074751  0.0724619  
0.00284553  -0.00244708  0.0026611  0.0403713  -0.029621  0.140272  
0.00395593  -0.00251055  0.00249081  0.0564251  -0.0657575  0.0693746  
0.00327934  -0.00253855  0.0026611  0.0625268  -0.0487344  0.0804377  
0.00341064  -0.00267643  0.0026611  0.0627494  -0.0442619  0.0422177  
0.00363765  -0.00288645  0.0029005  0.0612136  -0.0585831  0.0663261  
0.00280023  -0.00256878  0.0026611  0.0645479  -0.0195414  0.0520976  
0.00426895  -0.00273395  0.0026611  0.0664049  -0.0488323  0.0469699  
0.00293402  -0.00256878  0.0026611  0.0574117  -0.025011  0.0838442  
0.00411272  -0.00256878  0.0026611  0.0547511  -0.055644  0.0124134  
0.00317758  -0.00256878  0.0026611  0.0564479  -0.0214553  0.0705272  
0.00466662  -0.00292017  0.00292198  0.0535271  -0.0677044  -0.00287024  
0.00364388  -0.00304453  0.0029844  0.0663388  -0.0268003  0.0227411  
0.00440033  -0.00297401  0.00282789  0.0711559  -0.0490505  -0.0277846  
0.00423966  -0.00311851  0.00303999  0.0679094  -0.0490752  0.00578165  
0.00463017  -0.00334623  0.00312711  0.0634001  -0.0318662  -0.0253312  
0.00500657  -0.00336402  0.00330259  0.0616241  -0.0536799  0.00903668  
0.00440776  -0.00335835  0.00332507  0.0627368  -0.0351254  -0.015355  
0.00522896  -0.00374502  0.00358205  0.058505  -0.0681562  0.00704375  
0.00402048  -0.00361276  0.00337535  0.0581083  -0.0313314  0.0164227  
0.0049316  -0.00363655  0.00358205  0.0526088  -0.0747587  -0.0309102  
0.0041603  -0.00370187  0.00358205  0.0594598  -0.025961  -0.00671406  
0.0053925  -0.00370187  0.00358205  0.0570799  -0.0493578  -0.0707774  
0.00474323  -0.00387215  0.00358205  0.0647465  -0.00160407  -0.00401828  
0.00557004  -0.0037563  0.00363722  0.0674779  -0.0526997  -0.0847501  
0.00462839  -0.00417112  0.00358205  0.080412  -0.00722536  -0.0207157  
0.00575189  -0.00430184  0.00372393  0.0812692  -0.0472046  -0.128783  
0.00534103  -0.00441536  0.003849  0.0972466  -0.00567079  -0.0895562  
0.00617572  -0.00434195  0.00382921  0.0987237  -0.0204002  -0.117813  
0.00579904  -0.00439817  0.00387371  0.102708  -0.00494514  -0.0841562  
0.00596543  -0.00446031  0.00358205  0.112998  0.00356549  -0.118577  
0.00610041  -0.00434195  0.00358205  0.115022  -0.0161786  -0.0748504  
0.00556981  -0.00434195  0.00358205  0.119017  -0.00255156  -0.11579  
0.00608745  -0.00434195  0.00371157  0.119455  -0.0222533  -0.090193  
0.00477518  -0.00434195  0.00372509  0.117769  0.00769537  -0.109406  
0.00626329  -0.00451842  0.00384398  0.110657  -0.0371938  -0.12301  
0.00489563  -0.00434195  0.0038082  0.106441  0.000784111  -0.0917869  
0.00617492  -0.00453226  0.00383027  0.100106  -0.0182876  -0.115392  
0.00513657  -0.00434195  0.00373599  0.0881953  0.0134348  -0.0708194  
0.00593646  -0.00434195  0.00402416  0.0882178  -0.00971001  -0.151666  
0.00508803  -0.00434195  0.00352761  0.088168  0.0105676  -0.0843729  
0.00519326  -0.00434195  0.00358205  0.0881761  0.00277632  -0.138876  
0.00568982  -0.00434195  0.00358205  0.0881761  0.0108883  -0.10772  
0.00468848  -0.00434195  0.00358205  0.0881761  0.0241636  -0.136415  
0.00580869  -0.0044042  0.00392754  0.0882176  -0.00621817  -0.127593  
0.0047432  -0.00434195  0.00381807  0.088216  0.0228755  -0.116319  
0.00584182  -0.00434195  0.00391254  0.0882032  -0.0130221  -0.14873  
0.0048306  -0.00434195  0.00358205  0.0881761  0.0276428  -0.1165  
0.0053405  -0.00417453  0.00358205  0.0882024  -0.0200258  -0.17866  
0.00532415  -0.00391141  0.00331708  0.068455  0.00448784  -0.0813509  
0.00588144  -0.00359346  0.0031782  0.0517057  0.00441651  -0.153486  
0.00591156  -0.00358528  0.00335836  0.0543106  0.00193199  -0.151112  
0.00616823  -0.00389758  0.0031782  0.0516853  0.0043062  -0.143252  
0.0062786  -0.00377231  0.0031782  0.0517246  0.00427051  -0.169173  
0.00582621  -0.00379818  0.00346025  0.0652231  0.0277854  -0.200716  
0.00624216  -0.00403175  0.00334358  0.0760334  0.000741375  -0.202372  
0.00554334  -0.00343332  0.00340331  0.0748662  0.0315003  -0.212551  
0.00599552  -0.0036223  0.00365258  0.0693257  0.00875985  -0.182393  
0.00529676  -0.00377555  0.00363418  0.0623502  0.0219559  -0.160883  
0.0063017  -0.00381452  0.00390472  0.0729531  -0.0183526  -0.142868  
0.00492655  -0.00406536  0.00387125  0.075214  0.0298397  -0.0996449  
0.00607855  -0.00434195  0.00406827  0.0757906  -0.0133376  -0.172456  
0.00509763  -0.00370647  0.00378715  0.0746266  0.0262779  -0.112237  
0.00547398  -0.00434195  0.00410197  0.081074  0.014912  -0.163331  
0.00560157  -0.00459543  0.00434901  0.0817547  0.00409337  -0.133207  
0.0052569  -0.00434195  0.0043347  0.0777663  0.0437902  -0.138638  
0.0063331  -0.00434195  0.00443764  0.0778961  -0.00284138  -0.154291  
0.00492276  -0.00434195  0.00443764  0.0861569  0.0408156  -0.115642  
0.00652078  -0.00480673  0.00457531  0.0739094  -0.00588363  -0.18484  
0.00537101  -0.00443377  0.00455782  0.0906201  0.0361596  -0.111383  
0.0056843  -0.00443519  0.00431572  0.084402  0.0125702  -0.163165  
0.00615687  -0.00446835  0.00443764  0.0792419  0.0125074  -0.169829  
0.00581933  -0.00449998  0.00443764  0.0846761  0.0662463  -0.127011  
0.0067907  -0.00476512  0.00480188  0.097965  0.0148734  -0.195079  
0.00564183  -0.00488433  0.00473127  0.101621  0.0520632  -0.133344  
0.00680088  -0.00483161  0.0047797  0.0843673  0.00268189  -0.22352  
0.00578688  -0.00516837  0.0047819  0.0842988  0.0358156  -0.134946  
0.0060031  -0.00477615  0.00450959  0.0920535  0.0228402  -0.178208  
0.00638571  -0.00500614  0.00459366  0.0843029  0.00245173  -0.170285  
0.00576554  -0.00483161  0.00443764  0.0843291  0.0295826  -0.139571  
0.0061944  -0.0050019  0.00443764  0.0842976  0.00216592  -0.169923  
0.00557843  -0.00483161  0.00457376  0.0843395  0.0384691  -0.115156  
0.00664035  -0.00483161  0.00484338  0.0876786  -0.00804439  -0.183427  
0.00544301  -0.00483161  0.00489264  0.0843556  0.0250394  -0.124195  
0.0066971  -0.00524443  0.00512525  0.0804311  -0.00887916  -0.21284  
0.0054478  -0.00505025  0.00510511  0.0843465  0.0179089  -0.141856  
0.00588874  -0.00483161  0.00488205  0.0781867  0.0424789  -0.180484  
0.00670938  -0.00477392  0.00488205  0.0663523  0.00534454  -0.165168  
0.00572295  -0.00437752  0.00488205  0.0656603  0.0471378  -0.160059  
0.00665612  -0.00483161  0.00505282  0.0657591  0.00190338  -0.2014  
0.00536649  -0.00458278  0.0050306  0.0558427  0.0359743  -0.151513  
0.00673793  -0.00483161  0.00521299  0.0558047  -0.0283219  -0.207334  
0.00575984  -0.00483161  0.00523509  0.055816  -0.00104414  -0.157479  
0.00587892  -0.00483161  0.00529183  0.0558222  -0.0010704  -0.184211  
0.0063237  -0.00483161  0.00529183  0.0558222  -0.0214775  -0.152649  
0.00598487  -0.00483161  0.00529183  0.0558222  -0.00106455  -0.195609  
0.0060793  -0.00542398  0.00550488  0.0557249  -0.0256796  -0.164297  
0.00574393  -0.00530939  0.00552658  0.0557654  -0.00106669  -0.206755  
0.00649808  -0.00570579  0.00575688  0.0556925  -0.00125328  -0.223272  
0.00563466  -0.00563187  0.00599832  0.0624713  0.0173378  -0.221754  
0.00705313  -0.00563187  0.00593864  0.0557398  -0.0120494  -0.242751  
0.00617518  -0.00571021  0.00569773  0.055697  0.0270285  -0.235339  
0.00690319  -0.00585351  0.00569773  0.0556596  -0.0035409  -0.292155  
0.00593832  -0.00563187  0.00569773  0.0681667  0.0376314  -0.243193  
0.00685415  -0.00563187  0.0056137  0.0652391  0.0151355  -0.325467  
0.0068525  -0.00500368  0.00541514  0.0558132  0.0268689  -0.25136  
0.00640769  -0.00528176  0.00526964  0.0557065  0.0269948  -0.316004  
0.00710018  -0.00517899  0.00551171  0.0466888  -0.00517715  -0.287686  
0.00632072  -0.00538848  0.00549866  0.0471462  0.026911  -0.250061  
0.0069101  -0.00539959  0.00563109  0.0557058  -0.0224226  -0.281381  
0.00626976  -0.00550336  0.00569929  0.0556942  0.00785221  -0.208509  
0.00676153  -0.00563187  0.00561102  0.0444627  -0.0166072  -0.236402  
0.00614738  -0.00531647  0.00513209  0.0507715  0.0116564  -0.186705  
0.00671939  -0.00474667  0.00502656  0.0557736  -0.0165195  -0.267042  
0.00603783  -0.00512052  0.00494005  0.0556862  0.0172423  -0.197242  
0.00715135  -0.00504443  0.00512497  0.0386013  -0.0165758  -0.200109  
0.00571447  -0.00508457  0.00506996  0.0385945  0.0214527  -0.148508  
0.00610278  -0.00492327  0.00508217  0.0386278  0.00444084  -0.191104  
0.00623378  -0.00494923  0.00485585  0.0345277  -0.013617  -0.199596  
0.00570981  -0.00501102  0.00501675  0.0386081  0.0353781  -0.192871  
0.00635455  -0.0047501  0.0048988  0.0179374  0.00418337  -0.22258  
0.005399  -0.00509763  0.00487343  0.0314278  0.0498179  -0.179944  
0.00668996  -0.00521606  0.00500944  0.0333811  -0.0117826  -0.267742  
0.00526716  -0.00543026  0.00508702  0.0498352  0.0191613  -0.217197  
0.00589526  -0.00518904  0.00482109  0.0423127  0.0108026  -0.252699  
0.00595061  -0.00517627  0.00482109  0.0360973  0.0108025  -0.203878  
0.00602903  -0.00481373  0.00482109  0.0310496  0.0471472  -0.243288  
0.00609691  -0.00502472  0.00482109  0.0178766  0.0288267  -0.180398  
0.00523361  -0.00522365  0.00462458  0.0178143  0.0289508  -0.191769  
0.00606152  -0.00519622  0.00455794  0.0149883  0.01238  -0.17544  
0.00532516  -0.00487816  0.00447263  0.0178085  0.0432257  -0.163434  
0.00552512  -0.0050633  0.0045552  0.0178274  0.00451048  -0.174442  
0.00495921  -0.00500378  0.0043899  0.017792  0.045765  -0.113446  
0.00567429  -0.0048308  0.00453346  0.0178648  0.00481855  -0.192748  
0.00490015  -0.00514016  0.00459431  0.017832  0.0363394  -0.124769  
0.00561274  -0.00523876  0.00458244  0.0178093  0.0174426  -0.222714  
0.00511561  -0.00526408  0.00459761  0.0178103  0.0175063  -0.1435  
0.00490315  -0.00513637  0.00441085  0.0317198  0.017543  -0.198506  
0.00562299  -0.00515301  0.00450306  0.0329143  0.00116304  -0.183554  
0.00509869  -0.0051809  0.00463154  0.0331702  0.0460235  -0.164781  
0.00581523  -0.00532691  0.00468818  0.0243346  0.00341246  -0.204509  
0.00512357  -0.00511927  0.00441085  0.0178139  0.043281  -0.109383  
0.00529869  -0.00501969  0.0044672  0.0178241  0.017385  -0.179248  
0.00528742  -0.00496882  0.00441085  -0.000989645  0.0325435  -0.0931278  
0.0049768  -0.00488061  0.00441085  -0.000992444  0.032611  -0.156489  
0.00540302  -0.00521076  0.00441085  -0.0122191  0.0253506  -0.159674  
0.00490422  -0.00487453  0.00441085  -0.0119717  0.0558887  -0.15048  
0.00583283  -0.00531188  0.00441085  -0.0136701  0.0299508  -0.197372  
0.0051151  -0.00512623  0.00441085  -0.019545  0.0610532  -0.143623  
0.00562243  -0.00503984  0.00441085  -0.0195023  0.0209151  -0.208977  
0.00517882  -0.00521153  0.00441085  -0.0195326  0.0556924  -0.128848  
0.00545861  -0.00476181  0.00441085  -0.0194712  0.0349853  -0.223013  
0.00512628  -0.00543753  0.00441085  -0.01957  0.0535609  -0.169522  
0.00471952  -0.00491136  0.00441085  -0.0286442  0.0696084  -0.226179  
0.00540848  -0.00490721  0.00421446  -0.039442  0.0337202  -0.185581  
0.00404881  -0.00461066  0.00398849  -0.0394787  0.0718777  -0.199643  
0.00523895  -0.00499955  0.00441085  -0.0394835  0.0245941  -0.214946  
0.00409491  -0.00491816  0.00419408  -0.0394808  0.0607895  -0.152615  
0.00462129  -0.00467582  0.00404697  -0.0346649  0.0302101  -0.195941  
0.00404052  -0.00461066  0.00399847  -0.0394894  0.0544307  -0.132036  
0.00431237  -0.00461066  0.00379974  -0.0395143  0.0459855  -0.207109  
0.00427471  -0.00461066  0.00372149  -0.0300985  0.0395607  -0.159091  
0.00345254  -0.00432214  0.00379974  -0.0171285  0.101029  -0.104167  
0.00343552  -0.00396664  0.00379974  -0.00886999  0.118718  -0.134333  
0.00420748  -0.0039281  0.00379974  -0.0349884  0.0212977  -0.185736  
0.00464111  -0.0039281  0.0034978  -0.0445729  0.0301948  -0.229711  
0.00396043  -0.0034021  0.00362701  -0.047941  0.106862  -0.17869  
0.0043909  -0.0039281  0.00320301  -0.0497722  0.0556379  -0.188036  
0.00354627  -0.00336141  0.00320301  -0.0518749  0.107572  -0.153169  
0.00419339  -0.00310189  0.00320301  -0.0570947  0.0492298  -0.203368  
0.00351737  -0.00309477  0.00320301  -0.0565201  0.0933108  -0.164118  
0.00395835  -0.00307399  0.00325472  -0.055958  0.070235  -0.185336  
0.00343734  -0.00343217  0.00320301  -0.0508834  0.0842351  -0.160593  
0.00351737  -0.00349773  0.00320301  -0.0399679  0.0656751  -0.169767  
0.00338246  -0.00362234  0.00320301  -0.056395  0.0688462  -0.164784  
0.00363043  -0.00362234  0.00320301  -0.0561526  0.0688015  -0.171261  
0.00380691  -0.00332097  0.00320301  -0.0612036  0.0521715  -0.173738  
0.002785  -0.00307635  0.00320301  -0.069149  0.0876959  -0.141907  
0.00387937  -0.00349801  0.00306603  -0.0737031  0.0341498  -0.137589  
0.0028568  -0.00332632  0.00320301  -0.072708  0.0905124  -0.124176  
0.00311759  -0.00362234  0.00320301  -0.0056665  0.0681371  -0.185931  
0.00344474  -0.00355412  0.0035068  -0.00560648  0.0684341  -0.196937  
0.00287082  -0.00362234  0.00347509  -0.00561385  0.110768  -0.152706  
0.000682297  -0.00318327  0.00320301  0.0173826  0.0848959  -0.187982  
0.000410463  -0.00305214  0.00300155  0.0129226  0.0776895  -0.18793  
0.000821198  -0.00327929  0.00303628  -0.00562111  0.0935266  -0.198593  
0.0013433  -0.00362234  0.00297508  -0.0153549  0.0390451  -0.204778  
0.00174909  -0.00333142  0.00276547  -0.0323039  0.0838471  -0.159179  
0.00177887  -0.00324653  0.00264907  -0.0496918  0.0336394  -0.135656  
0.00124034  -0.0031339  0.00305805  -0.0322684  0.104105  -0.0987146  
-4.61898e-05  -0.00291914  0.0035435  -0.0116163  0.0673758  -0.0252863  
-0.000800571  -0.00273633  0.00332075  -0.00916105  0.129481  -0.0625567  
-0.000306891  -0.00277898  0.0030107  -0.0257357  0.0689543  -0.050622  
-0.0011849  -0.00259632  0.00318604  -0.0322667  0.103147  -0.021131  
-0.00174378  -0.00295071  0.00323739  -0.0322027  0.0794982  -0.0480635  
-0.00340205  -0.00279976  0.00332075  -0.0322436  0.088586  0.0135334  
-0.00342993  -0.00297824  0.00295051  -0.0371633  0.0842558  -0.0338242  
-0.00264841  -0.00270423  0.00300367  -0.0556554  0.0706842  -0.0619777  
-0.00215127  -0.00294075  0.00300083  -0.0636273  0.084152  -0.0995955  
-0.00189002  -0.00305399  0.00283763  -0.0702466  0.0727984  -0.100812  
-0.00144052  -0.00280301  0.00283763  -0.0725957  0.104434  -0.0883322  
-0.00133696  -0.00308217  0.00283763  -0.0834824  0.070312  -0.119849  
-0.000993208  -0.00289163  0.00278372  -0.0883464  0.0803967  -0.147897  
-0.000492372  -0.00300469  0.00283763  -0.072164  0.0586881  -0.170337  
-0.00368925  -0.00350745  0.00345791  -0.0346895  0.0971121  -0.08816  
-0.00203242  -0.00319322  0.00259803  -0.07867  0.0554454  -0.0422565  
-0.00233419  -0.00280311  0.00283085  -0.0657795  0.0966653  -0.0547562  
-0.0027166  -0.00282798  0.00272968  -0.0677722  0.0972662  -0.0571157  
-0.00175884  -0.00263971  0.00222457  -0.101609  0.0770998  -0.037084  
-0.00203422  -0.00276805  0.00222457  -0.104261  0.102725  -0.043525  
-0.00165465  -0.00289553  0.00222457  -0.124077  0.0418068  -0.041265  
-0.00206885  -0.00290379  0.00238847  -0.122268  0.0770562  -0.0391527  
-0.00143256  -0.00295751  0.00222457  -0.121852  0.034688  -0.078295  
-0.0019819  -0.00289669  0.00228601  -0.11763  0.0758638  -0.0595965  
-0.00134839  -0.00280968  0.00222457  -0.134504  0.033757  -0.0923917  
-0.00180977  -0.00277365  0.00195164  -0.142052  0.0734453  -0.0466193  
-0.0013818  -0.00282049  0.00193578  -0.152062  0.0386115  -0.0702517  
-0.00139026  -0.00260348  0.00178999  -0.160011  0.0649698  -0.0362921  
-0.000999487  -0.00242694  0.00155478  -0.161215  0.0232024  -0.0556695  
-0.00170249  -0.00242694  0.00169222  -0.160919  0.0610681  -0.0431198  
-0.00105081  -0.00261454  0.00154694  -0.163229  0.0161396  -0.0770877  
-0.00154366  -0.00277919  0.00155251  -0.149842  0.0652804  -0.0289225  
-0.00120242  -0.00279301  0.00146803  -0.149887  0.0170205  -0.0644151  
-0.0018183  -0.00293278  0.00158662  -0.1295  0.0611841  -0.0360353  
-0.00115476  -0.00293779  0.00162174  -0.119177  0.0142754  -0.0336362  
-0.00195518  -0.00299613  0.00180567  -0.119173  0.0548688  -0.012684  
-0.000934528  -0.0032057  0.00180567  -0.130121  0.029724  -0.0363797  
-0.00198593  -0.00299613  0.00180567  -0.130734  0.0545951  -0.0172595  
-0.000919234  -0.00299613  0.00157204  -0.138154  0.0172522  -0.0451505  
-0.00185141  -0.00299613  0.00180567  -0.119173  0.0593878  0.00208765  
-0.00149629  -0.00299613  0.00160492  -0.109164  0.0359143  -0.0612988  
-0.00178343  -0.00282803  0.00161786  -0.122338  0.0459237  -0.00411304  
-0.00141165  -0.00278685  0.00160924  -0.138666  0.0458876  -0.0538018  
-0.00104322  -0.00283573  0.00180567  -0.147832  0.0459018  -0.026699  
-0.000729509  -0.00299613  0.00180567  -0.154885  0.0459101  -0.10633  
-0.000502265  -0.00299613  0.00180567  -0.153631  0.0458885  -0.0862397  
-0.000182023  -0.00328481  0.00186242  -0.164954  0.0458684  -0.148609  
0.000173956  -0.00312808  0.00180567  -0.153641  0.0458335  -0.114357  
0.00013045  -0.00299613  0.00180567  -0.157412  0.0609922  -0.169624  
0.000165384  -0.00341091  0.00180567  -0.153677  0.0532534  -0.121745  
-0.00011705  -0.00328232  0.00167307  -0.155693  0.0694  -0.169559  
0.000400896  -0.00341091  0.0015255  -0.167826  0.0692882  -0.134167  
-0.000229606  -0.00341091  0.00150744  -0.171034  0.0875154  -0.165294  
0.000606904  -0.00365261  0.00135027  -0.16891  0.0652767  -0.186858  
-0.000430859  -0.00341091  0.00140054  -0.154486  0.115348  -0.143264  
0.000409218  -0.00341091  0.00130525  -0.159982  0.0752404  -0.161548  
-0.000415011  -0.00341091  0.00130525  -0.153593  0.0976886  -0.115576  
0.000252454  -0.00334523  0.00130525  -0.168884  0.0884941  -0.165465  
-2.51378e-05  -0.00341091  0.00130525  -0.174255  0.0964044  -0.11621  
2.57758e-07  -0.00341091  0.00125449  -0.186143  0.0992616  -0.177825  
0.000226791  -0.00341091  0.00115989  -0.190862  0.0992243  -0.146569  
-5.45909e-06  -0.00341091  0.00104568  -0.188395  0.114686  -0.177844  
0.00039753  -0.00335616  0.000736495  -0.181859  0.0991639  -0.168572  
-0.000175853  -0.00330337  0.000611085  -0.176901  0.141473  -0.177815  
0.000601304  -0.00341092  0.00062894  -0.186092  0.106423  -0.200714  
-0.000199359  -0.00350689  0.000801526  -0.182614  0.149925  -0.15933  
0.000837374  -0.00353404  0.000801526  -0.17561  0.107779  -0.219999  
0.000152934  -0.00341092  0.000801526  -0.177365  0.135819  -0.185113  
0.000715415  -0.00341092  0.000696208  -0.172837  0.123608  -0.219994  
0.000659978  -0.00335894  0.000801526  -0.186838  0.131523  -0.193719  
0.000668188  -0.00284663  0.000801526  -0.187866  0.152635  -0.17041  
0.000722266  -0.00341092  0.000599203  -0.171237  0.115217  -0.221601  
0.000250486  -0.00341092  0.000663545  -0.167235  0.151052  -0.196038  
0.000524571  -0.00347839  0.000801526  -0.16495  0.100636  -0.225957  
-0.00029268  -0.00341092  0.000801526  -0.159163  0.137632  -0.178153  
0.000287211  -0.00332127  0.000801526  -0.143964  0.10676  -0.238664  
-0.000639265  -0.00353497  0.000801526  -0.136508  0.149298  -0.195475  
0.000413856  -0.00341092  0.000559534  -0.126784  0.106714  -0.231529  
-5.25301e-05  -0.00341092  0.000501455  -0.13085  0.101759  -0.224875  
1.70024e-05  -0.00348194  0.000421337  -0.128919  0.130698  -0.173453  
4.09161e-05  -0.00341092  0.000349675  -0.145536  0.0957294  -0.217629  
-8.13933e-05  -0.00323785  0.000379463  -0.152322  0.13919  -0.152758  
0.000112401  -0.00341092  0.000338732  -0.161079  0.0970468  -0.184606  
-0.000601061  -0.00341092  0.000370612  -0.158417  0.121217  -0.145718  
-4.0776e-05  -0.00319256  0.000358545  -0.161845  0.0618418  -0.200756  
-0.000628974  -0.00319821  0.000327815  -0.168363  0.0860216  -0.133152  
-0.000602861  -0.00317462  0.000396446  -0.168793  0.0606754  -0.217428  
-0.000499534  -0.00341092  0.000801527  -0.162203  0.0567505  -0.159817  
-0.000650243  -0.00347821  0.000926411  -0.156249  0.0750171  -0.210999  
0.000170911  -0.00386229  0.0012827  -0.157899  0.0270965  -0.231545  
-0.000709359  -0.00373687  0.00119951  -0.139761  0.0815929  -0.203364  
-0.00024142  -0.00366134  0.00108541  -0.154668  0.0459252  -0.253227  
-0.000950849  -0.00343094  0.00111291  -0.147362  0.0812732  -0.21735  
-0.000403898  -0.0036661  0.000801527  -0.143889  0.0549918  -0.26852  
-0.000403898  -0.00352728  0.000860344  -0.149873  0.0694091  -0.211168  
-0.000658797  -0.00358532  0.000877152  -0.146278  0.0930601  -0.188959  
-0.000348497  -0.00363406  0.000801527  -0.150481  0.0516328  -0.221589  
-0.000972926  -0.00390095  0.000801527  -0.150223  0.0966594  -0.181259  
-0.000434645  -0.00357131  0.000688071  -0.134179  0.0599375  -0.246466  
-0.00113522  -0.00350706  0.000801527  -0.129515  0.101928  -0.210468  
-0.000223665  -0.0035034  0.000801527  -0.1445  0.0599249  -0.203566  
-0.00127147  -0.00321293  0.000852049  -0.144904  0.0991673  -0.185145  
-0.000504863  -0.0034083  0.000801528  -0.142891  0.0598962  -0.195841  
-0.00117635  -0.00332309  0.000801528  -0.144544  0.0816479  -0.176002  
-0.00103027  -0.00298362  0.000801528  -0.145715  0.0707733  -0.163279  
-0.0011739  -0.003155  0.000858351  -0.142194  0.058311  -0.163234  
-0.00141004  -0.00321535  0.000801528  -0.143937  0.0899468  -0.213866  
-0.00102133  -0.00319195  0.000801528  -0.151929  0.0551917  -0.196522  
-0.00181403  -0.00308393  0.000851798  -0.161348  0.0937998  -0.204111  
-0.000924138  -0.00317509  0.000801528  -0.161685  0.0563398  -0.197063  
-0.00170023  -0.00307841  0.000726591  -0.158762  0.11548  -0.179709  
-7.73892e-05  -0.00282516  0.000801528  -0.163604  0.104221  -0.186962  
-0.00140369  -0.00282516  0.00139309  -0.101239  0.0846805  -0.186703  
-0.00184246  -0.00324722  0.00116058  -0.111988  0.105075  -0.167673  
-0.00100076  -0.00349271  0.00101092  -0.115572  0.0631143  -0.23142  
-0.00133471  -0.00371607  0.000705176  -0.131618  0.0936076  -0.177828  
-0.00104062  -0.00364806  0.000624965  -0.11885  0.0875575  -0.261091  
-0.00973741  -0.00541729  0.00220728  0.00515614  -0.0323559  -0.293733  
-0.0157381  -0.00512295  0.00160545  -0.00260022  -0.0411474  -0.347785  
-0.0107269  -0.00466082  0.00193494  0.0024769  -0.0241477  -0.28764  
-0.00996309  -0.00489884  0.00166032  -0.0253923  0.0237197  -0.226538  
-0.00848573  -0.0048168  0.00146886  -0.0566234  0.0147643  -0.279187  
-0.00801445  -0.0051526  0.00146886  -0.0676873  0.0244919  -0.210903  
-0.00774554  -0.0052315  0.00146886  -0.0964338  -0.020257  -0.265684  
-0.00755303  -0.0052315  0.00155877  -0.0978662  0.00820509  -0.261015  
-0.00798762  -0.00541287  0.00163175  -0.0792182  -0.0117338  -0.206496  
-0.00819181  -0.00553861  0.00174758  -0.08281  -0.00153511  -0.217638  
-0.00774236  -0.00543971  0.00176153  -0.0851658  -0.00240023  -0.250737  
-0.00698234  -0.0056451  0.00180643  -0.1032  -0.019702  -0.269996  
-0.0065336  -0.00527803  0.00186614  -0.114012  0.0135162  -0.237139  
-0.0071365  -0.00512822  0.00202222  -0.102019  -0.0101314  -0.177552  
-0.00736703  -0.00540347  0.00193037  -0.0932644  0.0389112  -0.170529  
-0.00639073  -0.00539503  0.00202222  -0.106625  -0.0156191  -0.24462  
-0.00658362  -0.00581539  0.0021656  -0.099516  0.0291767  -0.201135  
-0.00542417  -0.0056451  0.00202222  -0.111143  0.00273836  -0.295815  
-0.00531294  -0.0056451  0.00214668  -0.108458  0.029567  -0.21722  
-0.00488847  -0.0056451  0.00202222  -0.121217  0.0219186  -0.299885  
-0.00491216  -0.0056451  0.00202222  -0.126154  0.0300937  -0.23273  
-0.00455196  -0.0056451  0.00202222  -0.120196  0.0261429  -0.330977  
-0.0048248  -0.0056451  0.00202222  -0.124378  0.02684  -0.248291  
-0.00467449  -0.0056451  0.00202222  -0.135337  0.0515456  -0.252087  
-0.00430525  -0.0052221  0.00173677  -0.134748  0.0384465  -0.229738  
-0.00376513  -0.00533448  0.00179087  -0.134206  0.0889708  -0.204712  
-0.0037114  -0.00532298  0.00157928  -0.149173  0.0379875  -0.234375  
-0.00355937  -0.0056451  0.0015506  -0.149938  0.0885723  -0.187148  
-0.00285844  -0.00477874  0.00161658  -0.177956  0.0277268  -0.262258  
-0.00379985  -0.00504863  0.00129017  -0.178528  0.0675541  -0.183455  
-0.00290612  -0.00469306  0.00161658  -0.172325  0.0371438  -0.262842  
-0.00331481  -0.00539508  0.00161658  -0.173127  0.0515294  -0.201581  
-0.00331174  -0.00502775  0.00161658  -0.174242  0.0515189  -0.270139  
-0.00382689  -0.0052595  0.00150082  -0.185147  0.0597504  -0.195564  
-0.0036084  -0.00505628  0.00135644  -0.193421  0.0711345  -0.242768  
-0.00292479  -0.00514638  0.00137838  -0.193884  0.0506239  -0.226888  
-0.00351538  -0.00532664  0.00134313  -0.187955  0.0898529  -0.222967  
-0.00261552  -0.00500682  0.00127085  -0.192217  0.0410288  -0.280467  
-0.00284794  -0.00479812  0.00128756  -0.194567  0.0999353  -0.237382  
-0.00244895  -0.00466746  0.00113597  -0.19457  0.0707452  -0.282816  
-0.00314838  -0.00484868  0.00124338  -0.193162  0.0986698  -0.218047  
-0.00287978  -0.00483203  0.00113472  -0.195304  0.070795  -0.273352  
-0.003029  -0.00475567  0.00117448  -0.192444  0.0958506  -0.191563  
-0.00284572  -0.00493628  0.00117093  -0.193052  0.0707918  -0.259747  
-0.00345791  -0.00501259  0.00117093  -0.176774  0.0873321  -0.191427  
-0.00354944  -0.00490357  0.00107008  -0.179216  0.0928785  -0.232932  
-0.00335989  -0.0049227  0.00095107  -0.183703  0.0690598  -0.227027  
-0.00394782  -0.00468264  0.000935061  -0.178385  0.0829189  -0.223584  
-0.00349114  -0.00481855  0.000942649  -0.177146  0.0546965  -0.234706  
-0.00366857  -0.00493917  0.000997309  -0.177706  0.0922206  -0.230541  
-0.00307701  -0.00481155  0.000868758  -0.190527  0.0455511  -0.260687  
-0.00395584  -0.00470865  0.00106927  -0.192465  0.103453  -0.161776  
-0.00291003  -0.00464381  0.000877047  -0.194026  0.059165  -0.236689  
-0.00381206  -0.00482445  0.000851694  -0.20645  0.0870249  -0.147213  
-0.00328725  -0.00453287  0.000749036  -0.206201  0.0714489  -0.192414  
-0.00325924  -0.0046568  0.000792886  -0.210426  0.0691591  -0.16733  
-0.00358305  -0.00463391  0.000917518  -0.191046  0.0861075  -0.177794  
-0.00316322  -0.00475197  0.000946368  -0.184715  0.0507103  -0.175662  
-0.00371858  -0.0047744  0.000869163  -0.188481  0.093905  -0.172178  
-0.00310157  -0.0047943  0.000882999  -0.207555  0.0468905  -0.174571  
-0.00389368  -0.00465675  0.000972508  -0.200486  0.0904331  -0.166593  
-0.00265889  -0.00461642  0.000996587  -0.203052  0.0622038  -0.174828  
-0.00359551  -0.00463155  0.00117093  -0.204739  0.0816271  -0.155792  
-0.0032579  -0.00457822  0.000893476  -0.21913  0.0501815  -0.179257  
-0.00399055  -0.00471745  0.000886939  -0.218206  0.101258  -0.151195  
-0.00347881  -0.00448571  0.000985633  -0.203525  0.0582947  -0.208225  
-0.00495085  -0.00486245  0.00117093  -0.179506  0.0996092  -0.185971  
-0.00427629  -0.00452701  0.00117093  -0.176754  0.0617859  -0.233881  
-0.00505731  -0.00448915  0.00117093  -0.179763  0.081094  -0.20919  
-0.00456341  -0.00442279  0.00117093  -0.182242  0.0835885  -0.194596  
-0.00469333  -0.00473724  0.00117093  -0.173032  0.0613792  -0.195409  
-0.00598797  -0.00442279  0.00117093  -0.163296  0.104058  -0.165845  
-0.00464048  -0.00436625  0.00117093  -0.170532  0.041694  -0.175484  
-0.0059214  -0.00414169  0.00117093  -0.163258  0.0988809  -0.155149  
-0.00486828  -0.00589566  0.00182979  -0.079294  0.0759399  -0.330276  
-0.00536808  -0.00510724  0.00141729  -0.103178  0.0299145  -0.309743  
-0.00682323  -0.00490366  0.00156847  -0.114151  0.108716  -0.215475  
-0.00575254  -0.00424648  0.00141069  -0.121199  0.0586174  -0.247264  
-0.00516214  -0.004109  0.00141069  -0.13313  0.0769503  -0.228889  
-0.0047989  -0.00421614  0.00105758  -0.132276  0.114228  -0.193846  
