0.000325373  -0.00928501  -0.000132069  0.341969  -0.116607  -0.181177  
0.00030857  -0.00924313  -0.000103007  0.338607  -0.115474  -0.175476  
0.000155579  -0.00904699  0  0.34634  -0.117512  -0.180821  
0.000170768  -0.00914099  2.11758e-22  0.346392  -0.123028  -0.17182  
0.00013245  -0.0092681  0  0.340057  -0.123802  -0.155517  
4.838e-05  -0.00931199  0.00011206  0.336416  -0.113893  -0.139416  
-0.00045663  -0.00927957  0.000124517  0.335942  -0.130284  -0.0939762  
-0.000679453  -0.00994785  -1.21244e-06  0.312754  -0.135804  -0.0363327  
-0.00116353  -0.00982121  8.90216e-05  0.323398  -0.13085  -0.0600358  
-0.000847375  -0.00948727  0.000434876  0.350468  -0.136316  -0.0792477  
-0.00122281  -0.00969437  0.000431854  0.347684  -0.128743  -0.0484343  
-0.00126081  -0.00970037  0.00044687  0.341653  -0.134586  -0.0416809  
-0.00139621  -0.00961228  0.000766194  0.351639  -0.134597  -0.0192317  
-0.00155845  -0.00931968  0.000656008  0.35164  -0.136014  -0.0186118  
-0.00207192  -0.00942244  0.000934027  0.360539  -0.128864  -0.0161082  
-0.00257278  -0.00930839  0.00104995  0.365754  -0.113165  -0.00846653  
-0.00238637  -0.00963451  0.00113998  0.365093  -0.109424  -0.0498406  
-0.00243546  -0.00948338  0.00122127  0.373667  -0.115597  -0.0517694  
-0.00231399  -0.00935897  0.00128058  0.37466  -0.112932  -0.0329724  
-0.00241773  -0.00977875  0.0011168  0.383703  -0.113784  -0.0399748  
-0.00226711  -0.00979962  0.00124237  0.380606  -0.114342  -0.0368479  
-0.00248837  -0.00969238  0.00129677  0.387892  -0.0997647  -0.0408364  
-0.00247549  -0.00933568  0.00136734  0.381694  -0.103824  -0.0330417  
-0.00256841  -0.00894028  0.00137202  0.377331  -0.113448  -0.0188493  
-0.00313345  -0.00874458  0.00142588  0.373175  -0.1003  -0.0276933  
-0.00295932  -0.00828289  0.00150924  0.382475  -0.101203  -0.0156817  
-0.00306381  -0.00853335  0.0014343  0.382673  -0.103551  -0.0205354  
-0.00272527  -0.00884766  0.00165965  0.372836  -0.109893  -0.0153631  
-0.00316161  -0.0088053  0.00163693  0.377319  -0.104595  -0.00951315  
-0.00334619  -0.00893686  0.00185268  0.384899  -0.0968749  -0.00313731  
-0.00331989  -0.00877744  0.00185865  0.377332  -0.108813  0.0153807  
-0.00308655  -0.00864406  0.00186647  0.374214  -0.121526  0.0119565  
-0.00294155  -0.00850515  0.00191491  0.368809  -0.116038  0.0151676  
-0.0030302  -0.00845958  0.00207075  0.378497  -0.101734  0.00849285  
-0.00326543  -0.0081674  0.00220485  0.382636  -0.107531  0.0175518  
-0.00334035  -0.00802653  0.00210591  0.382647  -0.113151  0.0128618  
-0.00316456  -0.0079841  0.00227785  0.387387  -0.110216  0.00627053  
-0.00298732  -0.00800314  0.00228089  0.387134  -0.100709  0.00924294  
-0.00297958  -0.00802903  0.00229791  0.38263  -0.108193  0.0173952  
-0.00332652  -0.00828724  0.00225351  0.379026  -0.117981  0.0371433  
-0.00319929  -0.00806182  0.00230844  0.382661  -0.125786  0.0533262  
-0.00287223  -0.00853517  0.00197169  0.368283  -0.105557  -0.0227189  
-0.00242406  -0.0089095  0.00211239  0.355219  -0.114345  -0.0351449  
-0.00269251  -0.00872685  0.00215468  0.35498  -0.120297  -0.0144706  
-0.00311896  -0.00822535  0.00213924  0.352709  -0.11873  -0.00215527  
-0.00380614  -0.0079844  0.00214851  0.338667  -0.110464  0.0165975  
-0.00406547  -0.00738624  0.00233725  0.341399  -0.110516  0.0350483  
-0.0042305  -0.00746697  0.00264136  0.340908  -0.110617  0.0447454  
-0.00425045  -0.00751609  0.00265366  0.338629  -0.105891  0.047221  
-0.00430458  -0.00699648  0.00300869  0.350981  -0.0981544  0.0545403  
-0.00409041  -0.00684274  0.00302121  0.348593  -0.100443  0.0549128  
-0.0041124  -0.00690151  0.003108  0.353053  -0.107877  0.0557893  
-0.00444074  -0.00688835  0.00285286  0.356084  -0.110859  0.0645308  
-0.00435565  -0.00685815  0.003228  0.351358  -0.112989  0.0663955  
-0.00464664  -0.00683132  0.00316257  0.35666  -0.111223  0.0762635  
-0.00452397  -0.00677016  0.00320627  0.34803  -0.117928  0.0496768  
-0.0043986  -0.00670755  0.0031755  0.349273  -0.11703  0.0383872  
-0.00428961  -0.00688038  0.00314647  0.346885  -0.0977594  0.0423532  
-0.00435394  -0.0069041  0.00315468  0.351535  -0.0953043  0.0467823  
-0.00431986  -0.00676329  0.00342566  0.346997  -0.101193  0.0425844  
-0.00449137  -0.00680302  0.00352343  0.345684  -0.10091  0.0271194  
-0.00454588  -0.00696559  0.00324271  0.343176  -0.0954212  0.0287131  
-0.00449269  -0.00686401  0.00324589  0.349265  -0.0979527  0.0391272  
-0.00443047  -0.00692792  0.00335059  0.346323  -0.108919  0.041408  
-0.00347181  -0.00744398  0.00227646  0.349101  -0.1043  -0.0894625  
-0.0034284  -0.00765297  0.0026173  0.355279  -0.0877866  -0.0312666  
-0.00161503  -0.00810151  0.0019384  0.348701  -0.0705762  -0.240343  
0.00253049  -0.00941406  0.00180067  0.319986  -0.065631  -0.235128  
0.00126389  -0.00961908  0.00162272  0.314134  -0.0866616  -0.15307  
0.000904962  -0.00988431  0.00158309  0.3101  -0.0804213  -0.108402  
0.0006287  -0.00954641  0.00152607  0.31033  -0.0933011  -0.11949  
0.000566839  -0.00941799  0.00169952  0.306481  -0.0965521  -0.130091  
-0.000109503  -0.00925768  0.00198115  0.298038  -0.0952983  -0.0711336  
-0.000196581  -0.0089891  0.00191556  0.301346  -0.102372  -0.055729  
-0.000146434  -0.00851807  0.00195919  0.307435  -0.111636  -0.0709454  
5.10913e-05  -0.00838831  0.00226852  0.313529  -0.111765  -0.0613583  
-0.000398898  -0.00835572  0.00242982  0.317661  -0.111819  -0.0435789  
-0.000644247  -0.0083027  0.00271072  0.314214  -0.0999678  -0.0397259  
-0.000612981  -0.00812755  0.00260589  0.307685  -0.115032  -0.0164149  
-0.000619583  -0.00809315  0.00286147  0.307676  -0.105559  -0.0134893  
-0.000820948  -0.00795452  0.00296913  0.311719  -0.0970551  0.000573075  
-0.000849805  -0.00831904  0.00287827  0.314485  -0.094553  -0.0256614  
-0.000613595  -0.0080891  0.00298777  0.316577  -0.106408  -0.0254412  
-0.000562344  -0.00802648  0.00293921  0.307666  -0.104223  -0.0342395  
-0.000743668  -0.0081038  0.00308002  0.310769  -0.098965  -0.0323173  
-0.000562344  -0.00804066  0.00299755  0.307667  -0.103646  -0.0303049  
-0.000391513  -0.00796686  0.00303798  0.30765  -0.109951  -0.035938  
-0.000698765  -0.00794603  0.00313295  0.312011  -0.103539  -0.0286864  
-0.000706888  -0.00797974  0.00310646  0.314606  -0.111156  -0.0231108  
-0.000461065  -0.00760942  0.0032944  0.320222  -0.117788  -0.0231065  
-0.000396468  -0.00794789  0.00323268  0.317607  -0.108533  -0.0412593  
-0.000530113  -0.00826025  0.00324992  0.305521  -0.0969057  -0.0485151  
-0.000394069  -0.00829714  0.00317993  0.30161  -0.0904995  -0.047427  
-0.000147688  -0.00784149  0.00305511  0.311215  -0.118161  -0.00536081  
-0.000218389  -0.00812505  0.00313415  0.313059  -0.103048  -0.0252166  
-0.000550893  -0.00808463  0.00310584  0.314816  -0.0948775  -0.0284491  
-0.000660484  -0.00796993  0.00330416  0.326722  -0.100723  -0.04374  
-0.000660484  -0.00793526  0.00320151  0.327022  -0.0911831  -0.0427179  
-0.000854987  -0.00759006  0.00307106  0.337014  -0.0788109  -0.051295  
-0.000840107  -0.00771338  0.00306539  0.335418  -0.0803266  -0.0444983  
-0.000729438  -0.00789416  0.00315327  0.326982  -0.0933881  -0.0272475  
-0.00107606  -0.00766665  0.00296965  0.324427  -0.083484  -0.0371886  
-0.000984941  -0.00774455  0.00307159  0.320421  -0.0789687  -0.0435239  
-0.000771548  -0.00774469  0.0030479  0.317159  -0.0913169  -0.0279833  
-0.000476998  -0.007569  0.00331136  0.317136  -0.0978181  -0.0440152  
-0.000640819  -0.00787323  0.00304837  0.314392  -0.0869668  -0.0526606  
-0.000598455  -0.00793952  0.00307474  0.31718  -0.0878092  -0.0431311  
-0.000791541  -0.0081134  0.00304392  0.315111  -0.0962232  -0.0205793  
-0.00110638  -0.0078385  0.00304694  0.317145  -0.0969472  -0.0217176  
-0.00113891  -0.0079013  0.00316896  0.317142  -0.0900123  -0.0149668  
-0.00106491  -0.00806992  0.00312807  0.317136  -0.0927247  -0.0130244  
-0.00098433  -0.0079745  0.00316474  0.317136  -0.10304  -0.00831809  
-0.00074053  -0.00819725  0.00304525  0.303754  -0.0998002  -0.017853  
-0.000893093  -0.00820881  0.00306374  0.307187  -0.0895134  -0.0329353  
-7.12029e-05  -0.00816198  0.00282523  0.317186  -0.0801946  -0.110222  
0.00265921  -0.00910773  0.00177865  0.294493  -0.0344291  -0.206592  
0.00113147  -0.0091907  0.00190848  0.291015  -0.0797367  -0.138356  
0.000170116  -0.00910946  0.00210908  0.298335  -0.0793835  -0.0805243  
-0.000213193  -0.00905718  0.00217357  0.297687  -0.0831171  -0.0352134  
-0.000493984  -0.00875574  0.00228085  0.304357  -0.081759  -0.0410483  
-0.000615688  -0.00892744  0.00273248  0.319548  -0.0761821  -0.0292327  
-0.00068648  -0.00914327  0.00249801  0.300891  -0.103889  -0.0141831  
-0.00088397  -0.00908268  0.00250523  0.300865  -0.102037  -0.00294518  
-0.000605713  -0.00927705  0.00256841  0.300869  -0.0932599  0.0103728  
-0.000893912  -0.00937203  0.00247107  0.300827  -0.0900688  -0.00849367  
-0.000943924  -0.00933028  0.00274504  0.317208  -0.0900468  0.00041252  
-0.00101131  -0.00931742  0.00276895  0.317456  -0.094342  -0.0205417  
-0.000898092  -0.0091284  0.00263984  0.310804  -0.0941442  -0.00786748  
-0.000765546  -0.00952238  0.00265786  0.307866  -0.0761927  -0.0218815  
-0.000958871  -0.00944367  0.00253049  0.293366  -0.088279  0.00818845  
-0.000956426  -0.00890886  0.00272991  0.298778  -0.0944292  0.0269257  
-0.000765546  -0.00893253  0.00273691  0.296344  -0.0925481  0.00371579  
-0.00100311  -0.00901573  0.00269931  0.300207  -0.0851612  -0.00506428  
-0.000765546  -0.00904198  0.00277628  0.283402  -0.086723  0.000617666  
-0.000928638  -0.00901135  0.00277798  0.286209  -0.0925486  -0.0120869  
-0.000765546  -0.00893222  0.00276588  0.290021  -0.08697  -0.0123711  
-0.000939153  -0.00921898  0.00271657  0.291528  -0.0829072  -0.0231605  
-0.00103377  -0.00897389  0.00257739  0.284534  -0.0889314  -0.00707225  
-0.000765546  -0.00926023  0.00253474  0.288756  -0.0857873  -0.0199264  
-0.000638262  -0.00911029  0.00247817  0.291483  -0.0827588  -0.0312722  
-0.000669436  -0.00944534  0.00250886  0.291042  -0.082593  -0.0357573  
-0.000551509  -0.00916123  0.00249494  0.290589  -0.0863718  -0.047109  
-0.000402236  -0.00924142  0.00233518  0.281241  -0.0791309  -0.0808214  
-0.000906199  -0.00941244  0.00231154  0.270305  -0.0670611  -0.0747314  
-0.00100573  -0.00930826  0.00214417  0.270292  -0.0749905  -0.0760205  
-0.000689245  -0.0092388  0.00187648  0.266733  -0.090547  -0.0897765  
-0.000787527  -0.00934195  0.00193819  0.266286  -0.0793914  -0.0971379  
-0.000883145  -0.00931866  0.00230102  0.275995  -0.0761106  -0.0846732  
-0.00106135  -0.00899126  0.00233357  0.28029  -0.0788158  -0.0843524  
-0.000869436  -0.00912843  0.00224173  0.28214  -0.0857783  -0.108338  
-0.000421427  -0.00966216  0.00213972  0.282416  -0.0584306  -0.134741  
-0.000682482  -0.00935756  0.00230113  0.287035  -0.0573952  -0.115719  
-0.000651056  -0.00916532  0.00230702  0.29104  -0.0638162  -0.134854  
-0.000644256  -0.00916119  0.00239428  0.299577  -0.0570408  -0.136335  
-0.00029732  -0.00917844  0.00237083  0.298923  -0.0511685  -0.124861  
-0.000247706  -0.00920137  0.00250162  0.299542  -0.0531645  -0.144492  
-0.000452416  -0.0091399  0.00264758  0.301209  -0.055442  -0.173793  
-0.000175951  -0.00878004  0.0027057  0.304439  -0.046091  -0.173951  
-6.41267e-05  -0.00883877  0.00282313  0.30099  -0.0437937  -0.207447  
-0.000130057  -0.00894826  0.00267895  0.29728  -0.0377548  -0.21309  
-0.000126758  -0.00900084  0.00261073  0.302057  -0.0421509  -0.195469  
0.000189126  -0.00866752  0.00278667  0.299755  -0.0445903  -0.211144  
5.3936e-05  -0.00854104  0.00264547  0.298902  -0.0386614  -0.208558  
0.000291245  -0.00859733  0.00267236  0.297061  -0.0434732  -0.209768  
0.00041917  -0.00860317  0.00268789  0.294192  -0.0471151  -0.208231  
0.000705691  -0.00847178  0.00286098  0.296817  -0.050895  -0.205291  
0.000576307  -0.00844113  0.00279002  0.296119  -0.0417051  -0.203506  
0.000899903  -0.00851581  0.00272423  0.293675  -0.0488948  -0.202102  
0.000854964  -0.00869891  0.00291483  0.28722  -0.0486905  -0.197787  
0.00104517  -0.0086695  0.0027568  0.291048  -0.0468632  -0.190235  
0.00111345  -0.0087726  0.00278409  0.296539  -0.0379303  -0.190293  
0.00138225  -0.00880515  0.00300116  0.298381  -0.0355862  -0.204192  
0.0011384  -0.00892968  0.00309168  0.307512  -0.0424949  -0.211376  
0.00106283  -0.00861629  0.00311241  0.29631  -0.0198353  -0.208282  
0.000869214  -0.00851759  0.00300927  0.289023  -0.0252661  -0.167726  
0.000891227  -0.00847066  0.00281191  0.287663  -0.0233457  -0.170925  
0.00116949  -0.00797371  0.00283513  0.284205  -0.0269518  -0.152082  
0.00113364  -0.00790907  0.00290473  0.281603  -0.0220881  -0.162003  
0.00108644  -0.00817944  0.00273883  0.284588  -0.040628  -0.153912  
0.00115458  -0.00845622  0.0028334  0.281455  -0.0366601  -0.147469  
0.00139598  -0.00817988  0.00271907  0.278552  -0.0430129  -0.136035  
0.00155784  -0.00796503  0.00273693  0.281318  -0.0407343  -0.12804  
0.00174611  -0.00798145  0.00281299  0.282532  -0.0413154  -0.116275  
0.00179608  -0.00809599  0.00288374  0.284619  -0.0380869  -0.135311  
0.00180723  -0.00811884  0.00287915  0.280998  -0.0410592  -0.138436  
0.0019637  -0.00803046  0.00299695  0.284577  -0.0462405  -0.157971  
0.00211409  -0.00854545  0.00232977  0.286715  -0.0167084  -0.203388  
0.00481967  -0.0089804  0.00181901  0.284036  0.00336302  -0.386286  
0.00492097  -0.00877396  0.00164535  0.272835  0.00802729  -0.27655  
0.0029324  -0.00888248  0.00176778  0.268235  -0.0109658  -0.201702  
0.00253849  -0.00884411  0.00181824  0.276982  -0.0443995  -0.188992  
0.00171102  -0.00984047  0.00140381  0.236335  0.0188149  -0.278263  
0.000858288  -0.00891658  0.00191724  0.273254  0.00862427  -0.198465  
0.000111892  -0.00887109  0.00194062  0.266606  -0.0137661  -0.157624  
0.000205107  -0.00821466  0.0022706  0.25392  -0.0360906  -0.0940129  
-3.64209e-05  -0.00796692  0.00221999  0.256327  -0.0347516  -0.0721306  
-0.00019421  -0.00747242  0.00231184  0.257954  -0.0435298  -0.0539524  
-5.10512e-05  -0.00736382  0.00241425  0.25389  -0.0522388  -0.0492023  
6.07429e-06  -0.00733463  0.002365  0.254861  -0.0565462  -0.0537467  
0.000173367  -0.00709964  0.00235137  0.245755  -0.0461322  -0.0764905  
0.000243731  -0.0072098  0.0024104  0.245828  -0.0409299  -0.0648016  
0.000318398  -0.00694606  0.00230902  0.241269  -0.0443116  -0.0579058  
0.000268498  -0.00675547  0.00248462  0.249745  -0.0500143  -0.0579411  
-6.63024e-05  -0.00689528  0.00252152  0.243982  -0.0432978  -0.0562399  
-0.000443088  -0.00692812  0.00245457  0.241288  -0.0492798  -0.0462577  
-0.000322679  -0.0069414  0.00260437  0.251528  -0.0561823  -0.0338201  
-0.000353977  -0.00662753  0.0026689  0.257124  -0.0514311  -0.0593187  
-0.000812579  -0.00686644  0.00253135  0.254012  -0.0448023  -0.058048  
-0.00107975  -0.00678333  0.00255015  0.247842  -0.0595945  -0.0437963  
-0.000949755  -0.00691589  0.00257123  0.238287  -0.0616554  -0.0417474  
-0.000855149  -0.0065952  0.00253801  0.233802  -0.0675887  -0.026328  
-0.0008849  -0.00650207  0.00269442  0.230152  -0.0568714  -0.0316981  
-0.000729193  -0.00645406  0.00275954  0.226396  -0.0700526  -0.0106086  
-0.000657075  -0.00620029  0.00272109  0.226364  -0.0776613  -0.0348533  
-0.000701117  -0.00634994  0.00268273  0.229622  -0.056302  -0.0252176  
-0.000904932  -0.00607119  0.00298562  0.239406  -0.0587614  -0.0181281  
-0.000883473  -0.0060288  0.00305905  0.245286  -0.0688961  -0.00194495  
-0.000816599  -0.00613798  0.00309585  0.249991  -0.0740249  -0.0133577  
-0.00122391  -0.00619053  0.00293058  0.254645  -0.061369  -0.000155099  
-0.000984732  -0.00612108  0.002994  0.260019  -0.0755681  0.00749263  
-0.000733785  -0.00597832  0.00316478  0.260344  -0.0772197  0.00479568  
-0.000824718  -0.00619977  0.00312926  0.264603  -0.0606988  0.0187025  
-0.000867516  -0.0062425  0.00321582  0.26458  -0.0732261  0.00351363  
-0.000717328  -0.00625027  0.00329333  0.275948  -0.0799858  -0.0015862  
-0.000707426  -0.00593679  0.00333495  0.273599  -0.0654068  -0.00134397  
-0.00111434  -0.00586028  0.0030561  0.267047  -0.0807345  0.0136423  
-0.000875799  -0.00576413  0.00316208  0.261809  -0.0712446  0.0151912  
-0.000590424  -0.00581543  0.00331842  0.267196  -0.0602938  0.00356746  
-0.000859496  -0.00585425  0.00316848  0.263201  -0.0521688  0.00379241  
-0.00117114  -0.00627736  0.00312958  0.262641  -0.0686408  0.00282889  
-0.00107369  -0.00621211  0.00324879  0.2582  -0.0699043  -0.0193694  
-0.00140771  -0.00625452  0.00301144  0.258465  -0.0520897  -0.0175813  
-0.00163773  -0.00614904  0.00301279  0.251182  -0.0535068  -0.020383  
-0.0013029  -0.00635649  0.00306085  0.251157  -0.0710388  -0.0278028  
-0.0011512  -0.00639001  0.00314178  0.25731  -0.0712125  -0.0311726  
-0.00124398  -0.00649234  0.0030466  0.263493  -0.0549436  -0.0167983  
-0.00114971  -0.00643466  0.00310958  0.265909  -0.0636926  -0.00271871  
-0.00105749  -0.00628885  0.00326715  0.268105  -0.0626195  -0.0144013  
-0.000749392  -0.00620556  0.00323152  0.282986  -0.0510457  -0.0526451  
0.00294999  -0.00557604  0.00246429  0.263057  -0.00274186  -0.383957  
0.00333438  -0.00602822  0.00245256  0.263612  -0.0146658  -0.213365  
0.002084  -0.00612485  0.00286073  0.263403  -0.0205305  -0.115001  
0.00143978  -0.00611019  0.00291421  0.250515  -0.0269887  -0.0556397  
0.00160763  -0.00541162  0.00308164  0.257399  -0.0444539  -0.0198858  
0.00121107  -0.00560764  0.00313768  0.249138  -0.0361557  -0.0013564  
0.000857155  -0.00536022  0.00313462  0.251549  -0.0454728  0.00738311  
0.000816001  -0.00531097  0.00323327  0.256001  -0.0521928  0.0176309  
0.000612394  -0.00535611  0.00324184  0.258489  -0.0530586  0.0212935  
0.000388857  -0.00512977  0.00319582  0.253884  -0.0595638  0.0166578  
0.00069476  -0.00498509  0.00326907  0.255087  -0.0612927  0.0141246  
0.000619361  -0.00503953  0.00320694  0.25625  -0.0477627  -0.00187821  
0.000365513  -0.00489981  0.0032076  0.258475  -0.05079  0.0155453  
0.000514399  -0.00502184  0.00332548  0.265844  -0.0559116  0.011328  
0.000191644  -0.00531337  0.0034695  0.277442  -0.0512788  -0.0255519  
-0.000477651  -0.00537351  0.00322783  0.274433  -0.0456991  0.00803224  
-0.000533143  -0.00529965  0.00367392  0.286849  -0.0508345  0.00573348  
-0.000528351  -0.00534674  0.00373045  0.298261  -0.0514086  -0.00282614  
-0.000584558  -0.00534471  0.00375414  0.296814  -0.039028  -0.00554065  
-0.00106484  -0.00490047  0.00359087  0.29451  -0.0434123  0.00154695  
-0.00100707  -0.00487118  0.0037672  0.297849  -0.0499612  -0.0147335  
-0.00099232  -0.0047386  0.00370628  0.300766  -0.0554252  -0.0189871  
-0.00109945  -0.00489521  0.00365405  0.299577  -0.0436531  -0.00862265  
-0.000923697  -0.0051529  0.00381508  0.309143  -0.0514152  -0.00780225  
-0.000893367  -0.00504184  0.00388762  0.302675  -0.040156  -0.00649459  
-0.00109056  -0.00508673  0.00375173  0.311229  -0.0431792  0.0282626  
-0.00134955  -0.00490367  0.00396402  0.319312  -0.0587636  0.0312977  
-0.00158925  -0.00490892  0.00403042  0.331532  -0.0576076  0.0155275  
-0.00184349  -0.00499446  0.00390895  0.31572  -0.0433822  -0.00507344  
-0.00153274  -0.00479679  0.00413644  0.319544  -0.0516817  0.00808528  
-0.000881724  -0.00472699  0.00452161  0.334136  -0.0381217  -0.03158  
-0.000836731  -0.00474911  0.00459434  0.332456  -0.0284601  -0.0451181  
-0.0010794  -0.00447375  0.0047677  0.335271  -0.0215618  -0.0694726  
-0.0010794  -0.00456297  0.00471685  0.34355  -0.0354205  -0.0715253  
-0.00102616  -0.00458824  0.0045738  0.343563  -0.040805  -0.0821948  
-0.0010794  -0.00484127  0.00447405  0.340463  -0.023383  -0.069982  
-0.000529521  -0.00485367  0.00433068  0.329488  -0.0357323  -0.0655098  
-0.00113422  -0.00483609  0.00399288  0.324141  -0.0227212  -0.0813003  
-0.000966783  -0.00473977  0.00412939  0.317823  -0.0203182  -0.0953228  
-0.000841405  -0.00503364  0.00434757  0.330013  -0.0351393  -0.107742  
-0.000519813  -0.00484874  0.00431133  0.327044  -0.0218775  -0.0949807  
-0.000822996  -0.00473665  0.00431462  0.327127  -0.0314228  -0.0686652  
-0.000502276  -0.0046006  0.00407204  0.324505  -0.035755  -0.049939  
-0.00017828  -0.00465593  0.00436344  0.326413  -0.0391198  -0.0544937  
-0.00034612  -0.00452904  0.00451977  0.328303  -0.022068  -0.0857035  
-0.000485745  -0.00453882  0.00447005  0.332478  -0.025329  -0.0534561  
-0.000164243  -0.0043456  0.00446062  0.331016  -0.0325969  -0.0379111  
-5.05567e-05  -0.00425861  0.00437173  0.329814  -0.0192854  -0.089098  
-0.000320442  -0.00432703  0.00418438  0.330348  -0.014928  -0.0928813  
-0.000138859  -0.00419943  0.00431834  0.324077  -0.0120385  -0.115362  
0.000190013  -0.0044915  0.00418324  0.313018  -0.018574  -0.133472  
8.44662e-05  -0.00449487  0.00388141  0.313882  -0.020836  -0.168339  
0.000125864  -0.00495049  0.00394644  0.314646  -0.00815958  -0.150719  
0.000140852  -0.00458502  0.00397848  0.311957  -0.0233445  -0.144184  
-0.000103149  -0.0046196  0.00382094  0.310789  -0.0355487  -0.125638  
-8.02719e-06  -0.00442502  0.00299562  0.30924  -0.0125553  -0.203483  
-0.000406785  -0.00472994  0.00228301  0.305551  0.029031  -0.346309  
-0.000810779  -0.00574132  0.00286803  0.27272  0.0513405  -0.282545  
4.70658e-05  -0.00662225  0.0033784  0.309904  0.0501669  -0.231383  
0.000978416  -0.00785558  0.00249123  0.280932  0.0217432  -0.206994  
0.000925211  -0.00689223  0.00243772  0.285144  0.00733708  -0.177672  
0.000636808  -0.00668807  0.0019545  0.203378  -0.020144  -0.00198609  
0.000684467  -0.00592531  0.00172224  0.201303  -0.0898986  -0.0807218  
0.000314784  -0.00593585  0.0021366  0.213259  -0.0647264  -0.118018  
0.000396941  -0.00586975  0.00238718  0.227495  -0.0562835  -0.11494  
0.000189748  -0.00572813  0.00246821  0.244722  -0.0520217  -0.111482  
-0.000107848  -0.00621259  0.00226262  0.257423  -0.0404833  -0.082327  
-0.000107848  -0.00637803  0.00205654  0.263156  -0.0518274  -0.103995  
-0.000205454  -0.00649408  0.00232703  0.261458  -0.0225259  -0.126967  
-0.000517602  -0.00630243  0.00215949  0.259221  -0.0194527  -0.0988088  
-0.000550955  -0.00619724  0.00224476  0.263494  -0.045955  -0.0725702  
-0.000866631  -0.00611475  0.00214121  0.263385  -0.0605202  -0.0709923  
-0.000860463  -0.00588028  0.0021489  0.256216  -0.049035  -0.0741142  
-0.00065  -0.00577529  0.00208929  0.250524  -0.0606084  -0.0838601  
-0.00079272  -0.00604423  0.00236036  0.255918  -0.0505616  -0.0786189  
-0.00093323  -0.00610548  0.00232874  0.253708  -0.0475763  -0.0631839  
-0.000928382  -0.0057063  0.00246239  0.260044  -0.0498904  -0.053393  
-0.000897397  -0.00536474  0.00247355  0.259893  -0.0596689  -0.0532799  
-0.00113807  -0.00531854  0.00239005  0.250139  -0.050319  -0.0463352  
-0.00132656  -0.00556012  0.0024062  0.253728  -0.0502436  -0.031684  
-0.00108313  -0.00554191  0.00247558  0.257586  -0.0543616  -0.0452838  
-0.0013127  -0.00532283  0.00268426  0.262432  -0.0422386  -0.0556389  
-0.00132484  -0.00530603  0.00259254  0.251549  -0.0408212  -0.0405862  
-0.00127571  -0.0051263  0.00256191  0.251704  -0.0539646  -0.034967  
-0.00107973  -0.00499846  0.00272693  0.245183  -0.0735847  -0.0271471  
-0.00102384  -0.00480026  0.00286031  0.236668  -0.0646924  -0.0385293  
-0.0012574  -0.00481043  0.00281081  0.2367  -0.0618533  -0.0248242  
-0.00111866  -0.0046213  0.00274698  0.231957  -0.0724197  -0.0169184  
-0.00108333  -0.00458814  0.0028747  0.232633  -0.0739511  -0.0361367  
-0.00149232  -0.00439329  0.00270707  0.227755  -0.062212  -0.0283866  
-0.00146409  -0.00452513  0.00275254  0.23048  -0.0645712  -0.0124568  
-0.0014697  -0.0046633  0.00259068  0.234475  -0.0732458  -0.00912833  
-0.00115997  -0.00466073  0.00281847  0.226675  -0.0531278  0.000318594  
-0.00152513  -0.00450208  0.00279132  0.225685  -0.0641323  0.0150992  
-0.00145999  -0.00414383  0.00270585  0.224198  -0.0853726  0.0284026  
-0.00189635  -0.00434  0.00262433  0.221125  -0.0808284  0.016158  
-0.00212081  -0.00449458  0.00242497  0.207113  -0.0726958  0.0554896  
-0.00271924  -0.0046286  0.00187795  0.184105  -0.0733941  0.00961663  
-0.00258232  -0.00419342  0.00180961  0.168503  -0.0638355  0.0762939  
-0.00258252  -0.0038418  0.00177943  0.175878  -0.089345  0.0565599  
-0.00250531  -0.00418867  0.00194343  0.176387  -0.0625407  0.0584483  
-0.00254299  -0.00388216  0.00192226  0.17159  -0.07362  0.0793235  
-0.00238514  -0.0035966  0.00217189  0.183332  -0.0834542  0.0704079  
-0.00284747  -0.00344927  0.00225284  0.197942  -0.0611018  0.0521993  
-0.0028852  -0.00387857  0.00220209  0.197771  -0.0714487  0.072921  
-0.00278214  -0.00323933  0.00231753  0.202459  -0.0787077  0.0713409  
-0.00293775  -0.00332864  0.00217616  0.1974  -0.0679339  0.0726149  
-0.00299895  -0.0037118  0.00193717  0.183911  -0.0701483  0.0836623  
-0.00251288  -0.00392932  0.00203822  0.189091  -0.079458  0.0594391  
-0.00259136  -0.0040213  0.00183054  0.194845  -0.0727127  0.0425498  
-0.0031081  -0.00384105  0.00194299  0.191578  -0.0635683  0.0617401  
-0.00278999  -0.00367627  0.00190012  0.194716  -0.0774382  0.0750734  
-0.00256681  -0.00347812  0.0019697  0.201116  -0.0824572  0.0703429  
-0.00272828  -0.00370578  0.00203196  0.189068  -0.0620947  0.0363162  
-0.00286245  -0.0035518  0.00190835  0.171496  -0.0705963  0.0162073  
-0.00269328  -0.00379258  0.00208521  0.18063  -0.0735055  0.0342017  
-0.00288061  -0.00392096  0.00200512  0.178226  -0.0687907  0.00956446  
-0.00255037  -0.00431963  0.00178361  0.166085  -0.064714  0.0307132  
-0.00259303  -0.00436118  0.00193914  0.176418  -0.0736155  0.00722829  
-0.00275656  -0.00463391  0.0017812  0.175725  -0.0548816  -0.00737781  
-0.0026378  -0.00476309  0.00164452  0.172708  -0.0593173  -0.0108673  
-0.00275911  -0.00462559  0.00168595  0.172549  -0.0785867  0.00463802  
-0.00290627  -0.00453241  0.00154732  0.155461  -0.0715316  0.00543365  
-0.00290659  -0.00461475  0.0014883  0.163295  -0.0695303  0.0199862  
-0.00264554  -0.00419059  0.00166268  0.16881  -0.0888479  0.00812983  
-0.00267036  -0.00456939  0.00145885  0.162668  -0.0711174  0.00504539  
-0.0027153  -0.0045393  0.00142193  0.16496  -0.0770293  0.0245361  
-0.0028119  -0.00470296  0.00147269  0.174321  -0.0899031  0.000987699  
-0.00323254  -0.00466425  0.000929217  0.137922  -0.088349  -0.0161056  
-0.00327105  -0.00473606  0.00126806  0.172106  -0.0884505  0.0453593  
-0.0030745  -0.00435219  0.00138349  0.194642  -0.11981  0.0485205  
-0.0028555  -0.00404843  0.00136732  0.198126  -0.105714  0.0768139  
-0.00263283  -0.00387213  0.000937195  0.176765  -0.10938  0.149815  
-0.00252509  -0.00385605  0.00118064  0.172684  -0.12606  0.134154  
-0.00208403  -0.00446877  0.00127634  0.167212  -0.127607  0.0742998  
-0.00111032  -0.00491169  0.00139835  0.166956  -0.123338  -0.0257154  
0.00033246  -0.00527463  0.00120129  0.164802  -0.111062  0.0736085  
-0.000884652  -0.00476529  0.00129409  0.163817  -0.119184  0.0675071  
-0.00167936  -0.0043859  0.00165223  0.16752  -0.11321  0.0984364  
-0.00174348  -0.00423352  0.00168676  0.148979  -0.119582  0.115421  
-0.00180338  -0.00410395  0.00158565  0.151564  -0.126641  0.137035  
-0.000711065  -0.00354855  0.00144206  0.157004  -0.130049  0.137338  
-0.00146119  -0.00404307  0.00166478  0.158357  -0.114029  0.13221  
-0.00171129  -0.00412805  0.00168676  0.151837  -0.121542  0.128021  
-0.00152071  -0.00415748  0.00173992  0.157259  -0.125677  0.122652  
-0.00155252  -0.0044341  0.00153198  0.156738  -0.123193  0.09828  
-0.00173495  -0.00442425  0.00164004  0.157438  -0.121323  0.119158  
-0.0018578  -0.00423391  0.00168676  0.159208  -0.118699  0.114329  
-0.00170653  -0.0043187  0.00181271  0.164558  -0.11332  0.100054  
-0.00131745  -0.00497083  0.00134574  0.147314  -0.0995657  0.0617163  
-0.0009534  -0.00530056  0.000997404  0.13566  -0.116661  0.0866479  
-0.000660068  -0.00522479  0.00106351  0.132197  -0.125881  0.0719302  
-0.000737276  -0.00534585  0.00117004  0.135179  -0.109957  0.0458365  
-0.000961478  -0.00529659  0.0012702  0.135221  -0.114635  0.0602064  
-0.000639076  -0.00543453  0.00126076  0.130169  -0.126048  0.0625982  
-0.00074774  -0.00562921  0.000952034  0.125284  -0.115768  0.0828363  
-0.00105197  -0.00526341  0.00127504  0.135196  -0.117115  0.0809194  
-0.00132884  -0.004925  0.00102355  0.12521  -0.136918  0.0919429  
-0.000891434  -0.00505322  0.00102259  0.135186  -0.128252  0.0863586  
-0.000907657  -0.00519995  0.00101605  0.130566  -0.119996  0.0744995  
-0.00105204  -0.00540057  0.00101871  0.115468  -0.118291  0.0815873  
-0.0006238  -0.00531467  0.000768711  0.105497  -0.120071  0.0725953  
-0.000320215  -0.00544714  0.000909364  0.102976  -0.115204  0.0787791  
-0.00023698  -0.00566942  0.000768711  0.090926  -0.110572  0.0919155  
0.000117309  -0.00578253  0.000591935  0.0947397  -0.122954  0.0919175  
0.000402584  -0.00563853  0.00081157  0.0908313  -0.118285  0.104794  
0.000235052  -0.00583318  0.000627778  0.0933653  -0.114905  0.113783  
0.000316427  -0.00583213  0.00074016  0.0946314  -0.124038  0.107827  
4.81643e-05  -0.00591883  0.000765185  0.092771  -0.134565  0.0969268  
0.000115235  -0.00617422  0.000458569  0.0716923  -0.108294  0.0901463  
0.000502987  -0.00582225  0.000604676  0.0877806  -0.128186  0.0975271  
0.000623775  -0.00531354  0.000677501  0.0877169  -0.123857  0.0972573  
0.000451012  -0.00520667  0.000664676  0.0938068  -0.116255  0.105083  
0.000401789  -0.00508871  0.000752815  0.104339  -0.124449  0.113292  
0.000168094  -0.00524073  0.000800305  0.124407  -0.125313  0.0775693  
-1.65034e-05  -0.00555061  0.000688498  0.116667  -0.115524  0.0795863  
0.000348286  -0.00571763  0.000529948  0.104343  -0.108581  0.0749038  
0.000615371  -0.00653315  0.000396128  0.122386  -0.115056  0.0335635  
0.00101399  -0.00715396  0.000529948  0.142181  -0.10532  -0.0410199  
0.000560554  -0.0068471  0.000529948  0.125789  -0.0932623  -0.00743504  
0.000831232  -0.00639234  0.000420034  0.104477  -0.10877  0.0253512  
0.00115367  -0.00611852  0.000357752  0.109925  -0.113602  0.0207682  
0.00107093  -0.00611686  0.000331805  0.0997071  -0.100706  0.0240108  
0.00116371  -0.00607772  0.000386201  0.0951567  -0.104893  0.0229856  
0.000842508  -0.00580741  0.000111677  0.0811704  -0.105809  -0.0448372  
-0.000211667  -0.00625106  -0.000215221  0.0849239  -0.0681387  -0.198173  
0.0014072  -0.00695339  -0.000863887  0.0641053  -0.0473517  -0.0979486  
0.000729122  -0.0067902  -0.000786892  0.0740079  -0.0697906  -0.0994437  
0.000630824  -0.00649118  -0.000327083  0.0927672  -0.0680944  -0.087858  
0.00125263  -0.00609417  -0.000105116  0.100616  -0.0542621  -0.0701813  
0.00173689  -0.0065955  -0.000438839  0.0885015  -0.0501398  -0.0272926  
0.00150979  -0.00659249  -0.000136824  0.0922135  -0.0637206  -0.0609398  
0.00183557  -0.00654311  0.000131728  0.112752  -0.0634779  -0.0357202  
0.00197156  -0.00631032  0.000131728  0.116285  -0.0603749  -0.0150263  
0.00167686  -0.00639905  0.000131728  0.116241  -0.0929196  -0.0230901  
0.00157849  -0.00623243  -8.09184e-05  0.123129  -0.0889432  -0.0220429  
0.00136878  -0.00647144  0.000131728  0.119565  -0.0889776  -0.0110409  
0.000995009  -0.0068124  -2.15539e-05  0.113151  -0.0921425  -0.00488271  
0.00393402  -0.00685993  -0.00113878  0.129629  -0.0067719  -0.124778  
0.000698794  -0.00886889  -0.00213185  0.099227  -0.00739105  -0.168068  
0.000875089  -0.00837965  -0.00222311  0.0992773  -0.00763401  -0.0610055  
0.000737266  -0.00805549  -0.00220452  0.0404159  -0.0586025  -0.099964  
0.00217578  -0.00933493  -0.00247818  -0.0531107  0.00256036  -0.0323654  
0.00314263  -0.00775464  -0.00186224  -0.0537996  -0.0679306  0.0113191  
0.00282588  -0.00771227  -0.00163115  -0.0259155  -0.0545069  0.0416623  
0.00183811  -0.0071403  -0.00173385  -0.0195442  -0.0823142  -0.216011  
0.00559013  -0.00705003  -0.00144811  0.00177139  -0.0159333  -0.181317  
0.00413596  -0.00554258  -0.00243171  0.00289792  0.0376835  -0.239552  
0.00464833  -0.00484623  -0.000806718  0.0435932  0.0269138  -0.373423  
0.00356017  -0.00538141  -0.00109273  0.0156849  0.0803117  -0.397546  
0.00359396  -0.00594827  -0.00146531  0.045447  0.0536518  -0.25382  
0.00365258  -0.00550592  -0.000955894  0.0621988  0.059167  -0.310735  
0.00411391  -0.00515116  -0.00112013  0.0339728  0.0498712  -0.298125  
0.00266958  -0.00711765  -0.00217439  0.0225928  0.0279604  -0.569601  
0.00399476  -0.00681297  -0.00261519  -0.0105677  0.0243608  -0.291089  
0.003304  -0.0068991  -0.00273279  -0.0357101  0.0227614  -0.250461  
0.00341796  -0.00651241  -0.0026752  -0.0283908  -0.00577323  -0.231289  
0.00326622  -0.00643782  -0.00213167  -0.0129497  -0.00268273  -0.177301  
0.00286445  -0.00682638  -0.0019884  0.0229575  -0.0360101  -0.147665  
0.00223789  -0.00737697  -0.00218352  0.0451536  -0.0175953  -0.118685  
0.00205835  -0.00749092  -0.00179299  0.0664647  -0.0168789  -0.103768  
0.0023566  -0.00687527  -0.00177437  0.0415333  -0.0155704  -0.10279  
0.00255822  -0.0066882  -0.00176231  0.0440778  -0.023339  -0.100958  
0.00265875  -0.0069462  -0.00127718  0.0561979  -0.0181798  -0.0766881  
0.00241215  -0.00699683  -0.00141375  0.0536788  -0.033706  -0.069437  
0.00266672  -0.00672565  -0.00144428  0.0508296  -0.0460817  -0.086234  
0.00240249  -0.00656451  -0.00147055  0.0440387  -0.031137  -0.0562396  
0.00304431  -0.00637125  -0.00141678  0.0522997  -0.0402189  -0.0442867  
0.00303611  -0.00629268  -0.00138181  0.0568334  -0.0504339  -0.0608054  
0.00275265  -0.00649149  -0.00145513  0.0467461  -0.0454285  -0.0327056  
0.00285219  -0.00635093  -0.00149292  0.056928  -0.040443  -0.0413407  
0.0030901  -0.00623558  -0.00136844  0.0568786  -0.0434124  -0.0344051  
0.00290707  -0.00654516  -0.00134167  0.062727  -0.0462244  -0.025228  
0.00289363  -0.00618243  -0.00123241  0.0690376  -0.0412724  -0.0190039  
0.00334048  -0.00568365  -0.00119034  0.0686693  -0.0470461  -0.0167912  
0.00319248  -0.0058304  -0.00130859  0.061318  -0.0462175  -0.0214595  
0.00315972  -0.00606021  -0.00144198  0.0668259  -0.0419864  -0.00221864  
0.00303859  -0.00600029  -0.00124897  0.0747801  -0.0506332  -0.00809259  
0.0030607  -0.00572472  -0.0011598  0.0747706  -0.0484283  -0.00291286  
0.0031367  -0.00574589  -0.00124834  0.0653987  -0.0436447  -0.0148529  
0.00287081  -0.00569103  -0.00123035  0.0584112  -0.0382275  0.00728542  
0.00297025  -0.00563155  -0.00122011  0.0572686  -0.051173  0.0153797  
0.0029315  -0.00568916  -0.00142703  0.0428077  -0.0542033  0.0157297  
0.00316142  -0.0054994  -0.00134947  0.0454482  -0.0376731  0.00253748  
0.00324991  -0.00534332  -0.00133505  0.0426355  -0.0441291  0.0044935  
0.00344216  -0.0050077  -0.00118365  0.045473  -0.0500753  -0.00617829  
0.00283601  -0.00551835  -0.00121109  0.0455191  -0.0445343  0.0262575  
0.00282319  -0.00528961  -0.00112954  0.036663  -0.0485417  0.0320771  
0.00260888  -0.00538431  -0.00123419  0.0351922  -0.0554454  0.0489436  
0.00283306  -0.00544526  -0.00116845  0.0265797  -0.062293  0.0445178  
0.0030223  -0.00574371  -0.0010619  0.0412483  -0.0443667  0.0332141  
0.00296804  -0.00576547  -0.0011829  0.0372848  -0.0429091  0.0448069  
0.00322387  -0.00539569  -0.00115233  0.0375045  -0.0442358  0.0518682  
0.00374245  -0.00515189  -0.00098429  0.0412539  -0.039865  0.046343  
0.00330107  -0.00535852  -0.00098173  0.0359648  -0.0354711  0.0325361  
0.00321841  -0.00532793  -0.00107471  0.0348322  -0.0328786  0.0485295  
0.00327665  -0.00526621  -0.000905437  0.0342496  -0.0456032  0.039525  
0.00335997  -0.00524984  -0.000944  0.0297729  -0.0329923  0.0485282  
0.00361149  -0.00528486  -0.000834754  0.031714  -0.0343992  0.0434132  
0.0032749  -0.00519837  -0.000951997  0.029895  -0.0434228  0.0525124  
0.0033727  -0.00529224  -0.000984368  0.0347459  -0.045583  0.03286  
0.00302703  -0.00560837  -0.000965232  0.0285082  0.00594964  -0.164221  
0.00221528  -0.00468314  -0.00266259  -0.0255639  0.0239391  -0.337127  
0.00429464  -0.00668224  -0.00282099  -0.0998532  0.0303252  -0.278889  
0.00357891  -0.00623994  -0.00268702  -0.0999357  0.00953911  -0.101471  
0.00305587  -0.00628094  -0.00226094  -0.0625885  -0.00608567  -0.02352  
0.00314444  -0.00580978  -0.00173339  -0.0413924  -0.0382702  0.010478  
0.00331046  -0.0056745  -0.0015074  -0.0346603  -0.0337767  0.0532184  
0.00341482  -0.00532023  -0.00133335  -0.0237993  -0.0452896  0.0682999  
0.00360408  -0.0048715  -0.00110109  -0.00985657  -0.0592654  0.0450015  
0.00320785  -0.00478932  -0.00153589  -0.0128279  -0.052721  0.0673292  
0.00275585  -0.00469032  -0.00104939  -0.0195519  -0.0564792  0.0847323  
0.00253831  -0.00483926  -0.000921264  -0.004688  -0.0635093  0.0564616  
0.00259569  -0.00473172  -0.000993047  -0.00405441  -0.0492812  0.094551  
0.00289587  -0.00478545  -0.00126963  -0.00808761  -0.0394055  0.109924  
0.00286204  -0.00455746  -0.00097678  -0.00181562  -0.0464193  0.102864  
0.00288784  -0.00430425  -0.000810217  0.00341849  -0.0472397  0.100759  
0.00280747  -0.00433002  -0.0010179  -0.00373492  -0.0428355  0.119008  
0.00257127  -0.00435972  -0.00120154  -0.0034603  -0.0458635  0.112914  
0.00250459  -0.00458426  -0.00111401  -0.00143206  -0.0577817  0.107151  
0.00275911  -0.00437557  -0.00101742  0.0174888  -0.0573661  0.113612  
0.00270789  -0.00447418  -0.0012748  0.0101388  -0.053611  0.117472  
0.00255961  -0.00430674  -0.00121915  0.003279  -0.0512054  0.158263  
0.00257434  -0.00409039  -0.00112498  -0.00336211  -0.0724145  0.166198  
0.00238831  -0.00427426  -0.00125577  -0.00446211  -0.075497  0.160574  
0.00256722  -0.0043897  -0.00140242  -0.00604535  -0.0589172  0.135123  
0.00262778  -0.00426842  -0.00131311  -0.00544487  -0.0619812  0.133687  
0.00275189  -0.00419027  -0.00131837  0.000837638  -0.0639929  0.128254  
0.0026034  -0.00379913  -0.00165259  -0.0114632  -0.0501022  0.148737  
0.00251168  -0.00416175  -0.00160991  -0.00170983  -0.0423621  0.135272  
0.00250945  -0.00421059  -0.00168041  -0.00757428  -0.0481779  0.132048  
0.00267955  -0.00429315  -0.00129572  -0.00460827  -0.0432919  0.128832  
0.00253105  -0.00448531  -0.00159197  -0.00765797  -0.0402652  0.0894334  
0.00250254  -0.00416463  -0.00133076  -0.015967  -0.0420437  0.110025  
0.00282536  -0.00369027  -0.0014026  -0.0195092  -0.0470992  0.127053  
0.00285332  -0.00387561  -0.00121362  -0.0272355  -0.0558311  0.110817  
0.0027444  -0.00414417  -0.000969584  -0.020332  -0.0481097  0.117771  
0.00274221  -0.00368611  -0.00103852  -0.0274589  -0.0570382  0.140483  
0.00298878  -0.0035223  -0.000954207  -0.0483543  -0.0741941  0.155776  
0.003088  -0.00359047  -0.00129752  -0.0675238  -0.0645898  0.16327  
0.00296749  -0.00352711  -0.00112857  -0.0562196  -0.0767106  0.162926  
0.00331343  -0.00371759  -0.000905023  -0.0341718  -0.075108  0.143211  
0.00330097  -0.0038572  -0.00104778  -0.0324935  -0.0526539  0.143451  
0.00334137  -0.00373825  -0.00117218  -0.0268902  -0.0618518  0.135977  
0.00339746  -0.00398266  -0.000980587  -0.0039813  -0.0642747  0.107556  
0.0033367  -0.00412432  -0.00119686  -0.00858337  -0.0500449  0.108489  
0.00313364  -0.00404725  -0.00104828  -0.00617022  -0.0371918  0.108562  
0.003235  -0.00400207  -0.00117696  0.00387594  -0.0363672  0.0738808  
0.00318496  -0.00400324  -0.000947982  0.017291  -0.0243296  0.0428102  
0.00303409  -0.00400866  -0.00134437  -0.0111237  -0.0171119  0.0506513  
0.00311453  -0.00368054  -0.00157632  -0.0329271  -0.0256268  0.0801066  
0.00340353  -0.00392694  -0.00168123  -0.0404131  -0.0364293  0.0655667  
0.00315506  -0.00378507  -0.00151891  -0.053096  -0.0319553  0.0805423  
0.00294852  -0.00377954  -0.00152691  -0.0511712  -0.0362034  0.115041  
0.00299048  -0.00339934  -0.0015752  -0.0482416  -0.0327194  0.0994871  
0.00284808  -0.00358876  -0.00148487  -0.0611292  -0.0412834  0.0934733  
-0.000637159  -0.00452321  -0.00201189  -0.0772849  -0.0772122  0.0237425  
-0.00252545  -0.00482601  -0.00290095  -0.159881  -0.0451648  0.124055  
-0.000648009  -0.00204104  -0.00239042  -0.123474  -0.0428916  0.175784  
-0.00035538  -0.00192993  -0.00199714  -0.0701434  -0.0549282  0.170889  
-0.002002  -0.0042946  -0.00140831  -0.0237532  -0.00980663  -0.122089  
-0.00132615  -0.00486134  -0.00164338  0.0376378  0.0399097  -0.106121  
-0.00215201  -0.00469772  -0.000793847  0.0535305  0.0258079  -0.0752405  
-0.00245866  -0.0037944  -0.000459775  0.079694  0.000472085  -0.0693274  
-0.00254817  -0.00385279  -0.000459775  0.0797056  0.0206292  -0.0510542  
-0.00241684  -0.00388165  -0.000220006  0.0962173  -0.0169847  -0.00127704  
-0.00199543  -0.00366104  -0.000248556  0.0947046  -0.0118898  -0.00124673  
-0.00246917  -0.00354159  -0.000847642  0.0682068  -0.0139606  0.0262952  
-0.00248191  -0.00341499  -0.000801718  0.0652466  -0.0260792  0.0433515  
-0.00218941  -0.00315379  -0.000332658  0.0731037  -0.0259228  0.050464  
-0.00204741  -0.00297225  -0.000351325  0.053526  -0.0120269  0.0802773  
-0.00139612  -0.00108112  5.97006e-05  0.0746125  -0.0263409  0.141471  
-0.00185921  -0.00157523  0.000358922  0.0810616  -0.0317303  0.0783846  
-0.00133345  -0.00172224  -0.000784959  0.039005  -0.0162679  0.106024  
-0.000964134  -0.000895807  0.000216124  0.0712965  -0.0538615  0.113718  
-0.00058759  -0.000805769  0.00108155  0.0620621  -0.0278674  0.101109  
-0.000892432  -0.00109282  0.000283784  0.0705781  -0.00513151  0.110553  
-0.000888208  -0.000994322  0.00080611  0.0659625  -0.0454392  0.111556  
-0.000376587  -0.00120499  0.00115588  0.0642275  -0.0342493  0.109191  
-0.000197789  -0.000994322  0.000201714  0.0735101  0.0364  0.111931  
-6.90683e-05  -0.00145542  -0.00134236  0.00871302  -0.0164576  0.116478  
0.000623261  -0.00102136  -0.00141511  -0.0223066  -0.0162998  0.111541  
0.000206842  -0.000501922  -0.00157638  -0.0311611  -0.0290124  0.122403  
0.000262007  -2.61547e-05  -0.000826901  -0.0760511  -0.0586574  0.132586  
0.00144702  -0.0022367  -0.000871012  -0.0262461  -0.0278009  0.0809788  
0.000392958  -0.000350383  -0.00183792  -0.0354943  -0.0178274  0.120656  
0.000550639  0.000126947  -0.000437425  -0.0716003  -0.0514365  0.135875  
0.000674079  0.000379495  -0.00133354  -0.0263784  -0.0321931  0.128535  
0.000529704  0.000333867  -0.00142751  -0.0483227  -0.00891852  0.138758  
0.000570777  0.000432991  -0.00148843  -0.0513735  -0.0234668  0.136063  
0.000900836  0.000427699  -0.001249  -0.0490817  -0.0300362  0.127735  
0.000552824  -0.000349121  -0.00181082  -0.0400338  -0.0116404  0.115227  
0.00062353  -8.96239e-05  -0.00175508  -0.0449228  -0.0270977  0.109585  
0.000521235  -0.00048513  -0.00182562  -0.02137  -0.0200211  0.105557  
0.000754473  -0.00318765  -0.00117096  0.00751195  0.00346979  0.0508029  
4.32436e-05  -0.00147415  -0.00165871  -0.0127251  -0.0154132  0.1359  
0.000102764  -0.00113719  -0.00157376  0.0028178  -0.0238317  0.126179  
-0.0010273  -0.00352229  -0.00116468  0.00611271  -0.0247931  0.011596  
0.000123535  -0.00369798  -0.000551937  0.0101144  0.0373102  0.0423427  
-0.000923059  -0.00264096  -0.00109037  0.0226656  -0.021686  0.0259662  
0.000330275  -0.000869818  -0.00143777  0.0207395  0.0118484  0.083367  
-0.000381864  -0.0026537  -0.00107917  0.0157513  -0.0254835  0.0479952  
0.000370177  -0.000304127  -0.00169209  -0.0102  -0.0161219  0.118725  
0.000551726  0.000358064  -0.00154217  -0.0201413  -0.016394  0.123102  
0.000584119  0.000195889  -0.00167812  -0.0116178  -0.00721272  0.115936  
0.0008545  -0.000331815  -2.03774e-05  0.0422703  -0.0531641  0.134905  
0.00100767  -0.000216756  0.00011953  0.0485569  -0.0546194  0.134898  
0.000894281  0.000338595  -0.00150436  -0.0197396  -0.00860577  0.143229  
0.0011251  -0.000209841  0.000441802  0.0570353  -0.0336918  0.12812  
0.00118689  -0.000277869  0.00104036  0.0223656  -0.0308374  0.125904  
0.00149142  -0.000937787  0.00126845  0.0152337  -0.0105753  0.102132  
0.00192411  -0.00161531  0.00102846  0.0315707  -0.0144367  0.0762205  
0.0026048  -0.00208516  0.000941246  0.0402658  -0.0158166  0.0367197  
0.00183102  -0.00173827  0.00101257  0.0424924  -0.00770913  0.0834188  
0.00183762  -0.00243683  0.00067695  0.0223513  -0.00584195  0.0730239  
0.00208412  -0.00217214  0.00042695  -0.00750148  -0.0280443  0.0837667  
0.00043585  -0.000317041  -0.00128778  -0.108729  -0.0338925  0.190708  
-0.00330007  -0.000251761  -0.00100651  -0.119373  -0.0264104  -0.0111884  
-0.00127893  -0.00252498  -0.00198752  -0.065493  -0.00508279  0.0452834  
0.00103438  -0.000488792  -0.00175045  -0.0848432  0.0265328  0.129981  
0.00125895  -0.000996106  -0.00125734  -0.0239778  0.0226899  0.110227  
0.000761857  -0.000658625  0.00156276  0.0167759  -0.00235561  0.107268  
0.000180801  5.6496e-05  0.00201952  0.00231073  0.0184552  0.0930724  
0.00200755  -0.00189277  0.00117009  0.0282679  0.0201958  0.0300426  
0.00023702  0.00096882  0.00137565  -0.0101811  0.0410127  0.0808362  
0.000370132  -0.000269522  0.000522906  0.0524659  0.0616458  0.0772694  
0.000364912  -0.000456996  0.000415152  0.0675758  0.0547016  0.0703238  
-0.000645525  -0.00293355  -4.75185e-05  0.0460076  0.0537134  -0.0481678  
-3.75094e-05  -0.000572219  0.000137851  0.0599966  0.0656885  0.0749886  
0.000444974  -0.000321506  0.00038158  0.0448751  0.04728  0.08868  
0.000561299  -6.70736e-05  0.000448454  0.0421331  0.0555485  0.0779706  
0.000880669  0.000918804  0.00166942  -0.029534  0.0092453  0.0641431  
0.00214933  0.00153732  0.000942562  -0.0698551  0.00201819  0.0414848  
0.00178564  0.00196473  0.00126183  -0.0673679  0.0152649  0.0294774  
0.000156767  0.000360178  7.7896e-06  -0.100821  0.0430006  0.0777434  
0.000325027  0.000220385  3.42746e-05  -0.0946652  0.0459355  0.0795667  
-0.00267312  -0.00196665  -0.000274609  -0.000657799  -0.0203748  -0.122994  
-0.000540891  -0.0011016  0.00134799  -0.0061483  0.0246533  -0.127171  
-3.83049e-05  0.00288038  0.000299256  -0.060051  0.0597486  -0.0157589  
0.000179925  0.00305961  0.000100073  -0.0748987  0.0543667  -0.0162467  
0.000313418  0.00309037  0.000876108  -0.057645  0.0184187  -0.0173909  
7.44418e-05  0.00292292  -0.000149927  -0.0801017  0.0469749  -0.0332969  
0.000181271  0.00247633  -2.38468e-05  -0.0967066  0.0589562  -0.025472  
7.23589e-05  0.000667551  4.48298e-05  -0.0913307  0.0441162  -0.103887  
-5.52262e-05  0.00059031  -1.29703e-05  -0.091535  0.0590203  -0.104606  
-0.000357745  0.00271038  0.000100073  -0.0811093  0.0552422  -0.0355702  
0.000253694  0.00258244  0.000100073  -0.0896329  0.0541454  -0.0142641  
0.00181257  0.00132061  2.65281e-05  -0.0980421  0.0239498  -0.0457924  
0.000791053  0.00114747  -0.000434314  -0.109914  0.0589488  -0.093733  
-7.84363e-06  0.00260632  0.000210177  -0.099562  0.0475589  -0.0209931  
0.000102923  0.00263242  -1.09727e-05  -0.0870558  0.0475437  -0.0329209  
0.0013765  0.00256427  0.000479896  -0.0789498  0.0324065  -0.0346498  
-0.00322047  0.00095376  -0.000226429  -0.0917584  0.00593478  -0.097879  
-0.000259063  0.000237144  -0.000434314  -0.0882528  0.0648259  -0.161694  
0.000179126  0.00103919  -0.000228754  -0.0788379  0.0631631  -0.13982  
0.000204412  0.00288516  -0.000372721  -0.0828607  0.075009  -0.0723972  
0.000432643  0.00299456  -0.000434314  -0.0758872  0.0638071  -0.0752252  
-3.00466e-05  0.00287217  -0.000137486  -0.0624358  0.0512303  -0.0708029  
-0.000546702  0.00061077  -0.000434314  -0.087221  0.0575209  -0.118701  
-0.000498581  0.00249622  -0.000562784  -0.0855297  0.0508989  -0.0461014  
0.00015681  0.00319237  -0.000612943  -0.0734503  0.0386272  -0.0355912  
-6.17185e-06  0.00358004  2.2865e-05  -0.0795271  0.0605735  -0.0025993  
-8.61608e-05  0.0038235  -1.05229e-05  -0.0766137  0.0548883  0.0232591  
-0.000287866  0.00411161  0.00032156  -0.0609621  0.0361565  0.0301802  
-0.000253586  0.00409055  0.000209328  -0.0548761  0.0502495  0.0263146  
-0.000506488  0.00405796  0.000432845  -0.0497157  0.0455796  0.0453056  
-0.000195424  0.00437546  0.000472687  -0.0408507  0.0434487  0.0496552  
-0.000234351  0.00440102  0.000473297  -0.0429627  0.0493271  0.0238243  
-0.000336915  0.00441308  0.000419321  -0.0443505  0.0600745  0.0296435  
-0.000221537  0.00433085  0.000318175  -0.0487849  0.0520457  0.030629  
-0.000221537  0.00440578  0.00041102  -0.0468862  0.0455916  0.0264901  
-0.000478828  0.00417978  0.000324028  -0.0377819  0.0617778  0.0143007  
-0.000557644  0.00417806  0.000245128  -0.0486104  0.0455762  0.0419695  
-0.000326474  0.0041824  0.000230103  -0.055504  0.0455785  0.04301  
-0.000197586  0.00430974  -3.59384e-05  -0.0852587  0.0455699  0.0672147  
-0.000311123  0.00424921  -0.000378059  -0.092888  0.0493127  0.0846899  
-4.30804e-05  0.00444827  5.69047e-05  -0.0915453  0.0345877  0.091419  
7.78197e-05  0.00427001  0.000116767  -0.0821316  -0.0475132  0.080497  
-0.000824243  0.00377842  -0.000504838  -0.0971424  -0.0373775  0.0623195  
0.000291418  0.00343121  -0.00019023  -0.085196  0.0439277  0.0977204  
0.000845116  0.00399347  -0.000105804  -0.0699357  -0.0132144  0.0947876  
0.00023086  0.00374696  -6.54024e-05  -0.0767473  0.0425555  0.0824925  
0.000384117  0.00378128  -0.000519305  -0.0893564  0.045095  0.0736696  
0.00025747  0.00366484  -0.000398693  -0.0894009  0.0414369  0.0597433  
0.000715115  0.00357057  -0.00102589  -0.0941548  0.00759962  0.0578978  
0.000339314  0.0019284  -0.00124831  -0.098481  0.0110274  0.131366  
0.000292922  0.00195542  -0.000824582  -0.109455  0.0213556  0.132682  
0.000185942  0.00208324  -0.00136574  -0.112659  -0.0144042  0.132905  
0.000492428  0.00221136  -0.00116016  -0.0966994  -0.00140355  0.129896  
0.000419899  0.00216147  -0.00010246  -0.0929725  0.0553168  0.13642  
0.00100778  0.00302027  0.0007983  -0.0694493  -0.0072819  0.122538  
0.00121124  0.00368969  0.000864585  -0.0613817  0.00743856  0.107706  
0.00107399  0.00365128  0.000956537  -0.053344  0.0175836  0.0952062  
0.00114462  0.00397387  0.000719013  -0.0554861  -0.00636387  0.0908627  
0.00132103  0.00358344  0.00102811  -0.0402862  0.021671  0.0802291  
0.0007636  0.00344855  0.000605609  -0.0359977  0.059605  0.055948  
0.000428486  0.00308736  0.000522898  -0.0273766  0.0543175  0.0858008  
0.0013516  0.00356049  0.000803469  -0.0357997  0.016657  0.0766137  
-0.00128905  0.003416  -0.000116565  -0.0745958  -0.0370488  0.0357202  
-0.00119952  0.00342937  0.000269316  -0.0549072  -0.0201342  0.0515932  
-0.00126372  0.00286744  -0.000474386  -0.0577361  -0.0436118  0.0756122  
-0.001232  0.00318161  -0.00107275  -0.0762801  -0.0372637  0.124848  
-0.00161631  0.00373953  -0.000437881  -0.0796676  -0.0398618  0.11866  
-0.0017752  0.00421456  0.00011822  -0.0626807  -0.0668939  0.101006  
-0.00171975  0.00406914  6.15521e-05  -0.0643722  -0.0531391  0.0983763  
-0.00107511  0.00318225  -0.000462204  -0.0741368  -0.0603506  0.137249  
-0.000735234  0.00265679  -0.000735336  -0.0960641  -0.0828235  0.192363  
-0.000428605  0.00227484  -0.000429941  -0.138852  -0.0688632  0.237381  
-0.000762594  0.00285496  -0.000699863  -0.12602  -0.0847448  0.193061  
-0.000950132  0.00427447  8.92118e-05  -0.0917108  -0.095626  0.138256  
-0.00116393  0.00402055  3.77966e-05  -0.0930111  -0.0788552  0.141585  
-0.00136132  0.00429314  -3.52442e-05  -0.0894565  -0.0784056  0.138549  
-0.00108553  0.00449833  0.000496894  -0.0894178  -0.0757  0.114966  
-0.00148581  0.00477462  0.00063867  -0.0778207  -0.0716445  0.107596  
-0.00150178  0.00431541  1.27438e-07  -0.094991  -0.0461136  0.124992  
-0.000680335  0.00385304  -0.000206893  -0.0788687  -0.0729433  0.166842  
-0.000413231  0.00482618  0.000177495  -0.0673983  -0.0840225  0.134211  
-0.00124245  0.0044242  1.03188e-06  -0.0894704  -0.072679  0.115623  
-0.000435575  0.00420948  0.000842018  -0.0613268  -0.0670711  0.114172  
-0.000124  0.00373561  0.00103648  -0.058933  -0.068018  0.128823  
-0.000507859  0.00428364  0.000271288  -0.0684158  -0.0691135  0.099691  
-0.000650853  0.00303162  0.000220802  -0.0765812  -0.0618011  0.108806  
-0.000528197  0.00388874  0.000764639  -0.0736502  -0.0730764  0.106396  
-0.00121249  0.00419233  0.000691531  -0.091155  -0.0730882  0.111607  
-0.00104275  0.00387983  0.000679247  -0.090957  -0.0634577  0.129709  
-0.000528197  0.00373984  0.000263574  -0.0958158  -0.0821571  0.131056  
-0.000812184  0.00471444  0.000910236  -0.0830875  -0.0605078  0.0591429  
-0.0015945  0.00442358  0.000243474  -0.0901431  -0.0382613  0.0663191  
-0.00148687  0.004625  0.000513549  -0.0907398  -0.0672217  0.0442595  
-0.00118799  0.00480006  0.000673379  -0.0814913  -0.0510562  0.0292669  
-0.0014415  0.00446491  0.000526787  -0.0799925  -0.0484093  0.0272442  
-0.00187484  0.00422308  0.000314051  -0.0705923  -0.0478547  0.0379449  
-0.00182548  0.00455789  0.000165525  -0.0882087  -0.0458022  0.041341  
-0.00157237  0.00432882  -0.000247682  -0.101408  -0.0145718  0.0768007  
-0.00118155  0.00390723  -0.000611023  -0.102907  -0.0604249  0.0934736  
-0.00128753  0.00414162  -0.000290329  -0.0950651  -0.0881786  0.10478  
-0.00148976  0.00406703  -0.000585276  -0.101426  -0.0736787  0.0886602  
-0.00100588  0.00403844  -0.000700795  -0.107573  -0.0804335  0.080999  
-0.00081779  0.00451378  -4.22743e-05  -0.0999056  -0.0903471  0.0666376  
-0.00115062  0.00463017  3.26929e-06  -0.0994662  -0.0772053  0.0778973  
-0.00369201  0.0038835  -0.000813564  -0.11911  -0.0345147  -0.0740001  
-0.00382079  0.00232818  -0.00133893  -0.143392  -0.0293871  -0.0544811  
-0.00064207  0.00140152  -0.00172288  -0.1009  -0.0284955  -0.185147  
-6.45092e-05  0.00120689  -0.00204065  -0.139809  -0.0218004  -0.174542  
0.000153089  0.000732373  -0.00148799  -0.168048  -0.0354584  -0.1685  
0.000609103  0.000896787  -0.00118825  -0.136952  -0.0189003  -0.185527  
0.000782148  -0.000589716  -0.000994959  -0.118456  0.00961129  -0.298413  
0.000909581  -0.00729719  -0.00209595  -0.0394386  0.068319  -0.770073  
0.00368562  -0.00723257  -0.00136241  -0.0505755  0.147326  -0.743387  
0.0021572  -0.00528047  -0.00248851  -0.107302  0.0697729  -0.548421  
0.00267323  -0.00412271  -0.00241275  -0.104997  0.0413411  -0.475526  
0.00264838  -0.00376897  -0.00208408  -0.0864154  0.0158294  -0.43748  
0.00294415  -0.00260378  -0.00112903  -0.107217  -0.00547319  -0.389634  
0.00323207  -0.00200406  -0.00105676  -0.122109  -0.0198303  -0.371547  
0.00250402  -0.00212303  -0.00148378  -0.0910576  -0.0146715  -0.371973  
0.00244326  -0.00241012  -0.00135757  -0.0613719  -0.00993994  -0.356966  
0.00262124  -0.00264155  -0.000514515  -0.0286256  -0.00845396  -0.37581  
0.00285168  -0.00247243  -0.000354109  -0.0156724  0.00361081  -0.399957  
0.00260178  -0.00225502  -0.000612054  -0.0152193  0.0177985  -0.380346  
0.00254735  -0.00196826  -5.84585e-05  0.0255699  0.00833109  -0.37877  
0.00269916  -0.00112327  0.000210863  0.0846572  0.000445994  -0.415116  
0.00281286  -0.000937287  0.000412038  0.0907221  0.0105448  -0.410549  
0.00283152  -0.00082837  0.000306811  0.0938091  -0.0010748  -0.384503  
0.00316494  -0.000427691  0.000412038  0.101209  -0.0145133  -0.382365  
0.00299112  -0.000356924  0.000412038  0.0998649  0.00305972  -0.351658  
0.00284973  -0.000140841  0.000537044  0.0939874  -0.00204367  -0.343218  
0.00273639  0.000481259  0.000103722  0.0814557  -0.0188577  -0.324059  
0.00080881  -2.99377e-05  0.000662038  0.0781458  -0.0129355  -0.295973  
0.00308932  0.000120526  0.000412038  0.0814905  -0.0122697  -0.299728  
0.00366278  0.000592481  0.000473791  0.0903612  -0.0149109  -0.33841  
0.00337335  0.000581816  0.000611965  0.0860343  -0.00832528  -0.326988  
0.00299314  0.000467732  0.000570971  0.0915527  -0.00604928  -0.344747  
0.00324002  0.000598288  0.000652797  0.0886782  -0.00642068  -0.345304  
0.00319945  0.000966259  0.00123431  0.0942601  0.00264189  -0.353598  
0.00298134  0.00046194  0.000720044  0.103504  0.00700449  -0.344639  
0.00309716  0.000715294  0.000573098  0.0998136  -0.00403147  -0.353777  
0.00303565  0.000808547  0.000913815  0.108607  -0.00661638  -0.351485  
0.00304199  0.000847179  0.000913815  0.103855  0.00335226  -0.342566  
0.00296397  0.000811783  0.000859332  0.0942457  -0.00992843  -0.326144  
0.00311854  0.000908464  0.00103547  0.0969205  -0.026457  -0.315742  
0.00303949  0.000641925  0.0010287  0.0887684  -0.0182808  -0.311906  
0.00305196  0.00064  0.00097836  0.0941664  -0.026671  -0.305716  
0.00314846  0.000646967  0.000727599  0.0941793  -0.0192204  -0.303029  
0.00332303  0.000854755  0.00104114  0.0942323  -0.0243522  -0.321056  
0.00318965  0.000776516  0.000913816  0.0881747  -0.0112073  -0.300094  
0.00342767  0.00231416  0.00143589  0.0460533  -0.0191518  -0.304385  
0.00374106  0.00271838  0.00149351  0.0420606  -0.0218947  -0.324192  
0.0037321  0.00220656  0.00148775  0.0427238  -0.00249763  -0.317129  
0.00363798  0.00234479  0.00137245  0.0417599  -0.00591299  -0.295092  
0.00371101  0.00241971  0.00164914  0.050038  -0.0116713  -0.304587  
0.00358262  0.00127226  0.00108006  0.0943178  -0.00921902  -0.308841  
0.00363411  0.0023354  0.00139742  0.0442259  -0.00948452  -0.293096  
0.00356029  0.00217147  0.00150561  0.0523967  -0.0149028  -0.315167  
0.00377439  0.00227718  0.00161157  0.0517295  -0.0178893  -0.314932  
0.00338717  0.00208184  0.00166857  0.0308623  -0.010508  -0.319858  
0.00347804  0.000545575  0.000913816  0.0804538  -0.0115929  -0.306098  
0.00376532  0.000804305  0.000978128  0.0942355  -0.0137352  -0.301842  
0.00372674  0.000690284  0.000913817  0.0941993  -0.0155066  -0.310802  
0.00356401  0.000452262  0.000691347  0.0898874  -0.0110059  -0.305077  
0.00341866  0.000657214  0.000659939  0.0884022  -0.0224918  -0.29558  
0.00355752  0.000662546  0.000750931  0.104641  -0.0352822  -0.287744  
0.00339392  0.000630163  0.000723047  0.107717  -0.0242018  -0.292504  
0.00328704  0.000467926  0.000714057  0.106489  -0.0121641  -0.297632  
0.00303096  0.000756782  0.000833987  0.10406  -0.0363855  -0.298651  
0.00231039  0.000961653  0.00108253  0.122264  -0.00230094  -0.334143  
0.00397414  0.000820106  0.00077861  0.119938  -0.0074125  -0.333909  
0.00367389  0.000722532  0.000913817  0.12641  -0.0112618  -0.372532  
0.00420588  0.00092852  0.00108139  0.131492  -0.00689093  -0.375143  
0.00420796  0.000818244  0.00110325  0.128984  -0.00119054  -0.378515  
0.0038886  0.00074399  0.001087  0.129045  0.00515804  -0.380481  
0.0040831  0.000886597  0.000990551  0.131434  -0.00157123  -0.376426  
0.0038861  0.000857615  0.00105074  0.138802  -0.00785123  -0.355407  
0.00379291  0.00042543  0.00100903  0.13986  0.00243736  -0.350488  
0.00351662  0.00064263  0.00107571  0.135084  -0.00517527  -0.329979  
0.00336432  0.000629862  0.00108254  0.136285  -0.0165992  -0.316481  
0.0034019  0.000681357  0.000968946  0.128525  -0.0213544  -0.320723  
0.00352087  0.000693624  0.000913818  0.12075  -0.0160569  -0.328311  
0.00341387  0.000583089  0.00105053  0.13873  -0.0139912  -0.338292  
0.00351435  0.000430775  0.000999688  0.140018  -0.0237259  -0.345547  
0.00332414  0.000296925  0.00131545  0.145692  -0.0106043  -0.351398  
0.00320431  0.000585712  0.000975969  0.137264  -0.00280582  -0.336958  
0.0042501  0.000442641  0.00101449  0.145897  -0.000629982  -0.429851  
0.00435801  -3.15418e-05  0.000856477  0.118826  0.0133799  -0.467349  
0.0025925  -0.00179564  0.000913818  0.159768  0.0442156  -0.472158  
0.00278001  -0.00163499  0.00111857  0.167918  0.0492016  -0.515133  
0.00264135  -0.00172287  0.00137666  0.181254  0.0631809  -0.525473  
0.00224853  -0.00145648  0.00122044  0.195839  0.0620781  -0.503175  
0.00227937  -0.0013826  0.00134305  0.208319  0.0472733  -0.484645  
0.0023929  -0.00135641  0.00134255  0.213469  0.0405736  -0.503647  
0.00227428  -0.00127797  0.00128552  0.22674  0.0506073  -0.498795  
0.00201712  -0.00156675  0.00157667  0.237419  0.0336626  -0.457205  
0.00220874  -0.00138421  0.00172208  0.239858  0.0256765  -0.455594  
0.00223464  -0.00145618  0.00159214  0.245609  0.0242199  -0.454884  
0.00185911  -0.00165236  0.00153881  0.239848  0.0426273  -0.46585  
0.00194546  -0.00153749  0.00164433  0.241539  0.0246763  -0.447129  
0.0020307  -0.00136474  0.00180949  0.247938  0.0256992  -0.451721  
0.00201333  -0.0012191  0.00171408  0.245743  0.0344584  -0.461384  
0.00203273  -0.0011882  0.00156935  0.236718  0.0355498  -0.448353  
0.0020286  -0.00128172  0.00139433  0.228154  0.0276876  -0.438829  
0.00225502  -0.00139533  0.00159429  0.223719  0.0191896  -0.432163  
0.0020886  -0.00131658  0.0015348  0.220462  0.0319943  -0.425698  
0.00202843  -0.0014266  0.00140235  0.22424  0.02989  -0.438165  
0.00212527  -0.00149082  0.00142266  0.223103  0.015389  -0.42798  
0.00218369  -0.00132791  0.00150749  0.231378  0.00331945  -0.436084  
0.00207954  -0.00138325  0.00171543  0.243104  0.0251423  -0.436646  
0.00152088  -0.00140474  0.00205785  0.252124  0.0195338  -0.420075  
0.00181269  -0.0019343  0.00195135  0.254368  0.0155813  -0.421385  
0.000308334  -0.0028645  0.00105829  0.248798  0.0872479  -0.426025  
7.5454e-05  -0.00288627  0.00114198  0.237895  0.0800127  -0.387126  
0.000583091  -0.0022422  0.00123013  0.247574  0.042654  -0.389433  
0.000532054  -0.00266372  0.000812847  0.239257  0.062417  -0.390492  
0.000649814  -0.00241372  0.00106285  0.237383  0.0330356  -0.368562  
0.000612094  -0.00209236  0.0012075  0.24553  0.0175268  -0.362426  
0.000677671  -0.0020204  0.00131873  0.252502  0.0283348  -0.377993  
0.000575968  -0.00220331  0.00125769  0.255396  0.036718  -0.358882  
0.00065249  -0.00208774  0.00141231  0.255655  0.0188072  -0.347143  
0.000760919  -0.00173822  0.00152711  0.258467  0.0149995  -0.367131  
0.000749873  -0.00179999  0.00156576  0.251096  0.0257231  -0.371647  
0.000696094  -0.00188451  0.00129859  0.248079  0.0180147  -0.357744  
0.000721443  -0.00179999  0.00124079  0.244584  0.0196647  -0.366023  
0.000873381  -0.00189114  0.00135668  0.251834  0.0182624  -0.379565  
0.000949586  -0.00179999  0.00106285  0.239787  0.0389099  -0.397117  
0.000990016  -0.00179999  0.000812847  0.226551  0.0378708  -0.373463  
0.00125517  -0.00142123  0.000609543  0.211173  0.00705008  -0.344671  
0.00167231  -0.00106726  0.000223471  0.193191  -0.000526693  -0.310985  
0.00199369  -0.00104579  0.00014025  0.189671  -0.000982449  -0.315241  
0.0017786  -0.00124022  0.000375712  0.203547  0.00940215  -0.343874  
0.00174591  -0.00138943  0.000522959  0.207023  0.0162213  -0.353328  
0.00174899  -0.00141183  0.000648698  0.209108  0.000464215  -0.363134  
0.00170396  -0.00115768  0.000703065  0.200937  0.00697018  -0.365431  
0.00186943  -0.000817191  0.000223471  0.189275  0.010227  -0.32939  
0.0018888  -0.000559172  3.86243e-05  0.151433  0.00180182  -0.302742  
0.00196179  -0.000579269  2.84072e-05  0.159299  0.00911376  -0.319814  
0.00180122  -0.000937502  8.28369e-05  0.18033  0.000604124  -0.365871  
0.00178154  -0.000997841  0.000491612  0.184587  0.0214607  -0.387009  
0.00138775  -0.00102049  0.000618018  0.196494  0.0282704  -0.395946  
0.00144364  -0.00115462  0.00069892  0.206896  0.0213584  -0.352409  
0.00153936  -0.00105868  0.000781658  0.214731  0.0174563  -0.362814  
0.00165662  -0.000901091  0.000598214  0.217255  0.0189575  -0.351216  
0.00160153  -0.000812168  0.00062331  0.214551  0.035888  -0.359552  
0.00149497  -0.00109628  0.000920955  0.221604  0.0326475  -0.371932  
0.00162584  -0.000941932  0.00113707  0.22016  0.0236812  -0.362289  
0.00156888  -0.000794364  0.00115358  0.226137  0.0225776  -0.374245  
0.00152658  -0.0011318  0.00106358  0.220114  0.0300084  -0.374039  
0.00149493  -0.000755582  0.00113345  0.225639  0.0139745  -0.3535  
0.00156866  -0.000440357  0.00118225  0.227329  0.0115  -0.343526  
0.00184824  -0.000301456  0.000767413  0.213736  0.00830837  -0.346588  
0.00197488  -0.000441738  0.000883296  0.220287  0.013415  -0.375416  
0.00182034  -0.000755582  0.000991682  0.216457  0.0260595  -0.382292  
0.00183019  -0.000451899  0.000999541  0.216994  0.0149817  -0.331676  
0.00183077  -0.000394245  0.000868373  0.201165  0.00129904  -0.319165  
0.00193506  -0.0001776  0.00069892  0.201222  -0.00396874  -0.326272  
0.00174955  -0.000245317  0.00106937  0.215744  0.00028494  -0.35282  
0.00162601  -0.00025549  0.00125028  0.227311  0.0201924  -0.352767  
0.00175737  -0.000333478  0.00145018  0.235478  0.00021478  -0.34675  
0.00178331  -0.000226517  0.00171006  0.247125  -0.0102244  -0.365348  
0.00175358  -0.000553852  0.0016757  0.242866  0.0154266  -0.357461  
0.00183595  -0.000725359  0.00169356  0.244316  0.0195202  -0.354933  
0.00184518  -0.000562725  0.00175196  0.230263  0.00212015  -0.351954  
0.0019874  -0.000476084  0.00138071  0.224983  -0.00666399  -0.33229  
0.00195812  -0.000443763  0.00122833  0.234498  0.00289247  -0.334093  
0.00202776  -0.000210331  0.000904627  0.22005  -0.00289094  -0.3168  
0.00188939  -0.000430269  0.000904627  0.216946  -0.00693799  -0.313183  
0.00214521  -7.29474e-05  0.000784374  0.222861  -0.0117648  -0.312644  
0.00216534  -1.17742e-06  0.000789154  0.21655  -0.01402  -0.321266  
0.00220764  0.000196373  0.000904627  0.211365  -0.00408051  -0.334839  
0.00228181  0.000287622  0.000492884  0.202318  -0.00917127  -0.309428  
0.00242186  0.000454673  0.000492884  0.203218  -0.00785865  -0.313731  
0.00256943  0.000417598  0.000633096  0.214539  -0.0179548  -0.311692  
0.00249301  0.000345529  0.000997434  0.23068  -0.00059475  -0.351183  
0.00242973  0.000450419  0.00126594  0.241995  -0.00375601  -0.349825  
0.00220882  0.000212796  0.00126963  0.244328  0.0207412  -0.352719  
0.00151936  0.000337182  0.00103507  0.233989  0.0150815  -0.329317  
-0.000225937  -0.000134515  0.000487831  0.185607  0.0645339  -0.469097  
0.000615139  -3.75885e-05  0.00013717  0.176807  0.0485751  -0.337866  
0.00146869  0.000352245  0.000384264  0.19298  0.00144382  -0.320554  
0.00170378  1.52173e-05  0.000737831  0.203835  -2.97004e-05  -0.338458  
0.00160018  -6.56059e-06  0.00101359  0.21813  0.00979806  -0.378294  
0.00163342  3.06103e-05  0.000989177  0.210388  0.00686771  -0.350213  
0.00179983  1.05394e-05  0.00116557  0.216372  0.00693542  -0.336756  
0.00196752  -4.24922e-05  0.00115608  0.207872  -0.00119535  -0.356815  
0.00218324  0.000131793  0.00104151  0.199854  -0.018582  -0.344056  
0.00215636  -0.000118945  0.00107723  0.192496  -0.00673292  -0.335793  
0.00236202  0.000132024  0.000957487  0.189072  -0.0256864  -0.300775  
0.00239619  0.000297717  0.000862226  0.187567  -0.0327877  -0.310554  
0.00253204  0.000343771  0.000815036  0.178707  -0.0257064  -0.322448  
0.0025373  0.000395466  0.000903418  0.189793  -0.0233923  -0.319689  
0.00253937  0.000427391  0.000915536  0.20174  -0.0253654  -0.331389  
0.00259432  0.000560526  0.000968245  0.202802  -0.0256067  -0.344479  
0.0025742  0.000614472  0.00122064  0.21956  -0.0128886  -0.356818  
0.00240463  0.000315011  0.00126943  0.214375  0.0043482  -0.356109  
0.00222338  0.000307876  0.00120322  0.220348  -0.00157181  -0.356275  
0.00244799  0.000363204  0.00119229  0.220418  0.00124108  -0.356511  
0.00242732  0.000653631  0.00134517  0.227573  -0.00646335  -0.340708  
0.00238377  0.000463097  0.00142101  0.227501  0.00236876  -0.350913  
0.00220064  0.000316909  0.00142199  0.231929  0.00178459  -0.350203  
0.00198484  0.000441531  0.00153546  0.237703  -0.00755366  -0.34952  
0.00169988  0.000599517  0.00156067  0.241407  -0.0135189  -0.352876  
0.00214249  0.000338243  0.0013655  0.243548  -0.00227497  -0.370891  
0.00211655  0.000366207  0.00145573  0.236863  0.0018991  -0.386153  
0.00182598  0.000816292  0.00163138  0.243686  0.00408106  -0.383485  
0.00214081  0.00089095  0.00153306  0.248489  0.00883584  -0.389303  
0.00201161  0.000882978  0.00145538  0.260541  0.00759778  -0.398293  
0.00183547  0.000638735  0.00138138  0.247249  0.0225766  -0.38946  
0.00208243  0.000694008  0.00131667  0.246264  0.0177257  -0.382319  
0.00229972  0.000601561  0.00129743  0.248454  0.00867782  -0.383195  
0.00227984  0.000506037  0.00127917  0.248441  0.000963859  -0.389979  
0.00238956  0.000896319  0.00105259  0.239102  0.00266536  -0.364826  
0.00246105  0.00102162  0.000814158  0.230225  -0.0124918  -0.328385  
0.00237398  0.00112697  0.000828036  0.232302  -0.010105  -0.335135  
0.00255159  0.00103724  0.000971358  0.234686  -0.00889113  -0.356301  
0.00270868  0.000874643  0.000971358  0.234376  -0.0105595  -0.359941  
0.00254014  0.00107247  0.00119489  0.246631  -0.00083594  -0.371218  
0.00238737  0.00111302  0.00110349  0.239679  0.00700038  -0.38222  
0.00253441  0.00100807  0.000971358  0.232293  0.00990232  -0.386593  
0.00229902  0.00104792  0.00114197  0.24334  0.0227313  -0.394935  
0.00200405  0.000957379  0.00141503  0.238809  0.0473656  -0.439447  
0.00205916  0.00135729  0.00142035  0.239653  0.0446626  -0.415576  
0.00206374  0.00157275  0.00129381  0.241358  0.0333271  -0.415815  
0.00204433  0.00146077  0.00176055  0.245515  0.0223203  -0.427086  
0.00230698  0.00126557  0.00159131  0.216137  0.026579  -0.445299  
0.00189806  0.000723431  0.00148203  0.205199  0.0653309  -0.446667  
0.00213556  0.000191816  0.00179976  0.198829  0.0342525  -0.491018  
0.00223735  0.00062655  0.00163063  0.193559  0.037201  -0.477704  
0.00231793  0.00107969  0.00138063  0.193697  0.0448267  -0.430637  
0.00240027  0.00119455  0.000819018  0.180342  0.0222123  -0.404149  
0.00271441  0.00114708  0.000995425  0.186947  0.0181452  -0.420918  
0.00249837  0.00141904  0.00109441  0.185277  0.00917747  -0.404793  
0.0024344  0.0016707  0.000853632  0.183272  0.0162048  -0.417524  
0.00202269  0.00149896  0.000833544  0.184911  0.0337689  -0.433209  
0.00170381  0.00115292  0.00126836  0.194929  0.0468736  -0.435992  
0.00152891  0.00139785  0.00133632  0.193949  0.0559937  -0.438205  
0.00141245  0.00177776  0.00131979  0.193042  0.0530744  -0.42845  
0.00141245  0.00165097  0.00137769  0.198731  0.0614954  -0.443141  
0.00121448  0.00175189  0.00133741  0.198785  0.0485598  -0.431625  
0.00124525  0.00164491  0.00144216  0.202505  0.0471121  -0.42425  
0.000814339  0.00166186  0.00153871  0.208968  0.0387928  -0.39626  
0.000791333  0.00195833  0.000683236  0.208346  0.0582792  -0.374541  
0.000740032  0.00206306  0.000468194  0.20825  0.0656602  -0.367025  
0.000497628  0.00199117  0.000594709  0.216049  0.0670063  -0.389944  
0.000198598  0.00194552  0.000781698  0.223516  0.0664538  -0.405578  
0.000211476  0.00232332  0.00108498  0.22104  0.0630442  -0.413503  
0.000220337  0.00249848  0.000683236  0.208183  0.0677559  -0.397836  
0.000155121  0.00262798  0.000282784  0.205855  0.0685434  -0.371026  
8.20037e-05  0.00233947  0.000558057  0.208131  0.0687731  -0.392074  
-0.000192879  0.0022366  0.000702795  0.22272  0.06928  -0.394027  
-0.00023445  0.00229605  0.000842628  0.224837  0.0785943  -0.401633  
-0.000493416  0.00237912  0.000751023  0.219189  0.079801  -0.40793  
-0.00030623  0.0026183  0.000893026  0.220807  0.0826043  -0.412071  
-0.000109335  0.00267829  0.00107571  0.222185  0.068768  -0.410172  
-0.000159264  0.00250168  0.000976463  0.229179  0.075275  -0.42358  
-0.00028541  0.0023555  0.00092651  0.221711  0.0825901  -0.416334  
-0.0002346  0.00292802  0.000863818  0.22384  0.0752672  -0.395464  
-8.24246e-05  0.00276285  0.000882765  0.224974  0.0728279  -0.403457  
-0.00010749  0.00269211  0.00116797  0.232467  0.0555511  -0.408577  
-2.56938e-05  0.00255075  0.00115493  0.236996  0.0708668  -0.414744  
0.000912623  0.00224129  0.00103338  0.224647  0.118263  -0.593948  
0.00368946  0.00311748  0.000429269  0.177971  0.0811832  -0.720814  
0.00343702  0.00140918  0.000542754  0.165846  0.144462  -0.546037  
0.00121089  0.000729754  -0.000209447  0.200501  0.0799515  -0.448632  
-9.1281e-05  0.00124188  -1.82251e-05  0.186123  0.111912  -0.390297  
-0.000590449  0.000976268  0.000198862  0.193026  0.0909181  -0.385239  
-0.000616213  0.00101733  0.000197962  0.221462  0.0841019  -0.389539  
-0.000704733  0.000519215  -0.000138433  0.245138  0.0887845  -0.38807  
-0.00140486  0.000471744  -0.000184362  0.216377  0.0811245  -0.424053  
-0.00117912  0.000938307  -0.000135917  0.189887  0.0846169  -0.452946  
-0.0011438  0.000800041  -1.05673e-05  0.180252  0.0905769  -0.458347  
-0.00141679  0.000793828  0.000179132  0.180575  0.081342  -0.472096  
-0.00166121  0.00113394  0.000209993  0.190324  0.06718  -0.423896  
-0.00117699  0.0015263  4.9594e-05  0.178283  0.0712264  -0.392213  
-0.00097473  0.00121661  2.69723e-05  0.184559  0.066048  -0.393264  
-0.00116011  0.00150298  0.000156429  0.189966  0.0648525  -0.406613  
-0.00128817  0.00163577  0.000176548  0.202592  0.0705396  -0.397942  
-0.00149036  0.00146885  0.00021145  0.204472  0.0550885  -0.377062  
-0.00164795  0.0016586  3.07106e-05  0.189908  0.0488857  -0.358248  
-0.00186667  0.00164434  0.00016376  0.19903  0.0502558  -0.398818  
-0.00268941  0.00174421  9.06338e-05  0.194337  0.0622988  -0.400153  
-0.00316739  0.00164855  0.000205872  0.194254  0.0637422  -0.404425  
-0.00358837  0.00156409  9.06338e-05  0.179022  0.0517212  -0.419537  
-0.00384279  0.00123856  0.000285732  0.172101  0.0630635  -0.438389  
-0.00404959  0.000256862  0.000289347  0.170901  0.059779  -0.466119  
-0.00407973  0.000234866  9.06338e-05  0.156932  0.0530609  -0.479712  
-0.00417923  0.000204783  7.15024e-06  0.137713  0.0493426  -0.506017  
-0.0045774  0.000364504  -0.000230373  0.106341  0.0550723  -0.521608  
-0.00448966  -0.000174025  -0.000155859  0.0892851  0.0512176  -0.52389  
-0.00468926  -3.11308e-06  -0.000115682  0.0934688  0.0463575  -0.503971  
-0.00445047  -1.90438e-05  -0.00023341  0.0932548  0.0533442  -0.511111  
-0.00452778  -0.000243689  -0.000201168  0.0899249  0.0623833  -0.510503  
-0.00471918  -0.000243689  0.000136764  0.104958  0.0440655  -0.514743  
-0.00430675  -0.000243689  0.000102999  0.103138  0.0515484  -0.50728  
-0.00450295  -0.000243689  -5.8779e-05  0.094556  0.0523021  -0.494952  
-0.00469876  0.000329812  -5.8779e-05  0.0957531  0.0399636  -0.49117  
-0.00475746  0.000275093  -5.8779e-05  0.103484  0.0461135  -0.514887  
-0.00474074  6.83984e-05  0.000217597  0.110893  0.0710776  -0.566581  
-0.00631965  -0.00061633  0.000470446  0.0982695  0.0696967  -0.674255  
-0.00675117  -0.000591848  0.00076679  0.107474  0.0678418  -0.713392  
-0.00639354  -0.000453052  0.000654662  0.108829  0.0804033  -0.688062  
-0.00649669  -0.000620159  0.000514956  0.104855  0.0753608  -0.709275  
-0.00670816  -0.000620106  0.000571328  0.10415  0.0676194  -0.679233  
-0.00635304  -0.000692965  0.00072123  0.108358  0.069074  -0.69842  
-0.00677452  -0.000719922  0.000754062  0.112718  0.0728412  -0.73248  
-0.00644858  -0.000957066  0.00073067  0.112402  0.072525  -0.705269  
-0.00671587  -0.00141178  0.000650527  0.108427  0.063592  -0.718848  
-0.00631042  -0.00125639  0.000571328  0.108782  0.0707949  -0.709446  
-0.00663396  -0.00157299  0.000713718  0.106877  0.0797277  -0.694807  
-0.00669392  -0.00175682  0.000571328  0.0998691  0.0639279  -0.702704  
-0.00700923  -0.00185605  0.000991671  0.105499  0.0694697  -0.782364  
-0.00681134  -0.00244364  0.000914699  0.101454  0.084172  -0.750886  
-0.00689703  -0.00217984  0.000883172  0.102124  0.0748448  -0.731389  
-0.00737147  -0.00208652  0.00107687  0.107811  0.0807132  -0.814558  
-0.00709975  -0.00263712  0.00109399  0.106966  0.0881454  -0.804747  
-0.00699829  -0.00284785  0.0012298  0.0999339  0.0846645  -0.778634  
-0.00690321  -0.00238495  0.00096412  0.109406  0.0784951  -0.793177  
-0.00705405  -0.00224171  0.0014092  0.124998  0.0848917  -0.799266  
-0.00763499  -0.0022886  0.00127135  0.129688  0.0927655  -0.788531  
-0.0077317  -0.00253564  0.00140904  0.131751  0.075436  -0.793134  
-0.00762465  -0.00240857  0.00153183  0.138129  0.0883139  -0.814724  
-0.00769411  -0.00223521  0.00118102  0.148587  0.0915215  -0.797215  
-0.00794703  -0.00271064  0.00139542  0.159101  0.0864223  -0.788653  
-0.0078973  -0.00270113  0.00180224  0.161672  0.0832622  -0.808963  
-0.00768629  -0.00301248  0.00158995  0.176315  0.0901019  -0.82776  
-0.00786651  -0.00324934  0.0015755  0.16612  0.0972893  -0.80916  
-0.00821524  -0.00306451  0.00166512  0.157406  0.088219  -0.813411  
-0.00825625  -0.00285254  0.00134488  0.132286  0.0845669  -0.802683  
-0.00837293  -0.00252579  0.000996777  0.130824  0.0922968  -0.816227  
-0.00849329  -0.00266266  0.00131173  0.125148  0.0750553  -0.800544  
-0.00834733  -0.002083  0.00131173  0.120137  0.0739738  -0.795108  
-0.00848291  -0.00234319  0.00106173  0.133706  0.0759386  -0.805077  
-0.00863146  -0.00240785  0.00131518  0.142674  0.0780989  -0.809944  
-0.0089523  -0.00259319  0.00139135  0.146877  0.0885785  -0.812996  
-0.00886272  -0.00282706  0.00123732  0.136503  0.0761061  -0.84705  
-0.00895622  -0.00322876  0.00126134  0.136398  0.0940576  -0.883899  
-0.00883853  -0.00322876  0.00114265  0.136528  0.0966274  -0.873991  
-0.00870109  -0.00316873  0.00131173  0.138227  0.0856572  -0.879665  
-0.00879234  -0.00351353  0.00131173  0.14363  0.088971  -0.907803  
-0.00907512  -0.00359683  0.00106173  0.145938  0.113728  -0.903755  
-0.00893429  -0.00398783  0.00106173  0.151736  0.111043  -0.911902  
-0.00915766  -0.00345931  0.0013624  0.1664  0.106252  -0.926521  
-0.00930942  -0.00335309  0.000946884  0.175083  0.111829  -0.880128  
-0.00948293  -0.00341491  0.00116517  0.165978  0.114894  -0.868725  
-0.00907494  -0.00340238  0.00125931  0.163319  0.0886632  -0.874642  
-0.00903106  -0.00341062  0.00106173  0.166022  0.0993291  -0.866401  
-0.00926645  -0.00287846  0.000965237  0.164633  0.091682  -0.861478  
-0.00899664  -0.00313384  0.000934341  0.160448  0.0903836  -0.837653  
-0.00909675  -0.00298351  0.000808606  0.157933  0.0870813  -0.868634  
-0.00922612  -0.00325961  0.000790065  0.155851  0.099772  -0.8669  
-0.00936061  -0.0032859  0.000863402  0.153343  0.0891289  -0.875785  
-0.00938444  -0.00297779  0.000836887  0.153276  0.0934883  -0.916638  
-0.00919617  -0.00329455  0.000948122  0.161334  0.0999642  -0.927735  
-0.00959743  -0.00343327  0.00112447  0.172766  0.0963986  -0.919703  
-0.00938588  -0.00357413  0.00109272  0.172657  0.0881389  -0.91867  
-0.00949324  -0.00359935  0.00104231  0.164226  0.0971147  -0.920216  
-0.00978518  -0.0036527  0.000983055  0.161284  0.109964  -0.94057  
-0.0098068  -0.00328295  0.000550749  0.133719  0.103094  -0.968769  
-0.00987654  -0.00337992  0.000616251  0.124643  0.0956486  -0.970579  
-0.00982119  -0.00348684  0.000402107  0.116408  0.102953  -0.993926  
-0.0100091  -0.00383039  0.000269712  0.112077  0.107585  -1.03192  
-0.00998885  -0.00370901  0.000141022  0.120238  0.117577  -1.01675  
-0.00951893  -0.00433094  3.88544e-05  0.114212  0.11006  -1.02912  
-0.00952322  -0.00392152  0.000314368  0.118998  0.102945  -1.02286  
-0.00963003  -0.00420115  0.000168291  0.108802  0.110143  -1.01677  
-0.00929164  -0.00445311  0.000159274  0.114047  0.106082  -0.985269  
-0.0092425  -0.00379687  0.000312272  0.120087  0.101132  -0.997256  
-0.00943183  -0.0039912  -9.14084e-05  0.105707  0.11371  -0.978515  
-0.00934417  -0.00424934  2.85907e-05  0.100403  0.100523  -0.997652  
-0.00914871  -0.00450341  -0.000270108  0.0892221  0.111347  -1.02829  
-0.00945921  -0.00461079  -0.00044091  0.0835738  0.110477  -1.02381  
-0.00947677  -0.00460719  -0.000415504  0.0859596  0.103391  -1.00785  
-0.00945363  -0.0044893  -0.000391287  0.0886044  0.0997247  -1.03489  
-0.00980073  -0.00468601  -0.000534273  0.0786825  0.128036  -1.043  
-0.00950321  -0.00433983  -0.000302416  0.0938416  0.0934499  -1.03394  
-0.00952612  -0.00410207  -6.12301e-05  0.0969547  0.10118  -1.05717  
-0.00941976  -0.00468601  2.64512e-05  0.107247  0.118297  -1.06207  
-0.00962481  -0.00485986  0.000219518  0.123695  0.103262  -1.05593  
-0.00995958  -0.00434721  0.000463386  0.126613  0.111343  -1.05287  
-0.00976214  -0.0041989  0.000513552  0.123521  0.108901  -1.06309  
-0.00979373  -0.00464537  0.000206457  0.123012  0.112558  -1.05671  
-0.00944617  -0.00512307  9.02627e-05  0.121024  0.112206  -1.0398  
-0.00925365  -0.00469171  0.00015906  0.117953  0.112946  -1.06158  
-0.00928638  -0.00461005  -3.49394e-05  0.111538  0.123818  -1.0716  
-0.00919913  -0.0048653  -0.000224729  0.102278  0.113845  -1.08625  
-0.00912806  -0.00505187  -0.000251578  0.098312  0.109606  -1.08726  
-0.00919727  -0.00476281  -0.000376003  0.094051  0.109296  -1.07212  
-0.00981416  -0.00491179  -0.000388337  0.108665  0.129092  -1.07162  
-0.00987574  -0.00484858  -0.000175797  0.122252  0.118699  -1.06414  
-0.00976302  -0.00470352  -0.000154799  0.116137  0.11579  -1.06939  
-0.00970278  -0.00440703  -0.000139952  0.110388  0.116413  -1.09695  
-0.00974966  -0.00464684  -0.00012284  0.109575  0.117225  -1.10153  
-0.00974323  -0.00492864  -0.000167409  0.110769  0.114739  -1.08605  
-0.0097008  -0.00496579  -0.000149405  0.115514  0.105435  -1.08899  
-0.0101025  -0.00443334  -0.000119073  0.110114  0.121987  -1.12813  
-0.0105348  -0.00430908  -0.000659637  0.073937  0.123669  -1.11066  
-0.0103263  -0.00437688  -0.000790651  0.0648531  0.116212  -1.11693  
-0.0100859  -0.00443335  -0.000571495  0.0620736  0.124151  -1.17704  
-0.0103129  -0.00462938  -0.000693134  0.0587894  0.125998  -1.16294  
-0.0105539  -0.00474801  -0.000627007  0.0673798  0.123504  -1.16518  
-0.010568  -0.00461943  -0.000648935  0.0692862  0.117461  -1.16472  
-0.0105287  -0.00430549  -0.000588669  0.0705986  0.125681  -1.15526  
-0.0104875  -0.00411112  -0.000689049  0.082941  0.122167  -1.14444  
-0.0108079  -0.00406734  -0.000504641  0.0881996  0.12385  -1.13857  
-0.0106669  -0.00430549  -0.000488352  0.0930326  0.12209  -1.12738  
-0.0109379  -0.00400446  -0.000516391  0.0952809  0.118239  -1.13614  
-0.0112435  -0.00462675  -0.000750354  0.0764803  0.135155  -1.17778  
-0.0110172  -0.00496949  -0.000988064  0.0723726  0.124515  -1.1731  
-0.0107054  -0.00471775  -0.00129908  0.0566631  0.125166  -1.17938  
-0.0106899  -0.00468051  -0.00142455  0.0349453  0.126596  -1.23953  
-0.0108508  -0.00482838  -0.00149287  0.037886  0.136407  -1.21064  
-0.0101624  -0.00482838  -0.00124917  0.0418795  0.130293  -1.18266  
-0.0105869  -0.00475192  -0.00140827  0.0076868  0.133942  -1.2307  
-0.0110665  -0.00542848  -0.00139418  0.0233716  0.140137  -1.22361  
-0.0110833  -0.00550291  -0.00123707  0.0201648  0.129184  -1.19793  
-0.0110325  -0.00520979  -0.00104932  0.0171254  0.122453  -1.21183  
-0.0111358  -0.00511806  -0.00177227  -0.011403  0.141037  -1.19051  
-0.0115484  -0.00533108  -0.0020874  -0.0332189  0.122557  -1.18348  
-0.0115963  -0.00551093  -0.00162747  -0.0230087  0.124132  -1.22397  
-0.0118994  -0.00560044  -0.00120535  -0.000120575  0.124845  -1.26309  
-0.0122055  -0.00621653  -0.000957397  0.0160831  0.138411  -1.26433  
-0.0125444  -0.00606535  -0.000766462  0.0295878  0.128463  -1.26405  
-0.0122882  -0.00617527  -0.000603083  0.0321774  0.128669  -1.28153  
-0.01262  -0.00636298  -0.000664427  0.0260176  0.14322  -1.28767  
-0.012633  -0.00625344  -0.000911043  0.0209116  0.136723  -1.2485  
-0.0122812  -0.00656316  -0.000723755  0.0263918  0.129937  -1.28021  
-0.012546  -0.00618162  -0.000847698  0.0215598  0.142602  -1.30462  
-0.0128561  -0.00635434  -0.000879001  0.0283531  0.14377  -1.28722  
-0.0125015  -0.00656317  -0.000704542  0.0291113  0.129983  -1.28121  
-0.0126544  -0.00671198  -0.000597991  0.0405146  0.130154  -1.3201  
-0.0122714  -0.00731047  -0.00105326  0.0266032  0.145434  -1.34064  
-0.0123914  -0.00716122  -0.000786993  0.0338035  0.130073  -1.32359  
-0.0121701  -0.00669413  -0.000976118  0.0350551  0.132528  -1.32667  
-0.0121114  -0.00679186  -0.000969879  0.0290611  0.138917  -1.35909  
-0.0124159  -0.00670379  -0.00115261  0.0312282  0.121066  -1.30109  
-0.012224  -0.00653274  -0.000992576  0.0316549  0.12687  -1.30371  
-0.0133667  -0.00875879  -0.0014365  0.00627975  0.158672  -1.51195  
-0.0123443  -0.00911953  -0.00135186  0.0325392  0.156922  -1.36858  
-0.0104686  -0.00886219  -0.0011113  0.0364561  0.140438  -1.41948  
-0.0108731  -0.00841051  -0.0013097  0.0241456  0.157885  -1.38921  
-0.0109337  -0.00862695  -0.00113385  0.0190362  0.139514  -1.34664  
-0.0110959  -0.00785621  -0.00128734  0.011128  0.140255  -1.3363  
-0.0113368  -0.00810864  -0.00133922  -0.00748128  0.13805  -1.29978  
-0.0117551  -0.00854042  -0.00174857  -0.0117234  0.137174  -1.23219  
-0.0111711  -0.00738246  -0.00178931  -0.0261745  0.114236  -1.24751  
-0.0117609  -0.00699394  -0.00144725  -0.0148462  0.128072  -1.2679  
-0.0117202  -0.00720309  -0.00159847  -0.00991714  0.126474  -1.2435  
-0.011013  -0.00691232  -0.00180841  -0.030053  0.128111  -1.26927  
-0.0112518  -0.00730816  -0.00202223  -0.0441496  0.134663  -1.2926  
-0.0111494  -0.00717525  -0.00203711  -0.0360636  0.138646  -1.27523  
-0.0111669  -0.00706049  -0.00197448  -0.0470961  0.136495  -1.2716  
-0.0111668  -0.0068078  -0.00207825  -0.0465061  0.136561  -1.30129  
-0.0113713  -0.0067861  -0.00206283  -0.0409524  0.126975  -1.26645  
-0.0110679  -0.00693683  -0.00218848  -0.0336819  0.120502  -1.21903  
-0.0111138  -0.00654747  -0.00266334  -0.0370785  0.121686  -1.23084  
-0.0111616  -0.00692028  -0.0023868  -0.00291237  0.129866  -1.23335  
-0.0109717  -0.00643285  -0.00243475  -0.0241512  0.120038  -1.23445  
-0.0113262  -0.00641518  -0.00234729  -0.0114425  0.119607  -1.2782  
-0.0117686  -0.00652475  -0.00226305  0.00488843  0.130229  -1.27162  
-0.0112901  -0.00612687  -0.00239948  0.00133019  0.131713  -1.26023  
-0.0110652  -0.00647844  -0.00201335  0.0171138  0.13749  -1.32087  
-0.0112259  -0.0067218  -0.0020566  0.0230047  0.150875  -1.31615  
-0.0114699  -0.00608108  -0.00242307  0.0246596  0.141007  -1.30287  
-0.011428  -0.00623956  -0.00230503  0.0240135  0.141091  -1.29581  
-0.0108983  -0.00646102  -0.00215823  0.0127101  0.137552  -1.29913  
-0.0113822  -0.00634087  -0.00225802  0.0097844  0.137122  -1.28283  
-0.0110326  -0.00619601  -0.00218233  0.0133141  0.134155  -1.27574  
-0.011102  -0.00591983  -0.00200724  0.0152535  0.135958  -1.27182  
-0.0114286  -0.00585992  -0.00199546  0.0166822  0.140931  -1.27665  
-0.0114845  -0.00591983  -0.00213835  0.00128756  0.142013  -1.24198  
-0.0108828  -0.00569772  -0.00207941  0.00220253  0.145237  -1.21995  
-0.0109409  -0.00570403  -0.00210741  0.00351386  0.134357  -1.22781  
-0.0110563  -0.00547757  -0.00209539  -0.00977506  0.150035  -1.22767  
-0.0112027  -0.00591983  -0.00207778  -0.0147074  0.154778  -1.23096  
-0.0110807  -0.00561346  -0.00205565  -0.00830031  0.141293  -1.26077  
-0.0110922  -0.00521572  -0.00243402  -0.0305983  0.145099  -1.2466  
-0.0112063  -0.00553056  -0.00258346  -0.0363519  0.145258  -1.25464  
-0.0112944  -0.00569928  -0.00292116  -0.0472973  0.146271  -1.28592  
-0.0115474  -0.00616983  -0.00233199  -0.0290641  0.142846  -1.30792  
-0.0114001  -0.0058094  -0.00200687  -0.0202976  0.144962  -1.32166  
-0.0114341  -0.00616983  -0.00189903  -0.0133905  0.157736  -1.30629  
-0.0114441  -0.00578897  -0.00190331  -0.00618709  0.150422  -1.26899  
-0.0113543  -0.00573478  -0.00168239  -3.38641e-05  0.152663  -1.28455  
-0.0115235  -0.00577084  -0.00160395  0.00113101  0.151273  -1.29938  
-0.0115387  -0.0058065  -0.00160173  0.00689651  0.159408  -1.31511  
-0.0113294  -0.00577105  -0.00214202  -0.00150456  0.142177  -1.31053  
-0.0107191  -0.00632471  -0.00250876  -0.00861659  0.136009  -1.31284  
-0.0111239  -0.00636043  -0.00346932  -0.0231998  0.146204  -1.39453  
-0.0116961  -0.0063472  -0.00472064  -0.0712782  0.142833  -1.46325  
-0.0121002  -0.00615356  -0.00480918  -0.053095  0.149141  -1.45711  
-0.0124318  -0.00622861  -0.0044287  -0.0410545  0.148505  -1.46953  
-0.0127027  -0.00610887  -0.00399117  -0.0310231  0.151893  -1.47687  
-0.0132063  -0.00576809  -0.00337679  -0.0224193  0.164804  -1.45524  
-0.0137076  -0.00604323  -0.00330003  -0.0160154  0.164207  -1.44176  
-0.0136422  -0.00600027  -0.00338318  -0.0286501  0.14957  -1.4188  
-0.0135831  -0.00550931  -0.00301246  -0.0296012  0.150136  -1.45644  
-0.0137463  -0.00600027  -0.00298173  -0.0357177  0.157408  -1.43553  
-0.0134893  -0.006139  -0.00342244  -0.0465662  0.142651  -1.43173  
-0.013166  -0.00611902  -0.00281767  -0.040444  0.14431  -1.47292  
-0.0170611  -0.00721042  -0.00289065  -0.0686166  0.195421  -1.48501  
-0.0153541  -0.00830506  -0.00364885  -0.101917  0.149057  -1.10978  
-0.0123458  -0.00584238  -0.00362441  -0.158301  0.0655744  -0.856535  
-0.0125665  -0.00496582  -0.00370409  -0.182042  0.0851014  -0.994369  
-0.0128838  -0.00420632  -0.00326795  -0.170361  0.102142  -1.06709  
-0.0129233  -0.00393207  -0.00318884  -0.163566  0.104249  -1.06303  
-0.0128473  -0.00389558  -0.00324525  -0.166371  0.114111  -1.08306  
-0.0127021  -0.00377169  -0.00296308  -0.161435  0.126855  -1.09469  
-0.0128628  -0.00377356  -0.00291569  -0.158294  0.132888  -1.11634  
-0.0128848  -0.0038862  -0.00256218  -0.143385  0.138457  -1.09683  
-0.0128193  -0.00388561  -0.00240131  -0.139214  0.130706  -1.07552  
-0.0129095  -0.00338064  -0.00254795  -0.179126  0.114979  -1.06882  
-0.0125876  -0.00357255  -0.00289768  -0.164717  0.112906  -1.04624  
-0.0108754  -0.00462515  -0.00275112  -0.145491  0.105413  -0.794686  
-0.00741771  -0.00640793  -0.00234061  -0.0406303  0.0615373  -0.837554  
-0.00555615  -0.00704302  -0.00214981  -0.0921962  0.0814602  -1.02193  
-0.00580974  -0.00614282  -0.00151909  -0.119862  0.0912053  -0.920937  
-0.00550903  -0.00603124  -0.00162961  -0.156054  0.0789728  -0.886281  
-0.00564948  -0.00533018  -0.00140152  -0.146904  0.0790069  -0.884192  
-0.00544023  -0.00445751  -0.0013115  -0.170043  0.0968347  -0.849425  
-0.00483762  -0.00486938  -0.000954914  -0.169574  0.0963314  -0.824626  
-0.00370101  -0.00342665  -0.00151843  -0.229842  0.0765097  -0.74193  
-0.0035824  -0.00382141  -0.00111827  -0.18677  0.0638128  -0.761905  
-0.00268473  -0.00230785  -0.000851055  -0.196813  0.0799196  -0.728246  
-0.00226875  -0.00209077  -0.00129732  -0.215596  0.0741614  -0.690383  
-0.00263479  -0.00206307  -0.000911676  -0.201078  0.0726133  -0.70127  
-0.0023814  -0.00190935  -0.00102161  -0.203249  0.0746897  -0.696454  
-0.00250219  -0.00146226  -0.000652817  -0.190499  0.0822044  -0.684019  
-0.00226883  -0.00109066  -0.000374131  -0.199541  0.0882375  -0.664318  
-0.00217478  -0.00144349  -0.000302695  -0.216416  0.0923263  -0.645113  
-0.00243678  -0.00136966  -0.000140727  -0.215072  0.0762646  -0.637152  
-0.00266711  -0.00163967  0.000155856  -0.189155  0.0911759  -0.646254  
-0.00395058  -0.00197346  0.000461937  -0.153536  0.0853881  -0.650654  
-0.00518718  -0.00327703  0.0011091  -0.0787341  0.0704872  -0.693559  
-0.0056169  -0.00278989  0.00105319  -0.093699  0.0725694  -0.701995  
-0.00738372  -0.00294724  0.00162889  -0.0467194  0.0752293  -0.798844  
-0.00752656  -0.00260821  0.00205183  -0.0362263  0.081075  -0.78965  
-0.00741085  -0.00241914  0.00198143  -0.0443836  0.078373  -0.793421  
-0.00824433  -0.00445554  0.00162745  -0.0332584  0.0669932  -0.901784  
-0.00875043  -0.00474073  0.00134954  0.0106447  0.0904686  -0.861915  
-0.00694976  -0.00471393  0.00165498  0.000822504  0.1009  -0.747492  
-0.00684796  -0.00383674  0.00128255  -0.0127819  0.0908553  -0.616503  
-0.00858213  -0.00260269  0.00221233  -0.0176244  0.0490191  -0.709821  
-0.0105971  -0.00248642  0.00178388  -0.0467969  0.0639249  -0.834579  
-0.0101736  -0.00162031  0.000987921  -0.12363  0.0740414  -0.801293  
-0.0101535  -0.000616997  0.000501271  -0.149149  0.0683813  -0.712425  
-0.0101263  4.0864e-05  0.000717105  -0.149509  0.053203  -0.697964  
-0.0102184  0.000377845  0.000994795  -0.134929  0.0570393  -0.714541  
-0.010687  0.000782302  0.00121903  -0.133261  0.040721  -0.692922  
-0.0105372  0.000726564  0.00124556  -0.13115  0.0291824  -0.689426  
-0.0107058  0.000748834  0.000944017  -0.143859  0.0230942  -0.672044  
-0.0105249  0.000399872  0.000667821  -0.162059  0.0444734  -0.664629  
-0.0114517  0.000493991  0.000825042  -0.160566  0.0381489  -0.734381  
-0.0122741  0.000450483  0.000493802  -0.160091  0.0166921  -0.74037  
-0.0142144  -0.000941496  0.00028214  -0.207675  -0.00341407  -1.15035  
-0.00995742  -0.00256904  0.000578932  -0.132533  0.0947065  -0.943706  
-0.010099  -0.00260331  0.000627024  -0.112792  0.0908133  -0.931766  
-0.0101658  -0.000554412  0.00012689  -0.14954  0.0836598  -0.879546  
-0.0103491  -0.000457853  -0.000218491  -0.147895  0.0750806  -0.863672  
-0.0100797  0.000160981  -8.46532e-05  -0.151652  0.0674129  -0.862465  
-0.00947353  1.39682e-05  -0.000376514  -0.15256  0.0795301  -0.855974  
-0.0097907  -0.000171622  -0.000505922  -0.160048  0.069866  -0.826636  
-0.0104053  8.80948e-05  -0.000419694  -0.165403  0.0573509  -0.816599  
-0.0105284  -8.95516e-05  -0.000491085  -0.175727  0.0599687  -0.842258  
-0.0107976  -0.000436994  -0.000596349  -0.172022  0.0573751  -0.827064  
-0.0107767  -0.000319359  -0.000636271  -0.187658  0.0567135  -0.825811  
-0.0109012  -0.000277548  -0.000523935  -0.17688  0.0560167  -0.81338  
-0.0110648  -0.000686994  -0.000555166  -0.178672  0.0667899  -0.802192  
-0.0116074  -0.000788376  -0.000832002  -0.177352  0.048769  -0.807149  
-0.0117577  -0.001005  -0.000540842  -0.152595  0.044192  -0.864243  
-0.0116886  -0.00136618  -0.000514762  -0.157013  0.0543479  -0.840721  
-0.0114221  -0.00123098  -0.000563039  -0.159164  0.0539163  -0.834345  
-0.0115048  -0.000945815  -0.000419694  -0.151329  0.0519391  -0.830225  
-0.0114496  -0.00105495  -0.000507366  -0.15167  0.0596528  -0.803168  
-0.0112749  -0.00152028  -0.000419694  -0.141853  0.0478232  -0.805159  
-0.0114932  -0.00134813  -0.000419694  -0.139889  0.052065  -0.838184  
-0.0118279  -0.00148995  -0.000419694  -0.146967  0.057183  -0.821832  
-0.0119565  -0.00166712  -0.000419694  -0.144625  0.0551902  -0.804612  
-0.0118279  -0.00178462  -0.000696146  -0.152855  0.0411602  -0.836411  
-0.0123847  -0.00335716  -0.000595911  -0.114219  0.0580953  -0.819113  
-0.0119436  -0.00293413  -0.000808078  -0.14561  0.0424188  -0.811409  
-0.0122064  -0.00261048  -0.000838165  -0.147283  0.0402864  -0.82809  
-0.0123419  -0.0027343  -0.00104669  -0.137514  0.0533065  -0.827248  
-0.0120627  -0.00259997  -0.00100302  -0.134072  0.0470986  -0.8017  
-0.0118081  -0.00154463  -0.000558514  -0.147505  0.0453531  -0.823522  
-0.0115774  -0.00134803  -0.000501049  -0.146224  0.0616475  -0.840596  
-0.011317  -0.00120846  -0.000789039  -0.161314  0.0538816  -0.823532  
-0.0112201  -0.000594839  -0.000659488  -0.163039  0.0511385  -0.822342  
-0.0107177  -0.00105522  -0.00053934  -0.153438  0.0585725  -0.872502  
-0.0107549  -0.00120542  -0.000419694  -0.13807  0.0826937  -0.856696  
-0.0110376  -0.000781698  -0.000525487  -0.144314  0.0552379  -0.829072  
-0.0111497  -0.000251037  -0.000996003  -0.160893  0.0631734  -0.815777  
-0.01092  -0.000454129  -0.000763789  -0.153409  0.0721829  -0.822938  
-0.0109956  -0.000831658  -0.000719903  -0.149144  0.0655941  -0.798126  
-0.0110894  -0.000972596  -0.000615453  -0.140705  0.0649673  -0.818583  
-0.010856  -0.00221709  -0.000791029  -0.103785  0.0730597  -0.861418  
-0.0110603  -0.00226716  -0.000737216  -0.100722  0.0772407  -0.846139  
-0.0111723  -0.00188747  -0.00103231  -0.123722  0.0606145  -0.856692  
-0.011288  -0.00188895  -0.00132858  -0.101374  0.0741174  -0.869281  
-0.0112028  -0.0017509  -0.00103266  -0.117839  0.087735  -0.891168  
-0.0109661  -0.00192954  -0.00102931  -0.100761  0.0886938  -0.884441  
-0.0108426  -0.0015358  -0.000867731  -0.125133  0.0817236  -0.896345  
-0.0112583  -0.00180107  -0.0010359  -0.112868  0.0876342  -0.906504  
-0.0106672  -0.00174983  -0.000920834  -0.121173  0.0744377  -0.909886  
-0.0102268  -0.00120735  -0.00073485  -0.136702  0.0842395  -0.937502  
-0.0104483  -0.000482548  -0.000685583  -0.132906  0.0844856  -0.920345  
-0.0112746  -0.000213988  -0.00077944  -0.142459  0.0853738  -0.919643  
-0.011186  -0.000206229  -0.000914552  -0.143194  0.0768399  -0.941729  
-0.0108819  -0.000317601  -0.00126166  -0.153787  0.0835152  -0.967787  
-0.0110188  -0.000384484  -0.000964999  -0.147764  0.090075  -0.90719  
-0.0109425  -0.000473585  -0.00142214  -0.179806  0.0937767  -0.952385  
-0.011161  8.13146e-05  -0.00121271  -0.164748  0.0883689  -0.957486  
-0.0110708  0.000174622  -0.000966716  -0.150108  0.0952196  -0.990374  
-0.0114394  -2.58147e-05  -0.000796572  -0.128391  0.0964948  -1.00773  
-0.011511  0.000412079  -0.00119758  -0.142937  0.105318  -1.06955  
-0.0115036  0.000566642  -0.000995948  -0.132232  0.115089  -1.09327  
-0.0114461  0.000662724  -0.00140682  -0.154381  0.122479  -1.06084  
-0.011609  0.000633409  -0.00148186  -0.162977  0.109968  -1.07964  
-0.0115886  0.000417914  -0.00193327  -0.158146  0.102427  -1.12505  
-0.011507  -0.000163553  -0.00214842  -0.144243  0.111868  -1.1286  
-0.0118715  -0.000226355  -0.00182331  -0.143206  0.109867  -1.0769  
-0.0124214  -0.000372835  -0.00190019  -0.1132  0.109447  -1.06983  
-0.0127213  -0.000168712  -0.00175053  -0.144035  0.113566  -1.01242  
-0.0130152  -0.000680679  -0.00173706  -0.136573  0.102875  -0.990564  
-0.0132358  -0.000722948  -0.00190144  -0.116955  0.0871119  -0.982067  
-0.0127705  -0.000805601  -0.00182919  -0.108991  0.0807773  -0.981342  
-0.0124389  -0.000914225  -0.00192549  -0.109954  0.0889176  -0.946735  
-0.0122503  -0.000551634  -0.0017678  -0.136136  0.0779263  -0.918541  
-0.0123209  -0.00146245  -0.00227034  -0.117405  0.0634002  -0.946172  
-0.0119562  -0.00214132  -0.00219471  -0.111917  0.0667026  -0.912872  
