0.0107521  0.0173352  0.00482645  0.0119558  -0.168315  0.100878  
0.0107363  0.0169115  0.00469359  0.00571002  -0.135732  0.100792  
0.011779  0.0172832  0.00472487  0.0118527  -0.172932  0.108527  
0.0118007  0.0167859  0.00456695  0.0120383  -0.1586  0.0686635  
0.0123919  0.0170827  0.00467652  0.0118907  -0.165209  0.096986  
0.0122946  0.0168075  0.00451546  0.0120307  -0.1728  0.0789401  
0.0122179  0.0167414  0.00457146  0.0170968  -0.15411  0.0790295  
0.0126614  0.0168648  0.00451979  0.0170242  -0.162324  0.111161  
0.0122487  0.0169691  0.00456603  0.0119484  -0.166999  0.0862365  
0.0119074  0.0166574  0.00459351  0.0119687  -0.151994  0.0763199  
0.0123574  0.0168334  0.00436711  -0.00395801  -0.155156  0.0975627  
0.0117724  0.0166669  0.00440967  0.00169723  -0.143864  0.107456  
0.0124167  0.0163916  0.00427264  -0.0129666  -0.157326  0.115916  
0.0117293  0.0158019  0.00419879  -0.00657197  -0.145806  0.0560213  
0.0121133  0.0158466  0.0043839  -0.00106091  -0.152725  0.0698908  
0.0118541  0.0156752  0.00423404  0.00307537  -0.150536  0.0543044  
0.012204  0.0155347  0.00419971  0.00841826  -0.150516  0.082943  
0.0119743  0.0155074  0.0040391  0.00719894  -0.153595  0.0797387  
0.0126689  0.015853  0.00409501  0.00753262  -0.158956  0.116982  
0.0122399  0.0157259  0.00404317  0.00966988  -0.162991  0.107604  
0.0116288  0.0155939  0.00422707  0.000790884  -0.12889  0.0595782  
0.0119498  0.0156866  0.00408758  -0.00694392  -0.159737  0.0721358  
0.0119265  0.0153309  0.00427338  -0.0126524  -0.128454  0.0730683  
0.0121471  0.0151286  0.00414928  0.0186486  -0.141931  0.0778951  
0.0121863  0.0152931  0.00341742  0.0763251  -0.0952241  0.00964159  
0.0123407  0.0152853  0.00361573  0.0544209  -0.145836  0.0174965  
0.0120183  0.0155143  0.00413024  0.0332534  -0.128582  0.0458483  
0.0120928  0.0153743  0.00405458  0.0157726  -0.13579  0.0529491  
0.0118075  0.015318  0.00383659  0.0171482  -0.135766  0.0686494  
0.0120827  0.0149444  0.00448835  0.0393337  -0.120328  0.0163403  
0.011761  0.0156381  0.00454983  0.0429145  -0.16525  0.0557077  
0.0114167  0.0158506  0.00457448  0.0473655  -0.129464  0.107415  
0.0116719  0.0158837  0.00448437  0.068422  -0.143155  0.130305  
0.0119009  0.0162674  0.00460611  0.0724935  -0.132966  0.156211  
0.011954  0.0162195  0.00462751  0.0587912  -0.134394  0.141272  
0.0113707  0.0159125  0.00459596  0.0314401  -0.116674  0.09003  
0.0115284  0.015667  0.00411393  0.0181121  -0.116044  0.118554  
0.0124027  0.0161465  0.00417358  0.0285038  -0.169638  0.176855  
0.0121787  0.0158299  0.00428307  0.0393089  -0.151261  0.156356  
0.0122707  0.0161117  0.00430644  0.0389545  -0.168291  0.188455  
0.0125028  0.016027  0.00443958  0.0613086  -0.175384  0.183407  
0.0119378  0.0159708  0.00446869  0.0611552  -0.152691  0.197107  
0.0117349  0.0159742  0.00446376  0.0486997  -0.173572  0.165066  
0.0109745  0.0155392  0.00460133  0.0344894  -0.133103  0.126789  
0.0108601  0.0154048  0.00459246  0.0449674  -0.15924  0.154454  
0.010933  0.0156312  0.00452369  0.0401859  -0.132526  0.154874  
0.0103712  0.014933  0.00442399  0.0325288  -0.138248  0.164437  
0.0102424  0.0153149  0.00454126  0.0414052  -0.122075  0.161232  
0.0102746  0.0150156  0.00425088  0.0438301  -0.141248  0.167453  
0.0099289  0.0149931  0.00437392  0.021211  -0.127468  0.151616  
0.00977364  0.0146561  0.00447922  0.0108258  -0.123174  0.154195  
0.00996448  0.0151122  0.00408628  -0.00442201  -0.132847  0.16341  
0.00942774  0.0149451  0.00428543  -0.0176957  -0.120728  0.139001  
0.00943401  0.0147889  0.00426658  0.00881396  -0.105846  0.135425  
0.0096494  0.0147401  0.00414443  -0.00321727  -0.142429  0.184171  
0.00905159  0.014452  0.00424339  0.00677434  -0.115185  0.185622  
0.00910261  0.0144153  0.00394919  0.0137352  -0.133717  0.171084  
0.0081132  0.0139786  0.00415644  0.0184936  -0.0974085  0.127797  
0.00870671  0.0142727  0.00392678  0.000441218  -0.135556  0.181995  
0.00783041  0.0142259  0.00360397  -0.0174371  -0.117639  0.180696  
0.00832736  0.0139935  0.00350512  -0.0397489  -0.12296  0.167591  
0.00772582  0.0131948  0.00371618  -0.0317677  -0.0887463  0.0827086  
0.00810423  0.0133363  0.00353466  -0.0388093  -0.124  0.116298  
0.00771976  0.0131511  0.00356847  -0.0535989  -0.112983  0.134162  
0.0076738  0.0130246  0.00333207  -0.0538908  -0.122073  0.162289  
0.00776106  0.0129751  0.00333777  -0.0667988  -0.129093  0.171464  
0.00696461  0.0125231  0.00353737  -0.0516355  -0.102896  0.145554  
0.00774186  0.0127601  0.0032298  -0.0658578  -0.129387  0.174675  
0.00723313  0.0124788  0.00339255  -0.0756783  -0.11067  0.152272  
0.00676791  0.0120524  0.00327045  -0.0822441  -0.114176  0.141489  
0.00719345  0.01203  0.00314  -0.101094  -0.124957  0.155107  
0.00701826  0.0121051  0.0031023  -0.10198  -0.113277  0.15605  
0.00641119  0.0118348  0.00323513  -0.0838733  -0.0968506  0.114544  
0.00660862  0.011958  0.00315655  -0.0756502  -0.1133  0.119141  
0.00624351  0.0118887  0.00329545  -0.0493615  -0.09941  0.105632  
0.00672608  0.0120671  0.00312206  -0.0697424  -0.117842  0.137739  
0.00643805  0.0121874  0.00329919  -0.0636876  -0.0993553  0.129072  
0.0061078  0.0118569  0.00330676  -0.0520936  -0.0828097  0.141926  
0.00645266  0.0122715  0.00310112  -0.0508219  -0.120324  0.171223  
0.00603566  0.0118221  0.00329014  -0.0500769  -0.0861347  0.141034  
0.00675985  0.012248  0.00308388  -0.0591259  -0.120009  0.135945  
0.00561293  0.0117483  0.00320327  -0.056199  -0.0957863  0.12705  
0.00631911  0.0118588  0.0028187  -0.0977516  -0.118598  0.157867  
0.00525682  0.0113651  0.00293877  -0.080365  -0.0917382  0.168353  
0.00549372  0.0113705  0.00280703  -0.0963969  -0.108063  0.174639  
0.00440875  0.0109825  0.00308152  -0.0746394  -0.0925296  0.183558  
0.00457073  0.0112036  0.00286442  -0.0642631  -0.119094  0.27316  
0.00407636  0.010458  0.0028951  -0.0662639  -0.093618  0.242681  
0.00367286  0.0105623  0.00263768  -0.0624556  -0.111353  0.265765  
0.00346799  0.0103431  0.00276003  -0.0643048  -0.0902188  0.242295  
0.00366432  0.010262  0.00254535  -0.060516  -0.122855  0.251564  
0.00403144  0.0105861  0.00274043  -0.0521782  -0.11227  0.229356  
0.00463294  0.0107827  0.0028022  -0.0439322  -0.098924  0.180567  
0.00429135  0.0108322  0.00263773  -0.0564974  -0.12285  0.225032  
0.00376328  0.0103845  0.00283109  -0.0629681  -0.0972097  0.212684  
0.00420823  0.0106843  0.00259651  -0.0653181  -0.11839  0.253701  
0.00396383  0.0106791  0.00280281  -0.0649548  -0.096694  0.231966  
0.00471101  0.0110937  0.00257852  -0.0663015  -0.13083  0.265607  
0.00451022  0.0109399  0.00260698  -0.0719406  -0.115425  0.240707  
0.00349893  0.0107465  0.00290632  -0.0467854  -0.09016  0.195307  
0.00382053  0.0110053  0.00275451  -0.0638776  -0.111476  0.216842  
0.00329725  0.010813  0.0031795  -0.0621495  -0.0755753  0.211837  
0.00368132  0.0106973  0.00283848  -0.0626071  -0.117514  0.222298  
0.00370152  0.0105239  0.00265049  -0.0821885  -0.0951049  0.194923  
0.00380514  0.0105749  0.00270449  -0.0566411  -0.097078  0.168545  
0.00352812  0.0107067  0.0026213  -0.0541667  -0.121294  0.216384  
0.0033902  0.0106794  0.00280202  -0.0615664  -0.0961616  0.211069  
0.00379685  0.0104446  0.00262381  -0.0536475  -0.0718271  0.133837  
0.00393746  0.0106478  0.00266934  -0.0519597  -0.120905  0.186385  
0.00389942  0.0107864  0.00267604  -0.0629108  -0.0923446  0.20185  
0.00386774  0.0104735  0.00278781  -0.0608796  -0.0961928  0.167002  
0.00406875  0.010623  0.00256876  -0.0759949  -0.121007  0.200897  
0.00312982  0.0101517  0.00270968  -0.0695829  -0.0930178  0.193923  
0.00363971  0.0105246  0.00252787  -0.0755972  -0.115797  0.220657  
0.00341337  0.0105711  0.00250547  -0.0731494  -0.0957068  0.198517  
0.00370118  0.010441  0.00294114  -0.0710863  -0.090967  0.22243  
0.00373269  0.0101887  0.00291961  -0.0629958  -0.15203  0.128402  
0.00342304  0.00982215  0.00274614  -0.0830842  -0.148453  0.211513  
0.00301691  0.00993982  0.00226716  -0.102681  -0.115069  0.201062  
0.00280757  0.0099441  0.00215648  -0.0995563  -0.0958408  0.18634  
0.00273131  0.00990652  0.00230945  -0.0979339  -0.0985254  0.212824  
0.00284825  0.0097023  0.00197808  -0.104651  -0.113841  0.248729  
0.0027276  0.0098276  0.00229334  -0.107006  -0.110432  0.246367  
0.00288843  0.00957733  0.00206372  -0.102017  -0.109129  0.243194  
0.00237312  0.00982425  0.00223744  -0.0863238  -0.093079  0.228246  
0.00275274  0.00954146  0.00184299  -0.0996569  -0.128886  0.242428  
0.00263155  0.00954453  0.0021273  -0.109695  -0.113431  0.22824  
0.00231906  0.00935779  0.00207551  -0.094527  -0.134355  0.218213  
0.00196967  0.0095646  0.00198323  -0.0950983  -0.106432  0.230123  
0.00228683  0.00914974  0.00192601  -0.105645  -0.110267  0.237035  
0.00232042  0.00926518  0.0018695  -0.119088  -0.0882371  0.218673  
0.00242136  0.009114  0.00193142  -0.119555  -0.0960326  0.23078  
0.0016622  0.00890194  0.00194982  -0.112216  -0.0796278  0.244762  
0.00275702  0.0090637  0.00172559  -0.119671  -0.122205  0.259676  
0.00188267  0.00911296  0.00195093  -0.119002  -0.0918043  0.24523  
0.00226525  0.0087683  0.00161058  -0.130256  -0.127055  0.251676  
0.00190297  0.00871772  0.00209649  -0.127247  -0.0846028  0.220137  
0.00207267  0.00849687  0.00197124  -0.128044  -0.112586  0.234529  
0.00209357  0.0086562  0.00158249  -0.146324  -0.104975  0.242447  
0.00187133  0.00842939  0.00181336  -0.141755  -0.111489  0.252333  
0.0025124  0.00857023  0.00146569  -0.147971  -0.113406  0.244076  
0.00234125  0.00880701  0.00177579  -0.137866  -0.102151  0.236111  
0.00218507  0.00836472  0.00145744  -0.13895  -0.111338  0.305574  
0.0023582  0.00834417  0.00147425  -0.141793  -0.140327  0.275557  
0.00173166  0.00870061  0.00158735  -0.127581  -0.09681  0.240824  
0.00220679  0.00851265  0.00157684  -0.13409  -0.126972  0.245431  
0.00176075  0.00820548  0.00172722  -0.148698  -0.111019  0.265559  
0.00202429  0.00801681  0.00143779  -0.151516  -0.12779  0.264984  
0.00200233  0.00806414  0.00153784  -0.151424  -0.101305  0.251134  
0.00227644  0.00811549  0.0014051  -0.170401  -0.127197  0.248492  
0.00214263  0.00801768  0.00136766  -0.174835  -0.113335  0.249707  
0.00178331  0.00771117  0.00138916  -0.174523  -0.107434  0.260368  
0.00194172  0.00768925  0.00122623  -0.165848  -0.115413  0.262727  
0.00207768  0.008173  0.00145159  -0.168097  -0.102807  0.231281  
0.00167368  0.00806509  0.0013855  -0.155242  -0.0999225  0.251337  
0.00151622  0.00755272  0.00134491  -0.154125  -0.102269  0.237492  
0.00224077  0.00781908  0.00135234  -0.163572  -0.118317  0.236668  
0.00100098  0.00741433  0.00181894  -0.184326  -0.0906604  0.231961  
0.00212685  0.00728877  0.00119216  -0.183705  -0.134247  0.252661  
0.00194469  0.00740131  0.00136146  -0.180891  -0.103611  0.250846  
0.00241918  0.00752648  0.000969739  -0.180917  -0.125163  0.277361  
0.00158256  0.00717678  0.00150441  -0.181232  -0.0891358  0.25898  
0.00211428  0.00727888  0.00100054  -0.173537  -0.132734  0.288006  
0.00203505  0.00778884  0.00119069  -0.171769  -0.117675  0.250425  
0.00170624  0.00739983  0.00138074  -0.168908  -0.0920639  0.264939  
0.0020358  0.00720888  0.0012197  -0.172389  -0.118834  0.254769  
0.0013462  0.00727406  0.00148659  -0.177376  -0.103247  0.256046  
0.00201573  0.00714273  0.00112393  -0.176509  -0.128811  0.265116  
0.00160698  0.0071629  0.00141547  -0.172601  -0.103122  0.252499  
0.00218162  0.00758285  0.00115656  -0.175987  -0.111924  0.242322  
0.00121993  0.0066878  0.00146891  -0.189335  -0.0916701  0.252492  
0.00214334  0.00692181  0.00101278  -0.191607  -0.123896  0.275342  
0.00202728  0.00744724  0.00102868  -0.181574  -0.0988349  0.238982  
0.00125081  0.00667413  0.0012137  -0.176158  -0.0890855  0.268901  
0.00217707  0.00714612  0.00100467  -0.176698  -0.125959  0.269312  
0.00184515  0.00758166  0.00100053  -0.178552  -0.104845  0.239502  
0.00116499  0.00708694  0.00142497  -0.171997  -0.0966048  0.264903  
0.00140381  0.00669815  0.0011112  -0.173535  -0.119169  0.266335  
0.00183177  0.0074003  0.00119497  -0.170261  -0.102964  0.250947  
0.00109994  0.00766402  0.00149097  -0.127696  -0.101082  0.235124  
0.00155612  0.00782906  0.00140356  -0.148767  -0.109474  0.259936  
0.00139395  0.00725337  0.00135473  -0.160385  -0.109422  0.263037  
0.00172207  0.0072501  0.00138725  -0.164209  -0.103261  0.271554  
0.00187163  0.00738629  0.00141395  -0.152505  -0.112587  0.242929  
0.00127826  0.00756742  0.00104611  -0.159172  -0.109421  0.253401  
0.0013611  0.0075076  0.00116982  -0.157543  -0.090167  0.246339  
0.00143784  0.00731854  0.00136844  -0.167584  -0.0846149  0.244724  
0.00150193  0.0071387  0.00106657  -0.15968  -0.127908  0.264831  
0.00109994  0.00733599  0.00147495  -0.159579  -0.0987686  0.249617  
0.00126733  0.00687679  0.00115196  -0.149656  -0.116254  0.253399  
0.00109994  0.00688993  0.00102541  -0.166991  -0.112832  0.280132  
0.00141832  0.00665752  0.000885788  -0.185369  -0.117471  0.271204  
0.00115813  0.00670153  0.000770243  -0.176146  -0.114711  0.284778  
0.00143683  0.00680873  0.000809514  -0.169002  -0.123324  0.293867  
0.0010003  0.0063175  0.00109802  -0.162282  -0.110953  0.27978  
0.00162479  0.00669725  0.000886512  -0.161922  -0.13039  0.309852  
0.00117049  0.00616306  0.00096967  -0.16783  -0.11144  0.295167  
0.00154492  0.00646795  0.000747057  -0.168149  -0.133201  0.321468  
0.0016682  0.00659985  0.000810229  -0.157942  -0.129619  0.312145  
0.000527519  0.00622926  0.00104613  -0.156012  -0.102951  0.292569  
0.00170706  0.00661788  0.000868736  -0.162293  -0.135765  0.309799  
0.00063949  0.00638808  0.0013167  -0.155223  -0.104351  0.291013  
0.00146164  0.00655733  0.00102273  -0.16182  -0.126196  0.294844  
0.00116601  0.00648189  0.000981436  -0.155484  -0.114983  0.290331  
0.0012237  0.00641217  0.000996365  -0.150382  -0.118125  0.292587  
0.000860114  0.00611411  0.000886527  -0.146035  -0.115519  0.283553  
0.000656613  0.00631158  0.000927396  -0.144886  -0.0968224  0.286021  
0.00134743  0.00606556  0.000516573  -0.15107  -0.123922  0.306956  
0.000611483  0.00590463  0.00081844  -0.153364  -0.104706  0.284843  
0.00120794  0.00560479  0.000778558  -0.150539  -0.132216  0.315743  
0.00104743  0.00567704  0.000400464  -0.15719  -0.121905  0.31757  
0.00124336  0.00543927  0.000370716  -0.168196  -0.131203  0.316351  
0.00120603  0.00618064  0.000311495  -0.182101  -0.117877  0.267289  
0.000985051  0.00594448  0.000431684  -0.183806  -0.110674  0.289723  
0.00036004  0.00512748  0.00082233  -0.173285  -0.0953279  0.308002  
0.00154948  0.00588058  0.000480605  -0.184982  -0.122739  0.291481  
0.00100381  0.00549159  0.000867229  -0.193098  -0.0842228  0.24374  
0.00123404  0.00551984  0.000567344  -0.182562  -0.134764  0.225599  
0.00172529  0.00563889  8.32999e-05  -0.201066  -0.132757  0.259447  
0.00163266  0.00601297  0.000157258  -0.204171  -0.110964  0.238522  
0.00145092  0.0059569  0.000352334  -0.194746  -0.108962  0.233298  
0.00107692  0.00582407  0.000426412  -0.175382  -0.101915  0.259665  
0.00123404  0.00529979  0.000420458  -0.181685  -0.118539  0.278162  
0.00154713  0.00606507  0.000494947  -0.185484  -0.110833  0.227653  
0.00335799  0.00586412  5.98629e-05  -0.1776  -0.109262  0.277693  
0.00247082  0.00443111  0.000501533  -0.166137  -0.163966  0.266308  
0.00208763  0.00424004  -3.45495e-05  -0.180495  -0.172807  0.318016  
0.000990169  0.00499344  -3.45495e-05  -0.162988  -0.124447  0.268408  
0.00152395  0.00545276  -0.000144282  -0.154569  -0.144393  0.295746  
0.00110927  0.00648323  4.89098e-05  -0.115818  -0.114997  0.180442  
-0.000146618  0.00613415  -1.32995e-05  -0.10485  -0.0882651  0.228185  
0.00101092  0.0054869  -0.000211776  -0.122978  -0.115554  0.276165  
0.000967377  0.00566755  -0.000414068  -0.141755  -0.115796  0.248155  
0.000513753  0.00588536  -0.000211776  -0.121695  -0.0908957  0.231268  
0.00075939  0.0056823  -0.000525634  -0.118366  -0.113131  0.244647  
0.000513753  0.00526226  -0.000413689  -0.147803  -0.102561  0.234295  
0.000805363  0.00504029  -0.000446002  -0.150786  -0.11825  0.249492  
0.000257612  0.00541763  -0.000386189  -0.134016  -0.105643  0.253462  
0.0010135  0.00601567  -0.000459429  -0.0587951  -0.121527  0.254452  
0.00101941  0.00665422  -0.000247075  -0.0614618  -0.117852  0.226291  
0.000149686  0.00586057  -0.000376936  -0.0925459  -0.0897487  0.244482  
0.00102615  0.0055731  -0.000656347  -0.101741  -0.121825  0.257944  
0.00029967  0.0056313  -0.00054  -0.112719  -0.0940051  0.245353  
0.00108709  0.00525718  -0.000527943  -0.121495  -0.127589  0.281593  
0.00104666  0.0040112  -0.000933804  -0.168125  -0.109484  0.269372  
0.000857389  0.00421516  -0.00107904  -0.157127  -0.112131  0.271768  
0.00042351  0.00450542  -0.000587957  -0.133991  -0.104568  0.269204  
0.00113498  0.00485167  -0.000874988  -0.135191  -0.129426  0.25587  
0.000843431  0.00496973  -0.000695639  -0.150992  -0.111313  0.24137  
0.000843431  0.00448032  -0.000652654  -0.130547  -0.114274  0.261757  
0.000407838  0.00494531  -0.0005918  -0.138567  -0.111902  0.246983  
0.000222152  0.00456998  -0.000361613  -0.116649  -0.107576  0.288211  
0.00130075  0.00489757  -0.000757188  -0.125607  -0.130284  0.270822  
0.000334116  0.00434775  -0.000418158  -0.122782  -0.106757  0.287441  
0.00111332  0.00503761  -0.000674203  -0.123744  -0.127966  0.253404  
0.000399374  0.00447412  -0.000564192  -0.113576  -0.105966  0.267846  
0.00111269  0.00521683  -0.000406254  -0.106168  -0.123545  0.252687  
0.000239311  0.00490911  -6.46932e-05  -0.110521  -0.0920699  0.242104  
0.000980862  0.00488671  -0.000402163  -0.103992  -0.121913  0.257519  
0.00092782  0.00500232  -0.000491535  -0.12213  -0.104206  0.204219  
0.00061264  0.00545259  -0.000395717  -0.110032  -0.0934462  0.194397  
0.000323781  0.00471308  -0.000480903  -0.111687  -0.0942718  0.235305  
0.000391313  0.00481752  -0.000224487  -0.0998192  -0.1037  0.221054  
0.000435717  0.00545493  -0.000264285  -0.10485  -0.0960713  0.185153  
0.00024352  0.00538108  -0.000328944  -0.108111  -0.0815816  0.177189  
-0.000280907  0.00527895  -0.000257924  -0.10833  -0.0740078  0.118652  
0.000524709  0.00560212  -0.000348393  -0.103228  -0.0940254  0.134911  
-0.00022447  0.00560314  -0.000380588  -0.084894  -0.0693791  0.131972  
0.000667739  0.00543506  -0.000546593  -0.0972152  -0.0976155  0.164866  
0.000271984  0.00497222  -0.000632109  -0.107741  -0.0823194  0.188003  
0.000836517  0.00496799  -0.000830506  -0.125512  -0.0967938  0.195562  
0.000308014  0.00505652  -0.000654952  -0.114344  -0.0722444  0.163148  
0.000335937  0.00481595  -0.000478392  -0.116034  -0.0847258  0.19383  
0.000323657  0.00442313  -0.000506299  -0.115143  -0.098192  0.210244  
0.000187157  0.004802  -0.00043392  -0.124479  -0.0844247  0.19761  
0.000282273  0.00447966  -0.000400282  -0.108046  -0.0914238  0.20132  
0.000663602  0.00490798  -0.00040468  -0.109795  -0.103597  0.21079  
0.000560733  0.00472247  -0.000670399  -0.117419  -0.0995038  0.22003  
0.000112158  0.00408387  -0.000458348  -0.117993  -0.0813508  0.217664  
0.000750271  0.00465749  -0.000555427  -0.120561  -0.105978  0.224659  
0.000464783  0.00426169  -0.000705728  -0.119538  -0.0998679  0.218  
2.4158e-05  0.00466697  -0.000451526  -0.107971  -0.0912622  0.212752  
0.00029926  0.00448989  -0.00043682  -0.111184  -0.0954961  0.206777  
0.000579001  0.00473457  -0.000723061  -0.122382  -0.095429  0.200276  
5.69851e-05  0.00437958  -0.000539087  -0.114284  -0.0839412  0.216335  
-5.67953e-05  0.00396514  -0.000322492  -0.110861  -0.082752  0.197883  
0.000191283  0.00449057  -0.00050536  -0.116358  -0.0868948  0.194163  
0.000133462  0.00367389  -0.000477672  -0.128662  -0.0850828  0.212949  
0.000793294  0.00429448  -0.000547123  -0.127175  -0.0999987  0.204432  
-2.28244e-05  0.00259576  -0.000173218  -0.16068  -0.0893999  0.248643  
0.000759855  0.00259864  -0.000519967  -0.151767  -0.115533  0.242041  
0.000482009  0.00356201  -0.000580312  -0.123241  -0.100821  0.234192  
0.000543347  0.00370581  -0.000629144  -0.120597  -0.115988  0.227711  
0.0001197  0.00336371  -0.000581137  -0.13127  -0.0980096  0.234765  
0.000543347  0.00317947  -0.000517583  -0.133233  -0.102527  0.244681  
0.000603944  0.00307299  -0.000657409  -0.148936  -0.100165  0.226673  
0.000222369  0.00252617  -0.000237948  -0.147955  -0.0898719  0.236566  
0.000884805  0.00346279  -0.000545326  -0.128369  -0.113164  0.240867  
2.96732e-05  0.00326425  -4.31535e-05  -0.0949147  -0.0868777  0.207089  
0.000806409  0.00441704  4.78004e-05  -0.0485262  -0.108588  0.213864  
3.5087e-05  0.00453573  0.000207517  -0.0360755  -0.0858885  0.193561  
0.000536796  0.00401526  9.38248e-05  -0.0388971  -0.102029  0.209886  
0.00105462  0.00456152  0.000102028  -0.03253  -0.105571  0.216649  
0.000992724  0.00477477  0.00010249  -0.02326  -0.109101  0.209402  
0.000912001  0.00493145  0.000172719  -0.0223112  -0.0980377  0.189773  
0.000252064  0.00466304  0.000254222  -0.0116059  -0.0768685  0.193694  
0.000626336  0.00460954  0.000281451  -0.0173065  -0.105656  0.206364  
0.000415184  0.00497681  0.000365683  -0.0315338  -0.0739329  0.157452  
0.00021175  0.0043072  0.000591756  -0.0359083  -0.0768281  0.14487  
0.00104865  0.00474715  0.000262666  -0.0311311  -0.0936711  0.181912  
7.1745e-05  0.00466896  0.000294964  -0.0224507  -0.0664864  0.143415  
0.000919192  0.0048622  0.000341096  -0.0137762  -0.0754182  0.148938  
0.000145729  0.00451926  0.000453553  -0.0253957  -0.0615506  0.164344  
0.00137079  0.0045897  0.000183693  -0.0185171  -0.0926258  0.190315  
5.87832e-05  0.00400381  0.000382212  -0.0283017  -0.0748107  0.194609  
0.00112663  0.00437316  0.000183693  -0.0342503  -0.101008  0.192171  
0.000331635  0.0035329  0.000329678  -0.0457785  -0.0780388  0.192962  
0.00139471  0.00430188  0.000189638  -0.0385745  -0.106412  0.19717  
0.000162971  0.00337955  0.000731276  -0.046421  -0.0776117  0.185796  
0.00090332  0.0038537  0.00038074  -0.0369112  -0.10676  0.201154  
0.000495559  0.00394465  0.000337518  -0.032962  -0.0702941  0.182593  
0.0010705  0.0036288  0.000452419  -0.0423981  -0.095226  0.197529  
0.0008582  0.00408141  0.000378138  -0.0448349  -0.100133  0.211389  
0.000568594  0.0030351  0.00046911  -0.059449  -0.0933969  0.218429  
0.00138204  0.00396959  0.000161233  -0.037563  -0.108768  0.222246  
0.0014778  0.00421107  0.000161233  -0.0381376  -0.098715  0.192128  
0.00106272  0.00413405  0.000161233  -0.0367384  -0.100857  0.203266  
0.000241558  0.0035028  0.000632409  -0.0340447  -0.0783257  0.200073  
0.0012527  0.00436539  0.000200589  -0.0301366  -0.0967173  0.167359  
0.000172899  0.00456191  0.000417611  -0.0174629  -0.062401  0.133299  
0.000862866  0.00436906  0.000368859  -0.020449  -0.0850478  0.142873  
0.000380136  0.00411306  0.00043666  -0.0456952  -0.0642914  0.142966  
0.00121899  0.00475592  0.00058371  -0.0126486  -0.070082  0.115147  
0.000242981  0.00424017  0.000727823  -0.00391411  -0.064591  0.155835  
0.00181042  0.00458948  0.000559189  -0.00714394  -0.0666173  0.158104  
0.00136307  0.00466848  0.000582572  -0.0161321  -0.0397183  0.105364  
0.000784756  0.00460864  0.000788321  -0.02278  -0.0492524  0.112245  
0.00112036  0.00423425  0.000594271  -0.0267328  -0.0528942  0.11104  
6.17984e-05  0.00434247  0.000977823  -0.0252696  -0.0586411  0.127542  
0.0011213  0.00378797  0.000392102  -0.0342209  -0.0800603  0.165377  
0.00108518  0.00416434  0.000662706  -0.0279754  -0.0567431  0.144963  
0.0014199  0.00371673  0.00045562  -0.0337728  -0.0848671  0.170467  
0.000995807  0.00302447  0.00134345  -0.0486747  -0.0547142  0.151059  
0.00166728  0.00386235  0.000767791  -0.0350436  -0.0896051  0.170473  
0.0014135  0.00377716  0.000662276  -0.0428239  -0.0797658  0.180008  
0.00147154  0.00370686  0.000662276  -0.0405199  -0.0824962  0.176195  
0.00112814  0.00426056  0.000399318  -0.0432657  -0.0704449  0.108416  
0.000229135  0.00285919  0.0013717  -0.0447828  -0.056764  0.168969  
0.000973335  0.00393988  0.000498154  -0.0446314  -0.0749691  0.128032  
0.000171491  0.00297363  0.00139231  -0.037662  -0.0468001  0.16694  
0.00150106  0.00420214  0.000540327  -0.0291202  -0.0785099  0.118941  
6.3301e-05  0.00316086  0.00138881  -0.0398139  -0.0455171  0.153058  
0.00121615  0.00285779  0.000999234  -0.0464262  -0.0894349  0.183961  
0.00114085  0.00335224  0.000581933  -0.0330335  -0.0855385  0.174262  
0.000930063  0.00330959  0.000929652  -0.0315932  -0.078164  0.145644  
0.00163889  0.0040461  0.000408116  -0.0307937  -0.0810389  0.13329  
-8.97728e-05  0.00262306  0.00162846  -0.0412496  -0.0368144  0.16297  
0.00172582  0.0036633  0.000792942  -0.0309024  -0.0703988  0.14119  
0.001664  0.00431307  0.000408116  -0.0273099  -0.0526255  0.106379  
0.00125082  0.00379522  0.000827791  -0.0269723  -0.0565116  0.150873  
0.00131662  0.00343356  0.00065146  -0.0233386  -0.101228  0.182038  
0.00084525  0.003718  0.000722726  -0.0221385  -0.0670775  0.142014  
0.00116044  0.00380675  0.00107849  -0.0219738  -0.0498924  0.112073  
0.00154292  0.00418824  0.000747159  -0.0170293  -0.0352116  0.0661749  
0.000438939  0.00384183  0.00125355  -0.0105248  -0.0292547  0.102946  
0.00137993  0.00329026  0.000812839  -0.022429  -0.0711059  0.124627  
0.00131202  0.00362297  0.000658116  -0.03601  -0.0516387  0.120583  
0.0013878  0.00301113  0.00100821  -0.0298804  -0.0448911  0.142686  
0.00182578  0.00366387  0.000733447  -0.0246564  -0.065474  0.144938  
0.000719559  0.0027899  0.00116415  -0.0367761  -0.0717409  0.154251  
0.0020386  0.00347977  0.00078344  -0.0281895  -0.0852098  0.133531  
0.000598565  0.00320756  0.00104307  -0.0333003  -0.0618397  0.135081  
0.0016402  0.00299038  0.000935837  -0.031769  -0.0804025  0.145327  
0.00216036  0.0035623  0.00053344  -0.0182243  -0.0767738  0.144674  
0.00206773  0.00357653  0.00053344  -0.019406  -0.0699663  0.132707  
0.000905068  0.00298389  0.00108715  -0.0223762  -0.0681245  0.154489  
0.00198626  0.00405069  0.00053344  -0.0266067  -0.0670601  0.102821  
0.00181171  0.00362807  0.000974215  -0.0222283  -0.0343669  0.0977095  
0.00217497  0.00374622  0.000586036  -0.0238903  -0.0552903  0.104151  
0.000732258  0.00265063  0.0013338  -0.03211  -0.0465827  0.135269  
0.0023783  0.00361823  0.000657942  -0.0231432  -0.0666883  0.114894  
0.00139546  0.0030942  0.000937049  -0.0365731  -0.0465456  0.118147  
0.00214557  0.00320623  0.000583772  -0.0383318  -0.0684005  0.125005  
0.00129095  0.00310275  0.000722347  -0.0564033  -0.0426252  0.124638  
0.0013511  0.00248012  0.00112881  -0.0540729  -0.050907  0.145645  
0.00206234  0.00318688  0.000533441  -0.0493047  -0.0554122  0.116699  
0.00121069  0.00271917  0.00085002  -0.0451834  -0.0627908  0.15202  
0.002265  0.00338343  0.000383489  -0.0264295  -0.0759485  0.138189  
0.0012609  0.00311479  0.000639872  -0.0268246  -0.0625292  0.140404  
0.00156821  0.002845  0.000665139  -0.0370587  -0.0968451  0.145903  
0.00206926  0.00378854  0.000306625  -0.0158444  -0.0703983  0.118577  
0.00135038  0.00328517  0.000689592  -0.0297609  -0.0440484  0.127773  
0.00173957  0.00257033  0.000851982  -0.0409836  -0.0549811  0.148962  
0.00208107  0.00315524  0.000268672  -0.0519776  -0.0546126  0.120995  
0.000779311  0.00153561  0.00148673  -0.066191  -0.0406981  0.152792  
0.00226629  0.00265548  0.000721836  -0.0625057  -0.0842063  0.148159  
0.00222558  0.00323479  0.000138508  -0.0491532  -0.0746754  0.120131  
0.00146099  0.00264608  0.000721836  -0.0460037  -0.0527516  0.126986  
0.00238618  0.00290596  0.00046719  -0.0363915  -0.0772347  0.145973  
0.00100769  0.00295831  0.000275718  -0.0348979  -0.0700262  0.133858  
0.00106975  0.00230003  0.000484242  -0.0438797  -0.0870841  0.132555  
0.00256268  0.00305823  0.000275718  -0.036989  -0.0803025  0.13259  
0.00258844  0.00339453  0.000275718  -0.0179563  -0.0768584  0.133077  
0.00191021  0.00348115  0.000701151  -0.0280042  -0.0525699  0.105072  
0.00188362  0.00336924  0.000605937  -0.0361812  -0.0887285  0.119277  
0.00180723  0.00367029  0.000729623  -0.0350401  -0.0667775  0.118819  
0.00154406  0.00327781  0.000735292  -0.0378507  -0.0821468  0.116649  
0.00194459  0.0034253  0.000612216  -0.0272502  -0.0692335  0.127178  
0.00202028  0.00323148  0.00067479  -0.0311974  -0.0767801  0.127231  
0.00204413  0.00344121  0.000514131  -0.0220175  -0.0771226  0.137365  
0.00188294  0.00311298  0.000576765  -0.0166324  -0.0635686  0.124558  
0.00259024  0.00334362  0.000473756  -0.013629  -0.0818002  0.147401  
0.00277757  0.00339365  0.000461782  -0.00533972  -0.0824923  0.14128  
0.00158618  0.00303196  0.000825047  -0.0153548  -0.0706893  0.141651  
0.00228416  0.00350825  0.000725421  -0.00752402  -0.0684851  0.0964195  
0.0014681  0.00390865  0.000884946  0.00704462  -0.0247665  0.0736863  
0.00205229  0.0031989  0.000921107  -0.0106856  -0.0575345  0.107179  
0.00181467  0.00354216  0.00072542  -0.0209509  -0.046621  0.105811  
0.00201361  0.00282766  0.000975421  -0.0333658  -0.0615241  0.136942  
0.00291192  0.00334478  0.000466633  -0.0092273  -0.072283  0.130997  
0.00280297  0.00370036  0.000205653  -0.00575678  -0.0714692  0.126667  
0.002295  0.0029239  0.000931843  -0.0279737  -0.0569012  0.147722  
0.00289163  0.00364127  0.000312085  -0.022737  -0.0857541  0.123651  
0.00133635  0.00292853  0.00103546  -0.0352304  -0.0652803  0.130517  
0.00253929  0.00301899  0.00077219  -0.0214556  -0.0835255  0.126497  
0.00282152  0.00368028  0.000523991  -0.0111907  -0.0746943  0.120554  
0.0018966  0.00285729  0.00119544  -0.019104  -0.0649068  0.128389  
0.00251883  0.00358156  0.000812452  -0.0196015  -0.0864028  0.120846  
0.00168955  0.00311623  0.0012239  -0.0287461  -0.0340501  0.0985787  
0.00293191  0.00341736  0.00070602  -0.0147088  -0.0747519  0.126421  
0.00203564  0.00301507  0.00127509  -0.0125435  -0.0493914  0.128845  
0.00309209  0.0034221  0.000623226  -0.00389457  -0.0836828  0.145432  
0.00182528  0.00327492  0.00109125  -0.017323  -0.050955  0.12344  
0.00282192  0.00348826  0.000706021  0.000510439  -0.0766174  0.119127  
0.00188324  0.00288632  0.00126703  -0.0132181  -0.0373806  0.113042  
0.00323336  0.00344902  0.000524609  -0.00281021  -0.0851763  0.119804  
0.0021023  0.00329606  0.00107026  -0.0146813  -0.0414862  0.103769  
0.00275517  0.00351235  0.000706021  -0.0163087  -0.0588857  0.0741992  
0.00194245  0.00361297  0.00110865  -0.0183249  -0.0310128  0.0684942  
0.00281957  0.00293542  0.000706021  -0.0256866  -0.0590907  0.115011  
0.00223312  0.00338388  0.00095602  -0.0336619  -0.0361017  0.0837027  
0.00219658  0.00266504  0.00113349  -0.0311702  -0.0654398  0.153516  
0.00222898  0.00265818  0.000885152  -0.0332177  -0.0578215  0.146018  
0.00271102  0.00260554  0.000815058  -0.0255407  -0.0710601  0.137013  
0.00266575  0.00299673  0.00070602  -0.00196617  -0.0714667  0.133945  
0.00246148  0.00284269  0.000812413  0.000488742  -0.0691213  0.143959  
0.00307588  0.00345678  0.000367335  0.00423216  -0.0684235  0.10961  
0.00270025  0.00350739  0.000406675  -0.000981883  -0.062531  0.103861  
0.00149879  0.00233811  0.00137605  -0.00183411  -0.0649251  0.155681  
0.00318431  0.00357578  0.000567955  0.00296107  -0.0776771  0.115827  
0.00166193  0.00332633  0.00120517  -0.00829702  -0.0345896  0.0995482  
0.00285997  0.0034731  0.00066714  0.00670279  -0.0576784  0.0954171  
0.0017856  0.0033804  0.00131168  -0.0103241  -0.0385354  0.095209  
0.00292995  0.00353319  0.000879097  -0.00601267  -0.0600255  0.0882221  
0.00241927  0.00357776  0.000912569  -0.00778743  -0.0322137  0.0676119  
0.00256431  0.00348672  0.00102267  0.00202508  -0.0586469  0.0886627  
0.00286407  0.00363075  0.000945732  0.00129604  -0.0410639  0.0890349  
0.00286747  0.00337797  0.00102267  0.0106922  -0.0519159  0.0895548  
0.00281582  0.00386763  0.000772666  0.0143644  -0.0504417  0.0711044  
0.00218564  0.00306077  0.00125564  0.0122946  -0.044905  0.105766  
0.00242009  0.00360805  0.00102267  9.81438e-06  -0.0374372  0.0817069  
0.00277193  0.00336354  0.00102267  0.0118081  -0.0409093  0.0802785  
0.00259659  0.00370476  0.000999631  0.0158372  -0.0160402  0.0404727  
0.00301912  0.0034036  0.000966723  0.0176415  -0.0354472  0.0847186  
0.00281937  0.00365515  0.00102267  0.0140971  -0.0423682  0.0926542  
0.00330071  0.00330941  0.000870316  0.0134718  -0.0609609  0.096224  
0.00304246  0.00376075  0.000596522  0.0121728  -0.0627006  0.0713095  
0.00234291  0.00313562  0.00128831  7.09567e-05  -0.0448486  0.0990081  
0.00309361  0.00362608  0.00103976  0.00901899  -0.0512231  0.053  
0.00275978  0.00303658  0.00106211  0.0155451  -0.0182055  0.0940679  
0.00345645  0.00368077  0.000744213  0.0132588  -0.0284564  0.0805181  
0.00288255  0.00319214  0.00110592  0.00717314  -0.0457884  0.0788328  
0.00367913  0.00356014  0.000764081  0.00769491  -0.0377086  0.100901  
0.00265933  0.00315852  0.00122307  0.00580614  -0.0350048  0.0838251  
0.0038075  0.00361081  0.000861834  0.0176298  -0.0478437  0.0995705  
0.00307875  0.00333227  0.00119818  0.0216507  -0.0206252  0.0668346  
0.00341084  0.00366866  0.00100322  0.0431749  -0.0431098  0.0910282  
0.00290276  0.00330229  0.00141494  0.0278897  -0.00850246  0.0771737  
0.00340719  0.00351385  0.000977412  0.0373065  -0.0231758  0.0912746  
0.00283493  0.00314716  0.00142313  0.0446155  -0.0234673  0.123579  
0.00367393  0.00364492  0.000958779  0.0498638  -0.0395009  0.10764  
0.0027499  0.00321529  0.00158675  0.0502174  -0.00643962  0.112998  
0.0036611  0.00345999  0.00101514  0.0494857  -0.0499599  0.131046  
0.00285153  0.00321841  0.00156327  0.0481968  -0.0349531  0.116174  
0.00378315  0.00276233  0.00102696  0.0716786  -0.0661032  0.13695  
0.00282356  0.00292762  0.00152694  0.0574454  -0.0373683  0.117104  
0.00376091  0.00325567  0.00114235  0.0763906  -0.0598484  0.105631  
0.00271626  0.0029742  0.00168187  0.0633908  -0.027238  0.111743  
0.00366774  0.0035167  0.00105061  0.0537354  -0.0497242  0.0738775  
0.00296167  0.0032998  0.00151813  0.0562728  -0.0129868  0.0659623  
0.00366113  0.00313653  0.0011536  0.0589493  -0.0445135  0.0944547  
0.00359766  0.00360079  0.00109649  0.0514929  -0.0356971  0.0889189  
0.0032373  0.00303773  0.00160704  0.0435707  -0.04301  0.100832  
0.00393382  0.0034896  0.000969959  0.0566694  -0.0653303  0.0946987  
0.0025287  0.00290475  0.00169211  0.0497938  -0.0330346  0.116647  
0.0038407  0.00325743  0.00118625  0.0619522  -0.0666322  0.109903  
0.00318007  0.00328642  0.00153595  0.0516751  -0.0458759  0.0937816  
0.00382292  0.0032882  0.0011954  0.0568756  -0.0665172  0.104666  
0.00284665  0.00292096  0.00166805  0.0496042  -0.0463555  0.0977977  
0.00378701  0.00298284  0.000971121  0.0479873  -0.0729005  0.0839572  
0.00327331  0.00321555  0.00148883  0.0389376  -0.0404972  0.0768131  
0.00365225  0.00297558  0.00130104  0.0445914  -0.0475188  0.0927531  
0.00350743  0.00348908  0.00119424  0.0646462  -0.0326196  0.0598333  
0.00335705  0.00322173  0.00159397  0.0506089  0.0090319  0.0564027  
0.00359661  0.00364345  0.00143457  0.0570607  0.00321931  0.00617719  
0.00317469  0.00305476  0.00167514  0.0663817  -0.00880053  0.0874122  
0.00405577  0.00345725  0.000971121  0.0662901  -0.032211  0.0876959  
0.00340865  0.00322769  0.00178819  0.0571542  -0.02768  0.0688663  
0.00433745  0.00339068  0.00114367  0.0771491  -0.0384117  0.0721697  
0.00327562  0.00347778  0.00174286  0.0665287  -0.0139791  0.0911791  
0.00404403  0.00226758  0.000971121  0.0950596  -0.0704321  0.104636  
0.00346827  0.00285168  0.00170816  0.0566345  -0.0382759  0.0990037  
0.00409255  0.00349837  0.00126665  0.0672969  -0.0385909  0.0649648  
0.00315883  0.00323364  0.00186608  0.0688223  0.00146996  0.0489445  
0.00422507  0.00195312  0.00074101  0.114247  -0.00925347  0.02258  
0.00348238  0.00318845  0.00155347  0.0843125  0.00859602  0.0115988  
0.0038848  0.00272117  0.00114874  0.098646  -0.0120907  0.0256524  
0.00386015  0.00205675  0.00113692  0.117626  -0.00182398  0.0493035  
0.0040048  0.00336302  0.00148201  0.103292  -0.000335688  0.0419029  
0.00418951  0.00212895  0.000990271  0.131621  -0.015304  0.0548676  
0.00399511  0.0025724  0.00157859  0.0845981  -0.0048273  0.0580731  
0.00454565  0.00142174  0.000940285  0.12442  -0.0167595  0.0685753  
0.00447184  0.00198562  0.00128721  0.111958  0.0193021  0.0763029  
0.00477282  0.00322104  0.00133813  0.181019  -0.0121179  0.0736754  
0.00413739  0.00229997  0.00130056  0.167386  -0.00943459  0.0746193  
0.00439872  0.00279802  0.00112175  0.195212  -0.0020363  0.0178759  
0.00370621  0.00256067  0.00149537  0.18584  0.0128279  0.0388163  
0.00471577  0.00231937  0.00109208  0.17181  -0.0181723  0.0683144  
0.00441138  0.00234026  0.00108599  0.168789  -0.00506722  0.0513608  
0.00437334  0.00183506  0.00136332  0.179292  0.0191715  0.0530388  
0.00466455  0.00224731  0.00125628  0.180972  -0.00817335  0.0623508  
0.00421033  0.00214281  0.00134121  0.186612  0.0103954  0.0210495  
0.00412308  0.00229876  0.00154346  0.18622  0.0135405  0.0241407  
0.00439064  0.00207709  0.00108599  0.18188  0.0217687  -0.0241191  
0.00394804  0.00215529  0.0016565  0.204169  0.0325741  -0.0315678  
0.00445169  0.00221301  0.00116357  0.183582  0.021464  -0.0367154  
0.00278153  0.00147848  0.00160501  0.18309  0.0543481  -0.181115  
0.00261553  0.0018895  0.00174489  0.204983  0.0640931  -0.139973  
0.00309074  0.00222303  0.00223384  0.19915  0.0603879  -0.034631  
0.00408874  0.00166446  0.00143785  0.203539  0.0221695  -0.00457856  
0.00355337  0.00147389  0.00182922  0.196629  0.0288225  0.0349024  
0.00437071  0.00172883  0.00133069  0.223983  -0.0125939  0.0571476  
0.00379486  0.00197517  0.00180957  0.229446  0.0103115  0.0552767  
0.00430333  0.00162848  0.00144168  0.236993  -0.0170593  0.0722519  
0.00383144  0.00199691  0.0018054  0.234688  -0.000809581  0.0675872  
0.00432053  0.00150618  0.00117204  0.20294  -0.00615702  0.0303096  
0.00389947  0.00083059  0.0018351  0.193003  0.0176236  0.0342022  
0.00472602  0.000947067  0.00123787  0.152984  -0.0132728  0.0643432  
0.00378143  0.000371513  0.00184737  0.176385  0.0132039  0.0440099  
0.00465017  0.000224979  0.00127297  0.16105  -0.00535701  0.0497558  
0.00400986  -0.000232  0.00175189  0.153849  0.0152078  0.030721  
0.00422877  -0.000341065  0.00160501  0.144188  0.00436656  0.0336015  
0.00437479  -0.000663691  0.00152956  0.139593  -0.00502723  0.0287718  
0.0040989  -0.000736913  0.00182609  0.150377  0.0128907  0.0276868  
0.00442489  -0.000458269  0.00106954  0.141843  0.0102122  -0.00393783  
0.00410632  -0.000546624  0.00158726  0.153824  0.0279283  0.0396895  
0.00458824  -0.000328568  0.00114723  0.171971  -0.000586077  0.0392914  
0.00424118  -0.000345414  0.00158823  0.163801  0.017256  0.0312881  
0.00419309  -0.000661063  0.00127456  0.145656  0.0258869  -0.0118365  
0.00385226  -0.000869003  0.00190745  0.150863  0.00160082  0.0600296  
0.00444881  -0.000592848  0.0012166  0.176582  -0.0201694  0.06721  
0.0037555  -0.00045426  0.00153433  0.182256  0.00861307  0.03463  
0.00411752  -0.000310974  0.00135825  0.182146  0.021892  -0.00509877  
0.00357547  -0.000238108  0.00180248  0.193392  0.0451975  0.00929095  
0.00419755  -0.000486746  0.00129579  0.178796  0.0285313  -0.00325054  
0.0038841  -0.000742584  0.00193466  0.176665  0.0401713  0.0528203  
0.00452708  -0.000509366  0.00127235  0.175552  0.00945275  0.0531362  
0.00368732  -0.000789172  0.00199019  0.17584  0.0220612  0.0596734  
0.00427832  -0.000589772  0.00136127  0.180389  -0.0159393  0.0791497  
0.00384084  -0.000789172  0.00153975  0.163216  0.0201988  0.0279322  
0.00392233  -0.00100058  0.00109136  0.156442  0.0147902  0.00747958  
0.00354557  -0.00116897  0.0016907  0.168369  0.0310411  0.0405862  
0.00399865  -0.00101849  0.00102941  0.168034  0.00965783  0.0196407  
0.00322105  -0.00141734  0.00160843  0.158145  0.0253886  0.0415403  
0.00421817  -0.00114595  0.00124511  0.163312  -0.00153269  0.0647099  
0.003419  -0.00135611  0.00162267  0.17082  0.0105387  0.0457711  
0.00400906  -0.00123085  0.00132979  0.170373  -0.0165324  0.0785411  
0.00344335  -0.001178  0.00196958  0.169963  0.00550462  0.0627461  
0.0041327  -0.00105794  0.0013202  0.17467  -0.0256888  0.0846753  
0.00368128  -0.0013555  0.00169455  0.175617  0.00024396  0.0607787  
0.00427283  -0.000874453  0.00124705  0.181722  -0.0161395  0.0761001  
0.00388571  -0.00102956  0.00137271  0.18147  0.00366375  0.0358743  
0.00413632  -0.000989272  0.000836446  0.172272  0.00358109  0.0243449  
0.00344297  -0.00150808  0.00146178  0.170815  0.03504  0.0112589  
0.00416712  -0.00178702  0.00161851  0.157615  -0.0158364  0.0492077  
0.00414377  -0.00144742  0.00120944  0.14755  0.00471437  0.0655722  
0.00452612  -0.00149908  0.00146178  0.158981  -0.00376707  0.0952819  
0.00457809  -0.00138878  0.00111494  0.163759  -0.0182531  0.0932389  
0.00457032  -0.00118308  0.000984553  0.192339  -0.0328147  0.0960854  
0.00423015  -0.00133694  0.00133922  0.165693  -0.0271835  0.101847  
0.00442523  -0.00173149  0.00120916  0.165741  -0.0331955  0.109985  
0.00400333  -0.00154595  0.00127941  0.172242  -0.0104816  0.0894211  
0.00437605  -0.00156543  0.00118965  0.166969  -0.0272879  0.0929935  
0.00357511  -0.00218609  0.0018539  0.14786  0.0103449  0.0754228  
0.00404245  -0.00253583  0.00145627  0.122349  0.00247093  0.0402353  
0.00383344  -0.00291046  0.00210948  0.113274  0.00755072  0.0773899  
0.00438202  -0.00216365  0.00133305  0.126023  0.00810305  0.0543189  
0.00396476  -0.00249694  0.00161772  0.132684  0.0111449  0.0355741  
0.00389949  -0.00246456  0.0013526  0.123926  0.00825843  0.0192472  
0.00412086  -0.00241603  0.00163722  0.154304  0.00752793  0.032872  
0.00378217  -0.0019421  0.00130018  0.167595  0.0320694  -0.00201488  
0.00418386  -0.00202964  0.00149476  0.167783  0.0159491  0.0505671  
0.00378324  -0.00258948  0.00129409  0.148631  0.0125734  0.000508656  
0.0040607  -0.00276883  0.0013818  0.148054  0.00045501  0.0334956  
0.0038902  -0.00254558  0.00129609  0.149896  0.00219404  0.040097  
0.00397447  -0.00236779  0.00117474  0.160452  -0.00820065  0.0224661  
0.0036863  -0.00256074  0.00147393  0.157917  0.00636242  0.0205769  
0.00381669  -0.00216528  0.000851293  0.160965  0.0211848  -0.0272069  
0.00318793  -0.0027833  0.0016197  0.14622  0.0450368  -0.0386351  
0.0030435  -0.00281957  0.00134635  0.147347  0.0409113  -0.0399382  
0.00279118  -0.00286364  0.00142489  0.167075  0.0447419  -0.0790871  
0.00238336  -0.00304298  0.00156096  0.156049  0.0497579  -0.0562348  
0.00268461  -0.00247879  0.0011011  0.162076  0.0378372  -0.0597174  
0.00161329  -0.00330081  0.00166524  0.147865  0.0612555  -0.0887144  
0.00203134  -0.00278517  0.00160506  0.157409  0.0492763  -0.0829555  
0.00201001  -0.00404281  0.00170242  0.121488  0.0486349  -0.0703805  
0.00204818  -0.0045475  0.00161435  0.1023  0.0383904  -0.0518821  
0.00259281  -0.00453106  0.00107653  0.0934026  0.0254545  -0.066863  
0.00149623  -0.00462634  0.00185976  0.0940919  0.0479842  -0.0656184  
0.00251054  -0.00446711  0.000850464  0.0702935  0.0207417  -0.0522408  
0.0008405  -0.00499689  0.00101943  0.0748972  0.0593293  -0.0518273  
0.00255934  -0.00455617  0.000684491  0.0709047  0.0119894  -0.0468951  
0.00237389  -0.00425632  0.000684491  0.0799283  0.0290428  -0.0653084  
0.00188384  -0.00419965  0.000740802  0.0805045  0.0547362  -0.0904345  
0.00221657  -0.00388956  0.000760406  0.0885476  0.0342368  -0.0950258  
0.00193664  -0.00362701  0.001081  0.111533  0.0414128  -0.0998853  
-0.000113246  -0.00442498  0.000684491  0.0851241  0.0736329  -0.137116  
0.00183469  -0.00456608  0.000987313  0.0705691  -0.00936507  -0.0873449  
0.000313608  -0.00537746  0.00101924  0.0568518  0.0503858  -0.112535  
0.00124785  -0.00472345  0.00149814  0.0893048  0.0249651  -0.0906595  
0.00115443  -0.0052729  0.00143907  0.072409  0.0347677  -0.0912576  
0.00101589  -0.00521286  0.000684491  0.0703709  0.0546887  -0.0769297  
0.00107482  -0.00539698  0.00118881  0.0734009  0.0494897  -0.0852366  
0.0015991  -0.0049331  0.00101352  0.0712047  0.0470612  -0.077878  
0.000881337  -0.00532449  0.00111727  0.0823442  0.0572091  -0.0723265  
0.00219305  -0.00493527  0.000943873  0.0903567  0.0143004  -0.0359942  
0.00128359  -0.00528314  0.0015287  0.0901713  0.029461  -0.0675556  
0.00198304  -0.00449696  0.00120838  0.111005  0.0143523  -0.0674714  
0.00153343  -0.00492996  0.00125403  0.099304  0.0242448  -0.0527176  
0.00208059  -0.00451628  0.00100303  0.101988  0.0204617  -0.065247  
0.000906656  -0.00472946  0.00122844  0.105539  0.0362128  -0.0774537  
0.00152245  -0.00401651  0.00128578  0.110327  0.0285956  -0.0719159  
-0.000117106  -0.00477547  0.00131687  0.102918  0.0569862  -0.0781514  
0.00209274  -0.00453636  0.00124465  0.0874551  0.00947014  -0.0714142  
0.00143999  -0.00385629  0.00113736  0.102525  0.0297656  -0.0847342  
0.00101126  -0.00431079  0.00113237  0.103149  0.0486835  -0.10149  
0.00134891  -0.00430768  0.00134951  0.0927051  0.0300133  -0.164507  
0.00232331  -0.00451255  0.000937921  0.0779968  0.00118893  -0.0730118  
0.000635857  -0.00485714  0.00128976  0.0760882  0.0423529  -0.0835926  
0.00233585  -0.00460778  0.000864222  0.07746  -0.020876  -0.0230308  
0.000261976  -0.00495995  0.00116477  0.068066  0.0236887  0.0203187  
0.00128718  -0.00487951  0.000998093  0.0634389  -0.0220019  0.0166109  
-0.000220403  -0.00503441  0.00106648  0.062816  0.00971859  0.0190254  
0.00125167  -0.00480676  0.000900144  0.0568872  -0.0211935  0.0392226  
-0.000188154  -0.00491428  0.000427683  0.0683154  0.0512042  0.0371146  
0.0010882  -0.00487945  0.00102929  0.0731167  -0.0174546  0.0444039  
0.000814171  -0.00486523  0.000786216  0.0760454  0.0198945  0.0391591  
0.000172585  -0.00466689  0.000684491  0.0993139  0.051474  0.0712827  
-0.00115894  -0.00504025  0.00110384  0.0850681  -0.0434646  0.00976218  
-0.000147411  -0.00499877  0.00109868  0.0573816  -0.0419823  0.0207028  
0.00287567  -0.00332128  0.000365212  0.0735064  -0.0123908  -0.179195  
0.000170481  -0.00412684  0.000423563  0.0837074  0.051896  -0.0764023  
0.0026421  -0.00448795  3.2388e-06  0.0492589  -0.014996  -0.0118408  
0.00212643  -0.00466923  0.000241077  0.0521711  0.00242634  -0.0189557  
0.00242918  -0.00430677  -0.000296392  0.0653085  -0.00998333  -0.0188591  
0.00208437  -0.00442265  -0.000297126  0.0644425  -0.00630777  -0.0189235  
0.00147568  -0.00497265  -0.000374784  0.0368158  0.00490544  -0.0267297  
0.00223882  -0.00445738  -0.000745118  0.0296439  -0.00302364  -0.0119032  
0.00104114  -0.00519204  -0.000862598  0.0234798  0.0318162  -0.0211143  
0.00153347  -0.00500957  -0.000687207  0.0174218  -0.0119114  -0.0200799  
0.00200906  -0.00476136  -0.000754248  0.0183872  -0.00660804  -0.0347275  
0.000405724  -0.00541697  -0.000356669  0.0128574  0.0584914  -0.0444674  
0.00257937  -0.00462103  -0.000790017  0.00245892  0.00858296  -0.0456474  
0.00249425  -0.00436177  -0.000883218  0.0135817  -0.00467941  -0.0367366  
0.00192912  -0.00466047  -0.00112052  0.017238  -0.000223077  -0.0368279  
0.000726906  -0.00509958  -0.0010876  0.0153774  0.0217066  -0.0289192  
0.0021483  -0.00472394  -0.00113774  0.00255244  -0.00881718  -0.0275152  
0.0011835  -0.00476487  -0.000988141  0.0194487  0.0347469  -0.0256864  
0.0024777  -0.00474388  -0.000895683  0.0115801  -0.0210234  0.00519049  
0.00228003  -0.00441276  -0.00121378  0.0171663  0.00306845  -0.0121332  
0.000291696  -0.00482599  -0.00067457  0.0164339  0.058036  -0.0140062  
0.00206436  -0.00476942  -0.00113894  0.00576911  -0.0118071  -0.0335288  
0.000583355  -0.00475258  -0.000660227  0.00928111  0.0553963  -0.0252004  
0.00150848  -0.00474115  -0.00059303  0.00881661  -0.024814  -0.0459946  
0.0031977  -0.00375394  -0.000548615  0.00103044  -0.00411007  -0.121467  
0.00260609  -0.00367845  -0.000287894  0.0068627  0.0203195  -0.0950719  
0.00296245  -0.00401456  -0.000256502  -0.0057846  -0.0144875  -0.0559448  
0.00180126  -0.00378732  -0.000739179  0.00014559  0.011224  -0.0576818  
0.00234163  -0.00421675  -0.000725902  -0.0187043  -0.00468986  -0.0446959  
0.00199271  -0.00394046  -0.000825355  -0.0054364  0.0213041  -0.0249097  
0.00227794  -0.00407602  -0.000873995  -0.0280552  -0.00960639  -0.0123619  
0.00249796  -0.00344942  -0.000904057  -0.0054696  -0.00482399  -0.0180865  
0.000668603  -0.00422713  -0.0013558  -0.0102079  0.0230076  -0.00540304  
0.00203886  -0.00385606  -0.00123855  -0.0277792  -0.0262358  -0.0427469  
0.00147136  -0.00387031  -0.00150754  -0.0369309  0.00899831  -0.0381965  
0.00213605  -0.00389305  -0.00153976  -0.0428441  -0.0255605  -0.00793341  
0.00170298  -0.00368276  -0.00182072  -0.0550258  0.000836375  -0.0191499  
0.00127536  -0.00400844  -0.00193185  -0.0379344  0.019969  -0.00203018  
0.00238821  -0.00354534  -0.00186904  -0.0510046  -0.0231975  0.00540535  
0.0012156  -0.00406644  -0.00203528  -0.0472423  0.000934252  -0.00343  
0.00174622  -0.0037579  -0.00183981  -0.0405174  -0.0244912  -0.0055933  
0.00156681  -0.00341162  -0.00180226  -0.032572  -0.00548593  0.0104797  
0.00148109  -0.00354183  -0.00188785  -0.014743  0.0032303  0.00841207  
0.000804948  -0.00366486  -0.0020208  0.00588952  0.015959  0.0238036  
0.00188779  -0.00345961  -0.00177345  -0.00681536  -0.0277101  0.0014364  
0.00127518  -0.00321626  -0.00202422  -0.00859487  0.00672654  0.0476527  
0.00117743  -0.00342996  -0.00175888  -0.00446564  -0.0133912  0.0313953  
0.00209881  -0.00294265  -0.00161456  -0.0112819  -0.0281454  0.0238372  
0.00114242  -0.00323265  -0.00183965  -0.00180936  -0.00390817  0.0536007  
0.0020646  -0.00271044  -0.00183011  -0.0107311  -0.0275502  0.0256982  
0.000558238  -0.00332121  -0.00199319  -0.0110721  0.0184882  -0.0106113  
0.0011497  -0.00351797  -0.00195771  -0.0143734  -0.0066452  -0.0163591  
0.00126421  -0.00298747  -0.00195853  -0.00947008  0.0105604  0.0101934  
0.00066821  -0.00296869  -0.00206556  -0.0176063  0.00638174  0.0288132  
0.00191313  -0.00268807  -0.00130318  -0.0421713  0.00995458  -0.0766762  
0.00171282  -0.00252794  -0.00129744  -0.0447475  -0.0410775  -0.0908538  
0.0011324  -0.000543627  -0.0018264  -0.0659503  -0.0176741  -0.152485  
0.00274181  -6.81243e-05  -0.00057681  -0.0829728  -0.0255889  -0.166861  
0.00224745  -0.0021361  -0.00179722  -0.0350182  0.0409741  -0.0847972  
0.00283818  -0.001828  -0.00147697  -0.0377637  0.00512346  -0.024866  
0.00171504  -0.00193996  -0.00179403  -0.0263945  0.0169257  -0.0397989  
0.00285186  -0.00185614  -0.00182243  -0.0401541  -0.0210975  -0.00414044  
0.00224035  -0.00173647  -0.00189988  -0.0293708  0.0107238  -0.00202644  
0.00257638  8.17423e-05  -0.00166115  -0.0673908  0.0017534  -0.00425047  
0.00292139  0.00102708  -0.00173379  -0.0764485  -0.017956  0.00947874  
0.00260082  -0.000148214  -0.00183063  -0.0799919  -0.0084221  -0.00193848  
0.00299689  0.000356068  -0.000936197  -0.0958965  -0.0275494  0.0156033  
0.00292252  0.000436918  -0.000951932  -0.0972493  -0.0206039  0.00338534  
0.00228231  -8.01097e-05  -0.00111046  -0.10357  0.018637  0.0203546  
0.00270286  0.000477301  -0.00127243  -0.103033  -0.0266842  0.0266801  
0.00180493  0.000403949  -0.00117548  -0.10054  0.02446  0.038655  
0.00239001  -7.2162e-05  -0.00108528  -0.111546  -0.0123205  0.0336568  
-0.000178903  -0.000240653  -0.00172433  -0.115156  0.0159981  -0.074251  
0.00233976  -0.000730376  -0.000919431  -0.116201  -0.00343159  -0.00510944  
0.00229257  0.000157857  -0.000985114  -0.11416  -0.00208131  0.0321939  
0.00201101  -0.000350462  -0.00122608  -0.108465  0.0187868  0.0217622  
0.00254684  0.000206201  -0.00101267  -0.106553  -0.0266082  0.0414548  
0.00240508  -0.000252489  -0.00101148  -0.109842  0.00502125  0.00164063  
0.00287854  -0.000217385  -0.00104372  -0.111392  -0.0363738  0.0227827  
0.00259353  0.000183322  -0.000909933  -0.115275  -0.0153912  0.0460858  
0.00281281  -0.000158228  -0.00108178  -0.112606  -0.0260856  0.0414411  
0.00277286  0.000552028  -0.00114907  -0.113703  -0.0260656  0.0361136  
0.00230906  -3.99808e-05  -0.00124187  -0.107363  -0.00171931  0.0433045  
0.00282875  0.00059873  -0.00126863  -0.103315  -0.0252323  0.033407  
0.00176298  -0.00131935  -0.00218076  -0.0417063  0.00996256  0.0471973  
0.00310083  0.000596892  -0.00160726  -0.0877239  -0.0248781  0.0380277  
0.00221938  0.000116176  -0.00203428  -0.074588  0.0102483  0.0373019  
0.00287516  0.000571243  -0.00149861  -0.093202  -0.0348838  0.0455121  
0.00185248  0.000575907  -0.00206471  -0.0821664  -0.000135249  0.0481854  
0.00294587  0.000538472  -0.00159134  -0.0970728  -0.0325616  0.0579062  
0.00228289  0.000465642  -0.00109061  -0.109336  -0.00476598  0.0626135  
0.00294045  0.000116176  -0.00152182  -0.119343  -0.0324432  0.0610644  
0.00234355  0.00028393  -0.00118055  -0.109689  0.00841634  0.0360332  
0.0028979  0.000546377  -0.00180199  -0.0856439  -0.0234555  0.0605449  
0.00246839  0.000781915  -0.00140918  -0.112207  -0.010462  0.0546355  
0.00291502  0.000386155  -0.00194227  -0.109714  -0.0112008  0.0482796  
0.00268517  4.5401e-05  -0.00106627  -0.13437  -0.00178373  0.035215  
0.00295791  0.000116176  -0.00120753  -0.125452  -0.0198642  0.0428011  
0.000479058  0.000116176  -0.00214024  -0.097767  0.00662876  0.0716318  
0.00289011  0.000490571  -0.00195557  -0.0981914  -0.0239704  0.0631936  
0.00253118  0.000418934  -0.00132665  -0.11282  0.000297885  0.0474457  
0.00263968  0.000116176  -0.00179785  -0.107219  -0.021155  0.0666724  
0.00270973  0.000914312  -0.00192558  -0.105103  -0.00469257  0.0333479  
0.0022801  0.000246521  -0.00196338  -0.099427  0.0180364  0.055916  
0.00287926  0.000708831  -0.00181427  -0.109029  -0.00868768  0.0326126  
0.00227344  0.000809933  -0.00184492  -0.0924927  0.0158411  0.032099  
0.00246856  0.000567696  -0.00115241  -0.0870736  0.00288088  0.0149174  
0.00210583  0.000631647  -0.00101691  -0.0931224  0.0164272  0.0201767  
0.00254201  0.000788972  -0.000987446  -0.0960319  -0.0060902  0.0109232  
0.00200767  0.0011392  -0.0017067  -0.0608945  0.034173  0.000903728  
0.00234624  0.00121687  -0.00115522  -0.0848329  0.0112666  -0.0100411  
0.0018492  0.00132797  -0.00190365  -0.0609083  0.0473283  0.02052  
0.00133833  0.00182792  -0.0018265  -0.0684864  0.0196997  0.0284957  
-0.000412812  0.000499489  -0.00197539  -0.0609715  0.0463737  0.0790594  
0.000229121  -2.47294e-05  -0.00249062  -0.0675376  -0.00579747  0.088786  
0.000304925  0.000601109  -0.00213598  -0.0768907  0.00787329  0.0748986  
-0.000267029  0.000488151  -0.00237336  -0.0778948  0.000961311  0.0939928  
-2.40922e-05  0.000178878  -0.00236041  -0.0762052  -0.00902451  0.0997397  
-8.06655e-05  0.000827865  -0.00216046  -0.0798409  0.0102812  0.0830481  
0.000258293  0.000116176  -0.00115772  -0.110714  0.026796  0.0967766  
0.000243116  0.000438923  -0.00240431  -0.0808928  -0.0167774  0.106636  
-0.000662842  0.000309847  -0.00232577  -0.0709044  0.00894621  0.10913  
0.000101512  0.00194622  -0.00218561  -0.0823771  -0.005143  0.076388  
-0.00172703  0.00146502  -0.00204522  -0.0704045  0.0145137  0.0525619  
0.00017626  0.00025127  -0.00258803  -0.0732882  -0.0216052  0.102414  
0.000176136  0.000699886  -0.0024056  -0.0693665  -0.00259366  0.0888707  
-0.000688003  0.000204245  -0.00228003  -0.0419438  0.0158383  0.132557  
0.00105563  0.00126266  -0.00143844  -0.0231219  -0.0718509  0.238758  
0.00101687  0.00284809  0.000201921  -0.00264001  -0.113842  0.0863888  
0.0012815  0.00289113  0.000113743  -0.00650407  -0.108057  0.0855105  
0.00216488  0.00308732  0.000119517  -0.00902857  -0.0932528  0.140552  
0.00207737  0.00285843  0.000340651  -0.00554178  -0.0562944  0.150547  
0.00238339  0.0029712  -0.000542477  -0.00986696  -0.0666296  0.185414  
0.00163411  0.00274676  -0.000712262  -0.000281801  -0.0728173  0.202569  
0.00176161  0.00292498  -0.00082083  0.0110464  -0.0910638  0.222128  
0.000709096  0.00252918  -0.000613844  0.00623253  -0.0816468  0.207848  
0.00216557  0.00343347  -0.000873284  0.00578174  -0.0897658  0.184622  
0.000792641  0.00273646  -0.000780205  0.0288591  -0.0756488  0.200209  
0.00191512  0.00340443  -0.000887101  0.0109235  -0.0877389  0.17809  
0.000796781  0.00248336  -0.000845457  0.00330143  -0.0685347  0.183356  
0.00162775  0.00268075  -0.000958879  0.00182252  -0.105099  0.206102  
0.000856471  0.0025157  -0.00128017  0.0162394  -0.0621201  0.200188  
0.00116024  0.00257499  -0.000567097  0.0196259  -0.0860104  0.182064  
0.000647258  0.00429847  -0.000572204  0.0428792  0.00474028  0.0119731  
0.001851  0.00418112  -0.000636109  0.0122779  -0.0261683  0.023813  
0.00219743  0.00404333  -0.000737943  -0.00165179  -0.0168282  0.0746651  
0.00127156  0.00360284  -0.000794175  -0.00923442  -0.00613474  0.10606  
0.00213346  0.00364642  -0.000761239  -0.0120936  -0.0520685  0.119897  
0.00201336  0.00373132  -0.000954401  -0.00965286  -0.0399101  0.120571  
0.00259886  0.00427655  -0.000571654  -0.00382444  -0.0295829  -0.049365  
0.000354999  0.00484777  -0.000795998  0.0278124  0.0343597  -0.0267217  
0.00135362  0.00413423  -0.000396183  0.0318681  -0.0101872  0.0774608  
0.0020887  0.00432065  -0.000302587  0.0121563  -0.0513698  0.0728933  
-0.000995117  0.0043329  -0.000252998  0.0155937  -0.045184  0.0751763  
0.0012189  0.00368187  -0.000368084  0.0146042  -0.0716936  0.0689374  
0.00100663  0.00455633  -0.000686469  -0.000221513  -0.0396355  0.0487369  
-0.000330378  0.00429615  -0.00098411  -2.36053e-05  -0.0277803  0.0617265  
0.00138447  0.00428639  -0.000389978  -0.0195702  -0.0289908  0.0545291  
0.00109646  0.00372133  -0.000722641  -0.0371143  -0.0136783  0.0950552  
0.00161652  0.00380842  -0.000672587  -0.0449004  -0.053874  0.090217  
0.00173212  0.0039389  -0.000918546  -0.0533488  -0.0110571  0.0274367  
0.00238892  0.0033569  -0.000442809  -0.0435019  -0.0405419  0.0438846  
0.00224986  0.00369785  -0.000281609  -0.0378234  -0.046787  0.0733896  
0.00125914  0.00414793  -0.00112199  -0.0518747  -0.0230857  0.0329813  
0.00167804  0.00370893  -0.000824576  -0.0534429  -0.0307216  0.0362058  
0.00146719  0.00425963  -0.00066458  -0.0491481  -0.0271312  0.0320382  
0.000979882  0.00403697  -0.000883946  -0.0265949  -0.0178485  0.079496  
0.00186356  0.00386967  -0.000893291  -0.0482978  -0.0561132  0.0610081  
0.000381518  0.00381801  -0.000666743  -0.0354103  -0.0581239  0.0818084  
0.00161546  0.00338257  -0.000554324  -0.0453321  -0.0707427  0.0997722  
0.00175865  0.00355526  -0.000601376  -0.03853  -0.0538503  0.112509  
0.00173814  0.00349949  -0.000607633  -0.027291  -0.071971  0.119935  
0.0021256  0.00384785  -0.000686703  -0.00860297  -0.0670415  0.11503  
0.00117641  0.00406392  -0.00114095  -0.029779  -0.0448765  0.0861139  
0.000613729  0.00361537  -0.000522659  -0.0414157  -0.0731254  0.0981967  
0.00147921  0.00389509  -0.000837781  -0.0323289  -0.0741469  0.109136  
0.000965406  0.00277393  -0.000760471  -0.0481749  -0.0794506  0.14629  
0.00173755  0.00370163  -0.00102753  -0.0338746  -0.0636156  0.121758  
0.000881446  0.00382301  -0.000394583  -0.0246273  -0.0725134  0.108104  
0.00116159  0.00401189  -0.000748611  -0.023873  -0.0410896  0.0783006  
0.00200628  0.0036014  -0.000475841  -0.016322  -0.0439127  0.110189  
0.00127265  0.00375903  -0.000646908  -0.0181142  -0.0390122  0.119174  
0.00158712  0.00361213  -0.000708909  -0.0211809  -0.0626622  0.117792  
0.000991333  0.00409298  -0.00112133  -0.0189529  -0.0451528  0.0906914  
0.00157323  0.00361718  -0.000902342  -0.0280989  -0.0357158  0.0961276  
0.00108828  0.00419658  -0.0010654  -0.0248339  -0.0264585  0.0942858  
0.000999193  0.00405784  -0.00100344  -0.00953288  -0.029627  0.0829412  
0.00133296  0.00431255  -0.00117492  -0.0221119  -0.0320926  0.0673721  
0.000777408  0.00409886  -0.000962141  -0.004581  -0.00442328  0.058985  
0.00120418  0.00434902  -0.00115878  -0.011957  -0.00386091  0.0495641  
0.000912773  0.00396913  -0.000644182  -0.00524315  -0.012031  0.0810869  
0.00155225  0.00434765  -0.00062617  -0.00377586  -0.0412224  0.0813467  
0.00100606  0.00418009  -0.000817866  -0.00166494  -0.0125541  0.0617881  
0.00112653  0.00458342  -0.00125396  -0.0113268  0.0058908  0.0247357  
8.38383e-05  0.0044191  -0.000586777  -0.00416784  0.0479173  0.0547493  
0.00139782  0.00422653  -0.00105501  -0.0183093  -0.0288681  0.0793555  
3.01173e-05  0.00438441  -0.000635448  -0.01239  0.0434263  0.0370767  
0.00192927  0.00375289  -0.000886536  -0.00161493  -0.0210874  0.103614  
0.0010424  0.00441005  -0.00128923  -0.0133101  0.00994933  0.0196663  
0.00122163  0.00431129  -0.00134801  -0.0204091  0.0151136  0.0329439  
0.00022554  0.00420833  -0.00114539  -0.0344537  0.0115078  0.0482806  
0.00170496  0.00400342  -0.000777906  -0.014949  -0.0441334  0.0872877  
0.000607213  0.00441524  -0.000636787  -0.0116223  -0.0380261  0.0763758  
0.00114095  0.00450917  -0.000876734  -0.0140903  -0.0561922  0.0882817  
0.000237305  0.0044645  -0.000340899  -0.00892979  0.0323178  0.0613416  
0.000748231  0.00491101  -0.00130901  -0.017733  -0.00727718  0.0101426  
-0.000793494  0.00481612  -0.000943639  -0.00242086  0.0203209  0.0273884  
0.00101564  0.00484437  -0.0012348  -0.00302484  -0.00205395  0.0395155  
0.000821189  0.00471667  -0.00105261  0.0120145  0.0217073  0.0521878  
9.03487e-05  0.00523355  -0.00102942  0.0258804  -0.000524528  0.0246157  
0.000933917  0.00482484  -0.00124757  -0.0382559  -0.0197326  0.082103  
7.02979e-05  0.00437647  -0.00158294  -0.0787999  0.0036024  0.0596767  
0.00140304  0.00459899  -0.00169039  -0.0581719  -0.0154305  0.0681785  
0.000940793  0.00454449  -0.00128357  -0.0407305  -0.0181345  0.0756279  
0.00182355  0.00467678  -0.00135056  -0.0333655  -0.0400607  0.0986347  
0.0010734  0.00490479  -0.00143633  -0.0281427  -0.00780067  0.0738047  
0.00122862  0.00480564  -0.00136779  -0.0386441  -0.0512319  0.0867477  
-0.000242916  0.00496809  -0.00123633  -0.0250904  -0.0311257  0.0756235  
0.00107262  0.00484501  -0.00147022  -0.0150538  -0.0487724  0.0894358  
-3.72627e-05  0.00493833  -0.00134642  -0.00425475  -0.00706367  0.0718209  
0.00126676  0.00500023  -0.0011903  -0.0126507  -0.0375081  0.0840586  
0.000593635  0.00542178  -0.00174021  -0.0309626  0.00243094  0.01976  
-0.000213147  0.00511875  -0.000892718  -0.0249052  0.0385175  0.0546402  
0.00126031  0.00502517  -0.00170295  -0.032173  -0.0264306  0.0855938  
-6.47815e-05  0.00507723  -0.00139817  -0.0248029  -0.00289838  0.0856376  
0.00124318  0.00484667  -0.00179178  -0.0297663  -0.0357231  0.0961157  
-4.93965e-05  0.00500047  -0.0014238  -0.0286837  -0.0103917  0.0821679  
0.00103058  0.00508619  -0.00175293  -0.0319984  -0.0307385  0.0698584  
0.000130458  0.00496133  -0.00148895  -0.0284509  -0.0261474  0.0675464  
5.34236e-05  0.00506345  -0.00156566  -0.0412316  -0.0151913  0.0611481  
0.00099072  0.00455773  -0.0020233  -0.0746052  -0.0408519  0.099965  
-0.000470291  0.00471884  -0.00143267  -0.0524426  -0.022709  0.0677071  
0.00083411  0.00487541  -0.00164158  -0.0336784  -0.0487493  0.0939663  
0.00101379  0.00516043  -0.0017991  -0.0313943  -0.0438748  0.090045  
-0.000908666  0.00511908  -0.0014186  -0.0237583  -0.0393321  0.106143  
-0.000486514  0.00498774  -0.00145211  -0.0199038  -0.066337  0.128226  
-0.000266087  0.00515277  -0.00163802  -0.0149316  -0.0750728  0.143153  
-0.000470225  0.00501045  -0.00156997  -0.00966908  -0.066936  0.155539  
-0.00232263  0.00479808  -0.000852972  -0.0314767  -0.0172297  0.115032  
-0.00123565  0.00490762  -0.00165212  -0.0425225  -0.0685837  0.119933  
-0.00238267  0.00468599  -0.000888382  -0.0435416  -0.0229941  0.101147  
-0.00123212  0.00484713  -0.00148099  -0.0510159  -0.0510611  0.12203  
-0.00192147  0.00490937  -0.0015734  -0.0621161  -0.037343  0.0859372  
-0.00212315  0.00485995  -0.0011278  -0.0598183  -0.0155502  0.0910979  
-0.00109394  0.00479592  -0.00168295  -0.0541638  -0.0466379  0.118022  
-0.0025059  0.00479413  -0.000802162  -0.0426227  -0.0090741  0.0933998  
-0.00139218  0.00532631  -0.00157734  -0.0310276  -0.062427  0.115367  
-0.00236906  0.00468084  -0.000508875  -0.0190071  -0.0669275  0.131608  
-0.000111845  0.00564236  -0.000599322  -0.0165874  -0.0923972  0.031014  
-0.00116748  0.00610726  -0.00116383  -0.0162164  -0.0487989  0.010418  
-0.00188564  0.00582725  -2.51138e-05  -0.00643782  -0.0355721  0.0702071  
-0.00189202  0.00606374  -0.000489003  0.00857544  -0.0404963  0.0546449  
-0.00310972  0.00598554  -0.000126452  0.00590825  -0.00192685  0.062912  
-0.00180602  0.00624813  0.000118294  0.00581735  -0.0632047  0.0149256  
-0.00310785  0.00634639  -0.000344957  0.000988724  -0.0272504  0.076564  
-0.0024653  0.00577714  -0.000520074  -0.00385152  -0.0626607  0.118255  
-0.00277793  0.00595976  -0.000723823  0.00153241  -0.0441936  0.110458  
-0.00338882  0.00563437  -0.000374037  0.0206761  -0.0382611  0.110033  
-0.00300937  0.00605258  -0.000678832  0.0302876  -0.0492193  0.0808961  
-0.00366548  0.00566055  -0.000390919  0.0273315  -0.0340738  0.101213  
-0.0027303  0.00595783  -0.000783576  0.0147724  -0.0627501  0.0973716  
-0.00373018  0.00553373  -9.77991e-05  0.0134404  -0.0250924  0.104962  
-0.00240228  0.00546711  -0.000618879  0.00293301  -0.0982726  0.148847  
-0.0034704  0.00553906  -0.000290296  0.00184947  -0.0603816  0.129394  
-0.00239736  0.00565067  -0.000983561  -0.0094444  -0.104549  0.144979  
-0.00358646  0.00567731  -0.000492159  0.00480987  -0.0605463  0.116241  
-0.0031203  0.00567169  -0.000851827  0.0117747  -0.0864819  0.140556  
-0.00330365  0.0059156  -0.000825909  0.00484043  -0.0578317  0.120094  
-0.00373389  0.00559585  -0.000823989  0.00142283  -0.0518687  0.0962215  
-0.00416221  0.00565749  -0.000633422  0.00298843  -0.0238244  0.059033  
-0.00400768  0.00538838  -0.000483803  0.0289756  -0.0210283  0.0747714  
-0.00472961  0.00559931  -0.000561571  -0.000914794  0.000723565  0.0365062  
-0.00451416  0.0053541  -0.000307958  0.0165264  0.000538131  0.0467389  
-0.00484725  0.00573462  -0.000659302  -0.00862027  0.0022217  0.0169232  
-0.00487474  0.00525914  -0.000396817  0.0111918  -0.0142213  0.0641407  
-0.00499551  0.00563441  -0.000708235  0.00288793  -0.00232323  0.0108383  
-0.00524618  0.00516037  -0.000299956  0.027358  -0.00828697  0.0613478  
-0.00434686  0.00581697  -0.000836168  0.0110862  -0.0145833  0.021233  
-0.00523549  0.00534223  -0.000230201  0.0278682  -0.00248511  0.0528476  
-0.00404023  0.00557343  -0.000774591  0.0252191  -0.0485162  0.087286  
-0.00489918  0.00560844  -0.000227201  0.0097228  -0.0321082  0.0927879  
-0.00389832  0.00557845  -0.000972949  0.00445199  -0.0733286  0.129867  
-0.00505792  0.00545518  -0.000324751  0.0115696  -0.03215  0.0973884  
-0.00436583  0.00576618  -0.000988427  -0.00163937  -0.0345188  0.061526  
-0.0046584  0.00547465  -0.000378508  0.014894  -0.0232915  0.0832573  
-0.0047379  0.00559747  -0.000972924  -0.00156343  -0.00210204  0.00729143  
-0.00496719  0.00528968  -0.00019226  0.013968  -0.0201409  0.0907446  
-0.00376409  0.00578939  -0.00135101  -0.017831  -0.0690356  0.114948  
-0.00478555  0.00527673  -0.000570848  0.00870946  -0.0240118  0.0729844  
-0.00450001  0.00579812  -0.00111637  -0.00227299  -0.0264462  0.0307383  
-0.00466448  0.00525601  -0.000274544  0.0147734  -0.0305376  0.0836534  
-0.00461308  0.00559482  -0.000596738  0.0272846  -0.0412178  0.0448063  
-0.00489291  0.00536418  -0.000489495  0.0375211  -0.0258405  0.0495332  
-0.00483807  0.00578001  -0.000948443  0.0101158  -0.0207278  -0.00136766  
-0.00517073  0.00549753  -0.000409196  0.0279056  -0.00591513  0.0478693  
-0.00479564  0.00585124  -0.000711178  0.0181496  -0.0148352  0.0124946  
-0.00533736  0.00576426  -0.000541852  0.0115782  -0.0115895  0.0240349  
-0.00506325  0.00553705  -0.000424812  0.0245787  -0.025887  0.0836097  
-0.00455818  0.00597949  -0.000760582  0.0259585  -0.0336846  0.0377834  
-0.00515082  0.00560716  -0.000263838  0.0472583  -0.0200084  0.082931  
-0.00462822  0.00594711  -0.000663044  0.0473859  -0.0294079  0.0309007  
-0.00547612  0.00556292  -9.3409e-05  0.0590059  -0.00978051  0.0349371  
-0.00489605  0.00570862  -0.000668857  0.0349675  -0.0147717  -0.0151226  
-0.00528523  0.00567305  -9.3409e-05  0.0513535  0.000321713  0.0290555  
-0.00486866  0.0058168  -0.000709051  0.0395732  -0.0439826  0.065491  
-0.00545427  0.00563661  -0.000154064  0.037129  -0.0217198  0.050858  
-0.00531288  0.00605421  -0.00061463  0.0303768  -0.0105601  -0.0124027  
-0.00515112  0.00571341  -0.000403898  0.034134  -0.0139852  0.0349639  
-0.00534907  0.00596272  -0.000756427  0.0144392  -0.00412226  -0.0185906  
-0.00538322  0.00585179  -0.000536442  0.0138348  7.55277e-05  0.00907489  
-0.00509555  0.00584933  -0.000815013  0.0111666  0.0028411  -0.0245135  
-0.00519014  0.00552864  -0.0010846  0.0156125  -0.0199784  0.0163504  
-0.00502469  0.00575777  -0.00130699  -0.0120021  -0.0232667  0.0313673  
-0.00572933  0.00556097  -0.000677608  0.00962076  -0.0170642  0.0639285  
-0.00487752  0.00573991  -0.00134784  -0.0028742  -0.0535763  0.043524  
-0.00566747  0.00562023  -0.000888998  -0.0125131  -0.0147839  0.0322488  
-0.00527046  0.00540627  -0.00122299  -0.0105061  -0.0538077  0.0871753  
-0.00551137  0.00545886  -0.00096731  -0.0135156  -0.0267609  0.0752529  
-0.00519839  0.00567589  -0.00125916  -0.0170422  -0.0511497  0.0640538  
-0.00554434  0.00604616  -0.00149544  -0.0288566  -0.0223875  -0.00166976  
-0.00596168  0.00568493  -0.000966911  0.00230814  -0.0186363  0.0466006  
-0.00529609  0.00593609  -0.00153817  -0.0164834  -0.0418664  0.0437529  
-0.00622204  0.00518071  -0.000803201  -0.0363246  -0.0216061  0.104236  
-0.00534553  0.00532406  -0.00175151  -0.0562244  -0.0326919  0.0495693  
-0.00569084  0.00566554  -0.00165115  -0.0540937  -0.0115737  -0.0091028  
-0.0057652  0.00562208  -0.00144852  -0.0518906  -0.0103216  0.0600585  
-0.00607175  0.00579613  -0.000967469  -0.0472782  -0.0413492  0.0402925  
-0.00532199  0.00555857  -0.000934538  -0.0510231  -0.0628587  0.0594046  
-0.00518712  0.00591969  -0.00163055  -0.0607495  -0.0375434  0.0402403  
-0.00576022  0.00540674  -0.00111763  -0.0187204  -0.0150327  0.0473974  
-0.00535025  0.00551349  -0.00141823  0.00927419  -0.0247199  0.0193406  
-0.00622992  0.00570692  -0.000560835  0.0357546  -0.00371647  0.0297967  
-0.00581334  0.00596586  -0.000642703  0.0719928  -0.0249779  0.0484976  
-0.0063097  0.00560425  -0.000448142  0.069821  -0.00625037  0.0681254  
-0.00549432  0.00592196  -0.000865804  0.0579563  -0.036777  0.0549643  
-0.00637639  0.00573466  -0.000448142  0.0518086  -0.00831639  0.0339638  
-0.00566613  0.0056817  -0.000629178  0.0704914  -0.0368578  0.0502065  
-0.00628693  0.0053428  -0.000131022  0.0777806  -0.00355643  0.0159158  
-0.00554243  0.0055393  -0.000484833  0.0820087  -0.0289771  0.0317936  
-0.00635777  0.00604257  -0.000538854  0.0642809  -0.00316126  0.0113909  
-0.00641422  0.00558172  -0.000224661  0.0687931  -0.00501191  0.0342881  
-0.00578168  0.0058023  -0.000710266  0.0485119  -0.0203588  0.0141788  
-0.00636623  0.00619145  -0.000710266  0.0306632  0.00986939  -0.012395  
-0.00637688  0.00587504  -0.000271862  0.0265742  0.0169619  0.0250882  
-0.00573087  0.00620337  -0.00057742  0.0202985  -0.0083371  -0.00567039  
-0.00591152  0.0061482  -0.000237383  0.0505044  0.0130906  0.0717154  
-0.00551586  0.00625088  -0.000281641  0.0396035  -0.0121569  0.0394859  
-0.00626695  0.00639602  -0.000134133  0.0431718  0.00476457  0.0303148  
-0.00608879  0.00612113  -0.000134133  0.0450082  -0.0207057  0.0777488  
-0.00646383  0.00633001  -0.000355205  0.0365797  -0.0173061  0.0646688  
-0.00714192  0.00624559  -0.000334442  0.0576327  0.00532825  0.0220047  
-0.00752093  0.00651189  -0.000134133  0.088695  0.0124893  0.0155296  
-0.00703828  0.00643593  -0.000401176  0.111429  -0.0226049  0.0827478  
-0.00754653  0.00652219  -0.000342616  0.071166  -0.00419908  0.083857  
-0.00674722  0.00684895  -0.00106377  0.0289351  -0.00741206  0.0218546  
-0.00595892  0.00698351  -0.00118582  0.00603077  0.0147417  -0.0125516  
-0.00722545  0.00689294  -0.000999519  0.0166347  0.000371623  -0.0110976  
-0.00761983  0.00658141  -0.000881007  0.0341391  0.00212707  0.0230219  
-0.00764021  0.00685597  -0.00104985  0.0218276  -0.00869612  -0.000223438  
-0.00826226  0.00656601  -0.000818626  0.0313229  0.00654298  0.0493261  
-0.00796824  0.00674565  -0.00100774  0.0106458  -0.0134839  0.00475741  
-0.00858399  0.00674686  -0.000696218  0.0293515  0.0248388  0.000593166  
-0.00829595  0.00702936  -0.0008452  0.0115478  -0.0010255  -0.00750121  
-0.00881322  0.00691282  -0.000828957  0.00379136  0.017918  0.0267862  
-0.00834733  0.00680981  -0.0012548  -0.0197938  0.00104963  0.0217226  
-0.00843428  0.00714311  -0.00086593  0.00500949  0.0111793  -0.0204088  
-0.00816223  0.00697787  -0.00124525  -0.0173237  0.0255686  0.011455  
-0.00841449  0.00685897  -0.00127798  -0.0197432  -0.00654992  -0.00233258  
-0.00863109  0.00686605  -0.00107089  -0.0278276  0.0286385  0.00717643  
-0.00923765  0.00638606  -0.00094224  -0.0378104  0.018464  -0.00927901  
-0.00824955  0.00716431  -0.000859441  -0.0309538  0.0159217  -0.0220886  
-0.00661659  0.00717001  -0.000701265  0.00842014  0.0281128  -0.143139  
-0.00688438  0.00753056  -0.000617486  0.0109209  0.00642465  -0.149364  
-0.00715871  0.00711606  -0.000900664  -0.00924812  0.0397172  -0.149793  
-0.00604056  0.00796905  -0.00100116  0.0233755  0.00926454  -0.230058  
-0.00710978  0.00776029  -0.0011529  -0.000429141  0.068888  -0.206848  
-0.00736558  0.00753119  -0.00161319  -0.0253291  0.0306413  -0.118884  
-0.0082359  0.00681595  -0.00129875  -0.0365773  0.0694152  -0.0923819  
-0.00752906  0.00688016  -0.00158718  -0.0490634  0.032344  -0.103435  
-0.00716213  0.00676176  -0.00125908  -0.047194  0.0469649  -0.129021  
-0.00716481  0.00660596  -0.000909921  -0.0316949  0.0563717  -0.149153  
-0.00735579  0.0064702  -0.00120159  -0.050141  0.0430405  -0.187202  
-0.00726638  0.00719404  -0.00111176  -0.0401807  0.0426992  -0.153953  
-0.00655052  0.00715081  -0.00129221  -0.0161834  0.0484347  -0.169869  
-0.0046778  0.00741312  -0.000869086  0.0405146  0.0412987  -0.220804  
-0.00467567  0.00690264  -0.000702669  0.0322416  0.0498055  -0.237823  
-0.00552224  0.00698295  -0.000971928  0.0329501  0.0300456  -0.218846  
-0.00615521  0.00673211  -0.00117262  0.00120788  0.0822739  -0.230329  
-0.00569591  0.00661612  -0.00141225  -0.0144459  0.0429651  -0.223047  
-0.0057698  0.00659026  -0.00145604  -0.00894139  0.0638404  -0.198672  
-0.00617706  0.00662843  -0.00159162  -0.0228391  0.0507346  -0.221278  
-0.00523639  0.00678286  -0.00119569  0.00916604  0.0516604  -0.222101  
-0.00501474  0.00676873  -0.000928956  0.0417801  0.0416344  -0.230465  
-0.00523631  0.00714321  -0.00088672  0.0481984  0.048384  -0.225908  
-0.005744  0.00681449  -0.00132029  0.0329794  0.0615464  -0.21104  
-0.00547933  0.0066822  -0.00141415  0.012392  0.0299096  -0.24468  
-0.00611936  0.00697754  -0.00139806  0.00168203  0.0566226  -0.204812  
-0.00574103  0.00661873  -0.00147633  -0.00963736  0.0303562  -0.255584  
-0.00557096  0.00702311  -0.00147873  -0.0009054  0.0517955  -0.23137  
-0.00576044  0.00644378  -0.00145842  -0.0124487  0.050534  -0.241225  
-0.00515795  0.00685052  -0.00154774  -0.0229819  0.0380041  -0.220902  
-0.00600611  0.00647374  -0.0013948  -0.0163958  0.0699841  -0.201293  
-0.00551073  0.0062971  -0.00160156  -0.0417099  0.0281233  -0.23387  
-0.00540672  0.0069911  -0.00142271  -0.0313371  0.0378047  -0.208998  
-0.0049968  0.00675641  -0.0014946  -0.0101829  0.0338112  -0.21839  
-0.00480439  0.00629503  -0.000995918  0.0205159  0.040824  -0.257001  
-0.00476749  0.00576543  -0.00118998  0.00624146  0.0269498  -0.32353  
-0.00442412  0.0064245  -0.000858809  0.00326738  0.0283909  -0.280398  
-0.00497011  0.00609675  -0.00110822  -0.0132729  0.0548471  -0.255077  
-0.004588  0.00555198  -0.00135199  -0.0077254  0.038076  -0.318213  
-0.00421887  0.00626214  -0.000969758  0.00320313  0.0517015  -0.339615  
-0.0050576  0.00624533  -0.00127374  0.00812914  0.0667944  -0.263391  
-0.0046565  0.00597403  -0.000875193  -0.00721406  0.0618876  -0.324841  
-0.00476976  0.00598932  -0.000315172  0.0290152  0.0945917  -0.315202  
-0.0043198  0.00576867  -0.000414563  0.0387879  0.0797644  -0.332249  
-0.00466087  0.00585961  -0.000551673  0.0407011  0.0872602  -0.332386  
-0.00367816  0.00546922  -9.29404e-05  0.0879007  0.0687706  -0.35828  
-0.00343047  0.00579843  -0.000135116  0.108089  0.0841737  -0.38808  
-0.00370786  0.0064865  -0.000262573  0.12205  0.0601217  -0.345931  
-0.00340253  0.00641154  -0.000262315  0.120529  0.0866296  -0.348193  
-0.00419654  0.00543658  -0.000494686  0.109416  0.105156  -0.392886  
-0.00338323  0.00540493  -0.000494686  0.0920248  0.0732033  -0.359044  
-0.00423081  0.0055316  -0.000494686  0.0829348  0.0988845  -0.359262  
-0.00305211  0.0048014  -0.000856667  0.0585882  0.0536774  -0.429857  
-0.00449929  0.00612342  -0.000870093  0.091984  0.0899197  -0.362708  
-0.00361243  0.00561778  -0.000907246  0.061653  0.0695425  -0.384955  
-0.00444721  0.00604229  -0.00093182  0.061608  0.0845032  -0.349022  
-0.00394612  0.00597714  -0.00128695  0.045449  0.0527056  -0.359591  
-0.00458344  0.00607886  -0.00125508  0.0485955  0.0797718  -0.331731  
-0.004185  0.00599643  -0.00122549  0.0342803  0.0498054  -0.347621  
-0.0046228  0.00651254  -0.00133369  0.0274387  0.0506923  -0.27999  
-0.00505564  0.0064316  -0.00116996  0.0446236  0.0705577  -0.280429  
-0.00509535  0.00631255  -0.0012733  0.0397139  0.049711  -0.303674  
-0.00590681  0.00634352  -0.00107234  0.0444747  0.0801939  -0.274844  
-0.00546002  0.00632484  -0.00134647  0.0445793  0.0485326  -0.269463  
-0.00601353  0.00625365  -0.00107607  0.0501726  0.0652078  -0.254612  
-0.00633983  0.00656466  -0.00103757  0.0565776  0.0404076  -0.216187  
-0.00631682  0.0062947  -0.00127346  0.0552488  0.0492312  -0.232005  
-0.00677287  0.0063209  -0.00105848  0.0461145  0.0601466  -0.214837  
-0.00695101  0.00621258  -0.0010809  0.0334458  0.0568484  -0.212458  
-0.00667929  0.00613238  -0.00149521  0.0148859  0.050143  -0.198504  
-0.00707664  0.00604418  -0.00132671  0.00492167  0.0440713  -0.186408  
-0.0063113  0.00657909  -0.00127266  0.0219382  0.0510465  -0.218033  
-0.00598533  0.00578737  -0.000830637  0.0270917  0.0839853  -0.23966  
-0.00540488  0.00636969  -0.000751313  0.0699653  0.0553681  -0.294588  
-0.00552999  0.00622462  -0.00054068  0.0877762  0.0787941  -0.296357  
-0.00583424  0.00630645  -0.000621895  0.0878799  0.0676151  -0.303985  
-0.00624389  0.00639909  -0.000591151  0.0905043  0.0798606  -0.292395  
-0.00544715  0.00629149  -0.000471003  0.0742579  0.0976789  -0.296364  
-0.00556308  0.00596265  -0.00054068  0.0674707  0.0874078  -0.294568  
-0.00569359  0.00621781  -0.00054068  0.0692085  0.0768767  -0.300597  
-0.00523826  0.00613723  -0.00037156  0.0967081  0.0831793  -0.33272  
-0.00491505  0.00607463  -0.000281194  0.116897  0.0763982  -0.363167  
-0.0049254  0.00672761  -0.000203288  0.129043  0.0743772  -0.327326  
-0.00528423  0.0060825  -0.000663746  0.083352  0.121335  -0.368684  
-0.0049186  0.00596246  -0.000169616  0.119188  0.076272  -0.378257  
-0.00483776  0.00657667  -0.000221067  0.131483  0.0855538  -0.329321  
-0.00545735  0.00620087  -0.00053485  0.116302  0.0947219  -0.327653  
-0.00506347  0.0062778  -0.000326385  0.105443  0.0729114  -0.397072  
-0.00561353  0.00619032  -0.000302215  0.111656  0.102138  -0.343854  
-0.00378095  0.00575944  -0.000280059  0.110517  0.0831411  -0.45344  
-0.00539757  0.00636448  -0.000324131  0.130643  0.109858  -0.383239  
-0.00466626  0.00586442  -0.000596745  0.122169  0.0996415  -0.424295  
-0.00470663  0.00637456  -0.000545192  0.126705  0.10083  -0.38045  
-0.00429897  0.00582357  -0.000596744  0.123075  0.111337  -0.421417  
-0.00431636  0.00652486  -0.000335491  0.129322  0.0909656  -0.381496  
-0.00520373  0.00667323  -0.000179797  0.13574  0.115823  -0.370148  
-0.00485723  0.0060353  -0.000521918  0.128021  0.1003  -0.423068  
-0.0043454  0.00633528  -0.000365393  0.0975161  0.0960879  -0.403924  
-0.00461548  0.00650815  -0.000333444  0.124558  0.0942717  -0.364409  
-0.0052794  0.00632976  -0.000409711  0.126055  0.107436  -0.38971  
-0.0053134  0.00669333  -0.000569759  0.110626  0.0811714  -0.340497  
-0.00647565  0.00658749  -0.000579257  0.145144  0.0670871  -0.324275  
-0.00642206  0.00679824  -0.000383962  0.15699  0.0412298  -0.279199  
-0.00749555  0.00693647  -0.000383962  0.165219  0.0373791  -0.266136  
-0.00793977  0.0072167  -1.88373e-05  0.161063  0.0623994  -0.258561  
-0.00741402  0.00718656  -0.000383963  0.147911  0.0315134  -0.258575  
-0.00746783  0.00728295  -0.000133962  0.151486  0.0669041  -0.253103  
-0.00778072  0.00728247  -0.000251344  0.157553  0.0575253  -0.293814  
-0.0073992  0.0075542  1.74787e-05  0.143874  0.0555905  -0.271942  
-0.00774008  0.00765858  0.000181026  0.155487  0.0695958  -0.244483  
-0.00825638  0.00690121  9.06833e-05  0.167114  0.0810317  -0.287342  
-0.00796856  0.00722068  1.31903e-05  0.148401  0.05375  -0.279313  
-0.00841346  0.00722094  1.92432e-05  0.130752  0.0657507  -0.263102  
-0.0078376  0.00804549  -0.000383963  0.115197  0.0366422  -0.245688  
-0.00768971  0.0081219  -4.62925e-05  0.14058  0.050386  -0.2699  
-0.00798947  0.00819729  -7.05158e-05  0.155355  0.0653248  -0.282271  
-0.00822158  0.00811921  -0.000383963  0.148032  0.0751553  -0.272606  
-0.00727201  0.00799126  -0.000137009  0.144633  0.062271  -0.26058  
-0.00557902  0.00758645  6.11472e-05  0.167651  0.0747061  -0.316903  
-0.00569325  0.00660527  0.000133059  0.180885  0.076221  -0.403801  
-0.00731733  0.00762942  6.26653e-05  0.15921  0.0535182  -0.315617  
-0.00791077  0.00728959  -6.32876e-05  0.141965  0.0508905  -0.305111  
-0.00749817  0.00780971  -0.000113915  0.13884  0.0439463  -0.278467  
-0.00793584  0.00813369  -4.2873e-05  0.145717  0.0744561  -0.273185  
-0.00824742  0.00766274  -0.000170499  0.146713  0.0875127  -0.304212  
-0.00769255  0.00756926  -4.77473e-05  0.14797  0.0577506  -0.284304  
-0.00873713  0.00780513  -0.000130182  0.152314  0.0918651  -0.298955  
-0.00858102  0.00790615  -2.56508e-05  0.144711  0.0473385  -0.291863  
-0.00943934  0.00778803  -0.000265318  0.14362  0.0824596  -0.343146  
-0.0094411  0.00789407  -9.92287e-05  0.157266  0.0495383  -0.283842  
-0.0102235  0.00760787  -0.000170499  0.158926  0.0799187  -0.326597  
-0.0097722  0.00799254  -6.5479e-05  0.160486  0.0598925  -0.280156  
-0.0100742  0.00769729  -2.19852e-05  0.171477  0.0848287  -0.282962  
-0.0107822  0.00729214  -0.000150117  0.163354  0.0781929  -0.342437  
-0.00951514  0.00754635  0.000169955  0.173831  0.0711302  -0.270651  
-0.00888849  0.0072098  0.000172306  0.177687  0.0982612  -0.321321  
-0.00880058  0.00734959  0.000203389  0.182296  0.0814895  -0.303725  
-0.00925105  0.00715164  6.87808e-06  0.168338  0.0929246  -0.331937  
-0.00868886  0.00741139  9.79211e-05  0.137254  0.070462  -0.304549  
-0.00897796  0.00730317  3.10634e-05  0.153002  0.0869767  -0.280683  
-0.0093498  0.00718268  -1.81489e-06  0.140011  0.0701499  -0.318127  
-0.00978306  0.00729335  9.25626e-05  0.136987  0.0907466  -0.323625  
-0.00961224  0.00710217  0.000152274  0.155755  0.0694405  -0.318478  
-0.0095945  0.00745028  -0.000146716  0.142556  0.0872971  -0.321363  
-0.00904005  0.00750299  6.81661e-05  0.15931  0.0744935  -0.282847  
-0.00966367  0.00745781  4.9167e-05  0.1626  0.0921606  -0.310163  
-0.00934814  0.00726987  0.000398223  0.18031  0.0737543  -0.350723  
-0.00936571  0.00725763  0.000357009  0.168913  0.0782134  -0.37031  
-0.00873201  0.00761493  0.00021809  0.183943  0.0572998  -0.302787  
-0.00947238  0.00787802  0.000178657  0.182313  0.0797611  -0.301339  
-0.00956379  0.00767643  0.000182077  0.16228  0.0801471  -0.381255  
-0.00921336  0.00769842  0.000258076  0.152898  0.0613572  -0.317759  
-0.00929209  0.007967  0.000232908  0.180444  0.0698321  -0.292547  
-0.00915181  0.00763897  0.00011571  0.162521  0.0847896  -0.30368  
-0.0093541  0.00793867  0.000105554  0.142721  0.0765332  -0.458582  
-0.00772073  0.00834578  0.000914708  0.114376  0.0561687  -0.483319  
-0.00793205  0.00873716  0.000295736  0.125247  0.0629693  -0.372884  
-0.00713458  0.00796731  0.000328503  0.142981  0.0963506  -0.407478  
-0.00657902  0.00789325  0.000655527  0.140172  0.0557333  -0.468221  
-0.00626764  0.00899853  0.000715434  0.135587  0.0583888  -0.501244  
-0.00632177  0.00843706  0.000424735  0.143944  0.0922211  -0.450152  
-0.00643336  0.00864901  0.000508738  0.127616  0.047035  -0.446558  
-0.00725289  0.00922321  0.000174735  0.125326  0.0734037  -0.354333  
-0.00682213  0.00903933  0.000527532  0.120321  0.0717148  -0.366264  
-0.00715481  0.00936158  0.000405656  0.123001  0.0204182  -0.379013  
-0.00781383  0.00965717  0.000649765  0.143153  0.0465643  -0.39466  
-0.00908599  0.00944585  0.000797631  0.162515  0.0353415  -0.439406  
-0.00850616  0.00983286  0.000841326  0.143883  0.0223751  -0.368116  
-0.00781226  0.00965602  0.000959816  0.134439  0.0519674  -0.356644  
-0.00842774  0.00959087  0.000688194  0.150357  0.0442661  -0.39845  
-0.00786221  0.010691  0.000990571  0.142109  0.0335618  -0.541842  
-0.0085658  0.0108747  0.00100816  0.155392  0.0439165  -0.405943  
-0.00847559  0.0106865  0.000740657  0.154949  0.0602577  -0.405978  
-0.00874368  0.0108438  0.000688194  0.150646  0.026333  -0.385643  
-0.00923112  0.0107153  0.0008878  0.165257  0.0699438  -0.36467  
-0.00869285  0.0106105  0.000659956  0.153695  0.0265102  -0.36092  
-0.00890488  0.0107411  0.000760938  0.155116  0.0583034  -0.349886  
-0.00913913  0.0104152  0.000530407  0.156916  0.0297074  -0.386871  
-0.00960508  0.0105928  0.000641813  0.167896  0.0523622  -0.35567  
-0.00986477  0.0104651  0.000482049  0.168986  0.0361911  -0.358707  
-0.0102893  0.0103626  0.00068229  0.180637  0.0340049  -0.32641  
-0.0105712  0.0103196  0.000618688  0.19906  0.0261505  -0.390654  
-0.0099139  0.0105971  0.000715496  0.192121  0.0331065  -0.361174  
-0.00983412  0.0103857  0.000491836  0.201702  0.0717491  -0.411486  
-0.00886632  0.0110494  0.000661953  0.19223  0.0444171  -0.559254  
-0.0101473  0.011381  0.000979406  0.207703  0.0545555  -0.377042  
-0.00965044  0.0110811  0.000977298  0.201236  0.063067  -0.340654  
-0.00963804  0.0108558  0.000491835  0.184139  0.0462329  -0.372802  
-0.0099537  0.0111181  0.000739768  0.183582  0.0357288  -0.350765  
-0.0107527  0.0111412  0.000381842  0.204357  0.0417937  -0.390728  
-0.0109923  0.010973  0.000504206  0.201327  0.0429909  -0.38257  
-0.0107781  0.0115782  -0.000148354  0.189287  0.0138854  -0.366447  
-0.011964  0.0112921  3.76137e-05  0.19173  0.0307167  -0.341795  
-0.011163  0.0115684  3.76137e-05  0.183719  0.0132377  -0.340248  
-0.0120301  0.01122  0.000353084  0.204912  0.043671  -0.307307  
-0.0120048  0.0118674  0.000393846  0.202739  0.0334037  -0.366574  
-0.0124576  0.0114299  0.000401421  0.207141  0.059733  -0.345718  
-0.0117809  0.0116484  0.00044528  0.200015  0.045886  -0.330797  
-0.0117101  0.0111082  0.000813767  0.201417  0.06098  -0.367106  
-0.0118606  0.0120261  0.000967884  0.213368  0.0390911  -0.361617  
-0.0119157  0.0117288  0.000952656  0.220559  0.0524523  -0.349316  
-0.0126207  0.0112884  0.00101419  0.214637  0.0377656  -0.357896  
-0.0116884  0.0113061  0.00114218  0.218442  0.0662234  -0.378135  
-0.0115852  0.011204  0.00130635  0.217599  0.0617669  -0.409198  
-0.0114565  0.0117276  0.00124684  0.217673  0.0729555  -0.380367  
-0.012843  0.0122479  0.00137256  0.21636  0.0617932  -0.491574  
-0.0140068  0.0132645  0.00143367  0.232577  0.0513408  -0.466547  
-0.0147607  0.0124994  0.00138587  0.259738  0.0514648  -0.420353  
-0.0151998  0.0125176  0.00183767  0.279115  0.0392434  -0.402701  
-0.0152518  0.0120539  0.00156863  0.26243  0.0206726  -0.405255  
-0.015895  0.0121307  0.0011876  0.246935  0.0427374  -0.397103  
-0.0157943  0.0114022  0.00126748  0.263065  0.0329159  -0.373047  
-0.0161532  0.0122748  0.00125077  0.272011  0.0356084  -0.353071  
-0.0164446  0.0110813  0.00148804  0.292109  0.0576396  -0.33148  
-0.0156701  0.0116976  0.00169459  0.293397  0.0333183  -0.353606  
-0.0150511  0.0122864  0.00177243  0.285713  0.0576122  -0.369508  
-0.0130136  0.0118903  0.00148639  0.255926  0.0455914  -0.414496  
-0.0143822  0.0120401  0.00200023  0.266805  0.0380258  -0.468562  
-0.0156116  0.0122347  0.00170309  0.282082  0.00119279  -0.40657  
-0.0165678  0.0118497  0.00151357  0.299555  0.0357323  -0.361617  
-0.0156015  0.0126823  0.00173494  0.300646  0.00220497  -0.452834  
-0.0171937  0.0121103  0.00158433  0.296528  0.0231522  -0.360311  
-0.0168317  0.0120244  0.00163272  0.323157  -0.00909653  -0.354011  
-0.0172443  0.0115845  0.00203237  0.37887  -0.0194646  -0.344848  
-0.0168175  0.0116473  0.00169291  0.373329  -0.057257  -0.338426  
-0.0171918  0.0116224  0.00189149  0.366981  -0.0240624  -0.338351  
-0.0164062  0.0122136  0.00166856  0.335688  -0.0696038  -0.35001  
-0.0173365  0.0115992  0.00173851  0.348285  -0.0451131  -0.30714  
-0.0159473  0.0114456  0.00144604  0.35219  -0.086072  -0.326733  
-0.0169071  0.0111881  0.00181279  0.36553  -0.0668124  -0.313672  
-0.0155517  0.0115702  0.00144689  0.349351  -0.0954783  -0.30505  
-0.0169429  0.0116919  0.00171746  0.362245  -0.0790206  -0.288139  
-0.0170419  0.0118562  0.00208698  0.357091  -0.0802408  -0.31383  
-0.017154  0.0119531  0.0020917  0.356903  -0.0803451  -0.295049  
-0.016699  0.0120337  0.00169031  0.326217  -0.0791981  -0.295114  
-0.0170959  0.0118285  0.00189338  0.324592  -0.0794651  -0.276086  
-0.0169803  0.0124846  0.00165005  0.281028  -0.0693317  -0.29591  
-0.0162868  0.0122746  0.00153675  0.298854  -0.0853987  -0.330709  
-0.0165996  0.0139691  0.00169733  0.305703  -0.0482588  -0.434005  
-0.0178151  0.0124579  0.00167713  0.310358  -0.0432077  -0.300984  
-0.0170134  0.0139508  0.00201561  0.307309  -0.0638247  -0.396498  
-0.0165041  0.0135256  0.0019375  0.2987  -0.0213628  -0.380053  
-0.0167707  0.0141952  0.00184292  0.302572  -0.0378522  -0.395081  
-0.0148733  0.0132677  0.0021117  0.312312  0.00213484  -0.371189  
-0.0148809  0.0137347  0.00210278  0.324017  -0.0206154  -0.47887  
-0.015184  0.0131665  0.00224168  0.326731  -0.00189003  -0.440726  
-0.0150212  0.0141886  0.00230301  0.33071  -0.0104216  -0.483087  
-0.0143805  0.0133751  0.00252785  0.325215  0.0328849  -0.469839  
-0.0148404  0.014511  0.00239316  0.327858  -0.00322587  -0.465106  
-0.0143706  0.0147262  0.00261997  0.327845  0.0191299  -0.431035  
-0.0137107  0.0136753  0.00220462  0.335953  0.0244836  -0.545363  
-0.0136453  0.0142235  0.00236707  0.339525  0.0146492  -0.561297  
-0.0137128  0.0138327  0.00243176  0.357625  0.0158017  -0.620401  
-0.012619  0.0153584  0.00285951  0.344786  0.00628623  -0.621906  
-0.0130183  0.0144313  0.00271196  0.337807  0.0459837  -0.619583  
-0.0115259  0.014488  0.00236259  0.295284  0.0212894  -0.547025  
-0.0119246  0.0138432  0.00216285  0.289047  0.0806972  -0.638579  
-0.0107385  0.0141349  0.00235066  0.29569  0.0278425  -0.551183  
-0.0108202  0.014057  0.00230412  0.294924  0.0750063  -0.559825  
-0.0112658  0.0140399  0.00227515  0.296694  0.0760831  -0.63307  
-0.0107699  0.0143464  0.00247983  0.298606  0.0669985  -0.578469  
-0.0109235  0.0142025  0.00242058  0.283816  0.0749023  -0.608919  
-0.0105752  0.0141674  0.00219906  0.272999  0.0470749  -0.551818  
-0.0101902  0.0134057  0.00203844  0.291115  0.0690205  -0.557003  
-0.00973606  0.0139881  0.00237677  0.303193  0.0611305  -0.609271  
-0.00939842  0.0139379  0.00260508  0.307346  0.0595474  -0.575314  
-0.00891771  0.0141068  0.00244915  0.29244  0.0579352  -0.524067  
-0.00984672  0.0137591  0.00242185  0.278375  0.0772511  -0.566638  
-0.00952715  0.0139627  0.00258401  0.291931  0.0390116  -0.557506  
-0.00996516  0.0142231  0.00240607  0.265337  0.0860387  -0.544087  
-0.00987818  0.0140444  0.00225129  0.28387  0.0647263  -0.608959  
-0.00901797  0.0138958  0.00294268  0.279916  0.0744859  -0.550767  
-0.00914639  0.0146761  0.00280307  0.285097  0.0660092  -0.758934  
-0.00869766  0.0149275  0.00335398  0.280757  0.0317931  -0.650427  
-0.00902487  0.0149865  0.00295082  0.313745  0.0882481  -0.707928  
-0.00875911  0.01505  0.00270714  0.275515  0.0501419  -0.697684  
-0.00795857  0.0144956  0.00281894  0.269989  0.0623823  -0.559165  
-0.00812646  0.0144177  0.00273218  0.26051  0.0763806  -0.604836  
-0.008102  0.0151505  0.0028086  0.258679  0.0776989  -0.597494  
-0.00805442  0.0150192  0.00249898  0.253552  0.0596659  -0.637708  
-0.0078187  0.0148602  0.00264758  0.249023  0.0749001  -0.580636  
-0.00819394  0.0146106  0.00237249  0.25835  0.0699349  -0.632356  
-0.00722401  0.0148977  0.00266182  0.214243  0.0642422  -0.588032  
-0.00799869  0.0147395  0.00258505  0.231295  0.0853973  -0.630836  
-0.00721108  0.0152409  0.00255363  0.229965  0.0559052  -0.573226  
-0.00768086  0.0151295  0.00246954  0.225917  0.0695733  -0.59569  
-0.00695371  0.0149986  0.00251427  0.229275  0.0425901  -0.524113  
-0.00747836  0.014667  0.00265135  0.25611  0.092907  -0.677618  
-0.00674308  0.0154073  0.00271941  0.254542  0.0706829  -0.638192  
-0.00748728  0.0152939  0.00292886  0.25932  0.0997862  -0.608806  
-0.00742407  0.0149401  0.0024984  0.25949  0.0774344  -0.632003  
-0.00682781  0.0151302  0.00212602  0.230525  0.0743571  -0.554117  
-0.00748732  0.0151721  0.00223512  0.247857  0.102476  -0.556484  
-0.00706348  0.0147468  0.00191634  0.235506  0.0737043  -0.590431  
-0.00672973  0.0148019  0.00190909  0.224051  0.0861863  -0.510649  
-0.00767499  0.0145253  0.00176651  0.224592  0.101839  -0.531932  
-0.00790981  0.0137061  0.0018248  0.231183  0.073864  -0.53891  
-0.00775264  0.0128797  0.00225131  0.245911  0.112805  -0.484762  
-0.00794119  0.0125486  0.00240737  0.26025  0.0950452  -0.509141  
-0.00805113  0.0124568  0.00256443  0.274599  0.105694  -0.4918  
-0.00738819  0.0126453  0.00242543  0.272095  0.107914  -0.484811  
-0.00756954  0.0126083  0.00255048  0.270242  0.108525  -0.523289  
-0.0073085  0.0132292  0.00261597  0.267366  0.101129  -0.491652  
-0.00828369  0.0128416  0.0019076  0.28552  0.123403  -0.544688  
-0.00780315  0.0124037  0.00188531  0.263691  0.0964349  -0.599144  
-0.00789402  0.0130361  0.00189974  0.246526  0.120307  -0.544559  
-0.00748807  0.01298  0.00170122  0.257999  0.0951563  -0.612162  
-0.00755185  0.0134551  0.00200918  0.253273  0.108483  -0.540663  
-0.00816797  0.0130426  0.00152764  0.264089  0.107913  -0.578463  
-0.00759221  0.0128404  0.00167169  0.259584  0.0904949  -0.525104  
-0.00781373  0.0124442  0.00169967  0.256439  0.102955  -0.510372  
-0.00832629  0.0126235  0.00176228  0.244817  0.103658  -0.486297  
-0.00875716  0.0124262  0.00146291  0.255928  0.0846424  -0.507535  
-0.00879892  0.0122007  0.00166012  0.243031  0.1119  -0.494661  
-0.00814368  0.0124141  0.00182955  0.237227  0.0909686  -0.544279  
-0.00787996  0.0125692  0.00185963  0.247297  0.11799  -0.497497  
-0.00878075  0.0122348  0.00129556  0.242794  0.112449  -0.59485  
-0.00758176  0.0121053  0.00135979  0.241728  0.110813  -0.515008  
-0.00830435  0.0118438  0.00130507  0.239874  0.129822  -0.545616  
-0.00786367  0.012338  0.00140897  0.23682  0.103921  -0.516926  
-0.00882429  0.0119021  0.00124788  0.250323  0.12701  -0.558669  
-0.00821023  0.0124313  0.000916267  0.221836  0.0956563  -0.550095  
-0.0089153  0.0124448  0.00132705  0.225709  0.122791  -0.521408  
-0.00827044  0.0126536  0.00086677  0.211668  0.102211  -0.546008  
-0.00880691  0.0123572  0.00116805  0.221096  0.125549  -0.507911  
-0.00851276  0.0120187  0.000920814  0.205027  0.0985402  -0.518195  
-0.00803484  0.0120503  0.000847677  0.199562  0.100905  -0.452745  
-0.00903417  0.0119455  0.000899383  0.233808  0.11862  -0.550987  
-0.00730959  0.0124358  0.00106559  0.22336  0.0894651  -0.622828  
-0.00607154  0.0133888  0.00161679  0.228072  0.0875283  -0.578583  
-0.00653214  0.0131439  0.0016466  0.2367  0.0998772  -0.51192  
-0.00715809  0.0133487  0.00109965  0.244948  0.131928  -0.618881  
-0.00697992  0.013337  0.00102365  0.249308  0.111234  -0.672516  
