-0.0176641  0.00291957  -0.00287284  -0.0775755  -0.474474  0.162293  
-0.0183409  0.003164  -0.00287213  -0.0765229  -0.471064  0.148631  
-0.0180797  0.0029552  -0.00299009  -0.0808615  -0.463209  0.112856  
-0.0182774  0.00315399  -0.00338302  -0.0899092  -0.442671  0.0901003  
-0.0182142  0.00276658  -0.00339245  -0.0875176  -0.403982  0.0818504  
-0.0172695  0.00296379  -0.00307059  -0.0904548  -0.400464  0.0667353  
-0.017979  0.00312536  -0.00318645  -0.0954544  -0.374089  0.0830053  
-0.0175974  0.00301022  -0.00318875  -0.0964128  -0.39397  0.0593682  
-0.0171514  0.00317796  -0.00317894  -0.0960514  -0.393822  0.0428608  
-0.0169757  0.00319064  -0.00307073  -0.0951142  -0.389175  0.0419595  
-0.0165096  0.00289096  -0.003109  -0.0940719  -0.40696  0.0369871  
-0.0166204  0.00324213  -0.0030786  -0.0968504  -0.396799  0.0291311  
-0.0160285  0.00341073  -0.00344038  -0.107534  -0.376399  0.0819929  
-0.0171678  0.00436536  -0.00342574  -0.116939  -0.359005  0.181626  
-0.0173497  0.00380993  -0.0035639  -0.110569  -0.535647  0.103581  
-0.0172176  0.00391144  -0.00353545  -0.106371  -0.421059  0.044166  
-0.0170985  0.00353127  -0.00356961  -0.0929107  -0.394695  0.0442719  
-0.0180773  0.00286511  -0.00323321  -0.0860275  -0.394167  0.0785662  
-0.0175893  0.00328766  -0.00289512  -0.0938126  -0.378406  0.0658875  
-0.0136969  0.00326691  -0.00278468  -0.0997836  -0.247202  0.0142359  
-0.00148365  0.00392451  -0.00345325  -0.103868  -0.184965  -0.129416  
-0.00757644  0.00301919  -0.00335497  -0.0962947  -0.190026  -0.0531546  
-0.00753018  0.00315862  -0.00343798  -0.0974889  -0.231451  -0.0718817  
-0.00790225  0.00335106  -0.00336666  -0.0999618  -0.225066  -0.0652544  
-0.0078022  0.00326201  -0.00347835  -0.100424  -0.260954  -0.0739478  
-0.00792145  0.00334809  -0.00336904  -0.0986341  -0.263406  -0.0923837  
-0.00813219  0.00337409  -0.00370038  -0.109322  -0.253631  -0.117847  
-0.00883462  0.00378321  -0.003308  -0.107032  -0.213162  -0.106602  
-0.00858557  0.00379444  -0.00361858  -0.105078  -0.237047  -0.112056  
-0.00901134  0.00359345  -0.00354189  -0.107536  -0.202297  -0.0911915  
-0.00892886  0.00349518  -0.00347732  -0.11164  -0.215906  -0.0972503  
-0.00850271  0.00313065  -0.00345555  -0.104402  -0.25575  -0.115349  
-0.00913674  0.00367696  -0.00335289  -0.108147  -0.218411  -0.091867  
-0.00923557  0.00321463  -0.00328946  -0.104998  -0.238087  -0.107855  
-0.00934453  0.00354787  -0.0034775  -0.109326  -0.253548  -0.122384  
-0.00969023  0.00365464  -0.00325671  -0.105848  -0.228601  -0.0875599  
-0.0095137  0.00365829  -0.00336237  -0.109017  -0.250809  -0.0942061  
-0.00942232  0.00359369  -0.00312388  -0.106843  -0.268417  -0.0913897  
-0.00879111  0.00412481  -0.00338527  -0.111474  -0.170714  0.116943  
-0.00939376  0.00458374  -0.00331565  -0.102895  -0.291231  0.352556  
-0.00878248  0.00430925  -0.00310174  -0.0731408  -0.296769  0.290988  
-0.00413129  0.00311764  -0.00281484  -0.0610089  -0.203821  0.179574  
0.00074971  0.00230708  -0.00243278  -0.0631665  -0.15929  0.185162  
0.00169232  0.00201649  -0.00357022  -0.0553761  -0.0651623  0.330316  
0.00242607  0.00140335  -0.00315957  -0.0529543  -0.137583  0.362736  
0.00155427  0.00299753  -0.00249704  -0.093339  -0.169191  0.235067  
-0.000669234  0.00242442  -0.00264404  -0.0680858  -0.138852  0.336747  
0.0040821  0.00131367  -0.00302547  -0.055617  -0.100142  0.23028  
0.00222218  0.000910777  -0.00218306  -0.0341445  -0.117622  0.20091  
0.00298441  0.00167725  -0.00136657  -0.0379574  -0.148127  0.0821422  
0.00151762  0.00131006  -0.00211168  -0.0576967  -0.1325  0.219771  
0.00547206  0.001315  -0.00218446  -0.0347538  -0.0909772  0.278295  
0.00748319  0.000758469  -0.00286816  -0.0367849  -0.102323  0.242615  
0.00681482  0.0015152  -0.0028575  -0.0480201  -0.0389029  0.291675  
0.0050927  0.00175196  -0.00255792  -0.0283936  -0.0637806  0.280368  
0.00446303  0.00174773  -0.00251308  -0.0513336  -0.131621  0.322753  
0.00629064  0.00122824  -0.00226451  -0.0329781  -0.0411258  0.22625  
0.0085437  0.00137877  -0.00252175  -0.0330566  0.015282  0.398919  
0.0047772  0.0021507  -0.00281136  -0.0623116  -0.0932329  0.46359  
-0.00128009  0.00174411  -0.00186616  -0.0593061  -0.256131  0.492527  
0.00544231  0.000892012  -0.00158955  -0.048317  -0.0440224  0.327652  
0.0148846  0.000320772  -0.00208273  -0.0565773  0.0171459  0.319536  
0.0070977  -0.000259461  -0.00267594  -0.0584705  -0.000698076  0.407376  
0.000257604  -0.000854261  -0.00306194  -0.0382648  -0.199624  0.23556  
-0.00218786  0.00422544  -0.00254846  -0.106574  -0.190595  0.113264  
0.0018748  0.00218221  -0.00311525  -0.107987  -0.066897  0.216695  
0.00407577  0.00237655  -0.00177025  -0.0981558  -0.0383568  0.0259339  
0.00463497  0.00117911  -0.00260269  -0.0782488  -0.0335361  0.0812809  
0.00610633  0.00143496  -0.00253484  -0.0833296  -0.0158818  0.302704  
0.00639084  0.00101095  -0.00264626  -0.0807686  -0.0991272  0.305616  
0.00533691  0.00141814  -0.00278232  -0.0791037  -0.0618678  0.166025  
0.00623167  0.00217087  -0.0030622  -0.105112  -0.075048  0.23161  
0.00136861  0.00210331  -0.00238896  -0.0862351  -0.17626  0.187887  
0.0014651  0.00191521  -0.00311337  -0.0982697  -0.0965045  0.187898  
0.00339588  0.00222059  -0.00318964  -0.100504  -0.102574  0.369457  
0.00731825  0.00249375  -0.0029189  -0.113533  -0.039758  0.359423  
0.00886047  0.00196838  -0.00344136  -0.11998  -0.0295554  0.415482  
0.0121628  0.00165975  -0.00277993  -0.111284  0.0138107  0.593065  
0.0109202  0.00316599  -0.00296761  -0.136684  0.00930295  0.564387  
0.00811224  0.0004204  -0.00342588  -0.0697409  -0.130372  0.444631  
0.00383666  -0.00128207  -0.00187972  -0.0226438  -0.168765  0.346031  
-0.00115615  0.000885608  -0.00174224  -0.022933  -0.248732  0.296545  
-0.00202179  0.00158745  0.000476625  -0.0449349  -0.206431  0.231082  
0.00573407  0.00297269  -0.00125705  -0.120189  -0.0131347  0.325553  
0.00670659  0.00299771  -0.00294383  -0.109979  -0.0743424  0.43935  
0.00515631  0.00234156  -0.00212127  -0.0856231  -0.127293  0.462822  
-0.00173796  0.00435254  -0.00280385  -0.138812  -0.209666  0.163911  
-0.00147503  0.00100224  -0.00342876  -0.115382  -0.299615  0.299194  
0.000475966  0.000889549  -0.00310688  -0.0990203  -0.192381  0.482727  
0.00432941  0.000778997  -0.00359465  -0.0960576  -0.106766  0.529097  
0.00674882  0.00313913  -0.00304625  -0.146353  -0.181764  0.703207  
0.00111974  0.00167451  -0.00448926  -0.103176  -0.226919  0.471677  
0.00163492  0.000977393  -0.00278304  -0.071738  -0.194405  0.392877  
0.00235619  0.000924093  -0.00257163  -0.0847782  -0.125533  0.441266  
0.000403201  0.00240361  -0.00234021  -0.115447  -0.186759  0.482344  
0.00208038  0.00140364  -0.00196574  -0.079745  -0.142398  0.487137  
0.00311988  0.00399482  -0.00372161  -0.165331  -0.185791  0.520575  
0.00330415  0.00336924  -0.00310541  -0.147248  -0.156344  0.472651  
0.00267357  0.00335596  -0.0034073  -0.124729  -0.177003  0.475363  
0.00318443  0.0024913  -0.00291989  -0.114606  -0.137321  0.478496  
0.00174291  0.00171558  -0.00232797  -0.104797  -0.190601  0.533674  
0.00320434  0.00101526  -0.00254909  -0.0539794  -0.0933125  0.529843  
0.00273563  0.00181172  -0.00214785  -0.0791914  -0.192973  0.422329  
0.000898173  0.0027595  -0.00239865  -0.0956148  -0.165354  0.305383  
0.00645725  0.0032226  -0.0031333  -0.112527  -0.0288255  0.260097  
0.00240851  0.00161638  -0.00298435  -0.0800505  -0.168859  0.270836  
0.00182493  0.00210705  -0.00258333  -0.101887  -0.176474  0.36628  
0.00221127  0.00297064  -0.00367947  -0.11635  -0.138118  0.335992  
0.00100102  0.0023802  -0.00230017  -0.0893257  -0.174338  0.367231  
0.000571687  0.00556182  -0.00215736  -0.135636  -0.231245  0.266897  
0.0108675  0.00333709  -0.0027918  -0.103412  0.107177  0.274444  
0.00684628  0.00333981  -0.00285203  -0.120794  -0.0603534  0.422747  
0.00222924  0.00251156  -0.00271052  -0.102657  -0.189515  0.358538  
0.000810069  0.000852181  -0.00196314  -0.0731481  -0.194189  0.344484  
0.00646879  0.000954116  -0.00296599  -0.0685432  -0.0069955  0.332012  
0.00650387  0.000431757  -0.00253363  -0.0497015  -0.07192  0.353515  
0.00185973  0.000754651  -0.0023332  -0.061124  -0.111985  0.474229  
0.00532331  0.00241024  -0.00229391  -0.102415  -0.034266  0.690309  
0.008335  0.00232812  -0.00205273  -0.0488344  -0.0979618  0.899955  
0.00587915  -0.00208518  -0.00237432  0.000547839  -0.161097  0.72264  
0.00356949  -0.000305474  -0.00259213  -0.0453192  -0.213859  0.560578  
0.00126469  0.00126777  -0.00270807  -0.081605  -0.195294  0.425872  
0.00137003  0.00154038  -0.00224688  -0.104966  -0.153511  0.392184  
0.000851157  0.00201409  -0.00306905  -0.121873  -0.119161  0.495406  
0.00225723  0.000654087  -0.00257184  -0.083624  -0.153393  0.547382  
4.88909e-06  0.00236936  -0.00248309  -0.103776  -0.215957  0.434639  
-0.000658319  0.0023711  -0.00272937  -0.109893  -0.239527  0.37708  
5.23902e-05  0.000863647  -0.00265418  -0.0814608  -0.115748  0.478673  
-0.00111317  0.000745909  -0.00210989  -0.0726355  -0.220687  0.477404  
-0.00176185  0.00172568  -0.001998  -0.0956218  -0.290824  0.449995  
2.4616e-05  0.00299768  -0.00252184  -0.109369  -0.216295  0.358622  
0.0128626  0.00180958  -0.00273756  -0.094745  0.00730923  0.404663  
0.00315729  0.00388115  -0.0030464  -0.156707  -0.170671  0.420652  
0.000121519  0.00400696  -0.00350924  -0.15816  -0.154754  0.404092  
-0.00115443  0.00153312  -0.00157706  -0.0619473  -0.215323  0.445749  
-0.000724254  0.00202004  -0.00133658  -0.0613015  -0.212346  0.50555  
0.00157146  0.00234247  -0.00178734  -0.0972785  -0.205677  0.586955  
-0.00123473  0.000534005  -0.002123  -0.0469545  -0.256301  0.422783  
-0.00192163  -0.000567285  -0.000796248  -0.0523177  -0.140001  0.377263  
0.00420068  0.00127728  -0.000521194  -0.0596465  -0.130592  0.523881  
0.00654912  0.00516506  -0.00273139  -0.126336  -0.0575601  0.765398  
0.00952023  0.00323357  -0.00211905  -0.104639  -0.0768291  0.827117  
0.00909874  0.0043854  -0.00210633  -0.138306  -0.072729  0.708088  
0.0052588  0.00550714  -0.00386523  -0.162588  -0.0902528  0.55591  
0.00357243  0.00180301  -0.00420533  -0.112212  -0.100848  0.493502  
0.00808822  0.00172208  -0.00210608  -0.0910195  0.0121085  0.497617  
0.00422211  0.00138827  -0.0025256  -0.0861876  -0.054448  0.576153  
0.00412033  0.000996004  -0.00269423  -0.0755869  -0.10139  0.545376  
0.00343551  0.00199999  -0.002568  -0.0666984  -0.106905  0.440657  
0.00119582  0.00153797  -0.00261592  -0.0764145  -0.198514  0.388057  
-0.000869751  0.0013876  -0.00213666  -0.0735718  -0.161012  0.240227  
0.00153659  -0.00150272  -0.00207183  0.00135934  -0.0818075  0.429423  
0.00126865  -0.00081438  -0.00252176  -0.0254118  -0.132893  0.392733  
0.000577393  0.000606351  -0.00216545  -0.0485813  -0.12562  0.446744  
0.0043023  0.00104461  -0.00296631  -0.0515001  -0.11558  0.633205  
0.00849444  0.00142072  -0.00301522  -0.0532333  -0.105705  0.710202  
0.00570162  0.000738961  -0.00300885  -0.0263385  -0.151815  0.571841  
0.0061016  -0.00216396  -0.00255475  0.0233421  -0.138056  0.623209  
0.00121044  0.00250426  -0.00292949  -0.127334  -0.178374  0.541267  
0.00790813  0.00173546  -0.00336362  -0.0956054  -0.103704  0.815381  
0.00197152  0.000215954  -0.00300028  -0.0701647  -0.199221  0.631647  
0.000319454  0.000704673  -0.00108808  -0.0434279  -0.199637  0.43221  
-0.00028049  -0.000694079  -0.00194218  -0.0380661  -0.182445  0.379585  
-0.000664397  -0.000759658  -0.00212869  -0.040101  -0.216165  0.572594  
0.00192554  -0.00275435  -0.00219311  -0.00755229  -0.181856  0.573792  
-0.00208765  0.000866504  -0.0031461  -0.0705432  -0.244692  0.408883  
0.000353208  0.000889321  -0.00266602  -0.0647163  -0.183604  0.490694  
-0.000276145  0.000379818  -0.00237978  -0.0438787  -0.230517  0.500201  
0.000331518  0.00126909  -0.00214565  -0.0741652  -0.196642  0.493534  
-0.00113917  0.000770123  -0.00306677  -0.0392239  -0.209706  0.48183  
-0.000194099  0.000655536  -0.00235097  -0.0536068  -0.230646  0.33982  
0.000666519  0.00108604  -0.0027573  -0.0677858  -0.177284  0.273961  
-9.10073e-05  0.00106785  -0.00265247  -0.0621462  -0.213138  0.381814  
0.0023965  0.000556494  -0.00259354  -0.0587274  -0.080547  0.642206  
0.00859537  0.00119873  -0.00232892  -0.0779243  -0.0130295  0.993397  
0.0102252  0.00214807  -0.00222865  -0.0852743  -0.093118  0.949328  
0.00650277  0.00161961  -0.00269384  -0.0826836  -0.170267  0.685986  
7.57536e-05  0.00140186  -0.00228962  -0.0857468  -0.254755  0.576084  
-0.00181784  0.00154334  -0.00188285  -0.085693  -0.227533  0.497392  
-0.000789031  0.000272082  -0.00188285  -0.0630169  -0.201658  0.486045  
0.000719745  0.0011724  -0.00186803  -0.0868585  -0.146765  0.502875  
-0.0014083  0.00102706  -0.00185735  -0.0783795  -0.217673  0.488247  
-0.000746602  0.00030121  -0.00180839  -0.0556709  -0.19429  0.440948  
-0.00173337  0.000730624  -0.00104736  -0.0658493  -0.163627  0.451156  
0.000515148  -0.00136183  -0.00280351  -0.0199164  -0.180301  0.625642  
-0.000206163  0.000105752  -0.00259325  -0.0729432  -0.234715  0.58763  
-0.00200001  0.000870317  -0.00197559  -0.0579411  -0.285005  0.467904  
-0.00249194  0.00111554  -0.00164957  -0.0453893  -0.23567  0.340586  
-0.0037908  0.00121395  -0.00136789  -0.0361367  -0.269683  0.443857  
-0.000920415  0.00155317  -0.00200389  -0.0622434  -0.203534  0.397637  
-0.00231474  -0.0007173  -0.00234135  -0.0234566  -0.244091  0.555622  
-0.0032029  0.000525959  -0.00232596  -0.0414679  -0.232636  0.466764  
-0.00113814  0.00112417  -0.00093254  -0.047555  -0.256365  0.410568  
-0.0038705  0.000950867  -0.00131943  -0.062008  -0.266752  0.487499  
-0.00577109  -0.00100553  -0.00113569  0.0085968  -0.355671  0.555004  
-0.00441728  -0.000467089  -0.00202089  -0.0205977  -0.304661  0.486827  
-0.0036027  0.000976949  -0.0016909  -0.051279  -0.280746  0.354109  
-0.00241226  0.000954386  -0.00210702  -0.0693949  -0.232646  0.408787  
-0.00167665  0.0014569  -0.00179834  -0.0747253  -0.253178  0.394025  
-0.00112287  0.00303326  -0.00250258  -0.103591  -0.206212  0.400892  
-0.00252645  0.00274813  -0.00214865  -0.100238  -0.269595  0.294714  
-0.00371564  0.00102832  -0.00208942  -0.0705743  -0.229966  0.361432  
-0.00305996  0.00170194  -0.00172297  -0.0772068  -0.281979  0.552653  
-0.00247327  0.00277084  -0.00252904  -0.125521  -0.287117  0.523847  
-0.00534274  0.00313844  -0.00268517  -0.0980252  -0.198882  0.689944  
0.00185995  0.00131085  -0.00243074  -0.0926564  -0.128295  0.512284  
-0.00173901  0.00201955  -0.00264372  -0.115537  -0.238808  0.516442  
-0.00143237  0.00143554  -0.00227892  -0.0808937  -0.213411  0.626864  
-0.00297884  0.000945341  -0.00176805  -0.0781317  -0.245241  0.377222  
-0.00148951  0.00107332  -0.00190953  -0.0855514  -0.206346  0.472026  
-0.00315914  0.00178099  -0.00205032  -0.0778551  -0.23029  0.457326  
-0.0038101  0.00173071  -0.00186253  -0.0795613  -0.218342  0.545273  
-0.00422632  0.00222818  -0.00146547  -0.100147  -0.275823  0.637556  
-0.00436085  0.00438308  -0.00161253  -0.126524  -0.326515  0.653098  
-0.00752998  0.00442726  -0.00206306  -0.127769  -0.400491  0.639864  
-0.00786667  0.00396614  -0.00161253  -0.108264  -0.332437  0.746092  
-0.00102757  0.000443731  -0.00332598  -0.0609817  -0.280823  0.509488  
-0.00346466  0.00175275  -0.00194009  -0.0587151  -0.249015  0.559932  
-0.00459447  0.00238507  -0.0017567  -0.0821274  -0.273112  0.680613  
-0.00275026  0.00233849  -0.00100701  -0.086344  -0.233322  0.470743  
-0.00336959  0.00267026  -0.00221027  -0.0812416  -0.232788  0.271148  
-0.00162118  0.000930081  -0.00167799  -0.0537422  -0.0769924  0.537858  
-8.89905e-06  0.00165748  -0.00335168  -0.0832698  -0.0826686  0.714565  
-0.00788208  0.00389207  -0.00254616  -0.112667  -0.3337  0.878399  
-0.00693727  0.00341515  -0.00293588  -0.135897  -0.319146  0.701793  
-0.00460322  0.00331145  -0.00315989  -0.134267  -0.318105  0.7125  
-0.00382872  0.00131747  -0.00257584  -0.10138  -0.268636  0.618414  
-0.00192895  0.00220493  -0.00280795  -0.137705  -0.231323  0.592245  
-0.00203657  0.00300951  -0.00246598  -0.123057  -0.134994  0.651103  
-0.00182538  0.00215609  -0.00176013  -0.0983327  -0.180482  0.618214  
-0.000145221  0.0023837  -0.00139535  -0.127005  -0.149595  0.569612  
1.50839e-06  0.00231854  -0.00197206  -0.120945  -0.150192  0.630138  
0.00553921  0.00327572  -0.00226557  -0.133013  -0.0772431  0.731648  
0.00256279  0.00233587  -0.00297851  -0.11692  -0.144472  0.57789  
0.000809602  0.00212219  -0.00321266  -0.112635  -0.211883  0.583788  
-0.000656062  0.0022737  -0.00193949  -0.114898  -0.166159  0.462078  
-0.00160613  0.00166764  -0.00176109  -0.0965451  -0.170291  0.491926  
-0.000828532  0.00280199  -0.00197241  -0.116437  -0.177096  0.432533  
-0.0023295  0.00356635  -0.00205124  -0.131817  -0.178209  0.412783  
-0.00270261  0.00335637  -0.00324969  -0.13217  -0.204506  0.42918  
-0.00168222  0.00248586  -0.00257934  -0.132006  -0.218571  0.58864  
-0.00126598  0.00286135  -0.00189707  -0.132934  -0.196947  0.543355  
-0.000252627  0.00294513  -0.00168412  -0.139031  -0.18159  0.593352  
-0.00289887  0.00283582  -0.00216695  -0.113755  -0.229031  0.453326  
-0.00184279  0.00310261  -0.00227077  -0.130428  -0.180357  0.633562  
-0.000804082  0.00289857  -0.00190364  -0.114108  -0.180733  0.619051  
-0.00055034  0.00229905  -0.00241626  -0.121115  -0.173986  0.539216  
0.00233756  0.00305173  -0.00166846  -0.131083  -0.107726  0.445419  
-0.000913182  0.00328041  -0.00210494  -0.148398  -0.116492  0.462223  
-0.000752485  0.00352354  -0.00232541  -0.148249  -0.184925  0.431425  
-0.000428879  0.00359661  -0.0031987  -0.150559  -0.171482  0.376703  
0.00127111  0.00275924  -0.00350597  -0.137761  -0.0591567  0.429992  
0.00485271  0.000794895  -0.00293483  -0.1111  0.00910931  0.479798  
-0.000208186  0.00203693  -0.00187607  -0.13259  -0.190866  0.462709  
-0.00257306  0.00143848  -0.00180979  -0.132616  -0.164562  0.441278  
0.000578761  0.00384377  -0.00227107  -0.165384  -0.16765  0.47082  
-0.00363926  0.0040001  -0.00225361  -0.187552  -0.268029  0.467215  
-0.00428659  0.00378513  -0.00153179  -0.14102  -0.267165  0.423191  
-0.00587866  0.0031625  -0.00135142  -0.127814  -0.325836  0.373595  
-0.00397089  0.00266777  -0.00172262  -0.127941  -0.268776  0.527816  
-0.00553718  0.00281876  -0.00262797  -0.124956  -0.298019  0.40012  
-0.00365922  0.00281671  -0.00195141  -0.143265  -0.265853  0.457311  
-0.00208238  0.00258381  -0.00151636  -0.137691  -0.21502  0.599304  
-0.00164678  0.00408962  -0.00172049  -0.162666  -0.235569  0.409039  
-0.00390938  0.00418652  -0.00153179  -0.154452  -0.245859  0.391061  
-0.00555793  0.00406439  -0.00169586  -0.140905  -0.253446  0.637963  
-0.00558614  0.0036516  -0.00190662  -0.164893  -0.286215  0.603952  
-0.00412108  0.00365168  -0.00161207  -0.15016  -0.253179  0.456283  
-0.00143619  0.00212692  -0.00176989  -0.120248  -0.129305  0.625725  
-0.000671188  0.00237567  -0.000329085  -0.144616  -0.291961  0.737739  
-0.00391579  0.00381253  -0.000339977  -0.145687  -0.296752  0.794659  
-0.00224717  0.0022161  -0.000595885  -0.138254  -0.281636  0.666875  
-0.00261919  0.00230544  -0.000354985  -0.151034  -0.288378  0.653087  
-0.00326615  0.00228864  -0.000335509  -0.156591  -0.27342  0.613749  
-0.0039078  0.00247959  -0.000345399  -0.138099  -0.250358  0.570627  
-0.00471266  0.00308269  -0.000899231  -0.156126  -0.265193  0.430746  
-0.00292344  0.0027374  -0.00199543  -0.137913  -0.147007  0.495009  
0.0013216  0.0030454  -0.00139061  -0.164207  -0.164164  0.611977  
0.000189582  0.00230062  -0.00128372  -0.145721  -0.15413  0.549362  
-0.0020044  0.00215618  -0.001064  -0.144244  -0.24703  0.564432  
0.00264799  0.00150626  -0.00238442  -0.122108  -0.204305  0.389348  
-7.69307e-06  0.000637565  -0.00139909  -0.0927241  -0.149258  0.363147  
9.61993e-06  0.0011433  -0.00225504  -0.108826  -0.178627  0.425569  
0.000342271  0.000858198  -0.0014899  -0.0923949  -0.16461  0.336954  
0.00136675  0.00102868  -0.00116368  -0.10369  -0.189557  0.48948  
0.00379611  0.00194316  -0.00150654  -0.122953  -0.116344  0.536839  
0.00143897  0.00349639  -0.00182316  -0.122773  -0.163368  0.578711  
0.00822991  0.00596359  -0.00192107  -0.158814  -0.0606959  0.826132  
0.0112914  0.0037378  -0.00155409  -0.140608  -0.0525974  0.842829  
0.0145213  0.00344822  -0.00112396  -0.0909274  0.00867562  0.608708  
0.00597396  0.00372923  -0.00101119  -0.100725  -0.0399007  0.502727  
0.00843981  0.00460005  -0.000872302  -0.129959  0.00797061  0.670659  
0.00819055  0.00146982  -0.00185217  -0.0661299  -0.076354  0.781993  
0.00579392  -0.00165243  0.00118044  0.000703069  -0.11088  0.545206  
0.0014782  0.0011771  0.00148893  0.00206849  -0.138414  0.617552  
0.00288287  0.0001226  0.00149803  0.0198362  -0.012088  0.404235  
0.00733733  -0.00102375  0.00119423  0.00711682  0.0301807  0.382091  
0.00188969  -0.00113907  0.00114752  0.0089477  -0.139918  0.288669  
-0.00142767  -0.002184  0.000302647  0.0483262  -0.130988  0.294788  
5.13886e-06  0.000382235  0.00170085  0.00152247  -0.142893  0.408921  
0.0021656  -0.000268247  0.00166687  -0.00107468  -0.0972478  0.410204  
-0.00159421  0.00187966  -0.00154677  -0.0738644  -0.134913  0.339949  
-0.000621158  0.00159192  -0.000433316  -0.0861281  -0.138405  0.37697  
0.00261444  0.00219151  -0.00191189  -0.0930519  -0.0458446  0.393563  
0.00213737  0.00298832  -0.00130624  -0.0899285  -0.109365  0.114187  
0.000338062  0.00362904  -0.000128184  -0.0747174  -0.117599  -0.016105  
-0.00216679  0.00106423  -0.000204666  -0.0689875  -0.148596  0.036122  
0.000239798  0.000704632  -0.00093772  -0.0424904  0.0042789  0.204179  
0.0010854  0.00144685  -0.00197603  -0.071998  -0.0990708  0.190782  
-0.00069682  0.00108691  -0.000485801  -0.0527658  -0.190026  0.216589  
-0.00258389  0.000938198  0.000259268  -0.0533116  -0.161139  0.149365  
-0.00173708  0.00086568  0.000766655  -0.0418072  -0.116121  0.234324  
0.00336898  0.00406777  -0.000434761  -0.095766  -0.0430507  0.153494  
0.00199  0.00205208  -0.000619257  -0.0644767  -0.0890763  0.213354  
-0.00369582  0.00354197  -0.000513151  -0.0709809  -0.137416  0.167578  
-0.00184483  0.00442718  -0.00302587  -0.153703  -0.179304  0.204855  
-0.00100579  0.00269633  -0.00132744  -0.105775  -0.130658  0.223399  
-0.00175691  0.00332775  -0.0014912  -0.117445  -0.129632  0.252561  
-0.00106172  0.00302905  -0.00134063  -0.0717397  -0.12082  0.176665  
-0.00127697  0.00160366  -0.00143851  -0.0798818  -0.161835  0.210419  
-0.00164813  0.00117353  0.000593147  -0.0454044  -0.211099  0.218302  
-0.00466169  0.00170313  0.00147919  -0.0312227  -0.222994  0.126822  
-0.00814509  0.00366006  -0.000819509  -0.071503  -0.294776  0.043834  
-0.00714832  0.00308267  -0.00113316  -0.084947  -0.230821  0.15759  
-0.00759344  0.00341744  -0.000954099  -0.0969757  -0.239454  0.00845957  
-0.00579104  0.00291683  -0.00164707  -0.0961929  -0.222592  0.0204745  
-0.00725855  0.00243762  -0.00210806  -0.0840733  -0.225628  -0.00360738  
-0.0080042  0.00257462  -0.0018115  -0.075374  -0.247553  0.0825787  
-0.0084565  0.000777559  -0.00175728  -0.0645824  -0.234952  0.0236161  
-0.00701737  0.00205777  -0.00178661  -0.0692875  -0.210338  -0.156155  
-0.00426572  0.00271959  -0.0022612  -0.0804534  -0.184698  0.17593  
-0.00481222  0.00250356  -0.00116854  -0.0584127  -0.205223  0.215161  
-0.00426173  0.00357662  0.000439352  -0.068403  -0.191627  0.152701  
-0.00645389  0.00357014  -0.0002213  -0.0666995  -0.292315  0.0551937  
-0.00752834  0.00235773  -0.000319684  -0.0504767  -0.270084  0.117384  
-0.00796734  0.00225036  -0.000877419  -0.060663  -0.301531  0.0775985  
-0.00320221  1.99263e-05  0.000308145  0.0508853  -0.210498  0.235814  
0.000370305  -0.00133703  0.000979788  0.0570021  -0.118141  0.413298  
-0.00106098  5.8533e-05  0.000611565  0.0557095  -0.219137  0.365966  
-0.00397819  -0.00031697  0.00171205  0.0319557  -0.218659  0.410957  
-0.00491917  -0.000167033  0.0012529  0.0251403  -0.171403  0.302866  
-0.00477552  -0.00276199  0.000645776  0.0522858  -0.198015  0.2193  
-0.00330328  -0.00153404  0.00139888  0.0565507  -0.18417  0.326218  
-0.00518164  -0.000135958  0.000461306  0.0423643  -0.22273  0.0701534  
-0.0068457  0.00160844  -0.001266  -0.0526068  -0.165628  -0.0960718  
-0.00463196  0.00102342  0.00102339  -0.0378258  -0.121837  0.0588716  
7.73062e-05  0.00152247  0.00112321  -0.0801163  0.0238615  0.262887  
-0.000322907  0.00203481  -0.000885481  -0.0927688  -0.13077  0.169254  
-0.00672724  0.00112961  -0.00143642  -0.0220437  -0.184797  -0.0576663  
-0.00192172  -0.000137033  -0.000154656  0.0465512  -0.152544  0.281654  
0.00173424  -0.000290568  0.000102309  0.0430064  -0.0875793  0.328161  
0.000344307  0.00163443  0.000163727  -0.00440754  -0.112249  0.258168  
0.00211935  0.000859132  0.00149298  -0.00068787  -0.0376351  0.273984  
0.00486058  0.00389859  -7.92527e-05  -0.0931142  0.0328769  0.084279  
0.00242176  0.00595158  -0.00140854  -0.102644  0.00326265  -0.0395463  
0.00203873  0.00448489  -0.00061296  -0.0757989  -0.0264261  0.0907906  
0.00281864  0.00436493  0.000190936  -0.0615828  -0.00232302  0.11931  
-0.000197414  -0.000890415  -0.00108892  -0.018706  -0.115162  0.151467  
0.00256807  0.00319953  -0.000630716  -0.0850231  0.00269416  0.236652  
0.00344859  0.00517835  -0.00108393  -0.111555  -0.0969249  0.0946523  
-0.00293998  0.000953148  -0.00156923  -0.0361686  -0.195052  -0.215605  
-0.00357175  -0.00135955  -0.00160347  -0.00633198  -0.0662148  -0.111937  
-0.00517634  0.00190731  -0.00172693  -0.0346169  -0.135229  0.148453  
-0.00653381  0.00231964  -0.000406514  -0.0425637  -0.186572  0.00474255  
-0.00116169  0.00104724  -0.00147455  -0.0208324  -0.0590568  0.152552  
-0.0021446  0.00334072  -0.00103281  -0.0642598  -0.149137  0.192278  
-0.00303964  0.00261116  -0.00130642  -0.0856575  -0.144965  0.204563  
-0.00262199  0.000805379  -0.00227396  -0.0433017  -0.110159  0.283411  
-0.00551363  0.00115164  -0.00181944  -0.0529994  -0.178891  0.107411  
-0.000913848  0.00103069  -0.000846119  -0.0792896  -0.142174  0.306548  
-0.000598474  0.00170851  -0.00131661  -0.0784503  -0.149379  0.195448  
-0.00528987  0.000792701  -0.00164991  -0.0491745  -0.17808  -0.0678488  
-0.00523425  0.000513684  -0.00259428  -0.0583317  -0.137404  -0.120856  
-0.00463108  0.000455525  -0.00211236  -0.0478901  -0.117623  0.0553116  
-0.00133152  0.00119282  -0.00237277  -0.0612515  -0.142021  0.218562  
-0.00068818  0.00136546  -0.00191822  -0.0660824  -0.146652  0.182714  
-0.00311029  0.0020938  -0.00189463  -0.0870474  -0.105986  -0.00732952  
-0.000629401  3.07821e-06  -0.00109765  -0.0404059  -0.121926  0.217089  
0.00154499  -0.00174671  0.00129614  0.0207109  0.0268671  0.338414  
0.00515286  -0.000741934  0.00105845  0.00847814  0.0124755  0.0945903  
0.00668649  -0.00360525  -0.000871994  0.0373488  0.0541395  -0.0229228  
0.0052912  -0.00462065  -0.000719986  0.0340805  0.056351  0.172726  
0.00572688  -0.00427408  -0.000202037  0.0462562  0.0212721  0.193506  
0.00505686  -0.00363018  -7.72359e-05  0.0379999  0.0221253  0.163716  
0.0112921  -0.00122208  0.00187736  0.00814423  0.19258  0.101248  
0.0105368  0.000867819  -0.00143805  -0.0659607  0.18618  0.20486  
0.00644227  0.000728292  -0.00161535  -0.0528943  0.0321254  -0.00642019  
-0.000666068  8.34293e-05  -0.00155917  -0.013402  -0.0718322  0.0983666  
0.00394324  0.00317067  -0.000672786  -0.0756404  0.01726  -0.011374  
0.00332611  0.00239896  -0.00119356  -0.059181  0.0234622  0.00903674  
0.00063704  0.00107434  -0.00261002  -0.0751592  -0.0697997  -0.173973  
-0.0058625  0.00180099  -0.00268277  -0.0845219  -0.141091  -0.197395  
-0.00548668  0.000916368  -0.00180017  -0.0292588  -0.154036  -0.0460921  
-0.00330264  0.00208147  -0.00131287  -0.0445468  -0.154785  0.067047  
-0.00190913  0.00217118  -0.00135032  -0.052541  -0.147422  0.0961056  
-0.00314635  0.00195546  -0.00161643  -0.0630212  -0.162591  -0.0849086  
-0.00491688  0.00203999  -0.000832751  -0.0603474  -0.109475  -0.0199688  
-0.0053458  0.00297204  -0.000493322  -0.0805597  -0.137994  -0.0752266  
-0.00287152  0.0040697  -0.000478505  -0.0567074  -0.135533  -0.131317  
-0.00471929  0.00151407  -0.00193081  -0.0642441  -0.157196  -0.137986  
-0.00706055  0.0029788  -0.0020682  -0.103801  -0.191013  -0.0862147  
-0.00791618  0.00375414  -0.00195576  -0.0893668  -0.196354  -0.161753  
-0.00950114  0.00305588  -0.00173589  -0.0683931  -0.246585  -0.122303  
-0.00663731  0.0022689  -9.97254e-05  -0.0625555  -0.146964  -0.0583002  
-0.00706931  0.00218953  0.00110952  -0.0449491  -0.212935  0.0255255  
-0.00575181  0.00180742  0.000433742  -0.0469132  -0.196111  -0.00406382  
-0.00607945  0.00139237  0.000913732  -0.0278654  -0.175007  0.112074  
-0.00566961  0.00205445  -0.000397135  -0.060348  -0.177705  0.0947826  
-0.00557213  0.00366365  -0.000934321  -0.0910855  -0.170005  -0.0611392  
0.00152065  0.00288453  -0.00121102  -0.0811402  0.10613  0.270822  
0.000326428  0.00135175  0.000283561  -0.0863508  -0.135173  0.32177  
0.00289538  0.00117436  0.00191322  -0.0313077  -0.0178698  0.297695  
0.00255911  0.000824208  0.00196025  -0.0185194  0.0087889  0.251024  
0.00254404  0.000971755  0.00148602  -0.0303921  0.0182301  0.293271  
0.00209687  0.0010214  0.00129248  -0.0357599  -0.0274466  0.236665  
0.0022686  0.000947587  -0.000866105  -0.0588901  0.0203811  0.243819  
0.000987809  0.000596174  -0.00145973  -0.0434522  -0.0842272  0.158915  
0.00279842  0.000980531  -0.00160899  -0.0536367  0.047996  0.0778064  
0.00279619  0.00141633  -0.0013468  -0.0485516  -0.0252493  0.0630623  
0.00460925  0.000663233  -0.00162348  -0.0392233  0.0186787  0.170414  
0.00455236  0.000948083  0.000804474  -0.0267338  0.0908398  0.167093  
0.00477421  0.00146902  -0.000614311  -0.0453297  0.0998923  0.283127  
0.00300192  0.00189259  -0.000320798  -0.0644832  -0.0202473  0.272171  
0.000549202  -0.000852134  0.00161209  0.0256939  -0.0821322  0.270852  
0.00391978  -5.73171e-05  -0.00112656  -0.0377478  -0.00345455  0.162461  
-0.000878696  4.59637e-05  -0.00181205  -0.0550508  -0.0896169  -0.129694  
-0.00224721  0.00153484  -0.00153406  -0.0573419  -0.0821776  -0.195774  
-0.0042137  0.0018195  -0.000921425  -0.0564983  -0.0357502  -0.0398605  
-0.00226287  0.00161893  -0.00178683  -0.0586152  -0.0978451  0.00090226  
-0.000919143  0.000847021  -0.00228469  -0.0460737  -0.0541771  -0.187965  
0.000172708  0.00051022  -0.00206303  -0.0419828  -0.00591789  0.10633  
0.00646423  -0.000738614  0.00163388  0.0323561  0.0746927  -0.0425688  
0.00375716  -0.000975034  0.000998161  0.0165034  0.092505  -0.136188  
0.000865528  0.00478737  -0.00189854  -0.109196  0.00191468  -0.0697978  
-0.00238366  0.00348759  -0.00200447  -0.0835355  -0.0466085  -0.143074  
0.00525886  0.00305156  -0.000803651  -0.0624264  0.0660396  -0.134838  
0.00745533  0.0027424  -0.000750321  -0.069408  0.102389  -0.0598026  
0.00741249  0.00200279  0.000353513  -0.0497544  0.0710829  0.0803872  
0.00782857  0.00143933  0.0010795  -0.0249124  0.109738  0.10928  
0.00606405  -0.000229331  0.000380888  0.0473768  0.0660341  0.255651  
0.00203987  0.00123799  0.00134792  -0.00736272  -0.0354475  0.172778  
0.00342809  -0.0010113  -0.000827543  0.0171054  -0.0114987  0.0172383  
0.000622068  -0.000235112  -0.00188435  -0.0155484  -0.0130225  0.158479  
0.00300608  -0.00152956  0.00129789  0.0472512  0.0821805  0.1081  
-0.000644711  0.00143798  0.00194447  -0.00574545  0.0428859  -0.134997  
0.000292754  0.000127276  -0.00210756  -0.0185176  -0.0600538  -0.244337  
-0.00353424  0.00178638  -0.00123846  -0.0492567  -0.0589666  -0.0926658  
-0.000239166  6.67326e-05  -0.00212653  -0.0124977  -0.0650713  0.0691895  
-0.0027462  0.000513103  -0.0014901  -0.013345  -0.0740236  -0.0373735  
0.00266516  -0.00175114  0.000849303  0.0364399  0.0931466  -0.0564421  
-0.00109834  -0.00077993  0.00252371  0.0365602  -0.0132891  -0.223121  
1.29059e-05  -0.00274642  0.00184879  0.051445  0.0274678  -0.222575  
-0.00238305  0.000319791  0.00192434  0.00637359  -0.0605603  -0.244604  
-0.00329071  -0.00110654  0.00188702  0.0367378  -0.0807916  -0.0790925  
-0.00326453  -0.000119917  0.00171933  -0.00119746  -0.0681239  -0.244869  
-0.00686564  -0.000443505  0.00149186  0.0416222  -0.0613881  -0.173009  
-0.00375344  0.00140321  0.00150096  0.000540694  -0.0827152  -0.134472  
-0.00462252  0.0020315  -9.78226e-05  -0.0344125  -0.0630525  -0.210107  
-0.00429336  0.00317005  -0.00107557  -0.0566458  -0.128016  -0.149478  
-0.00202995  9.9347e-05  0.00118036  -0.00562939  -0.0267702  -0.309678  
-0.00411152  -0.00030154  0.00128789  0.0261901  -0.0178376  -0.124541  
-0.00136651  -0.00051659  0.00178446  0.0306806  -0.016713  -0.181724  
-0.00496646  -0.000923321  0.000637179  0.0387524  -0.0963831  -0.195636  
0.00420663  -0.0016542  -0.00103264  0.00769532  0.0568067  0.0210456  
0.0012793  0.000117042  0.00172197  -7.23882e-05  0.000197919  -0.183072  
-0.0033382  0.000707432  0.00211554  0.00982768  -0.0745572  -0.273852  
-0.00287526  -0.00022834  0.00240224  0.0233769  -0.0537439  -0.248196  
-0.00547556  0.00014654  0.00201982  0.00522548  -0.111514  -0.104857  
-0.00254098  0.00239729  -0.000851988  -0.0516684  -0.0835683  -0.232619  
0.00328078  0.000766353  -0.00111382  -0.0300878  0.0669101  -0.0431088  
-0.00164205  -0.000118336  -0.000836108  -0.0265462  -0.151118  -0.17596  
-0.00296791  -0.0014313  0.0015657  0.0301428  -0.048878  -0.0602255  
0.00463086  -0.000764119  0.00201352  0.0104379  0.0983349  0.0270618  
0.0055908  -0.000559197  0.00197923  0.0102793  0.156625  0.0508486  
0.00571973  0.000562375  0.00175011  -0.00169129  0.0934266  -0.116233  
0.00637038  -0.000567458  0.00119771  0.022248  0.153951  -0.028462  
0.00433687  -0.00122623  0.00110472  0.0192191  0.0513109  -0.0639733  
0.00461144  -0.00131227  0.000885758  0.0139023  0.0996234  -0.0314662  
0.00671476  -0.000984307  0.000528544  0.0239079  0.109815  -0.0192724  
-0.00026537  -0.00113644  0.000729265  0.0254746  -0.161112  -0.153951  
-0.00163831  0.000304335  0.00157945  0.016447  -0.0879169  -0.257457  
-0.00280587  -0.000422413  0.00165686  0.0272739  -0.0589294  -0.202606  
-0.00517204  -0.000815181  0.00111102  0.0306972  -0.0785385  -0.0580594  
-0.00507414  0.00124352  0.000701908  -0.0396256  -0.106296  -0.112992  
-0.00337684  0.00163256  -0.000791504  -0.0490766  0.00949319  -0.0632358  
-0.00350197  0.00074205  -0.00111539  -0.0399921  -0.0847418  -0.149163  
-0.00540884  0.000508935  -0.00139167  -0.0470112  -0.129  -0.148635  
-0.00334988  0.00219905  -0.0010364  -0.0540485  -0.0384197  -0.146282  
-0.00503351  0.001279  -0.000766913  -0.0396941  -0.138939  -0.137397  
-0.00374455  0.000998229  0.00145729  -0.0219169  -0.0269291  -0.22907  
-0.00179377  -0.0014257  0.000896498  0.0134558  -0.101097  -0.227939  
-0.002216  0.000699472  -0.00137389  -0.0393559  -0.00688604  -0.31365  
0.00111118  -0.00119243  0.00137147  0.00753521  0.0147781  -0.285585  
0.000286821  -0.00241051  0.000866801  0.0345079  0.0844489  -0.307845  
0.000512034  -0.00108046  0.00252056  0.0289277  0.04926  -0.272091  
-0.00290556  -0.000205191  0.00186637  0.00434285  -0.0526361  -0.341024  
0.0019281  -0.00140026  0.00105208  -0.00606471  0.0305279  -0.275984  
0.0051175  -0.00163284  0.00115915  0.0177269  0.125012  -0.0634348  
0.00490032  -0.00090905  0.00154202  0.0067553  0.158005  -0.0172195  
0.00549855  -0.00177429  0.0016761  0.0313134  0.0752305  -0.0493292  
0.00308034  -0.0012537  0.00243892  0.0206357  0.107018  -0.282387  
0.00536306  -0.00110965  0.000641238  -0.00394149  0.121511  -0.152028  
0.00200622  4.33186e-05  -0.00128686  -0.0294641  -0.0402218  -0.300657  
0.00087114  -0.000678527  -0.00178102  -0.00989241  -0.0235843  -0.252644  
0.00449097  -0.00146631  0.00052764  0.00869779  0.108745  -0.0849066  
-0.000801401  -0.000297282  0.00141095  -0.00699293  -0.0900465  -0.215874  
-0.000303928  0.00141154  -0.000277398  -0.0609158  -0.0831534  -0.297642  
-0.000951941  0.00145822  -0.000518598  -0.0571681  -0.0757263  -0.293723  
0.00179297  0.00174231  -0.000633332  -0.0491975  0.0620571  -0.331404  
0.00351233  0.0014306  0.00151092  -0.031366  0.085906  -0.0898534  
0.0015182  0.00114681  0.00127433  -0.0376399  0.000300743  -0.339594  
-0.0018915  0.00261642  -0.00144342  -0.0671351  -0.100752  -0.318965  
-0.00274324  0.00232949  -0.0020653  -0.0753568  -0.0594885  -0.427034  
-0.0027272  0.00187957  -0.00160404  -0.0485558  -0.0942195  -0.295247  
-0.00184831  0.00213693  -0.00123052  -0.0579505  -0.0867246  -0.351118  
-0.00368786  0.00218541  0.000330213  -0.0388481  -0.0950929  -0.208959  
-0.00467355  0.00261148  -0.000763597  -0.0376798  -0.109039  -0.209241  
-0.0037336  0.00208983  -0.00178195  -0.0701297  -0.126678  -0.332351  
-0.00189108  0.000667276  -0.0015917  -0.0446954  -0.045945  -0.25713  
-0.00429075  0.00210171  -0.00107541  -0.0673871  -0.156627  -0.020697  
-0.00241199  -0.00171052  0.000216525  0.0128692  -0.123946  -0.152278  
-0.00138832  0.000836165  -0.00195072  -0.0486221  -0.0553787  -0.137884  
0.00192164  0.00139935  -0.00225522  -0.058455  -0.0423829  -0.222544  
-0.00340616  0.00289161  -0.00179778  -0.0831155  -0.0944626  -0.288609  
0.00167739  0.00500418  -0.00145858  -0.0937667  0.0203232  -0.161534  
-0.00197373  0.00392768  -0.00254009  -0.0987059  -0.072097  0.00136073  
-0.000161717  0.00256134  -0.00268613  -0.0882757  -0.0544266  -0.252811  
0.00145781  0.00287508  -0.00222159  -0.0739412  0.0256876  -0.293724  
-0.000365981  0.00248268  -0.00213078  -0.0666776  -0.103036  0.0631087  
5.55756e-05  0.000980867  -0.000360278  -0.0648469  0.0629256  -0.212501  
-0.000188795  0.000730404  -0.00117767  -0.0618831  0.0984568  -0.239621  
0.00614168  -0.000705325  -0.00179789  -0.013417  0.119164  0.0311098  
-0.000244972  0.000402636  -0.00106528  -0.0295139  -0.140273  0.0891819  
-0.00321767  0.000374915  -0.00116592  -0.0354202  -0.036655  -0.0679759  
-0.000390552  -0.000293791  -0.0022485  -0.0320798  -0.116479  -0.147156  
-0.00555488  0.000989657  -0.00139492  -0.0325101  -0.136698  -0.133448  
-0.0032552  -0.00200711  -0.00194593  -0.0160089  -0.0124052  -0.137961  
0.00412868  -0.00176883  -0.00202523  -0.00290447  0.143398  0.0131938  
-0.00344882  -0.00177776  -0.00115867  0.01484  -0.0978608  -0.0657251  
0.00142705  -0.00153563  -0.00200418  0.000605672  -0.029022  0.0248443  
0.00512929  0.00147834  -0.00165595  -0.032955  0.13382  -0.0928749  
0.0018281  0.00168452  -0.00212657  -0.0634227  0.0224533  -0.284097  
-0.00395382  0.0015809  -0.00187043  -0.0651189  -0.111658  -0.182328  
-0.00374924  0.00043397  -0.00180779  -0.0449666  -0.111475  -0.224284  
-0.000566841  6.8396e-05  -0.00245035  -0.0165678  -0.0489164  -0.183472  
-0.00105921  0.000782348  -0.00135025  -0.0229753  -0.11333  -0.267147  
-0.00322671  0.000405973  -0.00152963  -0.0169765  -0.0923351  -0.317069  
-0.00490721  0.000952098  -0.00187927  -0.062876  -0.140511  -0.0895446  
0.00258792  0.000860406  -0.00190878  -0.0658212  0.0961939  -0.207907  
-0.000806549  0.00163108  -0.000588666  -0.0579424  -0.113545  -0.167287  
-0.0041214  0.00176364  -0.00139139  -0.0477944  -0.110467  -0.108101  
-0.00582072  0.00233931  -0.00145583  -0.0660425  -0.131824  -0.169564  
0.0025298  0.00396312  -0.00122006  -0.0825117  0.112137  -0.0790695  
-0.00264432  0.00369412  -0.0013395  -0.0770595  -0.109887  -0.165984  
-0.00131176  0.00141704  -0.00240945  -0.0561634  -0.10464  -0.286113  
-0.00190401  0.00125893  -0.00189305  -0.0466625  -0.0783101  -0.09462  
-0.00527371  0.000331165  -0.00151101  -0.0269925  -0.166346  -0.16875  
-0.00576901  0.00107152  -0.00118218  -0.0388245  -0.13745  -0.240335  
-0.00812028  0.00222564  -0.00116079  -0.0562702  -0.169869  -0.145954  
-0.0069467  0.00351837  -0.00024197  -0.0561914  -0.169413  -0.254935  
-0.00744124  0.00229427  -0.000469495  -0.0730296  -0.209003  -0.254274  
-0.00417406  0.00217609  -0.000534354  -0.0243124  -0.0970884  -0.0112323  
-0.005923  0.00264696  -0.000875751  -0.069693  -0.162285  -0.30185  
-0.00615382  0.00362957  -0.00158238  -0.0899783  -0.174953  -0.320551  
-0.00506002  0.0031934  -0.00107162  -0.0696045  -0.12523  -0.235222  
-0.00346219  0.00324341  -0.0011558  -0.0695775  -0.151096  -0.166566  
-0.00466743  0.00228571  -0.00199456  -0.0658394  -0.142348  -0.285709  
-0.00234847  0.0011293  -0.0013631  -0.0483428  -0.00304659  -0.256999  
-0.00434533  0.00168971  -0.00164571  -0.0489502  -0.0591054  -0.0531668  
-0.00210754  0.00276891  -0.002289  -0.0792538  -0.0519207  -0.0663002  
0.000202873  0.00168767  -0.00188011  -0.0588989  -0.110367  -0.188315  
-0.00224871  0.0029077  -0.00196126  -0.0770095  -0.0962209  -0.248895  
-0.00242051  0.00220203  -0.00151752  -0.0700099  -0.106552  -0.29366  
-0.00350284  0.00264512  -0.000720109  -0.0698279  -0.0648545  -0.272768  
-0.0011013  0.00158648  -0.000699677  -0.0652806  -0.110342  -0.239803  
0.00029711  0.00253281  -0.00173572  -0.0621275  -0.0066049  -0.320516  
-0.00300636  0.0037632  -0.00129727  -0.0767591  -0.0942258  -0.19857  
-0.00484669  0.00464161  -0.000854352  -0.0857905  -0.122473  -0.24483  
-0.0037141  0.00318856  -0.00177738  -0.0644515  -0.10306  -0.232036  
-0.0055389  0.00242718  -0.00143679  -0.0868955  -0.146996  -0.247233  
-0.00620062  0.00322716  -0.00149046  -0.0825786  -0.17998  -0.117115  
0.00327196  0.00374427  -0.00171818  -0.0636809  0.0102378  -0.158997  
0.00461046  0.00210248  -0.00220887  -0.0621428  -0.0846685  -0.182468  
0.0069679  0.0022633  -0.000550305  -0.0426933  0.0721086  -0.105445  
0.0101379  0.00111595  0.00124648  -0.0220523  0.15112  0.123592  
0.0110388  0.00170997  0.00112891  -0.0458247  0.1311  0.23869  
0.0104492  0.00195551  0.00112132  -0.0530627  0.144336  0.148384  
0.00638484  0.00305525  -0.00139374  -0.0805789  0.0436792  -0.109663  
0.00567155  0.00319294  -0.00161158  -0.0873689  0.0558846  -0.132062  
0.00263467  0.00175352  -0.00158215  -0.0668558  0.0597359  -0.244708  
0.00647104  0.00213768  -0.00140448  -0.0639683  0.0637893  -0.0304931  
0.0019249  0.00113025  -0.00218767  -0.0581172  -0.0132664  -0.206521  
-0.00220703  0.00109968  -0.00122364  -0.064626  -0.14511  -0.268608  
-0.0021965  0.00134546  -0.00118873  -0.0655314  -0.11742  -0.262166  
0.00563805  0.00108975  -0.0021038  -0.0631446  0.0145657  -0.14701  
0.00240419  0.000956805  -0.00186209  -0.0521774  -0.0511873  -0.164013  
-0.00124698  0.00186313  -0.00157134  -0.0514154  -0.0996518  -0.278225  
-0.00151204  0.000127365  -0.00130011  -0.031736  -0.105625  -0.220865  
-0.000267896  0.00192871  -0.00244988  -0.0616867  -0.0483192  -0.296064  
-0.00125334  0.0010562  -0.00152312  -0.0379007  -0.11902  -0.283054  
-0.00110973  -0.000301058  -0.00132322  -0.0187686  -0.0490928  -0.341873  
-0.00207109  0.00126243  0.000960332  -0.0294571  -0.0868197  -0.292083  
-0.000399639  0.00101242  -0.000438535  -0.0385232  -0.0914983  -0.229591  
-0.00287606  0.00206858  -0.000500257  -0.0466643  -0.141472  -0.120011  
-0.00261125  0.0013655  -0.000892746  -0.0443484  -0.108636  -0.297517  
-0.00144125  0.0019153  -0.000854354  -0.0364336  -0.109349  -0.12624  
-0.00322535  0.00171124  -0.000624928  -0.0316246  -0.0786851  -0.103593  
-0.00243183  0.00173753  -0.000182988  -0.0322124  -0.130213  -0.131121  
-0.00245378  0.00110868  -0.000831899  -0.0283219  -0.0949649  -0.24513  
-0.000135434  0.00086454  -0.00181971  -0.0280172  -0.0248922  -0.282678  
0.00313587  0.000646254  -0.00236456  -0.0196261  -0.00707186  -0.192979  
-0.00138708  0.00118167  -0.00161501  -0.0385694  -0.07174  -0.299052  
0.000709361  0.000621815  -0.00225325  -0.0342875  0.027016  -0.249877  
0.00554631  -0.000106125  -0.00169311  -0.0216383  0.0452416  -0.104747  
0.00951923  -0.000265501  -0.00182847  -0.00415183  0.1306  0.00192594  
0.0048198  0.000965417  -0.00205925  -0.0336898  -0.00984323  -0.123258  
0.00070025  0.000541698  -0.00224952  -0.0289178  -0.0153798  -0.239619  
0.000873713  0.000864784  -0.00127011  -0.0272005  0.0409155  -0.220066  
0.00419616  0.000516349  -0.00211988  -0.0191425  0.0215687  -0.0512114  
0.000517507  -0.000327825  -0.00229322  -0.0200754  -0.049636  -0.329579  
-0.00244715  0.000191584  -0.00210389  -0.0406842  -0.0509054  -0.179867  
0.00475812  -0.000978988  -0.00140015  0.00361713  0.0482063  -0.0472463  
0.0046082  -0.00164344  -0.00147817  0.0140879  0.0351879  -0.130961  
0.00611658  -0.00132767  -0.00070843  0.0112179  0.152921  0.050841  
0.00663958  -0.00145226  0.00101137  0.0243043  0.0976262  0.0850863  
0.00565056  -0.00175158  0.000488444  0.0173249  0.0866303  -0.00888975  
-0.000759638  0.000444355  0.00149716  -0.0202011  -0.0606649  -0.187198  
-0.00210806  -0.000506675  -0.000899384  -0.0125066  -0.0871874  -0.260747  
0.000892044  -0.00125313  0.00142977  0.0117454  0.00614504  -0.163296  
0.00191562  -0.00217381  0.00221777  0.0312246  0.0109122  -0.0655241  
-0.0023537  -0.0013713  0.00174788  0.0313945  -0.0784178  -0.146408  
-0.00374445  -0.000450368  0.00164753  0.00902883  -0.0665407  -0.173231  
-0.00357519  0.000555957  0.00183312  -0.0116621  -0.0772797  -0.177233  
-0.00225884  -0.000957889  0.00085872  0.0240404  -0.0511166  -0.222334  
-0.00103116  -7.17187e-05  0.00180618  -0.0040108  -0.0393123  -0.189703  
0.00162883  0.000281206  0.00137722  -0.0206488  0.0500531  -0.267358  
0.00266572  4.56097e-05  0.00140367  -0.0210837  0.102932  -0.234218  
0.00809642  0.000358201  0.000103899  -0.0531175  0.129241  -0.153939  
0.00899339  0.00174178  -0.00121741  -0.0648095  0.068269  -0.191712  
0.00645  0.000807768  -0.00211804  -0.0557014  0.0545723  -0.261027  
0.0074655  3.57881e-05  -0.00179886  -0.034359  0.111067  -0.0872266  
0.00767389  -0.00069981  -0.0010965  -0.0183951  0.0933863  0.00617597  
0.00636154  -0.000731132  -0.000903603  -0.0127696  0.0536158  -0.120055  
0.00517764  -0.0010245  0.000954731  -0.0142257  0.0702259  -0.160375  
0.00284901  0.000426322  0.00113575  -0.0291976  0.087755  -0.258403  
0.00601693  -0.000147776  -0.000705519  -0.0330919  0.142521  -0.135311  
0.00364082  -0.000702376  -0.00147218  -0.0175331  -0.00503541  -0.019844  
0.00359342  0.00111003  0.000641111  -0.0464315  -0.0129937  -0.184452  
0.000901408  -0.00141306  0.000903064  0.0178549  0.0120574  -0.326858  
0.000639655  0.000211144  -0.00193454  -0.0349226  0.00630748  -0.231734  
-0.00335101  0.00119137  -0.00132821  -0.03032  -0.0721274  -0.373366  
-0.00181909  0.000168325  -0.00150442  -0.0173024  -0.0748543  -0.289532  
-0.00226987  0.000645128  -0.00094022  -0.0336908  -0.100405  -0.280768  
-0.00519011  0.000734217  -0.000758114  -0.0558702  -0.11246  -0.367461  
-0.00323407  0.00112146  -0.00069399  -0.0559925  -0.110113  -0.303934  
0.00160633  0.00164447  -0.000575315  -0.0446168  0.0684301  -0.357785  
-0.00137627  0.000845012  0.00118237  -0.0172659  -0.0888764  -0.278231  
-0.000164002  -0.000115771  0.00197364  -0.00769846  -0.00310905  -0.265305  
-0.00179804  -0.000717055  0.00126439  0.00170296  -0.101831  -0.253369  
-0.00220856  -0.000245448  -0.00122415  -0.0280696  -0.118567  -0.300169  
-0.00369268  0.000338102  0.00150039  -0.0108189  -0.113231  -0.378262  
-0.00248106  0.000686231  -0.00113899  -0.0446548  -0.074448  -0.264081  
-0.0048712  -0.000968679  0.0011437  0.0192838  -0.0526302  -0.179977  
0.00321242  0.00181939  -0.00150356  -0.0590628  0.105724  0.103597  
-0.00103725  0.00130786  -0.000426258  -0.0609088  -0.138443  0.130721  
-0.00156077  0.00210796  -0.000815323  -0.0476886  -0.114804  0.0444432  
-0.0010061  -0.00314487  -0.000246975  0.0240135  -0.114947  -0.0422945  
-0.002772  -0.00219848  0.00050796  0.0159402  -0.11085  -0.0261802  
-0.00210073  -0.00223964  0.00132032  0.0241675  -0.0949317  -0.0431724  
-0.00196227  -0.00182766  0.00170551  0.0124012  -0.0609261  -0.142768  
-0.00485089  -0.000545295  0.00183716  -0.00418254  -0.0826105  -0.228366  
-0.00433456  0.00133689  0.00133547  -0.0388584  -0.078431  -0.360981  
-0.00291261  -0.000446026  0.00201721  0.00315937  -0.025618  -0.254681  
-0.00363223  -0.00126296  0.00258843  0.0215517  -0.0517962  -0.0863666  
0.000168301  -0.000290679  0.00277295  0.00803341  -0.0318258  -0.238487  
-0.00110418  0.000803893  0.00221555  0.00415877  -0.0852353  -0.364686  
-0.0030865  0.00130425  0.00158263  -0.0205662  -0.122627  -0.275747  
-0.00404955  0.000580727  0.00156991  -0.0113998  -0.132425  -0.111274  
-0.00293918  0.000930669  0.000911205  -0.0413443  -0.163482  -0.134818  
-0.00199998  -0.000127634  0.00119505  -0.00455388  -0.0789795  -0.281401  
-0.00342872  -0.000944677  0.00122461  0.0257261  -0.110896  -0.344386  
-0.00562103  -0.000939946  0.00147039  0.0366552  -0.135414  -0.276944  
-0.00423309  -0.000821842  0.00134179  0.0262621  -0.131889  -0.226124  
-0.00512028  -1.93243e-05  0.00170431  0.00169971  -0.148802  -0.255095  
-0.00565222  0.000141666  0.00136645  -0.00282703  -0.160343  -0.286723  
-0.00599788  -0.000500331  0.00158241  0.0247481  -0.120744  -0.208751  
-0.000150997  -0.000431526  0.00288566  0.0278119  -0.0196948  -0.279955  
-0.00101463  -0.000965341  0.00166065  0.0235893  -0.145247  -0.324512  
0.00134695  -0.000808833  0.00172731  0.0263166  -0.0676098  -0.172668  
-0.00152844  -0.0014767  0.00126038  0.0254939  -0.0984337  -0.222447  
0.00520444  -0.00227596  0.00171096  0.0392371  0.0068954  -0.130427  
0.00283308  -0.001509  0.00163404  0.0215141  -0.0352474  -0.364884  
0.00113766  -0.00120284  0.00172155  0.013433  -0.0185211  -0.405348  
0.0027622  -0.00278233  0.00155186  0.0578114  -0.0371291  -0.11984  
-0.000692273  -0.00217773  0.00253877  0.0649527  -0.0326379  -0.276359  
-0.000411078  -0.000995362  0.00243059  0.0411965  -0.082828  -0.273457  
-0.00112538  -0.000992498  0.00250355  0.0377023  -0.0522425  -0.333491  
-0.000523161  -0.0011901  0.00246241  0.0397637  -0.115429  -0.282228  
-0.00423961  -0.00100998  0.00268707  0.0424158  -0.115422  -0.297787  
-0.00389953  -0.000931069  0.00237736  0.029836  -0.104933  -0.364377  
-0.00546633  -0.000730201  0.00212781  0.0265052  -0.18452  -0.270362  
-0.00478113  -0.00166123  0.00215335  0.0439998  -0.15943  -0.311225  
-0.00217328  -0.00167323  0.00241869  0.0448288  -0.101188  -0.208291  
-0.00211528  -0.00124948  0.00283923  0.0510364  -0.111708  -0.236218  
-0.00461225  -0.000928944  0.00276333  0.032877  -0.108297  -0.297522  
-0.00369638  -0.00166208  0.00278576  0.0516437  -0.0595488  -0.293187  
-0.00333589  -0.00180491  0.0032896  0.0526024  -0.0378849  -0.283331  
-0.00313252  -0.00124991  0.00251327  0.0339677  -0.0613945  -0.349641  
0.00165525  -0.00233516  0.0026477  0.070082  -0.00539045  -0.287085  
-0.00281876  -0.00216167  0.00211508  0.072297  -0.101288  -0.360035  
-0.00504312  -0.00238655  0.00213465  0.0546337  -0.135273  -0.35617  
-0.0046843  -0.00172715  0.00198016  0.0545294  -0.0860634  -0.220746  
-0.00367101  -0.00253494  0.00288476  0.0895583  -0.121126  -0.207152  
-0.00485474  -0.00234718  0.00233593  0.079147  -0.151615  -0.0818045  
-0.00471629  -0.00115738  0.00201727  0.0391583  -0.164073  -0.346226  
-0.00158491  -0.00165287  0.00192058  0.0542087  -0.116801  -0.255204  
-0.00457455  -0.000770063  0.00147217  0.0302204  -0.196789  -0.0323757  
-0.00515048  -0.00051191  0.00192497  0.0293401  -0.147696  -0.207403  
-0.00685181  -0.000905695  0.00291696  0.0338835  -0.0503611  -0.296431  
-0.00528447  -0.00206657  0.00316058  0.0489957  -0.0375833  -0.224904  
-0.00529462  -0.0017626  0.00262449  0.0446921  -0.118431  -0.286474  
-0.00571743  -0.00173727  0.00244963  0.045298  -0.119683  -0.3617  
-0.00701505  -0.00230458  0.0023193  0.0578484  -0.154989  -0.247872  
-0.00334129  -0.000642944  0.00329894  0.0307434  -0.064323  -0.412928  
-0.00297675  -0.00121347  0.00309757  0.0489311  -0.0728944  -0.325244  
-0.00495931  -0.00178949  0.00235813  0.0401287  -0.165802  -0.204062  
-0.00460349  -0.00193166  0.00268628  0.047065  -0.11193  -0.355723  
-0.00397085  -0.00201829  0.00285578  0.0449353  -0.107146  -0.24309  
-0.00196481  -0.00268274  0.00404641  0.0961662  -0.0254204  -0.329916  
-0.00372899  -0.00283156  0.00330634  0.0858995  -0.110719  -0.246628  
-0.00371264  -0.001739  0.00270914  0.0608097  -0.130043  -0.36703  
-0.00290717  -0.00173582  0.00283262  0.0703586  -0.0770491  -0.296791  
-0.00442981  -0.00269127  0.00230037  0.0682335  -0.173346  -0.319895  
-0.00405182  -0.0027063  0.0022594  0.0571291  -0.108793  -0.246562  
-0.000855648  -0.00182491  0.00303729  0.0449132  0.0203905  -0.185461  
0.00550597  -0.00183011  0.0018709  0.0354641  0.149946  -0.110375  
0.005639  -0.00196405  0.00179047  0.0222823  0.0600049  -0.0352288  
0.00474592  -0.00224385  0.00227854  0.0450316  0.0822138  -0.0320701  
1.65101e-05  -0.00142714  0.00289417  0.0446452  -0.0531152  -0.221267  
-0.00320142  -0.00294658  0.0018725  0.053834  -0.107088  -0.204527  
-0.00400231  -0.00249392  0.00153657  0.0536778  -0.0962734  -0.208691  
-0.0025895  -0.00226257  0.00173946  0.0445821  -0.056595  -0.204703  
-0.00283321  -0.00155373  0.00221085  0.032033  -0.0980403  -0.267703  
0.00118031  -0.000895  0.00279233  -0.00196207  0.0614663  -0.257208  
0.00010925  -0.000437766  0.00235626  -0.0126054  -0.0648089  -0.21879  
-0.00698695  -0.00106115  0.00166939  0.0101049  -0.185085  -0.321337  
-0.00569777  -0.001175  0.00167411  0.0272266  -0.136595  -0.347136  
-0.00621174  -0.000427873  0.00268723  0.0189174  -0.114383  -0.28822  
-0.00392361  -0.000428293  0.00241676  -0.00495572  -0.0344467  -0.395705  
-0.00360606  0.000280459  0.00232697  -0.010946  -0.104967  -0.323029  
-0.00275009  0.00112151  0.00154528  -0.01913  -0.10422  -0.418773  
0.00134123  -0.000869955  0.00192401  0.0203173  0.0440152  -0.182648  
-0.000854965  -0.00111536  0.00233629  0.0353982  -0.119615  -0.151797  
-0.00271031  -0.0012543  0.00249533  0.038066  -0.132523  -0.220173  
-0.00450858  -0.000914958  0.00234851  0.0217108  -0.118029  -0.318501  
-0.00647349  0.000980496  0.00166829  -0.00389014  -0.125472  -0.319871  
-0.00755004  -0.000203726  0.00159217  0.0146418  -0.151949  -0.197996  
-0.00739503  -0.000839734  0.00199008  0.0176809  -0.193629  -0.314129  
-0.00758576  -0.000314919  0.00192627  0.0136385  -0.13391  -0.273575  
-0.00760122  0.000430987  0.0017886  0.00476917  -0.177423  -0.219167  
-0.00777386  0.000696736  0.0021338  0.0119879  -0.156252  -0.310151  
-0.00637646  0.000841663  0.00168198  -0.0034679  -0.176512  -0.441562  
-0.00753114  0.00134936  0.00113202  -0.00969377  -0.123195  -0.329386  
-0.00301412  0.00181229  0.00116155  -0.0332728  -0.076438  -0.392307  
0.00190938  -0.000696685  0.00247218  0.0272273  0.127523  -0.33444  
-0.00309248  -0.00240129  0.00166873  0.0475292  -0.0926442  -0.280691  
-0.00233868  -0.00168472  0.00177303  0.0353615  -0.110986  -0.224001  
-0.00208493  -0.000404967  0.00199291  0.0143729  -0.125903  -0.260254  
-0.00472111  -0.00188233  0.00186333  0.0474  -0.150945  -0.405874  
-0.00832027  -0.000656359  0.00150636  0.0237244  -0.184122  -0.29166  
-0.00687265  -0.00110722  0.00189872  0.0438571  -0.123304  -0.239047  
-0.00749894  0.000269038  0.00165289  0.0195072  -0.181679  -0.174451  
-0.00871343  -0.000957073  0.00190712  0.0368175  -0.146227  -0.209295  
-0.00636502  -0.000511269  0.00174343  0.0171886  -0.104849  -0.237838  
-0.00897168  0.00282981  0.000594423  -0.034626  -0.18675  -0.165362  
-0.00695743  0.00174821  0.000612909  -0.0198084  -0.195123  -0.226973  
-0.00766815  0.000586856  0.00182219  0.000492248  -0.18807  -0.284213  
-0.00777286  0.000204632  0.0026374  0.0272585  -0.166432  -0.242314  
-0.0101957  0.000759281  0.00214361  0.00720906  -0.206393  -0.173961  
-0.00614739  0.000729688  0.00167755  0.0111768  -0.0773329  -0.11876  
-0.00614771  0.00140744  0.00204504  0.0212814  -0.0883422  -0.237616  
-0.00746606  -0.000808808  0.00204038  0.0466199  -0.138817  -0.175003  
-0.00869958  -1.74897e-05  0.00214111  0.0339793  -0.162581  -0.159952  
-0.0085075  0.000629626  0.00198446  0.0161295  -0.193468  -0.242606  
-0.00835971  -0.000347225  0.00171152  0.0315895  -0.161504  -0.328534  
-0.00833504  -0.0002754  0.00159113  0.0253777  -0.137695  -0.156198  
-0.00450544  -0.000563414  0.000697501  0.0568759  -0.100187  -0.0920769  
-0.00454485  -0.00235048  0.00249888  0.0710943  -0.0898497  0.0558321  
-0.00242136  -0.00214625  0.00250474  0.0643016  -0.100564  0.0710172  
-0.00403073  -0.0011745  0.00170897  0.0484525  -0.132248  -0.177598  
-0.00443412  -0.00157852  0.00240128  0.055693  -0.0794438  -0.237868  
-0.00667186  0.000203432  0.00243027  0.026217  -0.076878  -0.331879  
-0.00778075  -0.000108465  0.00256686  0.0301411  -0.177344  -0.255346  
-0.00720356  -0.00232484  0.00147402  0.0622327  -0.149299  -0.113022  
-0.00836376  -0.00167911  0.00170393  0.0488039  -0.190303  -0.146154  
-0.00866426  -0.00200189  0.00238599  0.0830131  -0.200661  -0.160989  
-0.00836667  -0.00153607  0.0019346  0.0677226  -0.191964  -0.206696  
-0.00812356  -0.00179347  0.00203341  0.0888056  -0.185958  -0.245315  
-0.00707381  -0.00154681  0.00189392  0.0466625  -0.154918  -0.186061  
-0.00793502  -0.000624308  0.0019064  0.0413426  -0.19707  -0.204909  
-0.00967197  -0.00143456  0.00145305  0.0613575  -0.158418  -0.242061  
-0.0084418  -0.00185982  0.00169436  0.07608  -0.174941  -0.0884869  
-0.00785021  -0.0018994  0.00137354  0.0620144  -0.192745  -0.0361699  
-0.00926673  -0.000368421  0.00156602  0.0414442  -0.207382  -0.121477  
-0.00840537  -0.00134333  0.0021455  0.06954  -0.174233  -0.150623  
-0.00305028  -0.00253528  -0.000367197  0.00433205  -0.0591029  -0.0586755  
0.00175145  -0.0026826  0.00214729  0.060263  0.00866189  -0.160746  
-0.00182039  -0.00311535  0.00248363  0.0755224  -0.0157497  -0.141093  
-0.00356298  -0.00361738  0.00221274  0.0925802  -0.0835061  -0.117964  
-0.0038408  -0.0040976  0.00220259  0.107598  -0.101915  -0.129645  
-0.00558975  -0.00386348  0.00282885  0.105826  -0.133118  -0.142365  
-0.0058191  -0.0040465  0.00275927  0.113457  -0.132224  -0.0350305  
-0.00595272  -0.00283993  0.00281064  0.0967718  -0.119331  -0.10525  
-0.00628667  -0.00325583  0.00229979  0.0900571  -0.083061  -0.0644938  
-0.00544216  -0.00401613  0.00293094  0.110872  -0.137238  -0.076344  
-0.00797535  -0.00334766  0.0028771  0.0812783  -0.135815  -0.166885  
-0.00772639  -0.00297986  0.00199774  0.0805248  -0.143923  -0.147383  
-0.00745903  -0.00322065  0.000691317  0.0887273  -0.126709  -0.173078  
-0.00866488  -0.00374762  0.00202619  0.100619  -0.135921  -0.0809753  
-0.0093885  -0.00296586  0.00190674  0.0937687  -0.200011  -0.040099  
-0.00768405  -0.00330578  0.00255705  0.10869  -0.19667  -0.00244494  
-0.0087949  -0.00466467  0.00278188  0.119907  -0.172384  0.00757833  
-0.00888568  -0.00374643  0.00251076  0.103906  -0.206333  -0.0615403  
-0.0096008  -0.00391537  0.00204699  0.0948385  -0.216888  -0.0721398  
-0.00787652  -0.00350864  0.00265086  0.0996418  -0.217265  -0.0570007  
-0.00864506  -0.00365454  0.00264659  0.118157  -0.218043  -0.0329626  
-0.00799545  -0.00320925  0.00230454  0.0901144  -0.178502  -0.0461239  
-0.00723745  -0.00320951  0.00304776  0.118153  -0.107428  -0.0980238  
-0.00857756  -0.00330714  0.00312391  0.109719  -0.152533  -0.115885  
-0.0115837  -0.00332054  0.00270397  0.110892  -0.26373  -0.166342  
-0.0115585  -0.00327496  0.00236981  0.116036  -0.249317  -0.128706  
-0.0107439  -0.00356656  0.00229914  0.119574  -0.250756  -0.21664  
-0.0111011  -0.00309367  0.00193534  0.110327  -0.22232  -0.108412  
-0.00959019  -0.00271525  0.00178119  0.0916226  -0.229166  -0.104633  
-0.00904739  -0.00334089  0.00240737  0.103825  -0.157844  -0.135485  
-0.00887533  -0.00358073  0.00335385  0.110271  -0.146103  -0.201115  
-0.0042355  -0.00458289  0.00251369  0.128088  -0.0464504  -0.12524  
-0.00538185  -0.00371841  0.0019056  0.10417  -0.137738  -0.053302  
-0.00652188  -0.00337437  0.00201252  0.104708  -0.146739  0.0172529  
-0.00852118  -0.003832  0.00274758  0.107451  -0.225044  -0.0231541  
-0.00809301  -0.003537  0.00268339  0.110883  -0.144683  -0.066814  
-0.00823489  -0.00365871  0.00298158  0.105824  -0.221627  -0.0696744  
-0.00931949  -0.00323432  0.00327447  0.104276  -0.173255  -0.187457  
-0.00954482  -0.00332163  0.00296125  0.0994773  -0.183377  -0.15024  
-0.0101836  -0.00239371  0.00227811  0.0737073  -0.208363  -0.146677  
-0.00854903  -0.00311404  0.00257387  0.0902469  -0.192554  -0.180509  
-0.00953587  -0.00307165  0.00303798  0.103209  -0.172899  -0.154446  
-0.00959322  -0.00256322  0.00302071  0.0879694  -0.197312  -0.2104  
-0.00933603  -0.00302431  0.00306467  0.0925091  -0.165983  -0.117477  
-0.00938616  -0.00303111  0.00237123  0.0983369  -0.151056  -0.10715  
-0.00573601  -0.00329512  0.00260917  0.101044  -0.12253  -0.211399  
-0.00819372  -0.00280267  0.00308374  0.104741  -0.177539  -0.130957  
-0.00669782  -0.00228117  0.00312627  0.0764809  -0.0767264  -0.102657  
-0.00782171  -0.00294389  0.00274694  0.0902777  -0.15419  -0.137646  
-0.00501549  -0.00348894  0.00229969  0.0785641  -0.0542748  -0.211097  
-0.00698222  -0.000965211  0.00261131  0.0660981  -0.146489  -0.160557  
-0.00796762  -0.00260364  0.00209217  0.0871063  -0.168249  -0.0914152  
-0.00659214  -0.00189445  0.00281067  0.079242  -0.115267  -0.0366845  
-0.00479286  -0.00267218  0.0026866  0.0874364  -0.0358678  -0.058784  
-0.00643067  -0.0029667  0.00282433  0.0952154  -0.143649  -0.109787  
-0.00971322  -0.00263233  0.00291123  0.0950449  -0.173123  -0.13562  
-0.00834507  -0.00338343  0.00283954  0.101537  -0.173957  -0.0280185  
-0.0102877  -0.00166879  0.00294938  0.0828588  -0.197296  -0.115775  
-0.00793408  -0.00213208  0.00283867  0.0681187  -0.155155  -0.200479  
-0.00932601  -0.00282435  0.00253582  0.0832348  -0.182367  -0.105894  
-0.0088742  -0.00289  0.00308701  0.0935361  -0.135625  -0.142703  
-0.010659  -0.00209095  0.00235565  0.0768148  -0.241651  -0.235101  
-0.0112284  -0.00239874  0.00273576  0.0832276  -0.183106  -0.225696  
-0.00673175  -0.00326324  0.00214162  0.0900724  -0.191687  -0.300903  
-0.00938697  -0.00304064  0.00246517  0.0921527  -0.207233  -0.29124  
-0.0109912  -0.0031157  0.00298601  0.101774  -0.210009  -0.211176  
-0.0106301  -0.00301034  0.00326363  0.10012  -0.234905  -0.139676  
-0.0105842  -0.00261905  0.0028141  0.0929304  -0.244176  -0.201722  
-0.0119374  -0.00195853  0.00308904  0.0794188  -0.25948  -0.251949  
-0.0103633  -0.00261905  0.00323339  0.10188  -0.177209  -0.221551  
-0.015084  -0.00337654  0.00365375  0.119302  -0.339558  -0.124505  
-0.0103281  -0.00223827  0.00205509  0.0741508  -0.244716  -0.095684  
-0.00974849  -0.00200709  0.00234116  0.0834611  -0.264471  -0.0590544  
-0.0113954  -0.00206052  0.00210999  0.0833727  -0.293916  0.0220146  
-0.0145195  -0.00310915  0.00236068  0.102667  -0.373305  0.0350263  
-0.0142934  -0.00420929  0.00248736  0.10859  -0.330097  0.0677247  
-0.00738005  -0.00316004  0.00283732  0.109223  -0.201288  -0.0635401  
-0.00549836  -0.00399053  0.00363008  0.127633  -0.11474  -0.0607458  
-0.00599639  -0.00354755  0.00333725  0.122324  -0.0940538  0.00719564  
-0.00725763  -0.00230933  0.00272971  0.0886306  -0.120925  -0.0301716  
-0.00678868  -0.00306341  0.00212676  0.0850055  -0.128804  -0.0305147  
-0.00800987  -0.00398441  0.00193597  0.100686  -0.170038  -0.0817552  
-0.0080683  -0.00323983  0.00167838  0.0802933  -0.205839  -0.088084  
-0.0125112  -0.00169708  0.00144898  0.0473374  -0.413117  0.00480451  
-0.0194566  -0.00192031  0.00140765  0.0445827  -0.590327  0.174959  
-0.0189558  -0.0021041  0.00154929  0.0473169  -0.556116  0.0648868  
-0.0163333  -0.00304461  0.00194992  0.0739058  -0.476196  -0.00115489  
-0.0157231  -0.0029747  0.00233881  0.0790208  -0.383847  -0.0449325  
-0.0169965  -0.00367669  0.00254747  0.0890728  -0.407163  -0.0397201  
-0.0164879  -0.00357928  0.00257545  0.0917065  -0.388361  -0.0611013  
-0.0161593  -0.00429126  0.00267862  0.102876  -0.388926  -0.0805518  
-0.0158429  -0.00290873  0.00168237  0.0537767  -0.309809  -0.0462473  
-0.0135465  -0.00271432  -0.000463723  -0.0085877  -0.323976  -0.0181435  
-0.0142388  -0.00339846  0.000952927  0.0492161  -0.403047  -0.0407019  
