0.0145586  0.0027128  0.00178201  -0.0544469  -0.243453  -0.361807  
0.01466  0.0027128  0.00195841  -0.0620284  -0.303697  -0.315318  
0.0140617  0.0027128  0.00178201  -0.0487973  -0.239192  -0.286757  
0.0140289  0.0027128  0.00178201  -0.0657879  -0.30189  -0.262829  
0.0133159  0.0027128  0.0019552  -0.0653395  -0.239759  -0.267527  
0.0143208  0.0027128  0.00178201  -0.0663536  -0.30163  -0.25226  
0.0137888  0.0027128  0.00178201  -0.0676329  -0.238132  -0.257517  
0.0142488  0.00276646  0.00202155  -0.0618138  -0.289301  -0.249776  
0.0140267  0.0027128  0.00178201  -0.0659689  -0.261242  -0.235293  
0.0139099  0.0027128  0.00202971  -0.0649275  -0.289686  -0.239361  
0.0138126  0.0027128  0.00206875  -0.0674594  -0.278895  -0.237117  
0.0142  0.00251981  0.00217683  -0.0652457  -0.27279  -0.256574  
0.0143692  0.0024771  0.00206531  -0.0649155  -0.278107  -0.229841  
0.013949  0.00237783  0.0020844  -0.061136  -0.256482  -0.228551  
0.0141122  0.00249866  0.00235214  -0.0555957  -0.293123  -0.198532  
0.0138523  0.00238726  0.00204915  -0.0634333  -0.224673  -0.227227  
0.0138697  0.00226419  0.00206154  -0.0594915  -0.295997  -0.186343  
0.0135113  0.00240068  0.00201656  -0.0660171  -0.221208  -0.215546  
0.0136468  0.00256561  0.00194898  -0.0582437  -0.284608  -0.177035  
0.0132857  0.00273606  0.00193703  -0.0594981  -0.236777  -0.197239  
0.0134824  0.00236278  0.00194032  -0.0618666  -0.269058  -0.160499  
0.013357  0.00273606  0.00194876  -0.0599988  -0.239937  -0.193555  
0.0137918  0.00242967  0.00200589  -0.0520454  -0.25879  -0.172761  
0.0131774  0.00251506  0.00194511  -0.0563995  -0.242399  -0.191501  
0.0138975  0.00244567  0.00212903  -0.0634342  -0.288325  -0.15752  
0.0130852  0.00273606  0.00194055  -0.0699105  -0.229773  -0.168812  
0.0135752  0.00265635  0.0019218  -0.0595272  -0.283327  -0.1502  
0.0127467  0.00273606  0.00192328  -0.0528043  -0.220447  -0.155561  
0.0133548  0.00273606  0.00194598  -0.0499315  -0.27594  -0.134327  
0.0126348  0.00316024  0.00191861  -0.0698373  -0.216221  -0.120583  
0.0133009  0.0028942  0.00209701  -0.0640624  -0.285521  -0.123339  
0.0124942  0.00282226  0.00190868  -0.0642193  -0.224034  -0.140579  
0.0128341  0.00260272  0.00190636  -0.0619571  -0.28022  -0.118823  
0.0125124  0.00316024  0.00192022  -0.0652846  -0.234384  -0.140429  
0.0129852  0.00289517  0.00188288  -0.0578928  -0.255015  -0.120163  
0.0125381  0.00284507  0.00180431  -0.0608347  -0.22835  -0.146033  
0.0127136  0.00272845  0.00195105  -0.0601543  -0.243535  -0.0947551  
0.0121586  0.00290258  0.00183909  -0.0558516  -0.240891  -0.119184  
0.0122656  0.00280253  0.00188123  -0.0533946  -0.240912  -0.0863911  
0.0115576  0.00277228  0.00166327  -0.0609195  -0.240814  -0.103928  
0.0119504  0.00254389  0.00184774  -0.0560682  -0.24931  -0.0732437  
0.0123199  0.00258608  0.00186025  -0.05466  -0.2097  -0.106558  
0.0123924  0.00262528  0.00190872  -0.0587798  -0.26036  -0.0589874  
0.0115843  0.00252724  0.00190668  -0.0585914  -0.216576  -0.0888775  
0.0123486  0.00254493  0.00184512  -0.052577  -0.252698  -0.102833  
0.0114373  0.00215667  0.00189676  -0.0532994  -0.21478  -0.12017  
0.0120751  0.00264535  0.00194538  -0.0533348  -0.243893  -0.1154  
0.0113395  0.00256101  0.00185192  -0.0547926  -0.204004  -0.127362  
0.0122027  0.00277637  0.00189678  -0.0560233  -0.24958  -0.109945  
0.011208  0.00273422  0.00181556  -0.0561488  -0.198954  -0.120614  
0.0120254  0.00271784  0.00190807  -0.0550841  -0.244555  -0.0899722  
0.0115528  0.0027176  0.00195095  -0.0557224  -0.192945  -0.126148  
0.0118446  0.00281869  0.00190466  -0.0569174  -0.245869  -0.111027  
0.0112123  0.0027162  0.00183718  -0.0518883  -0.203866  -0.109421  
0.0111985  0.00302104  0.00186752  -0.0603612  -0.255616  -0.0983486  
0.0110458  0.00264512  0.00181816  -0.0603047  -0.20564  -0.0964139  
0.0126002  0.0026064  0.00188477  -0.0581716  -0.221287  -0.121179  
0.0113383  0.00259717  0.00179615  -0.0543503  -0.191177  -0.105242  
0.0118889  0.002725  0.00193552  -0.0562849  -0.243367  -0.0874447  
0.0113743  0.00258958  0.00183237  -0.0581809  -0.206939  -0.0865264  
0.0118749  0.00255454  0.00194822  -0.0529607  -0.246639  -0.0677791  
0.0114295  0.00257451  0.00189192  -0.0624663  -0.192853  -0.0780989  
0.011905  0.00265931  0.00193726  -0.0699205  -0.23766  -0.0638812  
0.0114219  0.00260858  0.00194955  -0.056567  -0.198933  -0.0937565  
0.0120424  0.00235859  0.00195157  -0.046787  -0.243411  -0.0730111  
0.0112675  0.0026921  0.00200797  -0.0548394  -0.203295  -0.0818227  
0.0125514  0.00240399  0.00203201  -0.0601746  -0.239403  -0.094745  
0.0117535  0.00255343  0.00191571  -0.060168  -0.221623  -0.0633203  
0.0110193  0.00235478  0.00190605  -0.0571797  -0.212099  -0.0673014  
0.0115252  0.00250977  0.00194837  -0.0537307  -0.237214  -0.0311719  
0.0111904  0.00237108  0.00190593  -0.0586212  -0.186757  -0.0528038  
0.0117428  0.00271283  0.00186346  -0.0584239  -0.240645  -0.00484389  
0.0110696  0.00245417  0.00194685  -0.0532504  -0.185111  -0.0326004  
0.0114834  0.00244589  0.00195233  -0.0569928  -0.251632  0.0142822  
0.0107815  0.00231099  0.00201859  -0.0531391  -0.195113  -0.0138183  
0.0116568  0.00257301  0.00205033  -0.0517438  -0.2473  0.0107879  
0.0105316  0.00243043  0.00224048  -0.053165  -0.18527  -0.00958628  
0.0113912  0.00238253  0.00194505  -0.0538679  -0.218565  0.00250546  
0.0108908  0.00236834  0.00201471  -0.0552696  -0.18292  0.00614052  
0.011212  0.00249281  0.00199829  -0.0536767  -0.219449  0.0108352  
0.0112153  0.00278633  0.00205199  -0.0593576  -0.202343  0.014097  
0.0115958  0.00235657  0.0020359  -0.0507913  -0.208319  -0.00658815  
0.0108067  0.00240105  0.00211403  -0.0484982  -0.202303  0.0176975  
0.0109111  0.00235168  0.00218278  -0.0531191  -0.205184  -0.00520691  
0.0116254  0.00245076  0.00235215  -0.0506454  -0.20234  0.000200058  
0.0109279  0.00227461  0.00235215  -0.0463514  -0.180683  -0.0151415  
0.0126243  0.00236995  0.00235215  -0.045821  -0.215192  -0.00445115  
0.0106835  0.00227378  0.00212001  -0.0502939  -0.171819  0.00679971  
0.0112677  0.00234538  0.00235215  -0.0505451  -0.229531  0.019859  
0.010527  0.00231115  0.00218782  -0.047974  -0.186509  0.00617564  
0.0109093  0.00235208  0.00220732  -0.0489834  -0.22358  0.0253665  
0.0101295  0.00243548  0.00233766  -0.0503614  -0.170426  0.00812978  
0.0108364  0.00237333  0.00235267  -0.0409434  -0.206606  0.0272897  
0.010264  0.00264466  0.00227942  -0.048247  -0.183863  0.0286349  
0.0105711  0.00238307  0.00225537  -0.0430175  -0.206575  0.0288586  
0.0102432  0.00297882  0.00230006  -0.0574208  -0.197494  0.0390853  
0.0101018  0.00239206  0.00208658  -0.0509377  -0.189584  0.00168724  
0.0103691  0.00283803  0.00200112  -0.0534762  -0.22337  0.0349426  
0.00983012  0.00249663  0.00193837  -0.0502219  -0.173965  0.0165483  
0.0101239  0.00255088  0.00188863  -0.0548581  -0.221138  0.0298773  
0.00999647  0.00258918  0.00186873  -0.049593  -0.176711  0.0194552  
0.0100616  0.00277996  0.00188972  -0.0428112  -0.217764  0.0547303  
0.00938022  0.00269037  0.00189108  -0.054132  -0.15967  0.0355933  
0.010164  0.00262733  0.00212795  -0.0489083  -0.201313  0.0448259  
0.0095301  0.00258152  0.00194844  -0.0485125  -0.181988  0.0401228  
0.00991291  0.00269752  0.00197047  -0.0492238  -0.192651  0.0288738  
0.0096262  0.00259337  0.00187818  -0.0490492  -0.191187  0.0402224  
0.00944776  0.00256921  0.00202345  -0.0468509  -0.192495  0.0213359  
0.00969801  0.00253926  0.00177483  -0.0448869  -0.204475  0.039872  
0.00917055  0.00241347  0.00197735  -0.0441496  -0.187747  0.0240103  
0.00986189  0.00243654  0.00229694  -0.0391664  -0.216145  0.0503297  
0.00924852  0.00249819  0.00194026  -0.0488695  -0.177178  0.0418983  
0.00992763  0.00262066  0.00206259  -0.0475796  -0.198115  0.0501772  
0.00945423  0.00262066  0.00199209  -0.0505096  -0.179882  0.0411546  
0.0101125  0.00262066  0.00200704  -0.0518157  -0.198124  0.0334654  
0.0102305  0.0027003  0.00229694  -0.0425842  -0.198094  0.0312629  
0.00953748  0.00242482  0.00192952  -0.042553  -0.198073  0.0189944  
0.0105274  0.00262568  0.00201819  -0.0425147  -0.198111  0.0348757  
0.00897409  0.00235165  0.00187743  -0.0425581  -0.150294  0.0146105  
0.00971633  0.00260978  0.00180857  -0.0425181  -0.221892  0.0232079  
0.00925435  0.00260673  0.00187949  -0.0425412  -0.174278  0.0121992  
0.00937733  0.00234868  0.00189219  -0.0493303  -0.204208  0.00829469  
0.00936431  0.00253966  0.00186694  -0.0425525  -0.192559  0.0218929  
0.00907383  0.00234379  0.00185701  -0.042579  -0.177709  -0.000558032  
0.00971281  0.00242154  0.001843  -0.042533  -0.204875  0.0221255  
0.00905934  0.00246738  0.00189185  -0.0425349  -0.158553  0.0131694  
0.00966244  0.00253665  0.0018357  -0.0479045  -0.213164  0.0359718  
0.0089831  0.00258246  0.00185897  -0.0425244  -0.167729  0.0144483  
0.00975547  0.00262068  0.00207401  -0.0463331  -0.202915  0.0373089  
0.00874856  0.00243763  0.00195487  -0.0502819  -0.175253  0.0201838  
0.00987815  0.00262987  0.00188897  -0.0425435  -0.193795  0.0259472  
0.00880857  0.00232877  0.00171719  -0.0542833  -0.164073  0.0159838  
0.00954479  0.00246279  0.00181047  -0.0425532  -0.175533  -0.000400201  
0.00873498  0.00246399  0.00178383  -0.0425668  -0.174732  0.0227787  
0.00884103  0.00231823  0.00177662  -0.0425866  -0.18048  0.000782238  
0.00882876  0.00245979  0.00187896  -0.0517667  -0.175495  0.0159926  
0.00865376  0.00243695  0.00181592  -0.047984  -0.175511  0.0055646  
0.00862184  0.00245199  0.00175479  -0.042556  -0.173829  0.0266803  
0.00853064  0.00255787  0.00162518  -0.0569954  -0.148756  -0.00369936  
0.00939189  0.00258059  0.00180181  -0.0480702  -0.187855  0.0388743  
0.00863086  0.00253765  0.00154513  -0.0528652  -0.14257  0.0250562  
0.00802425  0.00257914  0.00146399  -0.0425518  -0.152324  -0.0176249  
0.00886411  0.00230883  0.00158428  -0.0425802  -0.199319  0.0251991  
0.00843429  0.00262145  0.00155359  -0.0425474  -0.135973  0.00629111  
0.00869154  0.00262145  0.0017253  -0.0472017  -0.19528  0.0283706  
0.00806191  0.00262145  0.00163927  -0.0425476  -0.152436  0.0259354  
0.00864731  0.00262145  0.00187678  -0.0506119  -0.185364  0.034102  
0.00883659  0.00249753  0.00174635  -0.0425566  -0.171866  0.0436463  
0.00995723  0.00206213  0.00187678  -0.0425922  -0.14234  -0.0241987  
0.0105344  0.00229695  0.00187678  -0.0425887  -0.177483  -0.0134022  
0.00939309  0.00223892  0.00144404  -0.0426152  -0.134876  -0.0469005  
0.00991888  0.00220802  0.00162271  -0.0426145  -0.19888  -0.0189642  
0.0106218  0.00204413  0.00146849  -0.0426164  -0.121813  -0.0585612  
0.00966964  0.0022678  0.00146169  -0.0325953  -0.179711  -0.0193211  
0.010878  0.00203145  0.00146009  -0.0425945  -0.172599  -0.0151574  
0.00917443  0.0021788  0.00138663  -0.0389977  -0.138414  -0.0274077  
0.00982697  0.00199679  0.00148073  -0.0302107  -0.19803  -0.0150347  
0.0109913  0.00198483  0.0015576  -0.0296649  -0.136232  -0.0274537  
0.00958535  0.00212707  0.00150808  -0.0425886  -0.161557  -0.0179629  
0.009653  0.00216908  0.00144705  -0.042562  -0.195343  -0.00331721  
0.00935943  0.00216653  0.00133508  -0.0425742  -0.161102  -0.0356812  
0.0101127  0.00222293  0.00137541  -0.0425543  -0.202862  0.00380599  
0.0091842  0.00229895  0.00134912  -0.0425731  -0.140245  0.00525918  
0.00947228  0.00252834  0.00142846  -0.0488323  -0.186176  0.00232881  
0.00910109  0.00265439  0.00140736  -0.0425438  -0.164096  -0.012022  
0.00924455  0.00262306  0.00127895  -0.0612907  -0.184004  -0.00775305  
0.00914284  0.00241431  0.00127309  -0.0558907  -0.184562  0.00547166  
0.00880108  0.00267732  0.00105026  -0.042509  -0.144622  -0.0323948  
0.00930088  0.00249867  0.00116714  -0.0604412  -0.187005  -0.0191799  
0.00859478  0.00242769  0.00104647  -0.0497821  -0.123916  -0.0223278  
0.0096503  0.00264524  0.00106728  -0.0425175  -0.181732  -0.0239376  
0.00914773  0.00261273  0.00113698  -0.0425177  -0.161545  0.000257056  
0.00892723  0.00287976  0.00106639  -0.0425263  -0.117812  -0.0255682  
0.00914208  0.00269719  0.0010738  -0.0544675  -0.166269  -0.00965712  
0.00918834  0.00262407  0.0010593  -0.0500791  -0.118014  -0.0312254  
0.00931714  0.00267409  0.00102767  -0.052079  -0.169814  -0.00550135  
0.00875729  0.00270282  0.00102552  -0.0424974  -0.13258  -0.0198801  
0.00937839  0.00271592  0.000952374  -0.0585996  -0.175559  -0.00640809  
0.00856323  0.00274493  0.00098623  -0.0424887  -0.141434  -0.0229228  
0.00946599  0.0027141  0.00114685  -0.05861  -0.175441  -0.0105326  
0.00865514  0.00268126  0.000911221  -0.0425032  -0.13119  -0.0219171  
0.00903623  0.00260085  0.00105454  -0.0425044  -0.157719  -0.0310558  
0.00873211  0.0026852  0.000972401  -0.0601112  -0.147002  -0.0216616  
0.0089092  0.00286063  0.000949368  -0.0590578  -0.160636  -0.0199421  
0.00918433  0.00269014  0.000991928  -0.0594266  -0.170885  -0.00489101  
0.0105538  0.0024285  0.000891861  -0.0573073  -0.0856411  -0.0356322  
0.00891491  0.00257333  0.000954554  -0.0562198  -0.177203  0.008102  
0.00867904  0.00261136  0.000905658  -0.0425296  -0.118432  -0.0332151  
0.00904885  0.002659  0.000929678  -0.0497603  -0.171581  -0.00231648  
0.00886322  0.00286998  0.000800157  -0.0591711  -0.12182  -0.0117681  
0.00964463  0.00262612  0.00105017  -0.0491103  -0.149981  -0.000784731  
0.00944178  0.00277323  0.0009458  -0.0500136  -0.0883081  -0.0231362  
0.00953106  0.00266744  0.00101912  -0.0523855  -0.157633  0.00696995  
0.0090043  0.00264923  0.000941501  -0.0425382  -0.105479  -0.0260448  
0.00965362  0.00248763  0.00101165  -0.050131  -0.149985  -0.0193261  
0.0095573  0.00250521  0.00100465  -0.042568  -0.0909252  -0.0557708  
0.00932228  0.00224145  0.00102926  -0.0550464  -0.147832  -0.0272946  
0.00937077  0.00254533  0.00085302  -0.0425413  -0.0946068  -0.0438289  
0.00938662  0.00259019  0.00104723  -0.0510038  -0.145365  -0.029374  
0.00871985  0.00254503  0.000908917  -0.0425175  -0.121066  -0.00747302  
0.00874502  0.00236972  0.000929233  -0.0491033  -0.121042  -0.0229125  
0.00938114  0.0021108  0.000702865  -0.0425086  -0.138004  -0.0208722  
0.00776564  0.00245668  0.000611827  -0.0477577  -0.10439  -0.0302999  
0.00831674  0.00232617  0.000678479  -0.0425204  -0.136556  0.00118424  
0.00836928  0.00286367  0.000625328  -0.0424736  -0.0843837  -0.0327071  
0.00849067  0.00244805  0.000727496  -0.0556405  -0.145261  -0.0164729  
0.00792334  0.002635  0.00057633  -0.0424992  -0.0935333  -0.0409325  
0.00858884  0.00253657  0.000679896  -0.0560569  -0.140099  -0.0253102  
0.00765603  0.00236132  0.000499865  -0.0494195  -0.111364  -0.0192277  
0.00863226  0.00242014  0.000679401  -0.0554353  -0.125994  -0.0245935  
0.00797565  0.00226535  0.000530182  -0.0425482  -0.100053  -0.0404914  
0.00831175  0.00221498  0.000662883  -0.0529181  -0.125978  -0.0230167  
0.00787952  0.00237795  0.000613731  -0.0511973  -0.104492  -0.023917  
0.00877588  0.00249432  0.000557734  -0.0562887  -0.126021  -0.0611369  
0.00788661  0.00229028  0.000609128  -0.0566479  -0.119668  -0.0370911  
0.00771334  0.00235501  0.000598717  -0.0425359  -0.104862  -0.0497106  
0.00797013  0.00246186  0.000621864  -0.0515159  -0.125954  -0.00655134  
0.00767789  0.00253938  0.000470323  -0.0535126  -0.0882292  -0.0338747  
0.00784753  0.00257474  0.000595246  -0.0579322  -0.123152  0.00686086  
0.00708301  0.00250503  0.000451692  -0.0425434  -0.0752214  -0.0271141  
0.00723374  0.00233773  0.000495732  -0.0425365  -0.117873  -0.0394615  
0.00772067  0.00246  0.000651725  -0.0425265  -0.0902959  -0.0157753  
0.00709853  0.00246829  0.000540228  -0.0457152  -0.0925544  -0.040704  
0.0075853  0.00229167  0.000624152  -0.0506657  -0.132593  -0.000509359  
0.00690034  0.00249227  0.000507834  -0.0425483  -0.0732175  -0.0279623  
0.00756096  0.00251256  0.000644142  -0.0425196  -0.115137  -0.012387  
0.007032  0.0025425  0.00054594  -0.0425158  -0.098451  -0.00151782  
0.00699147  0.00255061  0.000651053  -0.0425112  -0.0862202  -0.0199757  
0.00741331  0.00242312  0.000651053  -0.0492578  -0.135233  0.00177927  
0.00715636  0.00255061  0.000239903  -0.0565072  -0.0771574  -0.00826061  
0.00723974  0.00255061  0.000416185  -0.0475132  -0.132777  0.0133865  
0.00698305  0.0028222  0.000248918  -0.0462593  -0.0831646  -0.0107141  
0.00718248  0.00254583  0.000227512  -0.0425045  -0.11306  0.0168672  
0.00610511  0.00270532  0.000239063  -0.0425003  -0.0830007  0.0178  
0.00677329  0.00251971  0.000390135  -0.0503  -0.117099  0.0262397  
0.00637586  0.00297051  0.000488271  -0.0424947  -0.0983695  0.0421661  
0.00615139  0.00268889  0.000217485  -0.0425107  -0.0774648  0.00632507  
0.00656182  0.00275678  0.000354406  -0.0544001  -0.120329  0.0299179  
0.00603874  0.00264151  0.000150892  -0.0487883  -0.0759951  0.00157351  
0.0064944  0.00303892  0.000237701  -0.0501885  -0.113785  0.0167691  
0.00588463  0.00268305  0.000159688  -0.0551796  -0.0564536  0.00867556  
0.00664596  0.00277807  0.000244964  -0.0592883  -0.107951  0.012429  
0.00614718  0.00303892  0.000105839  -0.0507879  -0.0972677  0.0224262  
0.00629631  0.00264571  0.000205229  -0.0562645  -0.097259  0.000272858  
0.0063069  0.00303892  0.000250329  -0.0566785  -0.113742  0.0138132  
0.00627398  0.00259436  0.000182052  -0.0425395  -0.0789898  -0.0257757  
0.0064187  0.00265575  0.000239887  -0.0550761  -0.111336  0.0113361  
0.00597787  0.00288142  -5.63469e-06  -0.0565221  -0.0376906  -0.0256009  
0.00618351  0.00267022  0.000214157  -0.0425199  -0.110611  0.0110225  
0.00570597  0.00262349  -8.58901e-05  -0.0425098  -0.0567283  -0.0278061  
0.00619827  0.00262349  0.000224319  -0.055691  -0.106617  0.00687727  
0.00555646  0.00262349  -6.0591e-05  -0.0552949  -0.0477144  -0.0265684  
0.00618384  0.00250342  0.000232636  -0.0493862  -0.100868  0.0178811  
0.00532043  0.00262349  3.6785e-05  -0.0539367  -0.0547166  0.012562  
0.00619541  0.00254184  0.000221183  -0.0586018  -0.10103  0.0298093  
0.00543312  0.00262349  8.71676e-05  -0.0571067  -0.0500505  0.0247272  
0.00679569  0.00262349  0.000249612  -0.0549149  -0.0940927  0.0293123  
0.00557681  0.00262349  0.000174708  -0.0535343  -0.0497098  0.0244225  
0.00607578  0.00262349  0.000241077  -0.0588555  -0.0943942  0.0336743  
0.00498452  0.00262349  0.000145722  -0.050995  -0.0483318  0.0274318  
0.00588245  0.00243494  0.000247441  -0.0571136  -0.0758793  0.0315336  
0.00542155  0.00262349  0.0002376  -0.0565132  -0.0577004  0.0421526  
0.00550743  0.00262349  0.000166293  -0.0568547  -0.059098  0.021102  
0.00605715  0.00287349  0.000209429  -0.0592604  -0.0736098  0.0551875  
0.00529779  0.00255365  6.5287e-05  -0.0593194  -0.0434506  0.0375846  
0.00558167  0.00282204  0.000212803  -0.0594291  -0.0935943  0.0487236  
0.00514337  0.00262349  0.0001359  -0.0549485  -0.0350845  0.0405163  
0.00525716  0.00262349  0.000226897  -0.062353  -0.0919234  0.0440236  
0.00494761  0.00262349  0.000140023  -0.0584121  -0.0716691  0.0425858  
0.00476258  0.00262349  4.99528e-05  -0.0655734  -0.0558535  -0.0029848  
0.0051495  0.00262349  0.000128291  -0.0576186  -0.0841725  0.0326845  
0.00495878  0.00262349  -8.02071e-05  -0.0425434  -0.0375623  0.00593773  
0.00545822  0.00262349  0.000209106  -0.0596418  -0.099941  0.0354766  
0.00447226  0.00262349  5.56192e-05  -0.0585815  -0.0543568  0.0418882  
0.00476946  0.00248087  3.57081e-05  -0.0580807  -0.0822177  0.0337745  
0.00462937  0.00262349  0.000177157  -0.0605129  -0.0816137  0.0634494  
0.0040115  0.00262349  6.64489e-06  -0.0608172  -0.0488571  0.041074  
0.00466745  0.00262349  0.000200177  -0.059686  -0.0934926  0.0848957  
0.00403863  0.00262349  9.44458e-05  -0.0595757  -0.0353407  0.044071  
0.00475318  0.00262349  9.80363e-05  -0.0586967  -0.0940835  0.0487863  
0.00443132  0.00262349  5.25206e-05  -0.0590265  -0.057833  0.0378145  
0.00447808  0.00262349  0.000200177  -0.0425241  -0.0477163  0.0161464  
0.00485529  0.00254885  9.14921e-05  -0.0579602  -0.087052  0.0517878  
0.00457649  0.00238261  0.000200177  -0.0474484  -0.0286833  0.0249604  
0.00460593  0.00262349  9.49603e-05  -0.0597841  -0.0936795  0.0571877  
0.00388819  0.00262349  0.000200177  -0.0545794  -0.0567525  0.0391569  
0.0042689  0.00262349  1.26978e-05  -0.0581769  -0.0642211  0.0180721  
0.0040866  0.00237212  0.000200177  -0.050837  -0.071522  0.0330861  
0.00378435  0.0024262  -0.000218086  -0.0586751  -0.0520844  0.00748318  
0.00533736  0.00239311  0.000200177  -0.0559962  -0.0850259  0.0477348  
0.00409255  0.00262349  4.72175e-05  -0.0545852  -0.0474944  0.0314405  
0.00498619  0.00250778  0.000146472  -0.0582213  -0.0829369  0.0746735  
0.0036874  0.00241439  0.000200177  -0.0534954  -0.0307274  0.0528277  
0.00436059  0.00254693  0.000200177  -0.0595111  -0.0917419  0.0747373  
0.00372009  0.00262349  0.000200177  -0.0612648  -0.0450871  0.0676876  
0.00391579  0.00262349  0.000200177  -0.0594959  -0.075579  0.0672556  
0.00397086  0.00270608  0.000200177  -0.0595195  -0.0755753  0.125597  
0.00393014  0.00262349  7.73041e-05  -0.0597017  -0.0260283  0.0642404  
0.00429753  0.00262349  0.000200177  -0.0613263  -0.0903058  0.0886891  
0.00352527  0.00262349  5.49019e-05  -0.0629936  -0.0437932  0.0854805  
0.00378344  0.00262349  8.47246e-05  -0.057284  -0.0690728  0.0569327  
0.00381351  0.00262349  0.000200177  -0.059641  -0.0708534  0.0751193  
0.00350296  0.00262349  0.000200177  -0.0592197  -0.0479823  0.038484  
0.00402798  0.00296036  0.000200177  -0.0595409  -0.0827202  0.0745466  
0.00378647  0.00269478  6.10458e-05  -0.0613939  -0.0202698  0.0508482  
0.0041867  0.00262349  0.00010459  -0.0600197  -0.0897832  0.0837382  
0.00324113  0.00262349  7.58812e-05  -0.0652952  -0.0499592  0.0715467  
0.0036068  0.00262349  0.000200177  -0.0654043  -0.0611656  0.0602246  
0.00379255  0.00299175  0.000200177  -0.0596533  -0.0798099  0.0812283  
0.00288997  0.00273045  -0.000145453  -0.0613644  -0.0451091  0.0489967  
0.0039404  0.00262349  1.98944e-05  -0.0595021  -0.0798082  0.0887243  
0.00314606  0.0029115  -0.00012421  -0.0661498  -0.0421768  0.0649789  
0.00359378  0.00262349  -0.00019899  -0.0666249  -0.0635795  0.055912  
0.00352501  0.00291528  0.000200177  -0.0616775  -0.0797992  0.0850524  
0.00313686  0.00262349  -8.36644e-05  -0.061844  -0.0400564  0.0280118  
0.00369764  0.00262349  0.000200177  -0.0646526  -0.0828747  0.0704611  
0.00329329  0.00297296  -0.000113155  -0.0684623  -0.0310642  0.0398214  
0.00376041  0.00265138  -6.60135e-05  -0.0646599  -0.0716558  0.0620838  
0.0026563  0.00291663  -0.000199177  -0.064674  -0.0360833  0.0484533  
0.00392478  0.00291663  0.000200177  -0.0646686  -0.0674955  0.0947671  
0.00311495  0.00275836  -3.70623e-05  -0.0646581  -0.0378211  0.0786119  
0.00352662  0.00267178  -8.13978e-05  -0.0646523  -0.0675257  0.0947845  
0.00347115  0.00291663  -9.59452e-05  -0.0646614  -0.0538322  0.0761031  
0.00314954  0.00291663  -7.45888e-05  -0.0646606  -0.0374993  0.0489674  
0.00357474  0.00291663  0.000200177  -0.0646686  -0.0751018  0.0936177  
0.00433565  0.00257699  0.000200177  -0.0622505  -0.00894864  0.0353992  
0.00331804  0.00291663  2.03993e-05  -0.0646696  -0.0679554  0.0532566  
0.00332201  0.00291663  0.000200177  -0.0646686  -0.0527712  0.0573622  
0.00299856  0.00257313  -5.3473e-05  -0.0646712  -0.0528209  0.0345036  
0.00312027  0.00278429  -1.14064e-05  -0.0646639  -0.062333  0.084124  
0.00247989  0.00263564  -0.000309561  -0.0646674  -0.0406381  0.0401641  
0.00303934  0.00278161  -0.000179086  -0.0679777  -0.0724102  0.0762215  
0.00306089  0.00291663  -0.000340817  -0.0646611  -0.0283965  0.0366467  
0.00391036  0.00277069  -0.00011647  -0.0646512  -0.0701139  0.0772551  
0.00341713  0.00250935  -0.000113948  -0.0646796  -0.0396036  0.0268151  
0.00452403  0.00247008  0.000119107  -0.0646994  -0.0783544  0.00838241  
0.00389446  0.00247008  0.000200177  -0.0647022  -0.063511  0.043061  
0.00379353  0.00247008  0.000200177  -0.069983  -0.0569229  0.0120989  
0.00418723  0.00247008  0.000200177  -0.0647022  -0.0899099  0.0404316  
0.00414756  0.00274872  0.000200177  -0.0646977  -0.0164985  0.0244999  
0.00419942  0.00247008  0.000200177  -0.0647022  -0.0835069  0.0415772  
0.00348074  0.00247008  0.000200177  -0.0647022  -0.0278924  0.0412201  
0.00421373  0.00247008  0.000200177  -0.0647022  -0.0760544  0.0540324  
0.00314725  0.00247008  0.000200177  -0.0647022  -0.0266279  0.0740707  
0.0038522  0.00247008  0.000200177  -0.0647022  -0.0622734  0.0824748  
0.00323825  0.00247008  0.000200177  -0.0647022  -0.0567082  0.0720134  
0.003821  0.00247008  0.000260823  -0.0647038  -0.0760135  0.0603724  
0.00369484  0.00247008  0.000200177  -0.0647022  -0.0602404  0.0864481  
0.00338129  0.00247008  0.000200177  -0.0623561  -0.0585358  0.0640279  
0.00362053  0.00247008  0.000200177  -0.0647022  -0.076026  0.0826954  
0.00324475  0.00280786  0.000200177  -0.0647087  -0.0319213  0.0578291  
0.00388231  0.0026746  0.000200177  -0.0647109  -0.0784925  0.104766  
0.00420386  0.00264872  0.000200177  -0.0647087  -0.0241796  0.0790476  
0.00374952  0.00274195  0.000200177  -0.0647168  -0.0539945  0.0810511  
0.00345765  0.00255071  0.000200177  -0.0647029  -0.059339  0.10705  
0.0032932  0.0025634  0.000200177  -0.0647137  -0.0293131  0.0669407  
0.00340696  0.00268524  0.000200177  -0.064711  -0.058659  0.0941138  
0.00318672  0.00259409  0.000200177  -0.0647227  -0.0425543  0.0735053  
0.00331423  0.00260266  0.000140678  -0.0647105  -0.0541135  0.0646383  
0.00499726  0.00163601  0.000200177  -0.0536145  -0.0643326  0.00964563  
0.00609073  0.00118065  0.000200177  -0.0620778  -0.111174  0.00653946  
0.00380147  0.00176503  0.000200177  -0.0750259  -0.0865934  0.0518912  
0.00318917  0.00211851  0.000200177  -0.0648452  -0.0624145  0.0435549  
0.00350058  0.00211851  0.000200177  -0.0727852  -0.0756575  0.098544  
0.00260102  0.00211851  0.000200177  -0.0648453  -0.0141248  0.089075  
0.00322724  0.00211851  0.000200177  -0.0691408  -0.0756728  0.11461  
0.00345414  0.00224804  0.000200177  -0.0648546  -0.0471262  0.118078  
0.00278688  0.00223428  0.000200177  -0.0648534  -0.0399323  0.108569  
0.00316262  0.00196847  0.000200177  -0.0648593  -0.0756677  0.111245  
0.00244444  0.00252843  0.000200177  -0.0648748  -0.0129604  0.0830532  
0.00287933  0.00211358  0.000200177  -0.0648623  -0.0602191  0.0829199  
0.00231274  0.00210233  0.000257868  -0.0590821  -0.0339302  0.0847686  
0.00244343  0.00214093  0.000200177  -0.0585551  -0.038138  0.0860687  
0.00284761  0.00193569  0.000200177  -0.0648486  -0.0620688  0.106423  
0.00210989  0.00183719  0.000200177  -0.0558084  -0.0108021  0.0914676  
0.00276651  0.00211021  0.000200177  -0.0648574  -0.0620704  0.10625  
0.00208363  0.00189303  0.000200177  -0.0648543  -0.01686  0.108923  
0.00255295  0.00172133  0.000200177  -0.0543011  -0.0473418  0.118282  
0.00207265  0.00167912  0.000383114  -0.0532878  -0.0291212  0.115228  
0.00198543  0.00165194  0.000200177  -0.0551414  -0.0362026  0.108151  
0.00196499  0.00154992  0.000200177  -0.0401952  -0.0366565  0.123325  
0.00200405  0.00160286  0.000375851  -0.039197  -0.0225535  0.0986711  
0.00170634  0.00170345  0.000357109  -0.0496385  -0.0440429  0.121746  
0.00146502  0.00166745  0.000200177  -0.0471697  -0.00778078  0.111386  
0.00181877  0.0015173  0.00032572  -0.0487273  -0.0374384  0.122103  
0.00116894  0.00168343  0.000200177  -0.0397496  0.0071815  0.110701  
0.00183763  0.00168343  0.000200177  -0.0480996  -0.0511789  0.135434  
0.00136598  0.00162751  0.000200177  -0.0480933  0.00358207  0.112722  
0.00167689  0.00208395  0.000200177  -0.0457647  -0.032097  0.110321  
0.00155666  0.00164788  0.000200177  -0.0444648  -0.0265612  0.128276  
0.00128808  0.00162735  0.000200177  -0.0417143  -0.00329873  0.0954204  
0.00186938  0.00167912  0.000393539  -0.0442472  0.00860513  0.109994  
0.00124356  0.00167912  0.000200177  -0.0459692  0.0115181  0.0948273  
0.00143944  0.00190205  0.000354259  -0.0484464  -0.00375255  0.11484  
0.000998469  0.0019702  0.000200177  -0.0467146  0.0267865  0.0723198  
0.00149999  0.00154749  0.000200177  -0.0500165  -0.0157819  0.104833  
0.000738994  0.00208441  0.000200177  -0.047432  0.0356746  0.0853847  
0.00149361  0.00149897  0.000200177  -0.046661  -0.00460252  0.115846  
0.0013057  0.00179862  0.000200177  -0.0467627  0.0209726  0.117264  
0.00137427  0.00153479  0.000200177  -0.0461406  -0.000252887  0.0963297  
0.00154749  0.00167708  0.000200177  -0.053374  -0.00899437  0.098335  
0.000579485  0.00167708  2.98876e-05  -0.0485017  0.0281512  0.116466  
0.00139661  0.00173833  0.000200177  -0.0554197  -0.00900008  0.093152  
0.00139661  0.00167708  0.000200177  -0.0537702  -0.0101659  0.104962  
0.000685622  0.00167708  0.000200177  -0.049937  0.0123621  0.092297  
0.00110323  0.00164179  0.000200177  -0.0506586  -0.0210197  0.103693  
0.000669633  0.00174349  0.000200177  -0.0452778  0.005912  0.0955227  
0.000938057  0.00174635  0.000200177  -0.0549192  -0.0210474  0.0900273  
0.00093856  0.00216971  0.000200177  -0.0548163  -0.0210494  0.116457  
-0.000512405  0.00180655  -3.78149e-05  -0.0458545  0.0149164  0.0961318  
0.000679606  0.00170054  -2.874e-05  -0.0498649  -0.0159338  0.116463  
0.000277983  0.00170054  0.000200177  -0.0515269  0.00168422  0.116458  
-8.57232e-05  0.00175452  -0.000202958  -0.0472373  0.0123216  0.0766055  
8.10737e-05  0.00170054  -0.000149646  -0.0455251  -0.033425  0.116473  
-0.00035158  0.00170054  -0.000325251  -0.0489417  0.0166607  0.0806032  
-0.000257166  0.00170054  -0.000204266  -0.0473557  -0.0126382  0.055274  
0.000153206  0.00170054  -0.000204266  -0.0492629  -0.0236518  0.101582  
-0.000923902  0.00179611  -0.000204266  -0.0460525  0.0305416  0.0547501  
-1.95226e-06  0.00170054  -0.000204266  -0.0479283  -0.0182336  0.0746618  
-0.000426573  0.00170054  -0.000316352  -0.0448545  0.016206  0.0655334  
-0.00027919  0.00195054  -0.000204266  -0.0545099  -0.00329085  0.0450526  
3.23092e-05  0.00170054  -0.000204266  -0.0530109  -0.0182508  0.0560554  
-0.000307828  0.00170054  -0.000204266  -0.0498249  0.0430873  0.0561003  
0.000245271  0.00170054  -0.000204266  -0.0519846  -0.0115932  0.0703103  
-0.000387686  0.00170054  -0.000204266  -0.0407874  0.0351229  0.0726962  
6.00746e-05  0.00177949  -0.000204266  -0.0383403  -0.00121987  0.0820349  
-0.000638813  0.00170054  -0.000204266  -0.0476376  0.0214549  0.0820991  
-0.00022812  0.00211537  -0.000204266  -0.0496203  0.0118101  0.0820343  
-0.00022812  0.00179392  -0.000204266  -0.0538944  -0.00962235  0.105127  
-0.000662698  0.00189078  -0.000204266  -0.0452658  0.0293748  0.0765699  
-0.000304476  0.00178526  -0.000204266  -0.0512347  -0.000224414  0.061684  
-0.00022812  0.00219654  -0.000355405  -0.0648294  0.0271706  0.0828972  
-0.00078745  0.00171549  -0.000358682  -0.0493972  0.0260599  0.0534904  
-0.00022812  0.001782  -0.000621678  -0.0648108  -0.0174708  0.0829302  
-0.00102948  0.00219654  -0.000401535  -0.0565803  0.029518  0.0760085  
-0.000881511  0.00209941  -0.000621277  -0.0515885  0.0125912  0.0485089  
-0.000447187  0.00219654  -0.000632928  -0.0581031  -0.00572626  0.0724236  
-0.00132155  0.00219654  -0.000656862  -0.0535667  0.0434275  0.0574651  
-0.00132155  0.00184841  -0.000660452  -0.0391298  0.0148708  0.0367351  
-0.00132155  0.00192439  -0.000482062  -0.0410137  0.005539  0.0661747  
-0.00214265  0.00169589  -0.000660452  -0.0376656  0.0455883  0.0483904  
-0.00115392  0.00169589  -0.000584557  -0.0409429  -0.00271138  0.0483073  
-0.00165304  0.00169589  -0.000660452  -0.0342423  0.0300243  0.0513588  
-0.00225163  0.00169589  -0.000660452  -0.0340855  0.0334034  0.048409  
-0.00122227  0.00150268  -0.000343391  -0.0365257  -0.00268956  0.0601292  
-0.00165299  0.00169589  -0.000328006  -0.0405152  0.0511133  0.0670082  
-0.00173569  0.00169589  -0.000502568  -0.0411817  0.0223943  0.0400488  
-0.00208712  0.00169589  -0.000433917  -0.0440276  -0.0130446  0.0795854  
-0.00250693  0.00169589  -0.000492222  -0.0345048  0.0461637  0.0670617  
-0.00165299  0.00119236  -0.000572464  -0.0344695  0.022067  0.0550585  
-0.00150427  0.00119236  -0.000381798  -0.0407474  0.0107723  0.0670259  
-0.00194256  0.00124386  -0.00020327  -0.0344548  0.0554333  0.0614196  
-0.00175598  0.00105277  -0.000399958  -0.0344676  0.0137729  0.0523684  
-0.00165299  0.00119236  -0.000493862  -0.0344695  0.0137713  0.0710559  
-0.00220314  0.00119236  -0.00060379  -0.0302196  0.044903  0.0728287  
-0.00225572  0.000860995  -0.000610583  -0.0308076  0.0137488  0.0591492  
-0.00182923  0.000961778  -0.000528745  -0.034452  0.0126302  0.092618  
-0.00379169  0.0010652  -0.000666473  -0.0275579  0.0394948  0.0791513  
-0.00193997  0.0007588  -0.000498262  -0.0344496  -0.00707536  0.0530324  
-0.0021596  0.0008213  -0.000597788  -0.0248846  0.0427256  0.0704012  
-0.00270354  0.00083882  -0.000591724  -0.0190555  0.0143766  0.0359659  
-0.00158889  0.0007588  -0.00030917  -0.020728  0.00711055  0.052866  
-0.00229616  0.0007588  -0.000494433  -0.0202263  0.0558784  0.0470207  
-0.00141052  0.0007588  -0.000458247  -0.0189028  -0.00502027  0.0529221  
-0.00191334  0.0007588  -0.000452258  -0.0206892  0.0209213  0.0701256  
-0.00243669  0.0007588  -0.000551225  -0.0244273  0.0355413  0.0357395  
-0.00160306  0.0007588  -0.000357913  -0.0254716  -0.014038  0.0701733  
-0.00209686  0.0007588  -0.000398429  -0.0230107  0.0308965  0.070173  
-0.00373738  0.000578049  -0.00062124  -0.0203009  0.0171474  0.045081  
-0.00159351  0.000595702  -0.000413662  -0.0132755  -0.0303074  0.054611  
-0.00218759  0.000309056  -0.00020327  -0.0288007  0.0189826  0.0828644  
-0.00227631  0.000309056  -0.00039  -0.0208298  0.0327235  0.0405391  
-0.00148173  0.000593522  -0.00020327  -0.0229956  -0.0151263  0.0666969  
-0.00258737  0.000580987  -0.00020327  -0.0220248  0.0284296  0.0752152  
-0.00201314  0.000427759  -0.000306693  -0.0198315  0.0107152  0.0288907  
-0.00252067  0.000499564  -0.00020327  -0.0221359  -0.0151764  0.0757599  
-0.00227099  0.000309056  -0.00020327  -0.0185116  0.0451003  0.0681672  
-0.00192809  0.000309056  -0.00020327  -0.0125244  0.0275848  0.03359  
-0.00181384  0.000379149  -0.00020327  -0.0167971  -0.00750358  0.0598614  
-0.00256403  0.000309056  -0.00020327  -0.00278922  0.0486399  0.0441691  
-0.00224494  0.000309056  -0.00020327  -0.0100903  0.017664  0.0102075  
-0.00167144  6.2233e-05  -0.00020327  -0.0126571  -0.00634104  0.0424645  
-0.00238601  0.000152068  -0.00020327  -0.0077781  0.0306582  0.0505846  
-0.00273024  0.000100866  -0.00020327  -0.0100944  0.0059704  0.0505559  
-0.00165672  1.32415e-06  -0.00020327  -0.0076656  -0.00634509  0.050569  
-0.00114252  -0.000193344  -8.37145e-05  -0.0100773  0.0367007  0.027383  
9.83444e-05  2.29901e-05  -0.00020327  -0.000454541  -0.000838508  0.00303432  
-0.000315576  -0.000193344  -2.19383e-05  -0.0100801  0.00630993  0.0437881  
-0.000876558  9.74895e-05  -0.000339634  -0.0100879  0.0381651  0.00261793  
0.00192455  -0.000193344  -0.00031406  -0.00770216  0.00523027  -0.0240396  
0.000998869  -0.000193344  0.0002336  -0.00754422  0.00522341  -0.00531381  
0.001233  -0.000255235  0.00030882  -0.0100818  0.00521559  0.0338041  
-0.000104448  -0.000193344  0.00030882  -0.00381768  0.0243117  0.0472814  
0.00183144  7.81874e-05  3.67355e-05  0.00980085  0.0337282  0.00740938  
0.00111156  -2.36838e-05  0.000133762  -0.00144025  -0.0419147  0.0421969  
0.000365329  -2.36838e-05  -0.000107202  -0.0101293  0.00550795  0.0421959  
5.27578e-05  -2.36838e-05  -8.39502e-05  0.00222858  0.0188427  0.0133086  
0.00117115  -2.36838e-05  -2.14696e-06  -0.00351111  -0.0307013  0.00707871  
0.000695208  -2.36838e-05  -7.83601e-05  -0.0101247  0.00170793  0.0195634  
2.6724e-05  0.000515641  -9.50258e-05  0.000650334  0.0169164  0.0218638  
0.00124985  -2.36838e-05  -9.50258e-05  -0.00808283  -0.029474  -0.00332043  
0.00067602  -2.36838e-05  -9.50258e-05  -0.0101206  -0.00682116  0.0373533  
1.62807e-06  -2.36838e-05  -9.50258e-05  4.71413e-05  0.0216514  0.0316349  
0.00116183  0.000126787  -9.50258e-05  -0.0101176  -0.0214107  0.00664935  
0.000528876  0.000205496  -9.50258e-05  -0.00183759  0.0163375  0.0422734  
0.000428821  3.66746e-05  -9.50258e-05  5.95222e-05  0.0273565  -0.00342966  
0.0011584  -2.36838e-05  -9.50258e-05  -0.0101206  -0.0158632  0.0062464  
3.79574e-05  -2.36838e-05  -4.29275e-05  -0.00236097  0.0457464  0.0290496  
0.0018312  -2.36838e-05  -9.50258e-05  -0.0101206  0.0117247  -0.0391967  
0.000603518  -2.36838e-05  -9.50258e-05  -0.0101206  -0.00580083  0.0207726  
0.000196865  3.50727e-05  -9.50258e-05  -0.0101212  0.0326619  0.020781  
0.000863148  -2.36838e-05  -9.50258e-05  -0.0101206  -0.0200556  0.00318724  
0.000373578  3.59735e-05  -9.50259e-05  -0.0101209  0.0322465  0.0413068  
0.000265756  -0.000273684  -9.50259e-05  -0.0101229  0.00828806  -0.0186214  
0.000723815  -2.36838e-05  -4.35072e-05  -0.0101216  -0.0200561  0.00909928  
-7.57096e-05  -2.36838e-05  -9.50259e-05  -0.00120185  0.0506144  -0.00604028  
0.00102696  -2.36838e-05  -9.50259e-05  -0.0101206  0.00504206  -0.0306525  
0.000553262  -2.36838e-05  -9.50259e-05  -0.0101206  0.00604815  0.00175603  
-7.1884e-05  -2.36838e-05  -0.00021054  -0.010129  0.0424817  -0.0198581  
0.000771919  -2.36838e-05  -9.50259e-05  -0.0101206  -0.0158253  -0.0471619  
-1.92839e-05  0.000253987  -9.50259e-05  -0.0101091  0.0423454  -0.0783639  
0.000997627  -2.36838e-05  -9.50259e-05  -0.00806032  0.0162875  -0.0953019  
0.0010537  -2.36838e-05  -9.50259e-05  -0.0101206  -0.00286696  -0.0595437  
0.000246039  -2.36838e-05  -0.000171412  -0.0101263  0.064659  -0.0795837  
0.0025355  -0.000256771  -9.50259e-05  -0.0101299  0.0122669  -0.0993968  
0.00149958  -0.00042794  -9.50259e-05  -0.010156  0.012785  -0.0593826  
0.000290502  -0.000138935  -0.000147074  -0.0185479  0.0509912  -0.0604562  
0.00158342  -0.000298699  -9.50259e-05  -0.0207905  -0.0027935  -0.0841482  
0.000224164  -0.000144793  9.71786e-05  -0.0270151  0.0312248  -0.0714472  
0.000448516  -0.000277723  7.72047e-05  -0.0135539  0.0441691  -0.123487  
0.000689932  -0.000315684  0.000111181  -0.0219225  0.00656651  -0.0889645  
0.00187969  -0.000466768  -3.3199e-05  -0.0101853  0.042298  -0.155343  
0.00465955  -0.0009936  -9.50259e-05  -0.023787  -0.0240094  -0.243976  
0.00173098  -0.000309357  -9.50259e-05  -0.0312405  0.0015981  -0.178655  
0.000905978  -0.00071173  -9.50259e-05  -0.0164633  0.0612596  -0.167827  
0.00160515  -0.00071173  -9.50259e-05  -0.025081  0.00776398  -0.169189  
0.00182955  -0.000651045  -9.50259e-05  -0.0278339  0.0145428  -0.16289  
0.000433141  -0.000652482  -9.50259e-05  -0.0229717  0.055973  -0.148695  
0.000903596  -0.000427425  0.000106332  -0.0276176  0.00841876  -0.170254  
0.000764002  -0.00071173  0.000121132  -0.0259875  0.0138436  -0.166569  
0.000275409  -0.000565849  -2.30368e-06  -0.0233885  0.0548198  -0.180249  
0.000942002  -0.00071173  -9.50259e-05  -0.0204848  -0.00279387  -0.179705  
-0.000157645  -0.00043948  -9.50259e-05  -0.0162271  0.0499502  -0.203029  
0.000885244  -0.000711729  -9.50258e-05  -0.0196906  0.0186088  -0.220129  
0.00039603  -0.000711729  -9.50258e-05  -0.017852  0.0191317  -0.18912  
0.00116345  -0.00130003  -9.50258e-05  -0.0295606  0.0401042  -0.232682  
0.000747833  -0.00100102  0.000138168  -0.0294969  0.0117933  -0.211305  
9.73025e-05  -0.00161849  3.36188e-05  -0.0243031  0.0577525  -0.206639  
0.000780455  -0.00131003  0.000286665  -0.029552  0.0166282  -0.215055  
4.02241e-05  -0.00161849  0.000221201  -0.0208393  0.0606591  -0.190625  
0.000273405  -0.00172719  0.0003035  -0.0216071  0.0151041  -0.209251  
-0.000105707  -0.00165756  0.000443579  -0.019876  0.0348294  -0.194012  
-0.000435594  -0.00168075  0.000241953  -0.0223402  0.0613781  -0.212934  
0.000711045  -0.00155107  0.00040857  -0.0296071  0.021152  -0.198314  
-0.000740159  -0.0016161  0.00021683  -0.0171825  0.061464  -0.196519  
-0.00026947  -0.0016161  0.000283322  -0.0119634  0.0361281  -0.200714  
-0.000464615  -0.0016161  0.00020806  -0.0296568  0.0533925  -0.189024  
-0.000773333  -0.00152558  0.00017441  -0.0144011  0.0612875  -0.222141  
-0.000228606  -0.0016161  0.000166416  -0.0296284  0.0133104  -0.190848  
-0.000736475  -0.00156586  0.000166416  -0.029617  0.069319  -0.206443  
-0.000331334  -0.0016161  0.000105485  -0.0296295  0.0129105  -0.215833  
-0.00053476  -0.00159789  0.000166416  -0.0296246  0.030888  -0.204008  
-0.000960447  -0.00166591  0.000166416  -0.0194721  0.0663564  -0.209544  
-0.000438396  -0.00146945  0.000166416  -0.0295896  0.01217  -0.207613  
-0.000960447  -0.00132145  0.000166416  -0.0295523  0.0553434  -0.19717  
-0.0003712  -0.00148325  3.19165e-05  -0.0296089  0.0407094  -0.229677  
-0.00058261  -0.00147975  0.000166416  -0.0203616  0.0377653  -0.204243  
-0.000960447  -0.00147749  -5.566e-05  -0.0135816  0.0593167  -0.217077  
-0.000529517  -0.00147749  0.000166416  -0.0222172  0.0174455  -0.205603  
-0.000960447  -0.00147749  0.000166416  -0.0146198  0.066782  -0.200363  
-0.00043581  -0.00147749  -0.000261294  -0.0208998  0.0409084  -0.232778  
-0.000906503  -0.00147749  0.000166416  -0.0198824  0.0267583  -0.205583  
-0.00109206  -0.00147749  0.000166416  -0.0201575  0.0616344  -0.22161  
-0.000896196  -0.00171345  6.13612e-05  -0.0191875  0.0165082  -0.224862  
-0.00143779  -0.0018114  -0.000240477  -0.0158125  0.0469409  -0.265092  
-0.00178713  -0.00221252  -0.000294029  -0.0136406  0.0719207  -0.306922  
-0.00132668  -0.00170029  -0.000294029  -0.0206869  0.0190301  -0.288041  
-0.0013354  -0.00190654  -0.000294029  -0.0195762  0.0436588  -0.260193  
-0.00191712  -0.00235358  -0.000228816  0.00417299  0.0694377  -0.29265  
-0.0016625  -0.00243824  -0.000143541  -0.00303262  0.012977  -0.266993  
-0.00239955  -0.00243824  -0.000294029  -0.00519717  0.0673674  -0.256589  
-0.00214304  -0.00258469  -0.000294029  0.00360098  0.0443955  -0.272837  
-0.00173068  -0.00276192  -0.000294029  0.00666258  0.042478  -0.246442  
-0.00214304  -0.00248579  -0.000294029  0.00448566  0.0841131  -0.295574  
-0.00183939  -0.00257802  -0.000294029  -0.00523865  0.0165289  -0.282101  
-0.00201749  -0.0027032  -0.000161099  0.00390474  0.0795186  -0.24184  
-0.00217086  -0.00241809  -0.00029403  -0.00519618  0.0549517  -0.267943  
-0.00168172  -0.00260906  -0.00029403  -0.00525512  0.0358299  -0.241118  
-0.00234231  -0.00260906  -0.000215422  0.00690997  0.0777672  -0.259798  
-0.00114901  -0.00266281  -0.00029403  0.00147724  0.0462525  -0.275  
-0.00211983  -0.0025418  -0.00029403  -0.00522594  0.0637298  -0.268009  
-0.00219786  -0.00230399  -0.00029403  0.00259477  0.0545978  -0.287782  
-0.00108789  -0.00291864  -0.00029403  0.00143386  0.0457192  -0.287766  
-0.0022404  -0.00261931  -0.000366507  0.00804892  0.083219  -0.275459  
-0.000197475  -0.00261931  -0.00029403  -0.00523507  0.045519  -0.304095  
-0.00180424  -0.00219507  -0.00029403  0.000126085  0.0459288  -0.238617  
-0.00242276  -0.00261931  -0.00029403  0.00240892  0.0818951  -0.275312  
-0.00144959  -0.00278702  -0.00029403  -0.00527725  0.0297151  -0.258217  
-0.00213612  -0.00271807  -0.00029403  -0.00525513  0.0697626  -0.229807  
-0.00240045  -0.00275898  -0.00029403  -0.00524964  0.0771988  -0.273462  
-0.00196241  -0.00259555  -0.00029403  -1.24387e-05  0.0354919  -0.223246  
-0.00285541  -0.00248228  -0.00044041  -0.00522003  0.0857026  -0.229362  
-0.00263324  -0.00228736  -0.00029403  -0.00515016  0.0334596  -0.242213  
-0.00306747  -0.00258289  -0.00029403  -0.00522984  0.0592217  -0.221903  
-0.00301573  -0.00258289  -0.000531966  0.00942716  0.0668778  -0.265853  
-0.00249192  -0.00245477  -0.00029403  0.00906605  0.0334756  -0.238599  
-0.00336163  -0.00258289  -0.00029403  0.0102948  0.0816961  -0.253484  
-0.00244178  -0.00258289  -0.000468974  0.0164658  0.0324007  -0.253583  
-0.00244322  -0.00302294  -0.000480773  0.0112276  0.0667856  -0.224926  
-0.00310504  -0.00260278  -0.000579716  -0.00525384  0.0634331  -0.262475  
-0.00234  -0.00256745  -0.000294031  0.00403925  0.0197223  -0.241346  
-0.0029257  -0.00235198  -0.000468552  0.00679015  0.0702288  -0.244413  
-0.00253504  -0.00281596  -0.00049762  -0.00530261  0.038469  -0.271553  
-0.00237073  -0.00281596  -0.000294031  0.00401952  0.0295925  -0.234383  
-0.00313506  -0.00236395  -0.00052713  0.00664342  0.0770973  -0.252544  
-0.00265249  -0.00281596  -0.000294031  0.00142095  0.0405349  -0.27054  
-0.00277037  -0.00281596  -0.000294031  -0.00528931  0.049394  -0.235134  
-0.00327437  -0.00240055  -0.000294031  0.00489793  0.0878945  -0.235239  
-0.00271568  -0.00274443  -0.000433461  0.000968617  0.0386527  -0.249232  
-0.00271579  -0.00281596  -0.00044408  0.00514946  0.0386582  -0.243247  
-0.0031925  -0.00271888  -0.000486382  0.0083704  0.0731948  -0.252333  
-0.00265614  -0.00288704  -0.000294031  0.00541205  0.0329063  -0.267702  
-0.00339215  -0.00253302  -0.000369584  0.00517592  0.0624412  -0.250934  
-0.00332515  -0.00305676  -0.00056429  0.00494254  0.0627283  -0.273171  
-0.00285944  -0.00248571  -0.000294031  -0.00523133  0.0162122  -0.248506  
-0.00353106  -0.00257431  -0.000482933  0.0102343  0.0745871  -0.257723  
-0.00335892  -0.00322987  -0.000469905  0.00706367  0.0267415  -0.278591  
-0.00317966  -0.00257143  -0.000294031  0.00520415  0.0238588  -0.249167  
-0.0034312  -0.00259796  -0.000294031  0.00801999  0.0725379  -0.271003  
-0.00278396  -0.00269888  -0.000294032  -0.000306535  0.0229465  -0.25505  
-0.00360028  -0.00287291  -0.000430551  0.00510078  0.0741704  -0.26693  
-0.00308054  -0.00284904  -0.000294031  0.00795266  0.0407915  -0.295279  
-0.0030219  -0.00284904  -0.000294032  0.00501062  0.0398872  -0.261393  
-0.00355509  -0.00282501  -0.000451677  0.00529124  0.0882675  -0.288238  
-0.00305866  -0.00283985  -0.000294032  0.00897964  0.0265386  -0.272178  
-0.00351577  -0.00278967  -0.000294032  0.0114669  0.0563146  -0.255023  
-0.00365257  -0.00278967  -0.000294032  0.0159028  0.0695123  -0.302719  
-0.00316521  -0.00278967  -0.000474626  0.00913707  0.0333962  -0.272008  
-0.00337084  -0.00278967  -0.000294032  0.00798137  0.0532969  -0.27199  
-0.00395005  -0.00262628  -0.000654873  0.00948948  0.0599619  -0.334591  
-0.00312842  -0.0027156  -0.000532309  0.00555654  0.0257066  -0.30817  
-0.00363997  -0.00324117  -0.000522352  0.0157685  0.0572785  -0.284366  
-0.00348785  -0.00283313  -0.000610021  0.0158659  0.0673849  -0.320914  
-0.00327131  -0.00271885  -0.000294032  0.0159017  0.0243283  -0.284404  
-0.00373785  -0.0031221  -0.000399563  0.015799  0.0490054  -0.278191  
-0.00384716  -0.00324117  -0.000294032  0.0157757  0.0670875  -0.301268  
-0.00312941  -0.00324117  -0.000397276  0.0157793  0.0319229  -0.291566  
-0.00345009  -0.00324116  -0.0004508  0.0157729  0.0499278  -0.269011  
-0.00393394  -0.00374293  -0.000525009  0.0156497  0.062141  -0.30523  
-0.00325218  -0.00285075  -0.000294032  0.0158781  0.016848  -0.283503  
-0.00383244  -0.00320176  -0.000294032  0.0112504  0.0738  -0.300778  
-0.00366956  -0.00343367  -0.000294032  0.015734  0.0340904  -0.316271  
-0.00287115  -0.00324783  -0.000294032  0.015785  0.0515795  -0.312521  
0.000991703  -0.00392916  -0.000862338  0.0366084  0.036028  -0.460942  
-0.000240537  -0.00346891  -0.00128699  0.0283339  0.0099191  -0.435797  
-0.0018743  -0.00325655  -0.00100041  0.0295976  0.0255332  -0.387751  
-0.00172052  -0.00368305  -0.00119905  0.0271948  0.0331545  -0.423383  
-0.00138567  -0.0033592  -0.00109446  0.0235072  0.0253661  -0.413109  
-0.00226085  -0.00353088  -0.00118694  0.022114  0.0622502  -0.406655  
-0.00167506  -0.00370937  -0.000900245  0.0256509  0.0326468  -0.434703  
-0.00188441  -0.00402051  -0.000882774  0.026841  0.04486  -0.413409  
-0.00279175  -0.00380903  -0.00102289  0.028648  0.0741905  -0.427199  
-0.00209057  -0.0039685  -0.000956406  0.0286827  0.0327794  -0.413361  
-0.00249226  -0.00374769  -0.0010153  0.0308389  0.0631496  -0.407959  
-0.0028298  -0.00387146  -0.00102984  0.030975  0.0561989  -0.453095  
-0.00245485  -0.00374365  -0.00105505  0.0324732  0.0388995  -0.428023  
-0.00299051  -0.0037348  -0.00106999  0.0358959  0.0819609  -0.444205  
-0.0026552  -0.00369826  -0.000866763  0.0309614  0.0478625  -0.445067  
-0.00208854  -0.00381025  -0.000876089  0.0378994  0.0666539  -0.445116  
-0.00319038  -0.00392524  -0.000889187  0.0283741  0.0704866  -0.445036  
-0.00245485  -0.0039598  -0.000900534  0.0313728  0.0299726  -0.438735  
-0.00301026  -0.00412224  -0.000932083  0.0354244  0.073963  -0.436311  
-0.00302042  -0.00409205  -0.000984983  0.0283076  0.0456248  -0.432334  
-0.00245485  -0.0040164  -0.000862778  0.0283448  0.0519515  -0.421971  
-0.00328924  -0.00413339  -0.00102815  0.0357566  0.0690816  -0.432265  
-0.00299104  -0.00427058  -0.00102457  0.0282465  0.0306516  -0.43231  
-0.00334064  -0.00396832  -0.000870104  0.0283391  0.0759675  -0.432254  
-0.00295343  -0.00417624  -0.00105097  0.0282555  0.0642417  -0.43231  
-0.0036816  -0.0039827  -0.000965504  0.0371243  0.0644964  -0.396525  
-0.00372481  -0.00439311  -0.000974871  0.0427317  0.103616  -0.433324  
-0.0013149  -0.00425569  -0.000962417  0.0359979  0.0652016  -0.441782  
-0.00366439  -0.00404366  -0.000615601  0.036827  0.0882305  -0.416431  
-0.00358689  -0.00442316  -0.000615601  0.0358122  0.0643007  -0.447841  
-0.0036978  -0.00414369  -0.000901957  0.0368331  0.0465876  -0.4099  
-0.00314781  -0.00422063  -0.000964308  0.0359167  0.0997491  -0.44387  
-0.00378126  -0.00416979  -0.000819775  0.038609  0.0487309  -0.432695  
-0.00385674  -0.00447345  -0.000880479  0.0396534  0.0566086  -0.424845  
-0.00412395  -0.00420982  -0.00106516  0.0365452  0.0711965  -0.47986  
-0.00359562  -0.00446138  -0.00093482  0.0443188  0.0296955  -0.440136  
-0.00448151  -0.00429231  -0.000967251  0.0413799  0.0825734  -0.473178  
-0.00420396  -0.00436974  -0.000988132  0.041469  0.0443499  -0.498113  
-0.00370715  -0.00453172  -0.000615601  0.0459412  0.0384118  -0.484574  
-0.00276663  -0.00439  -0.000615601  0.0328609  0.0975422  -0.547624  
-0.00373062  -0.0045872  -0.000615601  0.045463  0.0368884  -0.483756  
-0.00260384  -0.00431169  -0.000615601  0.0454235  0.0753549  -0.516298  
-0.00442478  -0.00449527  -0.000730606  0.0447689  0.0711102  -0.531399  
-0.00346372  -0.00441564  -0.000719062  0.045865  0.0433443  -0.499369  
-0.00417091  -0.00465049  -0.000615601  0.0497908  0.0696718  -0.495142  
-0.00399895  -0.00447013  -0.000615602  0.0455374  0.0841713  -0.53069  
-0.0036043  -0.00436555  -0.000615601  0.0414652  0.0308652  -0.492255  
-0.00399957  -0.00457261  -0.00080788  0.0354079  0.0822819  -0.495053  
-0.00420332  -0.00475587  -0.000667919  0.0447282  0.0752496  -0.53729  
-0.00367347  -0.00470188  -0.000830758  0.043646  0.0349427  -0.502135  
-0.00371786  -0.00470584  -0.000744022  0.0390115  0.0794847  -0.50694  
-0.0038941  -0.00492634  -0.000882909  0.0422065  0.0602913  -0.534114  
-0.00327425  -0.00448052  -0.000615602  0.037314  0.0451131  -0.49594  
-0.00440842  -0.00433753  -0.000973953  0.0418437  0.0828557  -0.51763  
-0.00387338  -0.00449697  -0.000930846  0.0374658  0.0364775  -0.513221  
-0.00400301  -0.00564957  -0.000235741  0.0806527  0.0527389  -0.48086  
-0.00505466  -0.00587653  0.000146943  0.0896647  0.0835936  -0.523847  
-0.00402043  -0.00633729  0.000469027  0.0942792  0.0567516  -0.525872  
-0.00418451  -0.0062256  0.000469027  0.093376  0.0568201  -0.509476  
-0.00484937  -0.00627036  0.000469027  0.0986317  0.0950544  -0.519645  
-0.00387387  -0.00636464  0.000469027  0.095589  0.0527547  -0.5232  
-0.00464022  -0.00637322  0.000469027  0.103565  0.0689099  -0.509581  
-0.00494239  -0.00650411  0.000469027  0.118318  0.0954801  -0.531101  
-0.00460048  -0.00662471  0.000547582  0.100897  0.0476033  -0.526473  
-0.00511759  -0.0064822  0.000469027  0.100713  0.0641142  -0.519586  
-0.00470835  -0.00646819  0.000469027  0.100082  0.0849251  -0.539045  
-0.00445135  -0.00633889  0.000469027  0.0982357  0.0634106  -0.518683  
-0.00550424  -0.00627072  0.000469027  0.114992  0.107241  -0.538863  
-0.00441546  -0.00635113  0.000469027  0.0961523  0.0540832  -0.539055  
-0.00479828  -0.00622861  0.000469027  0.0995897  0.0735951  -0.505805  
-0.00548649  -0.00618074  0.000469027  0.102422  0.0880658  -0.534607  
-0.00440059  -0.00629442  0.000469027  0.0980057  0.0493973  -0.515823  
-0.00562263  -0.00621182  0.000469027  0.0994947  0.0898817  -0.524853  
-0.00496888  -0.00633752  0.000469027  0.0981121  0.049636  -0.548023  
-0.00487416  -0.00642558  0.000469027  0.108337  0.0628515  -0.505599  
-0.00508738  -0.00655882  0.000469027  0.10543  0.0984246  -0.534589  
-0.00380042  -0.0067284  0.000469027  0.0972335  0.058685  -0.51218  
-0.00484875  -0.00650824  0.000469027  0.105466  0.102087  -0.501612  
-0.00467519  -0.00688292  0.000469027  0.105839  0.0639355  -0.51361  
-0.00446438  -0.00679729  0.000538854  0.109978  0.0519738  -0.486834  
-0.00512304  -0.00677692  0.000469027  0.112678  0.0943414  -0.485307  
-0.00340844  -0.00636218  0.000469027  0.104664  0.0655239  -0.513001  
-0.00484885  -0.00654385  0.000469027  0.110516  0.0786431  -0.481147  
-0.00458677  -0.0069519  0.000469027  0.104423  0.0816356  -0.505025  
-0.00468013  -0.00640884  0.000379291  0.104623  0.0617932  -0.473554  
-0.00539556  -0.00644174  0.000469027  0.111382  0.0960984  -0.502177  
-0.00486656  -0.00636759  0.000469027  0.104637  0.0600848  -0.465737  
-0.00590783  -0.00609931  0.000469027  0.113918  0.120541  -0.472621  
-0.0051175  -0.00632907  0.000469027  0.104648  0.0801178  -0.465631  
-0.00561221  -0.0063084  0.000156903  0.104627  0.0803681  -0.453549  
-0.00635236  -0.00613527  0.000143413  0.108586  0.101747  -0.465395  
-0.00557214  -0.00613587  0.000279544  0.104704  0.0638321  -0.45362  
-0.0062395  -0.00620737  0.000172063  0.113939  0.107835  -0.476861  
-0.00552819  -0.00624016  0.000335085  0.103376  0.080318  -0.473426  
-0.00620832  -0.00631757  0.000186023  0.106509  0.114366  -0.465336  
-0.00606864  -0.00683527  5.91802e-05  0.106317  0.0805858  -0.493631  
-0.00606739  -0.00662587  0.000159074  0.10646  0.0805721  -0.465402  
-0.00660829  -0.00707061  0.000250304  0.118514  0.0984069  -0.509911  
-0.00586445  -0.00639354  0.000469027  0.110005  0.0629804  -0.467022  
-0.00648632  -0.00643722  0.000469027  0.106559  0.110497  -0.472738  
-0.00615216  -0.00676362  0.000469027  0.106436  0.0805419  -0.478865  
-0.0059134  -0.00649923  0.000527553  0.106529  0.0804433  -0.438041  
-0.00660016  -0.00655206  0.000374788  0.106517  0.117241  -0.486452  
-0.00607584  -0.00683587  0.000469026  0.106404  0.0672926  -0.454118  
-0.00691936  -0.00656943  0.000469026  0.106514  0.11356  -0.44436  
-0.00672511  -0.00665512  0.000329115  0.10648  0.0950307  -0.491942  
-0.0065397  -0.00661349  0.000469027  0.106513  0.0713496  -0.462648  
-0.00750951  -0.00642361  0.000469026  0.106566  0.126847  -0.468324  
-0.00678301  -0.00645023  0.000469026  0.103629  0.0897748  -0.488664  
-0.00648524  -0.00660109  0.000469026  0.106508  0.0712563  -0.457744  
-0.00731785  -0.00624146  0.000278729  0.0969724  0.120945  -0.461051  
-0.00673516  -0.00656313  0.000469026  0.101221  0.0701853  -0.477008  
-0.00719553  -0.00650786  0.000469026  0.101222  0.097184  -0.449026  
-0.00721321  -0.00661223  0.000469026  0.110725  0.108744  -0.4646  
-0.0066533  -0.00651313  0.000469026  0.103672  0.070144  -0.441282  
-0.00676996  -0.00648642  0.000469026  0.101226  0.082868  -0.43171  
-0.0067428  -0.0065605  0.000469026  0.11803  0.131274  -0.447861  
-0.00555776  -0.0078692  0.000406023  0.114232  0.0831336  -0.446214  
-0.00677725  -0.00672707  0.000469026  0.117424  0.123165  -0.412295  
-0.0065092  -0.00687528  0.000469026  0.109634  0.0994356  -0.436987  
-0.00641691  -0.00665526  0.000469026  0.10862  0.0834195  -0.419389  
-0.00719443  -0.00674572  0.000469026  0.119381  0.124359  -0.405244  
-0.00625507  -0.00713799  0.000469026  0.119279  0.0833493  -0.421597  
-0.0063605  -0.00754868  0.000469026  0.132054  0.125708  -0.358027  
-0.00618611  -0.00769759  0.000469026  0.157372  0.121464  -0.404148  
-0.00560642  -0.00741883  0.000469027  0.147175  0.0755748  -0.41614  
-0.00593098  -0.00744298  0.000469026  0.146611  0.125937  -0.412777  
-0.00560195  -0.00743175  0.000469027  0.138582  0.111391  -0.40152  
-0.0055072  -0.00712919  0.000706328  0.131185  0.086063  -0.389754  
-0.00588932  -0.0072097  0.000789055  0.148675  0.131811  -0.37064  
-0.00561974  -0.00707762  0.000903163  0.131259  0.0951607  -0.384221  
-0.00535983  -0.00753442  0.00117788  0.144047  0.111326  -0.361839  
-0.00628372  -0.00734799  0.000902299  0.144903  0.127697  -0.36161  
-0.0056038  -0.00731086  0.00117788  0.131214  0.0850404  -0.371566  
-0.00588397  -0.00733368  0.00117788  0.141586  0.112877  -0.356104  
-0.00643052  -0.0072884  0.000851476  0.142505  0.128163  -0.380268  
-0.00558343  -0.00725646  0.00117788  0.135606  0.0900241  -0.373885  
-0.00622889  -0.00707447  0.00117788  0.13961  0.119104  -0.353661  
-0.00643282  -0.00736661  0.000814343  0.150317  0.132528  -0.380993  
-0.00574378  -0.00740125  0.000769399  0.131119  0.139085  -0.35615  
-0.00592711  -0.00747738  0.00117788  0.146125  0.174458  -0.312041  
-0.00539321  -0.00779053  0.000743761  0.153469  0.160782  -0.38041  
-0.00529692  -0.00759649  0.000882823  0.149214  0.114401  -0.364285  
-0.00585448  -0.00747077  0.00117788  0.147219  0.157002  -0.356446  
-0.00580315  -0.00742106  0.000742705  0.150206  0.125104  -0.387403  
-0.00519368  -0.00745502  0.000994108  0.147208  0.115444  -0.367272  
-0.00576385  -0.00714483  0.000695816  0.152529  0.158808  -0.379109  
-0.00542129  -0.00727971  0.000735482  0.147237  0.108995  -0.403396  
-0.00554286  -0.00731821  0.000730852  0.14721  0.131147  -0.379158  
-0.0060205  -0.00740579  0.000571815  0.153383  0.152053  -0.395179  
-0.00498861  -0.00741272  0.000746729  0.147197  0.116463  -0.396497  
-0.00577484  -0.00745142  0.000730508  0.147173  0.147808  -0.396791  
-0.0059302  -0.00741982  0.000723557  0.147197  0.139747  -0.454518  
-0.00504128  -0.00757745  0.000753768  0.142797  0.116508  -0.41718  
-0.00527571  -0.00755044  0.000613401  0.147119  0.155855  -0.417606  
-0.00525318  -0.00771531  0.000639541  0.147073  0.129576  -0.454267  
-0.00509687  -0.00755525  0.000766284  0.142865  0.116518  -0.423309  
-0.00610915  -0.00740479  0.000737283  0.140682  0.1557  -0.444378  
-0.00553343  -0.00745081  0.000488565  0.140218  0.127836  -0.460348  
-0.00507242  -0.00745343  0.000685787  0.138657  0.116529  -0.424101  
-0.00567939  -0.00733267  0.00069148  0.156472  0.149743  -0.455904  
-0.00516612  -0.00718612  0.000516563  0.133842  0.114974  -0.426788  
-0.00526117  -0.00719954  0.00073596  0.136147  0.117032  -0.423366  
-0.00559015  -0.00712465  0.000735367  0.126793  0.147066  -0.415563  
-0.00484018  -0.0075934  0.000729759  0.126687  0.0975887  -0.426764  
-0.0050153  -0.00728282  0.000729759  0.135854  0.136391  -0.40856  
-0.00560034  -0.00760701  0.000567006  0.140119  0.137613  -0.44866  
-0.00477173  -0.00752394  0.000592877  0.135253  0.0998295  -0.412876  
-0.00559057  -0.00752037  0.00072976  0.138311  0.140673  -0.423263  
-0.00527497  -0.0073401  0.000349417  0.138628  0.135566  -0.443759  
-0.00492838  -0.00753757  0.000593307  0.126692  0.0917817  -0.411467  
-0.00568772  -0.0074107  0.000729759  0.134925  0.137257  -0.426432  
-0.00527497  -0.00731851  0.000364474  0.134002  0.112598  -0.45463  
-0.00511556  -0.00724944  0.000366153  0.126765  0.112541  -0.42975  
-0.00567553  -0.0070452  0.00072976  0.135998  0.149443  -0.426364  
-0.00551075  -0.00737132  0.000729759  0.132485  0.112593  -0.451034  
-0.00525142  -0.00755183  0.000608896  0.134442  0.109266  -0.407874  
-0.00608703  -0.00721543  0.000578639  0.138962  0.150138  -0.440082  
-0.00567899  -0.00735159  0.000377815  0.131835  0.0962444  -0.451744  
-0.00454296  -0.00706179  0.000584014  0.135134  0.139234  -0.400974  
-0.00437329  -0.00743836  0.000301344  0.14378  0.143055  -0.432171  
-0.0037422  -0.00734355  0.000381479  0.149027  0.0863852  -0.442447  
-0.0040121  -0.00798962  0.000446069  0.15484  0.132259  -0.448473  
-0.00452496  -0.00727121  0.000275984  0.153993  0.111686  -0.471227  
-0.00385731  -0.00772229  0.000395062  0.148081  0.0973474  -0.447988  
-0.00400382  -0.00733037  0.000608411  0.149271  0.111439  -0.447889  
-0.00382667  -0.00747956  0.000478125  0.157522  0.138309  -0.447943  
-0.00382667  -0.00763602  0.000448457  0.143806  0.0963255  -0.450786  
-0.0041602  -0.00734069  0.00062726  0.152126  0.111749  -0.421633  
-0.00424184  -0.00714178  0.00072976  0.143961  0.129447  -0.425874  
-0.00349351  -0.00795812  0.000515944  0.143701  0.0815114  -0.441777  
-0.00395327  -0.00732556  0.000631354  0.152432  0.116396  -0.421226  
-0.00413058  -0.00758119  0.00072976  0.152979  0.120853  -0.443372  
-0.00383428  -0.0073863  0.000642472  0.143912  0.0948242  -0.444214  
-0.0045045  -0.00722912  0.00072976  0.156443  0.144313  -0.440131  
-0.00401844  -0.007274  0.000526728  0.147868  0.105869  -0.457748  
-0.00380155  -0.00711166  0.00072976  0.144007  0.102343  -0.433289  
-0.00423451  -0.00731813  0.000351855  0.154017  0.164516  -0.455081  
-0.00423451  -0.00739437  0.000267894  0.143866  0.101829  -0.456287  
-0.00450085  -0.00715526  0.000264634  0.150563  0.12343  -0.4562  
-0.00483691  -0.00729556  0.000316874  0.151412  0.132151  -0.456189  
-0.00419004  -0.00704641  0.000388063  0.143981  0.0886407  -0.440741  
-0.00479709  -0.00698417  0.000320586  0.155928  0.147683  -0.428185  
-0.00439382  -0.00715624  0.000309829  0.152107  0.104379  -0.462728  
-0.00410955  -0.00719532  0.000445669  0.143924  0.104256  -0.422133  
-0.00479709  -0.0071959  0.000329323  0.148466  0.141405  -0.437193  
-0.00432287  -0.00727697  0.000319595  0.14729  0.0887042  -0.431868  
-0.00441208  -0.00708668  0.00047053  0.149662  0.127692  -0.417007  
-0.00490202  -0.00728803  0.000324062  0.160117  0.137596  -0.455498  
-0.00392805  -0.00766703  0.000324432  0.159996  0.0915532  -0.428682  
-0.00453167  -0.00722723  0.000376299  0.143398  0.121334  -0.428593  
-0.00454744  -0.00703309  0.00041814  0.155736  0.128086  -0.460162  
-0.00378295  -0.0072322  0.000335243  0.150018  0.0985423  -0.437506  
-0.00452833  -0.0071601  0.000422704  0.153621  0.136062  -0.424393  
-0.0042441  -0.0072152  0.000327811  0.154681  0.115661  -0.43579  
-0.00373067  -0.00748216  0.000321189  0.143312  0.115483  -0.418237  
-0.00450717  -0.00708423  0.000263859  0.155347  0.154383  -0.419283  
-0.00450717  -0.00725249  0.000299975  0.14952  0.115735  -0.445434  
-0.00425561  -0.00701278  0.000299975  0.143458  0.107386  -0.421247  
-0.00450717  -0.00697063  0.000299975  0.15077  0.142429  -0.444544  
-0.00393395  -0.00709088  0.000299975  0.158481  0.105546  -0.444651  
-0.0040988  -0.00709501  0.000299975  0.151777  0.124145  -0.430475  
-0.00444292  -0.00682125  0.000299975  0.152322  0.135375  -0.460964  
-0.00379925  -0.00717222  0.000299975  0.143413  0.0997611  -0.441653  
-0.00480379  -0.00685827  -0.000127662  0.143499  0.122843  -0.479931  
-0.00225648  -0.00802865  0.000299975  0.194535  0.0906322  -0.588136  
0.000206942  -0.00811502  0.000299975  0.172646  0.0473096  -0.565279  
-0.00156155  -0.00771189  0.000845848  0.172828  0.0917092  -0.495792  
-0.00059984  -0.00692516  0.000944986  0.151786  0.133376  -0.531925  
-0.00206784  -0.00669128  0.000730048  0.135341  0.0701642  -0.469194  
-0.00308054  -0.00648455  0.000686578  0.157844  0.116484  -0.459101  
-0.00302145  -0.00668505  0.000824287  0.142152  0.084648  -0.432688  
-0.00432648  -0.0069868  0.000801755  0.156892  0.122966  -0.464317  
-0.00331473  -0.0071562  0.000892723  0.152527  0.0847522  -0.460624  
-0.00348518  -0.00673464  0.0008882  0.14655  0.0951771  -0.430652  
-0.00408623  -0.00684206  0.000713497  0.145377  0.122696  -0.459179  
-0.00297908  -0.00674151  0.000772456  0.133568  0.0786028  -0.443098  
-0.00387506  -0.00654806  0.000835543  0.144731  0.145409  -0.478941  
-0.00306018  -0.00660435  0.000888316  0.13437  0.109728  -0.48026  
-0.00306582  -0.00661727  0.000858209  0.133193  0.103582  -0.463847  
-0.00351351  -0.00684072  0.000917091  0.141603  0.134574  -0.445523  
-0.00275387  -0.00708257  0.000875411  0.144859  0.0941191  -0.453066  
-0.00363917  -0.00703167  0.00132829  0.143582  0.128849  -0.453002  
-0.00311005  -0.00727482  0.00108299  0.14348  0.109702  -0.453082  
-0.00305839  -0.00724299  0.00132829  0.143503  0.109631  -0.437936  
-0.00351027  -0.00686121  0.00101736  0.152679  0.141996  -0.452952  
-0.00298756  -0.00703576  0.000942677  0.14356  0.0984721  -0.452997  
-0.00381055  -0.00685323  0.00092165  0.143613  0.122646  -0.452844  
-0.00365441  -0.00679325  0.000861523  0.155433  0.119262  -0.452845  
-0.00303653  -0.00740206  0.00104582  0.148816  0.0984726  -0.44502  
-0.00382391  -0.00715488  0.000513144  0.157398  0.137986  -0.443918  
-0.00309849  -0.00708111  0.000909583  0.157533  0.101582  -0.450746  
-0.0027208  -0.00771233  0.000909583  0.151963  0.100586  -0.431521  
-0.00342341  -0.00704111  0.000717508  0.159308  0.135421  -0.452869  
-0.00301034  -0.00718014  0.000909583  0.152197  0.105136  -0.460374  
-0.00306674  -0.00735111  0.000909583  0.155078  0.0985506  -0.452967  
-0.00314432  -0.00753225  0.000413768  0.161852  0.136424  -0.577785  
-0.00281181  -0.00841566  0.000497407  0.17958  0.0810087  -0.702692  
-0.0030535  -0.00848903  0.000909583  0.181614  0.122452  -0.658108  
-0.00345289  -0.00876375  0.000782569  0.186061  0.147203  -0.665239  
-0.00296437  -0.00880389  0.000808254  0.182028  0.090097  -0.647236  
-0.00296283  -0.00864394  0.000909584  0.179883  0.135368  -0.641191  
-0.00289771  -0.00867755  0.000738742  0.185641  0.121187  -0.682004  
-0.00255656  -0.00871858  0.000909584  0.179861  0.0960412  -0.66045  
-0.00299734  -0.00861422  0.000909584  0.192764  0.145235  -0.672998  
-0.00217326  -0.00898528  0.000909584  0.179744  0.100894  -0.701637  
-0.00284704  -0.00858954  0.000977821  0.191151  0.145638  -0.676677  
-0.00284704  -0.00874798  0.000909584  0.184129  0.128465  -0.679901  
-0.00300998  -0.00870749  0.000909584  0.179854  0.128551  -0.677704  
-0.00305813  -0.00894418  0.000909584  0.190175  0.1546  -0.717209  
-0.00215721  -0.00899382  0.000909584  0.182327  0.0967864  -0.704417  
-0.00295821  -0.00887971  0.000909584  0.196446  0.159983  -0.702018  
-0.00231115  -0.00889512  0.000909584  0.179731  0.119675  -0.703596  
-0.00269755  -0.00920844  0.00121003  0.179621  0.130892  -0.679968  
-0.00298521  -0.00883205  0.00110394  0.179802  0.128087  -0.69613  
-0.00290272  -0.00895235  0.00110233  0.179723  0.107673  -0.660798  
-0.00350997  -0.00900093  0.00109822  0.184124  0.160035  -0.68942  
-0.00278249  -0.00884177  0.00114512  0.179817  0.112233  -0.685324  
-0.00246303  -0.00893733  0.00155562  0.179809  0.146013  -0.664498  
-0.00135932  -0.00907611  0.00155562  0.194091  0.162439  -0.723079  
-0.00232036  -0.00879388  0.00125688  0.179834  0.117293  -0.685223  
-0.00322793  -0.00871464  0.00131105  0.190172  0.147636  -0.67815  
-0.00215753  -0.00877229  0.00123244  0.17984  0.110418  -0.666539  
-0.00294744  -0.00853257  0.0011948  0.186644  0.138027  -0.653059  
-0.00263412  -0.0088745  0.00133062  0.179788  0.128308  -0.663018  
-0.00232249  -0.00878366  0.00141229  0.179829  0.128138  -0.617142  
-0.00326117  -0.0086067  0.00118315  0.186722  0.161853  -0.646401  
-0.00237583  -0.00880699  0.00128777  0.179798  0.10513  -0.618479  
-0.00343035  -0.00851103  0.00121701  0.179921  0.15632  -0.583961  
-0.00254782  -0.00855761  0.00110937  0.182008  0.132111  -0.616838  
-0.00239711  -0.0086216  0.00129194  0.179907  0.113267  -0.594212  
-0.00303037  -0.00839896  0.00155562  0.18005  0.170899  -0.583992  
-0.00239416  -0.00886038  0.00145135  0.179788  0.127834  -0.592267  
-0.00230007  -0.00867152  0.0013688  0.179872  0.11677  -0.55963  
-0.0030687  -0.00826492  0.00120696  0.179999  0.158614  -0.548609  
-0.00238796  -0.00855889  0.00111131  0.177637  0.117213  -0.560836  
-0.00213473  -0.00852715  0.00112153  0.17991  0.118397  -0.541491  
-0.00296227  -0.00815884  0.00114865  0.179999  0.144341  -0.541288  
-0.00223417  -0.00836027  0.00112857  0.179946  0.107224  -0.551703  
-0.00302961  -0.00810481  0.00108695  0.180036  0.144632  -0.522812  
-0.00281222  -0.00793932  0.00126109  0.184275  0.142002  -0.541195  
-0.00254617  -0.00805304  0.00112626  0.180035  0.108092  -0.506911  
-0.00358937  -0.00778169  0.00107974  0.180136  0.150011  -0.506664  
-0.00296194  -0.00788485  0.00101315  0.180079  0.141734  -0.518221  
-0.00288879  -0.00812941  0.00112351  0.180004  0.105346  -0.496452  
-0.00350178  -0.00782922  0.00104642  0.188753  0.166189  -0.50665  
-0.00282561  -0.00825768  0.00112632  0.184095  0.13308  -0.527724  
-0.00269582  -0.0083612  0.000758878  0.17985  0.116057  -0.517681  
-0.00400139  -0.00782004  0.000665347  0.180057  0.156826  -0.511195  
-0.00230564  -0.00797965  0.000884906  0.182025  0.147999  -0.523139  
-0.00377489  -0.00805241  0.000675345  0.1741  0.108429  -0.483191  
-0.00305971  -0.00769161  0.000577917  0.180077  0.163868  -0.537668  
-0.00298341  -0.00811803  0.000803106  0.180159  0.107928  -0.511653  
-0.001682  -0.0078995  0.000459926  0.172756  0.151136  -0.516843  
-0.00323341  -0.00777329  0.000524829  0.175762  0.148896  -0.514501  
-0.00226566  -0.00776351  0.000924141  0.183361  0.111773  -0.530252  
-0.000899755  -0.00757128  0.00118429  0.183352  0.160881  -0.539734  
-0.00165613  -0.00795376  0.00118966  0.183209  0.148827  -0.545696  
-0.000895804  -0.0077821  0.00102387  0.172788  0.137891  -0.49345  
