-0.0055497  0.00629661  -0.00155164  -0.104049  -0.142786  -0.0401968  
-0.00601795  0.00633658  -0.00164068  -0.101243  -0.135749  -0.101258  
-0.00503439  0.00623994  -0.00173268  -0.110764  -0.133449  -0.0314689  
-0.00600054  0.00634754  -0.00168686  -0.104462  -0.122818  -0.108162  
-0.00511218  0.00634328  -0.00178008  -0.107572  -0.13584  -0.027554  
-0.00577359  0.00640454  -0.00173065  -0.106012  -0.127321  -0.107022  
-0.0045307  0.00715481  -0.00175712  -0.112316  -0.130707  -0.00937436  
-0.00585026  0.00707458  -0.00169634  -0.111185  -0.11179  -0.0900869  
-0.0057601  0.00700979  -0.00172296  -0.106636  -0.139655  -0.106401  
-0.00475374  0.00702645  -0.00185741  -0.109784  -0.127443  -0.00737503  
-0.00522885  0.00706173  -0.00179664  -0.107186  -0.11763  -0.0591783  
-0.00673961  0.00661511  -0.00178846  -0.114729  -0.169193  -0.0085875  
-0.0060177  0.00688083  -0.00180783  -0.120305  -0.11985  -0.0114318  
-0.00637444  0.00692901  -0.00170663  -0.111032  -0.128096  -0.0816553  
-0.00521016  0.00687571  -0.00177105  -0.117893  -0.120486  0.0266671  
-0.00584665  0.00690233  -0.0016993  -0.115376  -0.110716  -0.0288382  
-0.00545865  0.00702486  -0.00172333  -0.120217  -0.125999  -0.0134457  
-0.0058441  0.00698127  -0.00177257  -0.114642  -0.133379  -0.0471875  
-0.00555247  0.00691597  -0.00176991  -0.121031  -0.125756  0.00733384  
-0.00598309  0.00682422  -0.0017644  -0.115812  -0.111717  -0.0328472  
-0.00520103  0.00667102  -0.00162511  -0.117876  -0.105613  0.00954832  
-0.00542608  0.00682349  -0.00171015  -0.115671  -0.118826  0.00563478  
-0.00498096  0.00674419  -0.00192277  -0.119225  -0.116662  0.0566028  
-0.00595493  0.00639803  -0.00199621  -0.121275  -0.116644  0.00174615  
-0.00518515  0.00628929  -0.00203398  -0.124502  -0.121425  0.0640229  
-0.00567697  0.0063052  -0.0020393  -0.125211  -0.109005  0.0281563  
-0.00520469  0.00627381  -0.00211947  -0.123622  -0.110392  0.0521169  
-0.00556472  0.00615272  -0.00215948  -0.120482  -0.116793  0.02803  
-0.00588298  0.00628415  -0.0022588  -0.121062  -0.117706  0.0212369  
-0.00540109  0.00608612  -0.00220207  -0.124564  -0.127299  0.0564655  
-0.00589929  0.00634654  -0.00239579  -0.127527  -0.106863  0.00800887  
-0.00542878  0.00644027  -0.00229537  -0.129881  -0.120327  0.0310897  
-0.00558106  0.00621715  -0.00231588  -0.130461  -0.098758  0.0193664  
-0.00482984  0.00607961  -0.00257971  -0.143055  -0.0904851  0.226563  
0.00139549  0.0110691  -0.00240977  -0.175352  0.0341317  1.16379  
-0.00253868  0.00611217  -0.00168802  -0.112782  -0.166337  0.159821  
-0.00173982  0.00541487  -0.00189209  -0.130956  -0.0886707  0.421216  
0.000916245  0.0111227  -0.0023896  -0.178578  0.021531  0.965977  
0.00104915  0.00697998  -0.00221152  -0.148232  -0.0894642  0.60483  
-0.00102971  0.00437375  -0.00235389  -0.141296  -0.0803279  0.504613  
-0.000801893  0.00506515  -0.00242247  -0.138587  -0.0442  0.535602  
-0.000430124  0.00457416  -0.00226023  -0.126675  -0.0544989  0.471959  
-0.000369235  0.00514767  -0.00248327  -0.144854  -0.0268704  0.54377  
-0.00094161  0.00548822  -0.00249139  -0.136752  -0.0378842  0.522502  
-0.000822985  0.00523547  -0.00261466  -0.136157  -0.0471886  0.535152  
-0.000971809  0.00508974  -0.0027237  -0.136264  -0.0349727  0.571164  
-0.000789713  0.00505027  -0.00241661  -0.147446  -0.0619253  0.550069  
-0.000620871  0.00488054  -0.00260539  -0.138232  -0.0431654  0.551691  
-0.00118422  0.00488708  -0.00254486  -0.143827  -0.0598719  0.515425  
-0.000665524  0.00478451  -0.00257536  -0.141022  -0.0659373  0.5588  
-0.000934224  0.00501397  -0.00267949  -0.147224  -0.0491188  0.515466  
-0.00260688  0.00828519  -0.00214159  -0.148746  -0.119578  0.257087  
-0.00263622  0.00782933  -0.00235443  -0.15185  -0.0606377  0.352754  
-0.00202269  0.00722768  -0.00247695  -0.149042  -0.0666316  0.363256  
-0.00151821  0.00639958  -0.00283118  -0.154712  -0.0274629  0.498775  
-0.000646181  0.00641901  -0.00295625  -0.150152  -0.0205233  0.557185  
-0.000935615  0.00611558  -0.00298874  -0.148389  -0.0517859  0.503741  
-0.000990893  0.00622985  -0.00312195  -0.14972  -0.0360848  0.570575  
-0.000794154  0.00611477  -0.00288684  -0.145636  -0.0595612  0.513202  
-0.000974168  0.00596099  -0.00312726  -0.14745  -0.0483028  0.508874  
-0.000984509  0.00590994  -0.00306151  -0.144744  -0.0519891  0.501731  
-0.00290811  0.00746238  -0.00160969  -0.110045  -0.111132  0.209109  
0.00180759  0.00622981  -0.00225841  -0.11557  -0.00144714  0.183817  
0.000809575  0.00609154  -0.00215615  -0.122081  -0.00124958  0.262842  
0.000632263  0.0058964  -0.00251964  -0.123918  -0.0098854  0.250803  
0.000213181  0.00628723  -0.00251189  -0.123847  -0.00644517  0.237264  
0.00115045  0.00554491  -0.00270403  -0.12042  0.0131305  0.364775  
0.00132636  0.00561099  -0.00282006  -0.126182  -0.0118817  0.359976  
0.000669261  0.00548418  -0.00283853  -0.128894  -0.00576701  0.382411  
0.000622612  0.0055379  -0.00284488  -0.128768  -0.0307237  0.342404  
0.00047516  0.00552441  -0.00284138  -0.130048  -0.0125611  0.372513  
0.0008593  0.00529528  -0.00281951  -0.133147  -0.0275041  0.386497  
0.000695092  0.00531493  -0.00274256  -0.133915  -0.00367898  0.402041  
0.000721541  0.00521068  -0.00289446  -0.126881  -0.0183082  0.419049  
-0.000352964  0.00458549  -0.00315993  -0.131236  -0.0332712  0.335442  
-0.000981874  0.0042794  -0.00320194  -0.125557  -0.0110147  0.346654  
-0.000507103  0.00436252  -0.00326454  -0.130089  -0.0200275  0.342726  
-0.000872981  0.00432392  -0.00319823  -0.122053  -0.00519584  0.326088  
-0.000250483  0.00417326  -0.00312453  -0.130662  -0.0192168  0.351486  
-0.000498917  0.00424944  -0.00324109  -0.130571  -0.00913782  0.345107  
-0.000147688  0.00436342  -0.00321077  -0.134355  -0.0247071  0.381407  
-0.000270009  0.0041985  -0.00315392  -0.128856  -0.0274878  0.363465  
-0.000237758  0.00428167  -0.00322935  -0.124527  -0.026586  0.364955  
-0.000206506  0.00450241  -0.00316623  -0.13311  -0.0251705  0.333484  
-0.000445348  0.00447694  -0.00332556  -0.132339  -0.0231067  0.351763  
-0.000215118  0.00458543  -0.00322201  -0.131398  -0.0254734  0.343576  
-0.00042587  0.00461963  -0.00338166  -0.130712  -0.00703702  0.346957  
6.31152e-05  0.00474103  -0.00327313  -0.136473  -0.0145482  0.322286  
-0.000418024  0.0046415  -0.00328891  -0.127468  -0.00415306  0.336636  
-4.31608e-05  0.00473354  -0.00314994  -0.126612  -0.0107298  0.342599  
0.000842921  0.00601053  -0.00331081  -0.149879  0.0382557  0.588945  
0.00267541  0.0112873  -0.00285916  -0.183355  0.0257258  0.945944  
-0.00112902  0.00600057  -0.00285503  -0.141204  -0.0713871  0.505621  
-0.00237418  0.00604422  -0.00271499  -0.125851  -0.0527848  0.319133  
-0.00169987  0.00516025  -0.00277091  -0.124353  -0.0774795  0.28583  
-0.00115285  0.00438659  -0.00312482  -0.136858  -0.0398688  0.413861  
-0.00186643  0.00450049  -0.00285951  -0.138956  -0.00548635  0.393835  
-0.00107139  0.00471288  -0.00301488  -0.13987  -0.0162106  0.432003  
-0.00137853  0.00454062  -0.0029714  -0.139159  0.000961667  0.44398  
-0.000938152  0.00418841  -0.00284015  -0.135568  -0.016119  0.444042  
-0.00129228  0.00427994  -0.00293805  -0.135026  -0.0139728  0.446226  
-0.00106196  0.0042144  -0.00304306  -0.135138  -0.0274645  0.456047  
-0.00154858  0.0041566  -0.00305478  -0.136965  -0.0270493  0.435792  
-0.00104627  0.00430861  -0.0030274  -0.137127  -0.0427392  0.443203  
-0.00131783  0.00414976  -0.00324357  -0.137546  -0.0361438  0.444675  
-0.00115363  0.00411378  -0.00317056  -0.136262  -0.0462833  0.445388  
-0.00147748  0.00385812  -0.00314677  -0.133467  -0.0273757  0.450087  
-0.00125253  0.00403621  -0.00307197  -0.136008  -0.0259791  0.458052  
-0.00144397  0.00399577  -0.00308686  -0.129797  -0.0203221  0.431617  
-0.00129838  0.00417498  -0.0030754  -0.136969  -0.0254847  0.44609  
-0.0014546  0.00407112  -0.00295513  -0.132272  -0.0153796  0.414139  
-0.00131346  0.00402098  -0.00308744  -0.133817  -0.0210204  0.440935  
-0.00143925  0.0039146  -0.00317269  -0.134634  -0.0315186  0.424917  
-0.00242545  0.00360541  -0.00289746  -0.125292  -0.028025  0.411617  
-0.00172293  0.00364925  -0.00285757  -0.130426  -0.0464245  0.388429  
-0.00220168  0.0037002  -0.00305135  -0.125928  -0.0277866  0.386626  
-0.0017684  0.00358567  -0.00298204  -0.127385  -0.0370627  0.406043  
-0.0018118  0.00337554  -0.00300545  -0.127308  -0.0170133  0.366696  
-0.0019662  0.00354748  -0.00303979  -0.12028  -0.0124917  0.421666  
-0.00157583  0.00355725  -0.00305544  -0.127214  -0.0215089  0.398344  
-0.00203556  0.00338865  -0.00301781  -0.125525  -0.0125844  0.40656  
-0.00128928  0.00354051  -0.00308552  -0.129091  -0.0239566  0.417909  
-0.00205231  0.00333023  -0.00305313  -0.127644  -0.0158279  0.4169  
-0.00161246  0.00343841  -0.00293636  -0.129963  -0.0317903  0.427879  
-0.00198562  0.00336333  -0.00306742  -0.127885  -0.0154398  0.389976  
-0.00161394  0.00346904  -0.00309008  -0.130611  -0.041717  0.42421  
-0.00184106  0.00345046  -0.00300106  -0.128386  -0.0331353  0.390893  
-0.00198904  0.0033826  -0.00306597  -0.129397  -0.0287955  0.422379  
-0.00167265  0.00354426  -0.00305916  -0.130264  -0.0340435  0.412982  
-0.00228402  0.00352147  -0.00309103  -0.130408  -0.0241178  0.416718  
-0.0017992  0.00350196  -0.00309263  -0.122911  -0.0321084  0.423837  
-0.00186258  0.00356226  -0.00312955  -0.128954  -0.0197725  0.38567  
-0.00189458  0.00367628  -0.00309063  -0.130038  -0.0164996  0.427137  
-0.00221888  0.00593599  -0.00249278  -0.134497  -0.0433338  0.261232  
-0.00475761  0.00755217  -0.00208395  -0.12236  -0.052384  0.0191626  
-0.00491641  0.00619001  -0.00293159  -0.129522  -0.0928903  0.0461329  
-0.00426197  0.00546721  -0.00306092  -0.135678  -0.0616557  0.194702  
-0.00386537  0.00568098  -0.00303934  -0.137555  -0.0460067  0.215982  
-0.00316796  0.00556118  -0.00328214  -0.140142  -0.0475992  0.270483  
-0.003398  0.00520467  -0.00313219  -0.143758  -0.0320666  0.296484  
-0.00291837  0.00520072  -0.00325041  -0.141259  -0.048333  0.31679  
-0.0034916  0.00499976  -0.00325776  -0.140866  -0.0385627  0.303475  
-0.00262724  0.00457135  -0.00342872  -0.143336  -0.0576056  0.339306  
-0.00326854  0.00480849  -0.0033198  -0.144829  -0.0465557  0.346405  
-0.00266352  0.00487773  -0.00347321  -0.140957  -0.0616938  0.340874  
-0.00354247  0.00521576  -0.00331456  -0.138065  -0.0558814  0.287923  
-0.00283232  0.00484803  -0.00324224  -0.135545  -0.0623347  0.324792  
-0.0031652  0.00516478  -0.00303424  -0.134819  -0.0565742  0.288925  
-0.00303059  0.00471241  -0.0031367  -0.131091  -0.0575411  0.333276  
-0.00338929  0.00523318  -0.00312972  -0.136501  -0.0620038  0.272615  
-0.00360575  0.0050138  -0.00320026  -0.130884  -0.0436131  0.291404  
-0.00310455  0.0049586  -0.00335549  -0.137055  -0.0537608  0.316357  
-0.00387903  0.00444824  -0.00312037  -0.128831  -0.0335334  0.307785  
-0.00317938  0.004408  -0.0033332  -0.134852  -0.0572912  0.332943  
-0.00423998  0.00496715  -0.00335543  -0.138992  -0.0351535  0.288028  
-0.00478105  0.00476711  -0.00317193  -0.129478  -0.0427603  0.223317  
-0.00332225  0.00416466  -0.00299682  -0.12098  -0.0657055  0.270326  
-0.00392681  0.0037119  -0.00313941  -0.126506  -0.0422216  0.304626  
-0.00315262  0.00369728  -0.00323606  -0.128847  -0.0534824  0.344398  
-0.00377789  0.00365627  -0.00313404  -0.131349  -0.0357805  0.325794  
-0.00336184  0.0034572  -0.00324484  -0.13033  -0.0432187  0.373088  
-0.00301161  0.00366698  -0.00326567  -0.126858  -0.0443984  0.345115  
-0.00381357  0.0035864  -0.00318528  -0.129398  -0.0335426  0.34801  
-0.00300417  0.00373082  -0.00324543  -0.129092  -0.0484494  0.352289  
-0.00349617  0.00372654  -0.00327983  -0.128847  -0.0326179  0.353134  
-0.00283499  0.00357108  -0.00327249  -0.129179  -0.0528046  0.384329  
-0.0033877  0.00370608  -0.00317238  -0.127936  -0.0413161  0.361405  
-0.00280121  0.00379195  -0.00358667  -0.138058  -0.0512541  0.402322  
-0.00274152  0.00439496  -0.00382141  -0.155661  -0.0409837  0.365325  
-0.00269608  0.00454548  -0.00397706  -0.149946  -0.0405185  0.374624  
-0.00243223  0.00436059  -0.00411825  -0.158148  -0.0430134  0.366248  
-0.00302773  0.00428092  -0.00388984  -0.150696  -0.0240329  0.390964  
-0.00243223  0.00430528  -0.00404398  -0.145378  -0.0411365  0.379721  
-0.00327904  0.00456526  -0.00418526  -0.146759  -0.0275373  0.333416  
-0.00372886  0.00530322  -0.00410818  -0.153697  -0.0566233  0.233151  
-0.00271456  0.00469515  -0.00420164  -0.156517  -0.036251  0.349831  
-0.00279691  0.00456955  -0.00419324  -0.161359  -0.0295982  0.322481  
-0.00219477  0.00456323  -0.00443022  -0.160581  -0.0308169  0.387798  
-0.00232071  0.00411164  -0.00411138  -0.151444  -0.0304852  0.337952  
-0.00228508  0.00460879  -0.00429034  -0.155818  -0.0287026  0.353082  
-0.00228914  0.00448858  -0.00425718  -0.159443  -0.0274049  0.335231  
-0.00214462  0.00439337  -0.00441166  -0.159698  -0.0278607  0.379017  
-0.00230945  0.00435368  -0.00446041  -0.160632  -0.0290889  0.349555  
-0.00238011  0.00448859  -0.00445677  -0.154947  -0.0237851  0.380253  
-0.00200693  0.00449655  -0.00442302  -0.159754  -0.0315684  0.371534  
-0.00257492  0.00459377  -0.00442228  -0.161115  -0.0312249  0.35734  
-0.00212122  0.00466879  -0.00445308  -0.159421  -0.0484205  0.363119  
-0.00251775  0.00464183  -0.00449124  -0.159366  -0.0387737  0.340639  
-0.00216168  0.00469045  -0.00435781  -0.160308  -0.037226  0.356889  
-0.00262143  0.00488789  -0.00440609  -0.163186  -0.0246363  0.316592  
-0.00220694  0.00485857  -0.00446594  -0.163876  -0.0324235  0.352239  
-0.00184813  0.0049128  -0.00462425  -0.164673  -0.02911  0.342181  
-0.00253804  0.00506359  -0.00445709  -0.159899  -0.0215733  0.339993  
-0.00175384  0.0048639  -0.00448341  -0.154407  -0.0305018  0.364842  
-0.00206742  0.00496771  -0.00448065  -0.161494  -0.0205372  0.335158  
-0.00188029  0.00475337  -0.00455356  -0.162855  -0.0285336  0.376217  
-0.0022783  0.0049597  -0.00452566  -0.162191  -0.0176414  0.318054  
-0.00193914  0.00483827  -0.00464695  -0.160578  -0.0150926  0.367871  
-0.00152692  0.00472898  -0.00465653  -0.163259  -0.0137517  0.367172  
-0.00209379  0.00489227  -0.00463319  -0.165868  -0.00721775  0.370594  
-0.00128084  0.00491315  -0.00471063  -0.1665  -0.0200534  0.396636  
-0.00165008  0.00486729  -0.00466094  -0.164335  -0.00336259  0.386928  
-0.00128998  0.00488963  -0.00474415  -0.162591  -0.0234986  0.40304  
-0.00127437  0.00490366  -0.00476859  -0.161838  -0.00969575  0.381908  
-0.00154367  0.00496636  -0.00463748  -0.156623  -0.0116827  0.389073  
-0.00101779  0.00497243  -0.00464723  -0.164647  -0.0144276  0.391972  
-0.00152933  0.00505132  -0.00467063  -0.166678  0.00709238  0.376506  
-0.00115761  0.00508651  -0.00459776  -0.164379  -0.00537172  0.3936  
-0.000805206  0.00497815  -0.00454756  -0.165978  0.00748801  0.377703  
-0.00147156  0.0047979  -0.00462938  -0.161875  -0.00326757  0.377889  
-0.000776213  0.00468891  -0.00459687  -0.161669  -0.0198046  0.406169  
-0.0013832  0.00481976  -0.00440765  -0.157291  -0.00656218  0.400428  
-0.000798235  0.00492091  -0.00472537  -0.161619  -0.0163557  0.420754  
-0.00133232  0.00474554  -0.0047763  -0.163364  0.000771585  0.405483  
-0.00105294  0.00486464  -0.00474868  -0.160665  -0.0132312  0.426034  
-0.00109073  0.00463024  -0.0046256  -0.164245  -0.00846087  0.402299  
-0.00131071  0.00468907  -0.00489748  -0.165918  -0.00252592  0.422917  
-0.000831326  0.00497858  -0.00478462  -0.169476  -0.0152554  0.420317  
-0.00124348  0.00490086  -0.00490793  -0.171835  0.00471565  0.423972  
-0.000678849  0.00499989  -0.0049829  -0.163828  -0.00960394  0.447645  
-0.00114592  0.00507286  -0.00489517  -0.172218  -0.00689105  0.420746  
-0.000866603  0.0050025  -0.00492376  -0.168269  -0.0194612  0.441468  
-0.000785709  0.00499954  -0.00492827  -0.161325  -0.00591867  0.412094  
-0.00120113  0.00517485  -0.00493811  -0.164396  0.00562263  0.42798  
-0.000700884  0.00519171  -0.00492998  -0.169683  -0.0128851  0.431276  
-0.00116912  0.00509712  -0.00489244  -0.169473  -0.00385465  0.427944  
-0.000837835  0.00513618  -0.0049537  -0.168922  -0.0180823  0.443217  
-0.00108381  0.00512971  -0.00486096  -0.168347  -0.0137953  0.418396  
-0.00076767  0.00505755  -0.00487833  -0.167841  -0.00878856  0.429736  
-0.000738043  0.00516838  -0.00483716  -0.165198  -0.00489505  0.409061  
-0.00117862  0.00512935  -0.00482769  -0.16144  0.000374844  0.419214  
-0.000552449  0.00502535  -0.00481461  -0.16612  -0.00691453  0.432626  
-0.00124138  0.00506268  -0.00489672  -0.169232  0.00879221  0.411858  
-0.000682775  0.00513201  -0.00497869  -0.169268  -0.0111929  0.435413  
-0.000828233  0.00501196  -0.00482712  -0.170761  -0.00365384  0.390417  
-0.000720338  0.00515664  -0.00485736  -0.169469  -0.00272276  0.423775  
-0.000544842  0.00498573  -0.00481201  -0.16957  0.00121665  0.411473  
-0.00425467  0.00411842  -0.00365824  -0.125574  -0.0478754  0.214187  
-0.00409762  0.00387159  -0.00362229  -0.130294  -0.0558593  0.149238  
-0.00121965  0.00382739  -0.00404571  -0.143372  -0.0153643  0.370901  
-0.0014455  0.00391996  -0.00433183  -0.148331  -0.00264615  0.356976  
-0.00126133  0.00410371  -0.00444244  -0.148926  -0.010302  0.41385  
-0.0012833  0.00404046  -0.00442334  -0.154746  -0.00120003  0.388276  
-0.00151138  0.00414945  -0.00438508  -0.151493  -0.00428675  0.408714  
-0.00115016  0.00444614  -0.004298  -0.151235  -0.00432274  0.382803  
-0.00140739  0.00429646  -0.00438058  -0.148962  -0.00956098  0.397759  
-0.000748372  0.00438567  -0.00434452  -0.153396  -0.0166398  0.403132  
-0.00157527  0.00410897  -0.00424765  -0.151019  -0.0100236  0.378121  
-0.000814362  0.00416471  -0.0043719  -0.153285  -0.0229321  0.383403  
-0.00125994  0.00410248  -0.00442876  -0.153198  -0.0117656  0.388557  
-0.000673436  0.00449679  -0.00443237  -0.155178  -0.0124189  0.384188  
-0.00120461  0.00424377  -0.00439495  -0.151206  -0.00894236  0.394641  
-0.000619587  0.00428319  -0.00450139  -0.156938  -0.0153255  0.39171  
-0.00127223  0.00428878  -0.00440194  -0.153367  -0.00256912  0.382221  
-0.000844712  0.00433571  -0.00445901  -0.153522  -0.0225786  0.392478  
-0.00140238  0.00433393  -0.00442778  -0.151855  -0.012466  0.368627  
-0.000959752  0.00436502  -0.00448274  -0.151858  -0.0257678  0.398876  
-0.000963948  0.00435235  -0.00436357  -0.149135  -0.0262413  0.353367  
-0.00134791  0.00454513  -0.00435368  -0.153236  -0.0173594  0.371862  
-0.000847029  0.00478121  -0.00442634  -0.152158  -0.0300434  0.369781  
-0.00126687  0.00461479  -0.00443903  -0.152476  -0.01111  0.350088  
-0.000842696  0.00478907  -0.00434197  -0.150462  -0.0263509  0.366453  
-0.0012279  0.00468919  -0.00431676  -0.148691  -0.0189068  0.341495  
-0.000870982  0.00475901  -0.00428291  -0.141233  -0.0243565  0.369427  
-0.000855914  0.00460263  -0.00433297  -0.148965  -0.00824878  0.343954  
-0.000945661  0.00456399  -0.00448628  -0.148697  -0.014249  0.379101  
-0.000733326  0.00465255  -0.00452358  -0.154308  -0.0195671  0.374211  
-0.00105272  0.00449537  -0.00453029  -0.14916  -0.00941292  0.354089  
-0.000764931  0.0046526  -0.00446567  -0.153685  -0.0334108  0.373399  
-0.00093366  0.00487316  -0.00441723  -0.154791  -0.01534  0.339587  
-0.000897851  0.00488291  -0.0044802  -0.156508  -0.0215568  0.369676  
-0.000571233  0.00490541  -0.00446575  -0.15265  -0.0151214  0.35397  
-0.000942861  0.00501807  -0.00454728  -0.156232  -0.000808979  0.367795  
-0.000399011  0.00507428  -0.00438955  -0.154693  -0.0143025  0.350026  
-0.000931431  0.00507422  -0.004468  -0.149021  0.00652577  0.353316  
-0.000523966  0.00491941  -0.00443514  -0.148766  -0.0190865  0.36682  
-0.000849828  0.00503875  -0.00447397  -0.158794  -0.000770404  0.343514  
-0.000764931  0.0050715  -0.00441146  -0.148477  -0.0096924  0.388158  
-0.000556285  0.00475595  -0.0042762  -0.153344  -0.0119571  0.360532  
-0.000764931  0.00497422  -0.00440857  -0.156809  -0.0110709  0.399669  
-0.000241713  0.00487284  -0.00439974  -0.153133  -0.0108097  0.373403  
-0.000892517  0.00487478  -0.00433858  -0.156941  0.00240925  0.383363  
-0.000273131  0.00484624  -0.00433075  -0.156932  -0.00463118  0.393817  
-0.000661959  0.00462184  -0.00441442  -0.156438  0.0166515  0.379836  
-0.000169209  0.00467605  -0.00444015  -0.156436  0.00949479  0.399526  
-0.000364316  0.00478433  -0.00433043  -0.154773  0.0119708  0.382724  
3.95387e-05  0.00476685  -0.00436354  -0.149477  0.00129581  0.41484  
-0.000364316  0.00471948  -0.00432734  -0.152359  0.000640548  0.388655  
-0.000811099  0.00469639  -0.00455782  -0.150474  -0.00366991  0.398809  
-0.00137067  0.00427515  -0.00438403  -0.150825  -0.0154559  0.303741  
-0.000218012  0.00454904  -0.00436608  -0.153864  -0.0125353  0.398074  
-0.00039716  0.00416865  -0.00438871  -0.153845  0.00485454  0.379031  
0.000157299  0.00426244  -0.00443577  -0.153781  0.00326807  0.41603  
-9.69792e-05  0.00408982  -0.00451242  -0.148925  0.00331233  0.399911  
-0.000194308  0.00421322  -0.00443035  -0.153182  0.0137507  0.453706  
0.00026787  0.00405717  -0.00405082  -0.143188  0.00306966  0.373754  
0.000303084  0.00449388  -0.00431034  -0.150565  0.00649872  0.407933  
0.000397125  0.00442858  -0.00436635  -0.155362  0.00733211  0.398107  
0.000136914  0.00450154  -0.00453911  -0.154211  0.0102987  0.419801  
0.000782597  0.00439665  -0.00446891  -0.154779  -0.00184033  0.424912  
0.000344243  0.00439378  -0.00454814  -0.154808  0.0025407  0.416125  
0.000844167  0.0045186  -0.00465256  -0.162098  -0.00164652  0.4279  
0.000348941  0.0044937  -0.00453003  -0.156512  0.00507543  0.416879  
0.000889096  0.0046614  -0.00472708  -0.160674  0.00158034  0.446695  
0.000392404  0.00461985  -0.00476775  -0.159741  0.0115959  0.425624  
0.00063376  0.00450109  -0.00465164  -0.158314  -0.00166383  0.443738  
0.000330558  0.0045152  -0.00451759  -0.156328  0.0109412  0.390544  
0.000548763  0.00439724  -0.00447619  -0.159319  0.00877922  0.430943  
0.000526799  0.00446084  -0.00451448  -0.159866  0.00874226  0.391751  
0.000458163  0.00441543  -0.00467162  -0.157137  0.0171833  0.427612  
0.000844422  0.00442691  -0.00465322  -0.159564  0.013167  0.426446  
0.000294424  0.00437644  -0.00467936  -0.159565  0.0168388  0.406226  
0.000644269  0.00446371  -0.00474138  -0.158608  0.00449026  0.434786  
0.000438797  0.00429743  -0.00487714  -0.161635  0.0234346  0.407362  
0.000406727  0.00430428  -0.00490936  -0.164649  0.0222519  0.434823  
0.000906959  0.00452971  -0.004897  -0.157387  0.0157007  0.413979  
0.000418861  0.00446682  -0.00507311  -0.16164  0.0307319  0.419246  
0.00086737  0.00453945  -0.00490685  -0.163313  0.017518  0.412574  
0.000499147  0.00434511  -0.00488908  -0.153282  0.0294145  0.398804  
0.000919672  0.00419324  -0.0048095  -0.157944  0.016194  0.41743  
0.000382543  0.00412439  -0.00490559  -0.151886  0.0224877  0.388028  
0.00372399  0.00386841  -0.00389027  -0.114735  0.0425066  0.209851  
0.00154328  0.00328933  -0.00419791  -0.128643  0.0649295  0.303375  
0.00266009  0.00285808  -0.00394043  -0.121472  0.027779  0.348194  
0.00159069  0.00274296  -0.00400789  -0.125056  0.0416883  0.305804  
0.00216284  0.00266258  -0.00408807  -0.112574  0.0254731  0.363195  
0.00204654  0.00259522  -0.00369408  -0.113278  0.0376514  0.303886  
0.00195805  0.00294983  -0.00347663  -0.106338  0.021399  0.288586  
0.00200406  0.00289973  -0.00343177  -0.104958  0.020837  0.274995  
0.00173224  0.0027968  -0.00371679  -0.104772  0.0333561  0.305962  
0.00215356  0.00262338  -0.00386922  -0.112014  0.0334625  0.324339  
0.00212609  0.00276203  -0.00380827  -0.112403  0.0416596  0.341247  
0.00278598  0.00276893  -0.00388804  -0.116103  0.0305723  0.365539  
0.00203199  0.00293318  -0.00386064  -0.11767  0.0388739  0.328103  
0.00244408  0.00333763  -0.00350547  -0.114239  0.0283564  0.360945  
0.00207916  0.00290504  -0.00362161  -0.108958  0.036737  0.303665  
0.00231988  0.00280213  -0.00345254  -0.105704  0.0401401  0.309688  
0.00242819  0.00262555  -0.00342213  -0.107436  0.0438397  0.286202  
0.00291632  0.00248427  -0.00374582  -0.113257  0.0486555  0.366971  
0.00259937  0.00248519  -0.00387267  -0.112763  0.0488897  0.345385  
0.00279769  0.00257775  -0.00373494  -0.1148  0.0443576  0.357756  
0.00261446  0.00277226  -0.00372115  -0.113435  0.0341806  0.331368  
0.00249922  0.00287837  -0.00368659  -0.110593  0.0461616  0.348546  
0.00313976  0.00290506  -0.00355582  -0.115329  0.042526  0.364659  
0.002221  0.00269257  -0.00385386  -0.112638  0.050733  0.344088  
0.00267985  0.00275634  -0.00357895  -0.111733  0.00569543  0.29751  
0.00516673  0.00302128  -0.00356698  -0.111368  0.0513394  0.244081  
0.00382624  0.00359179  -0.00329258  -0.10206  0.0702569  0.204679  
0.00462141  0.00316919  -0.00326329  -0.106281  0.0419457  0.277708  
0.00428112  0.00303204  -0.00345583  -0.103253  0.0677154  0.294141  
0.004919  0.00304833  -0.00352955  -0.109505  0.0528779  0.315419  
0.00415599  0.00317897  -0.00347056  -0.116061  0.0623928  0.305161  
0.00498509  0.00302546  -0.00359945  -0.111398  0.0565238  0.325456  
0.00382416  0.00301276  -0.00352474  -0.111617  0.0624241  0.275307  
0.00445978  0.0029071  -0.00354693  -0.108702  0.0412283  0.284149  
0.00407011  0.00292935  -0.00374813  -0.1102  0.0517551  0.291909  
0.00475458  0.00281192  -0.00356812  -0.119335  0.0483567  0.286441  
0.00441309  0.00293379  -0.00363303  -0.110059  0.0632858  0.300788  
0.00482316  0.00279831  -0.00358499  -0.112299  0.0542556  0.317857  
-0.000654498  0.00165456  -0.00323301  -0.0854415  -0.00782103  0.343724  
-0.00308275  0.00165504  -0.00242894  -0.0927883  -0.0394503  0.606062  
-0.00148082  0.00186946  -0.00289443  -0.0987924  -0.00403652  0.668819  
-0.000656608  0.00192621  -0.00305668  -0.103592  -0.0192246  0.649101  
-0.000742848  0.00195297  -0.00325195  -0.099354  -0.0108963  0.648142  
-1.76013e-05  0.00200622  -0.00325896  -0.102067  -0.0230109  0.660815  
-0.00133978  0.00184518  -0.00309269  -0.0987232  -0.00957847  0.600454  
0.000430477  0.00168471  -0.00311231  -0.101283  -0.0165048  0.601306  
0.00034012  0.00152134  -0.00335022  -0.0988488  0.00395295  0.637476  
0.000946782  0.00174843  -0.00297762  -0.102883  0.0157963  0.637473  
0.000117327  0.00171655  -0.00300314  -0.101761  0.026262  0.674001  
0.00243095  0.00141088  -0.00262901  -0.0765181  0.0215021  0.543113  
0.0039679  0.00075142  -0.00239593  -0.0658783  0.0688826  0.576015  
0.00350253  0.000962059  -0.00248508  -0.0731627  0.0707438  0.557981  
0.00518043  0.00106952  -0.00249104  -0.0705195  0.0619169  0.644283  
0.00357758  0.000763901  -0.00274215  -0.066515  0.0623102  0.574788  
0.00438101  0.000691348  -0.00249789  -0.0669705  0.0562169  0.622095  
0.00396876  0.000547909  -0.00258535  -0.0679638  0.0646569  0.595808  
0.00398294  0.00066178  -0.00257412  -0.0657052  0.0355266  0.606636  
0.00172695  0.00125971  -0.00206172  -0.0895091  0.0481049  0.67487  
0.0112349  0.00685593  0.000300343  -0.0703421  0.149186  2.09513  
0.0155813  0.00275368  0.000425839  -0.0652192  0.0921196  1.39068  
0.0156759  0.00185264  -0.000514063  -0.0733948  0.147015  1.34902  
0.0153632  0.00215042  -0.000649646  -0.0693606  0.170733  1.32113  
0.014625  0.000914549  -0.000100836  -0.075797  0.195972  1.2861  
0.0052556  0.00390705  -0.000531811  -0.0691605  0.0140411  0.528849  
0.00233534  0.00407354  -0.00157299  -0.0669243  0.076589  0.504495  
0.00397788  0.00272811  -0.00164002  -0.0603569  0.114155  0.553279  
0.00622832  0.00345265  -0.00117816  -0.0694393  0.111265  0.689583  
0.0064194  0.00351037  -0.00132806  -0.069627  0.103466  0.641465  
0.00450263  0.00317225  -0.00173925  -0.0616088  0.0174309  0.226286  
0.00365623  0.00284238  -0.00184623  -0.0640766  0.0140783  0.295101  
0.00399152  0.00255074  -0.00171268  -0.0652712  0.0364748  0.250928  
0.00467807  0.00225002  -0.00180892  -0.0585231  0.0462778  0.332681  
0.00492811  0.00186702  -0.0018833  -0.0509026  0.0669208  0.338314  
0.00514732  0.00240334  -0.00180687  -0.0626548  0.0303368  0.355541  
-0.00126044  0.00591499  -0.00106395  -0.067163  -0.0765557  -0.148011  
-0.0138718  0.00863528  -0.00161722  -0.00499073  -0.507439  -1.50883  
-0.0162162  0.00418288  -0.00197894  0.00835539  -0.344833  -1.73099  
-0.0132892  0.00408636  -0.00183761  0.000721545  -0.190088  -1.49023  
-0.0120712  0.00366477  -0.00226117  0.000702076  -0.192615  -1.45908  
-0.010379  0.0033083  -0.00249804  -0.0112271  -0.168323  -1.29442  
-0.0103536  0.00365331  -0.00234611  -0.0106974  -0.171079  -1.28579  
-0.00849796  0.00344404  -0.00226097  -0.0123391  -0.18417  -1.14009  
-0.00813025  0.00334184  -0.00256656  -0.0177488  -0.188213  -1.10959  
-0.00839806  0.00317318  -0.00254041  -0.0145898  -0.202729  -1.11954  
-0.0077863  0.00312704  -0.00260699  -0.0173651  -0.23122  -1.07059  
-0.0082674  0.00282749  -0.00247623  -0.0180329  -0.219176  -1.07718  
-0.00783037  0.00267218  -0.00259027  -0.0191246  -0.211414  -1.03996  
-0.00798458  0.00246188  -0.00250519  -0.023287  -0.158171  -1.00433  
-0.00649713  0.00189926  -0.00249589  -0.0276637  -0.14714  -0.861983  
-0.00682294  0.00184342  -0.00241824  -0.0239862  -0.110443  -0.849034  
-0.00437152  0.00105326  -0.00262549  -0.0179112  -0.123654  -0.719073  
-0.00453657  0.00122497  -0.00260249  -0.0207862  -0.109082  -0.724455  
-0.00324914  0.000930172  -0.0026454  -0.0195369  -0.136835  -0.670433  
-0.00371604  0.000882523  -0.00265917  -0.0196179  -0.120826  -0.664539  
-0.00275004  0.000813364  -0.00255058  -0.026698  -0.145597  -0.631306  
-0.00309713  0.000675707  -0.00263679  -0.0258448  -0.129031  -0.652952  
-0.00328893  0.000409818  -0.00264891  -0.0249249  -0.140265  -0.641621  
-0.00343133  0.000160149  -0.00268373  -0.0162257  -0.119592  -0.650642  
-0.00322427  0.000244478  -0.00255859  -0.0233927  -0.0977859  -0.603152  
-0.00119056  0.000865383  -0.00241309  -0.0330883  -0.0705663  -0.508263  
-0.000318127  0.000381976  -0.00244447  -0.0320057  -0.0296181  -0.44221  
0.000592515  0.000787583  -0.00252244  -0.0381168  -0.046076  -0.410974  
0.000454748  0.000587607  -0.00262287  -0.0319763  -0.0134553  -0.397829  
0.00115063  0.000692802  -0.00250403  -0.0400912  -0.0398495  -0.376896  
0.000756453  0.000819137  -0.00245573  -0.0377536  -0.0264953  -0.40599  
0.00136486  0.000749941  -0.00231856  -0.0370321  -0.0404001  -0.359834  
0.00125686  0.000699038  -0.00242034  -0.0403909  -0.0406321  -0.38872  
0.00165384  0.000557862  -0.0023941  -0.040405  -0.04373  -0.351447  
0.00111594  0.0007127  -0.00245114  -0.0401238  -0.0325951  -0.354346  
0.00158822  0.000446317  -0.0024044  -0.0380724  -0.0203419  -0.32492  
-0.000188302  -0.000111458  -0.00209055  -0.0291048  -0.00215033  -0.364156  
0.00215089  -0.000102747  -0.00225227  -0.0375637  -0.0407658  -0.255616  
0.00204814  -0.000125639  -0.00227644  -0.0343937  -0.00846388  -0.225698  
0.00202698  -0.00031625  -0.00245592  -0.0349148  -0.0182314  -0.232763  
0.00262922  -0.000796339  -0.00225852  -0.0282691  -0.0079174  -0.179832  
0.00269872  -0.000774238  -0.00219495  -0.0298898  -0.00877358  -0.175547  
0.00258909  -0.00112607  -0.00216677  -0.0286046  -0.00450363  -0.160638  
0.00264635  -0.000967114  -0.00214235  -0.0297102  -0.010087  -0.165256  
0.00202695  -0.00069054  -0.00228229  -0.0309221  0.00199115  -0.18729  
0.00314495  -0.000969718  -0.00232133  -0.0305662  -0.0145353  -0.158725  
0.00320704  -0.00132391  -0.00219839  -0.0248146  0.00804025  -0.142655  
0.00347066  -0.00111073  -0.00222513  -0.0315024  -0.00028174  -0.13352  
0.00205027  -0.000865247  -0.00234707  -0.0328442  -0.00357438  -0.189578  
0.00268636  -0.000576756  -0.0021943  -0.0351058  -0.0157547  -0.177394  
0.0021557  -0.00050589  -0.00222425  -0.0328328  0.00802783  -0.192272  
0.00245418  -0.00060044  -0.00219399  -0.0307745  0.00399862  -0.171083  
0.00252615  -0.000490901  -0.00213175  -0.0309163  -0.0030594  -0.18783  
0.00210216  -0.000451132  -0.00219774  -0.0330271  0.00282065  -0.202629  
0.00241186  -0.000363248  -0.00230817  -0.0311214  0.00155434  -0.192756  
0.00206124  -0.000368456  -0.00221532  -0.0342713  0.00763583  -0.190594  
0.00270002  -0.00033532  -0.00210821  -0.0373794  0.00547069  -0.180822  
0.0019473  -0.00059288  -0.00228132  -0.0334057  0.000155873  -0.201962  
0.00290584  -0.000728243  -0.00228176  -0.0318925  -0.0159907  -0.174062  
0.00230408  -0.000308909  -0.00225432  -0.033779  0.0124084  -0.195094  
0.00367288  -0.000770593  -0.00213221  -0.0243504  0.0112976  -0.133212  
0.00353689  -0.00113691  -0.00205116  -0.0230334  0.0114969  -0.152569  
0.00322605  -0.00176918  -0.00185689  -0.020003  0.020425  -0.12775  
0.0039863  -0.00228797  -0.00182729  -0.0174598  0.0158276  -0.0887499  
0.00334896  -0.00235141  -0.00177597  -0.0151692  0.0287777  -0.102164  
0.0040187  -0.00241628  -0.00155474  -0.0102622  0.0228697  -0.0479483  
0.00411625  -0.0025949  -0.00153248  -0.0126577  0.0271839  -0.0619392  
0.00392217  -0.00249  -0.00172917  -0.0130783  0.0259235  -0.0392933  
0.00453503  -0.00245433  -0.00151407  -0.0195712  0.00797718  -0.0458768  
0.00398684  -0.00229852  -0.00158911  -0.0187729  0.0204652  -0.0571737  
0.00440758  -0.0023964  -0.0014432  -0.0207626  0.0204588  -0.041908  
0.00406514  -0.00231304  -0.00170537  -0.0133916  0.025194  -0.0578872  
0.00435695  -0.00250267  -0.00163515  -0.0130306  0.0157145  -0.0372952  
0.00416337  -0.00234641  -0.00145159  -0.017994  0.0243203  -0.0548217  
0.00437843  -0.00266712  -0.00149063  -0.0197779  0.037258  -0.0330239  
0.00474126  -0.00256588  -0.00166399  -0.0175128  0.0343072  -0.0425578  
0.00431999  -0.00245039  -0.00171091  -0.0162716  0.0394984  -0.0423628  
0.000526995  0.00285046  -0.0012819  -0.0467953  -0.0731098  -0.300895  
0.000360939  0.002186  -0.001871  -0.0376466  -0.000931663  -0.372085  
0.00330834  0.00118425  -0.00191431  -0.0387616  -0.0055973  -0.207071  
0.00314045  0.000144592  -0.00198287  -0.0325613  0.0408791  -0.15903  
0.00429376  -0.00022537  -0.00210575  -0.030429  0.0312704  -0.0881281  
0.00394271  -0.000840236  -0.00200883  -0.0257558  0.0525076  -0.0986451  
-0.00112488  -0.00116859  -0.00207621  -0.0173853  -0.0385433  -0.14143  
-0.00907964  -0.00220226  -0.000339582  -0.00482106  -0.0947512  0.438573  
-0.00632944  -0.00224519  0.000229595  0.00706139  -0.0725638  0.440665  
-0.00411399  -0.00218122  -0.000206099  0.00101572  -0.0727509  0.47574  
-0.00290894  -0.00244697  -0.000339582  0.0102592  -0.0562566  0.419773  
-0.00166515  -0.00229101  -0.00113558  -0.00226687  -0.0767878  0.381714  
-0.00178249  -0.00246622  -0.001273  0.000957569  -0.0427082  0.369358  
-0.00143752  -0.00221878  -0.00144838  -0.00767005  -0.0260092  0.345239  
-0.00152392  -0.00253989  -0.00129385  9.68224e-05  -0.0162564  0.339742  
-0.000729552  -0.00236807  -0.00162276  -6.20669e-05  -0.00898766  0.305932  
-0.000314469  -0.00211832  -0.00171226  -0.00699926  -0.00677238  0.124049  
0.0018558  -0.00263085  -0.00140383  -0.00852502  0.0087394  0.10577  
0.000997822  -0.00261476  -0.00162119  -0.00869054  0.0356807  0.0834498  
0.00226067  -0.00292495  -0.00145095  -0.000577618  0.0182248  0.110437  
0.00190742  -0.00317282  -0.00138622  -0.00287757  0.0279138  0.0860638  
0.00238074  -0.00277404  -0.00161828  -0.00816142  -0.00284905  0.123467  
0.00159761  -0.00300341  -0.00155702  -0.00459089  0.0108252  0.132396  
0.00241128  -0.0032202  -0.00135019  -0.00291688  0.000155023  0.145532  
0.00177624  -0.00272981  -0.00142945  -0.0085143  0.0136257  0.158786  
0.00226017  -0.00284734  -0.00137034  -0.00524097  0.00784647  0.156828  
0.00156924  -0.00284322  -0.00149646  -0.00883495  0.0231292  0.150074  
0.00202959  -0.00323344  -0.0014049  -0.00373693  0.0257676  0.148075  
0.00152741  -0.00331263  -0.00149888  -0.0044636  0.0377275  0.120664  
0.00197323  -0.00275553  -0.0015052  -0.00952649  0.0212621  0.169351  
0.00188902  -0.00272799  -0.0014873  -0.0125103  0.0212573  0.155086  
0.00237557  -0.00351103  -0.000927191  0.00355748  0.0255877  0.00382494  
0.00283075  -0.00326498  -0.00128205  0.00362132  0.000101614  -0.00710048  
0.00301234  -0.00307728  -0.00131691  2.52735e-05  0.0283646  0.0822712  
0.00294218  -0.00344137  -0.00111561  0.00459758  0.0212663  0.0516515  
0.00311777  -0.00336491  -0.00124751  0.00222994  0.0124415  0.0988078  
0.00281496  -0.00363024  -0.00102951  0.00948655  0.0289307  0.0454989  
0.00310494  -0.00342155  -0.00109825  0.0063568  0.0263046  0.12761  
0.00344236  -0.00312322  -0.00111594  0.00477812  0.0243985  0.117329  
0.0031684  -0.00311425  -0.00106186  0.01056  0.0213745  0.124992  
0.00268827  -0.00335006  -0.000849141  0.00902243  0.0212667  0.108643  
0.00305291  -0.00296339  -0.00118117  0.00108408  0.0068998  0.0954313  
0.00252919  -0.00341969  -0.000934583  0.0025237  0.0378089  0.0937527  
0.00312795  -0.00326011  -0.0011014  -0.00431995  0.0245143  0.0970041  
0.00283454  -0.0031137  -0.000849141  -0.0014948  0.0301507  0.123118  
0.00313731  -0.00275015  -0.00105558  -0.00332377  0.011593  0.0835008  
0.00243101  -0.00340054  -0.00102695  0.00257307  0.0339033  0.116029  
0.00294621  -0.00334691  -0.00119729  -0.000426853  0.0218032  0.13701  
0.00231707  -0.0036188  -0.000975556  0.00289432  0.0481224  0.083281  
0.00316056  -0.00315478  -0.000943317  0.00400632  0.017356  0.138089  
0.00263854  -0.00325198  -0.00084914  0.00791863  0.0287769  0.135953  
0.00314213  -0.00317363  -0.00084914  0.00242701  0.0112743  0.140324  
0.00251112  -0.00338856  -0.00084914  0.00411587  0.0295757  0.138721  
0.00270239  -0.0028064  -0.00100705  0.00303582  0.0118602  0.12019  
0.0019608  -0.00307198  -0.00109914  0.00115317  0.0489697  0.129796  
0.00309875  -0.00325574  -0.000917422  -0.00364881  0.0211258  0.122979  
0.00266856  -0.00336654  -0.00084914  0.00315911  0.0432387  0.112719  
0.00303906  -0.00315643  -0.000851041  0.00907899  0.0203423  0.146051  
0.00295362  -0.00317232  -0.000974391  0.0078984  0.0295393  0.125516  
0.00289766  -0.00330572  -0.00104499  0.0106442  0.0270574  0.165235  
0.00351144  -0.00323599  -0.00105283  0.0060696  0.0257649  0.147314  
0.00279478  -0.00336629  -0.000975057  0.00452624  0.0202401  0.180842  
0.00339454  -0.00289126  -0.000857883  0.00281642  0.00634797  0.120557  
0.00227688  -0.00292149  -0.000779789  0.00717299  0.0147183  0.162048  
0.00316458  -0.0032781  -0.000941122  0.00421467  0.0330294  0.142963  
0.00258398  -0.00314637  -0.000905588  -0.00655388  0.0400867  0.168678  
0.00305235  -0.0029314  -0.000974566  -0.00613547  0.0309725  0.131037  
0.00145758  -0.00233698  -0.0012172  -0.00652695  0.032858  0.181504  
0.00252297  -0.00260561  -0.000819648  -0.00402587  0.0157619  0.105561  
0.00135009  -0.00228305  -0.0012163  -0.00307801  0.0288829  0.17985  
0.002623  -0.00227138  -0.000541299  0.00627879  0.0328145  0.0817293  
0.00197654  -0.00256364  -0.000991573  -0.00142137  0.0402796  0.154131  
0.00274614  -0.00260604  -0.00114926  -0.00925422  0.0383999  0.137864  
0.00218709  -0.00268309  -0.00110348  5.6934e-05  0.0504251  0.139354  
0.003137  -0.000869066  -0.00145049  -0.0171634  0.023113  0.0441978  
0.0022378  -0.00210491  -0.00131399  -0.009247  0.0464696  0.0820246  
0.00292253  -0.00111907  -0.00124186  -0.0159021  0.0280261  0.0613057  
0.00190097  -0.00259493  -0.00127244  -0.00922148  0.0584433  0.115915  
0.00210369  -0.00238727  -0.00154699  -0.0153629  0.0452768  0.156569  
0.00251649  -0.0026975  -0.00131773  -0.00931627  0.0433584  0.119479  
0.00188953  -0.00233087  -0.00159534  -0.00754476  0.0381075  0.154274  
0.00270494  -0.0025782  -0.00150549  -0.00382154  0.0160013  0.164403  
0.00206882  -0.00253376  -0.00150011  -0.00480611  0.0282161  0.18419  
0.00276073  -0.00231072  -0.00143442  -0.00431966  0.0139542  0.175062  
0.00168454  -0.0021419  -0.00166099  -0.00734524  0.0280866  0.213439  
0.0026758  -0.00220279  -0.00128943  -0.0119089  0.0192528  0.164347  
0.00137948  -0.00171813  -0.00157147  -0.00877581  0.0280314  0.217906  
0.00227287  -0.00229077  -0.00128777  -0.00434228  0.0281068  0.171837  
0.00146381  -0.00239823  -0.00135624  -0.00649637  0.0279852  0.214682  
0.00233103  -0.0029918  -0.00111793  -0.00842696  0.028115  0.178126  
0.0013434  -0.00232775  -0.00133611  -0.0180052  0.0326476  0.213985  
0.00203795  -0.00340648  -0.00110702  -0.00975877  0.0404175  0.173529  
0.00118152  -0.00198442  -0.00153186  -0.0181145  0.0351911  0.20632  
0.00269768  -0.00162785  -0.00143281  -0.0189224  0.0204162  0.0757687  
0.000804852  -0.00130972  -0.00179567  -0.0204457  0.0208004  0.16835  
0.00133212  -0.00281328  -0.00111667  -0.0133917  0.0151171  0.119652  
0.000745256  -0.00196266  -0.00134769  -0.00946137  0.0352221  0.176468  
0.00178447  -0.0021902  -0.00118947  -0.0119752  0.03602  0.129089  
0.000958901  -0.00207082  -0.00132186  -0.0172331  0.049034  0.162109  
0.00124046  -0.00237464  -0.00122948  -0.0141195  0.037456  0.177081  
0.00176865  -0.00135336  -0.00145225  -0.0212296  0.034113  0.0792246  
0.00171708  0.00152666  -0.00124992  -0.0354202  0.0240854  0.0887743  
0.00160205  -0.0009031  -0.00172019  -0.0284743  0.0340915  0.0668743  
0.000363207  0.000487227  -0.0016741  -0.0229599  -0.00635458  0.120148  
0.00122196  -0.000912248  -0.00150681  -0.0233564  0.0424095  0.0859613  
0.00016001  0.000350368  -0.0015647  -0.0206454  -0.00619104  0.118887  
0.00201472  0.000743924  -0.001237  -0.0460142  0.0380736  2.50733e-05  
0.00176103  0.00340166  -0.00110804  -0.0421667  0.0204928  0.00098367  
0.000624258  6.66668e-05  -0.00173894  -0.0333098  0.055462  0.115995  
0.000769379  0.000140093  -0.00184395  -0.0350667  0.0219999  0.133087  
0.00227824  0.000608813  -0.00151856  -0.0382229  0.0508971  0.0702187  
0.000779087  -0.000121575  -0.001922  -0.0282603  0.0271185  0.144789  
0.000758561  -0.000523216  -0.00194609  -0.0253558  0.0295524  0.125453  
0.000750693  -0.000794264  -0.00193337  -0.0242899  0.0209204  0.165832  
0.00143547  -0.0006194  -0.00192389  -0.0287276  0.00824479  0.150175  
0.000664057  -0.000862618  -0.00183477  -0.0149399  0.000179128  0.189134  
0.00250154  0.000462875  -0.00165636  -0.0289493  -0.0153284  0.0685797  
0.000542167  0.000519913  -0.00194503  -0.0241605  -0.0200587  0.13924  
0.00105026  -0.000886083  -0.0017663  -0.0198764  0.0163636  0.158529  
0.00093322  -0.0009677  -0.00184222  -0.0202314  0.000274467  0.17813  
0.000802288  -0.000967701  -0.00185705  -0.0259181  0.0106619  0.142104  
0.000831324  -0.000451564  -0.00189777  -0.0237194  -0.00411284  0.155921  
0.000663547  -0.00129885  -0.00168742  -0.0181769  0.0163218  0.163319  
0.000645204  -0.000552655  -0.00175268  -0.0229165  -0.0104406  0.127572  
0.000460759  -0.000825801  -0.00169116  -0.0192884  0.00872988  0.145861  
0.00215168  0.000638339  -0.00137061  -0.040259  0.0117085  0.0621477  
0.000502894  -0.000837287  -0.00170191  -0.019996  0.0279201  0.138666  
0.0018416  0.0023311  -0.00100699  -0.0410632  0.00873457  0.0213941  
0.00198479  0.00183454  -0.00116969  -0.0390028  0.047627  0.0225311  
0.000246851  -0.000671908  -0.00159252  -0.0202117  0.0350146  0.153657  
0.00141848  0.00215607  -0.000759825  -0.0448375  0.0158846  -0.0984788  
0.000481751  0.0023838  -0.00126442  -0.0407293  0.0267122  0.0729578  
0.00181933  0.00183687  -0.00115381  -0.0451828  0.0404663  -0.0173734  
0.00114943  0.00367369  -0.000894228  -0.0421454  0.0253295  -0.032011  
0.000195727  9.93141e-05  -0.00164455  -0.0328818  0.0504336  0.0970886  
0.00200212  0.00235052  -0.00131457  -0.0470915  0.027882  0.0353937  
-0.000218164  0.0030888  9.87188e-05  -0.0291901  0.0464515  -0.0261175  
0.00103548  0.00331288  -0.000539972  -0.0272775  0.0214549  0.00138852  
0.000106059  -0.000802963  -0.0015226  -0.0152995  0.0483623  0.133643  
0.000495844  -0.000244094  -0.00162993  -0.0225612  0.0163836  0.13366  
0.000182272  0.000310683  -0.00171821  -0.024966  0.0157433  0.0814223  
0.00143841  0.00318349  -0.000789255  -0.0354066  0.0120444  -0.00872906  
0.000124105  0.000376227  -0.00153456  -0.0243953  0.0512888  0.106504  
0.00176208  0.00231542  -0.00103293  -0.0333492  0.0319941  0.0228792  
5.88736e-06  0.000210163  -0.00099851  -0.0294336  0.0699508  0.103874  
0.00185034  0.00195002  -0.000946469  -0.0292459  0.0330987  -0.0112896  
4.62013e-05  -0.000101238  -0.00136096  -0.0165793  0.0540349  0.13257  
0.000960105  0.00316751  -0.000750728  -0.0276428  -0.00155095  -0.104037  
-0.000577453  0.00230982  -0.00115725  -0.0362256  0.0159403  0.0495838  
0.00032134  0.00107695  -0.00148721  -0.0334694  0.025692  0.109806  
-0.000101809  0.000999803  -0.00134047  -0.0288466  0.0361335  0.075258  
0.00235121  -0.00202911  0.00127453  0.0957315  -0.0344928  -0.323072  
0.00261502  -0.00253387  0.000749094  0.0657525  0.04317  -0.251714  
0.00354573  -0.00296664  0.000314714  0.0561115  0.000654848  -0.174614  
0.00271965  -0.0027231  0.000595931  0.0622874  0.0247895  -0.189573  
0.00324501  -0.00301295  0.000598942  0.0595592  0.0145563  -0.122709  
0.00268911  -0.00307481  0.000548541  0.0541555  0.0133165  -0.154151  
0.00310179  -0.00334832  0.00054214  0.0568303  0.0101397  -0.0713284  
0.0029434  -0.00366612  0.000414742  0.0515116  0.00665384  -0.0754195  
0.00238811  -0.00383154  0.00036288  0.0547135  -0.00209423  -0.0771368  
0.00314717  -0.00355237  0.000215162  0.0469032  -0.0021006  -0.080785  
0.00270903  -0.00362995  0.000270891  0.0434291  0.0101368  -0.091034  
0.00301016  -0.00356968  0.000344375  0.0444911  0.000149209  -0.0415405  
0.00295276  -0.00363973  0.000302537  0.0423412  0.00191972  -0.0533855  
0.00291726  -0.00318101  7.84401e-05  0.0437508  -0.00695901  -0.0571516  
0.00223975  -0.00322295  0.000387229  0.0451189  0.004635  -0.103253  
0.00261628  -0.00324818  0.000277706  0.0427724  0.00445395  -0.0952121  
0.00309923  -0.00380427  0.00039606  0.0455567  0.0245954  -0.106803  
0.00275504  -0.00396989  0.000428137  0.048409  0.0180142  -0.0572987  
0.00285145  -0.00393004  0.000333144  0.046975  0.00269282  -0.0898661  
0.00222704  -0.0040558  0.000412659  0.0527176  0.011433  -0.061492  
0.00295265  -0.00424206  0.000404618  0.0523853  0.00821138  -0.0762008  
0.00214927  -0.00427093  0.000500736  0.048861  0.0158841  -0.0538005  
0.00240786  -0.00441695  0.000512419  0.0531401  -0.0123206  -0.0442402  
0.00197716  -0.00449759  0.000529524  0.0529751  -0.000349299  -0.0687413  
0.00245902  -0.00438039  0.000486915  0.052801  -0.00414879  -0.040539  
0.00197319  -0.00435762  0.000554617  0.0580815  0.00428655  -0.103486  
0.00209387  -0.004503  0.000741677  0.0602337  -0.0032958  -0.0683199  
0.00240123  -0.00436818  0.000663564  0.0571099  0.00227272  -0.0918497  
0.00246955  -0.00459089  0.000585705  0.0580725  0.0141193  -0.0467239  
0.00260462  -0.0044089  0.000587033  0.0598667  -0.00428942  -0.0664618  
0.00191338  -0.00453365  0.000734866  0.0576647  0.0232918  -0.0371117  
0.0026513  -0.0046062  0.000616595  0.0591256  0.0110166  -0.0611771  
0.00223145  -0.00433599  0.000754474  0.0589357  0.0169304  -0.0514924  
0.00245102  -0.00450795  0.000648011  0.0555083  0.0111038  -0.0276657  
0.00242199  -0.00433838  0.000749121  0.0506896  0.0110917  -0.0602138  
0.00209691  -0.0041039  0.000868983  0.0578047  -0.0011592  -0.0299599  
0.00170316  -0.00452276  0.00088  0.0553518  -0.00446343  -0.0468753  
0.00240715  -0.00392415  0.000695965  0.0515472  -0.0086814  -0.0719166  
0.00179946  -0.00431937  0.000803596  0.051358  0.0131797  -0.037381  
0.00232722  -0.0040415  0.000764248  0.0466855  -0.0033358  -0.083793  
0.00157584  -0.00424863  0.00100255  0.054099  0.0110618  -0.00756675  
0.0019142  -0.00357886  0.000793284  0.0447909  -0.00717513  -0.105181  
0.00187782  -0.00319055  0.000868063  0.050303  -0.00748213  -0.0733465  
0.000920281  -0.00437632  0.00108032  0.0514911  0.0194924  -0.0311759  
0.000768117  -0.00378004  0.00104561  0.0464501  -0.0206999  -0.0244067  
2.89196e-05  -0.00168132  0.00161691  0.0328037  -0.0290413  -0.14669  
0.0011767  -0.00168961  0.00105407  0.0370952  -0.0320603  -0.119601  
-0.000258455  -0.00356123  0.00121346  0.0419596  0.00775742  -0.052858  
0.000391146  -0.000528937  0.00135613  0.0343032  -0.037294  -0.186787  
-0.000770927  -0.0030648  0.00112216  0.0401498  -0.0239494  -0.0577751  
2.68263e-05  -0.00337963  0.000958584  0.0387761  -0.0458967  -0.0610551  
-0.000103244  -0.00347249  0.00123522  0.0396795  -0.0100361  -0.0653417  
0.00179119  -0.002326  0.00086166  0.0448  -0.0139294  -0.0574829  
0.00131486  -0.00302469  0.00108548  0.0436338  -0.00339171  -0.0169398  
0.00170661  -0.0015141  0.000679971  0.0472607  -0.0429582  -0.083792  
0.000926677  -0.00243164  0.00130634  0.0497734  -0.0125822  -0.0798013  
0.000289111  -0.000813523  0.000955948  0.0471239  -0.0661773  -0.145412  
-0.000713534  -0.00367042  0.0012885  0.054483  -0.0254827  -0.0432531  
0.000292423  -0.00138541  0.00145786  0.0424538  -0.0479712  -0.151559  
-0.00130404  -0.00328441  0.00115008  0.0479181  -0.0318914  -0.0151854  
-3.9497e-05  -0.00360926  0.00115744  0.0464592  -0.0444686  -0.0767106  
1.94326e-05  -0.00352727  0.001204  0.0404618  -0.0131394  -0.0158395  
0.000483458  -0.00124617  0.00124661  0.0322747  -0.0148498  -0.165986  
-0.000910625  -0.0028716  0.00113758  0.0492002  -0.00875726  -0.0286686  
0.000389418  -0.000891283  0.0013371  0.037129  -0.0180589  -0.182412  
0.00017129  0.00146971  0.00158692  0.0242441  -0.031234  -0.199287  
-8.78627e-05  -0.000488732  0.00140575  0.0375162  0.00712507  -0.143361  
0.00013912  -4.12927e-05  0.00146101  0.030114  -0.0172685  -0.148203  
0.000404931  -8.58487e-05  0.00159103  0.0237945  0.0147281  -0.18252  
0.000254874  5.07305e-05  0.0015793  0.0290239  -0.00274636  -0.147337  
0.000135555  -0.000826923  0.00162224  0.0329612  0.00271259  -0.132902  
0.00026213  -0.000485505  0.00152671  0.0386311  -0.0214319  -0.129962  
-9.04378e-05  -0.00117536  0.00157966  0.0324253  0.0114358  -0.139961  
0.00119835  0.000334504  0.000948611  0.0277139  -0.0193121  -0.156674  
0.000461977  -0.00065598  0.00115306  0.0344564  0.0192417  -0.135491  
0.00128878  -0.000577516  0.00108342  0.0390831  -0.0113873  -0.121162  
0.000301885  -0.00109604  0.00138261  0.0378186  -0.0160625  -0.100296  
0.000974788  0.000639109  0.000976449  0.0331922  -0.0536849  -0.187267  
0.000296316  -0.000478022  0.00143591  0.0376401  0.00425139  -0.102245  
0.000632012  3.43416e-05  0.00155665  0.021441  -0.0186491  -0.171343  
0.00080693  0.00026032  0.00149071  0.0290485  -0.00282176  -0.124969  
0.00037415  -0.000497801  0.0016101  0.0297064  0.00947747  -0.125561  
0.000853865  0.00017724  0.00153121  0.0231234  -0.0167764  -0.16263  
-0.000629773  -0.00175501  0.00128645  0.040423  -0.019468  -0.0868177  
0.000382299  -0.000196162  0.00168784  0.0237832  -0.020118  -0.175518  
0.000118011  -0.000151067  0.00173737  0.0260344  0.00372606  -0.121118  
0.000287853  -0.000280197  0.00162756  0.0260319  -0.014847  -0.201227  
0.000231635  0.00104005  0.00174147  0.0258841  -0.00879638  -0.188996  
9.78832e-05  -0.00056269  0.0014971  0.0390439  0.00264405  -0.193321  
0.000137104  0.000410758  0.0015268  0.0337563  -0.012278  -0.169135  
0.000330994  -0.000497793  0.0014601  0.0407724  0.0237225  -0.162065  
0.000314695  -0.000459374  0.00141859  0.0375496  0.00852258  -0.13636  
0.00015546  -8.99399e-06  0.00125562  0.0338241  -0.0109928  -0.210078  
-0.000168729  -9.953e-05  0.0012145  0.0353022  -0.00131096  -0.235668  
0.000759921  -0.000350903  0.00112862  0.0418636  -0.0099125  -0.171118  
0.000748547  -0.000437109  0.00117493  0.044474  -0.0128876  -0.169969  
0.000989721  -8.99399e-06  0.00126172  0.0375333  -0.0275007  -0.125658  
0.000777054  -0.000668139  0.00135668  0.0350788  -0.0139064  -0.132077  
0.00114643  -0.000205849  0.00110992  0.0330676  -0.0329533  -0.163394  
0.0014624  -0.00158391  0.00103311  0.0418083  0.00537942  -0.0958406  
0.000963608  -0.000685531  0.000935226  0.0323897  -0.0365097  -0.145736  
0.000974894  -0.000733866  0.000832932  0.0339632  -0.00575581  -0.148553  
0.0019897  -0.000897191  0.000581369  0.0344227  0.00120471  -0.0954233  
0.000699302  -0.000539594  0.00115032  0.0368856  0.000180316  -0.149677  
0.0011032  0.000995072  0.000909908  0.0282173  -0.0546611  -0.185462  
0.000855883  -0.000219957  0.000859545  0.037218  -0.00137704  -0.120409  
0.00134862  0.000265459  0.000184537  0.0446842  -0.0194028  -0.182931  
0.000724437  -9.06594e-05  0.00114083  0.0278622  0.0221348  -0.111556  
0.0010591  -8.46605e-05  0.000250155  0.0410823  -0.00872256  -0.181204  
0.000863788  -2.58746e-05  0.00102481  0.0305277  -0.00561078  -0.147623  
0.000909561  -0.000347305  0.000943889  0.0328616  0.0119958  -0.165842  
0.000722842  -0.000418517  0.000920049  0.0299797  -0.00354002  -0.13713  
0.00109152  8.86964e-05  0.000426163  0.0446445  -0.0109119  -0.215677  
0.000983135  8.86964e-05  0.000405366  0.044644  0.0244358  -0.150832  
0.00101755  -0.000332427  0.000250155  0.0446129  0.00535774  -0.177982  
0.00112957  -0.000323237  0.000250155  0.0490459  0.0120045  -0.124337  
0.000765855  -0.000731443  0.00120466  0.0280292  0.00754013  -0.156095  
0.00149437  -0.000504272  0.000633902  0.0352432  -0.0040199  -0.121371  
0.00101567  -0.000431189  0.00108028  0.023003  0.0119452  -0.154571  
0.00129765  0.00105946  0.000872668  0.0137135  -0.0171128  -0.187842  
0.000734926  -0.000631438  0.00109147  0.0267061  0.0322663  -0.144807  
0.00128639  0.0010348  0.000702566  -0.000880212  0.00133721  -0.193948  
0.000676439  -4.18783e-05  0.000950557  0.017794  0.0436223  -0.171335  
0.00145246  0.00184464  -0.000337256  -0.00932233  -0.00105481  -0.226575  
0.00129263  0.00161113  -4.10518e-05  -0.00847174  0.0352504  -0.12981  
0.00122441  -0.000969909  0.000883577  0.0292  0.00352297  -0.160363  
0.00161581  0.000204918  0.00112617  0.0206447  0.000364096  -0.157501  
0.000772431  -0.000542919  0.00123946  0.0203336  0.0105705  -0.127942  
0.00131191  0.00022264  0.00100466  0.0133636  -0.0200292  -0.162568  
0.00138357  -0.000970117  0.000915121  0.0295528  0.0301008  -0.108481  
0.00110491  -0.000239288  0.00114663  0.0226042  0.00504594  -0.16977  
0.000825147  -0.000229689  0.00106241  0.0296097  0.0336032  -0.129486  
0.00113348  -9.83554e-05  0.00112963  0.0230162  0.00815842  -0.173939  
0.000723629  -0.000233882  0.00113554  0.0269451  0.0383229  -0.138677  
0.0011944  -9.25172e-05  0.000250156  0.0478565  0.00741325  -0.183406  
0.000899841  -0.000122111  0.000430642  0.0432216  0.0335451  -0.134672  
0.00136315  0.00119662  0.000758782  0.00794437  -0.0108746  -0.212877  
0.00114711  0.00182388  0.000433986  0.00207675  -0.0130908  -0.174085  
0.000899681  0.00146635  0.000885889  -0.00593969  0.0145033  -0.185801  
0.00116525  0.00222741  0.000250156  -0.00766181  -0.00256376  -0.223251  
0.00289917  0.00205526  0.000250156  -0.0167448  0.0662254  0.00308308  
0.00184387  0.00175804  7.76029e-05  -0.0198413  0.00331157  -0.127604  
0.00126974  0.0012045  -0.000962228  -0.0148363  0.0341427  -0.164583  
0.00199763  0.00237231  -0.000328178  -0.0153294  0.019927  -0.147026  
0.00136254  0.00140394  0.000859602  -0.00426918  0.0290463  -0.133535  
0.00218423  0.00223637  0.000126894  -0.0164065  0.00730523  -0.125559  
0.00128326  -4.32789e-06  0.00119275  0.00802711  0.0382042  -0.135206  
0.00232079  0.00184167  3.94568e-05  -0.0124377  0.0207155  -0.0980164  
0.00130389  0.000135115  8.09161e-05  0.0429563  0.024001  -0.16318  
0.00237088  0.00205716  -0.000253635  -0.0157749  0.0366479  -0.0959868  
0.00140582  0.000135115  0.000162749  0.0429569  0.036019  -0.159653  
0.00204151  0.00207697  7.22967e-05  -0.00795941  0.031603  -0.13011  
0.00218905  0.000135115  0.000935102  0.0211005  0.0487455  -0.0941831  
0.00234874  0.00190004  7.22967e-05  -0.00372641  0.00566713  -0.12457  
0.00199303  0.00190003  7.22967e-05  -0.00440972  0.0362738  -0.113744  
0.00187285  0.00230648  7.22967e-05  -0.00460469  -0.000773181  -0.240354  
0.00205568  0.00253795  7.22967e-05  -0.0119078  0.0260537  -0.132694  
0.00153117  0.00191707  -0.000151596  -0.0144358  0.0283839  -0.190746  
0.00190729  0.0029101  -3.45162e-05  -0.0113491  0.00516122  -0.176515  
0.00130112  0.00137982  0.000958504  -0.00325559  0.0451739  -0.16794  
0.00184242  0.00250225  7.22968e-05  -0.00869964  0.013955  -0.165338  
0.00122177  0.00153027  0.000866774  -0.00539683  0.0410444  -0.158555  
0.00166998  0.00259295  7.22967e-05  -0.0054337  0.00167296  -0.231637  
0.00151494  0.00226791  0.000329568  -0.00883308  0.0488833  -0.117275  
0.00170443  0.00228915  7.22967e-05  -0.00453738  -0.00177041  -0.236247  
0.00156143  0.00244233  7.22968e-05  -0.00798111  0.0298833  -0.142584  
0.0015013  0.00186221  0.000211421  -0.0141072  0.0259079  -0.209509  
0.00189922  0.00244818  7.22968e-05  -0.0149409  0.0182902  -0.184181  
0.0015911  -0.000287971  0.000733045  0.0230449  0.0616256  -0.131137  
0.00210148  -5.73598e-05  7.22967e-05  0.0300506  0.0369484  -0.10908  
0.00165366  0.00222054  -0.000119425  -0.0118445  -0.0031028  -0.28247  
0.00114832  0.00223854  -0.000354404  -0.0196981  0.0413247  -0.183354  
0.00176115  0.00288386  -5.87061e-05  -0.0116985  -0.0028699  -0.290812  
0.00187724  0.00257315  -7.98802e-05  -0.00980321  0.0476051  -0.116548  
0.00154819  0.00169917  -0.00026394  -0.0181707  0.0214562  -0.188975  
0.00190631  0.00252688  -7.85978e-05  -0.0124346  0.00981748  -0.170344  
0.00125415  0.0020605  -0.000182334  -0.0165344  0.0397774  -0.202854  
0.00164134  0.00232694  -0.000384418  -0.00964279  0.00325905  -0.22133  
0.00153215  0.00197384  -5.26194e-05  -0.00509096  0.0415359  -0.156872  
0.00191379  0.00234577  -5.04754e-05  -0.00360884  -0.00285292  -0.220409  
0.00236031  0.002297  7.22968e-05  -0.00766291  0.0173855  -0.0996325  
0.0023275  0.00224924  -5.12712e-05  -0.0158336  -0.0167012  -0.177729  
0.00261327  0.00233235  2.05859e-05  -0.0123615  -0.00340732  -0.0821468  
0.00211823  0.00224246  -0.000254243  -0.0187553  -0.00346303  -0.153322  
0.00235826  0.00236808  1.06878e-05  -0.0122332  0.0082361  -0.132858  
0.00152427  0.00180416  0.000693825  -0.00552079  0.0331279  -0.149178  
0.00219601  0.0023456  -0.000241991  -0.0119072  0.0074969  -0.206914  
0.00221059  0.0025518  1.30844e-06  -0.00840271  0.0281144  -0.104876  
0.00182128  0.00207699  -0.000503989  -0.0131645  -0.0022193  -0.219698  
0.0022965  0.00265736  -0.000259914  -0.0105909  0.0246099  -0.152231  
0.00190418  0.00222014  -0.000254581  -0.0175208  0.0205483  -0.211256  
0.00221624  0.0027903  7.22968e-05  -0.0171878  0.0145824  -0.150086  
0.00196955  0.00201824  -2.73985e-05  -0.0161291  0.00639747  -0.216527  
0.00195375  0.00214783  -0.000152867  -0.0161722  0.00800647  -0.163628  
0.00182481  0.00173044  -0.000894309  -0.0173014  -0.00142124  -0.22352  
0.0016541  0.00209279  -0.00016488  -0.011733  0.027272  -0.143443  
0.0018676  0.00206433  -0.000337451  -0.0131349  -0.00172252  -0.220667  
0.00191369  0.00233235  -2.76193e-05  -0.0171565  0.0318513  -0.106839  
0.00193879  0.00196247  -0.000196004  -0.0120261  -0.00259798  -0.206427  
0.00205607  0.00227783  -0.000183142  -0.011879  0.0262833  -0.108597  
0.00192276  0.00235902  -0.000223419  -0.0143161  0.00495559  -0.205171  
0.00197377  0.00261132  -0.000271615  -0.0168857  0.0360488  -0.130305  
0.00180583  0.0018438  -0.000350351  -0.0188647  0.0193185  -0.192997  
0.0024996  0.00239166  -9.53371e-05  -0.0204896  0.0220028  -0.143736  
0.00221533  0.0021815  -3.05547e-05  -0.0149649  0.0208931  -0.122587  
0.00251092  0.00246274  -0.000250685  -0.020599  -0.0106134  -0.158024  
0.00211315  0.00237937  -0.000251428  -0.0194158  0.015072  -0.131851  
0.00233129  0.00285449  -0.000160522  -0.0140849  -0.00129567  -0.195764  
0.00208743  0.002369  3.8794e-05  -0.0143117  0.0323243  -0.15244  
0.00216369  0.00245421  -0.000153468  -0.0110203  -0.000765288  -0.198274  
0.00190564  0.00208069  -0.000405548  -0.0175638  0.0324984  -0.167222  
0.00194188  0.0027935  3.8794e-05  -0.0119317  0.00195953  -0.252822  
0.00124024  0.00239597  -0.000373165  -0.0156424  0.0420547  -0.174469  
0.00184866  0.00294755  -8.67266e-05  -0.0179613  -0.00880163  -0.311267  
0.00146139  0.00259902  -0.000401419  -0.0128129  0.0312593  -0.203939  
0.00180753  0.00188957  -0.000490298  -0.0182538  0.0216007  -0.256783  
0.00221047  0.00261563  0.000121972  -0.0107434  0.0449248  -0.141323  
0.00217381  0.00223853  3.8794e-05  -0.0203414  0.0105504  -0.202047  
0.00277599  0.00259582  -0.000339358  -0.0150747  0.0108297  -0.131893  
0.00219893  0.00221905  -4.47162e-05  -0.0182724  0.0127248  -0.137595  
0.00269719  0.00251715  -0.000298151  -0.0198041  0.00520458  -0.109067  
0.00233791  0.00237333  -8.83852e-05  -0.0155862  0.0131214  -0.141706  
0.00273665  0.00283295  -8.54521e-05  -0.011223  0.00174176  -0.161983  
0.00242419  0.00224108  -0.000116777  -0.0120816  0.0310506  -0.110858  
0.00242041  0.00258346  -0.000268459  -0.0148957  -0.00514006  -0.227018  
0.00253145  0.00272324  -0.00016104  -0.0126338  0.0331928  -0.108646  
0.00206157  0.00227557  -0.000483219  -0.018607  0.0238685  -0.189136  
0.00245776  0.00266144  -0.00036268  -0.0199194  0.0238063  -0.171858  
0.0019096  0.00217355  -0.000529312  -0.0249964  0.0444878  -0.166827  
0.00227231  0.00282246  -5.85098e-05  -0.0145293  0.00454707  -0.254714  
0.00219659  0.00271145  3.8794e-05  -0.0151756  0.0573924  -0.135417  
0.00201566  0.00223976  -0.000346552  -0.0104727  0.0115082  -0.230881  
0.00220937  0.00268131  -0.000282362  -0.0143568  0.0435987  -0.132878  
0.00177554  0.0020179  -0.000494446  -0.0106733  0.0296812  -0.205611  
0.00232257  0.00281248  -0.000160947  -0.00890301  0.0328406  -0.168859  
0.0019692  0.00215092  -0.000253148  -0.010158  0.0391001  -0.22871  
0.00229372  0.00266838  -0.000246742  -0.00736587  0.0188576  -0.168561  
0.00192137  0.00315044  3.8794e-05  -0.00510702  0.0029827  -0.341429  
0.00213542  0.00310212  3.8794e-05  -0.0112653  0.013971  -0.178109  
0.00174516  0.00279869  3.8794e-05  -0.0119341  0.00998245  -0.300642  
0.00152313  0.00320054  0.000200925  -0.00811402  -0.00354236  -0.28785  
0.00169383  0.00376229  0.000164142  -0.00807882  -0.00238099  -0.348267  
0.00144168  0.00288182  0.000188097  -0.00964563  0.0388947  -0.263438  
0.00199049  0.00320666  -0.000143992  -0.0109643  0.0155327  -0.286597  
0.00157358  0.00281042  -0.00039067  -0.0145909  0.0339601  -0.233708  
0.00196258  0.00337901  -0.000281712  -0.014954  -0.00393125  -0.293854  
0.00168819  0.00303938  -9.6191e-05  -0.0127316  0.0407886  -0.194553  
0.00189458  0.00341997  3.8794e-05  -0.00538899  0.000879881  -0.318033  
0.00162141  0.0033223  0.000210581  -0.0118178  0.0117375  -0.283815  
0.00181576  0.00392428  3.8794e-05  -0.0113663  -0.003809  -0.358551  
0.00163707  0.00402077  3.8794e-05  -0.0100393  0.00555541  -0.347551  
0.00180804  0.00407833  0.000106961  -0.0110207  -0.0109467  -0.34961  
0.00155227  0.00379308  0.000450884  -0.0143255  0.0165263  -0.298535  
0.00192014  0.00426296  0.000130621  -0.0118315  -0.015743  -0.379338  
0.0019001  0.00404689  0.000313867  -0.0108276  0.00167067  -0.305935  
0.00162701  0.00410709  0.00015825  -0.0149356  0.00831101  -0.306352  
0.00181234  0.00438138  0.000194342  -0.0152564  -0.0177499  -0.357762  
0.00132386  0.0039869  0.000284702  -0.0164038  0.00924334  -0.263887  
0.00199931  0.00419531  0.000141844  -0.0157895  -0.0161986  -0.353976  
0.00181113  0.00433593  0.000318187  -0.00926559  0.0246764  -0.254844  
0.00180882  0.00418199  0.000247539  -0.011966  0.0132524  -0.322327  
0.00190117  0.00423828  0.000215504  -0.0153038  0.0132411  -0.283713  
0.0016322  0.00414776  0.000616596  -0.015766  0.0304472  -0.309656  
0.00196347  0.00419912  0.000222283  -0.0124823  0.0114654  -0.343112  
0.00153038  0.00397194  0.000471027  -0.0149519  0.0340936  -0.284028  
0.00212002  0.00441463  0.000196781  -0.0107234  -0.00823007  -0.387344  
0.0015921  0.00434529  0.000481902  -0.0104922  0.043242  -0.295739  
0.00159145  0.00385651  0.000268528  -0.011865  0.0238846  -0.34164  
0.00154981  0.00387965  0.000457939  -0.0102034  0.0460809  -0.277139  
0.00214703  0.00395009  0.000181231  -0.00804117  0.0173591  -0.346892  
0.00211193  0.00420387  0.000256493  -0.0062034  0.0113508  -0.270864  
0.0020051  0.00391204  0.000347647  -0.00709925  0.00947145  -0.298331  
0.00245785  0.00413242  9.71651e-05  -0.00672049  -0.0160168  -0.313619  
0.00197274  0.00374081  0.000333493  -0.00696878  0.0154715  -0.267742  
0.00206649  0.00391793  0.00032501  -0.00443992  -0.00344582  -0.294238  
0.00174042  0.00408061  0.000579136  0.000355701  0.0194468  -0.284504  
0.00184924  0.00407005  0.000360726  -0.000687889  -0.00471119  -0.327233  
0.00162776  0.00390654  0.000747871  0.000678956  0.0291098  -0.293242  
0.00201615  0.00393116  0.000598998  -0.00724889  0.00147272  -0.323051  
0.00159077  0.0038015  0.000908937  -0.000607508  0.0383581  -0.303219  
0.00198857  0.00379495  0.000563346  0.00331891  0.00891572  -0.349777  
0.00191449  0.00402314  0.000626292  0.000313562  0.0302302  -0.275502  
0.00197436  0.00369709  0.000637515  0.00258908  0.00177162  -0.367397  
0.00189035  0.00410904  0.000464759  -0.00835839  0.0164491  -0.283519  
0.00207699  0.00397939  0.000419114  -0.0102901  0.00724117  -0.349556  
0.00210241  0.0041216  0.000292608  -0.0118999  -0.00337762  -0.301571  
0.00205741  0.00402824  0.000292608  -0.0105445  0.00124702  -0.334805  
0.0025034  0.00432666  0.000292608  -0.0104824  -0.00392623  -0.346994  
0.00164124  0.00388502  0.00048935  -0.0094879  0.0282508  -0.280447  
0.00211284  0.00451997  0.000292608  -0.0118145  -0.0129476  -0.372573  
0.00197826  0.00449696  0.000346965  -0.00740733  0.0162493  -0.290098  
0.00193726  0.004195  0.000451464  -0.00320145  0.0161421  -0.349975  
0.00188729  0.00439647  0.000292609  -0.00934231  0.0161894  -0.333739  
0.00173664  0.0040026  0.000504221  -0.0105545  0.0227412  -0.342395  
0.00226192  0.00461779  0.000379367  -0.0108572  -0.00425928  -0.366981  
0.0018375  0.00412041  0.000382156  -0.0123078  0.0172812  -0.284509  
0.00232139  0.00434678  7.7745e-05  -0.0124201  -0.0153921  -0.364142  
0.00197789  0.00435411  0.000228112  -0.016487  0.0320764  -0.271446  
0.00215682  0.00427613  0.000298138  -0.0159997  -0.00608815  -0.346537  
0.002156  0.00447699  0.000146978  -0.0137438  -0.00096881  -0.326556  
0.00172628  0.0042  0.00012419  -0.00970366  0.0257548  -0.352612  
0.00197453  0.00426146  0.000358311  -0.00574729  0.0232343  -0.306411  
0.00214042  0.00421274  0.00030721  -0.00193546  0.021961  -0.348341  
0.00249663  0.00446381  0.000336088  -0.00870452  -0.00055107  -0.262166  
0.00212879  0.00382146  0.000336088  -0.00675449  -0.0125828  -0.290708  
0.00239222  0.00424536  0.00012892  -0.00798261  -0.015226  -0.279532  
0.00211364  0.00386218  0.000123448  -0.012256  0.00828351  -0.31367  
0.00205338  0.00409789  -5.80706e-06  -0.0081003  -2.84682e-05  -0.298092  
0.00214847  0.00406545  0.000112426  -0.00173089  0.00524577  -0.350843  
0.00241574  0.00418051  0.000388303  -0.00406667  0.0222581  -0.256582  
0.00220631  0.00392123  0.00047239  -0.00838579  0.00742629  -0.313645  
0.00243512  0.00425127  0.000173045  -0.0122204  0.0008418  -0.303318  
0.00206952  0.00393598  0.000485237  -0.015322  0.0222107  -0.263234  
0.00237821  0.00426957  0.000197505  -0.013004  -0.00641135  -0.351834  
0.0019414  0.00403572  0.000184978  -0.0112987  0.0276151  -0.276272  
0.00216067  0.00400497  0.000159004  -0.0142019  0.0120659  -0.326202  
0.00231841  0.00429641  0.000144873  -0.0149292  0.0219697  -0.324307  
0.0021238  0.00418167  0.000434331  -0.0178339  0.0351982  -0.310537  
0.00252491  0.00437495  0.000241271  -0.0160841  0.000564446  -0.342735  
0.00201176  0.00413583  0.000241827  -0.0136299  0.027637  -0.286397  
0.00242579  0.004168  0.000160231  -0.00952138  3.97807e-06  -0.337874  
0.0019315  0.00408823  0.000191294  -0.00593018  0.0328773  -0.298973  
0.00222307  0.00438428  0.000156653  -0.0104601  0.00327798  -0.377787  
0.00200402  0.00421904  7.0061e-05  -0.0130268  0.0297828  -0.321241  
0.00217739  0.00409255  7.00611e-05  -0.010171  0.0190374  -0.369002  
0.00192322  0.00403892  0.000177441  -0.00817845  0.0325101  -0.321111  
0.00231734  0.00428356  0.00027058  -0.00107691  -0.000630241  -0.374549  
0.00224715  0.00424533  0.000443944  -0.00927881  0.0260335  -0.277511  
0.0023751  0.00410808  0.000446866  -0.000857282  0.000737552  -0.331481  
0.00213974  0.00393367  0.000611222  -0.00290119  0.0402913  -0.284241  
0.00250181  0.00416625  0.000203322  -0.00636953  0.0121331  -0.370524  
0.00212358  0.00424259  0.000363818  -0.00622317  0.0257374  -0.307965  
0.00247595  0.00456805  0.000430856  -0.00819143  0.00130056  -0.405537  
0.00223458  0.00437481  0.000152249  -0.00919347  0.0209438  -0.311566  
0.00222608  0.00425716  1.75667e-05  -0.0123675  0.00458904  -0.404145  
0.0019404  0.00431029  0.000172336  -0.0159402  0.0178564  -0.316448  
0.00214731  0.00430247  0.00045933  -0.0179548  0.0216366  -0.365452  
0.00248457  0.00453789  1.98692e-07  -0.0168314  0.00156952  -0.356892  
0.00209735  0.00423301  0.000133812  -0.016131  0.0326942  -0.296446  
0.00239143  0.00441076  7.00611e-05  -0.00970538  -8.36659e-05  -0.385524  
0.00214394  0.00419319  0.000142066  -0.00940649  0.0401231  -0.279228  
0.00247058  0.00426262  0.000165922  -0.00667304  0.00546969  -0.357455  
0.0026916  0.00460604  0.000170025  -0.0105445  0.00259964  -0.336586  
0.00228511  0.00399694  0.000211122  -0.0139672  0.0324846  -0.280222  
0.00260391  0.00437676  0.000257488  -0.00986851  -0.0183429  -0.395582  
0.00220355  0.00438142  0.000135134  -0.0135367  0.0273662  -0.28836  
0.00213026  0.00393372  0.000186968  -0.00862618  0.0238601  -0.358199  
0.002172  0.00423936  0.000328882  -0.00879366  0.0159894  -0.33732  
0.00193657  0.0038813  0.000393012  -0.0130181  0.038095  -0.342554  
0.00207455  0.00424099  0.000340147  -0.00811698  0.0130579  -0.365852  
0.00164668  0.00399209  0.000219818  -0.0154885  0.0530937  -0.324719  
0.00250457  0.00426677  0.000163444  -0.0125817  0.00207962  -0.409113  
0.0023118  0.00425753  0.000253517  -0.0167044  0.0091959  -0.337142  
0.00212841  0.00427267  0.000168936  -0.0131938  0.00674522  -0.399593  
0.00235504  0.00454885  0.000208319  -0.0192052  0.0186804  -0.336907  
0.00220071  0.00415758  0.000399712  -0.0148175  0.0126501  -0.359151  
0.00271573  0.00449601  0.000173874  -0.0138779  0.011295  -0.30648  
0.00246465  0.00445913  0.000337669  -0.00901965  0.0072937  -0.353962  
0.00247267  0.00452175  0.000189144  -0.0136793  0.00564874  -0.302488  
0.0023391  0.00427421  0.000392537  -0.0150447  0.0215367  -0.373159  
0.00241055  0.00455785  0.000387332  -0.00951794  0.0161139  -0.351734  
0.00208279  0.0043232  7.00611e-05  -0.0146671  0.0198998  -0.388906  
0.00232824  0.00435269  1.00133e-05  -0.0160328  0.0195091  -0.34088  
0.00224811  0.00446897  0.000237402  -0.0119776  0.0184619  -0.41531  
0.00241103  0.00447785  0.000259642  -0.00411955  0.00778393  -0.303231  
0.00261722  0.00461301  0.00021425  -0.00380758  -0.000105138  -0.38804  
0.00223232  0.00469956  0.000345371  -0.00536138  0.0200689  -0.365631  
0.0024933  0.00472411  0.000441425  0.00123203  0.00147182  -0.406592  
0.00245421  0.00474669  0.000257133  -0.014276  0.0315721  -0.283363  
0.00272118  0.00451937  0.000437278  -0.00947855  0.0090885  -0.393228  
0.00271378  0.0046714  0.000245477  -0.0163385  0.0133454  -0.309371  
0.00257552  0.00434978  0.000227864  -0.0148877  0.00726106  -0.374312  
0.00248877  0.00452438  0.000243918  -0.0128554  0.0110292  -0.322005  
0.00239814  0.00426203  0.000370403  -0.0131807  0.0192819  -0.385315  
0.0026637  0.0046649  0.000287398  -0.014985  0.01465  -0.362978  
0.00210001  0.00397843  0.000323074  -0.0124627  0.0379829  -0.34667  
0.00234623  0.00427099  0.000216395  -0.0138324  0.0163334  -0.388585  
0.00202642  0.00428397  0.000196144  -0.0086916  0.0487272  -0.352453  
0.0024658  0.00460572  0.000271305  -0.00559742  0.00137417  -0.435137  
0.00216404  0.00454247  0.000343186  -0.0123083  0.0313377  -0.326159  
0.00264199  0.00460464  1.49763e-05  -0.00871566  0.00707275  -0.428719  
0.00176561  0.00460474  0.000130733  -0.00971838  0.0245354  -0.429151  
0.00249101  0.00359564  0.000489527  0.0118553  0.00905689  -0.46914  
0.00101333  0.00359962  0.00107583  0.0145785  0.0259937  -0.464722  
0.00112942  0.00426288  0.000899907  0.011726  -0.0574575  -0.441113  
0.00145356  0.00429319  0.000783164  0.0135253  -0.0590126  -0.427146  
0.00130569  0.00428071  0.0009143  0.0143668  -0.0182979  -0.449227  
0.00131961  0.0042098  0.000851855  0.00925496  -0.018725  -0.411229  
0.00174178  0.00424758  0.000600133  0.014647  -0.0124245  -0.417331  
0.00119779  0.00428025  0.00107726  0.0132579  0.0064114  -0.396516  
0.00131061  0.00425847  0.000741156  0.00021749  -0.00811707  -0.391448  
0.001625  0.00419811  0.000371442  0.00151997  0.0165671  -0.42558  
0.00106543  0.00427882  0.000718138  0.00590667  0.0309024  -0.456049  
0.00150223  0.00416661  0.000509154  0.00530109  0.00844536  -0.411857  
0.00197779  0.00421598  0.000426341  0.0136489  0.00639986  -0.412167  
0.00189344  0.00408588  0.00052429  0.00955746  0.0185168  -0.422316  
0.00198355  0.00408567  0.000612595  0.00907212  -0.000628466  -0.416165  
0.00209284  0.00412124  0.000418195  0.00467499  -0.00422798  -0.396583  
0.00160118  0.0040598  0.000370525  0.00967673  0.0194108  -0.439906  
0.00215843  0.00413406  0.000195179  -3.27017e-05  0.000219736  -0.394952  
0.00227662  0.00402264  0.000217112  -0.00234757  0.01063  -0.410835  
0.00173355  0.00399984  0.000361975  -0.000974228  0.0351817  -0.400575  
0.00224156  0.00404107  0.000378477  -0.00393012  0.0142361  -0.3989  
0.00173519  0.0038561  0.000531781  -0.0283735  0.111947  0.40924  
0.00336638  0.00448014  0.000741754  -0.009944  0.0568981  0.247698  
0.00406139  0.00205329  0.000169094  -0.00323144  -0.0403144  -0.102973  
0.0037127  0.00172432  0.000868667  0.00479121  0.0267838  -0.0948678  
0.00393726  0.000572096  0.000554683  0.0365779  0.0114627  -0.0900721  
-0.00172479  -0.000845959  0.00121955  0.0455407  -0.0227433  -0.198595  
-0.00310123  -0.00573967  0.00233336  0.0965748  -0.0180073  -0.0392536  
-0.0015696  -0.00398849  0.00137164  0.0534886  -0.00479655  -0.147377  
-0.000833371  -0.00394712  0.00149098  0.052944  0.00973595  -0.1016  
-1.11666e-05  -0.00364545  0.00130425  0.0483824  0.0312857  -0.105794  
-0.000957043  -0.0035015  0.00139038  0.0478178  0.0105885  -0.123187  
3.75526e-05  -0.00322988  0.00150324  0.048409  -4.39848e-06  -0.103121  
-0.00109504  -0.00299886  0.0015799  0.0480265  -0.0223639  -0.136228  
-0.000160478  -0.001942  0.00171424  0.0449531  -0.014327  -0.152673  
-0.000482057  -0.00161456  0.00149964  0.045546  -0.0230225  -0.169603  
-0.0009153  -0.00159977  0.00148363  0.0449142  -0.0297466  -0.178069  
-0.000480587  -0.00145844  0.00142916  0.0455298  -0.0252802  -0.168738  
-0.00133838  -0.00187238  0.00143572  0.0427668  -0.00575731  -0.197399  
-0.000754978  -0.00168809  0.00150593  0.0418422  -0.00744043  -0.17309  
-0.000898679  -0.00131932  0.00136635  0.0413999  -0.00203658  -0.200836  
-0.000736443  -0.00143191  0.00124102  0.0447515  0.00693971  -0.216123  
-0.000922249  -0.0013553  0.00128379  0.0440811  -0.00397539  -0.183283  
-0.000868354  -0.00135314  0.00123247  0.0470472  0.00606009  -0.197242  
-0.00114716  -0.00158581  0.00138891  0.0440559  -0.0177271  -0.195987  
-0.000702391  -0.0014781  0.00136736  0.0352231  -0.0383874  -0.186886  
-0.000894983  -0.00142666  0.00134565  0.0334112  -0.0214446  -0.2063  
-0.00104153  -0.0015524  0.00141548  0.0413359  -0.0173562  -0.195157  
-0.000593306  -0.00129642  0.0015389  0.0356997  -0.0248503  -0.202905  
-0.00123318  -0.00147849  0.00130072  0.0406302  -0.00743686  -0.220552  
-0.000762419  -0.00146992  0.00140649  0.0402622  -0.0201208  -0.206522  
-0.000851405  -0.00115028  0.00117343  0.0423416  -0.0267562  -0.207016  
-0.00111101  -0.00158745  0.00141598  0.0413059  -0.00189119  -0.1919  
-0.000840998  -0.00146636  0.0013594  0.0423507  -0.0141955  -0.186243  
-0.00112975  -0.00130807  0.00131728  0.0402725  -0.00794132  -0.195846  
-0.000932441  -0.00121048  0.00128185  0.0430264  -0.0142583  -0.188933  
-0.000454922  -0.00124948  0.00146623  0.036282  -0.0168003  -0.189256  
-0.0010843  -0.00129564  0.00149854  0.0389627  -0.0162492  -0.19834  
-0.000427383  -0.00129337  0.00142296  0.0366599  -0.0175587  -0.178652  
-0.000945812  -0.00127947  0.00141917  0.0415147  -0.0254219  -0.182978  
-0.000676415  -0.000980509  0.00125373  0.0389484  -0.0400325  -0.175096  
-0.000834313  -0.000993319  0.00130872  0.038961  -0.0140915  -0.191451  
-0.00110607  -0.00116313  0.00139651  0.0389855  -0.0169692  -0.186043  
-0.000906289  -0.000925628  0.00136006  0.0347164  -0.0209755  -0.184668  
-0.000961691  -0.00102482  0.00125758  0.0356786  -0.0142977  -0.196963  
-0.00116618  -0.00117393  0.00146515  0.0415794  -0.022058  -0.188168  
-0.000458059  -0.00117477  0.00127022  0.0354431  -0.0264029  -0.174373  
-0.000942835  -0.00127091  0.00127543  0.0329892  -0.0032459  -0.189082  
-0.000479275  -0.00118799  0.00139928  0.0296707  -0.000716629  -0.158582  
-0.000232204  -0.00114932  0.00131742  0.0366956  -0.0056696  -0.169295  
-0.00127261  -0.0016127  0.00131454  0.0388517  -0.0176362  -0.21803  
-0.000475094  -0.00172102  0.00120005  0.034567  -0.0292513  -0.165556  
-0.00146934  -0.00252321  0.00104517  0.0430704  -0.0158058  -0.134789  
-0.000486613  -0.00307544  0.000830455  0.0387054  -0.0379383  -0.0781393  
-0.00125922  -0.00289413  0.000939476  0.0352421  -0.0101187  -0.112835  
-0.000909518  -0.00307983  0.000965649  0.0343427  -0.0392119  -0.0756067  
-0.00153343  -0.00192321  0.000973304  0.0387098  -0.0248061  -0.235505  
-0.000277248  -0.00226495  0.000952584  0.0392877  -0.024264  -0.135535  
-0.000849795  -0.00279734  0.00111537  0.0348987  0.000913912  -0.124219  
-0.000394271  -0.00244225  0.00163386  0.0592961  -0.00220775  -0.192687  
-0.00254325  -0.00550629  0.00193699  0.075263  -0.0339376  -0.108064  
-0.00211623  -0.0049497  0.00151808  0.0613423  -0.0221097  -0.0389957  
-0.0019401  -0.0044902  0.0015257  0.059782  -0.0315779  -0.0567254  
-0.00177999  -0.00447166  0.00141074  0.053729  -0.0298964  -0.0266991  
-0.00158493  -0.0043175  0.0013489  0.0491394  -0.0208196  -0.0531522  
-0.00148745  -0.00417539  0.00147902  0.0542591  -0.0145237  -0.0440223  
-0.00100478  -0.00391312  0.00134953  0.0511345  -0.0240839  -0.0600977  
-0.0016929  -0.00399026  0.00134777  0.054392  -0.0170471  -0.106633  
-0.00107947  -0.00379032  0.00134742  0.0530605  -0.0254079  -0.0993165  
-0.00138773  -0.00350051  0.00126209  0.0475366  0.00171467  -0.124417  
-0.00116225  -0.00196717  0.00163073  0.0379416  -0.0076689  -0.209356  
-0.00687498  0.00454844  0.000416285  0.0109026  -0.17522  -0.756446  
-0.00343147  0.000620218  0.000824908  0.0627213  -0.0249249  -0.418367  
-0.00263279  0.00114794  0.000661507  0.0314579  -0.0673715  -0.416512  
-0.003003  0.000126847  0.000656177  0.0609063  -0.0144121  -0.381122  
-0.00222247  -0.000306261  0.000547271  0.0569308  -0.0301176  -0.334353  
-0.00233714  -0.000408224  0.000429225  0.0510139  -0.0192424  -0.341239  
-0.0022055  -0.000318337  0.000547271  0.0569244  -0.0472131  -0.338221  
-0.00219922  -0.000312688  0.000297271  0.0569008  -0.0324103  -0.348796  
-0.00252706  -0.000493719  0.000349001  0.051242  -0.0298814  -0.342144  
-0.00198921  -0.000110268  0.000297271  0.0506706  -0.0492422  -0.345492  
-0.00246353  -2.42565e-05  0.00169714  0.0346326  -0.0304069  -0.340922  
-0.0022032  -0.000322285  0.00108718  0.0451366  -0.0431423  -0.321735  
-0.00215722  -0.000364525  0.000606312  0.0484643  -0.0206194  -0.333482  
-0.00222578  -0.000628365  0.0012296  0.0411105  -0.00892868  -0.327561  
-0.00205455  -0.000438396  0.00070801  0.0469605  -0.0288404  -0.309495  
-0.00297546  0.0033921  0.000504814  -0.00782803  -0.0496561  -0.517831  
-0.00472287  0.00983456  0.000418061  -0.0334223  -0.124798  -0.765818  
-0.00574726  0.00923671  3.62133e-05  -0.0245194  -0.0996148  -0.897939  
-0.00392572  0.00791906  4.63187e-05  -0.025341  -0.0870052  -0.677278  
-0.00392218  0.00464658  0.00039085  -0.00378163  -0.0502089  -0.629112  
-0.0026081  0.00375488  -0.000103197  -0.0149992  -0.0490515  -0.503339  
-0.00332203  0.00368683  -0.000103197  -0.0155458  -0.0302147  -0.51888  
-0.00264728  0.00358474  -0.000103197  -0.0113987  -0.0644862  -0.514367  
-0.00616182  0.0048341  3.71818e-05  -0.00221193  -0.0811498  -0.793411  
-0.00329125  0.00371865  -0.00030022  -0.00694517  -0.0832821  -0.591878  
-0.00322625  0.00322959  -0.000103197  -0.00538638  -0.0476198  -0.540073  
-0.00280757  0.00354443  0.000231867  -0.00553252  -0.0633629  -0.479726  
-0.00346848  0.00311182  0.000186973  -0.00737762  -0.0230153  -0.484734  
-0.00245812  0.00297001  -0.000239961  -0.0118703  -0.0330648  -0.418374  
-0.00284414  0.00307957  -0.000103197  -0.0132555  -0.026007  -0.450478  
-0.00284882  0.00313806  -0.000259981  -0.0136229  -0.0290914  -0.441244  
-0.0023732  0.00322135  -0.000103197  -0.0101183  -0.0251757  -0.42335  
-0.00307377  0.00282343  -0.000426616  -0.0152895  -0.00369297  -0.477234  
-0.00204618  0.00290816  -0.000715712  -0.0139139  -0.0324722  -0.404032  
-0.00353929  0.00315284  -0.000353197  -0.00986374  -0.0383321  -0.555713  
-0.00255537  0.00298722  -0.000606652  -0.0113934  -0.0574704  -0.463108  
-0.00259331  0.00302826  -0.000353197  -0.012272  -0.0351236  -0.446573  
-0.00216625  0.00317729  -0.000103197  -0.0101229  -0.0466894  -0.427415  
-0.00269852  0.00320748  -0.000103197  -0.0101264  -0.0323892  -0.446167  
-0.002415  0.00304428  -0.000353197  -0.00905215  -0.0384459  -0.434969  
-0.00241278  0.00305745  -0.000374412  -0.0104962  -0.0454914  -0.435802  
-0.00266361  0.00297274  -0.000270429  -0.0114061  -0.0168096  -0.436184  
-0.0022299  0.00279645  -0.000283908  -0.0178451  -0.0192101  -0.402645  
-0.00262914  0.00267646  -0.00060276  -0.0208461  -0.0161393  -0.40402  
-0.00268064  0.00251823  -0.000738259  -0.0233267  -0.024717  -0.394985  
-0.0023722  0.00263156  -0.000838327  -0.018439  -0.0376844  -0.383685  
-0.00238627  0.00262676  -0.000718896  -0.0236072  -0.0281789  -0.409993  
-0.00254865  0.00268061  -0.000692886  -0.0195699  -0.0246366  -0.401305  
-0.00253453  0.00297827  -0.000526438  -0.0214179  -0.0415751  -0.375767  
-0.0026134  0.0028333  -0.000586168  -0.0154657  -0.0109745  -0.389635  
-0.00243799  0.00286845  -0.000795595  -0.0131952  -0.0239111  -0.356529  
-0.00258966  0.00276065  -0.000761084  -0.020006  -0.0139488  -0.365279  
-0.002585  0.00262751  -0.000719336  -0.0184166  -0.0282741  -0.369372  
-0.0022187  0.00261878  -0.000868267  -0.0225767  -0.0354766  -0.36508  
-0.00267922  0.00272014  -0.000807101  -0.0207379  -0.0182572  -0.381055  
-0.00215531  0.00294392  -0.000590972  -0.0172721  -0.0288017  -0.350313  
-0.00234306  0.00323238  -0.000397373  -0.0201333  -0.0355717  -0.362333  
-0.00266932  0.00315678  -0.000495218  -0.0231588  -0.0232921  -0.379913  
-0.00228478  0.00325034  -0.000509117  -0.0260677  -0.0289199  -0.361104  
-0.00249028  0.0030819  -0.000679049  -0.0223206  -0.000149601  -0.365526  
-0.00224301  0.00294811  -0.000799607  -0.0240032  -0.0294629  -0.341504  
-0.00224627  0.00308716  -0.000744826  -0.0256008  -0.0334845  -0.344407  
-0.00238278  0.00294519  -0.000634105  -0.0241633  -0.0207788  -0.351063  
-0.00179381  0.00312563  -0.000576358  -0.0273591  -0.0366352  -0.343041  
-0.00241621  0.00312003  -0.000757367  -0.0253825  -0.0211128  -0.354925  
-0.00218652  0.00321715  -0.000497735  -0.0261504  -0.0245574  -0.353189  
-0.00190883  0.00325424  -0.000861414  -0.029512  -0.0379821  -0.341226  
-0.00249276  0.00318923  -0.000806859  -0.0288069  -0.0159876  -0.369719  
-0.00218652  0.00335151  -0.000592097  -0.0247858  -0.0134168  -0.345444  
-0.0018905  0.00338862  -0.000493585  -0.0260975  -0.0114753  -0.348767  
-0.0021942  0.00314489  -0.000563727  -0.0256933  -0.0159721  -0.345694  
-0.00172409  0.00348605  -0.000822203  -0.0283026  -0.035392  -0.33635  
-0.00218652  0.00340078  -0.000743585  -0.0276265  -0.0310081  -0.35409  
-0.00191764  0.00336482  -0.000493585  -0.0287997  -0.0122956  -0.335467  
-0.00171948  0.00343036  -0.000645336  -0.0239779  -0.0260931  -0.348211  
-0.00173019  0.00345232  -0.000533513  -0.0271178  -0.0184424  -0.349243  
-0.00168856  0.00349717  -0.000482691  -0.0285616  -0.0293569  -0.350793  
-0.0013907  0.00351238  -0.000794392  -0.0304522  -0.026666  -0.324526  
-0.00174069  0.00335291  -0.000605211  -0.031764  -0.0197272  -0.320253  
-0.00136126  0.00347996  -0.000796917  -0.0365947  -0.0373818  -0.300462  
-0.00155993  0.00308956  -0.00112608  -0.0353452  -0.0330221  -0.319641  
-0.00180337  0.0033154  -0.000732691  -0.0342086  -0.0128814  -0.323541  
-0.00140457  0.00351596  -0.000795581  -0.038084  -0.0239896  -0.304226  
-0.00162813  0.00346769  -0.000844372  -0.0386567  -0.0108269  -0.315839  
-0.0015492  0.00355071  -0.000829192  -0.0357304  -0.0235853  -0.321606  
-0.0013416  0.0035344  -0.000836747  -0.0326082  -0.0110992  -0.330554  
-0.00175901  0.00332701  -0.000590225  -0.0289667  -0.000933082  -0.337013  
-0.00106136  0.00342871  -0.000875776  -0.0303289  -0.0200194  -0.295971  
-0.00105929  0.00340644  -0.00107573  -0.0326739  -0.0139685  -0.306309  
-0.00131153  0.0034835  -0.00079483  -0.0340888  -0.0127826  -0.306517  
-0.00104564  0.00354647  -0.000919129  -0.0315284  -0.0264822  -0.297652  
-0.000935658  0.00350526  -0.000888128  -0.0311846  -0.0178302  -0.301124  
-0.00119242  0.00354339  -0.000535833  -0.0311227  0.00689943  -0.31115  
-0.000999377  0.00366642  -0.00105039  -0.0404897  -0.0117578  -0.299396  
-0.000746939  0.00380769  -0.000770198  -0.0365216  -0.0052667  -0.303801  
-0.00125758  0.00379885  -0.000915286  -0.0330453  0.00183034  -0.322541  
-0.00110927  0.00357475  -0.000952608  -0.029285  -0.00497252  -0.300775  
-0.000570457  0.00374912  -0.0013009  -0.0351648  -0.00436593  -0.297525  
-0.000444351  0.00380874  -0.000482691  -0.0321708  0.0512352  -0.293057  
-0.000192027  0.00391235  -0.000978636  -0.0374262  0.0110007  -0.283591  
0.000287603  0.00450184  -0.00077548  -0.0384924  0.024772  -0.304183  
3.27348e-06  0.00449157  -0.00107597  -0.0396452  0.0223054  -0.309477  
0.000392413  0.00468272  -0.000821087  -0.0422464  0.0407792  -0.291646  
0.000582481  0.00450937  -0.000678093  -0.0432369  0.0509097  -0.283942  
0.000586943  0.00465508  -0.00080183  -0.0443036  0.0459544  -0.265737  
0.000347531  0.00426723  -0.00132048  -0.0428016  0.014258  -0.2526  
0.000849237  0.00466626  -0.0012507  -0.0453173  0.0192034  -0.246502  
0.000422145  0.00475058  -0.0012947  -0.0470316  0.027151  -0.270716  
0.000696095  0.00477476  -0.000881639  -0.0461244  0.0420626  -0.260196  
0.00142696  0.00473577  -0.000928118  -0.0467438  0.0306046  -0.238336  
0.00100724  0.00497506  -0.00120137  -0.0472691  0.0211487  -0.225074  
0.000794054  0.00511288  -0.000952699  -0.0461163  0.0335214  -0.248694  
0.000865698  0.00505069  -0.000721441  -0.0385293  0.0318351  -0.252058  
0.00139409  0.0047199  -0.00109122  -0.0462191  0.0325086  -0.250506  
0.000786975  0.00477447  -0.000867589  -0.0502635  0.0607982  -0.267115  
0.00133495  0.00499837  -0.000813395  -0.0507992  0.0463577  -0.224871  
0.00152513  0.00514975  -0.00108961  -0.0495048  0.0405636  -0.231479  
0.00123315  0.00516004  -0.00111391  -0.045426  0.0406369  -0.244981  
0.00101518  0.00505275  -0.00100187  -0.0489847  0.0512884  -0.252868  
0.00167566  0.00480475  -0.00130256  -0.0530712  0.0520693  -0.244975  
0.00125865  0.00493912  -0.00117649  -0.0534499  0.0684654  -0.251947  
0.00130621  0.00512785  -0.0013073  -0.0533458  0.0491962  -0.205731  
0.00185519  0.00490065  -0.00140639  -0.0576371  0.0454664  -0.208533  
0.00149842  0.00504088  -0.00143131  -0.0592133  0.0515092  -0.230359  
0.00127988  0.00514729  -0.00123188  -0.0573668  0.0547803  -0.2426  
0.00178348  0.00543889  -0.00104221  -0.0543026  0.0489752  -0.243783  
0.00168834  0.00544758  -0.00119061  -0.0609029  0.0489396  -0.269867  
0.00161595  0.00596407  -0.00148286  -0.0748223  0.0539407  -0.277699  
0.00167453  0.00597161  -0.00138293  -0.0767173  0.0488713  -0.299774  
0.00196402  0.00641942  -0.00168314  -0.0797959  0.0537979  -0.292326  
0.00205565  0.00627639  -0.0018022  -0.077653  0.0610472  -0.266442  
0.00229577  0.00595899  -0.00186661  -0.0777157  0.0542573  -0.236597  
0.00274343  0.00603449  -0.00197979  -0.0789392  0.0392213  -0.206144  
0.00280559  0.0060842  -0.00192837  -0.0762365  0.0405873  -0.212871  
0.00232119  0.00602302  -0.00184873  -0.0806263  0.0510163  -0.229418  
0.0030936  0.00602299  -0.00191574  -0.0724553  0.0486294  -0.211906  
0.00297769  0.00603783  -0.00197303  -0.0777922  0.0447667  -0.221355  
0.00280316  0.00609766  -0.00198906  -0.0771877  0.0550015  -0.229473  
0.00311886  0.00621369  -0.00205056  -0.075234  0.0486161  -0.197565  
0.00337999  0.00641172  -0.00210319  -0.0858153  0.0485309  -0.19663  
0.00306475  0.00660041  -0.00206207  -0.0853685  0.060915  -0.22147  
0.00322497  0.00643645  -0.00202966  -0.0819576  0.0512941  -0.248214  
0.00369087  0.00644936  -0.00197013  -0.0753564  0.0585891  -0.235295  
0.00367019  0.00653737  -0.0019605  -0.0813726  0.0739159  -0.24837  
0.00355108  0.00605727  -0.00210639  -0.0794177  0.0620192  -0.26765  
0.00293433  0.00592527  -0.00211365  -0.075104  0.0667111  -0.245686  
-0.0013292  0.00440764  -0.00123241  -0.0326286  0.003722  -0.495206  
0.000453643  0.00477136  -0.00184995  -0.0509516  0.0361282  -0.392434  
0.00146699  0.00519201  -0.00194234  -0.0552884  0.0357744  -0.35417  
0.00191198  0.00538628  -0.00202116  -0.0606428  0.0518252  -0.35963  
0.00162078  0.00501853  -0.00148279  -0.0479938  0.0651238  -0.412916  
0.00193737  0.00558379  -0.00114929  -0.0425701  0.0319937  -0.408435  
0.00199553  0.00588073  -0.00125409  -0.0443606  0.043319  -0.373768  
0.00245348  0.00605965  -0.00134831  -0.0498399  0.0234585  -0.364889  
0.00223818  0.00634145  -0.00135393  -0.0528082  0.0379243  -0.388782  
0.00202115  0.00645267  -0.0011168  -0.0411059  0.0556138  -0.39369  
0.0024608  0.006736  -0.000866949  -0.0468552  0.0437613  -0.396941  
0.00233244  0.00677779  -0.00120127  -0.046759  0.0403734  -0.424994  
0.00243765  0.00642629  -0.00109731  -0.0450111  0.0428444  -0.438078  
0.00317707  0.00656153  -0.00103728  -0.0452577  0.0366507  -0.431053  
0.00305828  0.0062465  -0.00112403  -0.0433248  0.0564083  -0.432566  
0.00369351  0.00626371  -0.0011223  -0.0461451  0.0500833  -0.404865  
0.00459813  0.00652092  -0.00127125  -0.0542887  0.0513118  -0.405126  
0.00498397  0.00654105  -0.00138322  -0.0594336  0.0401756  -0.386796  
0.00517883  0.00641435  -0.00162173  -0.0602015  0.0489173  -0.405249  
0.0050233  0.00581104  -0.000989617  -0.0442063  0.0766333  -0.206039  
0.0044647  0.00568713  -0.00117367  -0.0529902  0.040662  -0.332537  
0.00451481  0.00561658  -0.00114895  -0.0516289  0.0393117  -0.375088  
0.00471341  0.0057818  -0.00121195  -0.0483083  0.041599  -0.397436  
0.00433972  0.00547443  -0.00109255  -0.0460649  0.0549377  -0.41274  
0.00393526  0.00545211  -0.000946969  -0.0435051  0.0597566  -0.405154  
0.00414246  0.00532537  -0.000674367  -0.0373125  0.0423153  -0.387468  
0.00435906  0.00536512  -0.000480218  -0.0356959  0.0248894  -0.42089  
0.0039704  0.00541953  -0.000525479  -0.035025  0.0436618  -0.439866  
0.00359556  0.00519514  -4.34512e-05  -0.03019  0.0537781  -0.425605  
0.00407379  0.00522412  -0.000247036  -0.0288059  0.0426301  -0.44045  
0.00432901  0.00547219  -0.000295496  -0.0216538  0.0200656  -0.446249  
0.00406019  0.00531037  6.86478e-05  -0.0131891  0.0370386  -0.437465  
0.00234118  0.00465364  0.000851349  -0.00393382  0.0298377  -0.476233  
0.00224046  0.00491235  0.000363878  -0.00674779  0.0171672  -0.449334  
0.00218872  0.0045498  0.000888197  -0.00409698  0.0400988  -0.481223  
0.00212277  0.00426359  0.0011446  -0.00236082  0.0736805  -0.288908  
0.0026011  0.004432  0.00171841  -0.0150759  0.165225  0.413252  
0.00492967  0.00162725  0.00285141  0.0450952  -0.0325495  -0.188247  
0.00335752  -0.000616045  0.00328617  0.095147  0.00247337  -0.275798  
0.00289581  -0.000669231  0.00305651  0.0808507  0.0212132  -0.28587  
0.00279092  -0.000182865  0.00301207  0.066009  0.0235404  -0.312436  
0.0030463  0.000115922  0.00272339  0.0591402  0.0332609  -0.289452  
0.00299473  0.000705027  0.00249432  0.0495883  0.0533331  -0.30722  
0.00334553  0.000605046  0.00247737  0.0474942  0.0622244  -0.285012  
0.00362786  0.000507725  0.0023969  0.0434806  0.0537053  -0.307677  
0.00172676  -0.000353952  0.0025528  0.0486947  0.0119407  -0.413971  
0.00101812  -0.000811554  0.00173206  0.0521319  -0.000560631  -0.431228  
0.00195024  -0.000626069  0.00113979  0.0570615  0.0254172  -0.364324  
0.00194525  -0.000537411  0.00146328  0.0483101  0.0230338  -0.397699  
0.00242912  -0.000391985  0.00151349  0.0550152  0.0228653  -0.347675  
0.00228799  -0.000415205  0.00113606  0.0548349  0.0280954  -0.373448  
0.00232639  0.000416242  0.00190935  0.0302011  0.0156239  -0.365753  
0.00195474  0.000277459  0.000685443  0.0604623  0.0255199  -0.406864  
0.00209788  0.000424059  0.00122053  0.0350403  0.0270467  -0.399493  
0.0015233  0.000452278  0.00068435  0.0554363  0.0320095  -0.436953  
0.00218879  0.000378795  0.000713853  0.0520096  0.0255641  -0.388662  
0.00170382  0.000742153  0.00115844  0.0323581  0.0450596  -0.415883  
0.00229078  0.000575145  0.00135524  0.0268265  0.0232378  -0.377815  
0.00149399  0.000415645  0.00134817  0.0362934  0.0536183  -0.435721  
0.00205049  0.000270466  0.000659467  0.0569971  0.0142836  -0.428287  
0.00204449  0.000218131  0.000633584  0.0540108  0.0263248  -0.420312  
0.0017098  0.000561416  0.000889881  0.0501265  0.0176123  -0.449326  
0.00224652  0.000168685  0.000413543  0.05339  0.0268519  -0.391584  
0.00136397  -0.000106322  0.000557516  0.0582038  0.0466504  -0.479435  
0.00213867  2.07916e-05  0.000413543  0.0497832  0.00768882  -0.389924  
0.00163918  -0.000251767  0.000985478  0.0368371  0.0627094  -0.44016  
0.00208879  -0.000233292  0.000413543  0.0522058  0.0315022  -0.388212  
0.00152416  -6.19494e-05  0.000313601  0.050945  0.066132  -0.413447  
0.00223496  -5.99787e-05  0.000319574  0.0458666  0.0377469  -0.385296  
0.000893296  -8.60552e-06  0.000185179  0.0458385  0.0751316  -0.480488  
0.00166536  -3.82339e-05  0.000213665  0.0498246  0.0309268  -0.447535  
0.00182672  1.51047e-05  0.000158536  0.0458597  0.0593653  -0.421525  
0.00206023  -0.000101737  0.000164107  0.0493951  0.0501495  -0.416938  
0.00254189  -0.000176097  0.000313126  0.0457939  0.0625807  -0.377055  
0.00239651  0.000575747  0.00118131  0.0257703  0.044589  -0.412343  
0.00265816  6.97945e-05  0.000472369  0.0459323  0.0362989  -0.373048  
0.00257295  0.000376048  0.000291965  0.0460322  0.053759  -0.391225  
0.00265761  0.000112617  0.000372993  0.0459444  0.0579952  -0.374687  
0.00181705  -0.000134761  0.00106747  0.0353792  0.0569964  -0.452129  
0.00265879  3.65265e-05  0.000355144  0.0458696  0.00471021  -0.387435  
0.00236177  2.07917e-05  0.000344591  0.0458762  0.0419544  -0.39977  
0.00268189  -9.57918e-05  0.000164107  0.043676  0.0418905  -0.3713  
0.00206913  8.36414e-05  0.000431894  0.0499837  0.0660646  -0.399917  
0.00273496  8.64594e-05  0.000418197  0.0459232  0.0585535  -0.393486  
0.00215972  0.000113689  0.000456135  0.0459459  0.0620558  -0.39472  
0.00240366  0.000231414  0.000424099  0.0459858  0.0504409  -0.391448  
0.00267563  0.000115532  0.000350775  0.04592  0.049972  -0.380898  
0.00239137  0.000135615  0.000359299  0.0403657  0.0587135  -0.402831  
0.00303055  0.000178625  0.000295894  0.0405458  0.0522659  -0.359165  
0.00225229  0.000218658  0.00032958  0.040426  0.0563723  -0.43988  
0.00314692  0.000295258  7.68389e-05  0.038405  0.0333415  -0.390098  
0.00250885  0.000270167  -3.41373e-06  0.0384285  0.0686543  -0.421984  
0.00309176  0.00160599  -0.000957296  -0.0134344  0.0479635  -0.382043  
0.0031413  0.00139415  -0.000960301  -0.0199006  0.0796424  -0.373535  
0.00344877  0.00169279  -0.000655608  -0.0184497  0.0548859  -0.341314  
0.00288263  0.00159742  -0.00101197  -0.0250033  0.0710406  -0.379469  
0.00340592  0.00162123  -0.000831261  -0.0275758  0.044043  -0.338685  
0.00323212  0.00160608  -0.000960044  -0.0260954  0.0749166  -0.365808  
0.00403241  0.00162251  -0.000780953  -0.0266324  0.0617458  -0.328629  
0.00189725  0.00312214  -0.000313338  -0.0172665  0.0110383  -0.561683  
0.000163125  0.00491298  -0.00121443  -0.0119365  -0.0547189  -0.63896  
-0.000541344  0.00283492  -0.000131833  0.00625721  0.0615514  -0.685243  
0.0015491  0.00224955  0.000462263  0.0150792  0.0318989  -0.546652  
0.0012494  0.00232865  0.000263094  0.00971249  0.0858769  -0.558972  
0.00208799  0.00228988  0.000521081  0.0139435  0.0340146  -0.510747  
0.00157121  0.0022945  -0.00107577  -0.0108256  0.0543638  -0.542195  
0.00219571  0.00200039  -0.00122903  -0.0180548  0.0160333  -0.500159  
0.00203474  0.00224682  -0.00107617  -0.0147244  0.0307529  -0.508105  
0.00242171  0.00201534  -0.00102136  -0.0182526  0.0367059  -0.488995  
0.00252279  0.00189917  -0.000979001  -0.0142088  0.0290725  -0.471336  
0.00218904  0.00193353  -0.00106465  -0.0146667  0.0413631  -0.481152  
0.00272269  0.00225428  -0.000464834  -0.015711  0.0298183  -0.465794  
0.00223168  0.00212538  -0.00114512  -0.0157709  0.0577167  -0.488396  
0.00286192  0.00215803  -0.000322047  -0.00815023  0.0361614  -0.441581  
0.00220085  0.00230657  -0.000880641  -0.0201574  0.0513459  -0.493125  
0.00279521  0.00229506  -0.000434217  -0.0186096  0.0436546  -0.463728  
0.00220482  0.00201429  -0.000402112  -0.0128005  0.0581453  -0.48332  
0.00277934  0.000649486  0.000293627  0.0432394  0.0410662  -0.450936  
0.00255162  0.00198241  0.00032499  0.00887367  0.0508412  -0.488413  
0.00309819  0.000527606  0.000237872  0.0493244  0.0385099  -0.441144  
0.00207029  0.000590501  0.000433908  0.0526045  0.0591389  -0.504391  
0.00283602  0.000438336  0.000445944  0.0606783  0.032104  -0.464715  
