0.00533363  -0.00288807  -0.00164571  -0.012424  -0.00583321  -0.0517839  
0.00509705  -0.00275359  -0.00141423  -0.00379739  -0.000400827  -0.0524944  
0.00513335  -0.00274271  -0.0015283  -0.000217974  0.0211969  -0.0575293  
0.00482567  -0.00267868  -0.00131068  -0.000149339  0.0104251  -0.0278728  
0.00485175  -0.00266509  -0.00127251  -0.00018968  0.00514022  -0.0531947  
0.00517968  -0.00275011  -0.00142469  -0.00232785  -0.0115701  -0.0460008  
0.00519841  -0.00261399  -0.00137117  -0.0031372  -0.0133065  -0.0327739  
0.0051885  -0.00249295  -0.00127295  -0.000195036  -0.00268125  -0.0511175  
0.00566318  -0.00265095  -0.00147847  -0.00019558  -0.0147892  -0.0856555  
0.00571599  -0.00257029  -0.00138465  -0.00290969  -0.0138084  -0.0932236  
0.00571187  -0.00256577  -0.00133013  -0.00363614  0.00283894  -0.0960811  
0.00548393  -0.00249719  -0.00144491  -0.000232249  0.00743459  -0.0969488  
0.00555233  -0.00243136  -0.0012997  -0.000232521  0.0128527  -0.113431  
0.00571091  -0.00243907  -0.00121665  -0.000241335  0.0264305  -0.108869  
0.00592892  -0.00272454  -0.00118496  0.00746184  -0.00400903  -0.111103  
0.00614061  -0.00268345  -0.00142704  0.00155746  0.0161565  -0.0964016  
0.00580045  -0.00261798  -0.00128584  0.00724977  0.0112514  -0.105792  
0.00597112  -0.00270678  -0.00120383  0.00753763  0.0122724  -0.1156  
0.00597392  -0.00268475  -0.00117351  0.00427348  -0.00338015  -0.109118  
0.00584517  -0.00260847  -0.00116839  0.00897648  0.0150648  -0.106245  
0.00601047  -0.0027076  -0.00119492  0.007804  -0.0122769  -0.119841  
0.00604304  -0.00265154  -0.00120664  0.00509791  0.0100444  -0.120951  
0.00604826  -0.00260319  -0.00115058  0.00573108  0.0122291  -0.122446  
0.00631234  -0.00264544  -0.00127814  0.00634274  0.00297716  -0.131416  
0.00621214  -0.00258026  -0.00116771  0.00317268  0.0333576  -0.131554  
0.00632274  -0.00250726  -0.00116898  0.000608777  0.0214413  -0.138915  
0.00637724  -0.0026924  -0.00121668  0.00267119  0.0380313  -0.143179  
0.00613537  -0.00263662  -0.00120768  0.00600456  0.0220673  -0.128903  
0.0062803  -0.00265949  -0.0013076  0.00743083  0.00636592  -0.131579  
0.00595089  -0.00266373  -0.00111052  0.0098821  0.0151862  -0.10802  
0.00626526  -0.00263525  -0.00129859  0.00617742  0.000588269  -0.12861  
0.00581176  -0.00244331  -0.00109368  0.009895  0.033754  -0.101278  
0.00606526  -0.00249663  -0.00100915  0.00988031  0.0251257  -0.113203  
0.0064884  -0.00266698  -0.00119084  0.00986248  -0.0303491  -0.127726  
0.00624764  -0.00257765  -0.00110149  0.00988751  0.0183623  -0.126734  
0.00620125  -0.00257655  -0.00119905  0.00779848  0.0141085  -0.130654  
0.00635578  -0.00254949  -0.00119359  0.00576197  0.0317292  -0.149813  
0.00614573  -0.00243074  -0.00114749  0.00784916  0.0317963  -0.138073  
0.00610227  -0.00273579  -0.0010557  0.00651904  0.0173433  -0.0995273  
0.00588088  -0.00248956  -0.000765183  0.00988695  0.0492434  -0.101292  
0.00472558  -0.00225718  -0.000765183  0.0126614  0.0026323  -0.0746612  
0.00318209  -0.0020091  -0.000765183  0.00517354  -0.0143902  -0.0389008  
0.0037717  -0.00143131  -8.70653e-05  0.0266925  0.0134158  -0.0320377  
0.00314808  -0.00145243  -0.000197522  0.0145318  -0.042796  -0.0389535  
0.00328749  -0.00120519  -0.000441232  0.00575922  -0.0137349  -0.0862321  
0.00343346  -0.000303448  -0.000357032  0.0111989  0.0120499  -0.100764  
0.00308204  -0.00081748  0.000128522  0.0202269  0.0122056  -0.0229842  
0.00196876  -0.000813439  -0.000124731  0.0048663  -0.0179849  0.0232611  
-0.000214594  0.00029594  -0.000789901  -0.0302917  -0.0273584  0.0607726  
0.000976582  -0.00110718  -0.000582076  -0.0106378  -0.0148981  0.0542716  
0.00130186  -0.000831227  -0.000626417  -0.0106523  -0.0260933  -0.0641227  
0.00108023  -0.000495233  -0.000517806  -0.00790464  -0.0234787  -0.0729804  
0.00128592  -0.00037594  -0.0006341  -0.010634  -0.0261724  -0.0456744  
0.000933739  0.000273779  -0.000725643  -0.0277433  -0.021952  -0.0225823  
0.00146977  -0.000122622  -0.000703781  -0.018722  -0.0331337  -0.0667883  
0.00119704  0.000127378  -0.000500799  -0.0115124  -0.0421699  -0.0954079  
0.000823755  -0.000122622  -0.000572287  -0.0172172  -0.0174379  -0.00535551  
0.000708227  -0.000432407  -0.000394378  -0.0105806  0.0268436  0.0180093  
0.000852358  -0.000931539  -0.000460972  -0.00755529  -0.0330708  0.0141252  
-0.000194672  -0.000389856  -0.000193205  -0.00700415  -0.0495206  0.0627796  
-0.000120907  -0.000569559  -0.00043192  -0.0137368  -0.0340633  0.0825013  
0.000847236  -0.00128021  -0.000275682  -0.00240321  -0.0715409  0.0188196  
0.0022046  -0.00113416  -0.000401859  -0.00253318  -0.0473281  -0.0348618  
0.00196225  -0.00121156  -0.000248615  0.00298945  -0.00866052  -0.0306734  
0.00105181  -0.00108801  -0.000133542  -0.00262564  -0.0645773  0.00467223  
0.00119877  -0.000813415  -0.000201779  -0.00587789  -0.0437155  -0.0105146  
0.00158131  -0.000975689  -0.000428783  -0.00964222  -0.0275288  -0.0161961  
0.00149513  -0.0010784  -1.97739e-05  0.00616503  -0.00178712  0.00154294  
0.000994956  -0.00108213  0.000184446  0.00849374  -0.0495999  0.0147211  
0.00127588  -0.000708612  0.000295054  0.00918464  -0.0319736  -0.0105027  
0.00118676  -0.000491673  0.000430812  0.0144492  0.00347148  0.0211636  
0.00145459  -0.00102066  -3.6995e-05  0.0130583  -0.0494663  0.0402491  
0.000591591  -0.000904666  0.000382732  0.0236616  -0.0630421  -0.00256574  
0.000873396  -0.000542192  0.000662344  0.0255103  -0.0156363  0.00699777  
0.000383542  -0.00103497  0.00044823  0.0252008  -0.0519364  0.046514  
0.000568462  -0.000825893  0.00044823  0.0175951  -0.0222288  0.042801  
0.00112284  -0.000703415  0.000378323  0.0165879  -0.0544429  0.00286657  
0.000522175  -0.000629534  0.000715  0.033754  -0.0524817  0.0223443  
0.0010803  -0.000634817  0.0007092  0.0306585  -0.0333253  0.00106575  
0.00178573  -0.000896562  0.00044823  0.0145609  -0.0320968  -0.0336917  
0.00222105  -0.000896562  0.000349103  0.0191114  -0.00866511  -0.0143621  
0.00177592  -0.000996969  0.000742379  0.0333412  -0.023363  -0.0338631  
0.00169442  -0.00095511  0.000817732  0.0313686  -0.00491437  -0.0115268  
0.00146525  -0.000896562  0.000900361  0.0267291  -0.00276427  -0.0235351  
0.0015722  -0.000896562  0.000730841  0.0287275  -0.0331798  -0.023788  
0.00205746  -0.000896562  0.000837525  0.0328847  -0.030844  -0.0390044  
0.00184588  -0.000795526  0.000827838  0.0337034  -0.0253352  -0.0665467  
0.00136564  -0.000901762  0.00101831  0.0378843  -0.00745519  0.00300446  
0.00176212  -0.00116605  0.000836093  0.0378515  -0.0575235  -0.00187494  
0.00207891  -0.000957879  0.000728297  0.0308536  -0.011274  0.0058173  
0.00150412  -0.000946162  0.000748473  0.022425  -0.0203862  -0.0204059  
0.00202542  -0.00108819  0.000536642  0.0229301  -0.0179551  -0.0519558  
0.00176236  -0.00100556  0.000603918  0.0196425  -0.0178865  -0.058983  
0.00117798  -0.000828105  0.00061701  0.0320574  -0.0231303  0.00300838  
0.00185568  -0.000988605  0.000675406  0.0324133  0.0240303  -0.0679489  
0.00202182  -0.00112365  0.000448231  0.0260483  -0.00251295  -0.12107  
0.00152761  -0.000955186  0.00044823  0.0204922  0.00571996  -0.085344  
0.00153486  -0.000982103  0.000510897  0.0193413  0.036123  -0.0579974  
0.00187807  -0.00132707  0.000295896  0.0172765  -0.0228336  -0.068746  
0.00128177  -0.00109596  0.000158498  0.0142164  -0.0440299  -0.0615056  
0.00138058  -0.00116132  0.000193104  0.0149721  0.00729478  -0.0897288  
0.00152614  -0.00102556  0.000184621  0.0163036  -0.00808895  -0.113429  
0.00187013  -0.00123553  0.000158794  0.0126162  0.0143291  -0.139643  
0.00161807  -0.000976897  0.0003938  0.017982  -0.0149593  -0.130554  
0.00132737  -0.000757429  0.000585731  0.0261627  0.00325193  -0.13669  
0.00129032  -0.000749201  0.000521959  0.0236392  0.00843449  -0.143314  
0.00106832  -0.000379732  0.000729823  0.0210938  -0.00485127  -0.154163  
0.00111311  -0.0006793  0.000736916  0.0275324  0.0349934  -0.138376  
0.0013186  -0.000144616  0.000817079  0.0178985  -0.0176377  -0.157213  
0.00149753  -0.00103491  0.000390067  0.0266267  -0.0125365  -0.0418132  
0.00156753  -0.00085248  0.000348612  0.0240777  -0.0168232  -0.134411  
0.00134672  -0.000745968  0.000308584  0.0211386  0.0117652  -0.123883  
0.00215235  -0.00107917  0.00044823  0.0215036  0.00418992  -0.142894  
0.00197399  -0.00105295  0.000388185  0.0238293  0.006963  -0.14768  
0.00168249  -0.000591659  0.000389755  0.0246132  -0.0205919  -0.148996  
0.001503  -0.000775066  0.00038147  0.024525  0.0168409  -0.073569  
0.00223125  -0.000867643  0.000386666  0.0244534  -0.0151606  -0.0954461  
0.00151006  -0.000825403  0.000557799  0.0208004  0.021657  -0.0927186  
0.00172716  -0.000882433  0.000540979  0.0164802  0.0215801  -0.116378  
0.00169069  -0.000858544  0.000448231  0.0158981  -0.00476876  -0.127666  
0.00151303  -0.000576035  0.000448231  0.0219295  -0.0148317  -0.133253  
0.0014773  -0.000516542  0.000448231  0.0231108  0.0150575  -0.110684  
0.00126887  -0.000704021  0.000537392  0.0233515  -0.00642193  -0.0801593  
0.00123101  -0.000446928  0.000448231  0.0166545  -0.0120875  -0.106804  
0.002264  -0.000856406  0.000221255  0.0158949  0.00182187  -0.0983582  
0.00172296  -0.00104204  0.000227366  0.0191848  -0.011418  -0.0933985  
0.00181902  -0.000742786  0.000349746  0.0198751  0.00443958  -0.094628  
0.00179351  -0.000511583  0.000824151  0.0344122  -0.00296927  -0.0574007  
0.00253106  -0.000792247  0.00072685  0.0313302  0.0124467  -0.0883607  
0.00216267  -0.000748354  0.000706872  0.0311457  -0.00990738  -0.0575162  
0.0016201  -0.000670308  0.000705324  0.0242221  0.0032449  -0.0576921  
0.00162773  -0.000732356  0.000448231  0.00918881  0.00427431  -0.0414938  
0.00234203  -0.00109402  0.000153629  0.00648027  0.0173493  -0.115169  
0.0019358  -0.00109294  0.000196712  0.0113642  -0.0348236  -0.057979  
0.00126797  -0.000829556  -0.000115674  -0.00449234  -0.00672178  -6.20721e-05  
0.00152352  -0.000523779  0.000214125  -0.00194531  0.0186111  0.0120793  
0.00129518  -0.000316253  0.000301049  0.00518481  -0.0446499  0.00107724  
0.000244784  -0.000513941  -0.000197877  -0.0037111  -0.0439188  0.0756721  
0.000208921  -0.000401126  -0.000273854  -0.00351331  -0.0349882  0.0761239  
0.00142156  -0.000326727  -0.00026162  0.00316695  -0.0207928  -0.0244872  
0.00159844  -0.000474241  0.000355923  0.0178319  0.0308442  -0.035073  
0.00147343  -0.000327284  0.000466223  0.013137  0.00627594  -0.0248577  
0.00172029  -7.38763e-05  0.000398182  0.0121972  -0.0300976  -0.051183  
0.00109556  -0.000214083  0.000398182  0.0104206  0.00294017  -0.0344023  
0.0013692  -0.000386175  0.000398182  0.0174082  -0.0199554  -0.0248388  
0.000166579  -0.000191933  0.000590815  0.00923224  -0.0368116  0.0418181  
0.00124289  -0.000386175  0.000454329  0.0152038  0.00577364  -0.0605889  
0.0013706  -0.000386175  0.000283115  0.0143952  0.0156583  -0.1014  
0.0013254  -0.000386175  0.000627767  0.021687  -0.00139809  -0.0668318  
0.00113056  -0.000243022  0.000527028  0.0168261  0.0212458  -0.0295705  
0.00150321  -0.000458401  0.000512574  0.0185251  -0.0176466  -0.0222396  
0.00123812  -0.000463447  0.000398182  0.0157245  -0.0250482  -0.0638074  
0.00112181  -0.000463447  0.000494179  0.0177737  0.0280577  -0.0339184  
0.00163733  -0.000691454  0.000398182  0.0159116  -0.00169859  -0.0641908  
0.00129094  -0.000463447  0.000223731  0.0138722  -0.0192397  -0.0234887  
0.00137281  -0.000463447  0.000263925  0.00996996  -0.00195471  -0.0232521  
0.0011365  -0.000365036  0.000237196  0.00743054  -0.0340637  -0.0241374  
0.00114512  -9.48634e-05  0.000576988  0.0119234  0.0343643  0.00431062  
0.00177431  -0.000115553  0.000398182  0.00613062  -0.0168109  -0.0582234  
0.0012833  -0.000348959  0.000459801  0.0136305  -0.0144553  -0.0353852  
0.00134167  -0.000441654  0.000461719  0.0139013  0.0245173  -0.0351772  
0.000811141  -0.00037347  0.000398182  -0.000661841  -0.0255492  -0.0435988  
0.0010778  -0.000441654  0.000398182  0.00162204  0.0184033  -0.0411164  
0.000966319  -0.000600781  0.000398182  0.00079974  -0.0133982  -0.0403516  
0.00097508  -0.000441654  0.000398182  0.00772328  -0.00245965  -0.0747923  
0.00120943  -0.00027365  0.000398182  0.0119311  0.0293411  -0.0891393  
0.000866385  -0.000250101  0.000452817  0.0119556  -0.018951  -0.0876961  
0.00188273  -0.000297324  0.000398182  0.00825768  -0.0115019  -0.0673553  
-0.000489241  0.000185823  0.000398182  0.000299321  -0.0256187  -0.00245332  
-6.3665e-05  0.000225025  -0.000269935  -0.0155672  -0.0212746  -0.0588497  
0.000143181  0.000346566  0.000518482  0.000205689  -0.0035483  -0.0423653  
0.000338415  9.65657e-05  0.00058342  0.00118357  -0.00739401  -0.0476602  
-0.0001287  0.000911112  0.000398182  -0.00216636  -0.0216104  0.009891  
0.000781176  0.000942517  0.000203639  -0.00253304  0.0136549  0.013376  
0.000625077  0.000790183  0.000109069  -0.00393744  0.00904849  0.02311  
-0.000331226  0.00104076  0.000130512  -0.0099537  -0.0329494  -0.00492752  
-0.000164875  0.000700229  8.75814e-05  -0.00648507  -0.0394595  0.0618643  
-0.00129733  0.000734767  5.83169e-05  -0.00577607  -0.0452258  0.0295885  
-0.000776993  0.000850741  9.97924e-05  -0.0072428  -0.0133792  -0.0183184  
-0.000525229  0.000594139  0.000321977  -0.00224923  -0.0487978  0.0127536  
-0.000437778  0.000177734  0.000582508  0.00247563  -0.0114286  0.0771907  
-0.000180033  0.000230343  0.000415669  -0.000930942  -0.0203689  0.0471489  
-0.000650305  0.000582339  0.000468078  5.42556e-05  -0.0280332  -0.0101286  
-0.00141945  0.000726225  0.000279205  -0.00271578  -0.0315299  0.0408838  
-0.00037081  0.000662463  0.000406987  -0.00179735  0.0295701  -0.0134339  
0.000519884  0.000355241  0.000510654  0.0024733  -0.00111823  -0.0887232  
-0.0012267  0.0010286  0.000369132  -0.00255115  -0.00385015  0.00334919  
-0.00125345  0.00113081  -0.000252574  -0.0196662  -0.0220639  0.0548857  
-0.00112846  0.00102132  6.38896e-05  -0.00796273  -0.0526796  -0.0081046  
0.000297715  0.000450322  1.72838e-05  -0.012034  0.026557  -0.0626159  
0.00018148  0.00100855  0.000265787  -0.00453889  0.0212543  -0.0495094  
-0.000168318  0.000670761  0.000176683  -0.00194598  -0.0223149  -0.067578  
-0.000769232  0.00105616  0.000227604  -0.00156064  -0.0120232  -0.0428051  
-0.00142352  0.000832841  -6.59992e-05  -0.0120207  -0.025771  -0.00472461  
-0.000149322  0.000385766  -0.000377752  -0.0123973  -0.0213914  -0.0698009  
0.000132654  0.00068812  -1.89422e-05  -0.00947209  0.0221141  -0.0462297  
-0.00141537  0.000794979  8.86016e-05  -0.00857566  -0.0403154  0.0240397  
-0.00024859  -0.00021076  0.000478948  0.0034255  -0.00653053  0.0463167  
-0.000144191  -0.00038002  0.000176683  0.00682628  -0.0454085  0.0321356  
-0.000501222  -0.000103267  0.000463514  0.00285789  -0.0345268  0.065867  
-0.000153494  -0.000401548  -4.83221e-05  -0.00552881  -0.0312381  0.0352737  
0.00018146  0.000208012  -0.000335412  -0.00466497  -0.0114366  -0.0490102  
-0.000763083  0.00055193  -3.72953e-05  -0.0101579  -0.0166308  0.0120575  
-6.94232e-05  -0.000235798  -0.000513532  -0.00878408  -0.037995  -0.0351895  
0.000643316  -0.000365175  -0.000564703  -0.00121775  0.0115153  -0.0156502  
0.000697871  -0.000365175  -0.000408535  0.000156881  -2.21069e-05  -0.0595689  
0.000411842  -0.000247522  -0.000428664  -0.00101492  0.00800084  -0.0528798  
0.000807712  -0.000884822  -0.000241416  -0.00175442  0.0163363  -0.00950302  
0.000481298  -0.000644656  -0.000633521  -0.00367663  0.00443831  -0.065755  
-0.000421474  -0.00078976  -0.000428479  -0.00493544  -0.0322063  -0.0302174  
0.000426254  -0.000898695  -0.000296384  0.000470739  0.0309632  -0.00868343  
0.00032816  -0.00115603  -0.000518827  -0.0114179  -0.0396835  0.0175084  
0.000432017  -0.000620789  -0.00051878  -0.00709708  -0.0421885  -0.0628771  
0.000191751  -0.000722421  -0.000158225  -0.000873544  -0.0268525  -0.0324507  
-0.000972152  0.000622266  -0.000554637  -0.0220807  -0.0110913  0.0232961  
-0.00113121  -3.53264e-05  -0.000470857  -0.0159358  -0.00854011  0.0238226  
-0.00156717  0.000909649  0.000137533  -0.0169611  -0.0388644  0.0475655  
-0.00122853  0.00114007  0.000463284  -0.00560013  -0.000802744  0.0475225  
3.29221e-06  0.00057449  0.000218826  -0.0114755  -0.0306537  -0.0457296  
0.000272733  0.000801346  0.000400575  -0.00392118  -0.031398  -0.0771785  
-0.0014362  0.00127888  0.000552184  5.16328e-05  -0.00544146  0.00397098  
-0.00138495  0.000822207  0.000628844  0.000307772  -0.0124991  0.0257339  
0.000496806  0.000976651  0.000497503  0.000955117  -0.0375778  -0.0101781  
-0.000565866  0.000896634  0.000634098  0.00113211  -0.04006  -0.0445836  
-0.00102881  0.000823336  0.000710795  0.00076088  -0.0221674  -0.0327606  
-0.000189259  0.000570237  0.000569109  -0.0015472  -0.0329569  -0.0718715  
-5.2062e-05  0.000727811  0.000505321  0.00131845  -0.0101185  -0.0858015  
-0.000759567  0.00101017  0.000448808  -0.00147692  -0.00821902  -0.0387515  
0.000178925  0.000544728  0.000626453  0.00153869  -0.00956399  -0.0646699  
-0.000253342  0.00103065  0.000466766  -0.00542211  -0.0230736  -0.0430646  
-0.000307308  0.000822138  0.000697987  -0.00126486  -0.0260918  -0.0603496  
6.82003e-05  0.00101306  0.000467314  -0.00300931  0.0146345  -0.069282  
0.000448281  0.000485748  0.000532742  0.00042402  -0.0019404  -0.106259  
-0.000401699  0.000903981  0.000808393  0.00163335  0.00192664  -0.0696474  
-0.000468834  0.000815242  0.000798439  0.0017163  -0.0178556  -0.0574218  
-0.000431743  0.00089541  0.000531477  -0.000692447  -0.0400857  -0.0620273  
-0.0011297  0.00119259  0.000332804  -0.00552491  -0.00492474  -0.072429  
-0.00138557  0.00115008  0.000500802  -0.00608435  -0.0243161  -0.0196998  
-0.0012859  0.000939584  0.00053338  -0.00379137  -0.0215834  -0.0321821  
-0.000534894  0.00101121  0.00052815  -0.00399364  -0.0255476  -0.0786405  
-2.54244e-05  0.00102143  0.000506259  -0.00161838  0.0193307  -0.0983337  
-0.0023413  0.00104069  0.000724819  -0.00068715  -0.0046002  0.0855444  
-0.00178743  0.000958855  0.000626399  -0.00375318  -0.0237398  0.0387772  
-0.00181852  0.000819877  0.000715411  5.42355e-05  -0.0210351  0.0309592  
-0.00162247  0.00117743  0.000618372  -0.00510791  -0.0332323  0.0110436  
-0.00183813  0.00112143  0.000600394  -0.000336959  -0.0459452  0.0239282  
-0.00160809  0.00129529  0.000484792  -0.00608487  -0.0491002  -0.0218841  
-0.00205116  0.00129068  0.000716474  0.00205093  -0.00437676  0.00239379  
-0.00224031  0.00120082  0.000793881  -0.00124249  -0.0558042  0.0709052  
-0.00211331  0.00130923  0.000586438  -0.00402282  -0.0350392  0.0677415  
-0.00214413  0.00155433  0.00049311  -0.00286682  -0.0521796  0.0741937  
-0.00221838  0.00137332  0.000718398  -0.00200389  0.00514432  0.0402349  
-0.00244645  0.00133551  0.000535147  -0.00435951  -0.0420258  0.0559794  
-0.00174165  0.00129947  0.000728516  0.00136837  -0.0309748  0.0118505  
-0.00244796  0.00167972  0.000582805  -0.00619168  -0.0215392  0.0201636  
-0.00259531  0.00197408  0.000404751  -0.0174965  -0.0301984  0.0327433  
-0.00231206  0.00175755  0.000454818  -0.0162573  -0.0225408  -0.00702171  
-0.00207582  0.00163666  0.000332804  -0.00823211  -0.0121125  -0.034629  
-0.00201853  0.00153236  0.000443481  -0.00791741  -0.0109007  -0.0178636  
-0.00209748  0.0014452  0.000582804  -0.000934274  -0.0181527  -0.00471968  
-0.00187723  0.00132303  0.000398066  -0.0102687  -0.0295658  0.058631  
-0.00180621  0.0011577  0.000517349  -0.00408708  -0.0290492  0.0558752  
-0.00198835  0.00110963  0.000671476  -0.00292546  -0.0054398  0.0228666  
-0.00187953  0.00109899  0.000659057  -0.0115518  -0.0449679  0.0453065  
-0.00246716  0.00118083  0.000332804  -0.0217274  -0.0344593  0.068552  
-0.0022213  0.00113767  0.000189982  -0.0232446  -0.0603879  0.0687422  
-0.00228687  0.00122667  0.0002012  -0.0246514  -0.0593487  0.0586925  
-0.00256306  0.00113028  0.000267463  -0.0163016  -0.0172755  0.0478341  
-0.00260179  0.00135695  0.000332804  -0.0162091  -0.00106615  0.0245183  
-0.001971  0.00118261  0.000264687  -0.0153398  0.0244526  -0.011352  
-0.00199655  0.000965107  0.00014249  -0.0172152  0.00696149  -0.0166636  
-0.00218292  0.00107383  -0.000378703  -0.036527  -0.0184191  0.0203374  
-0.00218535  0.00111836  -0.000186104  -0.0230119  -0.0630903  0.044605  
-0.00185622  0.000811369  0.00012365  -0.00799634  -0.0363537  0.0197142  
-0.00190849  0.000632452  -0.000186104  -0.0261117  -0.0529054  0.0145961  
-0.00185547  0.000735084  -0.000236147  -0.025852  -0.00518686  -0.0174072  
-0.00207333  0.00117501  -1.466e-05  -0.0202681  -0.014491  0.000648821  
-0.00138577  0.000856584  -0.000134547  -0.0262211  0.0077849  -0.034784  
-0.000622637  0.000391649  -0.000448587  -0.0244678  -0.0189421  -0.0995027  
-0.00134199  0.000858456  -0.000186104  -0.0233414  -0.00800017  -0.0552841  
-0.00161541  0.00081472  -0.000455964  -0.0271647  -0.0157208  -0.0282867  
-0.00056605  0.000771252  -0.00050434  -0.0222291  -0.0258865  -0.107302  
-0.00136572  0.00103948  -6.18669e-05  -0.0101867  -0.00720916  -0.0787208  
-0.000504131  0.000317805  -0.000270577  -0.0107536  0.0547334  -0.0608782  
-0.00174299  0.000461412  -0.000293152  -0.0184708  -0.010703  -0.0288306  
-0.00132388  0.000563531  -0.000601986  -0.0245159  -0.017289  -0.0819289  
-0.000524462  0.000567364  -0.000633681  -0.0272204  0.00243041  -0.111405  
-0.00110011  0.00104986  -0.000368814  -0.020412  -0.0162238  -0.108461  
-0.000525544  0.000972187  -0.000462823  -0.018838  0.0212414  -0.130339  
-0.00143643  0.00118692  -0.000321305  -0.0142356  0.0080876  -0.0651328  
-0.00123208  0.000765179  -0.000493348  -0.018018  8.87553e-05  -0.0726781  
-0.000171444  0.000586761  -0.000590771  -0.0250703  0.0263101  -0.124084  
-0.000642886  0.000485651  -0.000517659  -0.0203751  -0.026545  -0.095363  
-0.000596525  0.000638208  -0.000370312  -0.0147471  -0.0222471  -0.129734  
-0.00146522  0.000737687  -0.000269048  -0.01376  0.0222812  -0.0592113  
-0.00192706  0.000823863  -0.000401906  -0.0243144  -0.0184088  -0.00627578  
-0.00158319  0.000606761  -0.000496128  -0.0238538  -0.00698869  -0.0571302  
-0.00150441  0.000512538  -0.000481562  -0.0233521  0.0060245  -0.0723923  
-0.00100089  0.000537895  -0.000555628  -0.0262273  -0.00888784  -0.109519  
-0.00162606  0.000790684  -0.000309147  -0.0155755  0.0150202  -0.0728815  
-0.00170591  0.000780852  -0.000458919  -0.0236407  -0.0184376  -0.0785959  
-0.00144817  0.00111516  -0.000139241  -0.0147326  0.000205201  -0.0988705  
-0.00119545  0.000763665  -0.0001912  -0.0197809  0.0165445  -0.0938686  
-0.00152353  0.000831505  -0.000196977  -0.0199235  0.00932081  -0.0803422  
-0.00112624  0.00084996  -5.02316e-05  -0.0134791  0.0198099  -0.101574  
-0.00150661  0.000760958  -8.49775e-05  -0.0127991  0.0289983  -0.0665024  
-0.00206218  0.000347779  -0.000139241  -0.0146528  -0.031234  0.0349369  
-0.00116726  -0.000741531  -0.000139241  -0.00227609  -0.0576007  0.0453579  
-0.00107684  -0.000614917  0.000166411  0.0091006  -0.0563821  -0.0118832  
-0.0012205  -4.94053e-05  0.000396797  -0.00013163  -0.0296968  0.0260216  
-0.000846005  0.000707826  -0.000264604  -0.00881681  -0.00687174  -0.0898971  
-0.00162034  0.000529737  0.000309826  0.00547591  0.017018  -0.0215449  
-0.0013213  -6.30316e-05  0.000322919  0.0109389  0.0215759  -0.0109239  
-0.00190045  -2.15409e-05  0.000155389  0.0125663  0.0141722  0.0224626  
-0.00158878  0.000332725  0.000479055  -0.00267241  -0.0160433  -0.00652732  
-0.00152744  0.000114257  0.000247294  0.00588684  0.00114788  -0.0153192  
-0.00170371  2.70352e-05  0.000110759  0.011355  -0.0193231  0.00121343  
-0.00201692  0.00051686  0.00029691  -0.00798549  -0.0403011  0.0108709  
-0.00200601  0.000632197  0.000193145  -0.00305323  -0.0229226  0.028323  
-0.00213492  0.000724641  0.000255099  -0.00529009  -0.0291795  0.0160372  
-0.00194781  0.000810393  0.00028265  0.000627438  -0.00479614  -0.012422  
-0.00263279  0.000295044  -0.000139241  -0.0103156  -0.00679854  0.0545507  
-0.00233025  0.000208037  -0.000139241  -0.0199871  -0.00174675  0.0615038  
-0.00203123  0.000108879  0.000227713  0.00693436  -0.0420045  -0.0188521  
-0.00249331  0.000920557  0.000321678  -0.00428009  -0.0288144  0.0230205  
-0.0019718  0.000613945  0.000280708  0.00149569  -0.0148541  -0.0214699  
-0.00153156  0.000205039  0.000245918  0.0063827  -0.0199365  -0.0708238  
-0.00145465  0.000348096  0.000551902  0.0152724  -0.00446829  -0.0605665  
-0.00164521  0.00013666  0.000701603  0.0132226  -0.00803878  -0.00574957  
-0.00182965  0.000309319  0.000774544  0.0198566  -0.00256599  -0.00211461  
-0.00173301  0.000107024  0.000594038  0.0163585  -0.0166349  -0.0127723  
-0.00193332  0.000491766  0.000705851  0.0149685  -0.00663715  -0.0274576  
-0.00146238  0.000187791  0.000720108  0.0187891  -0.00691111  0.0144703  
-0.00236386  0.000606627  0.00071518  0.0112545  -0.0247162  0.0534579  
-0.00245231  0.00087199  0.000663855  0.0134292  -0.0187824  0.0351893  
-0.00302783  0.000784355  0.000659031  0.00865046  -0.0237519  0.100437  
-0.00215819  0.000452641  0.000833751  0.0163607  -0.0102996  0.0564255  
-0.0021176  0.000464273  0.000756953  0.0190961  -0.0506143  0.0144093  
-0.00182603  0.00034707  0.000819296  0.0286285  -0.0315296  -0.00513025  
-0.00155954  0.000324112  0.00076507  0.0233644  -0.013776  -0.0172771  
-0.00161812  0.000234226  0.000849926  0.0264523  0.0196649  0.0235412  
-0.00209755  0.000198784  0.000802433  0.0196688  -0.022997  0.0952  
-0.00231221  0.000254386  0.000813156  0.0114804  -0.0525279  0.106448  
-0.00218224  0.000456019  0.000881562  0.0122624  -0.026505  0.0526803  
-0.00274288  0.000725571  0.00100019  0.0126685  -0.0115795  0.08659  
-0.00237801  0.000501022  0.000923691  0.0186919  -0.0190752  0.0756606  
-0.00205727  0.00035151  0.000813481  0.02148  -0.00594039  0.0668354  
-0.00188662  0.000360614  0.00101873  0.0212236  -0.00172405  0.0543955  
-0.00214074  0.000524585  0.000870491  0.0171989  -0.0528382  0.05295  
-0.00201862  0.000294865  0.000870531  0.0158395  -0.021757  0.0586255  
-0.0020467  0.000447261  0.000787398  0.0133458  -0.00664204  0.0218689  
-0.00182944  0.000510305  0.000662659  0.00939353  -0.00782866  -0.0082405  
-0.00221598  0.00122977  0.000760784  0.0109733  -0.00539504  -0.000543909  
-0.0022076  0.000948627  0.000822182  0.00988631  0.0230673  0.0341036  
-0.00214232  0.000995904  0.000739237  0.00863807  0.00278321  0.00806384  
-0.00242058  0.000914305  0.000717883  0.00770704  -0.00805036  0.0141871  
-0.00231381  0.00104586  0.000921248  0.0181565  -0.0137387  0.0112646  
-0.001757  0.000231076  0.000630999  0.0261958  -0.0152407  0.0294458  
-0.00210807  0.000762045  0.000822073  0.0160462  -0.0501376  0.0827496  
-0.0020045  0.000567013  0.000780759  0.0126213  -0.0100923  0.0144341  
-0.00183817  0.000481076  0.000705307  0.0128422  -0.0180173  0.0125623  
-0.00189234  0.000334742  0.000753664  0.0136874  -0.00474795  0.0338218  
-0.00210902  0.000497121  0.000595101  0.0137782  -0.0204298  0.0413809  
-0.00190272  0.000824777  0.000735226  0.0142754  -0.0146028  -0.018171  
-0.00201761  0.000773479  0.000678236  0.0181794  0.0145115  0.0632237  
-0.00231432  0.000475522  0.000533781  0.00783907  -0.022756  0.0685785  
-0.00170317  0.000305627  0.000746567  0.0105018  -0.0079306  0.0121778  
-0.00163714  0.000408106  0.000714043  0.00707305  -0.0191745  -0.00535479  
-0.00209904  0.00114034  0.000663153  0.0111898  -0.0172003  0.0544363  
-0.00262135  0.00119787  0.000446236  0.0042033  -0.053275  0.133665  
-0.0021594  0.000954151  0.000576895  0.00937253  -0.034197  0.0556011  
-0.00204434  0.00101784  0.000537684  0.0027169  -0.0134421  0.0154709  
-0.00165272  0.000874149  0.000518321  0.007613  0.0012345  0.0189263  
-0.00195897  0.000830247  0.000344445  0.00228295  -0.0197976  0.0230547  
-0.00159621  0.000704554  0.000437365  0.00329416  0.00322828  -0.015987  
-0.00164529  0.000934617  0.000456417  0.00787296  -0.0173163  -0.0316362  
-0.00186143  0.000851405  0.000557605  0.00754107  0.0147701  -0.00610952  
-0.00177373  0.000925615  0.000497384  0.0115273  -0.00344015  -0.0396709  
-0.0015649  0.00108246  0.000476559  0.00954898  -0.0107036  -0.0283778  
-0.00207724  0.000478651  0.000602476  0.0125568  -0.00367461  0.0314737  
-0.00172851  0.000674858  0.000689266  0.0154288  -0.0491028  -0.0105593  
-0.001601  0.000830379  0.000436478  0.00697563  0.00428736  -0.0457432  
-0.00057211  0.000729064  0.000344445  0.00358109  0.0187838  -0.0882664  
-0.00183827  0.000920081  0.000450894  0.00557581  -0.000940583  -0.0275892  
-0.00163217  0.000917877  0.000607254  0.00522257  -0.0169057  -0.0351613  
-0.00159558  0.00140577  0.000701001  0.00434078  -0.0211674  -0.0208507  
-0.000947309  0.00114548  0.000613055  0.000994756  0.02147  -0.0246558  
-0.000925099  0.00117042  0.000429172  -0.00432944  -0.0378403  -0.00158965  
-0.000918068  0.00117055  0.000158406  -0.0161152  -0.0405146  0.0039389  
-0.000584796  0.00199781  -0.000205891  -0.0403644  -0.0409661  0.0323199  
-0.00159114  0.00194029  -0.000285976  -0.0368606  0.0101562  0.0862764  
-0.0015161  0.00149105  -0.00054496  -0.0362512  -0.0479069  0.0577577  
-0.00153872  0.00148517  -0.000606283  -0.0379765  -0.0257713  0.0479372  
-0.00119876  0.00150576  -0.000541966  -0.0362574  -0.0285489  0.0228179  
-0.000525319  0.0015487  -0.000441549  -0.0345667  -0.0203136  0.00556238  
-0.000288109  0.00169328  -0.000286813  -0.0318235  -0.0140439  -0.0146476  
0.000108217  0.001744  -0.000205891  -0.0297589  0.022971  -0.00986664  
0.000352524  0.00149258  -0.000205891  -0.027406  0.0260418  -0.0224048  
0.000409093  0.00145973  -4.00875e-05  -0.0206703  0.0275074  -0.0295352  
-0.000682802  0.00139704  1.16078e-05  -0.0151655  -0.0210557  0.0102452  
-0.0011034  0.00106102  0.000233479  -0.010509  -0.034933  0.0694716  
-0.00104599  0.00114571  0.000297778  -0.0146238  -0.060575  0.0386085  
-0.000905745  0.00113196  0.000502287  -0.00950599  -0.0229431  0.02796  
-0.000883661  0.0011393  0.000560915  -0.00772652  -0.00630273  0.0450488  
-0.00091657  0.00125271  0.000589608  -0.00515458  0.00373498  0.0200823  
