-0.0260455  -0.00185266  0.00323752  -0.0578296  -0.354324  -0.17708  
-0.0265609  -0.00193552  0.00339044  -0.050027  -0.355146  -0.157096  
-0.0264434  -0.00160016  0.00341848  -0.0488482  -0.345887  -0.153192  
-0.026513  -0.00174095  0.00335247  -0.0571568  -0.345423  -0.157184  
-0.0268618  -0.00174799  0.00334071  -0.0584573  -0.345277  -0.15927  
-0.0268422  -0.00159566  0.00344057  -0.0583028  -0.361883  -0.159259  
-0.0257974  -0.00164227  0.00334282  -0.0594884  -0.343667  -0.176364  
-0.0263386  -0.00186848  0.00336929  -0.0521467  -0.347399  -0.166636  
-0.0263061  -0.00182189  0.0034956  -0.0572447  -0.36402  -0.183086  
-0.0274868  -0.00220534  0.00324027  -0.0530349  -0.373114  -0.196033  
-0.0260474  -0.00168268  0.00325768  -0.0586044  -0.365085  -0.197125  
-0.0267637  -0.00183185  0.00339958  -0.0537905  -0.336098  -0.183113  
-0.0264622  -0.00171653  0.00355092  -0.055033  -0.374297  -0.189139  
-0.0266692  -0.00191036  0.00341514  -0.0554332  -0.338141  -0.179786  
-0.0264503  -0.00169068  0.00338935  -0.0590271  -0.362675  -0.177314  
-0.0266358  -0.00149931  0.00345762  -0.0526582  -0.352435  -0.180604  
-0.0267781  -0.0016162  0.00343229  -0.0559178  -0.344374  -0.164668  
-0.026381  -0.00161494  0.00336059  -0.0562831  -0.368141  -0.166769  
-0.0271063  -0.00174148  0.00336794  -0.0574936  -0.348135  -0.180357  
-0.0264696  -0.00150367  0.00351132  -0.0623759  -0.372051  -0.190013  
-0.0266107  -0.00174945  0.00329062  -0.0555106  -0.336289  -0.171424  
-0.0271196  -0.00159259  0.00337755  -0.0566778  -0.365364  -0.174501  
-0.0269171  -0.00149187  0.003434  -0.0600578  -0.368868  -0.171263  
-0.0269213  -0.00149892  0.00344744  -0.052738  -0.348038  -0.181659  
-0.0266334  -0.00148535  0.00334259  -0.0520066  -0.351962  -0.180401  
-0.02734  -0.00141336  0.00338944  -0.0607481  -0.336586  -0.165828  
-0.0264751  -0.00150377  0.00335764  -0.0537748  -0.360545  -0.180009  
-0.0264643  -0.00141336  0.00341338  -0.0604397  -0.338343  -0.182077  
-0.0266393  -0.00141336  0.0034919  -0.0546364  -0.344174  -0.18207  
-0.0260714  -0.00157899  0.00346264  -0.055785  -0.350015  -0.171937  
-0.027586  -0.00160334  0.00343584  -0.0477543  -0.340698  -0.165262  
-0.0264117  -0.00149805  0.00343196  -0.0592457  -0.369385  -0.171084  
-0.0267064  -0.00135795  0.00336141  -0.0525826  -0.334691  -0.181135  
-0.0261941  -0.0015237  0.00339255  -0.0535738  -0.364601  -0.18045  
-0.0267783  -0.00139343  0.0034086  -0.0520218  -0.328343  -0.169727  
-0.0262672  -0.0015237  0.00343968  -0.0617604  -0.356177  -0.173018  
-0.026755  -0.0015237  0.00342326  -0.0554675  -0.32043  -0.169213  
-0.025903  -0.0012737  0.00345657  -0.0529617  -0.336579  -0.171973  
-0.0160797  -0.000312132  0.0027449  -0.0770709  -0.180598  -0.166791  
-0.0110886  -0.000303597  0.00258229  -0.0689963  -0.208428  -0.142173  
-0.0150641  -0.000942388  0.00261869  -0.062177  -0.215419  -0.129686  
-0.014077  -0.000356706  0.0026529  -0.0623216  -0.230588  -0.117057  
-0.0104818  -0.00110829  0.00182556  -0.0486153  -0.179943  -0.159835  
-0.00922328  -0.00132124  0.00165724  -0.0654512  -0.0809732  -0.184386  
-0.0104682  0.000402331  0.00154699  -0.0914197  -0.15277  -0.133022  
-0.0105392  0.000685157  0.0019271  -0.0703165  -0.153374  -0.100976  
-0.011406  -0.000512281  0.00200344  -0.0536929  -0.174475  -0.0905012  
-0.0102082  -0.000512281  0.00210569  -0.0541441  -0.126658  -0.103248  
-0.00970245  0.000169216  0.00189757  -0.0585036  -0.164258  -0.058085  
-0.00976747  0.000157647  0.00183324  -0.0555123  -0.194256  -0.035579  
-0.0100618  -0.000395302  0.00200526  -0.04961  -0.166276  -0.079058  
-0.00991457  -0.00017444  0.00179249  -0.0623638  -0.160047  -0.0931658  
-0.01038  -0.000506266  0.00177475  -0.0540357  -0.1636  -0.0802382  
-0.0101308  -0.000271554  0.00192922  -0.0483155  -0.140123  -0.0411541  
-0.0119659  -6.03528e-05  0.00189691  -0.0394082  -0.226172  0.00115335  
-0.00909532  0.000342043  0.00106797  -0.0612536  -0.173073  -0.0548574  
-0.00808392  0.000400281  0.000790926  -0.070723  -0.146535  -0.0888092  
-0.00810544  0.00189377  0.000562634  -0.0715767  -0.139191  -0.0657318  
-0.00842017  0.00135829  0.000431663  -0.0662524  -0.106374  -0.0644752  
-0.00784241  0.00123131  0.000440443  -0.061289  -0.119437  -0.0969838  
-0.00925313  0.000629996  0.000496305  -0.0658609  -0.155407  -0.0925729  
-0.0104751  -7.7597e-05  0.00114114  -0.0434221  -0.148366  -0.104141  
-0.00950682  -0.000221922  0.0014041  -0.046754  -0.179326  -0.110846  
-0.00836038  -0.000378949  0.00148092  -0.0497004  -0.113895  -0.066148  
-0.00899257  4.98261e-05  0.00127626  -0.045243  -0.142649  -0.044947  
-0.00837719  7.34337e-05  0.00114835  -0.0472495  -0.161296  -0.0841153  
-0.00838391  -9.6756e-05  0.000940606  -0.0536668  -0.131705  -0.0662497  
-0.00928562  3.1912e-05  0.000988872  -0.0498761  -0.16858  -0.0475916  
-0.00875475  0.000535814  0.00106218  -0.0555171  -0.166975  -0.0718614  
-0.00921252  -0.000448398  0.0016665  -0.0328082  -0.155351  -0.0653574  
-0.00928763  0.000436198  0.00133989  -0.0438963  -0.180366  -0.0168472  
-0.00990133  -2.29961e-05  0.00133133  -0.034261  -0.178114  -0.00733045  
-0.00965615  -2.29961e-05  0.00138892  -0.036065  -0.150177  -0.0252137  
-0.00883394  -2.29961e-05  0.00144556  -0.0354657  -0.175375  -0.0456644  
-0.00959126  -2.29961e-05  0.00166871  -0.0320067  -0.1678  -0.0592398  
-0.00829409  -0.000129892  0.00161982  -0.051753  -0.120537  -0.115596  
-0.00945389  -0.000283965  0.00175312  -0.0480082  -0.16513  -0.106285  
-0.00874452  1.71372e-05  0.00142481  -0.046551  -0.145943  -0.0944536  
-0.0093459  0.00032156  0.00154558  -0.0438488  -0.166314  -0.0792398  
-0.0100309  2.54131e-05  0.00163222  -0.0347356  -0.170115  -0.0875981  
-0.0100161  -0.000330249  0.00161582  -0.0438357  -0.217808  -0.114102  
-0.0108774  0.000632938  0.00152945  -0.0440946  -0.15211  -0.0636874  
-0.0104109  0.000622635  0.00152581  -0.0396168  -0.194974  -0.0616601  
-0.0102025  0.000702071  0.00123415  -0.0441983  -0.163487  -0.0732443  
-0.0115682  -0.000316831  0.0017844  -0.0304564  -0.147413  -0.0476424  
-0.0101468  0.000120374  0.00164404  -0.0335801  -0.161022  -0.022762  
-0.0103483  0.000577799  0.00152921  -0.028219  -0.168088  0.0122545  
-0.00988915  0.000741561  0.00148469  -0.0320654  -0.234702  -0.00624302  
-0.0103534  0.000254302  0.00136125  -0.0285713  -0.224281  -0.0379915  
-0.0103346  -0.000407236  0.00158942  -0.0341235  -0.229319  -0.0348853  
-0.00916261  5.78137e-05  0.00165923  -0.0377371  -0.163467  -0.0313048  
-0.0087986  0.000702967  0.00113643  -0.0468291  -0.183123  -0.00738285  
-0.0086238  0.000555705  0.00121929  -0.0415127  -0.173543  -0.0484143  
-0.0073977  0.00102956  0.000850058  -0.0553246  -0.120507  -0.0270362  
-0.0075681  0.00110415  0.00098493  -0.0410915  -0.1439  0.0311028  
-0.00673627  0.000997367  0.00129591  -0.0421495  -0.136302  0.00664026  
-0.00713828  0.000704635  0.00116961  -0.0346193  -0.147366  -0.0175055  
-0.00734508  0.00106126  0.00128056  -0.0408741  -0.153218  -0.00406252  
-0.00813428  0.00143505  0.000996005  -0.0430218  -0.184198  0.0231813  
-0.00817052  0.00142523  0.0010212  -0.0493468  -0.196953  0.00865474  
-0.00732047  0.0011089  0.0010368  -0.0444781  -0.165369  -0.00742254  
-0.00825817  0.000627263  0.00142933  -0.0379472  -0.201679  -0.00850946  
-0.00776146  -0.000374554  0.0012418  -0.0286273  -0.162527  -0.0362393  
-0.00829681  0.000423864  0.000968334  -0.0338306  -0.137334  0.00597281  
-0.00778723  0.000984167  0.000975722  -0.033176  -0.170964  0.0448582  
-0.00678425  0.00114057  0.000668659  -0.0446699  -0.160437  0.0236246  
-0.00622619  0.00135304  0.00024325  -0.0496291  -0.158787  -0.0187307  
-0.0064905  0.00115163  0.000648147  -0.0455059  -0.108256  -0.0209931  
-0.00742692  0.0015772  0.000336841  -0.0391466  -0.149747  0.0179103  
-0.00760272  0.00135511  0.00011313  -0.0389368  -0.157405  0.0265889  
-0.00674947  0.00120556  0.000266414  -0.0414148  -0.148125  0.0382307  
-0.00436565  0.00280885  4.31167e-06  -0.0417831  -0.135298  0.0776355  
-0.00568857  0.0020642  0.00031691  -0.0373045  -0.173596  0.0864347  
-0.00597068  0.00183805  0.000282326  -0.0303987  -0.177548  0.0835508  
-0.00490419  0.000435521  0.000728471  -0.026597  -0.167249  -0.00521567  
-0.00605831  -0.000743885  0.00058471  -0.00492455  -0.162063  0.0549048  
-0.00545436  0.000315665  -4.7755e-05  -0.0406246  -0.120548  -0.0372066  
-0.00289093  6.65501e-05  0.000147964  -0.0290787  -0.086215  -0.040546  
-0.0039613  -0.000115833  0.000777399  -0.0321344  -0.0965504  -0.0434439  
-0.00352364  -3.99103e-05  0.000844171  -0.0192748  -0.10335  -0.0197508  
-0.00333938  0.000348896  0.000802206  -0.0181264  -0.11182  -0.011172  
-0.00410272  0.000354894  8.59877e-05  -0.0507688  -0.128111  -0.051873  
-0.00607012  0.000213027  -0.000562471  -0.0304476  -0.130733  -0.022972  
-0.00643321  0.000605648  0.000690201  -0.0244614  -0.130426  0.00908498  
-0.00525235  0.000327969  0.000630089  -0.0246184  -0.133842  -0.00770827  
-0.00340295  0.00119484  -0.000380806  -0.0413899  -0.0621513  -0.0597265  
-0.00420038  0.00154121  -7.07207e-05  -0.053915  -0.107164  -0.0753663  
-0.00373393  0.00141456  -0.00032328  -0.0427778  -0.090187  -0.0221485  
-0.00370387  0.000533246  -0.000100446  -0.0482132  -0.123023  -0.0192117  
-0.00401806  0.000567074  -0.000148278  -0.0424673  -0.104297  -0.00682308  
-0.00560725  0.000699234  0.000804158  -0.0229164  -0.169468  0.0284585  
-0.00472269  0.00134375  -0.00026699  -0.0315962  -0.129251  0.0262229  
-0.00384543  0.001074  0.000389735  -0.027944  -0.0926525  0.0293046  
-0.00436111  0.000229431  0.000950633  -0.000229184  -0.145352  0.0668361  
-0.00393259  0.000430935  0.00103842  0.0100286  -0.137811  0.0824001  
-0.00630035  -0.00011096  0.000327749  0.0376374  -0.180791  0.0615496  
-0.00516753  -0.00120289  -1.96861e-05  0.0289178  -0.151034  0.0654155  
-0.00333287  6.61193e-06  -1.74337e-05  0.034117  -0.108301  0.00530838  
-0.00366535  -0.000442607  0.0010797  0.00695279  -0.150684  0.0202603  
-0.00531753  -0.000880582  0.000843028  0.0184476  -0.138523  0.0520736  
-0.00661131  -0.00114144  0.00111161  0.0299379  -0.15301  0.0494841  
-0.00731604  -0.00124015  0.000948237  0.0262423  -0.173598  0.0790395  
-0.00424382  0.000274785  0.000777895  0.006374  -0.0963481  0.0488418  
-0.00202514  -0.000697874  -0.00065902  0.00307289  -0.0905327  0.00740822  
-0.00224514  -0.00017904  -0.000811182  -0.0065154  -0.0849572  -0.00738191  
-0.00369978  -0.00102956  -0.000791471  0.00783894  -0.107019  0.0130011  
-0.00371631  -0.00199637  -2.192e-05  0.0342863  -0.0803941  0.0262082  
-0.00143362  -0.00274723  -0.000177813  0.0244634  -0.0727102  0.0159047  
-0.00192027  -0.001538  -0.000110059  0.0146032  -0.0703888  0.0275825  
-0.00345615  -0.00146488  0.000169511  0.0041431  -0.0644227  0.0183904  
-0.00631563  -0.000793269  0.000538196  0.0222325  -0.124404  0.0624756  
-0.0040732  -0.000677062  0.000827906  0.0049029  -0.0515299  0.0291604  
-0.00239958  0.000320372  -0.000683261  -0.00813928  -0.0105459  0.0152098  
-0.00262504  0.00101362  -0.000500215  -0.0179286  -0.0714207  0.0292907  
-0.00387398  0.00133695  -0.000447114  -0.0333209  -0.0671462  0.00396636  
-0.00523946  0.000218235  0.0007308  -0.0116922  -0.127427  0.0579984  
-0.00409142  -0.000401643  0.000639886  0.0265445  -0.137829  0.10404  
-0.0063787  -0.000657585  0.000698438  0.0110014  -0.174014  0.0476802  
-0.0059141  -0.000614377  0.000947991  -0.00720899  -0.124654  -0.00193558  
-0.005951  0.00106729  -0.000134123  -0.00663186  -0.0929749  0.0456639  
-0.00393822  0.00144681  -0.00026517  -0.0127905  -0.0649546  0.0210593  
0.00223519  0.00225092  -0.000440745  -0.0285925  0.0278385  0.00774768  
0.00322314  0.00127273  -0.00119558  -0.0202107  0.00539858  -0.0459446  
-0.000599825  0.000198603  -0.00105813  -0.0179785  -0.0920428  -0.0770367  
-0.00420071  0.000985718  -0.000777092  -0.0188771  -0.097259  0.0162792  
-0.0019098  0.00102626  -0.00114781  -0.0239938  -0.0888516  -0.0146201  
-0.0021616  0.00144178  -0.000207059  -0.0330767  -0.0390197  -0.0212516  
-0.0036951  0.000783825  0.000409177  -0.0320201  -0.122076  -0.000438316  
-0.00406136  -0.000431796  4.32319e-05  0.0212637  -0.127852  0.0208709  
-0.00584611  0.000162787  -0.000599609  -0.012777  -0.103731  0.0722012  
-0.00400658  0.00049643  -0.000876344  -0.0192348  -0.106287  0.0413903  
-0.00539136  0.00100633  -0.000514364  -0.0154275  -0.0895969  0.0142418  
-0.00560847  0.000625638  -0.000639828  -0.0104048  -0.0914955  0.0152176  
-0.000489838  0.00150597  -0.00102053  -0.0146646  -0.0627071  0.0981519  
-0.00370204  0.000986074  -0.00124255  0.00363244  -0.116602  0.123518  
-0.00507023  0.00102407  -0.000748301  -0.00228365  -0.117464  0.0560013  
-0.0052298  0.000123433  -0.000705162  -0.00759246  -0.116655  -0.0103609  
-0.00515568  0.000604645  0.000688084  -0.00508686  -0.112805  -0.0174705  
-0.00489057  0.0012836  -6.92449e-05  -0.00500543  -0.055231  0.050997  
-0.0064172  0.00144361  -0.000106931  -0.00035902  -0.144163  0.106194  
-0.00633207  0.0011596  -0.000396466  0.00436079  -0.176497  0.111486  
-0.00624366  0.00103135  -0.000396465  0.00449871  -0.121405  0.105881  
-0.00360607  0.00105499  -0.000536863  -0.00546366  -0.103526  0.0150325  
-0.00543848  0.00155325  -0.000396465  -0.0156763  -0.0861666  0.0532298  
-0.00372603  0.00159497  -0.000582212  -0.00349737  -0.0772721  0.0497495  
-0.00406955  0.00101752  -0.000396465  -0.0064474  -0.129256  0.0293332  
-0.00333582  0.00136801  -0.000126041  -0.0157467  -0.0997612  0.00451862  
-0.00369503  0.00161904  0.000271719  0.00815226  -0.0788346  0.066119  
-0.00458964  0.000537926  0.000176902  0.0373911  -0.120058  0.117049  
-0.00193075  0.00188536  0.000748976  -0.0312357  -0.0768528  -0.0157078  
-0.00062634  0.00186833  0.000107405  -0.013128  -0.0938126  0.0338912  
-0.00205791  0.00120307  -4.22854e-05  -0.00819912  -0.058405  -0.00929679  
0.00236139  0.0013891  -0.000526893  -0.0127069  0.028843  0.000782685  
0.00510294  0.00193814  -0.000463565  -0.0145829  0.0168918  -0.0140884  
0.00160849  0.000912573  -0.000797099  0.00787234  -0.0770275  0.0161695  
-0.000438297  -0.000103275  -0.00107796  0.00257966  -0.0899837  0.0545798  
0.00327391  0.00100842  -0.00134498  -0.00817246  0.0549627  -0.0125817  
-7.5585e-05  0.000284079  -0.00111162  0.00892459  -0.0940598  0.0897225  
0.00217834  0.000322926  -0.00102727  0.00506191  -0.0340723  0.0255283  
0.00280006  -0.000258121  6.25177e-05  0.0257341  0.057032  -0.00587311  
0.00224352  0.00118485  -0.000379394  0.00896998  0.00169626  0.0380356  
-0.00114222  -6.14368e-05  -9.32485e-05  0.0356541  -0.0957037  0.12783  
0.00212181  0.00191367  -0.000773882  -0.0066082  0.0183341  0.0425574  
-0.000666584  0.00101794  -0.000890237  0.0143044  -0.126793  0.0955892  
-0.000246383  0.000807002  -0.000454701  0.00385386  -0.0919144  0.110912  
0.00218471  0.000407561  -0.00101958  -2.84514e-06  -0.0342489  -0.00458759  
0.00195939  0.0018449  -0.000840141  -0.00372254  -0.0489407  -0.00240607  
-0.00358451  0.00203062  -0.000239406  -0.0163608  -0.0730251  0.0146473  
-0.00394085  0.000671443  0.000958016  -0.00263711  -0.0869889  0.0368486  
-0.00062266  -0.00021452  0.000940447  0.000309614  -0.0767822  0.0862447  
-0.00268939  0.00053612  -0.000754357  0.0117956  -0.110865  0.112116  
-0.00358449  -0.00079132  -0.000973076  0.02654  -0.132185  0.0699706  
0.00437463  0.000801595  -0.00103496  0.00145443  0.0610275  0.0447602  
0.00386194  0.00184854  -0.00080625  -0.00334443  -0.00154198  0.0836383  
-0.00319283  0.00156258  -0.00092438  -0.00762674  -0.15963  0.0940996  
-0.00361788  0.0010988  -0.000987847  -0.00247342  -0.115537  0.0674455  
-0.000883615  0.00134994  -0.000734084  -0.00330212  -0.112717  0.107885  
-0.00139151  4.69233e-05  -0.00103264  0.0101936  -0.073047  0.128542  
0.00296538  0.00152052  -0.000672484  -0.00245859  -0.00630876  0.116154  
-0.00305874  0.000134013  -0.000205951  0.0307355  -0.122133  0.0930073  
-0.00211015  0.000408154  -0.00104334  0.00519414  -0.0823736  0.0411096  
-0.00311104  0.000106384  -0.000913136  0.00871804  -0.0885874  0.0793305  
0.00262545  -0.000318089  9.8224e-05  0.0306972  -0.0254824  0.0767271  
-0.00234494  0.00179249  -0.000208692  -0.0124804  -0.0825194  0.0327763  
-0.0031499  0.0017888  0.000301529  -0.0279008  -0.0721724  -0.00978522  
0.00440926  0.00367752  -0.000332862  -0.0391351  0.0654179  -0.00138192  
0.00186323  0.00194364  -0.00036123  -0.00943294  -0.0379865  0.00326973  
0.00268246  0.00213976  -0.00053694  -0.0226435  -0.004288  0.00530878  
0.00190121  0.00220399  -0.000425173  -0.0160726  0.0137995  -0.0111829  
-0.00145771  0.00134668  -0.00135953  -0.00210799  -0.0565069  0.0762234  
-0.00129301  0.00142729  -0.00127942  -0.0156772  -0.0695848  0.0753158  
-0.00314006  0.000577804  -0.000962115  -0.00914411  -0.0520188  0.0136303  
-0.00216532  6.8223e-05  -0.00125393  -0.00144458  -0.0359503  0.0406468  
3.58849e-05  -0.000435092  -0.00071332  -0.00331117  0.0674827  -0.0839863  
-0.000271425  -0.000679203  -0.000698924  -0.0209955  0.0666991  -0.121628  
0.00270288  0.000544176  -0.00108307  -0.0211692  0.0836867  -0.0265506  
0.000795774  0.000342501  -0.000876215  -0.0334352  0.0761151  -0.121046  
-0.00377494  5.32811e-05  -0.000780281  -0.00976783  -0.10166  0.0310604  
-0.00304706  -0.000229303  -0.000865426  -0.00959624  -0.0345763  0.00521707  
-0.00274231  -0.000147254  -0.00113647  0.0048113  -0.0416511  0.0327619  
-0.0029374  -0.000514861  -0.000824772  0.00358314  -0.059717  0.0689163  
-0.0038971  -4.27356e-05  -0.000992807  0.00603396  -0.0677821  0.0876601  
-0.00374933  -0.000429821  -0.000532336  0.0158357  -0.107401  0.0953899  
-0.00386924  -0.000372492  -0.00112819  0.00433585  -0.100491  0.059899  
-0.0033409  -0.000533506  -0.000893212  -0.00576787  -0.0360318  -0.0165747  
-0.00242148  0.000658805  -0.000486691  -0.0156241  -0.0911462  -0.0324652  
0.00112762  -0.00215601  0.000753368  -0.00543006  0.0674674  -0.0906336  
0.003079  -0.00164677  0.000282917  0.0020799  0.0297517  -0.0544391  
-0.0027324  -0.000776322  -0.000868608  -0.00193207  -0.0406005  -0.0541408  
0.000451316  0.000123353  -0.000749024  -0.0140868  0.0674781  -0.110609  
-0.00313102  0.00050345  -0.000337069  -0.0296066  -0.0545134  -0.0575527  
0.00020925  -0.000239112  -0.00105008  -0.00414101  0.0310516  -0.106368  
-0.00297604  -0.000239112  -0.00122607  -0.00760414  -0.0661535  -0.0469622  
-0.000596858  -0.000141662  -0.000978354  -0.00542406  -0.0635647  -0.0868427  
0.00263644  0.000886081  -0.000574304  -0.0149358  0.0699661  -0.0478854  
0.00150432  -9.61027e-05  -0.000784406  0.00347099  0.0252446  -0.0217748  
0.000151567  0.000605793  -0.000898374  -0.0109637  0.03498  -0.0772946  
-0.00341734  -0.000570687  -0.000751684  -0.00454661  -0.0994708  -0.0221385  
-0.00406633  -0.000642578  -0.00067736  -0.00793614  -0.0745595  -0.0452918  
-0.00352963  -0.000453263  -0.00042736  -0.0241685  -0.0368998  -0.0719002  
0.00227352  0.000785491  -0.00149931  -0.0140558  0.0244758  -0.0590048  
0.00315034  -5.14097e-05  -0.00166932  -0.0141202  0.0786869  -0.0767066  
0.00356262  -0.000121452  -0.00154484  -0.0126789  0.0638846  -0.0554481  
0.00278025  -0.000160689  -0.00109062  -0.0148123  0.0275129  -0.0526583  
0.00437542  0.00146533  -0.000812965  -0.0129988  0.0826922  -0.0201202  
0.00440386  -0.000142143  -0.0010906  0.00954523  0.0519166  -0.00222648  
0.00502068  0.000446778  -0.0011118  -0.0182826  0.0679846  -0.0876213  
0.00332962  0.000256255  -0.000958575  -0.0068077  0.00106243  -0.00232524  
0.00340027  0.00120312  -0.000925297  -0.0141653  0.0411045  0.0241023  
0.00249101  0.000779672  -0.00132531  -0.00766949  0.0229008  0.047948  
-0.00302157  0.00192508  -0.00080497  -0.0140642  -0.0491833  0.0497277  
-0.0019152  0.000441837  -0.00117233  -0.00956882  -0.0480004  0.00315282  
0.00258255  0.000546815  -0.00107898  0.0023139  0.0521795  0.0328273  
0.0036554  0.000955361  -0.00115185  -0.0143087  0.0487698  -0.00198096  
0.00394838  -0.000454871  -0.00107466  0.0125869  0.0337982  -0.0281943  
0.00344036  -0.000224857  -0.00114111  0.0022949  0.0521295  -0.0544188  
0.00474325  -0.00022144  -0.00111956  0.00021265  0.0685892  -0.0340331  
0.00415293  0.000233302  -0.00117682  -0.00823744  0.048233  -0.0422573  
0.00597779  0.00109031  -0.000875256  -0.0165767  0.0512839  -0.0451796  
-0.00429098  -0.00181112  -0.00110772  0.0286411  -0.121086  -0.106245  
0.000269056  -0.00225989  9.57048e-05  0.00413082  0.0697073  -0.109097  
0.00429048  -0.00130935  -0.000539914  0.0101903  0.0385123  -0.0360231  
0.00188045  -0.00116498  -0.00125833  0.0115242  -0.0511436  -0.0512414  
-0.00275331  -0.0015245  -0.00108948  0.011156  -0.0367542  -0.0566369  
-0.00561032  0.000510042  0.000761471  -0.0195845  -0.078944  -0.0884951  
-0.00506114  -0.00141516  0.000492902  -0.00865279  -0.0380668  -0.0505539  
-0.0053162  -0.00103473  -0.000965086  -0.00279919  -0.0805724  -0.046316  
-0.00261925  -0.00168041  -0.000251193  0.00163671  0.0271188  -0.0915768  
-0.00259082  -0.00122151  -0.000456842  -0.01932  -0.0927245  -0.0740209  
-0.00489283  -0.000288369  -0.000752072  -0.0215532  -0.0598929  -0.0311097  
-0.0038661  -0.000755434  -0.00151787  -0.0010976  -0.0514755  -0.0824942  
0.00045502  -0.000391263  -0.00173286  -0.0053961  0.081909  -0.112571  
-0.00326927  -0.00110829  -0.00151017  0.00912441  -0.0539386  -0.0518018  
-0.00419313  -0.000639321  -0.001245  -0.00316873  -0.0307645  -0.0404574  
0.00182421  -0.000686067  -0.00169422  0.00772671  -0.000389813  -0.0905684  
-0.00128645  -0.00205929  -0.000658267  0.0209981  -0.0987527  -0.0716445  
0.00288904  -0.00106216  -0.00104402  -0.00117891  0.0642139  -0.0806815  
0.0019164  -0.000390549  -0.00132215  -0.00857868  0.0754122  -0.0999019  
-0.00256226  -0.00034774  -0.00140414  -0.0120036  0.0265414  -0.0543714  
0.00135191  -0.000493289  -0.0017486  0.00120095  0.0690256  -0.00978081  
0.00184757  -0.000342533  -0.00186305  -0.00755458  0.0369127  -0.0215717  
-0.00156172  -0.000716507  -0.00193106  0.00387867  0.016039  -0.0130682  
-0.00249735  -0.00159908  -0.00144231  0.0134347  -0.0314105  0.000341264  
0.00132999  -0.000603586  -0.00163482  -0.00151941  0.0361956  -0.0569593  
0.00397791  0.000307296  -0.00167694  -0.0218938  0.0620858  -0.0385641  
0.00245714  0.00137451  -0.00163903  -0.0218066  0.0234703  0.0400222  
0.00231401  0.000843604  -0.00181531  -0.0039328  0.00889323  0.0228449  
-0.000793654  0.000659841  -0.00160012  0.00158353  -0.055796  0.133746  
-0.00066744  0.000746398  -0.00139735  0.0038052  -0.110873  0.125564  
0.00331039  0.000480286  -0.0017928  -0.00681773  0.0517732  0.0121781  
0.00336997  0.000514664  -0.00184887  -0.00838219  0.0611748  -2.38423e-05  
-0.000403104  0.000383846  -0.00176059  0.00126297  -0.0963424  0.109741  
-0.0034599  -0.00152105  -0.00133793  0.0192058  -0.0528966  -0.0235021  
-0.00230769  -0.00177346  -0.000978508  0.0140728  -0.0538312  -0.0639357  
0.00247852  -0.000709827  -0.00138888  0.00789189  0.0587772  -0.054515  
0.00200635  0.000752555  -0.00140005  0.00312416  0.0172723  -0.0116801  
0.00293765  0.000436406  -0.00155809  -0.00651177  0.0932467  -0.0216009  
0.00171372  0.000544741  -0.00158064  -0.00383499  0.0348658  -0.0741364  
-0.00295107  -5.73419e-05  -0.0014071  -0.00221971  -0.031477  -0.0326706  
-0.00316247  -0.00162524  -0.00092838  0.0483972  -0.0631977  0.0390568  
0.0021969  -0.000893315  -0.00168147  0.0175172  0.0422572  -0.000499227  
4.87511e-05  -0.000483239  -0.00196592  0.0209538  -0.0321647  0.086418  
-0.000756972  -0.000238879  -0.00174903  0.0211454  -0.0837586  0.126624  
-0.00352692  0.000245348  -0.00194495  0.011611  -0.0887784  0.0742512  
-0.00374248  0.000459286  -0.00177005  0.00591663  -0.0579495  0.0483816  
0.00262064  0.000519417  -0.00149208  0.00010402  0.0504247  0.0531731  
0.00436069  0.00203307  -0.000960846  -0.0192139  0.0422202  0.0416377  
0.00486054  0.00145101  -0.00156545  -0.00879155  0.0849475  0.0103879  
0.00619418  0.000948803  -0.00198577  0.00462697  0.0813919  -0.0201901  
0.00474036  0.000437908  -0.00192536  0.00303361  0.0360666  0.0367868  
0.00459821  0.000505962  -0.00179908  -0.00910834  0.0579358  -0.00549033  
0.00366549  0.000441431  -0.00159987  -0.00516471  0.0226413  0.0104311  
0.00269186  0.000141375  -0.00182521  -0.000764207  -0.00670719  -0.00424407  
0.00170098  0.000365902  -0.00192876  -0.00886004  0.0185651  -0.0226957  
0.00713667  0.00171236  -0.00175201  -0.0162099  0.14633  -0.0736168  
0.00252292  -0.000592529  -0.00157769  0.0115288  0.0720911  -0.00445222  
0.000212689  0.000860417  -0.00176773  -0.0136019  -0.00237275  0.0943574  
0.0027657  0.00141177  -0.00170064  -0.0191924  0.0566022  0.0268524  
0.00192121  0.000396846  -0.00176187  -0.00342369  0.0408013  -0.00167895  
0.00256601  -9.08372e-05  -0.00213051  -0.000963595  0.0187829  -0.00796504  
0.00292841  -0.00112099  -0.00154955  0.00953046  0.0473773  -0.0160159  
0.00214426  -0.000718583  -0.00152776  0.013044  0.0502992  -0.00315833  
0.000351392  -0.000425775  -0.00130878  0.0112167  0.0585174  0.0765825  
3.37234e-05  -6.41653e-05  -0.0015572  0.0015868  -0.0522339  0.081879  
0.00258961  -0.000963145  -0.00111602  0.0168392  0.0182574  -0.0274645  
0.00284123  -0.000203842  -0.00136392  0.0213207  0.016192  0.0278819  
-0.00186774  -0.000428665  -0.0015051  0.0190825  -0.0951474  0.0747141  
-0.00272515  -0.000750741  -0.00138018  0.0187846  -0.0436497  0.00679277  
-0.00241541  -0.000791091  -0.00144566  0.0140695  -0.012837  -0.0160385  
0.00156441  0.000799877  -0.00124507  0.000757425  0.0891584  0.0247687  
0.00220126  -7.64694e-05  -0.00127353  0.00691574  0.0383473  -0.00114237  
0.00132892  -0.00144716  -0.000499142  0.0141377  0.0445025  -0.0662325  
-0.00296861  -0.000604746  -0.000185801  0.04535  -0.0336588  0.0020786  
-0.00294022  -0.00138337  0.000284943  0.050708  -0.0839311  0.0006334  
-0.00305146  -0.00196899  -9.44717e-05  0.0521095  -0.0742374  -0.0107544  
0.00256246  -0.000526416  -7.17463e-05  0.0564917  0.0291451  0.0502032  
-0.00187569  -0.000402025  -0.000408602  0.0522626  -0.0594889  0.0464403  
-0.00219102  -0.00144805  -0.000277428  0.0492249  -0.0908229  0.0938957  
-0.00315314  -0.0014878  -0.000743501  0.042847  -0.0665559  0.0387306  
-0.00380857  -0.00029106  -0.000594278  0.0430248  -0.0571913  0.0981617  
0.00258017  -0.000401303  -0.000927717  0.0329788  0.0355286  0.0814364  
0.00456806  -9.3825e-05  -2.51055e-05  0.035102  0.0679742  -0.0156928  
0.00258559  -0.000189938  -0.000110615  0.0454886  0.0450388  -0.00689338  
0.0047154  0.000382845  -0.000110615  0.0295428  0.104416  0.0223898  
0.00495471  0.000423086  -0.000110615  0.0420168  0.0583411  0.0584301  
0.0044227  0.00162444  -0.000977005  -0.00688278  0.0357404  0.0331585  
-0.000883215  0.00302929  -0.000855656  -0.00575159  -0.0763051  0.0269492  
0.003556  0.00174925  -0.00113137  -0.00684984  0.0161074  0.0605268  
0.00359299  0.000159696  -0.000934182  0.038436  0.0173892  0.0974444  
0.00470932  0.00112077  -0.00112393  0.024349  0.0341146  0.0539422  
0.00413644  0.00211396  -0.00126875  0.0146177  0.0719445  0.0907056  
0.00602094  0.00126495  -0.00153853  0.00753992  0.0674559  0.0507048  
0.00551012  0.000410481  -0.00140672  0.0216142  0.0544324  0.019207  
0.00465569  0.000283821  -0.00113902  0.0320291  0.0814068  0.0660127  
0.00598336  -0.000349053  -0.000428882  0.0629942  0.0780884  0.0724981  
0.00598013  -2.56633e-06  -0.00041997  0.0517608  0.0481486  0.0526765  
0.00523082  0.000186378  -0.00036506  0.0445268  0.0510778  0.0492418  
0.00549935  -0.000296415  -0.000264018  0.0621561  0.0708422  0.0879239  
0.00364761  -0.00033337  0.000276353  0.0498867  0.0308024  0.0853256  
0.00395964  -0.000330008  -0.000287064  0.0603437  0.0525593  0.0915524  
0.00405049  -9.52274e-06  -0.000321682  0.0552206  0.0748335  0.084788  
0.00317139  -9.89837e-05  -0.000537434  0.0707419  0.0287758  0.105571  
0.00432993  -0.000269608  -0.000649781  0.0686785  0.0462505  0.0988469  
0.00412459  0.00142165  -0.000872888  0.0315327  0.0382461  0.132422  
0.000875331  9.15424e-05  -9.72106e-05  0.0599106  0.0599829  0.130401  
0.000821487  -0.000512641  1.73545e-06  0.0551858  0.0311312  0.104124  
0.00194616  -0.000451095  0.000127125  0.0534481  0.0214327  0.0746809  
0.000920755  -0.00023833  0.000334716  0.0515944  0.0520317  0.12263  
0.000353375  -1.42202e-05  0.000104944  0.0520595  0.0540889  0.132459  
0.000391671  -7.11329e-05  1.08876e-05  0.0506311  0.0635353  0.133104  
0.000143501  -0.000167244  0.000174873  0.0511749  0.0660752  0.128389  
-0.000158741  -0.000373779  -1.53506e-05  0.0566363  0.0649068  0.132788  
-0.000547931  -0.000176897  -2.12846e-05  0.0570783  0.0806889  0.161332  
-0.000893634  4.83863e-05  -2.5824e-05  0.0536045  -0.0805552  0.175127  
-0.00121955  0.000193742  1.7289e-05  0.0509023  -0.06825  0.164478  
-0.00153981  0.000245681  6.65105e-05  0.0481256  -0.0595884  0.148998  
-0.00169365  0.000179501  0.000145708  0.0478785  -0.0404138  0.159177  
-0.00153538  0.00042141  5.80854e-05  0.0485879  -0.0210478  0.1682  
