-0.0145403  -0.00689378  0.000840199  0.101459  -0.341315  0.66957  
-0.0141791  -0.00686882  0.000794969  0.0925006  -0.31769  0.555181  
-0.0150825  -0.00713374  0.00114828  0.102118  -0.312815  0.678728  
-0.0141855  -0.00716536  0.00106511  0.0909066  -0.307001  0.599482  
-0.0140068  -0.00881707  0.00168299  0.128411  -0.298806  0.626245  
-0.0142249  -0.00991138  0.00211212  0.152443  -0.291641  0.648441  
-0.0135813  -0.00945626  0.00164668  0.145722  -0.283147  0.533483  
-0.0145998  -0.0101058  0.00164668  0.14309  -0.274861  0.660859  
-0.0132655  -0.0101625  0.00170186  0.155009  -0.272655  0.57599  
-0.0141082  -0.0105021  0.00187405  0.140801  -0.270523  0.549368  
-0.0137913  -0.0120186  0.00165959  0.168475  -0.266854  0.541957  
-0.0146293  -0.0131344  0.00166966  0.148883  -0.280705  0.543669  
-0.0139761  -0.0133919  0.00146407  0.139369  -0.280183  0.467315  
-0.0145075  -0.0127352  0.00152199  0.141228  -0.288076  0.541397  
-0.0139659  -0.0130499  0.00128865  0.131996  -0.278738  0.509596  
-0.0143211  -0.012908  0.00152592  0.140673  -0.267265  0.651079  
-0.0143115  -0.0132137  0.00152732  0.139683  -0.296035  0.544919  
-0.0141476  -0.0126863  0.00167845  0.148662  -0.274377  0.678757  
-0.0140049  -0.0124791  0.00154914  0.148033  -0.293744  0.599698  
-0.0137321  -0.0117101  0.00132641  0.14981  -0.281614  0.600446  
-0.0141564  -0.0126786  0.00160479  0.167264  -0.280949  0.600776  
-0.0137755  -0.0127  0.00136694  0.138958  -0.258911  0.542713  
-0.0141634  -0.0127266  0.00136871  0.140045  -0.252548  0.569025  
-0.0141024  -0.0128966  0.0010115  0.13411  -0.270536  0.511184  
-0.0139886  -0.0125252  0.00102997  0.145326  -0.254932  0.573722  
-0.0144955  -0.012783  0.0010981  0.143027  -0.285598  0.493484  
-0.014292  -0.0117572  0.000485131  0.10435  -0.269509  0.448391  
-0.0146208  -0.0125457  0.00048642  0.104661  -0.276546  0.444848  
-0.0141765  -0.0124471  0.000452981  0.110305  -0.262687  0.44578  
-0.013915  -0.0119647  0.00057615  0.0972907  -0.243924  0.547173  
-0.0141897  -0.0120559  -3.59502e-05  0.0955533  -0.280675  0.470451  
-0.0137868  -0.0111631  -0.000391908  0.0581235  -0.276156  0.440885  
-0.0141051  -0.0121263  6.27583e-05  0.0566551  -0.269319  0.430081  
-0.0140449  -0.0126235  0.000282467  0.0887815  -0.276401  0.482963  
-0.0146351  -0.0131959  0.000685584  0.112807  -0.282638  0.601483  
-0.0138544  -0.0126426  0.000239943  0.0858075  -0.261885  0.446355  
-0.0142745  -0.0135082  0.000403912  0.0826321  -0.260133  0.526317  
-0.0137734  -0.0143119  0.000461897  0.0739084  -0.275554  0.346463  
-0.0136368  -0.0135694  0.000685584  0.0700234  -0.251209  0.470374  
-0.0138277  -0.0139878  0.000515763  0.0823566  -0.262946  0.488112  
-0.013252  -0.0143096  0.000303968  0.0923666  -0.254389  0.37966  
-0.0143061  -0.0146483  0.0010259  0.102708  -0.264344  0.515868  
-0.0135229  -0.0145922  0.00123265  0.115697  -0.268158  0.429771  
-0.0142701  -0.0146172  0.00125533  0.135767  -0.272167  0.569106  
-0.0143354  -0.0136555  0.00124948  0.0953527  -0.281811  0.449199  
-0.0139844  -0.0144214  0.000825576  0.0875874  -0.278749  0.39087  
-0.0140368  -0.0147558  0.000953745  0.114014  -0.275568  0.539024  
-0.0142183  -0.0155189  0.00126792  0.117789  -0.293061  0.419267  
-0.0140052  -0.0156465  0.00174032  0.122559  -0.2703  0.484949  
-0.0143667  -0.0154021  0.00153816  0.140661  -0.272638  0.500686  
-0.0135503  -0.0159847  0.00145692  0.134714  -0.264397  0.338163  
-0.0140778  -0.0161435  0.00206329  0.120853  -0.241644  0.479751  
-0.0140464  -0.0159649  0.00168286  0.119994  -0.267272  0.386576  
-0.0140622  -0.0151911  0.00122777  0.132871  -0.262802  0.460315  
-0.0142644  -0.015122  0.00119438  0.142677  -0.272172  0.537339  
-0.0137652  -0.0151088  0.00158284  0.132048  -0.277633  0.396921  
-0.0138169  -0.0151298  0.00145195  0.140462  -0.257412  0.518127  
-0.0139546  -0.0153862  0.0012689  0.142691  -0.273209  0.504547  
-0.0133414  -0.0152544  0.00153098  0.136888  -0.268554  0.474165  
-0.013669  -0.0153672  0.00146219  0.153958  -0.256211  0.594406  
-0.0133221  -0.015329  0.0012689  0.13141  -0.270396  0.399308  
-0.0139736  -0.0156114  0.00170602  0.137266  -0.253596  0.61152  
-0.013475  -0.0156153  0.00178397  0.120791  -0.270447  0.397416  
-0.0131697  -0.0148237  0.001682  0.0942987  -0.239412  0.476111  
-0.0132068  -0.0154536  0.00176852  0.117662  -0.260852  0.510296  
-0.0130537  -0.0146121  0.00135955  0.111806  -0.262254  0.423635  
-0.0135557  -0.0151141  0.00149821  0.127435  -0.266623  0.559328  
-0.0133637  -0.0145568  0.00141315  0.113529  -0.285871  0.526291  
-0.0134757  -0.0145393  0.0012689  0.0971695  -0.27445  0.532817  
-0.0131357  -0.0137458  0.000715588  0.0503345  -0.269217  0.367927  
-0.0136737  -0.0149244  0.00126873  0.0920901  -0.247134  0.548122  
-0.0130237  -0.0141237  0.00117604  0.0924633  -0.262919  0.499262  
-0.0129728  -0.0146677  0.00169783  0.113548  -0.256724  0.448347  
-0.0132557  -0.0145212  0.00126873  0.121778  -0.24805  0.409705  
-0.0137182  -0.0144774  0.00132628  0.123086  -0.252453  0.543806  
-0.0130738  -0.0135068  0.00113212  0.10083  -0.267225  0.366349  
-0.0138362  -0.0149034  0.00153533  0.135378  -0.246398  0.595154  
-0.0130446  -0.0131308  0.000634774  0.077814  -0.275052  0.326884  
-0.0136817  -0.0138863  0.0012898  0.0960433  -0.246518  0.571047  
-0.0125636  -0.0130928  0.000336076  0.0681471  -0.277286  0.313625  
-0.0134094  -0.0130965  0.00066358  0.0786968  -0.246589  0.558021  
-0.0129169  -0.0125791  2.61088e-05  0.0659933  -0.283674  0.295993  
-0.0133468  -0.0129944  0.000184678  0.0758451  -0.226317  0.580958  
-0.0133257  -0.0125446  1.57792e-05  0.0694337  -0.275314  0.498021  
-0.0130821  -0.0121887  -0.000481096  0.056534  -0.255622  0.467211  
-0.0133535  -0.012223  -0.000512926  0.0599429  -0.235244  0.543139  
-0.0133584  -0.0122656  -0.000243949  0.0408284  -0.272754  0.326227  
-0.0130983  -0.0125558  -0.000425079  0.0329594  -0.231745  0.430695  
-0.0139235  -0.0127008  -0.000266578  0.0426553  -0.251199  0.558647  
-0.0125709  -0.0126701  -0.000408824  0.0221844  -0.242122  0.411476  
-0.0136959  -0.012954  3.0739e-05  0.0478666  -0.243031  0.52622  
-0.0134673  -0.0124594  -0.000220718  0.0454467  -0.269364  0.478729  
-0.0131319  -0.0128414  -1.84329e-05  0.044871  -0.252668  0.426758  
-0.0128043  -0.0122276  0.000161665  0.0385994  -0.224944  0.543494  
-0.0128482  -0.0119614  7.90415e-05  0.0379937  -0.255179  0.528315  
-0.0123376  -0.011495  5.34009e-05  0.0368232  -0.247318  0.482113  
-0.013018  -0.0117175  0.000382157  0.0485806  -0.249612  0.564015  
-0.0125555  -0.0114176  -8.95767e-05  0.0282242  -0.268427  0.391936  
-0.0128411  -0.0118046  -4.6432e-05  0.0402039  -0.250916  0.454843  
-0.0123923  -0.0114518  -0.000394274  0.0360976  -0.24103  0.402898  
-0.0128295  -0.0115441  -0.000228046  0.0385112  -0.234486  0.526472  
-0.0122209  -0.0114285  -0.000335365  0.0159774  -0.24412  0.414934  
-0.0124723  -0.0109661  -0.000271925  0.0164012  -0.225595  0.481811  
-0.0123943  -0.0117886  0.000205263  0.025724  -0.261033  0.493032  
-0.0118997  -0.0113634  -9.89664e-05  0.00399098  -0.239067  0.427318  
-0.0124718  -0.0108343  -0.000223804  0.00559748  -0.23055  0.531706  
-0.0117267  -0.0106449  -0.00035993  -1.91564e-05  -0.253744  0.451667  
-0.0118931  -0.0100796  -0.00035993  -0.00262585  -0.223527  0.553395  
-0.011436  -0.00958826  -0.000586734  -0.0145471  -0.272946  0.439729  
-0.0118071  -0.0093501  -0.00084222  -0.0241595  -0.225557  0.487865  
-0.011694  -0.00917285  -0.000898145  -0.0255678  -0.254016  0.52995  
-0.0111291  -0.0098483  -0.000972704  -0.0358972  -0.249456  0.420191  
-0.0115912  -0.00932682  -0.001324  -0.029183  -0.227554  0.456646  
-0.0116238  -0.00933584  -0.0008629  -0.0084065  -0.235674  0.457974  
-0.0114281  -0.00957453  -0.00108539  -0.0156345  -0.231573  0.505713  
-0.0117981  -0.00952458  -0.000921585  -0.00907805  -0.229272  0.557762  
-0.0114157  -0.0090531  -0.00100256  -0.00370122  -0.248147  0.451715  
-0.0116665  -0.00942843  -0.00112875  -0.00730734  -0.231295  0.428021  
-0.0117757  -0.00922489  -0.00121066  -0.00759054  -0.227562  0.475813  
-0.0111259  -0.00951958  -0.00101448  -0.0129386  -0.227701  0.41482  
-0.0132246  -0.00871656  -0.001045  0.000110714  -0.241606  0.590916  
-0.011867  -0.00797925  -0.00198405  -0.0456736  -0.22877  0.368108  
-0.0117207  -0.00822672  -0.00180924  -0.0408894  -0.215778  0.475056  
-0.0111789  -0.00798945  -0.00179226  -0.0409106  -0.240396  0.410529  
-0.01098  -0.00791731  -0.00174501  -0.04451  -0.221279  0.434426  
-0.0108896  -0.00822977  -0.00140843  -0.0463806  -0.225385  0.508539  
-0.00839914  -0.0123829  -0.00111552  0.019613  -0.117275  1.51021  
-0.00574407  -0.00825842  -0.000315788  -0.0779556  -0.243079  0.849078  
-0.00633574  -0.00785713  -0.000851001  -0.0726243  -0.203852  0.797652  
-0.00655047  -0.00719716  -0.000742244  -0.0378424  -0.18366  0.69355  
-0.00712703  -0.00686574  -0.000767352  -0.00242568  -0.162475  0.866519  
-0.0069033  -0.00654673  -0.000832742  -0.00382721  -0.172598  0.804813  
-0.00908332  -0.0057009  -0.00121309  -0.0249356  -0.174175  0.782629  
-0.00813543  -0.00598222  -0.0012952  -0.00739132  -0.169755  0.861305  
-0.00851297  -0.00636638  -0.000735191  0.0243724  -0.196784  0.693726  
-0.00795417  -0.00579668  -0.000988527  0.0031241  -0.17983  0.651867  
-0.00814684  -0.00575009  -0.00129983  0.00957567  -0.172016  0.861553  
-0.00747636  -0.00584206  -0.00155986  -0.00369003  -0.193632  0.662515  
-0.00872331  -0.00618309  -0.00173814  0.00337232  -0.184188  0.878536  
-0.00826428  -0.0065527  -0.00141834  -0.00675202  -0.186576  0.706099  
-0.00809301  -0.00637302  -0.00173333  -0.0294194  -0.172352  0.679076  
-0.00833989  -0.00598529  -0.00164794  -0.0229492  -0.185098  0.769177  
-0.00810708  -0.00603503  -0.0022347  -0.0337051  -0.176458  0.580638  
-0.00850614  -0.00618571  -0.00192306  -0.0486509  -0.158568  0.828965  
-0.00656357  -0.00567868  -0.00162171  -0.0455278  -0.173714  0.62232  
-0.00676759  -0.00659108  -0.00148884  -0.0454243  -0.163141  0.627589  
-0.00734368  -0.00594324  -0.00163878  -0.0546746  -0.148414  0.695562  
-0.00774136  -0.00616622  -0.00126636  -0.0409754  -0.167663  0.71085  
-0.00685513  -0.00648802  -0.00144092  -0.0496582  -0.169929  0.582148  
-0.00739829  -0.00636058  -0.00138173  -0.039618  -0.150643  0.803618  
-0.00650571  -0.00591582  -0.00143117  -0.0431954  -0.177213  0.582777  
-0.00706071  -0.0063157  -0.00160765  -0.0629354  -0.150492  0.624753  
-0.00751168  -0.00645956  -0.0015889  -0.0606173  -0.173082  0.705873  
-0.0066451  -0.00630079  -0.00147641  -0.0618672  -0.165676  0.549541  
-0.00702132  -0.00639762  -0.0015876  -0.0548098  -0.153307  0.586845  
-0.00727287  -0.00610407  -0.00123838  -0.0558064  -0.15048  0.703117  
-0.00663969  -0.00617768  -0.00133024  -0.0700734  -0.163185  0.531072  
-0.00699174  -0.00639697  -0.00118405  -0.0666182  -0.140712  0.681553  
-0.00672309  -0.00677926  -0.00105451  -0.0684377  -0.172637  0.650346  
-0.00798081  -0.00610215  -0.00113751  -0.0655317  -0.155424  0.835039  
-0.00791954  -0.00623389  -0.00105559  -0.0800366  -0.141329  0.846936  
-0.0073407  -0.00673088  -0.000949976  -0.0697793  -0.166715  0.808407  
-0.00749146  -0.0062565  -0.00100328  -0.0717103  -0.162598  0.731586  
-0.0074772  -0.00605093  -0.00115313  -0.0758458  -0.156168  0.6209  
-0.0084566  -0.00617612  -0.00107659  -0.0829775  -0.159787  0.750953  
-0.00742405  -0.00590585  -0.000987085  -0.0750329  -0.162983  0.646434  
-0.00684713  -0.00639912  -0.00110423  -0.0964411  -0.144839  0.639684  
-0.00727826  -0.00631996  -0.000909919  -0.0887029  -0.148542  0.730345  
-0.00650458  -0.00587463  -0.00108555  -0.0771466  -0.168729  0.610913  
-0.00641152  -0.00628946  -0.00124401  -0.0855364  -0.156261  0.614814  
-0.00673554  -0.00661047  -0.00137434  -0.0883066  -0.135118  0.637317  
-0.00742208  -0.00683758  -0.00119762  -0.0916465  -0.142065  0.709922  
-0.00662703  -0.00654907  -0.00128076  -0.0849855  -0.150857  0.601363  
-0.00779911  -0.00684132  -0.000961392  -0.0588156  -0.155086  0.645619  
-0.00721399  -0.00675036  -0.000752241  -0.0724504  -0.141135  0.7202  
-0.00691894  -0.0063766  -0.000560701  -0.0770091  -0.168723  0.653317  
-0.00673115  -0.00679857  -0.000731699  -0.0966493  -0.166433  0.601451  
-0.00692397  -0.00693358  -0.000860967  -0.111113  -0.138238  0.61185  
-0.00708482  -0.00716812  -0.000639565  -0.112411  -0.149586  0.664039  
-0.00684851  -0.00687186  -0.000398254  -0.107347  -0.144024  0.617914  
-0.00709259  -0.00694926  -0.000482864  -0.0974742  -0.150885  0.727671  
-0.00656488  -0.00642757  -0.000744075  -0.0960085  -0.162282  0.503693  
-0.00699484  -0.00695622  -0.000667697  -0.0945389  -0.133996  0.678071  
-0.00706842  -0.00691928  -0.000726302  -0.0960626  -0.151693  0.652272  
-0.0065092  -0.00705751  -0.000688758  -0.0970366  -0.151343  0.531757  
-0.00695504  -0.00683773  -0.000599137  -0.0756392  -0.138254  0.765578  
-0.00591554  -0.00623734  -0.000219667  -0.0975663  -0.163622  0.578178  
-0.00681148  -0.0067511  -0.000412389  -0.0713202  -0.141658  0.704007  
-0.00634674  -0.00645039  -0.000377901  -0.0547478  -0.161907  0.628837  
-0.0067141  -0.00633509  -0.000601221  -0.0695963  -0.139018  0.625454  
-0.00718964  -0.00648111  -0.000610737  -0.0496398  -0.153265  0.766059  
-0.00813937  -0.00625443  -0.000595733  -0.0417374  -0.165861  0.679282  
-0.00732811  -0.00666508  -0.000219667  -0.042766  -0.132225  0.734049  
-0.00628291  -0.00599069  -0.00077506  -0.0525603  -0.160516  0.544771  
-0.00670618  -0.00609602  -0.000964593  -0.0681735  -0.128746  0.595334  
-0.00723361  -0.00652852  -0.000577049  -0.0621593  -0.135438  0.678696  
-0.00659088  -0.00587882  -0.000737615  -0.0633597  -0.15456  0.512281  
-0.00692318  -0.00588424  -0.000716118  -0.0558684  -0.128087  0.628358  
-0.00670884  -0.00604422  -0.000736977  -0.0581276  -0.145373  0.595529  
-0.00653098  -0.00583999  -0.000721663  -0.0625525  -0.145228  0.560789  
-0.006836  -0.00606661  -0.000744218  -0.0704555  -0.132643  0.640277  
-0.00644055  -0.00649875  -0.000716731  -0.0951232  -0.157067  0.538972  
-0.00700534  -0.00663383  -0.000681547  -0.108898  -0.126606  0.573242  
-0.00720859  -0.00652934  -0.000911199  -0.100387  -0.124976  0.626402  
-0.00669189  -0.00626708  -0.000479862  -0.0890066  -0.140518  0.604415  
-0.00653044  -0.00617864  -0.000730055  -0.0823881  -0.150023  0.508918  
-0.007257  -0.00637182  -0.000672439  -0.0858757  -0.138424  0.615692  
-0.006466  -0.00614473  -0.00107628  -0.0900977  -0.159798  0.503104  
-0.00703628  -0.00699535  -7.18861e-05  -0.0418129  -0.156231  0.487701  
-0.00719764  -0.00725093  0.000830126  -0.0132869  -0.155503  0.626575  
-0.00666545  -0.00634952  0.000499927  -0.015971  -0.16593  0.404774  
-0.00692279  -0.00627124  6.54212e-05  -0.0254173  -0.140514  0.636552  
-0.00645812  -0.00631585  0.000402301  -0.0338554  -0.172549  0.511702  
-0.00721086  -0.00463699  -0.00113857  -0.0445698  -0.169871  0.172203  
-0.00922013  -0.000909642  -0.00305892  -0.0215751  -0.160784  0.0727019  
-0.00874803  -0.00143348  -0.00335432  -0.0332059  -0.148258  0.12976  
-0.00852888  -0.00137827  -0.0032848  -0.0430759  -0.161947  0.382874  
-0.00894986  -0.00214211  -0.00339964  -0.0805094  -0.154162  0.25306  
-0.00775685  -0.00214496  -0.00299361  -0.0842561  -0.165679  0.342828  
-0.00748108  -0.00155546  -0.0033775  -0.101138  -0.177836  0.324306  
-0.00754548  -0.00262025  -0.00405832  -0.126192  -0.155477  0.288848  
-0.00709892  -0.0023186  -0.00378855  -0.132834  -0.152652  0.382774  
-0.00792179  -0.00279309  -0.00371364  -0.138975  -0.16132  0.258612  
-0.00782925  -0.00315471  -0.00355558  -0.150724  -0.139202  0.316291  
-0.00715646  -0.00241187  -0.0034876  -0.139299  -0.148502  0.422084  
-0.0073299  -0.00253369  -0.00384611  -0.132223  -0.163556  0.25225  
-0.00805564  -0.00391195  -0.00327216  -0.0745533  -0.0875697  0.850722  
0.000473176  -0.00261476  -0.00241858  -0.0394829  0.000126115  1.36504  
-0.000424252  -0.00145432  -0.000968292  -0.127151  -0.171108  0.663681  
-0.000956204  -0.00160778  -0.00229763  -0.13741  -0.117318  0.764051  
-0.00162737  -0.00212962  -0.00193818  -0.121915  -0.142042  0.641392  
-0.00175004  -0.00192778  -0.00217772  -0.133474  -0.0779121  0.737673  
-0.00232929  -0.0021397  -0.00208009  -0.138471  -0.0966952  0.594672  
-0.00396736  -0.00254967  -0.00218184  -0.12618  -0.0607255  0.791903  
-0.00262037  -0.00182171  -0.00205665  -0.134927  -0.106262  0.506549  
-0.00248841  -0.00133662  -0.00278184  -0.132631  -0.0629728  0.601151  
-0.0027323  -0.00107032  -0.00312919  -0.125927  -0.102384  0.547215  
-0.00279585  -0.00144096  -0.00311769  -0.1371  -0.079303  0.589127  
-0.00247961  -0.000641713  -0.00332924  -0.123982  -0.0882385  0.705905  
-0.00319058  -0.000822452  -0.00438023  -0.108553  -0.128245  0.42966  
-0.00278552  -0.000348016  -0.00341597  -0.110477  -0.0759637  0.69519  
-0.00298051  -0.000602801  -0.00335377  -0.105795  -0.130901  0.526012  
-0.00253064  -0.000154328  -0.00336312  -0.102147  -0.0774284  0.646955  
-0.0029189  -0.000224214  -0.00368472  -0.0946804  -0.110941  0.51903  
-0.00295808  -0.000660805  -0.00394613  -0.101226  -0.0659921  0.526656  
-0.00293531  -0.000489139  -0.00357024  -0.100353  -0.0766987  0.608074  
-0.00326707  -0.000441289  -0.00373739  -0.108443  -0.0755576  0.474602  
-0.00318312  -0.000309293  -0.00364445  -0.112025  -0.0642651  0.560606  
-0.00354017  -9.38869e-05  -0.00401785  -0.107611  -0.105833  0.476187  
-0.00356557  -0.00016702  -0.0034431  -0.109941  -0.0781086  0.475217  
-0.0032935  -1.7721e-05  -0.00310252  -0.115112  -0.0821911  0.622211  
-0.00317842  -0.000433057  -0.00283964  -0.111812  -0.114562  0.485741  
-0.00307823  -0.000337684  -0.00295491  -0.111716  -0.0893123  0.565178  
-0.0032632  -0.000483248  -0.00284974  -0.115056  -0.106078  0.498408  
-0.00345463  -0.000518752  -0.00262862  -0.130262  -0.0787835  0.493548  
-0.0032855  -0.000591806  -0.00229757  -0.129724  -0.104545  0.479613  
-0.00360773  -0.000435984  -0.00232366  -0.128932  -0.0814671  0.372768  
-0.00351231  -0.000561475  -0.00247944  -0.11929  -0.102483  0.423248  
-0.00341474  -0.00078701  -0.00270267  -0.104786  -0.0652043  0.464364  
-0.00333424  -0.00158231  -0.00272548  -0.0915356  -0.0956241  0.490774  
-0.00363332  -0.00161935  -0.0026486  -0.097918  -0.0869152  0.403004  
-0.00356306  -0.00139411  -0.00248793  -0.0910284  -0.0838231  0.49692  
-0.00379416  -0.0014199  -0.00274933  -0.0876059  -0.0899543  0.385639  
-0.00360131  -0.00115271  -0.00256836  -0.0713719  -0.0660517  0.530865  
-0.00373674  -0.00184727  -0.00246182  -0.049853  -0.10313  0.428989  
-0.00461767  -0.00183624  -0.00262388  -0.0562083  -0.0812708  0.410815  
-0.0044062  -0.00117159  -0.0027089  -0.0599141  -0.089383  0.400873  
-0.0044875  -0.000784498  -0.00316493  -0.0706643  -0.0897426  0.350501  
-0.00505659  -0.00120411  -0.00317177  -0.0777736  -0.100458  0.294291  
-0.00459331  -0.00120411  -0.0033693  -0.0894277  -0.0759215  0.363058  
-0.00435382  -0.00115873  -0.00337916  -0.094652  -0.0793792  0.404629  
-0.00424029  -0.000996269  -0.00340961  -0.108422  -0.0945792  0.4296  
-0.00451533  -0.00231019  -0.0030943  -0.106231  -0.0957448  0.377736  
-0.00421127  -0.00172144  -0.0028404  -0.0903788  -0.0706068  0.491432  
-0.00414324  -0.0014232  -0.00266798  -0.0866661  -0.116758  0.407464  
-0.00374148  -0.00140167  -0.00292623  -0.0755355  -0.085592  0.450294  
-0.00379274  -0.00140167  -0.00291985  -0.0753172  -0.10061  0.456193  
-0.00381351  -0.00134204  -0.00308429  -0.0891112  -0.0964008  0.419595  
-0.00389955  -0.0016292  -0.00321798  -0.0833644  -0.0790886  0.385281  
-0.0039977  -0.000925744  -0.00305575  -0.0669845  -0.0802424  0.510081  
-0.00387227  -0.0009809  -0.00336459  -0.0605791  -0.0876108  0.442392  
-0.00379312  -0.00120074  -0.00324775  -0.0774232  -0.0774682  0.469437  
-0.00372157  -0.00112031  -0.00332748  -0.0743891  -0.0849671  0.476072  
-0.00387168  -0.000949103  -0.00355169  -0.0635668  -0.100512  0.400246  
-0.00377983  -0.000517088  -0.00300904  -0.0628042  -0.0810877  0.44678  
-0.00367585  -0.000464546  -0.00287394  -0.0699981  -0.0998456  0.466312  
-0.00374238  -0.000426335  -0.00315912  -0.0434946  -0.0854456  0.46751  
-0.00368356  -0.000456849  -0.00292588  -0.0344138  -0.0845042  0.437971  
-0.0036314  -0.00021421  -0.00276716  -0.0367909  -0.0967188  0.474092  
-0.00379668  -0.000511794  -0.00282313  -0.0507949  -0.0969391  0.409336  
-0.00371863  -0.000246185  -0.00303756  -0.0537825  -0.0797923  0.463733  
-0.00362936  0.000225073  -0.0030875  -0.0463639  -0.090544  0.49789  
-0.00374751  0.000267513  -0.00324479  -0.0272928  -0.0962847  0.411733  
-0.0035946  0.000489675  -0.00298998  -0.0328052  -0.086553  0.549739  
-0.00392177  0.000141093  -0.00333434  -0.0588506  -0.111067  0.363185  
-0.00363365  9.24757e-05  -0.00304754  -0.0667815  -0.0776747  0.480171  
-0.00406732  -0.00016476  -0.00266482  -0.0785256  -0.105425  0.376941  
-0.00382744  8.7514e-05  -0.00299386  -0.064973  -0.0741437  0.425979  
-0.00382214  0.000243552  -0.00280738  -0.0629831  -0.10014  0.370716  
-0.00427978  0.000154747  -0.00271434  -0.0710569  -0.0729748  0.347213  
-0.0038683  0.000137039  -0.0025678  -0.0789721  -0.0858029  0.436194  
-0.00392622  3.27037e-05  -0.00260582  -0.0647604  -0.0963031  0.367183  
-0.00396055  0.00023817  -0.00268004  -0.0609479  -0.073596  0.396724  
-0.00391647  0.000246211  -0.00269042  -0.069992  -0.0847166  0.37215  
-0.00448324  0.000312364  -0.00292152  -0.0688831  -0.0832075  0.296178  
-0.00405709  0.0001599  -0.00290681  -0.0734682  -0.0795752  0.402797  
-0.00441733  0.000115656  -0.00294557  -0.0684895  -0.100851  0.309215  
-0.00433358  3.66871e-05  -0.00316508  -0.063405  -0.0706852  0.341256  
-0.00405984  -3.19093e-05  -0.00328026  -0.0702444  -0.0844689  0.368232  
-0.00483035  -0.000118694  -0.00329737  -0.0671662  -0.0781996  0.267804  
-0.00423732  0.000101165  -0.00308218  -0.0788764  -0.0529396  0.392421  
-0.00425637  -0.00031273  -0.00323847  -0.0898689  -0.0755066  0.351095  
-0.00461139  -0.000633877  -0.00332413  -0.0947744  -0.0517822  0.312482  
-0.00414022  -0.000206373  -0.00312018  -0.0895513  -0.0549147  0.424703  
-0.00389703  -0.000202409  -0.00318437  -0.0811182  -0.0618873  0.451872  
-0.00373863  -0.000200954  -0.00296106  -0.0728614  -0.0779127  0.432838  
-0.00371033  -9.19149e-05  -0.00281277  -0.0672415  -0.0791096  0.414185  
-0.00373416  -0.000140945  -0.00280244  -0.0730053  -0.0760188  0.397789  
-0.00415392  -0.000264006  -0.0026574  -0.0780343  -0.0676966  0.318615  
-0.00426814  -0.000454014  -0.00258984  -0.0758979  -0.0683479  0.324522  
-0.0041534  -0.000366007  -0.00235448  -0.0863473  -0.0712781  0.398717  
-0.00416045  -0.000522699  -0.00225305  -0.0759226  -0.100342  0.280878  
-0.00387492  -0.000523221  -0.00220917  -0.0742467  -0.0585908  0.372617  
-0.0041042  -0.000435005  -0.00207611  -0.0802737  -0.0739463  0.341864  
-0.00509094  -0.000729645  -0.00224438  -0.0819398  -0.0713488  0.218475  
-0.00388281  -0.000434883  -0.00217682  -0.099443  -0.0581245  0.409566  
-0.00446509  -0.00100289  -0.00281991  -0.0908357  -0.0856203  0.264966  
-0.00376445  -0.000137995  -0.00250822  -0.0815369  -0.0488545  0.411126  
-0.00412886  -0.000436373  -0.00202235  -0.0834667  -0.0923091  0.266388  
-0.00414998  -0.000336232  -0.00234311  -0.0599129  -0.0597359  0.3158  
-0.00382959  0.000274052  -0.00243985  -0.0495335  -0.0823766  0.307075  
-0.0039604  -0.00042555  -0.00203971  -0.0793199  -0.0736154  0.299691  
-0.00384905  -0.000578685  -0.00204474  -0.0548417  -0.0688602  0.38533  
-0.00380305  -0.000405153  -0.00224903  -0.052432  -0.0818416  0.338535  
-0.00428418  -0.000667125  -0.00244313  -0.037256  -0.0676187  0.305275  
-0.00392625  -0.000342468  -0.00224453  -0.0425746  -0.0556455  0.412231  
-0.00424734  -0.000686309  -0.00254875  -0.0408031  -0.0956931  0.299519  
-0.00401911  -0.000382364  -0.00260871  -0.0547033  -0.0531963  0.357144  
-0.00402848  -0.000184236  -0.00263325  -0.0517965  -0.0631849  0.39555  
-0.00418939  -0.000484341  -0.00269745  -0.052251  -0.0848093  0.309189  
-0.00388483  -0.000267008  -0.00260923  -0.0498864  -0.0705212  0.396805  
-0.0039189  -0.000549509  -0.00257  -0.0769659  -0.0753277  0.366481  
-0.00422971  -0.000708418  -0.00286763  -0.0645823  -0.0903645  0.27687  
-0.0036673  -0.000502257  -0.00279366  -0.0714553  -0.0720278  0.398341  
-0.00380837  -0.000496209  -0.00253575  -0.0725566  -0.0777724  0.392062  
-0.00420139  -0.000514924  -0.00279423  -0.0700282  -0.0858098  0.300517  
-0.00375562  -0.00073192  -0.00274828  -0.0691285  -0.0738313  0.331916  
-0.0039076  -0.000567827  -0.00241832  -0.0797904  -0.07362  0.355757  
-0.00405326  -0.000643488  -0.00254938  -0.0789346  -0.0866024  0.289046  
-0.00370348  -0.000611443  -0.00254957  -0.0832094  -0.0677425  0.340775  
-0.00358838  -0.000717573  -0.00226523  -0.0834779  -0.0788606  0.343616  
-0.00358217  -0.000618115  -0.00227346  -0.0789227  -0.0706256  0.330523  
-0.00381711  -0.00077628  -0.0024188  -0.070734  -0.0673894  0.335096  
-0.00378231  -0.00079151  -0.00246842  -0.0746417  -0.0846637  0.304367  
-0.00334726  -0.0011896  -0.00210506  -0.066473  -0.0640639  0.340256  
-0.0032833  -0.000754528  -0.0016153  -0.0817628  -0.0517909  0.387787  
-0.00322079  -0.000622774  -0.00162368  -0.0817319  -0.0679662  0.404401  
-0.00404778  -0.000320145  -0.0021575  -0.0730978  -0.0942727  0.244941  
-0.00354057  -0.000214876  -0.00213739  -0.0783305  -0.0659605  0.307874  
-0.0033085  -0.000473653  -0.0019778  -0.0716447  -0.0988423  0.236637  
-0.00294294  -0.00123817  -0.00165864  -0.113932  -0.0752675  0.349451  
-0.00306528  -0.00114236  -0.00113879  -0.134425  -0.0605709  0.41049  
-0.00300403  -0.00115043  -0.00114962  -0.117665  -0.0883759  0.339018  
-0.0043873  -0.00167608  -0.00243263  -0.0889157  -0.086934  0.177281  
-0.00331492  -0.000361661  -0.00224186  -0.104773  -0.059781  0.318684  
-0.00574795  0.00206333  -0.00316286  -0.0805675  -0.09803  -0.0660475  
-0.0054687  0.0020675  -0.00302872  -0.0833336  -0.0957716  0.190958  
-0.0050924  0.00120925  -0.00313806  -0.107704  -0.0997518  0.125984  
-0.00392314  0.0013444  -0.00307556  -0.0925142  -0.0524226  0.302438  
-0.00511592  0.00223046  -0.00311218  -0.0715509  -0.12289  -0.0189852  
-0.00417333  0.00222009  -0.00266314  -0.0787533  -0.0519218  0.288656  
-0.0045781  0.00195565  -0.00285256  -0.0919906  -0.0866165  0.157893  
-0.00370138  0.00206781  -0.00256214  -0.0910404  -0.0544848  0.318909  
-0.00412195  0.0016492  -0.00326412  -0.0834688  -0.0840506  0.313721  
-0.00435635  0.00112352  -0.00340485  -0.117724  -0.0907001  0.234571  
-0.0043654  0.000911088  -0.0031658  -0.115068  -0.0714015  0.222389  
-0.00384997  0.000806605  -0.00307777  -0.117287  -0.0752154  0.295202  
-0.00447681  0.000797454  -0.00333845  -0.105887  -0.0842826  0.194358  
-0.00346588  0.00144919  -0.00288106  -0.0928959  -0.0559392  0.373531  
-0.00338944  0.00134928  -0.0026709  -0.0867014  -0.0768416  0.27926  
-0.00339036  0.00124234  -0.00267447  -0.0791512  -0.0740908  0.312622  
-0.00341489  0.00120886  -0.00245728  -0.0926129  -0.0767361  0.356505  
-0.00349412  0.00123546  -0.00244354  -0.0933555  -0.0932123  0.299902  
-0.00351925  0.00115769  -0.00261104  -0.10615  -0.0808291  0.268984  
-0.00342114  0.00147013  -0.00249305  -0.105616  -0.0698322  0.376004  
-0.00367474  0.00128277  -0.0024939  -0.0974451  -0.0927457  0.285352  
-0.00366544  0.00127395  -0.00299196  -0.0854416  -0.0724586  0.246678  
-0.00355574  0.00152087  -0.00263272  -0.0825394  -0.0582815  0.333707  
-0.00391577  0.00137161  -0.00280863  -0.0952559  -0.0929962  0.233219  
-0.00324043  0.00149449  -0.00217786  -0.0869  -0.0461708  0.383655  
-0.00326957  0.00152616  -0.00215622  -0.0757027  -0.0857919  0.279541  
-0.0032835  0.00165094  -0.00236041  -0.0674968  -0.0678212  0.265306  
-0.00300176  0.00149317  -0.00214769  -0.0683175  -0.0630057  0.366239  
-0.00301289  0.00137198  -0.00204951  -0.0798755  -0.0675283  0.357332  
-0.00290443  0.00111308  -0.00179781  -0.102498  -0.0739181  0.314291  
-0.00274813  0.00129438  -0.00187868  -0.101251  -0.0625102  0.380746  
-0.00272933  0.00172494  -0.00196313  -0.0882491  -0.0835174  0.445224  
-0.00279405  0.00154215  -0.00201792  -0.0918456  -0.0910002  0.316386  
-0.00273641  0.00135041  -0.00191697  -0.101286  -0.0546896  0.363224  
-0.00264513  0.000951795  -0.00158694  -0.114665  -0.0720079  0.426533  
-0.00271041  0.000885324  -0.00181622  -0.1144  -0.0900874  0.291828  
-0.00269084  0.00138967  -0.00190045  -0.106128  -0.0692841  0.30994  
-0.00256903  0.0016402  -0.00175867  -0.0885546  -0.0692346  0.408163  
-0.00265572  0.00122145  -0.00175622  -0.105517  -0.0839125  0.327647  
-0.00300802  0.00155537  -0.00186448  -0.105914  -0.06091  0.306092  
-0.00270293  0.0016127  -0.00168402  -0.102031  -0.0913846  0.369111  
-0.00257377  0.00165796  -0.00164268  -0.100825  -0.0594274  0.361438  
-0.00286744  0.00161569  -0.00153847  -0.0926871  -0.0824795  0.381449  
-0.00368228  0.00162127  -0.00158979  -0.0918795  -0.0847854  0.177357  
-0.00288051  0.00184488  -0.00147302  -0.0897274  -0.0484623  0.35309  
-0.00280186  0.00143077  -0.00141769  -0.079379  -0.0896351  0.330046  
-0.00287158  0.0016155  -0.00164943  -0.0703762  -0.0613854  0.338101  
-0.00255317  0.00164292  -0.00140544  -0.0709057  -0.0799227  0.370708  
-0.00315684  0.00145739  -0.00150335  -0.075646  -0.0708164  0.280005  
-0.00275051  0.00161434  -0.00168129  -0.063879  -0.054278  0.373968  
-0.00294219  0.00140194  -0.00165278  -0.0825781  -0.0804075  0.29874  
-0.00282999  0.00145459  -0.00153856  -0.0746254  -0.0541078  0.328447  
-0.00291863  0.00152001  -0.00159931  -0.0652793  -0.0754057  0.28845  
-0.00342459  0.00155128  -0.00152403  -0.0717908  -0.0503948  0.232764  
-0.00263935  0.0015689  -0.00129058  -0.0723092  -0.0647863  0.376272  
-0.00282441  0.00132639  -0.000975054  -0.0814778  -0.0651013  0.22134  
-0.00262395  0.00169549  -0.00112913  -0.0693216  -0.0613866  0.377534  
-0.00288149  0.00138099  -0.00131608  -0.0804473  -0.075904  0.265939  
-0.0028914  0.00170312  -0.00115683  -0.0622126  -0.0566974  0.323124  
-0.00317048  0.00181264  -0.00100739  -0.0648626  -0.0991803  0.217693  
-0.00287376  0.00153054  -0.00102451  -0.0702421  -0.0597279  0.306839  
-0.00310858  0.00154712  -0.00087805  -0.0791265  -0.0811244  0.283002  
-0.00297802  0.000675807  -9.66127e-05  -0.104727  -0.0697128  0.249368  
-0.00269605  0.000837984  9.62041e-05  -0.100295  -0.0554605  0.377411  
-0.00297117  0.000687115  -0.00010336  -0.0922176  -0.0781117  0.197642  
-0.00283404  0.000767672  -7.44938e-05  -0.0908869  -0.0396262  0.306598  
-0.00294516  0.00080959  -5.25615e-05  -0.0868275  -0.0711009  0.209663  
-0.00286115  0.00104125  -0.000311134  -0.0802039  -0.0413618  0.298862  
-0.00237719  0.00110462  -0.000416349  -0.082328  -0.0609424  0.433158  
-0.00151264  0.00152214  0.000616523  -0.0820251  -0.0654148  0.521906  
-0.0020427  0.000566411  -0.000334099  -0.0982416  -0.123442  0.202765  
-0.00243838  0.000884625  -0.000431709  -0.0854505  -0.0329102  0.368895  
-0.00254594  0.000799735  -0.000498291  -0.0935468  -0.0675522  0.271751  
-0.00207721  0.00125626  -0.00037465  -0.0783874  -0.0301151  0.374914  
-0.00224076  0.000824791  -0.000337737  -0.0769643  -0.0765849  0.274918  
-0.00217978  0.000898971  -3.81365e-05  -0.0731621  -0.0366692  0.330506  
-0.00193764  0.000795905  0.00136931  -0.0196272  -0.0761601  0.314099  
-0.00191969  0.00152118  0.000972035  -0.00723345  -0.0406307  0.363506  
-0.00185908  0.000739989  0.000754139  -0.0528966  -0.0923682  0.248185  
-0.00166704  0.000524178  0.000122572  -0.0787703  -0.0466818  0.393719  
-0.00166558  -8.22407e-05  -0.00012771  -0.0886875  -0.0824948  0.273959  
-0.00163051  0.00045052  0.00118451  -0.0332502  -0.0427708  0.344772  
-0.00174068  0.000639797  0.00110844  -0.0420471  -0.0629256  0.310259  
-0.00181068  0.000643689  0.00131611  -0.0209779  -0.0456039  0.252591  
-0.00173293  0.000985429  0.00147839  -0.0202074  -0.030125  0.36691  
-0.0015986  0.000985496  0.00134292  -0.0249142  -0.0518822  0.296218  
-0.00194458  0.000642201  0.00116096  -0.0525485  -0.0406483  0.179268  
-0.00272282  0.000358092  -7.05949e-05  -0.0869929  -0.0661656  0.141781  
-0.00195304  0.000779149  -0.000241441  -0.0808764  -0.0149669  0.337554  
-0.00213149  0.000527557  -0.00018962  -0.0696096  -0.0519362  0.294267  
-0.00214254  0.000397669  -0.000458977  -0.0690086  -0.0349174  0.241328  
-0.00210149  0.000835818  -0.000637822  -0.0618768  -0.0111743  0.301912  
-0.00354989  0.00154534  -0.00184521  -0.0701969  -0.0784098  0.0741972  
-0.00212032  0.00134511  -0.00171189  -0.0665045  -0.00873294  0.262073  
-0.00225176  0.00146137  -0.00194929  -0.0720804  -0.0393426  0.239387  
-0.00237538  0.00125582  -0.00201599  -0.0602877  -0.0192609  0.215323  
-0.00237268  0.00140929  -0.00178448  -0.0640966  -0.0212327  0.323439  
-0.00272285  0.00120418  -0.00180298  -0.0832578  -0.036702  0.173067  
-0.00214736  0.0017227  -0.0016315  -0.0515506  -0.0154995  0.288078  
-0.00330388  0.00246767  -0.00195067  -0.0586024  -0.0710955  0.0861674  
-0.00242656  0.00155885  -0.00142792  -0.0629511  -0.0109893  0.183331  
-0.00314961  0.00180624  -0.00151958  -0.0553289  -0.0508019  0.135511  
-0.00214526  0.00136566  -0.00149456  -0.0636521  -0.00498131  0.232026  
-0.00194587  0.00140415  -0.00147811  -0.062208  -0.0539355  0.241961  
-0.00226116  0.00128448  -0.00162525  -0.0592525  -0.0267576  0.198384  
-0.002004  0.00153356  -0.00144319  -0.0551276  -0.0284004  0.285326  
-0.00312627  0.00204133  -0.00201812  -0.0600215  -0.0550861  0.0675662  
-0.00210588  0.00159397  -0.00208712  -0.0651251  -0.0244041  0.259224  
-0.00199107  0.00117656  -0.00175805  -0.0602309  -0.0253232  0.262579  
-0.00194014  0.000867063  -0.00191749  -0.0657383  -0.0234178  0.255788  
-0.00227025  0.00100199  -0.00174525  -0.0643437  -0.0270254  0.317342  
-0.00434151  0.000568505  -0.00240548  -0.0807648  -0.0319774  0.189658  
-0.00277358  0.0008085  -0.00242205  -0.0732005  -0.0194721  0.24477  
-0.0025352  0.000964872  -0.00220285  -0.0617891  -0.0158025  0.218428  
-0.0032457  0.000984973  -0.00214764  -0.0770873  -0.0180232  0.150906  
-0.00252701  0.00104279  -0.00194884  -0.0665968  -0.0169798  0.282859  
-0.00225453  0.00115536  -0.00199669  -0.0588737  -0.0368792  0.197322  
-0.00222359  0.000821355  -0.00184362  -0.0734187  -0.0162927  0.270882  
-0.00243406  0.00053283  -0.00196766  -0.0806353  -0.0360697  0.262512  
-0.00323823  0.000630857  -0.00162342  -0.0773782  -0.0331961  0.170122  
-0.00255273  0.000357611  -0.00188816  -0.0860997  -0.0114928  0.227185  
-0.00244621  0.000642075  -0.00162706  -0.0875924  -0.0165831  0.317062  
-0.00392675  0.000658815  -0.00187789  -0.077688  -0.060487  0.0281277  
-0.00233463  0.000807329  -0.00185694  -0.0717358  -0.0309634  0.225072  
-0.00272886  0.000945058  -0.00170825  -0.0796394  -0.0316116  0.156557  
-0.00212585  0.00123666  -0.00185427  -0.0739775  -0.0172674  0.21508  
-0.0020111  0.00141554  -0.00178483  -0.0659255  -0.057985  0.201754  
-0.00194832  0.000966597  -0.00186802  -0.0698849  -0.0272658  0.197901  
-0.00158675  0.000921341  -0.00139003  -0.0523524  -0.0316578  0.288888  
-0.00197479  0.000715574  -0.00175762  -0.0710352  -0.0475013  0.189344  
-0.00200829  0.000892373  -0.00187203  -0.0686928  -0.0134465  0.226245  
-0.00200829  0.000811394  -0.00172816  -0.0791518  -0.0385038  0.23456  
-0.00257401  0.000676492  -0.00166064  -0.0747882  -0.02475  0.132765  
-0.00202918  0.000843715  -0.00155001  -0.0610652  -0.0177787  0.295905  
-0.00206834  0.000482259  -0.00170726  -0.0727797  -0.0480465  0.224195  
-0.00213403  0.000391182  -0.00153827  -0.0930553  -0.0215672  0.190018  
-0.00220037  0.00066982  -0.00167252  -0.0752786  -0.0396829  0.26496  
-0.0030998  0.00103037  -0.00155173  -0.0652819  -0.0528086  0.110136  
-0.00226962  0.00025978  -0.000681914  -0.0887627  -0.0136451  0.22241  
-0.002168  0.000575406  -0.000642897  -0.0874248  -0.0517448  0.191931  
-0.00430521  0.00102971  -0.00224969  -0.0629338  -0.0249588  0.0144934  
-0.00266244  0.000737459  -0.00191257  -0.0791543  0.0019875  0.241724  
-0.00216411  0.000581818  -0.00188759  -0.0749592  -0.0314585  0.191032  
-0.00377799  0.000461249  -0.000917479  -0.0792087  -0.0300703  0.0421371  
-0.00283471  3.95303e-05  -0.000455  -0.0749335  -0.0310457  0.164559  
-0.00333491  7.06834e-05  -0.00160378  -0.0530622  -0.0298248  0.154229  
-0.00234754  0.000162704  -0.00182067  -0.0357428  -0.01098  0.235911  
-0.00256389  0.000731981  -0.00170856  -0.0370636  -0.0323746  0.230441  
-0.00378977  -8.47509e-05  -0.00195385  -0.0269698  -0.0415931  0.0586196  
-0.0023446  -0.000161343  -0.00167925  -0.0192451  -0.00421726  0.254572  
-0.00221455  6.62239e-05  -0.00172997  -0.00640003  -0.0444217  0.248709  
-0.00292001  -0.000217091  -0.000434897  0.0428227  -0.0279691  0.187144  
-0.00352589  -0.000274765  -0.000676172  0.035454  -0.0360981  0.135388  
-0.00280015  0.000565391  -0.00191969  -0.0142874  -0.0317129  0.212284  
-0.00358743  -0.00052594  -0.00203739  -0.00521162  -0.0422134  0.115457  
-0.00263408  -0.00025569  -0.00194606  -0.0168398  -0.0187251  0.283728  
-0.00238412  -0.000931442  -0.0018099  -0.0267422  -0.0287111  0.224006  
-0.00221933  -0.000565453  -0.00202004  -0.0214347  -0.0186185  0.261429  
-0.00213058  -0.000549739  -0.00200175  -0.0316173  -0.0326241  0.210455  
-0.00267663  -0.000874764  -0.00205289  -0.0314425  -0.0170762  0.175121  
-0.00250296  -0.000456465  -0.00183411  -0.0292489  -0.0146849  0.240311  
-0.00225729  -0.000130069  -0.00182293  -0.0283178  -0.0461331  0.224316  
-0.00278896  0.000444807  -0.00155732  -0.0532623  -0.028027  0.157403  
-0.00382192  -0.00116886  -0.00207672  -0.0166621  -0.0369744  0.14777  
-0.00298713  -0.000191244  -0.0018169  -0.0296049  -0.036339  0.188515  
-0.0023414  0.000540935  -0.00178152  -0.0356933  -0.045676  0.260577  
-0.00270658  0.000337398  -0.00200347  -0.0411012  -0.0376377  0.137623  
-0.00282545  0.000240744  -0.00209128  -0.0329347  -0.0166499  0.200722  
-0.00237206  0.000356776  -0.00215869  -0.0320947  -0.0217269  0.171444  
-0.00339775  -0.000621691  -0.00188227  -0.0317846  -0.0250681  0.154259  
-0.00241891  1.75863e-05  -0.00172929  -0.0237281  -7.0095e-05  0.25498  
-0.00267278  0.00047971  -0.00162875  -0.0281472  -0.0480034  0.19182  
-0.00316012  0.000269036  -0.00167554  -0.0379383  -0.0488224  0.146874  
-0.00219525  0.000798904  -0.00156467  -0.0261191  -0.0410422  0.27205  
-0.00320296  0.000316042  -0.00175826  -0.0156647  -0.060964  0.154456  
-0.0031958  0.000829368  -0.00181254  -0.0240621  -0.0339504  0.118041  
-0.00232519  0.000965087  -0.00169441  -0.016739  -0.0328952  0.256973  
-0.00210456  0.000825375  -0.0019217  -0.0105005  -0.0543311  0.230408  
-0.00214951  0.000765804  -0.00196508  -0.0170277  -0.0376094  0.26072  
-0.00230019  0.00101802  -0.00188445  -0.00289349  -0.0342416  0.229215  
-0.00253012  0.00082699  -0.00181494  -0.0198839  -0.0361451  0.143359  
-0.00210333  0.000716689  -0.00180352  -0.00776241  -0.0307516  0.254223  
-0.0021475  0.000802053  -0.00204386  -0.0154981  -0.0434768  0.230174  
-0.00242151  0.000594401  -0.00220906  -0.0127235  -0.0322044  0.250448  
-0.00243057  0.000680107  -0.00185734  -0.0268477  -0.0279502  0.306301  
-0.0027848  0.000274119  -0.00216316  -0.0274303  -0.0509987  0.157761  
-0.00257077  0.000449009  -0.00190273  -0.00715164  -0.0391779  0.198294  
-0.00235785  0.000106717  -0.00176828  -0.00703103  -0.0560454  0.238902  
-0.00269393  -8.13402e-05  -0.00176722  -0.0225868  -0.0424545  0.150102  
-0.00257712  -0.000288801  -0.00176069  0.00508688  -0.0314095  0.164982  
-0.00241689  -3.83674e-05  -0.000122681  0.0522793  -0.0385963  0.259211  
-0.0024615  -7.99232e-05  -0.00030435  0.052323  -0.0637281  0.182771  
-0.00238903  -0.000847004  -0.00135102  -0.00950544  -0.0488151  0.190235  
-0.00220031  -0.000453796  2.75809e-05  0.0332363  -0.065799  0.220799  
-0.00221487  -0.00110407  -0.000960135  -0.00495308  -0.0659018  0.210959  
-0.00206857  -0.0014687  -9.41225e-05  -0.00738771  -0.0731779  0.182942  
-0.00222568  -0.00060035  0.000244114  0.0485633  -0.0534339  0.188584  
-0.00212455  -0.000585366  0.000193243  0.0326967  -0.0486983  0.18045  
-0.00231338  -0.00115345  0.000527581  0.0167342  -0.0382457  0.193627  
-0.00237494  -0.00109444  0.000884067  -0.00655996  -0.0572021  0.238851  
-0.00206052  -0.000961477  0.000686794  -0.0162046  -0.0447986  0.234663  
-0.00231616  0.000483985  0.000935465  -0.031934  -0.0248123  0.162786  
-0.00226721  0.000345631  0.00125408  -0.021326  -0.0281344  0.180521  
-0.00254293  0.00165025  -0.0020499  0.000104789  -0.0477314  -0.289068  
-0.00449744  0.00243362  -0.00179789  -0.0259832  -0.0290062  -0.0270336  
-0.00406449  0.00195197  -0.00185985  -0.0508323  -0.0426548  0.00244809  
-0.00283088  0.00141148  -0.00171921  -0.0212378  -0.0240623  0.169732  
-0.00259856  0.000983829  -0.00203715  -0.0145242  -0.0550696  0.158517  
-0.00343839  0.000240562  -0.00226566  -0.0281614  -0.050204  0.0536159  
-0.00255079  0.000756832  -0.00192701  -0.0117362  -0.0363793  0.199938  
-0.00323028  0.00154444  -0.00140961  -0.00563924  -0.0618176  0.105585  
-0.00263745  0.00117714  -0.00156197  0.004046  -0.0356935  0.176823  
-0.00355191  0.000948812  -0.00159543  -0.0120871  -0.0236178  0.0701473  
-0.00229987  0.000192589  -0.000329109  0.0741446  -0.0285848  0.239473  
-0.00345886  -0.000517515  -0.000142164  0.0547794  -0.0677425  0.0940725  
-0.00361196  -0.000104767  -0.000269157  0.0469785  -0.0316546  0.094422  
-0.00372995  -1.79388e-05  -0.00032911  0.0437426  -0.0367002  0.0984308  
-0.00386134  -4.60701e-05  -0.000158723  0.052081  -0.0467664  0.0462614  
-0.0037486  0.000893928  -0.00171679  0.000720609  -0.0420666  0.0526043  
-0.00272448  0.000241724  -0.000567408  0.0582068  -0.0266028  0.180295  
-0.00312518  0.000201856  -0.000576915  0.0582281  -0.0453335  0.129774  
-0.00352555  -0.000183145  -0.000179653  0.0510195  -0.0383323  0.0555817  
-0.00273475  0.000404511  -8.79642e-05  0.0541007  -0.0341352  0.178265  
-0.00307388  0.00140943  -0.0010011  -0.0245738  -0.0753875  0.121041  
-0.00281196  0.00133292  -0.00117855  -0.0226187  -0.037549  0.193842  
-0.00277508  0.000945974  -0.00125559  -0.0283866  -0.0369229  0.168308  
-0.00296002  0.000932293  -0.00137759  -0.0172126  -0.0252868  0.170623  
-0.00303646  -0.000155806  -0.000368044  0.0485469  -0.053309  0.150631  
-0.00406548  -0.000801001  -0.000168725  0.0505505  -0.0405951  0.0105324  
-0.00289245  -0.00043611  7.92337e-05  0.0486252  -0.0357849  0.196393  
-0.00352262  -0.000989135  0.000206775  0.0436057  -0.0501896  0.102427  
-0.00305036  -0.000969538  0.000349304  0.0357013  -0.0221433  0.154709  
-0.00292548  -0.000801001  0.000267244  0.0330872  -0.04806  0.17482  
-0.00292997  -0.00103683  0.000511023  0.0395119  -0.0550879  0.143121  
-0.00345766  -0.00159935  0.00128165  0.0402099  -0.0522147  0.0884119  
-0.00338679  -0.00205102  0.00149428  0.0218603  -0.0653514  0.10748  
-0.00332384  -0.00180877  0.000859921  0.0166604  -0.0547356  0.121189  
-0.00317803  -0.00221057  0.000687741  -0.00404325  -0.0430277  0.124218  
-0.00323063  -0.00216944  0.000625692  -0.011642  -0.0574685  0.1541  
-0.00343731  -0.00238854  0.000547227  0.00249851  -0.0546603  0.0803268  
-0.00337218  -0.00247363  0.000117171  -0.00261359  -0.0400094  0.131073  
-0.00259522  -0.00193735  0.000693704  0.00459969  -0.0461402  0.172513  
-0.00246168  -0.00112515  0.000733472  0.0320117  -0.0366921  0.170771  
-0.00296066  -0.00149811  0.000544742  0.0272111  -0.0493156  0.134481  
-0.00324638  -0.000636041  0.000274065  0.0430029  -0.0638528  0.126294  
-0.00226838  -0.000466587  0.000954171  0.0591943  -0.0584365  0.174424  
-0.00282788  -0.000466587  0.000705102  0.0521565  -0.0679638  0.0971914  
-0.00245991  -3.32714e-05  0.000388871  0.0689492  -0.0531965  0.202458  
-0.00227129  -0.000371683  0.00057344  0.0480773  -0.0742222  0.204381  
-0.00306903  -0.00132259  0.000807971  0.0122452  -0.0730649  0.112289  
-0.00276189  -0.0010452  0.000850444  0.0146371  -0.0458622  0.174843  
-0.00366415  -0.0021198  0.000184195  -0.00569462  -0.0760106  0.026101  
-0.0026933  -0.00195385  0.00129537  0.00328438  -0.0394286  0.15251  
-0.00328354  -0.00191054  0.00116337  0.0161586  -0.0398822  0.121572  
-0.00273483  -0.00137677  0.00172429  0.00465545  -0.0563284  0.203289  
-0.00355587  -0.0012256  0.00135396  0.0134739  -0.0673004  0.0660012  
-0.00293226  -0.00111321  0.0017313  0.0190639  -0.0492004  0.150313  
-0.0030526  -0.00143146  0.00140592  0.00501134  -0.0789493  0.147839  
-0.00345845  -0.00199031  0.00152749  0.0259244  -0.0685615  0.116167  
-0.00268899  -0.00126522  0.00148279  0.0443116  -0.0655718  0.147735  
-0.00232854  -0.000898742  0.00150845  0.0527245  -0.0617027  0.190265  
-0.00244728  -0.001085  0.00166122  0.054422  -0.0542366  0.175371  
-0.00201013  -0.00114648  0.00189229  0.0374341  -0.0592484  0.247423  
-0.00201176  -0.00145244  0.00195589  0.0402395  -0.0638777  0.2143  
-0.00256488  -0.0015046  0.00172204  0.0355351  -0.0402179  0.162427  
-0.002116  -0.00152324  0.00178162  0.0189677  -0.0631792  0.203943  
-0.00216322  -0.00159863  0.00172003  0.00713469  -0.0581927  0.157634  
-0.00193599  -0.00163761  0.00145213  0.0162389  -0.0528972  0.163234  
-0.00179114  -0.0014775  0.00158206  0.0198528  -0.0487874  0.22124  
-0.0020761  -0.00151704  0.00143634  0.027916  -0.0712691  0.129581  
-0.00156773  -0.00114059  0.0015657  0.0226559  -0.0502589  0.204981  
-0.0012696  -0.000930764  0.00139541  0.0196186  -0.0580132  0.181902  
-0.000829895  -0.0012675  0.00143889  0.0214123  -0.0547567  0.196936  
-0.00120125  -0.00115052  0.00162271  0.0241677  -0.0548238  0.196223  
-0.0011585  -0.00115066  0.00158133  0.00893276  -0.0527412  0.196722  
-0.00131433  -0.00104721  0.00184694  -0.0141601  -0.0430893  0.153727  
-0.0014519  -0.0016304  0.00142342  -0.00022004  -0.0472062  0.143426  
-0.000829895  -0.00136094  0.00171776  0.00681006  -0.0491328  0.190081  
-0.000921049  -0.000946967  0.00179938  -0.00175697  -0.0533348  0.133826  
-0.000829895  -0.00114772  0.00209848  0.010334  -0.0331764  0.163806  
-0.000916916  -0.00129203  0.00206689  -0.0015957  -0.0524399  0.175424  
-0.00214829  -0.00255612  0.00136299  -0.0167806  -0.0627454  0.0492092  
-0.000629171  -0.00148518  0.00202965  0.00489113  -0.0253545  0.149056  
-0.00067305  -0.0013052  0.00230807  0.0135799  -0.0527156  0.123128  
-0.00175351  -0.00196766  0.00201837  0.0149342  -0.0371592  0.0201735  
-0.000880179  -0.00202055  0.00245843  0.00444354  -0.0340594  0.0786173  
-0.00147009  -0.00202294  0.00224896  0.0183342  -0.0307983  0.00150567  
-0.00109305  -0.00168944  0.00202093  0.0158026  -0.0110807  0.0822863  
-0.000798817  -0.000796941  0.00211211  0.00258218  -0.0189249  0.127364  
-0.0019752  -0.00234418  0.00121505  0.010601  -0.0272677  0.0213433  
-0.000724735  -0.000542652  0.00216469  0.026602  0.00490149  0.146915  
-0.00162839  -0.00127725  0.00188523  0.0390204  -0.0435232  0.0574073  
-0.00112592  -0.000413972  0.00207302  0.0144926  -0.0166008  0.0877338  
-0.00051023  -0.000257953  0.00220456  0.00959367  0.0058362  0.107078  
-0.000552288  -0.000566745  0.00210437  0.0187264  -0.0160383  0.138596  
-0.000834474  -0.000791443  0.00182182  0.0131336  -0.0109127  0.103319  
-0.00200363  -0.00217495  0.00063504  -0.00350047  -0.0152105  0.0308985  
-0.00050509  -0.000810066  0.00173163  0.0294688  0.0144628  0.123054  
-0.000925083  -0.000616668  0.00143691  0.0537151  -0.00128334  0.137176  
-0.0021679  -0.00148957  0.00124823  0.0575566  -0.0471335  -0.00587851  
-0.000817841  -0.000795889  0.00203171  0.0764324  -0.0300656  0.141146  
-0.00172441  -0.00157926  0.00174375  0.064553  -0.0727836  0.0689623  
-0.00161662  -0.00249738  0.00164777  0.0535078  -0.076062  -0.046779  
0.0011881  -0.00229327  0.00231172  0.0726272  -0.00486305  0.038189  
-0.000895125  -0.00190997  0.00212157  0.061488  -0.0613753  0.0395778  
-0.00170986  -0.00213253  0.00199142  0.0492073  -0.0589182  -0.0336927  
-0.000766741  -0.002306  0.00203112  0.0261181  -0.0323703  0.0542179  
-0.00147089  -0.00323671  0.00168164  0.0181103  -0.070909  -0.0170994  
-0.000860684  -0.00358544  0.00174928  0.0536272  -0.0793002  -0.0180211  
-0.00117796  -0.00328637  0.00151057  0.0306571  -0.059836  -0.0805667  
-0.000638479  -0.00336408  0.00153087  0.0388407  -0.044106  -0.0818406  
0.000347557  -0.00235177  -0.000131177  0.0190689  -0.0601709  -0.194653  
0.00181657  -0.0027367  0.00142778  0.0546715  0.0124519  -0.0284517  
-0.000306649  -0.00203393  0.000680886  0.0189847  -0.0586122  -0.220754  
-0.00138269  -0.00227124  0.00106024  0.0265522  -0.0374261  -0.095428  
-0.000316448  -0.00170876  0.000713526  0.0134434  -0.0668225  -0.179732  
-0.000329944  -0.00127397  0.00151813  0.022055  0.0105154  -0.186289  
0.00139905  -0.0029627  0.000987063  0.0252333  0.0199379  -0.0774918  
-0.000383763  -0.00199013  0.00126399  0.0244645  -0.0271493  -0.225065  
0.00126074  -0.0028431  0.000937526  0.0255498  0.0364967  -0.033984  
0.00115919  -0.00261272  0.00110295  0.0101254  -0.00992858  -0.11295  
0.000582342  -0.00158238  0.00161321  0.00845989  0.0192182  -0.237162  
-0.00069083  0.000132494  0.00132029  0.0234524  -0.0629793  -0.424707  
2.17254e-06  -0.000316067  0.00140053  0.0383174  0.0188226  -0.381897  
0.000568229  -0.000148273  0.00160708  0.0314664  0.0352134  -0.206799  
0.00100157  -1.10141e-05  0.00192396  0.0290674  0.000450239  -0.194672  
0.000657603  0.000218764  0.000200217  -0.0521969  0.0483543  -0.274878  
0.00164547  -0.000624813  0.00143741  0.0590193  0.0581296  0.268813  
0.00297723  -0.000617875  0.00152156  0.00836374  0.0408583  0.36478  
0.00316686  0.000567679  0.000122227  -0.0886247  -0.0252648  -0.0737522  
0.00355394  0.000727784  -0.000189592  -0.0808986  0.0493777  0.0594644  
0.00324886  0.000304437  -0.000228835  -0.0842489  0.0251612  -0.0222514  
0.00335626  0.000577616  -0.000298556  -0.0772229  0.0571911  0.0428667  
0.00312956  0.00045148  -0.000343479  -0.0830797  0.0735743  0.0786283  
0.00305138  0.000138111  -0.000409975  -0.0848832  0.0705837  -0.0239829  
0.00305821  0.000916505  -0.000958402  -0.059706  0.0678472  0.0415152  
0.00342572  -0.000877459  0.000804298  0.0216238  0.0514114  0.00230022  
0.00262963  -0.00105741  0.00111504  0.0228447  0.0422214  -0.0211806  
0.00195037  -0.00196269  -5.09921e-05  0.0080416  0.0433924  -0.100546  
0.00271201  0.000559624  0.000642417  0.053984  0.0617892  -0.0373087  
0.00276837  0.00264088  -0.00021964  0.00499591  0.0337484  -0.0918023  
0.00279268  0.00200827  0.000822265  0.0395483  0.0280368  -0.0966918  
0.00298683  0.00193711  0.000710372  0.0440221  0.0486561  -0.0974742  
0.00291369  0.000851965  0.000381815  0.0581874  0.039934  -0.0812383  
0.00230224  0.000686585  0.00032374  0.0629465  0.0443508  -0.151028  
0.00145891  0.000264369  0.000248801  0.0464942  0.0858409  -0.170291  
0.00148991  0.000317894  0.000456885  0.0524713  0.0941418  -0.151429  
0.00298999  0.00191409  0.000482293  -0.00291959  0.0761266  -0.0750373  
0.00153581  0.000114145  0.000168673  0.0654019  0.0790085  -0.239259  
0.00325295  0.00264439  0.000544883  0.0250058  0.0665386  0.00935597  
0.00132689  0.000173984  0.000387312  0.0568531  0.0394193  -0.326621  
0.00282925  0.00250663  -0.000207963  -0.0178619  0.0667765  -0.0473035  
0.00170024  0.000902958  -0.00142674  -0.0455135  0.0401401  -0.242108  
0.00336807  0.00298933  -0.000737628  -0.00481869  0.0796345  0.000674706  
0.0024467  0.00230236  -0.000899991  -0.0151836  0.0381028  -0.140782  
0.00308696  0.00288731  -0.00059955  0.0179398  0.0674926  -0.03729  
0.00282678  0.00318765  -0.000787885  0.0191366  0.0405779  -0.0501162  
0.00259522  0.00347214  -0.000921139  0.0363019  0.0650945  -0.0678467  
0.00274928  0.00358006  -0.000858555  0.0201191  0.0594937  0.00769037  
0.00226643  0.00320151  -0.00117983  0.00300391  0.0521248  -0.0827661  
0.00270307  0.00300368  -0.00114549  -0.00145714  0.0682526  -0.0467332  
0.00273182  0.00308461  -0.000954248  -0.0047026  0.0704543  -0.0218765  
0.00218387  0.00290074  -0.00131832  -0.00982482  0.0555962  -0.0874385  
0.00277237  0.00301379  -0.00120901  -0.0170611  0.0671459  -0.00249673  
0.00257843  0.00289981  -0.00138217  -0.0141657  0.0493537  -0.0625436  
0.00201933  0.00239937  -0.00153237  -0.0311726  0.0472508  -0.123288  
0.00159131  0.00165032  -0.00165725  -0.0462574  0.05938  -0.17921  
0.002017  0.00289243  -0.00133822  -0.0199916  0.0519019  -0.0960866  
0.00241463  0.00308225  -0.00177388  -0.00922783  0.0253716  -0.201737  
0.00289581  0.00356076  -0.000975227  0.0117915  0.0617637  -0.0853081  
0.00342906  0.00356995  -0.00023356  0.0280874  0.0533527  -0.114426  
0.00188545  0.00338465  -0.00085705  0.00664407  0.0872465  -0.17586  
0.00277916  0.00399562  -0.000477111  0.00055928  0.0531356  -0.0261965  
0.0022238  0.00316063  -0.000943457  -0.00733333  0.0438869  -0.190076  
0.00318764  0.00391413  -0.000317267  -0.00523781  0.0745953  0.0022699  
0.00259259  0.00355753  -0.000568757  -0.00222667  0.0337801  -0.160473  
0.00280552  0.00373644  -0.000377923  0.0151521  0.0694967  -0.0872476  
0.00307811  0.00408991  -0.000424146  0.0194146  0.0524649  -0.0127528  
0.00325011  0.00390554  -0.000467567  0.00981141  0.059061  -0.0617929  
0.00314956  0.00381707  -0.000317031  0.0125392  0.0738402  -0.0691865  
0.00326763  0.00403452  -0.000289651  0.0127174  0.0701655  -0.0371662  
0.00292437  0.00375733  -0.00036116  0.0185175  0.0675772  -0.121022  
0.00325935  0.00415794  -9.20475e-05  0.0253895  0.0773242  -0.0381278  
0.00336699  0.0044188  -0.000247345  0.0290104  0.0612856  0.00945488  
0.0032189  0.00426651  -0.000355897  0.0342811  0.0568418  -0.0450286  
0.00283235  0.00453893  -0.000339774  0.0513006  0.0666503  -0.0526922  
0.00228677  0.00458363  -0.000212668  0.0526261  0.0185748  -0.115889  
0.00259971  0.0045894  -0.000217388  0.0368217  0.0834843  -0.0575209  
0.00291663  0.00402065  -0.000753781  0.0101403  0.0468951  -0.0594763  
0.00313037  0.00411642  -0.00029274  0.0126344  0.0735875  -0.0408493  
0.00291571  0.00410224  -0.000632343  0.00238806  0.0911061  -0.0523341  
0.00303797  0.00412349  -0.000595634  0.00482911  0.0759831  0.0426078  
0.00361159  0.00328433  -0.000635198  -0.0208208  0.0554502  0.0890236  
0.00357649  0.0031619  -0.00042549  -0.023716  0.0840828  0.0427748  
0.00341766  0.00272358  -0.000755512  -0.0508538  0.0560103  -0.0118971  
0.0034696  0.00268292  -0.000336007  -0.0415305  0.0660966  0.0246545  
0.00366072  0.00325677  -0.000400783  -0.0108339  0.05606  0.0415256  
0.00351794  0.00329469  -0.000439025  -0.0153998  0.0526546  0.0620775  
0.00350847  0.00324013  -0.000413762  -0.0077753  0.0508419  -0.0109981  
0.00341786  0.00353704  -0.000475724  0.00204773  0.0595784  -0.0169557  
0.00319932  0.00352295  -0.000404573  0.00100475  0.0401695  0.039374  
0.00307998  0.00349882  -0.000783443  0.00726237  0.0456857  -0.0409418  
0.0034718  0.00366114  -0.000597513  0.0177632  0.0636122  0.00825483  
0.00327243  0.00359054  -0.000553638  0.00297606  0.0573654  0.0183064  
0.00348796  0.00319529  -0.000450464  -0.00303162  0.0582581  -0.0199158  
0.0033305  0.00329098  -0.000327694  0.0037109  0.0605824  0.0104656  
0.00332984  0.00298341  -0.000246857  0.0157628  0.0666331  -0.0461161  
0.00339333  0.00300067  -0.000368848  0.00292335  0.0497194  0.0171969  
0.00323868  0.00304673  -0.000349924  0.0127266  0.0524813  0.0163255  
0.00287222  0.00277889  -0.000522842  -0.00418902  0.0575609  -0.0978472  
0.0031871  0.00304591  -0.000105333  0.00938417  0.0598912  0.0108222  
0.00258781  0.00315976  -0.0002951  0.0188253  0.0379205  -0.103306  
0.00298963  0.00335717  -0.000253774  0.0151133  0.0642846  -0.0647841  
0.00270538  0.00356672  -0.00047692  0.00998069  0.0517196  -0.0246622  
0.00308372  0.00315149  -0.000348487  -0.00131207  0.0643713  -0.0245063  
0.00289161  0.0034342  -0.000286017  -0.00544961  0.0595854  0.0531048  
0.00274251  0.00323758  -0.000606071  -0.00778915  0.0568624  -0.0468703  
0.00282335  0.00291878  -0.000893409  -0.0257308  0.0677469  -0.0639219  
0.00298666  0.00294828  -0.000789153  -0.04358  0.0760771  0.0314415  
0.00274359  0.00295522  -0.00117131  -0.0351371  0.0620036  -0.0549422  
0.00293629  0.00328934  -0.000960766  -0.0254831  0.0726645  -0.0202952  
0.00263461  0.00350702  -0.00105491  -0.042881  0.0615055  -0.0229972  
0.00199126  0.00300433  -0.00157984  -0.0610135  0.0674095  -0.14231  
0.00264035  0.00399685  -0.0010639  -0.0342906  0.0838999  -0.0230849  
0.00256207  0.00407869  -0.00103541  -0.0375421  0.0647474  0.00212717  
0.00260762  0.00408531  -0.000613022  -0.034417  0.0615292  -0.0274164  
0.00282165  0.00389882  -0.00058482  -0.0336841  0.0737963  0.0072563  
0.00274554  0.0042627  -0.000178555  -0.00574641  0.083181  0.0145685  
0.00253509  0.00379498  -0.000497497  -0.0157023  0.0569017  -0.0948011  
0.00239791  0.00378351  -0.00064983  -0.00994456  0.0799635  -0.0679924  
0.00248405  0.00423839  -0.000582375  -0.0185614  0.0681947  -0.00490478  
0.00259169  0.00362214  4.94573e-05  -0.0195918  0.0387387  -0.0521149  
0.00249952  0.00337801  -0.000158961  -0.0521947  0.0675712  -0.0751924  
0.00263237  0.00425298  -0.000191187  -0.0353505  0.0679133  -0.009074  
0.00243571  0.00385968  -0.00024286  -0.0378878  0.0692113  -0.0671006  
0.0022634  0.00409642  -0.000337835  -0.0237535  0.0896309  -0.0601476  
0.00254287  0.0044319  -0.000354974  -0.0248462  0.0562363  -0.00760636  
0.00247085  0.00371889  -0.000334079  -0.0564576  0.0562763  -0.0797037  
0.00236277  0.00352032  -0.000829391  -0.0644899  0.0860022  -0.059607  
0.00220972  0.0035128  -0.00103004  -0.0778944  0.0674023  -0.0348201  
0.00234852  0.0041682  -0.000734878  -0.0545571  0.0676277  -0.0240337  
0.00164822  0.00447369  -0.000750805  -0.0430391  0.0692549  -0.0851054  
0.00134071  0.00505434  -0.000571967  -0.0313458  0.0803859  0.0476385  
0.00176572  0.00471552  -0.00100646  -0.0392573  0.0529018  -0.0257426  
0.00140432  0.00450196  -0.00135593  -0.05701  0.0779844  -0.0669812  
0.00185312  0.0045293  -0.00107983  -0.0655529  0.0791359  -0.0116572  
0.00156176  0.00494309  -0.000704976  -0.060782  0.0551765  -0.032028  
0.00195338  0.00456866  -0.00105902  -0.0706854  0.0695425  -0.0625015  
0.00199055  0.0051082  -0.00107725  -0.0628133  0.0619411  0.028873  
0.00193053  0.00468131  -0.000755828  -0.0650014  0.037591  -0.0618518  
0.00162822  0.00418069  -0.000533489  -0.0674924  0.0695193  -0.118505  
0.00186575  0.00513074  -0.000410861  -0.050175  0.0641677  0.0463634  
0.00215575  0.00485084  -0.000563001  -0.0505451  0.0440399  0.0128561  
0.00198391  0.00521553  -0.000333796  -0.0495235  0.0911895  0.0934267  
0.00191627  0.00480725  -0.000768507  -0.0644026  0.0367967  -0.0260248  
0.00128957  0.00482413  -0.000791031  -0.0667483  0.0678478  -0.0892749  
0.00145262  0.00520318  -0.000702164  -0.0712405  0.0823672  0.0650062  
0.00156049  0.00472015  -0.000796385  -0.0918628  0.0538064  -0.0655256  
0.00119131  0.00489331  -0.000694758  -0.0682576  0.0871014  -0.0501898  
0.00145594  0.00489529  -0.000911556  -0.0537483  0.0664234  -0.0435776  
0.00085024  0.00480633  -0.000690422  -0.0455669  0.0618681  -0.11603  
0.00104692  0.00539932  -0.000431609  -0.0332436  0.091054  0.0119063  
0.00100099  0.0045796  -0.00104541  -0.0444353  0.0417234  -0.153171  
0.00101399  0.00493921  -0.000737725  -0.0527586  0.0696544  -0.0656461  
0.0015567  0.00485434  -0.000699829  -0.0512083  0.0494126  -0.089487  
0.00175748  0.00546189  -0.000144739  -0.0413673  0.0748247  0.070482  
0.00206707  0.00544786  -0.000134504  -0.037514  0.0532817  0.116516  
0.0020185  0.00550899  1.01319e-05  -0.029298  0.0596683  0.110956  
0.00221108  0.00562488  -0.000125084  -0.0198818  0.0553917  0.0725751  
0.00219425  0.00569057  -0.00042603  -0.0291054  0.0490323  0.075975  
0.00206255  0.00599404  -8.61412e-05  -0.0154012  0.0424908  0.0966748  
0.00214287  0.0057858  -0.000342423  -0.0113636  0.0460908  0.105473  
0.00216275  0.00549191  0.000265095  -0.0183207  0.030033  0.106429  
0.00216529  0.00590915  2.78712e-05  -0.0255038  0.021985  0.106403  
0.00231897  0.00547728  -8.41581e-07  -0.0265841  0.0451827  0.0357713  
0.00218808  0.00534033  0.000388499  -0.017615  0.0271912  0.0735014  
0.00225352  0.00548557  0.00102713  -0.0158713  0.0318009  0.0523416  
0.00251442  0.00554029  0.000712692  -0.0143824  0.0537264  0.0193824  
0.00249879  0.00517278  0.00084998  0.00866867  0.04729  0.132676  
0.00211871  0.00460474  0.00171158  0.0377136  0.0401408  0.0625541  
0.0022433  0.0044919  0.00130554  0.034934  0.0634976  0.0395787  
0.00194351  0.00411182  0.00158968  0.0250421  0.0602586  0.114519  
0.0021507  0.00411122  0.00131596  0.029387  0.045106  0.0468284  
0.00201001  0.0041619  0.000600229  0.019338  0.0605808  0.0110045  
0.0019454  0.00416739  0.001051  0.0307572  0.0665222  -0.0117834  
0.00222736  0.00406418  0.00100848  0.0401695  0.0489001  0.0619115  
0.00190668  0.00423921  0.000600229  0.0418707  0.0467853  0.0165574  
0.00208527  0.0040787  0.00126763  0.061414  0.0488897  0.0333831  
0.00203865  0.00401412  0.000544402  0.0570441  0.0741263  -0.0491084  
0.00225758  0.00448943  0.000672472  0.0401873  0.0624267  0.0473301  
0.00171816  0.00468545  0.000700731  0.0364971  0.0772301  0.0608743  
0.00218279  0.00408474  0.000445093  0.0230618  0.0561471  0.0121141  
0.00189214  0.00428902  0.000936125  0.046413  0.0713636  0.146945  
0.00217084  0.00414033  0.000830139  0.0208514  0.0396555  0.0540515  
0.00238473  0.0041909  0.00115013  0.0179578  0.0620587  0.0016222  
0.00249815  0.00422063  0.00131557  0.0406151  0.0570291  0.113867  
0.00251944  0.00397165  0.00116148  0.0370294  0.0358761  0.0180395  
0.00251437  0.00440896  0.000890875  0.029675  0.0609269  0.0339401  
0.00227462  0.00464706  0.000755288  0.0117211  0.0802139  0.0204583  
0.0024165  0.00410626  0.000203558  -0.00307221  0.0499073  0.0401688  
0.00237695  0.00424318  0.000175998  0.00890265  0.0570287  -0.00980816  
0.00230631  0.00424904  0.000197076  -0.00839568  0.0781315  0.0114834  
0.00225557  0.00430838  0.000445093  -0.00047434  0.0544353  0.0558556  
0.00231284  0.0042529  0.000247043  0.00575856  0.0516635  -0.0151115  
0.0023673  0.00459128  0.000445093  0.0105743  0.0706391  0.0937672  
0.002518  0.00425568  0.000501085  0.00827579  0.0488105  0.0245447  
0.00226455  0.00375407  -9.83564e-05  0.00559977  0.0730357  -0.138605  
0.00272764  0.00454542  -5.30141e-05  0.000635206  0.0932528  0.0106814  
0.00255784  0.00440381  -0.000507801  -0.0123716  0.0570877  -0.0804091  
0.00218638  0.00416246  -0.000454923  -0.00630378  0.0759374  -0.121579  
0.00248838  0.00456805  -0.000271431  -0.0207614  0.0710336  0.00260296  
0.00235669  0.0040357  -0.00069401  -0.0426581  0.0759423  -0.0919758  
0.00243264  0.00439428  -0.000563523  -0.033271  0.093522  -0.0246948  
0.00271794  0.00383392  -0.000729771  -0.0675627  0.0703831  -0.0153832  
0.00242691  0.0037663  -0.000654112  -0.0529426  0.0728906  -0.120553  
0.00225179  0.00445958  -0.000113935  -0.0184034  0.0875892  0.00331214  
0.00266661  0.00428611  -0.000482631  -0.0274319  0.065224  -0.0293557  
0.00215255  0.0039397  -0.000927718  -0.0483013  0.0810094  -0.0878303  
0.00256339  0.00444252  -0.000591991  -0.0513742  0.091906  0.0206139  
0.00278116  0.00385287  -0.00100348  -0.084272  0.0565085  0.0345456  
0.00288251  0.0040631  -0.00057655  -0.0500891  0.0760313  0.0397558  
0.00289019  0.0041088  -0.000202873  -0.0447083  0.0759767  0.0787907  
0.00319881  0.00413702  -0.000213632  -0.0430901  0.0662608  0.0581584  
0.0028378  0.00422075  -0.00039567  -0.0577002  0.0742122  0.0297058  
0.00312969  0.0045497  0.000186029  -0.0335057  0.065194  0.0602207  
0.00338848  0.00447984  0.000466905  -0.0623232  0.0534481  0.1044  
0.0032406  0.00464785  0.000136571  -0.0714523  0.0529384  0.0361118  
0.00333675  0.00458292  0.000412325  -0.063031  0.0733927  0.0484667  
0.00335823  0.00471811  0.000412325  -0.0660547  0.0628689  0.0736493  
0.00299212  0.00431298  0.000157858  -0.0657555  0.0553466  -0.00432579  
0.00315405  0.00444344  3.08429e-05  -0.0708465  0.0848158  -0.000481385  
0.00299073  0.00443895  -7.32686e-06  -0.0660644  0.0789602  0.016531  
0.00313939  0.00440926  0.000143479  -0.0509162  0.0536004  -0.0292972  
0.00335457  0.004693  0.000485588  -0.043148  0.0680963  0.0464828  
0.00329296  0.00455821  0.000897135  -0.0422594  0.067636  0.138487  
0.0032596  0.00482841  0.000859459  -0.0295157  0.0490719  0.0463392  
0.00325726  0.00509069  0.00098092  -0.0169105  0.0749888  0.0452039  
0.00339861  0.0049134  0.000876266  -0.0280428  0.0389562  0.0482203  
0.00338806  0.00508356  0.000954124  -0.0409369  0.0537109  0.0436504  
0.00352977  0.00508505  0.000954124  -0.0326242  0.0722135  0.0778501  
0.00366191  0.00493118  0.000954124  -0.0397554  0.0489966  0.0412753  
0.00327792  0.00516673  0.000532151  -0.0578573  0.0631627  -0.054414  
0.00367961  0.00522869  0.000638876  -0.0709891  0.0536844  0.0458717  
0.00354469  0.00509604  0.000231935  -0.0772937  0.0699938  -0.0888396  
0.00380806  0.00561747  0.00070717  -0.0694427  0.0767311  0.142196  
0.00386773  0.00598465  0.000570652  -0.0645817  0.0608428  -0.00438486  
0.00409805  0.00568803  0.000626988  -0.0627948  0.0480028  0.0831518  
0.00402748  0.00539051  0.000217668  -0.0639384  0.0503742  -0.0508792  
0.00400715  0.00485221  -0.000154885  -0.0795573  0.0532813  -0.170264  
0.00404114  0.0055201  0.000119835  -0.0779152  0.0762999  0.0270876  
0.00395933  0.00531141  -0.000267691  -0.0882248  0.0531945  -0.0980831  
0.00402129  0.00552168  6.34578e-05  -0.0822707  0.0647145  0.0433855  
0.00428456  0.00486055  0.000112699  -0.0830815  0.0622914  -0.0895209  
0.0040268  0.00497264  0.000301085  -0.0762163  0.0854007  -0.0615019  
0.00337887  0.00374123  0.0017585  0.0109399  0.0740712  0.287248  
0.00445807  0.00321621  0.000241691  -0.0288042  0.081263  0.450378  
0.004477  0.00375191  0.000152557  -0.0400016  0.0181925  0.194376  
0.00536988  0.00426963  0.000311913  -0.0310866  0.056164  0.0887387  
0.00572329  0.00488275  0.000106443  0.00296831  0.0752269  0.254229  
0.00482187  0.00511372  -2.77768e-05  -0.0291641  0.0753641  0.207242  
0.0057398  0.00494341  -0.000501015  -0.0752933  0.0820772  0.12065  
0.00528286  0.00498333  -0.000216458  -0.0581955  0.106055  0.282746  
0.00533799  0.00427757  3.45107e-05  -0.0613767  0.0777581  0.239843  
0.00529947  0.00382601  -0.000523191  -0.0915486  0.0907605  0.131712  
0.00505735  0.00490785  -0.000829361  -0.0805883  0.105881  0.242078  
0.0048052  0.00519243  -0.000811581  -0.0829799  0.079544  0.222885  
0.00482051  0.0050202  -0.00104474  -0.085354  0.0894876  0.171037  
0.005167  0.00534225  -0.000406938  -0.0497655  0.0894004  0.282233  
0.00569272  0.00455783  -1.85473e-05  -0.0498507  0.0635306  0.161531  
0.00552267  0.00501187  0.000260539  -0.0565057  0.0906967  0.201451  
0.00531178  0.00513583  -0.000379829  -0.0774638  0.0454458  0.156217  
0.00461452  0.00655775  -0.0014058  -0.0892253  0.0686602  -0.0808655  
0.00533322  0.00618153  -0.000719936  -0.0708206  0.0982966  0.250355  
0.00530586  0.00581151  -0.000139431  -0.0511892  0.0730107  0.162678  
0.00548496  0.00589612  -0.000287981  -0.0469009  0.0888245  0.203199  
0.00576153  0.00565483  -0.000289125  -0.0521777  0.0925939  0.218453  
0.0052536  0.00529428  -0.000605918  -0.066424  0.0720871  0.187655  
0.00548306  0.00457213  -0.0010113  -0.0866356  0.0855069  0.120902  
0.00554502  0.00487973  -0.000837101  -0.0945368  0.0980929  0.0981478  
0.00555074  0.00566026  -0.000818051  -0.0767794  0.0747181  0.292521  
0.00530078  0.00578031  -0.00085577  -0.117987  0.0450223  0.0360623  
0.0052758  0.00576408  -0.00106507  -0.130238  0.095358  0.090163  
0.00516955  0.00561909  -0.000872439  -0.0948412  0.065941  0.17124  
0.00495649  0.00580512  -0.00116676  -0.103552  0.100158  0.0627667  
0.00507462  0.00600858  -0.00108922  -0.10858  0.104864  0.0826615  
0.00372618  0.00635065  -0.0016225  -0.0823919  0.0654963  -0.0607318  
0.0047187  0.00637625  -0.000987155  -0.0816879  0.116828  0.107424  
0.00463207  0.00596346  -0.00108907  -0.0786101  0.09861  0.118784  
0.00173014  0.00426976  -0.00299944  -0.115261  0.0768751  -0.352267  
0.00371893  0.00632817  -0.00200379  -0.0992967  0.10949  0.0406516  
0.00419294  0.00589697  -0.00110491  -0.0800651  0.0799503  0.066744  
0.00422099  0.00571622  -0.00117504  -0.0813099  0.103172  0.0382059  
0.00432475  0.00583652  -0.00115176  -0.0696938  0.0796742  0.12584  
0.00422831  0.00595163  -0.00108811  -0.0762901  0.088217  0.0489465  
0.00447693  0.00576561  -0.00104748  -0.0850784  0.109268  0.0914191  
0.00488621  0.0054303  -0.000940506  -0.0942026  0.0791257  0.0954914  
-0.000200966  0.00484355  -0.00329413  -0.0898157  -0.0221546  -0.596081  
-0.00329388  0.0073025  -0.00414867  -0.105863  0.011436  -0.702313  
-0.00130064  0.00569014  -0.00366902  -0.101491  0.0935334  -0.370028  
0.000562692  0.00556043  -0.00280839  -0.0996735  0.0853651  -0.352742  
-0.000753258  0.00414882  -0.00231418  -0.0994711  0.111942  -0.378028  
-5.29044e-06  0.00494464  -0.00236301  -0.109684  0.095657  -0.273554  
-0.000263927  0.00388266  -0.00272839  -0.112771  0.053967  -0.354239  
0.000690306  0.00488908  -0.00222523  -0.100151  0.0938866  -0.180946  
0.000958493  0.00417516  -0.00223902  -0.10183  0.0500551  -0.22631  
0.000641939  0.00385695  -0.00167138  -0.119873  0.0667566  -0.286417  
0.000899269  0.00497036  -0.00111068  -0.122093  0.0926553  -0.132328  
0.0014924  0.00510839  -0.00188997  -0.141141  0.0598485  -0.163721  
0.000186856  0.00378213  -0.0028231  -0.142782  0.0442624  -0.298805  
0.00101007  0.00538547  -0.00233509  -0.11195  0.0846699  -0.10276  
0.00132848  0.00480231  -0.00226804  -0.106065  0.0650501  -0.136312  
0.00118984  0.004331  -0.00216586  -0.114211  0.086041  -0.144363  
0.00115557  0.0047544  -0.00185193  -0.0781296  0.0856121  -0.0863764  
0.00087755  0.00454872  -0.00196538  -0.0762339  0.0645723  -0.0912134  
0.000945934  0.00480878  -0.00140573  -0.0729943  0.0753492  -0.0650887  
0.000656755  0.00409669  -0.00176734  -0.0933717  0.0697462  -0.107548  
0.00067976  0.00475143  -0.00160914  -0.0738232  0.0677896  -0.0169269  
0.000656124  0.0048151  -0.00150966  -0.0809209  0.0666904  -0.0358663  
0.000694333  0.00412786  -0.00160758  -0.0946199  0.0759328  -0.100233  
0.000613198  0.00457505  -0.000940491  -0.0566589  0.0814724  -0.0775937  
0.000661075  0.00374679  -0.00161241  -0.0751761  0.0656927  -0.129823  
0.000336331  0.00294471  -0.00165123  -0.0974552  0.0828034  -0.193755  
0.000603177  0.0039486  -0.00163766  -0.077298  0.0656444  -0.0624495  
0.000599412  0.00384131  -0.00152334  -0.053446  0.0816479  -0.111944  
0.000792603  0.00386321  -0.00188003  -0.0561166  0.0868859  -0.162624  
0.000874836  0.00409945  -0.00163578  -0.075796  0.0769606  -0.104729  
0.000473042  0.00305228  -0.00133961  -0.0704221  0.0711362  -0.188051  
0.000607429  0.00285946  -0.00107796  -0.0657181  0.0872939  -0.162812  
0.000902767  0.00405254  -0.00084695  -0.0360018  0.0749685  -0.0753101  
0.00100674  0.00405975  -0.000971312  -0.0350405  0.078293  -0.106411  
0.000860777  0.00395923  -0.00111534  -0.041572  0.0934415  -0.112481  
0.00079873  0.00401851  -0.00130363  -0.0662763  0.0816179  -0.0608876  
0.000818356  0.00273138  -0.00188998  -0.0935293  0.0523674  -0.138804  
0.000733604  0.0022338  -0.00141684  -0.0962266  0.0905457  -0.169183  
0.00133055  0.00371662  -0.00158142  -0.0862271  0.0844275  -0.0864986  
0.000556586  0.00238414  -0.00187416  -0.109859  0.0748481  -0.256379  
0.000898304  0.00299016  -0.00178433  -0.0966918  0.0912755  -0.176506  
0.000422098  0.00279907  -0.00229306  -0.0941292  0.0474328  -0.235734  
0.000766564  0.00481148  -0.00174111  -0.105023  0.113026  -0.122109  
0.000492162  0.00378441  -0.00274808  -0.129644  0.0571717  -0.349383  
0.00106349  0.00549004  -0.00204606  -0.109851  0.100014  -0.131054  
0.000531709  0.00397904  -0.00254062  -0.129007  0.0485411  -0.325785  
0.00130408  0.0047942  -0.002052  -0.110841  0.0952624  -0.146159  
6.70824e-05  0.00349382  -0.0029217  -0.14581  0.0421659  -0.335882  
0.000531094  0.00397501  -0.00230461  -0.154917  0.0837621  -0.217406  
0.000460035  0.00353628  -0.00250027  -0.156821  0.0352005  -0.251649  
0.00024884  0.00387498  -0.00246596  -0.173638  0.0823814  -0.282161  
0.000614974  0.00477799  -0.00271925  -0.169402  0.0607967  -0.23823  
6.57339e-07  0.00380295  -0.00261165  -0.193712  0.0879087  -0.273501  
0.000289472  0.00509129  -0.00253195  -0.172164  0.0835229  -0.130717  
0.00125245  0.00368734  -0.00175179  -0.167092  0.160523  -0.186376  
0.000906726  0.00347723  -0.00169207  -0.151442  0.160148  -0.240084  
0.00169372  0.00516922  -0.00184904  -0.140809  0.128506  -0.000555508  
0.00136663  0.00441635  -0.00210453  -0.182561  0.0916837  -0.127335  
0.00112384  0.00410624  -0.00198028  -0.177622  0.0803301  -0.164127  
0.00135068  0.0052837  -0.00183826  -0.145488  0.10637  -0.0996547  
0.00144725  0.00548578  -0.00204202  -0.141084  0.0835938  -0.0251989  
0.000911319  0.00457943  -0.00207379  -0.145599  0.0816306  -0.135664  
0.000607779  0.00342542  -0.00201914  -0.189316  0.117579  -0.167117  
0.00108026  0.00452586  -0.00174185  -0.161161  0.125916  -0.0815365  
0.000791541  0.00333616  -0.00189615  -0.161854  0.115281  -0.235959  
0.00169343  0.00475258  -0.0019016  -0.15592  0.114294  -0.114295  
0.00159411  0.00458349  -0.00164554  -0.133311  0.120178  -0.174209  
0.000913557  0.00374587  -0.00160308  -0.150252  0.150748  -0.223687  
0.00132583  0.00489899  -0.00167125  -0.159651  0.123253  -0.0836939  
0.00141901  0.0041597  -0.00169519  -0.168159  0.124144  -0.240625  
0.00177213  0.00490746  -0.0015698  -0.149944  0.142087  -0.133321  
0.00164048  0.00553328  -0.0017305  -0.136827  0.123806  -0.0595874  
0.00159444  0.00493698  -0.0019658  -0.146999  0.107959  -0.176584  
0.0013774  0.00419769  -0.00172312  -0.146117  0.134969  -0.158201  
0.00161502  0.0046743  -0.00186251  -0.128841  0.123971  -0.0889346  
0.00138275  0.00468984  -0.00192021  -0.126577  0.126682  -0.12391  
0.00118698  0.00401909  -0.00210956  -0.142848  0.131064  -0.184647  
0.00135951  0.00483059  -0.00183033  -0.116762  0.114928  -0.0255897  
0.00100125  0.00468128  -0.00192955  -0.116827  0.108381  -0.060887  
0.000356704  0.002902  -0.0023508  -0.149725  0.117762  -0.265885  
0.000971206  0.00473884  -0.00189459  -0.13796  0.126818  -0.0612631  
0.00110727  0.00447122  -0.00192805  -0.13983  0.112715  -0.0755552  
0.000496896  0.00318791  -0.00233307  -0.159436  0.107464  -0.263836  
0.000707183  0.0050019  -0.00208063  -0.148877  0.118754  -0.0738909  
-0.000259826  0.00302432  -0.00276472  -0.172541  0.0758131  -0.204235  
0.000513346  0.004249  -0.00243258  -0.162786  0.129018  -0.201558  
0.00162119  0.00525015  -0.0019784  -0.16297  0.120362  -0.0815861  
0.00087424  0.00407684  -0.00264619  -0.191743  0.104331  -0.247532  
0.000998553  0.00465909  -0.00234527  -0.185135  0.120635  -0.128299  
0.00127815  0.00444338  -0.00221127  -0.185892  0.109266  -0.121662  
0.000712971  0.0031009  -0.0022416  -0.194834  0.139706  -0.211343  
0.00159564  0.0040486  -0.00222772  -0.178772  0.151716  -0.109303  
0.001287  0.00447051  -0.00217316  -0.160273  0.114167  -0.101958  
0.000756247  0.00382246  -0.00248896  -0.195492  0.138503  -0.240488  
0.00153077  0.00539849  -0.00303525  -0.207088  0.108924  -0.104216  
0.000714236  0.00447546  -0.00290967  -0.198085  0.119026  -0.164554  
0.00120318  0.00423705  -0.00285789  -0.190895  0.121346  -0.144559  
0.00115132  0.00500918  -0.00284616  -0.181306  0.127021  -0.0831008  
0.00117708  0.0046517  -0.00291345  -0.190163  0.113148  -0.0834252  
0.000236616  0.00309742  -0.00282457  -0.214132  0.137909  -0.250676  
0.00144932  0.0043347  -0.00256829  -0.191977  0.160055  -0.191684  
0.00177758  0.00544266  -0.00294803  -0.178848  0.119686  -0.127799  
0.000934184  0.00586988  -0.00347411  -0.219175  0.125051  -0.436358  
0.00202006  0.00728081  -0.00359046  -0.228613  0.140696  -0.125638  
0.000816638  0.00654754  -0.00395082  -0.230797  0.119968  -0.1482  
-0.000221837  0.00575852  -0.00425882  -0.236236  0.116068  -0.161408  
0.000648426  0.00594171  -0.00438751  -0.243045  0.133939  -0.228869  
0.000602487  0.00606284  -0.00420834  -0.244796  0.119089  -0.123317  
0.000384779  0.00565887  -0.00408342  -0.246907  0.107456  -0.155938  
0.000312903  0.00569512  -0.00437431  -0.249825  0.101799  -0.194757  
-0.000297032  0.00421378  -0.00470812  -0.244665  0.117523  -0.2649  
0.000117445  0.00596763  -0.00433112  -0.232343  0.131708  -0.14467  
0.000649398  0.00562147  -0.0044149  -0.241622  0.113828  -0.239469  
-0.000221837  0.00458849  -0.00457324  -0.247306  0.12207  -0.302383  
0.000440777  0.00583911  -0.00410932  -0.231231  0.129199  -0.150861  
0.000176333  0.00546505  -0.00413016  -0.219828  0.117448  -0.216344  
-0.000260451  0.00446699  -0.0039652  -0.210406  0.119214  -0.274516  
0.000794198  0.00554162  -0.0032627  -0.189034  0.154652  -0.127532  
0.000478784  0.00414114  -0.00345003  -0.185246  0.10597  -0.320634  
0.000484898  0.00413854  -0.00150562  -0.0653457  0.103842  -0.220327  
-0.000977707  0.00340189  0.000142098  0.0342342  -0.0761841  -0.234419  
-0.000328186  0.00355562  3.13563e-05  0.0113552  0.0718818  -0.309517  
0.000374363  0.00392017  -0.000533972  -0.0189837  0.0884941  -0.228026  
1.57414e-05  0.0033524  -0.000786905  -0.0243815  0.0818816  -0.314903  
-7.80371e-05  0.00320682  -0.000318146  -0.0106482  0.0728627  -0.300486  
0.00065665  0.00351265  -0.000911864  -0.0428254  0.10137  -0.241309  
9.05281e-05  0.00295956  -0.00168776  -0.0744699  0.0906458  -0.341408  
0.000550417  0.00209005  -0.00109603  -0.0897645  0.141779  -0.183835  
-0.00136535  0.00033792  0.000269068  0.0706597  -0.149212  -0.312616  
-0.00139451  0.00240995  0.00107365  0.0210813  -0.0410175  -0.270266  
-0.00135491  0.00223818  0.000289015  -0.00666289  -0.0850501  -0.34406  
-0.00122635  0.00240877  -0.000846158  -0.0103147  -0.0161617  -0.253944  
0.000170858  0.00293874  -0.001779  -0.0691902  0.0633228  -0.324213  
-0.000154832  0.00319869  -0.00170572  -0.110913  0.109892  -0.380374  
0.000544457  0.00291418  -0.00184605  -0.110172  0.110632  -0.221178  
0.000226876  0.00228727  -0.00230614  -0.134606  0.0984891  -0.366029  
0.00105911  0.00402591  -0.00207912  -0.126801  0.125844  -0.187601  
0.000795385  0.00313051  -0.00224317  -0.118088  0.0865976  -0.250182  
-0.000113917  0.00315425  -0.00282335  -0.110402  0.0827824  -0.346281  
-0.00350791  0.00254718  -0.00110429  0.0383775  -0.193114  -0.390119  
-0.00346557  0.00297656  -0.000906319  0.0096762  -0.0896608  -0.344586  
-0.00211866  0.00274795  -0.0021528  -0.04272  -0.0344635  -0.311099  
-0.00078633  0.00238094  -0.00356556  -0.108494  0.0337224  -0.42388  
-0.00188385  0.00230946  -0.00304274  -0.0991972  0.0467476  -0.319853  
-0.00118915  0.00230215  -0.00318139  -0.0907759  0.0500781  -0.313044  
-0.000932952  0.00305845  -0.00281855  -0.0961662  0.081668  -0.342505  
-0.000687739  0.00370718  -0.00287046  -0.101609  0.107712  -0.160053  
-0.00119477  0.00224394  -0.00302782  -0.11481  0.0645078  -0.290975  
-0.00120516  0.00247147  -0.00309556  -0.138221  0.111123  -0.316998  
-0.000583911  0.00304568  -0.00306543  -0.123956  0.11047  -0.228539  
-0.000343216  0.0037311  -0.0027281  -0.104441  0.125244  -0.306675  
-0.000447043  0.00325774  -0.00267248  -0.107277  0.132764  -0.261447  
4.44685e-05  0.00436323  -0.00227056  -0.0729217  0.149189  -0.160676  
-0.00058363  0.00380847  -0.000416438  0.0343493  0.0739318  -0.216846  
-1.99693e-06  0.00509059  -0.000873354  -0.00981545  0.112993  -0.229869  
-0.000930142  0.00471086  -0.00248955  -0.0415126  0.0965295  -0.490274  
0.000578944  0.00626035  -0.00278774  -0.0664835  0.124642  -0.345249  
0.000149555  0.00506059  -0.00298806  -0.0907377  0.131751  -0.238631  
-0.000443176  0.00594354  -0.00343414  -0.10387  0.106745  -0.136426  
-0.00231295  0.00596453  -0.00339771  -0.139566  0.0810579  -0.140246  
-0.00298955  0.00498509  -0.00342801  -0.149508  0.0740055  -0.185026  
-0.00116989  0.00631191  -0.00358356  -0.141813  0.144919  -0.128357  
0.000138215  0.00546412  -0.00309059  -0.117408  0.0784528  -0.206793  
0.000139459  0.0046028  -0.00292217  -0.144718  0.141074  -0.317763  
-1.10363e-05  0.0053695  -0.00337512  -0.142423  0.157632  -0.181427  
-0.000675962  0.00492853  -0.00355988  -0.145667  0.11872  -0.200488  
-0.000950616  0.0038273  -0.00380714  -0.161142  0.117791  -0.27286  
0.000277049  0.00635601  -0.00315372  -0.142838  0.169151  -0.179872  
0.000642508  0.00627791  -0.00321611  -0.144983  0.12391  -0.212859  
0.000141194  0.00539935  -0.00327403  -0.151056  0.134535  -0.270396  
-0.000442691  0.00611513  -0.00333089  -0.15183  0.144657  -0.166365  
-0.000351469  0.00520948  -0.00382111  -0.14483  0.111618  -0.222891  
4.18193e-06  0.00436289  -0.00399151  -0.160621  0.126468  -0.320206  
0.000434859  0.00645867  -0.00338254  -0.157062  0.15435  -0.22595  
0.00141447  0.00681252  -0.00342637  -0.156601  0.134294  -0.241724  
-0.000166218  0.00456754  -0.00406785  -0.177299  0.146402  -0.31623  
-0.000503317  0.0047839  -0.00402783  -0.156966  0.137044  -0.260271  
4.02802e-05  0.00605877  -0.00385787  -0.155703  0.144945  -0.196185  
-0.000159981  0.00512195  -0.00400893  -0.112909  0.12374  -0.469928  
0.00100401  0.00601943  -0.00321035  -0.107453  0.140621  -0.249815  
0.000214181  0.00558322  -0.00424264  -0.131153  0.122699  -0.321893  
0.000502295  0.00603827  -0.00417897  -0.151529  0.149849  -0.285022  
0.00123176  0.00678968  -0.00399645  -0.143792  0.146281  -0.149823  
0.00113803  0.00646142  -0.00375247  -0.153975  0.145049  -0.239026  
0.000700992  0.00571743  -0.00369264  -0.164248  0.153777  -0.277078  
0.000498591  0.0045762  -0.003704  -0.13664  0.103599  -0.355949  
0.000435393  0.0059464  -0.00343572  -0.110113  0.158281  -0.194523  
2.8308e-05  0.00569494  -0.00363593  -0.107817  0.127232  -0.242311  
0.000431756  0.00541609  -0.00408509  -0.112936  0.108642  -0.32936  
0.000406107  0.00576849  -0.00347594  -0.0927689  0.151108  -0.275378  
0.000572888  0.00713782  -0.00357318  -0.0874751  0.136756  -0.178621  
0.000826947  0.00669314  -0.00351904  -0.0981438  0.126431  -0.241516  
0.00101368  0.00641561  -0.00334881  -0.113876  0.157303  -0.237776  
0.000940903  0.00735694  -0.00317807  -0.112777  0.14112  -0.151507  
0.00108917  0.00701711  -0.00342097  -0.112854  0.145247  -0.247693  
0.00111964  0.00594699  -0.00326024  -0.117051  0.144636  -0.329439  
0.00179061  0.00715393  -0.00300719  -0.0999315  0.164791  -0.182813  
0.001143  0.00680638  -0.00346653  -0.113405  0.130963  -0.214971  
-0.000868453  0.0065802  -0.00408745  -0.113284  0.0889002  -0.157845  
0.000367695  0.00673358  -0.00382019  -0.113022  0.130888  -0.178026  
-1.86747e-05  0.00631837  -0.00370595  -0.0932361  0.142876  -0.217921  
-0.000177496  0.00596123  -0.00329564  -0.10255  0.134767  -0.184763  
-0.00102672  0.00594212  -0.00340082  -0.0978317  0.110794  -0.130983  
-0.000944278  0.00585092  -0.00330746  -0.0943285  0.113393  -0.127584  
-0.00131163  0.00395462  -0.00361318  -0.119878  0.116103  -0.291194  
-0.00122197  0.00578561  -0.0035337  -0.100818  0.116203  -0.166112  
-0.00149778  0.00522736  -0.00353317  -0.100978  0.0991001  -0.206482  
-0.00198793  0.00495443  -0.00373581  -0.113896  0.105523  -0.201217  
-0.00103022  0.00544461  -0.00343129  -0.105001  0.169199  -0.144526  
2.22149e-05  0.00606482  -0.00315364  -0.0976063  0.155537  -0.136265  
-0.000406224  0.00543641  -0.00380646  -0.133945  0.10547  -0.476175  
-9.93829e-05  0.0066008  -0.00324929  -0.0943096  0.117476  -0.15274  
0.000557606  0.00531933  -0.00271102  -0.0876399  0.144278  -0.31045  
0.00124839  0.00572758  -0.00304647  -0.107021  0.163865  -0.217451  
0.00139357  0.0062255  -0.00272157  -0.118713  0.147496  -0.214945  
0.000362203  0.00579053  -0.003313  -0.131157  0.160799  -0.302326  
0.00101332  0.00671497  -0.00299961  -0.124085  0.155584  -0.158146  
0.00103044  0.00626758  -0.00299155  -0.126822  0.136208  -0.204719  
0.00020162  0.00504926  -0.00303793  -0.132967  0.151392  -0.274753  
-0.00118811  0.00495153  -0.00331955  -0.130589  0.139805  -0.216112  
-0.00133876  0.0058249  -0.00341493  -0.11617  0.117745  -0.0537172  
-0.00146713  0.0041537  -0.00435027  -0.128324  0.0899528  -0.328533  
-0.0010838  0.0062556  -0.00360967  -0.108204  0.118554  -0.0609582  
-0.00119997  0.00589169  -0.00356226  -0.102856  0.0848866  -0.164676  
-0.00211437  0.00556306  -0.00372703  -0.100087  0.112467  -0.221635  
-0.0023511  0.0060477  -0.00360931  -0.0944031  0.104407  -0.0920183  
-0.00218537  0.00574424  -0.00405118  -0.0863152  0.0811069  -0.159723  
-0.00273065  0.00575138  -0.00360178  -0.07696  0.119132  -0.116871  
-0.000516629  0.00591266  -0.00297109  -0.0743527  0.159886  -0.0907706  
0.000114345  0.00520198  -0.00309538  -0.108777  0.139336  -0.213591  
-0.00110063  0.00486084  -0.00306034  -0.098907  0.122855  -0.20832  
-0.000740354  0.0046485  -0.00339685  -0.128789  0.0945769  -0.223096  
-0.000362484  0.00461787  -0.00327481  -0.17543  0.139923  -0.307739  
0.000431969  0.00542067  -0.0027704  -0.133432  0.127533  -0.147274  
-0.000929913  0.00360334  -0.00332716  -0.157407  0.0970899  -0.301424  
-0.00100037  0.00403609  -0.0032121  -0.134113  0.130642  -0.265239  
-0.000296788  0.00576116  -0.00286675  -0.114684  0.124158  -0.138647  
-0.000818965  0.00453465  -0.00312296  -0.121133  0.124812  -0.299648  
-0.000455414  0.00411542  -0.00302241  -0.115627  0.143977  -0.316629  
0.000416343  0.00602158  -0.00275976  -0.130446  0.145002  -0.195934  
0.000580015  0.00587368  -0.00374636  -0.14337  0.135862  -0.351376  
0.00469779  0.00644245  -0.00241024  -0.0428996  0.208094  0.292993  
0.00554308  0.00709599  -0.00309942  -0.101032  0.144605  0.0305834  
0.0050109  0.00625817  -0.001808  -0.0713734  0.100169  -0.0523472  
0.00490189  0.00655687  -0.00238968  -0.106783  0.182027  0.0247955  
0.00454882  0.006635  -0.00207945  -0.0757066  0.174849  0.0158309  
0.00456411  0.00645147  -0.00252463  -0.097677  0.199666  -0.0210283  
0.00378044  0.00587187  -0.00242248  -0.113639  0.187795  -0.180048  
0.00452489  0.00683121  -0.0024198  -0.087411  0.214625  0.0304456  
0.00490951  0.00560651  -0.00152512  -0.00723162  0.15232  -0.147136  
0.00253083  0.00610583  -0.000522032  0.0310598  0.161318  -0.0107857  
0.00328119  0.00565932  -8.85539e-05  0.0725467  0.126696  -0.0898528  
0.00176264  0.00455917  -8.85539e-05  0.0798663  0.103732  -0.209178  
0.00340073  0.0049961  -0.00103978  0.0163968  0.15717  -0.181181  
0.00317909  0.00565555  -0.00134686  0.0313874  0.157801  -0.121845  
0.00242957  0.00473723  -0.00183333  0.00399346  0.155433  -0.238733  
0.00335865  0.00539551  -0.00181673  -0.00689621  0.165314  -0.0993202  
0.00270242  0.00485115  -0.00214671  -0.018416  0.147332  -0.237471  
0.00330623  0.0059177  -0.00181257  -0.002796  0.184663  -0.136438  
0.00380033  0.00517943  -0.00174673  -0.0165072  0.147998  -0.117586  
0.00207584  0.00344933  -0.00239137  -0.0818937  0.155414  -0.383076  
0.00339824  0.00504098  -0.00239153  -0.0567394  0.166946  -0.116809  
0.00173398  0.00359359  -0.00297838  -0.067985  0.145289  -0.296951  
0.00229159  0.00395739  -0.00276468  -0.0749337  0.167195  -0.230082  
0.00222366  0.00342638  -0.00267704  -0.0669977  0.15218  -0.278686  
0.00151153  0.00295715  -0.00251317  -0.101246  0.168003  -0.357369  
0.00184171  0.00380718  -0.00248012  -0.0732788  0.173289  -0.261269  
0.00275091  0.00408656  -0.00228032  -0.0558107  0.147142  -0.223556  
0.00204047  0.00327058  -0.00256526  -0.0771089  0.151339  -0.310853  
0.00332903  0.00509204  -0.00147415  -0.0550136  0.173626  -0.159243  
0.00385629  0.00576986  -0.00168875  -0.0620921  0.136525  -0.232441  
0.00332086  0.00577504  -0.00180574  -0.0534712  0.176675  -0.203117  
0.0037898  0.00551067  -0.00197515  -0.0634947  0.161607  -0.153302  
0.0024528  0.00427471  -0.00228979  -0.060328  0.160351  -0.342544  
0.00335453  0.00568872  -0.00237849  -0.0682012  0.1586  -0.166975  
0.00245635  0.00442772  -0.00274831  -0.0864474  0.15963  -0.294863  
0.00384795  0.00552621  -0.00207524  -0.0320894  0.183152  -0.0633572  
0.00354472  0.00524796  -0.00154911  0.0215828  0.156657  -0.0158465  
0.00220532  0.0043558  -0.00151111  0.0969303  0.127375  -0.066335  
0.00184785  0.00235096  -0.000553894  0.154125  0.173412  -0.0888433  
0.00283901  0.00279807  -0.000357014  0.144744  0.147903  -0.159278  
0.00100181  0.00418876  -0.00198433  -0.0373088  0.136434  -0.458907  
0.00288332  0.00607433  -0.00100917  0.00387246  0.166824  -0.10631  
0.00294829  0.00556679  -0.00146845  -0.016006  0.12959  -0.240628  
0.00285111  0.00548062  -0.000861825  0.0183504  0.149006  -0.131398  
0.00275476  0.00532872  -0.000969241  0.0143531  0.124761  -0.197099  
0.00228059  0.00442994  -0.0010527  0.0136792  0.154594  -0.248205  
0.00305179  0.00575976  -0.000747762  0.0394303  0.154017  -0.120664  
0.00327217  0.00517633  -0.0013644  0.0157236  0.138497  -0.221386  
0.00273213  0.00502369  -0.00174057  0.0350909  0.158785  -0.210626  
0.00310216  0.00511448  -0.00216206  0.077177  0.133549  -0.119496  
0.00242687  0.00414787  -0.00266729  0.067584  0.147111  -0.175875  
0.0029621  0.00487695  -0.00206734  0.0898055  0.136308  -0.0528294  
0.00278414  0.00505757  -0.00139451  0.141849  0.131077  0.147511  
0.00289975  0.00542344  -0.00218442  0.166135  0.114769  0.0753797  
0.0026242  0.00527972  -0.00147263  0.120273  0.113799  0.127469  
0.00290781  0.00452016  -0.00155272  0.152487  0.145912  0.169978  
0.00271672  0.00432051  -0.00129342  0.1874  0.125722  0.20774  
0.00288606  0.00428608  -0.00120557  0.159876  0.135312  0.197318  
0.00136536  0.0027271  -0.000688527  0.209343  0.110566  0.229922  
0.00297817  0.00447176  -0.00153153  0.0895993  0.122791  0.0171077  
0.00126137  0.00269754  -0.000268402  0.205327  0.129726  0.249155  
0.000918964  0.00329183  -0.000518402  0.260248  0.101366  0.278587  
0.00261892  0.00355693  -0.000344243  0.232175  0.120352  0.113345  
0.00321197  0.00390822  0.000161855  0.197801  0.130665  0.0987429  
0.00350275  0.00375024  0.000101919  0.160909  0.11218  0.00164025  
0.00169873  0.00220574  0.000533643  0.226254  0.11021  0.252022  
0.00226486  0.00269827  0.000705525  0.269822  0.0818496  0.343489  
0.00338931  0.00287292  0.000438825  0.204929  0.110156  0.116233  
0.00213377  0.00185756  0.000700024  0.191255  0.104716  0.214251  
0.0020364  0.0022497  0.000501824  0.199915  0.119046  0.314928  
0.00493644  0.00484135  0.00050635  0.12135  0.110262  -0.0122275  
0.00465785  0.00314799  0.000896878  0.165076  0.098406  0.0144056  
0.00356644  0.00296606  0.000559246  0.14058  0.0983532  -0.0902542  
0.00313815  0.00543117  -0.000660463  0.0520182  0.139698  -0.139584  
0.00544761  0.00424947  0.000795412  0.103242  0.11089  -0.0371357  
0.00414809  0.00229812  0.00076827  0.14784  0.0810471  -0.196893  
0.00382756  0.0029851  0.00173621  0.127485  0.100399  -0.147148  
0.00413795  0.00277209  0.00178744  0.137867  0.0957322  -0.0983847  
0.00274205  0.0015268  0.00174994  0.135337  0.11694  -0.230062  
0.00490158  0.00239999  0.00179202  0.133447  0.138853  -0.10131  
0.00563948  0.00363084  0.00036723  0.0615192  0.132679  -0.1794  
0.0033215  0.0028758  -0.00177072  -0.0383455  0.154252  -0.373065  
0.00545419  0.00432364  -0.00120378  -0.000190619  0.158039  -0.106269  
0.00522642  0.00438163  -0.00146131  -0.0204849  0.14893  -0.21538  
0.0054371  0.00403436  -0.000431804  0.0149853  0.161539  -0.165595  
0.0058086  0.00396934  -0.000619002  -0.00683466  0.146994  -0.128278  
0.00401004  0.00401895  -0.00220913  -0.0576803  0.159169  -0.326661  
0.00690445  0.00827835  0.000771396  -0.0216016  0.182878  -0.185965  
0.00856545  0.0127117  0.00470849  0.196617  0.182978  -0.335369  
0.00799231  0.0116928  0.00501657  0.173223  0.20264  -0.39148  
0.00774229  0.0110496  0.00506856  0.18576  0.181035  -0.308324  
0.00781115  0.0101176  0.00496293  0.202146  0.19422  -0.17838  
0.00762926  0.0088977  0.0048577  0.191656  0.199835  -0.186479  
0.00762407  0.00858155  0.00487208  0.186503  0.192692  -0.152021  
0.00785234  0.0083235  0.00464778  0.186053  0.184387  -0.168907  
0.00738523  0.00820477  0.00479543  0.188113  0.199909  -0.0853297  
0.00724362  0.00767521  0.00453919  0.17636  0.16853  -0.188795  
0.00717147  0.0073462  0.00495288  0.183416  0.186335  -0.103361  
0.00748971  0.00697995  0.00489123  0.162983  0.163385  -0.185365  
0.00711572  0.0066949  0.00487717  0.146773  0.186416  -0.192533  
0.00714436  0.00687383  0.00502195  0.158811  0.181691  -0.147478  
0.00678314  0.00654886  0.00489448  0.157687  0.17312  -0.224217  
0.00685462  0.00633548  0.00519479  0.16333  0.195138  -0.210069  
0.0077707  0.00603598  0.00544352  0.15624  0.196205  -0.21187  
0.00789125  0.00588875  0.00514579  0.159747  0.187411  -0.319032  
0.00727832  0.00583869  0.00510916  0.158135  0.210724  -0.19689  
0.00712195  0.00552871  0.00548202  0.158569  0.193318  -0.148272  
0.006779  0.00552692  0.00501753  0.148426  0.205218  -0.244254  
0.00558405  0.00530881  0.00407077  0.123833  0.211834  -0.266373  
0.00612236  0.00507016  0.00460092  0.153752  0.22477  -0.176617  
0.00625797  0.00468048  0.00468132  0.165568  0.218268  -0.272417  
0.00656674  0.00497021  0.00462737  0.166705  0.231023  -0.256629  
0.0065471  0.00539451  0.00472903  0.178734  0.235296  -0.180364  
0.00623273  0.00467701  0.00469919  0.167468  0.185679  -0.275977  
0.00647559  0.00478231  0.00483536  0.176208  0.211704  -0.284815  
0.00689192  0.00508055  0.00536774  0.192543  0.203661  -0.144832  
0.00626817  0.00505742  0.00480076  0.182772  0.212371  -0.295671  
0.00648729  0.00566537  0.00550784  0.212411  0.225848  -0.113202  
0.00625377  0.00569068  0.00516938  0.217549  0.199965  -0.188904  
0.00591472  0.00579726  0.00491426  0.224127  0.213509  -0.220983  
0.00633747  0.00607372  0.00551349  0.23439  0.220237  -0.14296  
0.00649102  0.00577416  0.00514482  0.22281  0.199889  -0.209028  
0.00580076  0.00572606  0.00490014  0.201671  0.233795  -0.281458  
0.0063552  0.00609133  0.00526251  0.216823  0.221289  -0.14737  
0.00650106  0.00596675  0.00582059  0.239571  0.20698  -0.190326  
0.00646315  0.00578571  0.00504161  0.241442  0.218881  -0.117655  
0.00587657  0.0053586  0.00493991  0.226911  0.230015  -0.207027  
0.00574672  0.00538787  0.00493824  0.214167  0.224458  -0.175719  
0.00574312  0.00516006  0.00464704  0.177788  0.221101  -0.215745  
0.00619122  0.00437238  0.0050388  0.212744  0.23284  -0.245616  
0.00640224  0.00497644  0.00506711  0.206203  0.236452  -0.176351  
0.00628644  0.00448811  0.00507314  0.171315  0.211286  -0.213352  
0.00658716  0.00445905  0.00535679  0.185828  0.210995  -0.269398  
0.00621856  0.00479542  0.00521926  0.183576  0.228331  -0.234096  
0.00590615  0.00483266  0.00508824  0.170602  0.220794  -0.206002  
0.00588231  0.0046625  0.00530199  0.184526  0.22155  -0.19722  
0.00533099  0.00436973  0.00547404  0.191249  0.22323  -0.243111  
0.00468657  0.00425815  0.00529949  0.208154  0.216362  -0.176038  
0.00451253  0.00437653  0.0052647  0.201306  0.199496  -0.218601  
0.00119734  0.00335107  0.00548791  0.20916  0.154712  -0.243895  
-0.000840115  0.00257254  0.00564098  0.220658  0.126104  -0.187723  
-0.00236602  0.00169449  0.00525835  0.238628  0.102287  -0.286098  
-0.000942015  0.00207799  0.00551044  0.244336  0.157078  -0.235798  
0.00267173  0.0030437  0.0057617  0.259394  0.173002  -0.188106  
0.00123713  0.00178177  0.00546022  0.269981  0.148218  -0.31615  
0.00061567  0.000794843  0.00573836  0.266365  0.108568  -0.365102  
-0.000273696  0.000575879  0.0058943  0.269041  0.133862  -0.33226  
-9.13173e-06  0.000925825  0.00607726  0.281895  0.125876  -0.29444  
-0.000113917  0.000986404  0.00562319  0.267828  0.117302  -0.283908  
1.16946e-05  0.00138818  0.00578465  0.290792  0.128125  -0.216004  
-0.000463945  0.00094246  0.00584585  0.303749  0.119693  -0.245852  
-0.000380683  0.00108935  0.00589092  0.303289  0.125374  -0.221354  
-7.88877e-05  0.00147359  0.00581346  0.299868  0.110769  -0.182393  
0.000467257  0.0018568  0.00599517  0.283825  0.108951  -0.196124  
-1.93658e-05  0.00162449  0.00593708  0.274792  0.0990145  -0.227752  
0.00032418  0.00243879  0.00588557  0.264322  0.126778  -0.214465  
0.00350385  0.00356412  0.00585154  0.251538  0.144211  -0.217333  
0.00111345  0.00225416  0.00582771  0.301361  0.109121  -0.261619  
0.00218736  0.00290673  0.00627831  0.29654  0.137298  -0.201732  
0.00174253  0.00213125  0.00587781  0.2857  0.0990149  -0.383832  
0.0020085  0.00212453  0.00696517  0.292132  0.128634  -0.289334  
0.00271521  0.00232797  0.00655878  0.274732  0.10904  -0.389241  
