-0.00617203  0.00133059  -0.00369386  -0.0838555  -0.292973  0.0683002  
-0.00654887  0.00133059  -0.00338694  -0.0838706  -0.217045  0.105284  
-0.00622415  0.00133059  -0.00324943  -0.07063  -0.263766  0.109032  
-0.00661686  0.00150149  -0.00336728  -0.0805181  -0.219125  0.107085  
-0.00589914  0.00133059  -0.00320547  -0.0805392  -0.246196  0.0964657  
-0.00614837  0.00145238  -0.0033661  -0.0857326  -0.210406  0.120405  
-0.00601654  0.00142793  -0.00342002  -0.0805255  -0.237216  0.13088  
-0.00612412  0.00150293  -0.00331016  -0.0864833  -0.213661  0.121434  
-0.00597491  0.00148143  -0.00335977  -0.0898765  -0.214917  0.140044  
-0.00581055  0.00157451  -0.00326581  -0.089545  -0.237191  0.113083  
-0.00628948  0.0014608  -0.00337738  -0.0947141  -0.222064  0.129331  
-0.00621097  0.0017768  -0.00356197  -0.0989771  -0.214561  0.117867  
-0.00620636  0.00150721  -0.00330419  -0.0989937  -0.21386  0.141614  
-0.00595007  0.00139992  -0.00320177  -0.084928  -0.230241  0.130256  
-0.00604124  0.00127227  -0.00326553  -0.0764078  -0.229831  0.122132  
-0.00653454  0.00158068  -0.00341748  -0.0974731  -0.197724  0.127428  
-0.00641729  0.00193044  -0.00319644  -0.0975136  -0.228531  0.145762  
-0.00891718  0.00193044  -0.00349017  -0.115426  -0.218968  0.175028  
-0.00780436  0.00242712  -0.00307143  -0.110212  -0.2413  0.164054  
-0.00802994  0.00251176  -0.00298003  -0.115519  -0.237329  0.174453  
-0.00702493  0.00221487  -0.00310155  -0.105208  -0.242698  0.157002  
-0.00738483  0.00219437  -0.00319236  -0.10647  -0.221596  0.156968  
-0.00696582  0.00203963  -0.00320448  -0.107397  -0.230498  0.169983  
-0.0069962  0.00242712  -0.00311788  -0.109144  -0.196776  0.178516  
-0.00674583  0.00217572  -0.00321537  -0.102982  -0.215785  0.159291  
-0.00684217  0.00225789  -0.00296424  -0.102861  -0.218714  0.16169  
-0.00719941  0.00217422  -0.00297014  -0.100814  -0.209382  0.175557  
-0.00653284  0.00229315  -0.00301579  -0.0924694  -0.215746  0.177785  
-0.00697453  0.00242712  -0.00307649  -0.102477  -0.215799  0.177747  
-0.00664621  0.00242712  -0.00293598  -0.102601  -0.221794  0.186901  
-0.00705735  0.00212002  -0.00284982  -0.104766  -0.192361  0.194854  
-0.00653739  0.00211185  -0.00289135  -0.104337  -0.220311  0.194921  
-0.00692999  0.00242712  -0.00289501  -0.108585  -0.213458  0.194827  
-0.00684012  0.00242712  -0.0030291  -0.106504  -0.232295  0.166432  
-0.00714822  0.00222234  -0.00295414  -0.109946  -0.199006  0.169852  
-0.00723259  0.00221801  -0.0029763  -0.116584  -0.195088  0.184196  
-0.00679269  0.00242712  -0.00329335  -0.112099  -0.21955  0.179744  
-0.00770187  0.00242712  -0.00323887  -0.116335  -0.193551  0.186323  
-0.00692096  0.00242712  -0.00313974  -0.11212  -0.219124  0.176363  
-0.00721068  0.00242712  -0.00320572  -0.112121  -0.18827  0.185445  
-0.00672233  0.00242712  -0.00356196  -0.112079  -0.234605  0.170003  
-0.0074949  0.00258708  -0.00339578  -0.119301  -0.213218  0.170589  
-0.00724457  0.00252887  -0.00314361  -0.112136  -0.234605  0.164922  
-0.00798214  0.00252887  -0.00356197  -0.112092  -0.210788  0.165305  
-0.00750094  0.00293096  -0.00356197  -0.121524  -0.234672  0.165267  
-0.00750094  0.00285273  -0.00356197  -0.126253  -0.234672  0.142371  
-0.00794653  0.00304879  -0.00379347  -0.130363  -0.206556  0.151328  
-0.00690455  0.0030656  -0.00382591  -0.12503  -0.234656  0.140102  
-0.0076104  0.00292589  -0.00356197  -0.130365  -0.211713  0.15566  
-0.00703002  0.00297471  -0.00387947  -0.130345  -0.234688  0.133082  
-0.00733415  0.00316667  -0.0038723  -0.130362  -0.212927  0.125681  
-0.00722917  0.00316667  -0.00396455  -0.130353  -0.229953  0.125671  
-0.00672473  0.00303602  -0.00390912  -0.128252  -0.241473  0.125717  
-0.00748216  0.00305097  -0.00402725  -0.130342  -0.228858  0.120389  
-0.00703925  0.00284343  -0.00402725  -0.130337  -0.234726  0.108351  
-0.00744656  0.00289001  -0.00402725  -0.130333  -0.225074  0.129067  
-0.00720711  0.00316667  -0.00402725  -0.13035  -0.228558  0.12903  
-0.00718965  0.00316667  -0.00363442  -0.138506  -0.234659  0.129027  
-0.00751108  0.00275804  -0.00402725  -0.138806  -0.221003  0.129071  
-0.0072921  0.00292993  -0.00359766  -0.130389  -0.234664  0.13701  
-0.00765751  0.00278849  -0.00371671  -0.1334  -0.214914  0.150567  
-0.00708348  0.00280475  -0.00372744  -0.127659  -0.251445  0.134683  
-0.00775586  0.00292996  -0.00366003  -0.130389  -0.208532  0.149334  
-0.00690515  0.00270808  -0.00374847  -0.130375  -0.243425  0.112399  
-0.00759354  0.00273861  -0.00372038  -0.130368  -0.209606  0.133862  
-0.00670437  0.00283679  -0.00354876  -0.126556  -0.239875  0.134016  
-0.00755952  0.0030451  -0.00357443  -0.13246  -0.210625  0.153673  
-0.00732244  0.00289709  -0.00344976  -0.127661  -0.235377  0.13621  
-0.00732879  0.00283719  -0.00346407  -0.130419  -0.209806  0.139923  
-0.00703109  0.00275225  -0.00345008  -0.130419  -0.244149  0.130858  
-0.00729301  0.0027468  -0.0034273  -0.121325  -0.215453  0.124  
-0.00683777  0.00271534  -0.00342803  -0.130419  -0.217652  0.132609  
-0.00679906  0.00274688  -0.00348598  -0.130418  -0.19048  0.157351  
-0.00686825  0.00274688  -0.00356185  -0.130408  -0.226324  0.144463  
-0.00674777  0.00281512  -0.00356185  -0.130411  -0.226322  0.140392  
-0.00727238  0.00253502  -0.00356185  -0.121543  -0.198529  0.140385  
-0.0067034  0.00274688  -0.00356185  -0.113282  -0.22632  0.111839  
-0.00705841  0.00262319  -0.00356185  -0.113724  -0.201734  0.14252  
-0.00660239  0.00298933  -0.00356185  -0.13043  -0.226311  0.149151  
-0.00754554  0.00298933  -0.00368194  -0.130416  -0.195814  0.150635  
-0.00695082  0.00284267  -0.00356185  -0.130426  -0.226345  0.137747  
-0.00756271  0.00278214  -0.00356185  -0.130424  -0.197563  0.140428  
-0.00673341  0.00276646  -0.00356185  -0.130423  -0.226335  0.131011  
-0.00748148  0.00277489  -0.0037872  -0.130394  -0.201245  0.142978  
-0.00685176  0.00266271  -0.00356185  -0.13042  -0.226348  0.128546  
-0.00752055  0.00286492  -0.00377717  -0.128028  -0.198288  0.139721  
-0.00726903  0.00298933  -0.00382088  -0.130392  -0.233497  0.134214  
-0.00787339  0.00298933  -0.00385232  -0.13611  -0.216474  0.137502  
-0.00777773  0.00305366  -0.00396471  -0.136295  -0.186954  0.161126  
-0.00775677  0.00298933  -0.00384067  -0.144566  -0.207078  0.161318  
-0.00751878  0.00298933  -0.00396471  -0.145327  -0.211512  0.178904  
-0.00703368  0.00298933  -0.00370583  -0.142423  -0.194907  0.174742  
-0.00734227  0.00298933  -0.00396471  -0.144237  -0.185337  0.173074  
-0.00675485  0.00298933  -0.00396471  -0.141481  -0.208998  0.135367  
-0.00708257  0.00298933  -0.00396471  -0.149951  -0.179261  0.15194  
-0.00642223  0.00315451  -0.00388673  -0.147128  -0.20162  0.128389  
-0.00679056  0.00332461  -0.00396471  -0.152097  -0.164449  0.14444  
-0.00620414  0.00325695  -0.00407357  -0.152087  -0.201279  0.139086  
-0.00684389  0.00331828  -0.00396471  -0.152109  -0.159833  0.162112  
-0.00631327  0.00324927  -0.00396471  -0.154492  -0.192159  0.151601  
-0.00629648  0.00328122  -0.00396471  -0.152113  -0.164849  0.151599  
-0.00607806  0.00325963  -0.00396471  -0.152113  -0.198743  0.150845  
-0.00652681  0.00328381  -0.00396471  -0.152102  -0.170577  0.159546  
-0.0064176  0.00325708  -0.00403288  -0.152099  -0.178419  0.152771  
-0.00624719  0.00327684  -0.00396471  -0.15211  -0.163459  0.16357  
-0.00601248  0.00306274  -0.00409161  -0.152076  -0.171203  0.173008  
-0.00546994  0.00319806  -0.00396471  -0.1521  -0.189471  0.170605  
-0.00601248  0.00357629  -0.00412539  -0.152127  -0.150506  0.165622  
-0.00601248  0.00343185  -0.00396471  -0.15213  -0.18287  0.170521  
-0.00614338  0.0034016  -0.00396471  -0.158365  -0.159166  0.174296  
-0.00550249  0.00331422  -0.00396471  -0.152118  -0.180709  0.153607  
-0.00511861  0.00327193  -0.00418772  -0.152108  -0.139452  0.157768  
-0.00539612  0.00350184  -0.00396471  -0.152135  -0.165525  0.164567  
-0.00594467  0.0034791  -0.00396471  -0.152132  -0.165581  0.164544  
-0.00546271  0.00345767  -0.00426704  -0.154362  -0.165593  0.164612  
-0.00581109  0.00352391  -0.00428007  -0.162832  -0.145037  0.165078  
-0.00490637  0.00357629  -0.00396471  -0.160499  -0.185385  0.168001  
-0.00605928  0.00357629  -0.00420864  -0.162293  -0.1556  0.167518  
-0.00579959  0.00357629  -0.00438961  -0.159408  -0.168088  0.164378  
-0.00614935  0.00357629  -0.00430545  -0.152135  -0.16516  0.149654  
-0.00610622  0.00357629  -0.00428437  -0.152139  -0.185569  0.155463  
-0.00618629  0.00357629  -0.00428221  -0.152139  -0.165069  0.155457  
-0.00615064  0.00346498  -0.0043031  -0.15476  -0.185579  0.172078  
-0.00577794  0.00357629  -0.00429429  -0.160148  -0.175385  0.161034  
-0.00524969  0.00317623  -0.00438961  -0.152114  -0.168029  0.141322  
-0.00678568  0.00357629  -0.00438961  -0.161866  -0.144077  0.155875  
-0.011202  0.00418996  -0.00483215  -0.172358  -0.278428  0.228377  
-0.0124823  0.00502125  -0.00569505  -0.189301  -0.267315  0.213269  
-0.0104767  0.00465879  -0.00501768  -0.17717  -0.217027  0.164688  
-0.00944963  0.00441379  -0.00510513  -0.177262  -0.259016  0.159212  
-0.00984947  0.00456618  -0.005256  -0.18119  -0.196475  0.191871  
-0.00883406  0.00456618  -0.00522803  -0.168823  -0.228644  0.16695  
-0.00885873  0.00456618  -0.00531356  -0.181966  -0.204983  0.177259  
-0.00973884  0.00476654  -0.00572998  -0.185401  -0.246842  0.159735  
-0.00963653  0.00501151  -0.00572999  -0.192263  -0.203788  0.170755  
-0.00932469  0.00479546  -0.00572999  -0.192232  -0.215619  0.168537  
-0.00859518  0.00476482  -0.00534942  -0.198709  -0.199959  0.178329  
-0.00901439  0.00475176  -0.00572999  -0.19882  -0.179599  0.180391  
-0.0086036  0.00501978  -0.00572998  -0.192266  -0.221846  0.160044  
-0.00948257  0.0048925  -0.00572999  -0.199488  -0.192364  0.171743  
-0.00871296  0.00472659  -0.0053721  -0.192243  -0.200462  0.186456  
-0.00925155  0.00333148  -0.00329897  -0.117913  -0.206832  0.17633  
-0.00932207  0.00339959  -0.00290374  -0.117976  -0.220018  0.198294  
-0.00927985  0.00351315  -0.00325556  -0.124406  -0.210678  0.183975  
-0.00903881  0.00351315  -0.00347929  -0.128414  -0.227289  0.18403  
-0.00869128  0.00334455  -0.00347929  -0.118762  -0.221732  0.166514  
-0.008774  0.00351315  -0.00347929  -0.129313  -0.202184  0.152634  
-0.00835676  0.00300813  -0.00266014  -0.107913  -0.216301  0.165602  
-0.00974772  0.00300729  -0.00322313  -0.126255  -0.194167  0.190681  
-0.0134511  0.00326015  -0.00234105  -0.0706117  -0.284623  0.217612  
-0.0113232  0.00344245  -0.00236093  -0.0738835  -0.225941  0.243701  
-0.0101243  0.00250716  -0.00127544  -0.0493138  -0.225664  0.23614  
-0.00941338  0.00224646  -0.00127544  -0.047138  -0.225606  0.197906  
-0.00961184  0.00236067  -0.0017465  -0.0629395  -0.20002  0.201793  
-0.00884749  0.00233628  -0.0017465  -0.0571435  -0.22556  0.181095  
-0.00889756  0.00224646  -0.0017465  -0.0742635  -0.170639  0.192287  
-0.00821539  0.00176709  -0.00102936  -0.0443089  -0.208755  0.185404  
-0.00887575  0.00182892  -0.0010206  -0.0400798  -0.169265  0.207759  
-0.00779153  0.00182892  -0.00112167  -0.0502312  -0.198961  0.174385  
-0.00776197  0.00182892  -0.00112167  -0.0564747  -0.157378  0.197503  
-0.0075578  0.00182892  -0.00112167  -0.0405472  -0.178093  0.215755  
-0.00777169  0.00182892  -0.00101035  -0.0619128  -0.134321  0.236736  
-0.00702298  0.00182892  -0.000913778  -0.057085  -0.180341  0.220455  
-0.00786662  0.00182892  -0.000871667  -0.0570893  -0.145564  0.217789  
-0.00727349  0.00163415  -0.000745931  -0.0570879  -0.162748  0.222146  
-0.0073646  0.00182892  -0.000871667  -0.0570917  -0.153926  0.194269  
-0.0072837  0.00172769  -0.00112167  -0.0639775  -0.162783  0.18596  
-0.00760057  0.00182892  -0.00112167  -0.0746512  -0.150597  0.188077  
-0.00724393  0.00196416  -0.00122607  -0.0746609  -0.162771  0.189031  
-0.00711151  0.00182892  -0.00112167  -0.0746512  -0.162747  0.170816  
-0.00724393  0.00182892  -0.00112167  -0.0746512  -0.139217  0.202577  
-0.00662236  0.00182892  -0.00112167  -0.0746512  -0.170313  0.193802  
-0.00695611  0.00177757  -0.00100846  -0.0746551  -0.136082  0.193781  
-0.00610088  0.00115836  -0.000341541  -0.0473611  -0.156629  0.193867  
-0.00648413  0.00115829  -0.000452121  -0.0473325  -0.116982  0.215468  
-0.00650669  0.00140829  -0.000856682  -0.0643205  -0.169244  0.176049  
-0.00673457  0.00167158  -0.000856681  -0.0672179  -0.144871  0.17465  
-0.00667554  0.00156766  -0.000716333  -0.0672352  -0.144857  0.178706  
-0.00629355  0.00120231  -0.000856682  -0.0639523  -0.171471  0.175292  
-0.00676185  0.00156766  -0.000856681  -0.0672163  -0.124762  0.194901  
-0.00588272  0.0014132  -0.000547645  -0.0627154  -0.17102  0.181623  
-0.00638149  0.00116853  -0.000856681  -0.0484687  -0.128365  0.19516  
-0.00604013  0.00115937  -0.000711306  -0.0452575  -0.153523  0.168182  
-0.00586259  0.00120951  -0.000431076  -0.0452716  -0.140668  0.181871  
-0.00583651  0.00104133  -0.000422026  -0.0452546  -0.151371  0.179363  
-0.00600114  0.00104133  -0.000179248  -0.0452589  -0.12237  0.193469  
-0.00591917  0.00104133  -0.000352304  -0.0402736  -0.132135  0.189278  
-0.00592101  0.0011068  -0.000269496  -0.0429804  -0.123174  0.181618  
-0.00558693  0.00104133  -0.000445577  -0.0392306  -0.130545  0.195924  
-0.00521938  0.00113453  -0.000463993  -0.0523193  -0.123106  0.18167  
-0.00550835  0.00104133  -0.00034817  -0.0392159  -0.12313  0.188469  
-0.00550835  0.000452805  0.000109213  -0.0148845  -0.123124  0.175979  
-0.00550835  0.000544795  -2.18236e-05  -0.0309966  -0.115915  0.192302  
-0.00494984  0.000586252  -0.00024676  -0.020982  -0.123072  0.178664  
-0.00498289  0.000586252  -0.000264823  -0.0309801  -0.107494  0.181751  
-0.00411902  0.000248212  0.000154931  -0.00588446  -0.123027  0.133828  
-0.00470657  0.000189285  0.000108103  -0.00586208  -0.0966303  0.1754  
-0.00376965  3.98142e-05  3.82626e-05  -0.00586821  -0.12303  0.123989  
-0.00413393  0.000145645  0.000101327  -0.00587565  -0.0831028  0.157878  
-0.00327358  0.000313847  0.000114235  -0.0126712  -0.116163  0.141078  
-0.00301763  2.06454e-05  9.81912e-05  -0.00805067  -0.0727376  0.10911  
-0.00268536  0.00035373  4.15805e-05  -0.0213956  -0.120948  0.102086  
-0.00363458  0.000184276  2.20873e-05  -0.0113393  -0.0841484  0.143636  
-0.00293165  0.000184276  0.000663466  0.0021676  -0.104304  0.109929  
-0.0030036  0.000184276  0.000731566  0.00225548  -0.071712  0.121265  
-0.0025684  0.000184276  0.000460666  -0.00588731  -0.107199  0.0948244  
-0.00278039  0.000272317  0.000399524  -0.00587871  -0.0832245  0.0850151  
-0.00205644  0.000118742  0.000302591  0.000866375  -0.120421  0.0565764  
-0.00180867  0.000184276  0.00039302  0.000765586  -0.0822351  0.0667744  
-0.00134965  -8.20193e-05  0.000493666  0.00447908  -0.114653  0.0398045  
-0.00156182  -2.24615e-06  0.000641641  0.00477362  -0.0651033  0.0523365  
-0.000826801  -0.000334903  0.000432611  0.0142698  -0.10817  0.0385699  
-0.0011496  -0.000170633  0.000820944  0.0157028  -0.0524048  0.0530043  
-0.00072482  -5.06969e-05  0.000767359  0.0202051  -0.0951374  0.0435101  
-0.00101089  -0.000157737  0.000943226  0.0212604  -0.0596564  0.0586689  
-0.000952515  -0.000167281  0.000767507  0.0159599  -0.0926559  0.0598564  
-0.000852896  -1.99341e-05  0.000708795  0.0207704  -0.056134  0.0402221  
-0.000578002  -0.000130606  0.000715985  0.0155739  -0.086391  0.0574356  
-0.000662766  -0.00032565  0.00111866  0.0160784  -0.0696344  0.0574233  
-0.000662766  -4.99024e-05  0.0011517  0.0157858  -0.0687544  0.0647563  
-0.000384589  -4.99024e-05  0.00087638  0.0120826  -0.0710557  0.0397125  
-0.00039723  -0.000232  0.000891798  0.0102391  -0.0565355  0.0664893  
-0.000558394  -0.000158668  0.00085875  0.0116383  -0.0760702  0.0575737  
-0.00200894  0.000232971  0.000878334  0.00902723  -0.0484007  0.106098  
-0.00127288  -0.000161796  0.000946755  0.0095452  -0.091051  0.0622509  
-0.00172371  1.65617e-05  0.000726859  0.000561774  -0.053641  0.0622773  
-0.00246411  0.00048187  0.000613654  -0.0171342  -0.074281  0.0703238  
-0.0025161  0.00028384  0.000613654  -0.00582779  -0.0689991  0.0880749  
-0.00180871  0.000243375  0.000613653  -0.00582055  -0.105718  0.0608108  
-0.00204351  9.91137e-05  0.000613653  -0.00581424  -0.071342  0.0684924  
-0.00142213  0.000103529  0.000713449  0.000414643  -0.0984643  0.0548201  
-0.00187711  0.000176532  0.000613653  -0.00581633  -0.0628586  0.0752276  
-0.00118984  6.00464e-05  0.000613653  -0.00581391  -0.0861714  0.0712624  
-0.00145012  -7.91393e-05  0.000613653  -0.000636611  -0.0590304  0.0707314  
-0.000876159  -0.000166414  0.000613653  0.00345168  -0.0889398  0.0545882  
-0.00131715  -0.000166414  0.000613653  -3.10358e-05  -0.0500584  0.0545935  
-0.0011126  -0.000166414  0.000746272  0.00872402  -0.087986  0.0592275  
-0.00191349  -0.000166414  0.000820733  0.00815931  -0.0605845  0.0736927  
-0.00139629  -9.52652e-05  0.000683376  0.0110363  -0.0905622  0.0546109  
-0.00172849  -0.000166414  0.000613653  0.0110162  -0.0636943  0.0478852  
-0.00141465  -0.000277986  0.000716386  0.011017  -0.102172  0.0527119  
-0.00148594  -0.000235678  0.000613653  0.0110177  -0.0674659  0.0513815  
-0.00135206  -0.000283472  0.000613653  0.0110175  -0.0962637  0.0537122  
-0.00110549  -0.000166414  0.000613653  0.0110162  -0.0813966  0.0356022  
-0.000952972  -0.000166414  0.000613653  0.0030107  -0.0838273  0.0482946  
-0.00125337  -0.000166414  0.000613653  0.0110162  -0.0743946  0.0461121  
-0.00112397  -0.000270186  0.000948303  0.0110261  -0.0743992  0.0649687  
-0.00094407  -0.000229763  0.00108219  0.0110229  -0.0807107  0.0478674  
-0.00118381  -0.000166414  0.0010699  0.0163891  -0.0497402  0.0556038  
-0.000752781  -0.000166414  0.000978438  0.0148237  -0.0743911  0.0517894  
-0.000888  -0.000166414  0.00120009  0.0255847  -0.0514005  0.0517979  
-0.000169447  -0.000499187  0.0013982  0.0284438  -0.0910922  0.0386537  
-0.000930472  -0.000166414  0.00130095  0.0310268  -0.0396355  0.0494166  
-0.000631875  -0.000569976  0.0017898  0.0284256  -0.0776092  0.0494014  
-0.000975478  -0.000166414  0.00225429  0.0284173  -0.0457936  0.0656129  
-0.000179731  -0.000532978  0.00225429  0.0284262  -0.0744415  0.0481601  
-0.000488808  -0.000515635  0.00200121  0.0284346  -0.0340306  0.0644787  
-4.32216e-05  -0.00055975  0.00212644  0.0363312  -0.06645  0.0684003  
-0.000226818  -0.000597015  0.00225429  0.0415761  -0.0366294  0.0650979  
0.000105093  -0.000655824  0.00225429  0.0356478  -0.0401209  0.0649133  
0.000130604  -0.000577669  0.00164419  0.0320847  -0.0365896  0.0422818  
0.000830654  -0.000501564  0.00181418  0.0284248  -0.0468208  0.0535741  
0.000222635  -0.00041869  0.00177587  0.0284121  -0.0147768  0.0446196  
0.0005771  -0.000609445  0.00207154  0.0354011  -0.0562598  0.0392193  
1.28922e-05  -0.0005032  0.00199104  0.0284288  -0.0132569  0.0601794  
0.000346604  -0.000646268  0.00208112  0.0284221  -0.0217124  0.0556403  
0.000420208  -0.000495687  0.00205136  0.0284256  0.00219804  0.0393592  
0.00073079  -0.000659262  0.00189484  0.0410264  -0.0443895  0.0393566  
0.000403017  -0.000694876  0.00192495  0.035351  0.00383031  0.0414628  
0.000852842  -0.00073756  0.00187501  0.0329292  -0.0358537  0.0342594  
0.000551762  -0.000347551  0.00178808  0.0284197  -0.00201904  0.0475527  
0.00100614  -0.000671397  0.00194455  0.0284092  -0.0375255  0.0204495  
0.000591845  -0.000566223  0.0020244  0.0460485  0.0162351  0.0488742  
0.00113252  -0.000619889  0.00212723  0.0421399  -0.0307239  0.0512485  
0.00056129  -0.000581921  0.00216036  0.0373122  0.0157729  0.0636115  
0.000970642  -0.000864117  0.00245959  0.0460972  -0.00344121  0.0686914  
0.00109686  -0.000577035  0.00224711  0.0326708  0.0199117  0.0684875  
0.00088515  -0.000731248  0.00209674  0.0322955  -0.00462806  0.0688016  
0.000689567  -0.000619814  0.00209674  0.0300432  0.0166656  0.0488863  
0.00101864  -0.000668481  0.00209674  0.0333813  0.00569108  0.0749173  
0.00122757  -0.000680479  0.00217262  0.030051  0.00936974  0.0612697  
0.00125018  -0.000615379  0.00209674  0.030056  0.00645684  0.0855951  
0.00122646  -0.00056695  0.00209674  0.0300373  0.0166908  0.0578395  
0.00168056  -0.000746105  0.00175685  0.0300401  0.0167258  0.054745  
0.00138401  -0.000617524  0.00180865  0.0270898  0.00457916  0.054757  
0.00153198  -0.00058355  0.00193608  0.03005  0.0167085  0.0679198  
0.00118245  -0.000643189  0.00195474  0.0300478  0.0260113  0.0508139  
0.00142864  -0.000599579  0.00212023  0.0300708  0.0167039  0.0642959  
0.00176559  -0.000726044  0.0020164  0.030065  0.0167256  0.0642594  
0.00155837  -0.000573575  0.00211236  0.0333417  0.0324207  0.081134  
0.00225197  -0.000594906  0.00196154  0.0300281  0.0167489  0.0457161  
0.00176559  -0.000619131  0.00203572  0.0300436  0.0375332  0.0684727  
0.00218252  -0.000811541  0.00206724  0.0300565  0.0167425  0.0684381  
0.00165731  -0.000678127  0.00215005  0.0367165  0.0515866  0.0684524  
0.00177574  -0.000810231  0.00216063  0.0421893  0.0167134  0.0684439  
0.00139888  -0.000611845  0.00176206  0.030039  0.0254108  0.0485681  
0.0015992  -0.000652018  0.00201589  0.0300466  0.0167038  0.0232684  
0.0015121  -0.000876099  0.00186463  0.0460921  0.0389347  0.0559245  
0.00203404  -0.000953916  0.00206866  0.04908  0.00741914  0.041647  
0.00170234  -0.000799858  0.00209586  0.0455333  0.0166876  0.062515  
0.00182926  -0.000643075  0.0019717  0.0447946  0.0188108  0.0431245  
0.00177031  -0.000681607  0.00204909  0.0486559  0.0167069  0.0573737  
0.00176359  -0.000646268  0.00241007  0.0456881  0.0166767  0.0707873  
0.00160135  -0.000650215  0.0026047  0.0530413  0.0314167  0.0743902  
0.00165904  -0.000703738  0.0026047  0.0530519  0.0359512  0.0540578  
0.00159324  -0.000713067  0.0026047  0.0524232  -0.000202678  0.0704916  
0.00182838  -0.000757258  0.0026047  0.0569195  0.0330331  0.043228  
0.00147072  -0.000888318  0.0026047  0.0595824  0.0130036  0.0420907  
0.000955014  -0.000744802  0.0026047  0.0625529  0.0302217  0.0494837  
0.00169822  -0.000725323  0.0026047  0.0547568  0.0174363  0.0699738  
0.001632  -0.00081457  0.0026047  0.0529611  0.0296497  0.048118  
0.00176744  -0.00080896  0.0026047  0.057992  0.0167596  0.0459618  
0.00175274  -0.000666795  0.00233131  0.0556232  0.0225923  0.0286659  
0.00185829  -0.000756041  0.00217775  0.055302  0.00567615  0.0398249  
0.00182949  -0.000886667  0.00231691  0.0563896  0.0173937  0.005903  
0.00195954  -0.000901798  0.00217775  0.0581316  0.0110502  0.00291698  
0.00205908  -0.000748262  0.00217775  0.0549092  0.0265084  0.00294239  
0.00205817  -0.000681315  0.00217775  0.0576023  0.0113509  0.0228575  
0.00201375  -0.000658482  0.00217775  0.0595148  0.0279977  -0.00377672  
0.00232241  -0.000694996  0.00217775  0.0587891  0.0280008  0.0266491  
0.00259372  -0.000671285  0.00217775  0.0542213  0.0103265  0.0149924  
0.00216365  -0.000745016  0.00217775  0.0537548  0.0447764  0.0325345  
0.00259372  -0.000809228  0.00223208  0.0618494  0.0221494  0.015054  
0.00203066  -0.000748156  0.00227403  0.0555488  0.0433997  0.0401947  
0.00219327  -0.000642687  0.00217775  0.0605888  0.00811115  0.00224843  
0.00175484  -0.000728395  0.00217775  0.0579855  0.0415565  0.0281785  
0.00305098  -0.000747939  0.00196176  0.0589466  0.0121278  -0.00793223  
0.00165164  -0.000771134  0.00217775  0.0531512  0.027982  0.0148236  
0.00144547  -0.000594539  0.00217775  0.0473198  0.0279813  0.0125571  
-0.000739553  -8.94375e-05  0.00155972  0.029996  0.00684149  0.0392947  
-0.000924476  5.28128e-05  0.0014791  0.044827  -0.0697051  0.0334746  
-0.00128441  0.000399821  0.00128955  0.0499337  -0.0464811  0.0123911  
-0.00171338  0.000623231  0.000871638  0.0110679  -0.0423153  0.0298455  
-0.000799032  0.000129664  0.00126404  0.0120035  -0.0586134  0.0121292  
-0.00109521  5.06018e-05  0.00128174  0.0120139  -0.0313662  0.0271681  
-0.0012079  5.06018e-05  0.00102316  0.0120341  -0.0242785  0.0082933  
-0.0013598  0.000193602  0.00102316  0.0120307  -0.0179351  0.0315231  
-0.00140742  5.06018e-05  0.00102316  0.0064446  -0.0406094  0.0388169  
-0.00133944  5.06018e-05  0.000903886  0.0120411  -0.0368615  0.0208183  
-0.00124365  5.06018e-05  0.00102316  0.0120341  -0.0246525  0.0175201  
-0.00139663  5.06018e-05  0.00102316  0.00218729  -0.0440568  0.0484562  
-0.00125626  0.000243196  0.00102315  0.0120288  -0.033452  0.00485968  
-0.000963153  0.000230634  0.000960021  0.012034  -0.0440419  0.00592305  
-0.00131975  5.06018e-05  0.000913968  0.0120337  -0.0380878  -0.00541934  
-0.00104896  5.06018e-05  0.00103238  0.0120324  -0.0440505  0.0122689  
-0.00104741  5.06018e-05  0.000949818  0.0120476  -0.0153307  0.00418716  
-0.000732105  0.000164809  0.000852603  0.0120512  -0.0471  0.00390611  
-0.00111896  5.06018e-05  0.000794599  0.0120556  -0.0471262  0.00895145  
-0.0010424  5.06018e-05  0.000860218  0.0120539  -0.0471274  0.0253835  
-0.00100881  5.06018e-05  0.000948651  0.0120504  -0.021355  0.0202393  
-0.000788815  0.000179865  0.00123656  0.0120509  -0.0340521  0.0257834  
-0.00134528  5.06018e-05  0.000794599  0.0120556  -0.0272232  0.00889983  
-0.00126701  5.06018e-05  0.000794599  0.00708254  -0.0340728  0.0491256  
-0.00126701  0.00017879  0.0006627  0.00904951  -0.0227319  0.0444447  
-0.00130642  5.06018e-05  0.000794599  0.0120556  -0.0478964  0.0370647  
-0.0012332  5.06018e-05  0.000794599  0.0120556  -0.0138136  0.0255703  
-0.000989369  0.000206377  0.000794599  0.00359297  -0.039049  0.034791  
-0.00107776  0.000174153  0.000794599  0.00104363  -0.0143853  0.0255539  
-0.00060407  5.06018e-05  0.000794599  0.0120556  -0.0183936  0.0376881  
6.80058e-06  5.06018e-05  0.00110738  0.0301063  -0.0639353  -0.0943398  
-0.00086761  5.06018e-05  0.000794599  0.0120556  -0.00365765  0.101806  
-0.00143532  5.06018e-05  0.000272493  -0.00709529  0.0191676  0.103352  
-0.00109418  9.62853e-05  0.000272493  -0.00709864  -0.0205366  0.111083  
-0.00171894  -0.000106463  -0.000797921  -0.0358333  0.00350512  0.114374  
-0.000677724  -0.000456426  -0.00133866  -0.0312184  -0.00249934  0.103371  
-0.000427824  0.000436668  0.00175832  0.0813134  0.0357558  0.10053  
-0.000360191  -3.10702e-05  0.00104565  0.020455  0.0311075  0.0826033  
-0.000624792  -3.40867e-05  0.000524484  0.0154637  0.0186398  0.06107  
-3.10821e-05  -3.18227e-05  0.000672053  0.0154695  -0.0106726  0.0412196  
-0.000465651  -3.12568e-05  0.000632585  0.0154638  0.0229109  0.0412552  
-0.000101967  2.81591e-06  0.00047885  0.0154828  -0.0256537  0.00554102  
-0.000311482  -2.86417e-05  0.000574729  0.0154917  0.0118491  0.024659  
0.000156965  4.00245e-05  0.00047885  0.018764  -0.0119137  0.0290721  
-0.000255889  4.00245e-05  0.00047885  0.0155156  0.0174886  0.041773  
-0.00194704  -4.54177e-05  0.00047885  0.0155202  -0.0120122  0.0646922  
-0.00139826  4.00245e-05  -4.96551e-05  0.00255008  0.00572034  0.0603025  
-0.00106394  -0.000269202  0.000287743  0.00130459  -0.00973388  0.0493144  
-0.00125741  4.00245e-05  0.000220853  -0.000690401  -0.0120209  0.060346  
-0.00125741  -5.34575e-05  0.000167123  0.000607411  -0.00446215  0.0583381  
-0.00139898  0.000199035  -0.000104136  -0.0101877  -0.0120303  0.0813461  
-0.00186532  4.00245e-05  8.22697e-05  -0.0122991  -0.0270952  0.0798349  
-0.00180869  0.000261282  9.35989e-05  -0.00304882  0.000243036  0.0769791  
-0.00119501  4.00245e-05  0.000186366  -0.00303524  -0.0295982  0.0585707  
-0.0018419  0.00051259  0.000132728  -0.00305361  -0.00118048  0.0705178  
-0.000808636  4.00245e-05  0.000217813  -0.00303378  -0.0120621  0.0419268  
-0.00133475  0.000326134  9.53262e-05  -0.00303818  0.0185758  0.0749781  
-0.000806963  0.000586192  -8.54657e-05  -0.0151551  -0.0201385  0.0715446  
-0.00133154  0.000262888  0.000151976  -0.0177374  0.0170995  0.0750735  
-0.000887476  4.00245e-05  5.76737e-05  -0.0110406  -0.00559164  0.0722979  
-0.000980538  0.000277711  5.96376e-05  -0.0121099  0.0171114  0.0879892  
-0.000887476  0.00100254  8.27701e-05  -0.0306535  0.0171307  0.0844854  
-0.000941609  0.000886264  -4.66966e-05  -0.0306561  0.0400857  0.0893754  
-0.00053148  0.000887564  8.99441e-05  -0.030658  0.00443247  0.0893444  
-0.00101254  0.000887564  0.000146914  -0.0468681  0.030771  0.0701958  
-0.000379944  0.000887564  0.00017423  -0.0487886  -0.00712492  0.0701852  
-0.00102032  0.000887564  1.48469e-05  -0.0454157  0.030407  0.0702245  
-0.00058985  0.000887564  2.47182e-05  -0.0456706  0.00920099  0.0702019  
-0.000641008  0.00110055  0.000479833  -0.0487916  0.0304484  0.0701815  
-0.000430732  0.00100371  0.000165887  -0.0487868  -0.00195363  0.0701853  
-0.000812372  0.000887564  0.000273481  -0.0354907  0.0276989  0.0702123  
-0.000135047  0.000887564  0.000145343  -0.0348453  -0.00912379  0.0701944  
-0.000627173  0.000887564  0.000283433  -0.0319108  0.0230454  0.0639201  
-0.000160496  0.000887564  0.000206827  -0.0332515  0.00945178  0.0701924  
-0.000397188  0.000887564  0.00018746  -0.0362039  0.0259926  0.0795885  
-9.13381e-05  0.000887564  0.000224923  -0.0299379  0.00454966  0.0591567  
-0.00043211  0.00070603  6.83033e-05  -0.0248487  0.0202583  0.0711652  
-0.000343434  0.000958371  0.000152263  -0.0298739  0.00724827  0.0902247  
-0.000282305  0.000617838  0.000234818  -0.0248526  0.017037  0.0591583  
-9.42781e-06  0.000676428  9.021e-05  -0.022201  0.00892976  0.0759541  
-0.00033715  0.000808669  0.000227381  -0.0248571  0.0133343  0.0591633  
-0.000436904  0.000665253  0.000211615  -0.0248626  0.00598282  0.0591656  
-0.000353023  0.000283386  0.000204787  -0.0248421  0.0227218  0.0591769  
-0.000278512  0.00080957  0.000175777  -0.0248543  0.000973864  0.0656064  
-0.000116313  0.000864837  6.60052e-05  -0.0248705  -0.00367892  0.0323178  
-0.000343714  0.000800201  8.21137e-05  -0.024873  0.0129999  0.0500522  
-0.000116313  0.000697154  0.000241986  -0.0302231  -0.0114961  0.0542468  
-0.00047165  0.000778075  8.56545e-05  -0.0248639  0.0297134  0.0513855  
-0.000116313  0.000697154  0.000180728  -0.0314842  -0.00249914  0.0487922  
-0.000272526  0.000697154  4.25529e-05  -0.0319407  0.0272259  0.0676572  
-0.000116313  0.000749637  0.000183347  -0.0248531  -0.0053373  0.0391888  
-0.000209017  0.000526864  -1.77578e-05  -0.0248486  0.0272329  0.0440775  
-0.000116313  0.000697154  9.39404e-05  -0.0248613  -0.0125104  0.0275074  
-0.000223036  0.000770571  0.000232619  -0.038529  0.00588723  0.0585883  
-0.000116313  0.000862567  0.000366391  -0.025327  0.00520155  0.0381914  
-0.000286603  0.000697154  0.000191359  -0.0221888  0.0218979  0.0577019  
0.000443553  0.000697154  0.00012523  -0.0215731  -0.0106648  0.038181  
6.76175e-05  0.000758739  0.000321457  -0.0252883  0.03344  0.0382094  
0.000590907  0.00064234  0.000140918  -0.0253151  0.00358036  0.0153115  
0.000181485  0.000630422  0.000155295  -0.0231913  0.0345949  0.0445476  
0.000809766  0.000748306  0.000140861  -0.0253083  -0.0150115  0.0154632  
0.000212311  0.000697154  0.000305162  -0.0253022  0.0347308  0.0154857  
0.00087909  0.000697154  0.000351195  -0.0205455  0.00769041  0.0154861  
0.000468241  0.000947154  0.000390985  -0.0253068  0.0265528  0.0154884  
0.00087909  0.000697154  0.000243803  -0.0253123  0.000674976  0.0212327  
0.000459209  0.000633838  0.00015889  -0.025301  0.0470922  0.0346645  
0.000950486  0.000615595  0.000113095  -0.0191262  -0.00354361  0.0124426  
0.000281464  0.000697154  -4.96382e-05  -0.0253117  0.0307758  0.0301984  
0.000955678  0.000697154  8.37018e-05  -0.0219786  0.0100161  0.00275168  
0.000341991  0.000697154  0.000137601  -0.00795321  0.0352753  0.0206218  
0.000953255  0.000426436  4.93559e-05  -0.0163202  0.0148079  0.0352893  
0.000530389  0.000697154  -5.80296e-05  -0.0166022  0.0498986  0.027401  
0.000953255  0.00041136  7.64085e-05  -0.0130754  0.0350673  0.0389324  
0.000711907  0.000697154  -0.000133971  -0.0199164  0.0499035  0.0428929  
-0.000697761  0.000600852  0.000104266  -0.0251274  -0.000110085  0.0593576  
-0.00314574  0.00105282  0.000110538  -0.0251465  -0.0354804  0.0646807  
-0.00237236  0.00094524  -0.000247136  -0.0419595  0.000552438  0.0640175  
-0.00151826  0.000793651  -0.000435454  -0.0419555  -0.0064461  0.0479429  
-0.00146798  0.000748718  -0.000555148  -0.0419491  -0.00644881  0.0492659  
-0.00156495  0.000688849  -0.000764263  -0.0419469  0.00104254  0.00911967  
-0.00131702  0.000716093  -0.000517179  -0.0419398  -0.0064202  0.0253343  
-0.00154214  0.000716093  -0.000447112  -0.0353866  0.00853882  0.0279063  
-0.000688091  0.000716093  -0.000619538  -0.0419467  -0.0143266  0.027914  
-0.00100477  0.000716093  -0.000632147  -0.0471992  0.0104254  0.0279144  
-0.000560794  0.000716093  -0.000558445  -0.0396647  -0.00346  0.0279039  
-0.000747222  0.000716093  -6.37575e-05  -0.0190504  0.00127954  0.0279085  
-0.000747222  0.000564163  -0.000146563  -0.0256152  0.0205192  0.050769  
-0.000747222  0.000514647  -0.00027891  -0.0285564  0.0074398  0.0279187  
-0.000747222  0.000582057  -0.000126828  -0.0311602  0.027327  0.0760765  
-0.000747222  0.000413125  0.000122611  -0.0284746  0.007456  0.0552204  
-0.000747222  0.000362055  -9.77122e-05  -0.0311709  0.0384902  0.0812983  
-0.000393913  0.000509826  -4.43489e-06  -0.0311696  0.00897014  0.0608871  
-0.000729911  0.000391144  -9.77123e-05  -0.0311715  0.0298903  0.0809621  
-0.00065209  0.000391144  -9.77123e-05  -0.024888  0.0101647  0.041773  
-0.000845324  0.000391144  -0.000221264  -0.0132342  0.0150126  0.0355653  
-0.000666516  0.000391144  -9.77122e-05  -0.0167847  0.00400241  0.0258045  
-0.00064892  0.000391144  -9.77122e-05  -0.0229619  0.0133514  0.0487503  
-0.000386995  0.000391144  -3.45377e-05  -0.0177414  0.00883563  0.0308464  
-0.000573588  0.000330666  -9.77122e-05  -0.0223628  0.0290626  0.0453076  
-8.25132e-05  0.000391144  -9.77122e-05  -0.0202477  0.00885258  0.045301  
-0.00044096  0.000260288  -3.26092e-05  -0.0199259  0.0326978  0.0291121  
-8.93181e-05  0.000288622  -1.74786e-05  -0.0204116  0.00483408  0.0235562  
-0.000491975  0.000288622  -9.77122e-05  -0.0134277  0.0260372  0.0478324  
-2.62542e-05  0.000288622  0.000294764  -0.01689  0.00886527  0.023098  
-0.000491072  0.000288622  -9.77122e-05  -0.0157339  0.0413041  0.0611698  
0.000191129  0.000288622  5.51977e-05  -0.029917  -0.0114355  0.0293084  
-0.000530604  0.00038254  -9.77122e-05  -0.0241707  0.0265874  0.00432395  
0.000184524  0.000363957  -9.77122e-05  -0.0241683  0.010954  0.0033621  
-4.06342e-05  0.000645428  2.41025e-05  -0.0241635  0.0312827  0.00336745  
0.000187378  0.000327974  5.75327e-05  -0.0178559  0.0210733  0.0203667  
-0.000341232  0.000327974  4.33091e-05  -0.0241697  0.0355071  -0.0174213  
-0.000207436  0.000327974  -9.77123e-05  -0.0123257  0.0224681  0.0123556  
6.67315e-05  0.000327974  -4.58449e-05  -0.00644705  0.00792288  -0.00204568  
-0.000241072  0.000577974  -9.77123e-05  -0.00645028  0.0156345  0.0153302  
-8.31901e-05  8.53e-05  -9.77123e-05  -0.00644764  0.0264228  -0.00130923  
-0.000228879  4.28815e-05  -9.77123e-05  -0.00645003  0.0181059  0.0178224  
-3.36129e-05  5.10843e-05  -9.77123e-05  -0.00645462  -0.000645606  -4.68379e-05  
-0.000554075  5.10843e-05  -9.77123e-05  -0.00645462  0.026403  0.0271993  
0.00014635  8.93666e-05  -4.01306e-05  -0.00645363  0.00827466  0.0235615  
-0.000360638  0.000219659  -9.77123e-05  -0.0043734  0.048786  0.0278551  
-0.00107862  0.000310105  -9.77123e-05  -0.00645124  -0.000475425  0.0249651  
-0.00461986  0.000575044  -0.000569556  -0.025923  -0.061171  0.0420835  
-0.00371183  0.000511911  -9.77123e-05  -0.011884  -0.0363872  0.0420838  
-0.00523024  0.000367742  -9.77123e-05  0.027382  -0.0701839  0.0595608  
-0.0041748  1.40979e-06  -0.000166756  0.0463725  -0.102961  0.0629044  
-0.00481429  -9.00185e-05  -9.77123e-05  0.0324176  -0.0729024  0.023327  
-0.0047431  -6.86212e-05  -9.77123e-05  0.0187152  -0.0497167  0.0431573  
-0.00427462  -6.96793e-05  -0.000228863  0.0253647  -0.0869604  0.0197955  
-0.00471469  -0.000128938  -9.77123e-05  0.0253523  -0.0540199  0.0416836  
-0.00368505  -0.000121561  -9.77123e-05  0.0162807  -0.0901214  0.0371326  
-0.00415695  -0.000301231  -0.000268022  0.00390061  0.0440496  0.0856115  
-0.00444429  0.000190441  -5.36105e-05  0.0117197  -0.00343811  0.0972249  
-0.00244429  0.00023993  -0.000413095  0.00384986  -0.102634  0.0902354  
-0.0018765  0.000175756  -0.000957816  0.00389108  -0.0582183  0.00877912  
-0.00226043  -0.00144153  -0.00127566  0.0505631  -0.147507  -0.107185  
-0.00226043  -0.00113656  0.000366781  0.119108  -0.102263  -0.094467  
-0.0030406  -0.000553526  0.000415397  0.128491  -0.0973249  -0.0944461  
-0.00342176  -0.000393406  -0.000326569  0.0962423  -0.0555312  -0.114972  
-0.0033034  0.000610068  -0.000143945  0.11416  -0.145539  -0.114557  
-0.00319027  0.000491612  0.000351261  0.109841  -0.103821  -0.135244  
-0.00358719  0.000371498  -0.000605151  0.0802588  -0.0798615  -0.116166  
-0.00357604  0.00146815  -0.00121701  0.0332235  -0.136458  -0.142611  
-0.00385001  0.0016952  -0.00070995  0.0806197  -0.142707  -0.131193  
-0.00385001  0.00102828  -0.00138756  0.0623389  -0.09908  -0.150184  
-0.00328464  0.000659839  -0.00182284  0.0563656  -0.120382  -0.149155  
-0.00474597  0.000568231  -0.00214439  0.0392141  -0.0948568  -0.107618  
-0.00505708  0.000318618  -0.00244601  0.0557512  -0.117617  -0.0653939  
-0.00468772  0.000318618  -0.00214439  0.0548051  -0.085852  -0.0477955  
-0.00435883  8.83752e-05  -0.001983  0.0727012  -0.132568  -0.0542971  
-0.00456501  0.000656513  -0.00105921  0.0971058  -0.0777602  -0.0541943  
-0.00504363  0.000340145  -0.00161596  0.0869866  -0.108437  -0.0350187  
-0.00569017  -0.000216765  -0.00248065  0.0683827  -0.0636586  -0.0258785  
-0.00500509  -0.000749307  -0.0024646  0.0776624  -0.0769189  0.0036779  
-0.00478209  -0.00116113  -0.00184789  0.0896219  -0.077016  7.87809e-05  
-0.00550956  -0.000919597  -0.00136565  0.0884398  -0.0698462  0.000110983  
-0.00527192  -0.00193081  -0.00157083  0.106307  -0.0615648  -8.38436e-05  
-0.00500509  -0.00150042  -0.00163323  0.101225  -0.0568567  -0.00879359  
-0.0046252  -0.00141314  -0.00163323  0.0990086  -0.0770473  -0.0200231  
-0.00546271  -0.00141314  -0.00173421  0.0958472  -0.0627681  -0.0200854  
-0.00517842  -0.00141314  -0.00108086  0.114159  -0.0983741  -0.0200601  
-0.00575186  -0.00141314  -0.00172895  0.102209  -0.0457822  -0.00329615  
-0.01359  -0.00188721  -0.0032899  0.0701188  -0.226851  0.0414807  
-0.0132196  -0.00203872  -0.00335044  0.0813253  -0.256789  -0.0121298  
-0.0120825  -0.00141314  -0.00409112  0.0460861  -0.223227  -0.0562739  
-0.0122442  -0.00141314  -0.00399993  0.0460711  -0.193378  -0.0563005  
-0.0123731  -0.00118221  -0.00396489  0.0460646  -0.184702  -0.0283704  
-0.0115426  -0.00130163  -0.0037677  0.0573219  -0.2083  -0.00847599  
-0.0124651  -0.00176286  -0.00305581  0.0957735  -0.189732  -0.00656461  
-0.0114054  -0.00233966  -0.00226027  0.144497  -0.193389  -0.00653277  
-0.0111769  -0.00223014  -0.00249628  0.134057  -0.14986  -0.00146912  
-0.0111604  -0.00218206  -0.00307705  0.111966  -0.20464  -0.00343796  
-0.0177809  -0.00228995  -0.00440897  0.064156  -0.267254  0.0239586  
-0.0198005  -0.00246209  -0.00471952  0.0630157  -0.398114  0.0449145  
-0.0186123  -0.00246548  -0.00448932  0.0730683  -0.379282  0.0414686  
-0.0180975  -0.00272032  -0.00472877  0.0743915  -0.303778  0.0237124  
-0.016881  -0.0036396  -0.00411447  0.108428  -0.294357  0.0201311  
-0.014876  -0.00438053  -0.00210152  0.192438  -0.269631  0.0151485  
-0.0150269  -0.00414547  -0.00228636  0.180898  -0.200201  0.0470472  
-0.0131006  -0.00394063  -0.00276021  0.165894  -0.232182  0.0172601  
-0.0142891  -0.00397506  -0.0029552  0.153838  -0.206973  0.0285671  
-0.0133297  -0.00370571  -0.00305303  0.154469  -0.232148  -0.00612814  
-0.0136338  -0.00404523  -0.00332985  0.14407  -0.203309  -0.00282111  
-0.0129314  -0.00396753  -0.0030449  0.148936  -0.23215  0.00715847  
-0.0134369  -0.00395232  -0.00342388  0.162129  -0.178827  0.0120569  
-0.0128889  -0.0043258  -0.00300677  0.171934  -0.232171  0.00540228  
-0.0137885  -0.00414332  -0.00190609  0.221623  -0.176544  0.0304176  
-0.0123382  -0.00440957  -0.00233996  0.196555  -0.193587  0.0144407  
-0.0143253  -0.00453835  -0.00311759  0.171567  -0.199586  0.0220759  
-0.0140413  -0.00439211  -0.00281544  0.179981  -0.245132  0.0291088  
-0.0140046  -0.00412018  -0.00301363  0.167644  -0.181249  0.02885  
-0.0134301  -0.00412018  -0.00270812  0.165229  -0.227194  0.0708469  
-0.0140099  -0.00412018  -0.00307156  0.15769  -0.206069  0.0563363  
-0.0126227  -0.00412018  -0.00307156  0.163901  -0.21525  0.0358662  
-0.0133936  -0.00431112  -0.00307156  0.160727  -0.206035  0.0355966  
-0.0133732  -0.00412018  -0.00326929  0.139137  -0.240274  -0.00560263  
-0.0132356  -0.00288041  -0.00320065  0.160199  -0.224021  -0.0301117  
-0.0128081  -0.0030182  -0.00267475  0.170278  -0.240432  -0.017923  
-0.0133679  -0.00341643  -0.00320167  0.134735  -0.221816  0.00443449  
-0.0127602  -0.00330816  -0.00363777  0.138001  -0.240305  -0.0394188  
-0.0131365  -0.00333736  -0.00363777  0.138011  -0.20628  -0.013811  
-0.0125506  -0.00335268  -0.00363777  0.13801  -0.240316  -0.0343528  
-0.0134227  -0.00333884  -0.00363777  0.127157  -0.213456  -0.0211378  
-0.0120242  -0.00320425  -0.00326966  0.124859  -0.2404  -0.020816  
-0.0133578  -0.0034968  -0.00354003  0.137987  -0.216441  -0.0211102  
-0.012026  -0.00336437  -0.00327206  0.14573  -0.223413  -0.0283895  
-0.014774  -0.00333523  -0.00363777  0.121636  -0.228923  0.0148797  
-0.0194318  -0.00330066  -0.00435496  0.103988  -0.380703  0.032523  
-0.0195987  -0.00345311  -0.00511173  0.0994637  -0.429827  0.019799  
-0.02008  -0.00373073  -0.00518981  0.0854626  -0.408728  0.0100267  
-0.0194295  -0.00321666  -0.00422715  0.133489  -0.381984  -0.0257018  
-0.0189223  -0.00288041  -0.00384863  0.161469  -0.333278  0.0192755  
-0.0194436  -0.00288041  -0.00347851  0.17611  -0.348411  0.0582667  
-0.0189717  -0.00306037  -0.00401636  0.111314  -0.326206  0.045061  
-0.0184556  -0.00256477  -0.00491792  0.0842915  -0.324181  -0.0325754  
-0.0174714  -0.00189228  -0.00559006  0.0740322  -0.359337  -0.0701806  
-0.0163942  -0.00232309  -0.00425499  0.131002  -0.341716  -0.096812  
-0.0167707  -0.00246344  -0.00384933  0.147302  -0.297467  -0.0414751  
-0.0166987  -0.00246298  -0.00398535  0.130063  -0.299935  -0.0594534  
-0.0165848  -0.00236631  -0.00392998  0.156588  -0.326505  -0.0458277  
-0.0180157  -0.00265262  -0.00438934  0.165896  -0.307042  -0.0417383  
-0.0206796  -0.00228798  -0.00523407  0.168855  -0.413412  -0.0232537  
-0.01983  -0.0037775  -0.00579889  0.166228  -0.333743  -0.0315155  
-0.018135  -0.00382128  -0.00624704  0.156043  -0.376148  -0.112883  
-0.0195827  -0.00372639  -0.00695439  0.116154  -0.375962  -0.118875  
-0.0195827  -0.0040511  -0.00722516  0.125481  -0.422148  -0.109763  
-0.0194722  -0.00421387  -0.00671237  0.13134  -0.383804  -0.0752424  
-0.0188662  -0.00427241  -0.00676537  0.130274  -0.395281  -0.0737644  
-0.0187827  -0.00413364  -0.00662041  0.126801  -0.373045  -0.0938231  
-0.0188012  -0.00421783  -0.00662041  0.118481  -0.389869  -0.0636923  
-0.019221  -0.00415795  -0.00621949  0.126466  -0.364018  -0.0638239  
-0.0186276  -0.00301841  -0.0052264  0.168674  -0.372831  -0.0735328  
-0.0178743  -0.00262798  -0.00513636  0.166746  -0.294705  -0.0418822  
-0.0157139  -0.00323921  -0.00524667  0.179951  -0.354382  -0.0328377  
-0.0158368  -0.00278505  -0.00483916  0.161824  -0.230657  0.0279752  
-0.0155162  -0.00278505  -0.00507029  0.173361  -0.172861  0.0878672  
-0.0132303  -0.00367573  -0.00549304  0.204459  -0.307191  0.0544431  
-0.0125524  -0.0043249  -0.00640832  0.200009  -0.282472  -0.0297939  
-0.0139991  -0.00451256  -0.00601209  0.203579  -0.250257  -0.0202784  
-0.0177441  -0.00500306  -0.00736223  0.154466  -0.347435  0.0122298  
-0.0212346  -0.00439955  -0.00766872  0.131687  -0.427077  0.0307812  
-0.021611  -0.00480535  -0.00771629  0.159116  -0.479586  0.00444598  
-0.0223103  -0.00331772  -0.00832739  0.173063  -0.493417  -0.0417267  
-0.0226857  -0.00400657  -0.00914855  0.159636  -0.371309  0.182312  
-0.0204819  -0.00492002  -0.00878888  0.173384  -0.395344  0.0907254  
-0.0192944  -0.00472789  -0.0078854  0.184935  -0.388177  0.0223021  
-0.0195065  -0.00477435  -0.00838093  0.167328  -0.369532  0.00370613  
-0.019255  -0.0039174  -0.00737352  0.190856  -0.433218  -0.0208372  
-0.0172152  -0.00485155  -0.00875506  0.174541  -0.33413  -0.0288827  
-0.0213733  -0.00611104  -0.0119352  0.126217  -0.32875  0.0659905  
-0.0249804  -0.00323505  -0.0119525  0.103595  -0.356847  0.0642269  
-0.0237114  -0.00288868  -0.0108667  0.0938421  -0.434373  0.0162774  
-0.0241491  -0.00268719  -0.0109203  0.0823663  -0.402476  0.0261895  
-0.0241491  -0.00219243  -0.0104527  0.072133  -0.461147  -0.0124643  
-0.0300383  -0.00416346  -0.0119889  0.0888878  -0.522023  0.128714  
-0.0258053  -0.00363459  -0.00908349  0.108818  -0.539811  -0.0275646  
-0.025131  -0.00319126  -0.00942362  0.107165  -0.450544  0.000275438  
-0.0257055  -0.00246497  -0.00831776  0.152439  -0.472881  0.0318508  
-0.0267602  -0.00269372  -0.00788495  0.17009  -0.416966  0.133151  
-0.0231103  -0.00473737  -0.00753496  0.143632  -0.361426  0.0818214  
-0.0235077  -0.00519147  -0.0067979  0.187284  -0.406741  0.0860614  
-0.0267167  -0.00540623  -0.00858702  0.140285  -0.42154  0.122614  
-0.0293401  -0.00530958  -0.00962115  0.106303  -0.573257  0.102009  
-0.029542  -0.00632989  -0.0112356  0.106642  -0.589546  0.106514  
-0.0298493  -0.00545903  -0.010332  0.0914412  -0.591637  0.0322863  
-0.0293473  -0.00516934  -0.0104199  0.104345  -0.541428  0.0667859  
-0.0277732  -0.00469632  -0.00919547  0.137709  -0.560139  0.0328066  
-0.0267279  -0.00462157  -0.00920414  0.174053  -0.484897  0.0488165  
-0.0265633  -0.00434924  -0.00945467  0.159333  -0.476476  0.0186971  
-0.0259174  -0.00464356  -0.0100301  0.144645  -0.48966  0.00462658  
-0.0269987  -0.00463915  -0.00980501  0.137079  -0.471066  0.0797833  
-0.0260903  -0.00475626  -0.0102305  0.13816  -0.48107  0.0738825  
-0.0257176  -0.00465336  -0.00988783  0.141193  -0.448365  0.0645276  
-0.0253098  -0.00473687  -0.00997742  0.14306  -0.468359  0.0617703  
-0.0263502  -0.00479501  -0.00893563  0.168501  -0.430576  0.108201  
-0.0258857  -0.00467473  -0.00867844  0.168391  -0.449954  0.0832291  
-0.0261787  -0.00479403  -0.00877027  0.178167  -0.403713  0.103497  
-0.0267398  -0.00516149  -0.00877027  0.180808  -0.455735  0.110389  
-0.0309976  -0.00603719  -0.00917618  0.225465  -0.513774  0.13511  
-0.027892  -0.00612789  -0.0089769  0.192346  -0.534815  0.0721765  
-0.027043  -0.00582001  -0.00926801  0.174916  -0.463194  0.0890643  
-0.0257264  -0.00625227  -0.00911294  0.17233  -0.479381  0.0895222  
-0.026305  -0.00623495  -0.00891629  0.175502  -0.461806  0.0904628  
-0.0258029  -0.00658808  -0.00910887  0.183439  -0.469809  0.0697393  
-0.026303  -0.00629769  -0.00866235  0.16748  -0.441263  0.0522255  
-0.0252164  -0.00612889  -0.00909603  0.149919  -0.471314  0.0565306  
-0.024915  -0.00582001  -0.00891552  0.172291  -0.43472  0.0710979  
-0.0246394  -0.00622516  -0.00857473  0.17227  -0.416052  0.0835589  
-0.025346  -0.00630334  -0.007776  0.235276  -0.456003  0.0729252  
-0.0255755  -0.0066718  -0.00810482  0.210609  -0.421595  0.101279  
-0.0253941  -0.00670215  -0.00817651  0.206604  -0.434882  0.0778159  
-0.025517  -0.00659504  -0.00800336  0.212387  -0.43483  0.081981  
-0.0255056  -0.00668885  -0.007491  0.220295  -0.425385  0.0834812  
-0.024794  -0.00706922  -0.00786795  0.191872  -0.37411  0.126512  
-0.022502  -0.00691294  -0.00723483  0.186506  -0.209679  0.19664  
-0.0199071  -0.00708579  -0.00621264  0.231572  -0.347094  0.127576  
-0.0192812  -0.0076266  -0.00504623  0.288997  -0.377522  0.06778  
-0.0209967  -0.00776382  -0.00595174  0.226513  -0.334808  0.0863753  
-0.0239813  -0.00810638  -0.00687586  0.204918  -0.396232  0.10328  
-0.0237435  -0.00775732  -0.00711059  0.208087  -0.45107  0.0597851  
-0.0235979  -0.00775731  -0.00758359  0.196618  -0.412943  0.0360775  
-0.023176  -0.00800464  -0.00600019  0.297871  -0.389551  0.0556155  
-0.0228414  -0.0078417  -0.00585671  0.303232  -0.385396  0.0776412  
-0.022909  -0.00804855  -0.00610671  0.311102  -0.392319  0.0821645  
-0.0230484  -0.00821064  -0.00610671  0.318195  -0.399327  0.055546  
-0.0228149  -0.00796229  -0.00628555  0.309834  -0.403535  0.057069  
-0.0233482  -0.00754899  -0.00668977  0.246905  -0.408784  0.049497  
-0.0254094  -0.00779072  -0.00805433  0.202682  -0.453418  0.00458272  
-0.0310839  -0.00716189  -0.0107714  0.226909  -0.555955  0.0163431  
-0.0267927  -0.00716189  -0.00815789  0.228457  -0.537137  -0.0492653  
-0.025706  -0.00740395  -0.00908658  0.205685  -0.494371  -0.0434374  
-0.0260886  -0.00692923  -0.00813655  0.191102  -0.45865  -0.0138471  
-0.0251131  -0.00693441  -0.00836665  0.187683  -0.474434  -0.000272931  
-0.0248794  -0.00702121  -0.00788233  0.191435  -0.45157  -0.0309793  
-0.0155175  -0.00688102  -0.00850322  0.157049  -0.402621  -0.189362  
-0.0144386  -0.00639607  -0.00847175  0.142023  -0.178182  -0.153325  
-0.0191118  -0.00639607  -0.00764503  0.176121  -0.217695  -0.0730938  
-0.0206395  -0.00639607  -0.00840185  0.17622  -0.297945  -0.0576486  
-0.0191385  -0.00639607  -0.00786227  0.17984  -0.355518  -0.107071  
-0.0202914  -0.00676512  -0.00797255  0.180335  -0.298741  -0.0520431  
-0.0192928  -0.00639607  -0.0078568  0.188174  -0.342794  -0.0660624  
-0.020322  -0.00686463  -0.00770893  0.190637  -0.314845  -0.0318039  
-0.0191235  -0.00684555  -0.00782925  0.198071  -0.330192  -0.0494119  
-0.0213044  -0.00701131  -0.00770858  0.197314  -0.320342  -0.00597908  
-0.0207259  -0.00724534  -0.00750203  0.197327  -0.343236  -0.0223269  
-0.0207898  -0.00726055  -0.00775649  0.200557  -0.320043  -0.00246988  
-0.0261131  -0.00836793  -0.00800649  0.259062  -0.473106  0.0206914  
-0.0261131  -0.00849746  -0.00800649  0.271463  -0.521167  0.0122257  
-0.0261258  -0.00843617  -0.00818385  0.246642  -0.457094  -0.0195867  
-0.0263184  -0.00800146  -0.00783881  0.235957  -0.43951  0.0128321  
-0.0252515  -0.00830673  -0.00762196  0.257474  -0.48069  0.0105314  
-0.0251265  -0.00774242  -0.00745126  0.234051  -0.436952  0.0299956  
-0.0248506  -0.00780531  -0.00732952  0.233098  -0.456615  0.000289337  
-0.0241371  -0.00784769  -0.00733223  0.22856  -0.415018  0.0100178  
-0.0222953  -0.00775773  -0.00753823  0.240187  -0.419057  0.000871411  
-0.0225391  -0.00796723  -0.00726225  0.239092  -0.368236  0.0383191  
-0.0221818  -0.00781129  -0.00702444  0.238887  -0.41027  0.00415837  
-0.0225888  -0.00792773  -0.00702444  0.231376  -0.364547  0.0398739  
-0.0220674  -0.00765315  -0.00702267  0.231695  -0.388408  0.0210633  
-0.0226717  -0.00790315  -0.00702444  0.22176  -0.363753  0.0459171  
-0.0216768  -0.00790315  -0.00727444  0.228048  -0.39204  0.0219664  
-0.0221912  -0.00818472  -0.00687476  0.222127  -0.342484  0.0353146  
-0.0212794  -0.0079696  -0.00702444  0.231175  -0.378722  0.020571  
-0.0227443  -0.00790315  -0.00709568  0.224974  -0.355233  0.0268758  
-0.0222782  -0.00790315  -0.0073693  0.230414  -0.385639  0.0363406  
-0.0223111  -0.00833136  -0.00541534  0.293219  -0.352532  0.0589214  
-0.0206362  -0.00809837  -0.00500158  0.313475  -0.325291  0.0679798  
-0.0218804  -0.00767908  -0.00552021  0.295178  -0.312359  0.0514621  
-0.0210158  -0.00770418  -0.00645772  0.273841  -0.336608  0.0543191  
-0.0220685  -0.00757812  -0.00565226  0.300408  -0.308811  0.0534097  
-0.0211813  -0.00767705  -0.00597039  0.286289  -0.329801  0.0615442  
-0.0214178  -0.00760942  -0.0059422  0.265413  -0.310051  0.0504991  
-0.0228225  -0.00795244  -0.00673701  0.246002  -0.354242  0.0789112  
-0.027796  -0.00847263  -0.00707959  0.233648  -0.420577  0.121858  
-0.0258196  -0.0083521  -0.00682959  0.238854  -0.494827  0.105999  
-0.0276569  -0.00828059  -0.00732302  0.224406  -0.397952  0.239088  
-0.0267282  -0.00824089  -0.00685311  0.242743  -0.439777  0.110719  
-0.0233384  -0.00849003  -0.00581171  0.305123  -0.495498  -0.0787727  
-0.0235607  -0.00828773  -0.00543105  0.276897  -0.378071  -0.0696666  
-0.0227811  -0.00816692  -0.00593591  0.280229  -0.442968  -0.096503  
-0.0222557  -0.00785076  -0.00586586  0.272203  -0.367834  -0.0909423  
-0.0215253  -0.00815724  -0.00591686  0.265685  -0.414678  -0.134208  
-0.0217992  -0.00835362  -0.00691338  0.265576  -0.424892  -0.250706  
-0.0206935  -0.00821138  -0.00683989  0.264819  -0.451445  -0.268039  
-0.020566  -0.0083084  -0.00685008  0.260267  -0.401638  -0.232849  
-0.0198395  -0.00866553  -0.00697237  0.271133  -0.435654  -0.256356  
-0.0217777  -0.00859347  -0.00663844  0.25483  -0.403826  -0.214766  
-0.0254354  -0.00818221  -0.00832085  0.204812  -0.552033  -0.254349  
-0.026044  -0.00850595  -0.0080952  0.253355  -0.558489  -0.254675  
-0.0237744  -0.00832214  -0.00713849  0.272712  -0.528072  -0.29385  
-0.0234907  -0.00858455  -0.00778802  0.251703  -0.467152  -0.271102  
-0.022806  -0.00878409  -0.00695677  0.265081  -0.469888  -0.287952  
-0.0212239  -0.00888126  -0.0071809  0.26664  -0.44201  -0.28059  
-0.0207416  -0.00866659  -0.00696478  0.269346  -0.439702  -0.314197  
-0.0208658  -0.00876508  -0.00708987  0.269372  -0.42205  -0.28733  
-0.0200815  -0.00872173  -0.00696332  0.262554  -0.446292  -0.337299  
-0.0206956  -0.00854185  -0.00689606  0.269415  -0.410081  -0.296928  
-0.0202321  -0.00876871  -0.00673954  0.269281  -0.4439  -0.31957  
-0.0203568  -0.00891872  -0.00675185  0.269288  -0.406588  -0.273958  
-0.0197371  -0.00935401  -0.00709681  0.286783  -0.414921  -0.279048  
-0.0203922  -0.00904512  -0.00669621  0.273789  -0.371222  -0.22681  
-0.0198886  -0.00905906  -0.00721984  0.27837  -0.445572  -0.281459  
-0.0202937  -0.00899723  -0.00676821  0.276677  -0.379167  -0.241807  
-0.0191688  -0.00929732  -0.00650896  0.285562  -0.398047  -0.249742  
-0.0192546  -0.00939156  -0.00618714  0.284995  -0.351343  -0.240757  
-0.0228688  -0.00935047  -0.00773636  0.295108  -0.494756  -0.26507  
-0.0260792  -0.00866871  -0.00835248  0.293209  -0.51607  -0.241006  
-0.0254098  -0.00960006  -0.00766983  0.330392  -0.561714  -0.251437  
-0.0254098  -0.010097  -0.00763879  0.33033  -0.533374  -0.266605  
-0.0253095  -0.0100202  -0.00726925  0.322628  -0.485779  -0.245469  
-0.0239004  -0.0103038  -0.00722471  0.330256  -0.502246  -0.255179  
-0.0248113  -0.00982509  -0.00685159  0.307189  -0.465508  -0.228808  
-0.0231147  -0.0100247  -0.00738705  0.311329  -0.510676  -0.267765  
-0.0242044  -0.00949436  -0.0073088  0.311223  -0.444512  -0.245574  
-0.0234271  -0.0100396  -0.00725539  0.320061  -0.526033  -0.275644  
-0.0241462  -0.00942186  -0.00711532  0.299118  -0.457657  -0.252101  
-0.0227339  -0.0096848  -0.00696481  0.301529  -0.509213  -0.280415  
-0.0240119  -0.00960491  -0.00723387  0.305017  -0.450108  -0.244684  
-0.0227348  -0.00991121  -0.00772211  0.322898  -0.519613  -0.280379  
-0.0240216  -0.00935833  -0.00720758  0.300284  -0.469693  -0.243631  
-0.0224013  -0.00979007  -0.00732911  0.319209  -0.49221  -0.280218  
-0.0235123  -0.00937383  -0.00721405  0.302019  -0.472703  -0.257727  
-0.023483  -0.00937383  -0.00793439  0.274021  -0.523789  -0.269132  
-0.0238369  -0.00883754  -0.00748925  0.273949  -0.478048  -0.27068  
-0.022826  -0.00928681  -0.00757262  0.273886  -0.493073  -0.269828  
-0.0239367  -0.00902649  -0.00751869  0.273969  -0.467385  -0.243247  
-0.0227187  -0.00926094  -0.00772707  0.273949  -0.500481  -0.283182  
-0.0236388  -0.00911889  -0.0074128  0.271644  -0.472587  -0.25247  
-0.0225318  -0.00927484  -0.00770094  0.273988  -0.489902  -0.258895  
-0.0232367  -0.00905423  -0.00711934  0.273803  -0.460676  -0.245616  
-0.0220583  -0.00895676  -0.00783503  0.274038  -0.48611  -0.29674  
-0.0220097  -0.00853749  -0.00758459  0.271616  -0.466754  -0.2966  
-0.0214532  -0.00894724  -0.00785131  0.274064  -0.469419  -0.279264  
-0.0220058  -0.00853749  -0.00765115  0.263584  -0.459278  -0.283278  
-0.0238026  -0.00905904  -0.00704514  0.329318  -0.494743  -0.268898  
-0.0236778  -0.0096884  -0.00709515  0.362493  -0.514439  -0.31943  
-0.023414  -0.00970556  -0.00718717  0.343647  -0.482449  -0.293858  
-0.0223383  -0.00967781  -0.00700693  0.33857  -0.514677  -0.332733  
-0.0243668  -0.00965344  -0.0072213  0.316771  -0.497523  -0.266399  
-0.025234  -0.010282  -0.00817856  0.291669  -0.542961  -0.285014  
-0.0267886  -0.0100915  -0.00862746  0.225656  -0.619453  -0.327721  
-0.0266125  -0.0106272  -0.0092076  0.239548  -0.652304  -0.353409  
-0.0286502  -0.0100078  -0.0101405  0.236932  -0.632251  -0.389168  
-0.0282702  -0.00992683  -0.00884383  0.249212  -0.668815  -0.370955  
-0.0273427  -0.0102186  -0.00795685  0.32916  -0.612015  -0.383462  
-0.0269421  -0.00969093  -0.00789716  0.28099  -0.610177  -0.377571  
-0.0259467  -0.00916564  -0.00754229  0.257369  -0.578342  -0.374429  
-0.0252684  -0.00943009  -0.00757845  0.266143  -0.572283  -0.330659  
-0.0249835  -0.00931523  -0.00704387  0.262749  -0.551289  -0.311665  
-0.0243521  -0.00914359  -0.00703041  0.25996  -0.537328  -0.297696  
-0.0241519  -0.00952448  -0.00649084  0.272396  -0.511422  -0.341633  
-0.0239614  -0.0101642  -0.00648132  0.305456  -0.504717  -0.302397  
-0.024368  -0.00986523  -0.00634079  0.288549  -0.508026  -0.323332  
-0.0231277  -0.00979315  -0.00653902  0.291679  -0.514382  -0.325532  
-0.0253084  -0.00999967  -0.00637519  0.289097  -0.504193  -0.308481  
-0.0262042  -0.0102803  -0.00650633  0.299179  -0.570633  -0.261771  
-0.0243861  -0.0098405  -0.00614081  0.277066  -0.522422  -0.313494  
-0.0249887  -0.00923523  -0.00624111  0.260423  -0.536417  -0.30063  
-0.0253028  -0.00950737  -0.00672426  0.256882  -0.505686  -0.234167  
-0.0250016  -0.00883787  -0.00649614  0.250022  -0.511054  -0.275994  
-0.0240128  -0.00832804  -0.00653792  0.250115  -0.523155  -0.288662  
-0.0240647  -0.00880521  -0.00619972  0.25853  -0.475319  -0.288793  
-0.0235515  -0.0087641  -0.00628407  0.27124  -0.4989  -0.269767  
-0.0245035  -0.00962446  -0.00599807  0.307673  -0.478879  -0.250889  
-0.0248239  -0.0102312  -0.00609223  0.370416  -0.542331  -0.265745  
-0.0253155  -0.0102429  -0.00600536  0.35903  -0.51932  -0.269142  
-0.0244141  -0.0102028  -0.00630639  0.348506  -0.531637  -0.27472  
-0.0253214  -0.00976459  -0.00622356  0.346717  -0.515414  -0.273146  
-0.0238382  -0.0100741  -0.00640451  0.343573  -0.544753  -0.299091  
-0.0251169  -0.00921877  -0.0061415  0.281059  -0.50618  -0.277754  
-0.0243422  -0.00955728  -0.00635783  0.281067  -0.533685  -0.279815  
-0.0248875  -0.00963191  -0.00627356  0.276117  -0.505079  -0.27319  
-0.0240597  -0.00963191  -0.0062588  0.297779  -0.515497  -0.29134  
-0.0245713  -0.00963191  -0.00630704  0.291801  -0.50915  -0.293832  
-0.0236523  -0.00974846  -0.00621253  0.291522  -0.507674  -0.293569  
-0.0240979  -0.00955693  -0.00600014  0.33183  -0.50312  -0.286747  
-0.0238201  -0.00938191  -0.00618619  0.316001  -0.516181  -0.270808  
-0.0242186  -0.00948978  -0.00599961  0.31502  -0.516198  -0.282515  
-0.0238287  -0.00995496  -0.00599522  0.332466  -0.481252  -0.248652  
-0.0233423  -0.00994274  -0.00603418  0.332949  -0.495603  -0.276557  
-0.0241648  -0.0099008  -0.0058917  0.328729  -0.468815  -0.258548  
-0.022785  -0.00946357  -0.00569681  0.313353  -0.498641  -0.293696  
-0.0244408  -0.00942019  -0.00589868  0.289125  -0.456602  -0.261457  
-0.0228669  -0.00953794  -0.00588746  0.302358  -0.481154  -0.293641  
-0.022974  -0.00962769  -0.00556152  0.286712  -0.455995  -0.271761  
-0.0223582  -0.00966307  -0.00582301  0.284319  -0.483303  -0.293502  
-0.0228177  -0.00949177  -0.00540872  0.282298  -0.443589  -0.293575  
-0.0219345  -0.00971294  -0.005674  0.28797  -0.458379  -0.281115  
-0.0224151  -0.0100369  -0.00547026  0.310291  -0.44149  -0.282595  
-0.0222081  -0.0100962  -0.00539006  0.338942  -0.448728  -0.283588  
-0.0206467  -0.0118307  -0.00594528  0.421262  -0.510274  -0.607191  
-0.0216345  -0.0127887  -0.00608984  0.449216  -0.608828  -0.667975  
-0.0228032  -0.0114178  -0.00569937  0.394278  -0.576769  -0.589394  
-0.0222258  -0.0115308  -0.00604355  0.386245  -0.557924  -0.544988  
-0.0223244  -0.0113996  -0.00579128  0.379256  -0.521786  -0.535391  
-0.0219399  -0.0112793  -0.00614961  0.394314  -0.513  -0.508096  
-0.0217509  -0.0113819  -0.00568731  0.378394  -0.530648  -0.490933  
-0.0220606  -0.011347  -0.00539953  0.371746  -0.479773  -0.474577  
-0.0214693  -0.0116668  -0.00567789  0.384822  -0.523704  -0.489457  
-0.0220427  -0.01136  -0.00547689  0.372172  -0.485515  -0.465368  
-0.0217515  -0.011485  -0.00556008  0.377574  -0.510161  -0.477416  
-0.0225064  -0.0115062  -0.00525993  0.373587  -0.500871  -0.463657  
-0.0217822  -0.0115739  -0.0054317  0.380961  -0.501638  -0.455523  
-0.0234013  -0.0117144  -0.0052931  0.391699  -0.527268  -0.449814  
-0.0238995  -0.0117836  -0.00545449  0.410505  -0.540005  -0.43993  
-0.0235734  -0.0119993  -0.00506707  0.412343  -0.535865  -0.442257  
-0.0235732  -0.0122217  -0.00545449  0.411711  -0.508701  -0.40104  
-0.0231886  -0.0122337  -0.00545449  0.422642  -0.539322  -0.418331  
-0.0236914  -0.0122423  -0.00512931  0.414596  -0.508249  -0.425736  
-0.0233407  -0.0124027  -0.00499594  0.41478  -0.550911  -0.434861  
-0.0235064  -0.0128317  -0.00528715  0.463763  -0.521162  -0.42647  
-0.0234772  -0.0124403  -0.00493289  0.440632  -0.550942  -0.454367  
-0.0243406  -0.0121836  -0.00485379  0.391271  -0.500106  -0.432729  
-0.0256086  -0.0115129  -0.00457665  0.376221  -0.412023  -0.324371  
-0.0254301  -0.0109298  -0.00502273  0.346747  -0.510516  -0.274798  
-0.0296179  -0.0111723  -0.00565186  0.329883  -0.750151  -0.362017  
-0.0291996  -0.01086  -0.00668083  0.366041  -0.745935  -0.464893  
-0.0297605  -0.0114514  -0.00740824  0.360466  -0.700506  -0.460894  
-0.0280346  -0.0121129  -0.00754769  0.396384  -0.656204  -0.477873  
-0.0274972  -0.0144338  -0.00740439  0.530581  -0.666994  -0.479197  
-0.0273701  -0.0144339  -0.00760039  0.512154  -0.637703  -0.459346  
-0.0271406  -0.0143286  -0.00768501  0.485832  -0.626825  -0.445947  
-0.0271677  -0.0140762  -0.00745999  0.462552  -0.64874  -0.444359  
-0.0271677  -0.0137305  -0.00752323  0.474768  -0.642011  -0.433223  
-0.0278542  -0.0138731  -0.00821183  0.447602  -0.618825  -0.379893  
-0.0275318  -0.0135946  -0.00755583  0.4454  -0.59702  -0.350234  
-0.026867  -0.0128599  -0.00813057  0.44432  -0.660925  -0.378708  
-0.027656  -0.0126311  -0.00759792  0.442021  -0.602748  -0.375354  
-0.0274893  -0.0154127  -0.0065881  0.576715  -0.64139  -0.373061  
-0.0273039  -0.0147456  -0.00684872  0.501268  -0.596558  -0.345119  
-0.0263063  -0.0149206  -0.0064001  0.513605  -0.621188  -0.377894  
-0.0271853  -0.0147456  -0.0062999  0.502319  -0.572068  -0.364103  
-0.0267625  -0.0143528  -0.00669812  0.46628  -0.624129  -0.377763  
-0.0292195  -0.0160193  -0.00631519  0.534258  -0.624032  -0.360594  
-0.0287091  -0.0167983  -0.00589708  0.581902  -0.649982  -0.377871  
-0.0272206  -0.0162639  -0.00752557  0.524155  -0.657191  -0.449138  
-0.0270231  -0.0161088  -0.00747126  0.536078  -0.592934  -0.426396  
-0.0265276  -0.0158539  -0.00690072  0.513706  -0.608738  -0.42209  
-0.0270891  -0.0166178  -0.00704481  0.497677  -0.591574  -0.398833  
-0.0304227  -0.0162389  -0.00674747  0.4995  -0.653636  -0.383269  
-0.0302377  -0.016406  -0.0068482  0.495382  -0.712278  -0.404536  
-0.0297987  -0.0159984  -0.00715343  0.480271  -0.647192  -0.384479  
-0.0293559  -0.0155977  -0.00705988  0.471869  -0.626726  -0.416185  
-0.0283647  -0.0158539  -0.00706065  0.478842  -0.636904  -0.39131  
-0.0285084  -0.0154909  -0.0068003  0.474431  -0.604095  -0.400165  
-0.0272533  -0.015677  -0.00702284  0.479153  -0.604205  -0.365249  
-0.0264617  -0.0161132  -0.00700959  0.490791  -0.571818  -0.357269  
-0.026128  -0.0151782  -0.00647942  0.457146  -0.573879  -0.387539  
-0.0253483  -0.014957  -0.006368  0.463644  -0.561503  -0.402984  
-0.0256703  -0.0151047  -0.00637773  0.45519  -0.536229  -0.38734  
-0.0250995  -0.0151374  -0.00624324  0.459478  -0.567797  -0.391176  
-0.0252124  -0.0150216  -0.00612539  0.456952  -0.539911  -0.374841  
-0.0247407  -0.0149212  -0.00630223  0.465571  -0.546974  -0.385781  
-0.0248453  -0.0147221  -0.00606465  0.455075  -0.50924  -0.369131  
-0.0237347  -0.0149339  -0.00593116  0.459312  -0.537848  -0.378484  
-0.0250255  -0.0149627  -0.00580715  0.458764  -0.510118  -0.360032  
-0.0240353  -0.0151002  -0.00585842  0.462093  -0.530059  -0.362611  
-0.0258779  -0.0150064  -0.00630223  0.450906  -0.523622  -0.365762  
-0.0290425  -0.014951  -0.00698974  0.463288  -0.677599  -0.405105  
-0.0288013  -0.0148871  -0.00656399  0.465963  -0.623123  -0.404977  
-0.0275923  -0.0154664  -0.00655933  0.463652  -0.641049  -0.387548  
-0.0281578  -0.015627  -0.00639254  0.491637  -0.618493  -0.373087  
-0.0277473  -0.0158971  -0.00587303  0.501122  -0.587381  -0.354867  
-0.0273167  -0.0164251  -0.00579717  0.514239  -0.620713  -0.428161  
-0.0262303  -0.0162284  -0.0060358  0.502101  -0.630098  -0.535987  
-0.0256603  -0.0156761  -0.00560606  0.490397  -0.59603  -0.604203  
-0.0222467  -0.0156765  -0.00529185  0.528837  -0.517279  -0.729849  
-0.0225974  -0.0169252  -0.00641101  0.505126  -0.639145  -0.552007  
-0.0253325  -0.0176036  -0.00644122  0.515862  -0.712502  -0.457565  
-0.0253325  -0.0161473  -0.00628184  0.531915  -0.655702  -0.511814  
-0.0260321  -0.0158684  -0.00705664  0.529906  -0.594843  -0.576601  
-0.0261402  -0.0153734  -0.00704375  0.50016  -0.612184  -0.541051  
-0.0269849  -0.0151864  -0.00715944  0.496283  -0.639028  -0.602219  
-0.0271665  -0.0148619  -0.00751624  0.492741  -0.662232  -0.622419  
-0.0266466  -0.0149768  -0.00718553  0.518617  -0.639019  -0.618293  
-0.0250737  -0.0149269  -0.0073971  0.505562  -0.636976  -0.6363  
-0.0242393  -0.0147976  -0.00682269  0.502729  -0.602975  -0.633167  
-0.0229415  -0.0149269  -0.00656684  0.504477  -0.581714  -0.605422  
-0.0231589  -0.0155945  -0.00599895  0.502224  -0.554648  -0.564505  
-0.0225433  -0.0157742  -0.00615094  0.521935  -0.553242  -0.558446  
-0.0215145  -0.0153516  -0.00613143  0.508262  -0.507813  -0.552589  
-0.0225114  -0.0156376  -0.00640619  0.521997  -0.589367  -0.626189  
-0.0212453  -0.0177542  -0.00696286  0.582151  -0.595671  -0.828733  
-0.0205873  -0.0140444  -0.00617278  0.4936  -0.546211  -0.930446  
-0.0209966  -0.0142311  -0.0071264  0.512765  -0.67664  -0.849759  
-0.0211739  -0.0141896  -0.00662246  0.504644  -0.643516  -0.767647  
-0.0213214  -0.0132683  -0.00715215  0.493228  -0.622795  -0.683031  
-0.0207234  -0.013127  -0.00695247  0.479828  -0.590541  -0.722028  
-0.0214095  -0.0133402  -0.00667394  0.4919  -0.582261  -0.679372  
-0.0207673  -0.0133985  -0.00643899  0.491754  -0.563372  -0.711205  
-0.0206879  -0.0137742  -0.00634709  0.503541  -0.572898  -0.684789  
-0.0211702  -0.0139336  -0.00609387  0.491475  -0.574039  -0.674485  
-0.0208394  -0.0137526  -0.00628806  0.491623  -0.536656  -0.669354  
-0.021748  -0.0144262  -0.00627454  0.498506  -0.591425  -0.640901  
-0.0284283  -0.0145102  -0.00684069  0.504948  -0.659534  -0.55883  
-0.0269971  -0.0145975  -0.00661626  0.512722  -0.693052  -0.621489  
-0.027598  -0.0142438  -0.00443809  0.482158  -0.722072  -0.748921  
-0.0241567  -0.0142825  -0.00598316  0.503532  -0.683705  -0.674583  
-0.0234746  -0.014621  -0.00635171  0.506459  -0.635266  -0.666833  
-0.0226455  -0.014428  -0.00674688  0.508897  -0.674613  -0.715799  
-0.023046  -0.0141579  -0.00655852  0.490392  -0.609124  -0.679439  
-0.0225533  -0.0143666  -0.00682441  0.502534  -0.650908  -0.697237  
-0.0228146  -0.013956  -0.00677754  0.482721  -0.589418  -0.666546  
-0.0237202  -0.0149988  -0.00670587  0.48625  -0.650579  -0.6567  
-0.0246451  -0.0144529  -0.00691728  0.485893  -0.650213  -0.661679  
-0.0250957  -0.0141159  -0.00745761  0.455031  -0.617268  -0.603479  
-0.0251472  -0.0139722  -0.00760067  0.450613  -0.612207  -0.589031  
-0.0247789  -0.0139722  -0.0071905  0.457081  -0.602882  -0.568004  
-0.0252805  -0.0143738  -0.0055218  0.503367  -0.650863  -0.563685  
-0.0258127  -0.0154535  -0.00540285  0.540541  -0.605623  -0.537577  
-0.0267694  -0.0152596  -0.00538664  0.561897  -0.641195  -0.552818  
-0.0253209  -0.0145598  -0.00588598  0.523795  -0.612608  -0.576757  
-0.0272588  -0.0139791  -0.00709123  0.481956  -0.608632  -0.403899  
-0.0255967  -0.0137366  -0.00787691  0.483177  -0.546052  -0.352425  
-0.0239113  -0.014119  -0.00725382  0.486097  -0.520562  -0.403162  
-0.0227367  -0.0133645  -0.00725629  0.477418  -0.517552  -0.458064  
-0.0227444  -0.013659  -0.00750621  0.480267  -0.501419  -0.462119  
-0.0228785  -0.0139703  -0.00751211  0.486619  -0.529179  -0.454568  
-0.0247804  -0.0135221  -0.00709565  0.475012  -0.559775  -0.487085  
-0.0231343  -0.0143895  -0.00722415  0.501027  -0.537834  -0.486674  
-0.0227804  -0.0144322  -0.00682061  0.50552  -0.508276  -0.486533  
-0.0221076  -0.0147292  -0.0064581  0.512827  -0.502247  -0.486393  
-0.0269587  -0.0147407  -0.00683047  0.509914  -0.630464  -0.528653  
