-0.0341505  0.00304044  0.00598924  -0.272109  -0.653044  1.37377  
-0.0346127  0.00285963  0.00571404  -0.254212  -0.708195  1.42961  
-0.0338781  0.00270907  0.00600242  -0.259978  -0.624644  1.41586  
-0.0346015  0.00289918  0.00587916  -0.259985  -0.667851  1.39238  
-0.0334573  0.00292641  0.00574957  -0.267362  -0.679386  1.45478  
-0.0339315  0.00258036  0.00570592  -0.251678  -0.632686  1.45464  
-0.0337522  0.00251075  0.00576336  -0.251666  -0.659123  1.48119  
-0.0331416  0.00277176  0.00557557  -0.255017  -0.624205  1.45498  
-0.0330612  0.00283546  0.00543851  -0.25666  -0.615473  1.41231  
-0.0327757  0.0027101  0.00569263  -0.261836  -0.644521  1.46852  
-0.0331416  0.00276822  0.0056985  -0.251769  -0.595879  1.42587  
-0.0327349  0.0027638  0.00523964  -0.263532  -0.646939  1.59644  
-0.032824  0.00272343  0.00513506  -0.251392  -0.589303  1.65079  
-0.0301413  0.00227271  0.00539681  -0.243975  -0.596011  1.29766  
-0.0234514  0.00182191  0.00483973  -0.210215  -0.45824  0.661672  
-0.0326526  -0.00522222  0.00738619  0.0274882  -0.354879  -0.826591  
-0.040826  -0.00215292  0.00436071  -0.139982  -0.213311  -1.54821  
-0.0281996  -0.00136418  0.00461425  -0.168872  -0.0648241  -0.931282  
-0.0207673  0.000913779  0.00461425  -0.221116  -0.0149612  -0.593147  
-0.0173692  0.00121271  0.00418735  -0.20851  -0.0549048  -0.277762  
-0.0176157  0.000634468  0.00433825  -0.170962  -0.0272813  -0.208464  
-0.0178353  0.000313147  0.00416221  -0.174097  -0.0333131  -0.259175  
-0.0174038  0.000531205  0.00419985  -0.164562  -0.0585001  -0.173582  
-0.0177661  0.000610219  0.00418382  -0.156951  -0.0238187  -0.177353  
-0.0179041  0.00025741  0.00427322  -0.151544  -0.032965  -0.184689  
-0.0177746  0.00025741  0.00434336  -0.150982  -0.0329727  -0.156663  
-0.0177176  0.00025741  0.00432882  -0.146591  -0.0407488  -0.222114  
-0.0174841  0.00025741  0.00412979  -0.141358  -0.0677336  -0.17885  
-0.0165877  0.00025741  0.00415055  -0.136187  -0.0485242  -0.233256  
-0.0162217  0.00025741  0.00364853  -0.127022  -0.0883571  -0.199427  
-0.0162217  -0.000197365  0.00378297  -0.123834  -0.0575355  -0.250031  
-0.016082  0.000281479  0.00373838  -0.129916  -0.0882718  -0.214355  
-0.0156647  0.000175374  0.00354814  -0.119131  -0.0543096  -0.214316  
-0.0156321  0.000235996  0.00330144  -0.1259  -0.0827135  -0.17845  
-0.0152312  -0.000197365  0.00339112  -0.123563  -0.0587756  -0.140095  
-0.0150696  -0.000108308  0.00363339  -0.119743  -0.0718329  -0.176607  
-0.0152546  -3.37108e-05  0.00361129  -0.127509  -0.102948  -0.138272  
-0.0154509  5.6128e-06  0.00358044  -0.124413  -0.0634744  -0.18918  
-0.013969  -0.000197365  0.00353121  -0.12609  -0.096605  -0.136122  
-0.0139477  9.46051e-05  0.00352883  -0.127735  -0.0579821  -0.106868  
-0.0136821  0.000154131  0.00353711  -0.13449  -0.075477  -0.0997391  
-0.0139564  0.000119799  0.0032419  -0.135986  -0.0795009  -0.079861  
-0.0146653  0.000132395  0.00409806  -0.104519  -0.133913  -0.0614501  
-0.0153797  0.000263917  0.00359399  -0.130908  -0.134452  0.0742413  
-0.0156335  0.00126188  0.00332875  -0.158978  -0.134341  0.0381417  
-0.0139267  0.00113337  0.00312957  -0.158919  -0.114822  -0.106155  
-0.0139267  0.000978168  0.00275155  -0.158942  -0.146999  -0.0553068  
-0.0140459  0.00110044  0.00259749  -0.158888  -0.115383  -0.0532309  
-0.0140292  0.00118697  0.00270071  -0.158891  -0.120756  -0.0207694  
-0.0147704  0.000623531  0.00322293  -0.151111  -0.105097  0.0316067  
-0.0146584  0.000619696  0.00302378  -0.136511  -0.120099  0.0316212  
-0.0151762  0.000676723  0.00318408  -0.140071  -0.0958171  0.0585737  
-0.0151797  0.000423242  0.00314526  -0.130988  -0.101025  0.0485553  
-0.0157575  4.37447e-05  0.00324473  -0.122258  -0.0544534  0.0205677  
-0.0158949  0.000165786  0.00325856  -0.119715  -0.0945739  0.0427507  
-0.0160487  -0.000181274  0.0032538  -0.122445  -0.0705123  0.0283602  
-0.0150944  -0.000157362  0.00321436  -0.132108  -0.0868125  0.0812113  
-0.015908  -0.000437272  0.00327274  -0.132114  -0.0587391  0.0760392  
-0.0142847  -9.13618e-05  0.00306959  -0.132078  -0.0758886  0.0109875  
-0.0143153  0.00013675  0.0031892  -0.132089  -0.0749805  0.055379  
-0.0151922  -5.30796e-06  0.00325994  -0.13204  -0.0587762  -0.00482502  
-0.0150995  -8.78615e-05  0.00340568  -0.135256  -0.117368  0.0643274  
-0.0153144  -0.00066075  0.00342396  -0.132102  -0.0751024  0.0437376  
-0.0146687  -9.90929e-05  0.00334279  -0.137824  -0.0751343  0.0665108  
-0.0150775  8.23338e-05  0.0033995  -0.142118  -0.0585089  0.0320447  
-0.015033  -0.000133745  0.00334586  -0.141696  -0.0457962  0.00114496  
-0.014975  -0.000174667  0.00343182  -0.140974  -0.0652153  0.0295339  
-0.0152378  9.45141e-05  0.00337022  -0.136434  -0.0457631  0.0152723  
-0.0151895  -7.46198e-05  0.00343368  -0.151021  -0.0499186  0.0466929  
-0.015424  1.36525e-05  0.0034739  -0.146259  -0.043206  0.0467004  
-0.0155253  3.38007e-05  0.00348108  -0.15101  -0.0584265  0.0644231  
-0.0155253  9.44899e-05  0.00344834  -0.146086  -0.0584308  0.0549644  
-0.0153727  -7.25174e-05  0.00349609  -0.138926  -0.0584228  0.0719097  
-0.0156642  -1.21687e-05  0.00354456  -0.140845  -0.0702001  0.0531169  
-0.0153875  0.000188722  0.00345282  -0.145947  -0.0561008  0.056395  
-0.0127608  0.000456995  0.00349689  -0.139059  0.0182867  0.161543  
-0.0142864  0.000112043  0.00335489  -0.131545  -0.0142112  0.0897293  
-0.0151318  7.16452e-05  0.00337006  -0.128882  -3.56322e-05  0.0149769  
-0.0150519  0.000103104  0.00338729  -0.13059  -0.0425154  0.0947989  
-0.0158474  5.5778e-05  0.00354376  -0.129166  -0.00635347  0.0043848  
-0.014304  0.00049362  0.00341296  -0.15097  -0.0218661  0.000418001  
-0.0125101  0.0010721  0.00390929  -0.135545  0.0259408  -0.0854523  
-0.0112455  0.00161257  0.00410009  -0.113534  -0.0484819  -0.0389373  
-0.0115606  0.00227724  0.00344704  -0.181883  -0.0018017  -0.108289  
-0.0112148  0.00161257  0.00390275  -0.189587  -0.0190189  -0.241976  
-0.0122158  0.0028401  0.00318582  -0.250856  0.0248514  -0.119931  
-0.010746  0.0026338  0.0031151  -0.223821  0.0446913  -0.169102  
-0.0106558  0.0031924  0.00293175  -0.244501  0.0163211  -0.173783  
-0.010499  0.00291697  0.00279026  -0.228772  0.0202009  -0.152403  
-0.0112277  0.00310984  0.00295136  -0.238351  0.0175845  -0.261393  
-0.0106198  0.00295961  0.0026891  -0.238288  -0.0195011  -0.157395  
-0.0105091  0.00268612  0.00280439  -0.232573  0.0325446  -0.138011  
-0.0105303  0.00245794  0.00274891  -0.224584  0.0199015  -0.174209  
-0.0103126  0.00245794  0.00281657  -0.2301  0.0110905  -0.0955985  
-0.0106158  0.00245794  0.00310899  -0.224591  0.0415451  -0.120006  
-0.0104117  0.00245794  0.00284171  -0.224003  0.00249761  -0.0774434  
-0.0106188  0.00245794  0.00288897  -0.217572  0.0326498  -0.0709977  
-0.0106224  0.00257828  0.00302121  -0.225098  0.0195436  -0.0687993  
-0.010244  0.00245794  0.00279476  -0.224953  0.0272692  -0.0575392  
-0.0106906  0.00245794  0.00291604  -0.21835  0.0195232  -0.0510198  
-0.01115  0.00219593  0.00298189  -0.214149  0.0195646  -0.034295  
-0.010763  0.00178875  0.00280533  -0.209212  0.0111416  -0.0559721  
-0.0107993  0.00178875  0.00292998  -0.205565  0.0195362  -0.0321289  
-0.0109742  0.00211404  0.00284465  -0.207699  0.0195247  -0.0442191  
-0.0111598  0.00178875  0.00292065  -0.205558  0.0195519  -0.0389328  
-0.0111598  0.00178875  0.00300624  -0.204544  0.0195705  -0.0460565  
-0.0112904  0.00178875  0.00305081  -0.20424  0.0195928  -0.0537811  
-0.0116376  0.00178875  0.00322757  -0.199369  0.0171852  -0.0484233  
-0.0121979  0.00178875  0.00322757  -0.194231  0.0313001  -0.0601436  
-0.0116826  0.00178875  0.00322757  -0.199972  0.0196667  -0.0397843  
-0.0121153  0.00178875  0.00297917  -0.206064  0.0299164  -0.0706037  
-0.0113547  0.00178875  0.00296477  -0.203917  0.0138155  -0.0851148  
-0.0115307  0.00178875  0.00289468  -0.210217  0.0195585  -0.096886  
-0.0115041  0.00178875  0.00284035  -0.195108  0.0127336  -0.124971  
-0.011715  0.00173621  0.00288792  -0.189104  0.0195801  -0.117516  
-0.0119549  0.00178875  0.00281669  -0.180333  0.019593  -0.154954  
-0.0119006  0.00178875  0.00322757  -0.171807  0.0196753  -0.128057  
-0.0112526  0.00178875  0.00322757  -0.174791  0.019615  -0.149853  
-0.011251  0.00120371  0.00313021  -0.155159  0.0250101  -0.14014  
-0.011251  0.00156703  0.00295536  -0.151218  0.0234994  -0.155656  
-0.011251  0.00151682  0.00294658  -0.151634  0.0195661  -0.147225  
-0.0111662  0.0012427  0.00293737  -0.131281  0.0263135  -0.180813  
-0.010893  0.00118574  0.002733  -0.126644  0.0195015  -0.162131  
-0.0111915  0.000821592  0.00278995  -0.123257  0.0297062  -0.176669  
-0.011251  0.00108879  0.0029746  -0.126053  0.0100117  -0.134992  
-0.0116512  0.00135525  0.0029775  -0.129319  0.0378043  -0.18183  
-0.0111012  0.00105475  0.00308951  -0.130595  0.0135009  -0.152606  
-0.0117877  0.000981579  0.0031348  -0.127094  0.0364301  -0.16629  
-0.0111118  0.00115513  0.00322757  -0.129634  0.0070583  -0.133387  
-0.0115201  0.00129592  0.00312246  -0.130385  0.0376548  -0.155421  
-0.0111302  0.000902813  0.00304625  -0.127128  -0.000401603  -0.0991595  
-0.0113125  0.000821592  0.00290262  -0.122386  0.0454805  -0.140335  
-0.010862  0.000741345  0.00275347  -0.119057  0.0104684  -0.10887  
-0.0114216  0.000821592  0.00293173  -0.110782  0.0358041  -0.137903  
-0.0109135  0.000821592  0.00294587  -0.112941  0.0118189  -0.108869  
-0.0114678  0.000821592  0.00296939  -0.113925  0.0436481  -0.108817  
-0.0109223  0.000703266  0.00290334  -0.119586  -0.00248786  -0.108837  
-0.0112337  0.000691048  0.00282518  -0.111662  0.025804  -0.12529  
-0.0108934  0.000617122  0.00285964  -0.108509  -0.00330299  -0.080809  
-0.0115869  0.000677437  0.00289321  -0.108203  0.0304365  -0.118695  
-0.0114225  0.000396322  0.00305099  -0.115549  0.00739417  -0.107476  
-0.0112583  0.000396322  0.0028146  -0.105353  0.0286493  -0.124182  
-0.0115109  0.00085629  0.00278685  -0.108882  0.00809278  -0.104609  
-0.0113652  0.000581572  0.00281935  -0.105254  0.0232832  -0.120232  
-0.0113646  0.000799277  0.00270875  -0.110135  0.028714  -0.122708  
-0.0111104  0.000720192  0.00279138  -0.119448  0.00744152  -0.0935199  
-0.0118113  0.00111831  0.002782  -0.119015  0.0348306  -0.135411  
-0.0108865  0.000396322  0.00280406  -0.117189  0.00785374  -0.135451  
-0.010876  0.000729706  0.00278738  -0.129087  -0.000963005  -0.0998111  
-0.0103549  0.0010974  0.00267713  -0.129054  -0.0164211  -0.0834868  
-0.0103004  0.000894796  0.00269682  -0.11898  0.0148061  -0.0679195  
-0.00993788  0.0010204  0.00260781  -0.120551  -0.0147218  -0.0679381  
-0.0103004  0.000807291  0.00262534  -0.113249  0.00871854  -0.09165  
-0.0103004  0.000812988  0.00220768  -0.117032  0.0010428  -0.0920527  
-0.0103004  0.000945437  0.0023364  -0.11116  0.000893515  -0.0724498  
-0.0106086  0.000778231  0.00235221  -0.108392  -0.00231598  -0.0936136  
-0.0107752  0.00113999  0.00234324  -0.120249  0.00347295  -0.0949966  
-0.0102167  0.000947074  0.00235296  -0.108011  -0.0118505  -0.0871335  
-0.0104724  0.000668103  0.00229734  -0.103576  0.00948611  -0.0918596  
-0.00984647  0.00076171  0.00225957  -0.104083  -0.0137934  -0.0551242  
-0.0104523  0.000960396  0.00240447  -0.107224  0.02594  -0.054004  
-0.00990812  0.000825888  0.0022946  -0.103453  -0.013997  -0.0312665  
-0.0103539  0.000668241  0.00236651  -0.10636  0.0147795  -0.0497128  
-0.0103539  0.000869834  0.00252011  -0.10837  -0.0239344  -0.0357379  
-0.01048  0.00062541  0.00258363  -0.105236  0.0111053  -0.0357023  
-0.0102631  0.000594428  0.00245491  -0.104739  -0.0228887  -0.0137726  
-0.0106129  0.00091148  0.00234096  -0.115263  0.0095957  -0.0357219  
-0.0101706  0.000735284  0.00235659  -0.103229  -0.0369332  -0.0121922  
-0.0104341  0.000726698  0.00236407  -0.110666  0.014508  -0.0341934  
-0.0100627  0.000396323  0.00254556  -0.109664  -0.0158592  -0.0162912  
-0.00970214  0.00060889  0.00258893  -0.10789  0.0184163  -0.0163319  
-0.00975307  0.000561351  0.00256181  -0.0987476  -0.0206286  0.00115936  
-0.0101102  0.000604028  0.00265312  -0.094653  0.0202952  -0.0306866  
-0.00987802  0.000396323  0.00263474  -0.0966202  -0.00742042  0.00444103  
-0.0105759  0.000567561  0.00250312  -0.0972271  0.00707109  -0.00609544  
-0.0100721  0.000667033  0.00257461  -0.101072  0.018564  -0.0162829  
-0.0100913  0.000396323  0.00257786  -0.0981947  -0.00381437  0.0181072  
-0.0102329  0.000692647  0.00261363  -0.0962894  0.0133637  -0.0643644  
-0.0102899  0.000396323  0.00239869  -0.0920763  -0.00580389  -0.00374147  
-0.011134  0.000396323  0.00256204  -0.0963249  0.0352029  -0.0527268  
-0.010652  0.000644534  0.0024844  -0.097723  -0.0211214  -0.0259584  
-0.0110198  0.000629652  0.00245467  -0.0964329  0.0192578  -0.0456976  
-0.0106793  0.000251208  0.00269902  -0.0953028  -0.000878723  -0.0153488  
-0.0108408  0.000489416  0.00269829  -0.0957301  0.0111934  -0.0153521  
-0.0104245  0.000548314  0.0027427  -0.0987168  -0.0169572  0.0173846  
-0.0108482  0.000609982  0.00266454  -0.0955159  0.0193682  -0.0324908  
-0.0105328  0.000535534  0.00264514  -0.101993  -0.0239971  0.0161677  
-0.0105898  0.000706074  0.00257792  -0.0979256  -0.00309687  -0.0114715  
-0.0101745  0.000748906  0.00257374  -0.0924481  0.00999154  -0.00467015  
-0.0106639  0.000864551  0.00270424  -0.101483  0.0231089  -0.0701169  
-0.00981794  0.000590913  0.00235808  -0.10195  -0.0165495  -0.0626087  
-0.0103828  0.000317226  0.00231308  -0.0938148  0.0140574  -0.0547177  
-0.0100221  0.000743145  0.00242541  -0.0995208  -0.00648295  -0.0456121  
-0.0104395  0.000591779  0.00238697  -0.0966983  0.0150224  -0.0544834  
-0.0102339  0.000756294  0.00250681  -0.095245  0.00224928  -0.0455952  
-0.0107441  0.000697104  0.00245554  -0.0998838  0.0225732  -0.0455493  
-0.0104395  0.000881056  0.00234913  -0.0988778  0.00517975  -0.0633938  
-0.00993385  0.000603904  0.00235294  -0.0957621  -0.0158793  0.0124804  
-0.0104395  0.000680134  0.00225859  -0.0965417  0.00225356  -0.0190654  
-0.00991067  0.000636699  0.0022749  -0.0933097  -0.0167258  0.00136287  
-0.0100911  0.000546319  0.00227409  -0.0915648  0.0087502  -0.0122714  
-0.00986324  0.000546843  0.00228948  -0.0896218  -0.0201503  0.012518  
-0.0106966  0.000460822  0.00227731  -0.0832139  0.00229958  0.00143481  
-0.0105924  0.000504646  0.00223731  -0.081806  -0.0324022  0.0154852  
-0.0104797  0.000377168  0.00236132  -0.091063  0.00151877  -0.00169517  
-0.00989445  0.000422577  0.00227914  -0.0915639  -0.0221772  0.0265996  
-0.0104391  0.000420791  0.00241039  -0.0913879  -0.00636605  0.0209074  
-0.00991982  0.000470884  0.00242211  -0.0909671  -0.029039  0.0485942  
-0.0103386  0.000490979  0.00239497  -0.0936856  -0.0166054  0.0383046  
-0.00962114  0.000441501  0.00235916  -0.0947966  -0.0245991  0.0438557  
-0.00997352  0.000457677  0.00228367  -0.0965472  -0.00304584  0.0143728  
-0.00940479  0.000435388  0.00230707  -0.0901627  -0.0422583  0.0266727  
-0.0101456  0.000361396  0.0022769  -0.0867371  -0.0138782  0.0123598  
-0.00936096  0.000485671  0.00232078  -0.0731027  -0.0667074  -0.045923  
-0.00872453  0.000346935  0.00211991  -0.0770827  -0.0331296  -0.00972598  
-0.00900672  0.000684662  0.00213038  -0.0834661  -0.00922889  -0.0185359  
-0.00882355  0.000522034  0.00222747  -0.0822831  -0.0405624  0.0178494  
-0.00979372  0.000546843  0.00205727  -0.082661  -0.0145007  0.0128547  
-0.00957131  0.000506573  0.00201352  -0.089382  -0.0623076  0.0349763  
-0.00963536  0.000760916  0.00206622  -0.0876764  -0.0237247  0.0219223  
-0.00889581  0.000459072  0.00198241  -0.086341  -0.0467442  0.0170663  
-0.00887551  0.000509497  0.00192532  -0.0853086  -0.027994  0.018164  
-0.00853137  0.000623264  0.00190655  -0.0847015  -0.0524263  0.0139332  
-0.00881032  0.000583877  0.00197466  -0.0866778  -0.0326446  0.0260188  
-0.00853137  0.000541093  0.00184839  -0.0846898  -0.0424521  0.0260148  
-0.00853137  0.0006839  0.00194807  -0.0878671  -0.0237641  0.00951249  
-0.00908299  0.000474446  0.00192969  -0.0910393  -0.0208847  -0.0160772  
-0.00872589  0.000744355  0.00198368  -0.0969564  -0.0458734  0.0178256  
-0.00895706  0.000668777  0.00185546  -0.090424  -0.0165683  -0.0138177  
-0.00864099  0.000606979  0.00201125  -0.0871065  -0.0348999  0.0178272  
-0.0093555  0.000543941  0.00190383  -0.0871815  -0.0106141  -0.0154579  
-0.00894045  0.000736023  0.00192998  -0.0889553  -0.0459082  0.00255526  
-0.00937657  0.000738092  0.00192809  -0.0792278  -0.0189229  -0.00727999  
-0.00861494  0.000515946  0.00175651  -0.0737881  -0.046405  0.00997016  
-0.00942986  0.000754195  0.00189088  -0.0804936  -0.0165154  0.00113613  
-0.00893722  0.000889498  0.00189485  -0.0848941  -0.044959  0.017856  
-0.00935853  0.000869419  0.0018632  -0.0885668  -0.0165147  -0.00542643  
-0.00845789  0.000763227  0.00190808  -0.0872658  -0.0322655  0.017821  
-0.00831107  0.000338896  0.00196473  -0.0913366  0.0146266  -0.0044243  
-0.00796706  0.000635428  0.00194017  -0.0899386  -0.0301274  0.0178333  
-0.00869718  0.000825925  0.00183387  -0.0912697  -0.0269143  0.000626155  
-0.00892953  0.000931804  0.00191952  -0.0936563  -0.0381333  -0.000536256  
-0.00842574  0.000545778  0.00195865  -0.0903025  -0.0557916  -0.0195523  
-0.00904843  0.000739767  0.00197193  -0.0884959  -0.0233248  0.00147446  
-0.00845971  0.00101327  0.00197738  -0.0866861  -0.0369076  0.0201264  
-0.00878179  0.00066982  0.00192953  -0.083881  -0.0345579  0.0377802  
-0.00888279  0.000825849  0.00189773  -0.0796926  -0.0301153  0.0215981  
-0.0087277  0.000958159  0.00197469  -0.0863543  -0.0301042  0.0377603  
-0.00848822  0.000641186  0.00203283  -0.0894109  -0.0300996  0.0218747  
-0.00869552  0.000591982  0.00187684  -0.0855267  -0.0419135  0.0655464  
-0.00867187  0.000682241  0.0018454  -0.0843602  -0.0328458  0.040489  
-0.00848799  0.000481502  0.00207542  -0.0831776  -0.0261324  0.0386463  
-0.00898429  0.000445112  0.00196161  -0.0966743  -0.0301006  0.000742912  
-0.00868959  0.00067817  0.00189689  -0.0963755  -0.0322288  0.0103228  
-0.00826282  0.000586914  0.00189191  -0.0903058  -0.00440675  -0.0102084  
-0.0085699  0.000692759  0.00197817  -0.092839  -0.0301128  0.0180552  
-0.00858632  0.000702824  0.00198279  -0.0909399  0.00338593  -0.00609165  
-0.00821848  0.000522496  0.00195091  -0.0895621  -0.0240324  0.0299581  
-0.00853855  0.000641144  0.00211331  -0.0938911  -0.0108091  0.0109692  
-0.00803385  0.000789556  0.00195126  -0.0907697  -0.0424956  0.0151709  
-0.00823343  0.000588844  0.00209023  -0.096944  -0.0155421  0.0131485  
-0.00814909  0.000709435  0.00214339  -0.0920213  -0.0315725  0.0299634  
-0.00851312  0.00077432  0.00208445  -0.0979326  -0.0264029  -0.00336218  
-0.00878  0.000938786  0.00207629  -0.117428  -0.0644343  -0.0864611  
-0.00890843  0.000789985  0.00187027  -0.112149  0.00307179  -0.0528291  
-0.008254  0.000965124  0.00166605  -0.112173  -0.0438284  -0.0159688  
-0.00838573  0.000700948  0.00183968  -0.112232  0.00103828  -0.0186704  
-0.00866734  0.000500453  0.00185841  -0.112229  -0.0256168  0.0198513  
-0.0084705  0.000751546  0.00177641  -0.109299  0.00703002  -0.00803877  
-0.0078158  0.000738258  0.00173905  -0.104945  -0.030316  0.0195148  
-0.00828519  0.000724384  0.00173895  -0.106684  0.00111426  0.0108351  
-0.0074707  0.000682637  0.00167611  -0.0994501  -0.0254224  0.0108228  
-0.00784242  0.00055749  0.00171927  -0.102125  0.00494681  0.0288741  
-0.00774679  0.000620598  0.0018669  -0.104448  -0.0253796  0.0108933  
-0.00813156  0.000780487  0.00183663  -0.0978495  -0.00805977  0.0338625  
-0.00776567  0.000702675  0.00162811  -0.105548  -0.0254211  0.0461018  
-0.00799426  0.000754549  0.00163527  -0.104028  -0.0183168  0.0163807  
-0.0071994  0.000500903  0.00184688  -0.103429  -0.0360295  0.0506169  
-0.00798104  0.000733337  0.00181239  -0.107417  -0.00984047  0.0333808  
-0.00712565  0.000688043  0.00160835  -0.100596  -0.0254351  0.0342562  
-0.00762504  0.000568607  0.00169207  -0.099407  -0.00698063  0.0353853  
-0.00724536  0.0005927  0.00164338  -0.0996599  -0.0254254  0.0390492  
-0.00721696  0.000823856  0.00154147  -0.0901917  0.00739889  0.0336544  
-0.00714107  0.00097409  0.00142435  -0.093993  -0.0254379  0.018722  
-0.0075597  0.00104188  0.00135821  -0.092491  -0.00501244  0.0157359  
-0.00656884  0.000882268  0.00143695  -0.0913126  -0.0254141  0.0567807  
-0.00656129  0.000834005  0.00157533  -0.0962739  0.016343  0.0736861  
-0.00648561  0.000471194  0.00121545  -0.0838424  -0.0255559  0.0911403  
-0.00677914  0.000509954  0.00130132  -0.0854352  -0.00475015  0.069691  
-0.0062009  0.000875308  0.00142596  -0.0875691  -0.03912  0.115976  
-0.00651202  0.000727298  0.00125472  -0.0810908  0.00814819  0.0971294  
-0.0063701  0.00093207  0.00145605  -0.0861073  -0.0426599  0.118034  
-0.00717147  0.000545474  0.00140065  -0.0826791  -0.0148339  0.0876007  
-0.00650421  0.000823632  0.00131539  -0.0862446  -0.0439079  0.0988287  
-0.00730609  0.000992197  0.00129967  -0.0921791  -0.00247097  0.0750354  
-0.00613674  0.000691032  0.00120402  -0.0896363  -0.0255193  0.0709588  
-0.00573862  0.000663916  0.000805906  -0.0953103  -0.00565072  0.0452098  
-0.00507766  0.000848749  0.00080493  -0.0952747  -0.0336737  0.0307333  
-0.00609515  0.000671158  0.00110197  -0.107013  -0.00752534  0.0390923  
-0.00515562  0.00115753  0.00103038  -0.123597  -0.0429815  0.0507244  
-0.00602923  0.00168784  0.000877577  -0.124302  -0.0255679  0.0389491  
-0.00566116  0.00145268  0.000961242  -0.121135  -0.0441854  0.0566501  
-0.00609515  0.00138577  0.000851256  -0.10878  -0.018889  0.0352809  
-0.00568432  0.00138669  0.000763591  -0.109584  -0.0439665  0.0492911  
-0.00613818  0.00156974  0.000766234  -0.12109  -0.0104321  0.028127  
-0.00535297  0.00172854  0.000697495  -0.121093  -0.0255912  0.0388979  
-0.00496068  0.00198697  0.000546092  -0.137592  -0.0255836  0.0782015  
-0.00394381  0.00216107  0.00056797  -0.137174  -0.0630048  0.0620822  
-0.00553027  0.00263162  0.00076114  -0.159452  -0.036729  0.16181  
-0.00511563  0.00273537  0.00079023  -0.150824  -0.0593485  0.161783  
-0.00483956  0.00233569  0.000599602  -0.145684  -0.0281688  0.161833  
-0.00451435  0.00219936  0.000725587  -0.14714  -0.0463578  0.161843  
-0.0046454  0.00219936  0.000635236  -0.134624  -0.0255542  0.144885  
-0.00438637  0.00219936  0.000719326  -0.133227  -0.0437812  0.122162  
-0.00443922  0.00223161  0.00064444  -0.129257  -0.0106841  0.138414  
-0.00444559  0.0020527  0.000519851  -0.126178  -0.0255271  0.126248  
-0.00463852  0.00238185  0.00063865  -0.130073  -0.0255294  0.157701  
-0.00463852  0.00226767  0.000529775  -0.126286  -0.0331642  0.122499  
-0.00463852  0.00230566  0.000639859  -0.125455  -0.0104513  0.109405  
-0.00463852  0.00206787  0.000589435  -0.113955  -0.0385527  0.099261  
-0.00400916  0.0023916  0.000805632  -0.115797  -0.0501499  0.117458  
-0.00386923  0.00218566  0.000335219  -0.165891  0.0279274  0.0379031  
-0.0036387  0.00222085  0.00021128  -0.168258  -0.0086682  -0.113699  
-0.00255325  0.00179522  5.39915e-05  -0.158442  -0.0305337  -0.0396374  
-0.00325081  0.00238114  -0.000177629  -0.15842  -0.00828074  -0.0617633  
-0.00292512  0.00232314  -0.000259479  -0.158379  -0.0537722  -0.0397442  
-0.00352175  0.00248695  -9.70925e-05  -0.158379  -0.0480457  0.00586792  
-0.00359302  0.00251031  -0.00026147  -0.166453  -0.0391081  -0.0731759  
-0.00368187  0.00255612  -0.000228738  -0.167402  -0.0370942  -0.0343498  
-0.00368187  0.00241442  -0.000413264  -0.160539  -0.0305966  -0.051362  
-0.0036274  0.00238479  -0.000536289  -0.157729  -0.0306221  -0.0343248  
-0.00355113  0.00247179  -0.000274881  -0.162895  0.0017408  -0.0102979  
-0.00319365  0.00258347  -0.000260802  -0.15496  -0.000666968  0.00994709  
-0.00336379  0.00261139  -0.000357889  -0.15462  -0.00069412  -0.0327116  
-0.00319365  0.00251661  -0.000295267  -0.15935  -0.0224968  0.0094987  
-0.00365771  0.00249133  -0.000267224  -0.153848  0.0114428  -0.0320266  
-0.00303379  0.00232111  -0.000268795  -0.153864  -0.0192303  -0.015406  
-0.00388685  0.00239186  -0.000391131  -0.157107  0.0125839  -0.0545684  
-0.00330165  0.00245254  -0.00029451  -0.153858  -0.0158277  -0.0301296  
-0.00407639  0.00250878  -0.000315971  -0.153858  0.0126051  -0.0887792  
-0.00370148  0.00245961  -9.99448e-05  -0.146159  -0.0313857  0.0231308  
-0.00396  0.00257582  -0.000447107  -0.153877  0.00217697  -0.0506023  
-0.00309897  0.00233813  -0.000482745  -0.153835  -0.0267777  -0.107542  
-0.00272061  0.00255533  -0.000244791  -0.129805  -0.0234825  -0.000551758  
-0.00339244  0.00270536  0.000300815  -0.144434  0.00975994  -0.0385812  
-0.0028285  0.00327467  3.98389e-05  -0.195003  -0.0821674  -0.151157  
-0.00239265  0.00266634  -0.000495869  -0.168914  -0.0305836  0.0296017  
-0.0025331  0.00233103  -0.000489732  -0.14655  0.00347601  0.00682614  
-0.0021724  0.00220107  -0.000348442  -0.145029  -0.0370896  0.0571911  
-0.00236151  0.00219574  -0.000416042  -0.139223  -0.0144163  0.0591382  
-0.00191584  0.00217218  -0.000415365  -0.134342  -0.00206886  0.0266978  
-0.00148555  0.00179522  -0.000601442  -0.122656  -0.0442792  0.140887  
-0.00254573  0.00207667  -0.000526788  -0.122019  -0.00377721  0.0797943  
-0.00202594  0.00207237  -0.000574191  -0.107251  -0.0281716  0.101014  
-0.00243613  0.00208616  -7.08265e-05  -0.102755  0.037554  0.0366581  
-0.00195191  0.00235871  0.000102102  -0.0952907  0.00185196  0.0639676  
-0.00145061  0.002043  0.000102102  -0.0958351  0.00988969  0.0874519  
-0.0021222  0.00172521  0.000379277  -0.102365  0.0370591  0.0090603  
-0.00137071  0.00203503  0.000231739  -0.105374  0.0119016  0.075535  
-0.00172324  0.00175154  0.000520879  -0.0733311  0.0227363  0.0472966  
0.000204834  0.00332903  0.00127647  -0.152082  -0.0466084  -0.00951295  
-0.000223074  0.00316972  0.0008326  -0.197494  0.0369107  0.0357026  
-0.00067323  0.00312493  0.0008326  -0.197469  0.0191507  -0.00646691  
-0.000568493  0.0034192  0.0008326  -0.214093  -0.0261722  0.0301402  
-0.000988011  0.00334308  0.0008326  -0.205265  0.0348354  0.0171756  
-0.000572517  0.0034015  0.00158982  -0.157196  0.0136906  0.0721058  
0.000238368  0.00345848  0.00195307  -0.100904  0.0286932  0.100794  
-0.000263977  0.00310783  0.0014474  -0.149386  0.0482412  0.0737829  
-0.000492476  0.00340501  0.00106132  -0.165486  0.00642206  0.103072  
-0.000807597  0.00299243  0.00114321  -0.149802  0.0498586  0.0413455  
-0.000544891  0.00308306  0.000781611  -0.137335  0.0125358  0.125974  
-0.000859265  0.00270507  0.000805006  -0.121653  0.0355916  0.0959512  
-0.000439446  0.00257464  0.000873877  -0.113959  0.018799  0.1277  
-0.000628663  0.00300367  0.000773483  -0.113986  0.0208582  0.130993  
-0.00106282  0.00246902  0.000885813  -0.111729  0.0187469  0.115407  
-0.000755741  0.00286832  0.00071073  -0.108822  0.0187677  0.158303  
-0.00124289  0.00278833  0.000793361  -0.113963  0.0187387  0.126979  
-0.000924552  0.00246901  0.000761724  -0.113933  -0.00452024  0.171938  
-0.00115637  0.00246901  0.000650736  -0.100662  0.018172  0.145102  
-0.000936581  0.00252548  0.000766888  -0.0973363  0.00715422  0.18793  
-0.00142689  0.00246901  0.000859068  -0.0982088  0.0354869  0.148508  
-0.000891063  0.00246901  0.000863267  -0.0887571  0.00114761  0.191924  
-0.00157029  0.00246901  0.000882189  -0.0829778  0.0195032  0.172884  
-0.000891063  0.00228496  0.000970622  -0.0821629  -0.00269479  0.17716  
-0.00136526  0.00246901  0.00121391  -0.0753587  0.0116648  0.181369  
-0.00077454  0.00180037  0.000955356  -0.0694904  -0.00437096  0.184512  
-0.00150324  0.00180037  0.000906481  -0.0694888  0.0116256  0.157577  
-0.00136526  0.00188488  0.000897428  -0.0603033  -0.0147471  0.162129  
-0.00165411  0.00200109  0.000922008  -0.0695161  0.00370419  0.151501  
-0.00136066  0.00206943  0.000889315  -0.069527  -0.0179853  0.195725  
-0.0024004  0.00202664  0.00104345  -0.0695328  -0.000253671  0.147044  
-0.00175109  0.00213347  0.00121391  -0.0695538  -0.0390477  0.184091  
-0.00199486  0.0023432  0.00121391  -0.0695592  0.00747391  0.144602  
-0.00166529  0.00180037  0.00121391  -0.0624054  -0.0217106  0.166761  
-0.00169713  0.00185471  0.00121391  -0.0695119  0.0124743  0.166756  
-0.00163869  0.00190429  0.00110989  -0.069516  -0.0137211  0.166764  
-0.00163869  0.00180037  0.000994921  -0.0869708  -0.0106674  0.0420962  
-0.00251216  0.00237541  0.000600307  -0.111191  -0.0704109  0.044459  
-0.00261198  0.00236338  0.00052474  -0.127504  0.00694915  0.0634204  
-0.00238248  0.00251848  0.000935911  -0.10563  -0.0145816  0.108474  
-0.00225019  0.00240626  0.00104432  -0.0940264  -0.0195283  0.203109  
-0.00232188  0.00227219  0.00105983  -0.0904548  -0.00777166  0.164682  
-0.00193625  0.00249244  0.00103892  -0.086794  -0.0312638  0.248459  
-0.00277332  0.00222709  0.00106134  -0.0841157  -0.0101292  0.216095  
-0.0023045  0.00231596  0.000941095  -0.0841057  -0.0375299  0.258797  
-0.00228726  0.00221447  0.000901595  -0.0744726  -0.0224528  0.22659  
-0.00257187  0.00230948  0.000937341  -0.0840969  -0.0586305  0.259833  
-0.00248419  0.00224353  0.000944662  -0.0684865  -0.0268662  0.231239  
-0.00206646  0.00225004  0.000912232  -0.065578  -0.0633578  0.250839  
-0.00243709  0.00228675  0.000984485  -0.0592669  -0.0228708  0.232279  
-0.00219661  0.00224048  0.000957504  -0.0542473  -0.0633664  0.260769  
-0.00221577  0.00180038  0.00108699  -0.0482751  -0.0326585  0.237402  
-0.00219103  0.00199905  0.000977031  -0.048297  -0.0559565  0.280186  
-0.00267607  0.00210346  0.00087775  -0.0584244  -0.0211037  0.232171  
-0.00232661  0.00202206  0.000899849  -0.0537241  -0.0458109  0.266918  
-0.00239823  0.00180038  0.00108575  -0.0629068  -0.0682458  0.167779  
-0.00233405  0.00180038  0.00108575  -0.0688237  -0.045822  0.207633  
-0.00297168  0.00180038  0.00108575  -0.0566012  -0.0381086  0.196718  
-0.00246644  0.00222503  0.00108575  -0.0613508  -0.0716789  0.279877  
-0.00225109  0.00218482  0.00108575  -0.060787  -0.0273488  0.24739  
-0.00178665  0.00227922  0.000818539  -0.0688994  -0.0456804  0.292666  
-0.00229945  0.00207619  0.000714853  -0.0481924  -0.0157377  0.249495  
-0.00181615  0.00180038  0.000873751  -0.03678  -0.0422397  0.281289  
-0.00222755  0.0018671  0.00086678  -0.0378079  -0.0156918  0.225079  
-0.00186815  0.00207807  0.000817364  -0.0486076  -0.0581182  0.285242  
-0.00247227  0.00180038  0.000857985  -0.0459299  -0.0278824  0.268513  
-0.00211883  0.0019996  0.000628156  -0.0467352  -0.0595021  0.310632  
-0.0023155  0.00209386  0.000855226  -0.0406433  -0.0222402  0.27087  
-0.00198335  0.00180038  0.000868256  -0.0508661  -0.042611  0.303599  
-0.00240229  0.00233345  0.00085816  -0.0609912  -0.00528039  0.266667  
-0.00169966  0.00218297  0.000863842  -0.0663037  -0.0365244  0.25085  
-0.00192044  0.00207698  0.000781192  -0.0671742  -0.0222008  0.289837  
-0.00200758  0.00224027  0.000686509  -0.0694536  -0.00525279  0.253912  
-0.00178326  0.00214525  0.00093008  -0.0707819  -0.0260311  0.310294  
-0.00223386  0.00180038  0.000899076  -0.0624754  0.00574802  0.276514  
-0.00144538  0.00180038  0.00108575  -0.0581523  -0.022957  0.330385  
-0.00243634  0.0019003  0.00095994  -0.0507057  0.0122945  0.301424  
-0.0018845  0.00180038  0.000962135  -0.0445803  -0.0121311  0.323865  
-0.00200721  0.00180038  0.00108575  -0.0445518  -0.00365477  0.299576  
-0.00166185  0.00180038  0.000782422  -0.0522116  -0.0259403  0.314306  
-0.00223661  0.00186915  0.000960109  -0.0507466  0.00922264  0.259712  
-0.00206323  0.00180038  0.00108575  -0.0440995  -0.0265606  0.316038  
-0.00244631  0.00180038  0.000919217  -0.0521798  0.0143023  0.296846  
-0.00200306  0.00180038  0.00108575  -0.0581523  -0.0114163  0.323021  
-0.00253498  0.00180038  0.00101988  -0.0499115  0.0147964  0.297241  
-0.0019704  0.001695  0.00108575  -0.0415071  -0.00819122  0.335652  
-0.002457  0.00149841  0.00100489  -0.0407729  0.0196933  0.310701  
-0.00207896  0.00157265  0.000976064  -0.0421486  -0.0129242  0.341797  
-0.00252254  0.00165044  0.00108575  -0.047281  0.0125344  0.33394  
-0.00206628  0.00153874  0.000967869  -0.0478382  -0.00518449  0.342694  
-0.00232529  0.00166901  0.00108575  -0.049756  0.00984535  0.329062  
-0.00182235  0.00164398  0.00108575  -0.0475566  -0.00928992  0.327271  
-0.00231543  0.00121033  0.000948924  -0.0409027  0.000638938  0.288792  
-0.00187387  0.00147617  0.00108575  -0.0497118  -0.0238225  0.28864  
-0.00248966  0.00150021  0.00108575  -0.0443428  0.000612229  0.307125  
-0.0025416  0.00146581  0.00108575  -0.0392653  -0.0259601  0.324577  
-0.0025188  0.00101662  0.00101234  -0.0443032  0.00301571  0.291706  
-0.0019253  0.00114557  0.000950928  -0.0512876  -0.0247324  0.319584  
-0.00220618  0.00101662  0.00117251  -0.0435623  0.0255088  0.261965  
-0.00200749  0.00155177  0.000936783  -0.0580925  -0.0198014  0.304382  
-0.0020786  0.00101662  0.00108575  -0.047687  -0.00643437  0.243966  
-0.002213  0.001264  0.00108575  -0.0502259  -0.0130906  0.281103  
-0.00225576  0.00149645  0.00108575  -0.042644  -0.0222472  0.195063  
-0.00208751  0.00101662  0.00108575  -0.0705153  -0.00689022  0.103678  
-0.00223061  0.00101662  0.00108575  -0.0579953  0.0317955  0.138265  
-0.00172514  0.00101662  0.00108575  -0.0579953  -0.00579683  0.156945  
-0.0021345  0.00101662  0.00108575  -0.0490168  0.015296  0.175923  
-0.00141484  0.00101662  0.00108575  -0.0502988  0.015365  0.175925  
-0.00102545  0.00101662  0.00108575  -0.0579953  0.0316756  0.176483  
-0.000850648  0.00101662  0.000798115  -0.0610775  0.0154099  0.166432  
-0.000741381  0.000718786  0.000779026  -0.0450416  0.0154267  0.197198  
-0.000912098  0.000565495  0.00108575  -0.0432027  0.0422051  0.138516  
-0.00116396  0.000462614  0.00108575  -0.0579262  0.000207521  0.192965  
-0.00139621  0.000745308  0.000761787  -0.0439558  0.0261843  0.155626  
-0.00112085  0.000953228  0.000811382  -0.0448658  -0.00385596  0.225875  
-0.00157845  0.000462614  0.000764769  -0.0351863  0.0182869  0.208697  
-0.000981972  0.000462614  0.000678254  -0.0302367  -0.00577659  0.232155  
-0.00119263  0.000462614  0.000677688  -0.0286668  0.0221236  0.202352  
-0.00123744  0.000462614  0.00073827  -0.0352002  0.00432695  0.229849  
-0.00114475  0.000462614  0.00077958  -0.0241031  0.0366896  0.208707  
-0.000983463  0.000462614  0.000700589  -0.025146  -0.0112486  0.23534  
-0.000164266  0.000462614  0.000648021  -0.0527833  -0.0204713  0.101268  
-0.000225486  0.000462614  0.000483274  -0.032839  0.00740066  0.133237  
-0.000224456  0.000525936  0.000504329  -0.0316198  0.0182611  0.121803  
3.05741e-05  0.000462614  0.000437895  -0.0352483  -0.00896842  0.191494  
-0.000640424  0.00037728  0.000418846  -0.0352398  0.0383189  0.160262  
-0.000205958  4.72018e-06  0.000348199  -0.0254806  0.00532794  0.207747  
-0.000347931  0.000208843  0.000504896  -0.0247396  0.0452183  0.159699  
0.000238949  0.000189061  0.000632964  -0.0351864  0.027049  0.184004  
-0.000488133  0.000347139  0.000337265  -0.0182366  0.0429303  0.147254  
0.000494493  0.000172936  0.000169968  -0.0145885  0.00250464  0.164659  
-0.000233533  0.00025141  0.000404152  -0.0172481  0.0478832  0.169396  
0.000441316  4.72018e-06  0.000350676  -0.0144921  0.0208283  0.131785  
0.00025139  -0.000118109  0.00035299  -0.0207222  0.0370767  0.0869274  
0.000868967  -2.77046e-05  0.00038379  -0.0250613  0.027107  0.139121  
0.000362887  -0.000117243  0.000297687  -0.00361832  0.0467007  0.126538  
0.000927248  -7.76278e-06  0.000213595  -0.0119437  0.0172009  0.120927  
0.000604084  -0.000166662  0.000418028  -0.0115461  0.0462326  0.114767  
0.000514154  -0.000186939  0.000122392  -0.0143772  -0.00337089  0.140362  
-0.000188185  -0.000457316  0.000358002  -0.0201788  0.0271901  0.122566  
0.00032373  -0.000268993  0.000304671  -0.00993237  0.00611346  0.146744  
0.000112274  -0.000177717  0.000268863  -0.00357885  0.0323107  0.101329  
0.000740148  -0.000232521  0.000181653  -0.00358352  0.0140412  0.150383  
0.000173242  -1.05201e-05  0.000231926  -0.0127125  0.041382  0.104199  
0.000449609  -0.000122936  0.000160056  -0.0124898  0.00626849  0.123905  
-0.000166087  0.000116319  0.000223401  -0.0254161  0.0426398  0.0444263  
0.00166603  0.000145062  9.06175e-05  -0.0392396  0.00695082  0.0439492  
0.00272198  0.000145062  0.000484973  -0.0326114  0.0270093  0.0609588  
0.000856211  6.69464e-05  0.000539171  -0.0295843  0.00792944  0.0872478  
0.000634852  0.000145062  0.000223401  -0.0215874  0.00383398  0.131784  
0.000439315  0.000145062  0.000340213  -0.028711  0.0191368  0.0863504  
0.000729154  0.000145062  0.000223401  -0.0215874  -0.023655  0.137869  
0.000162893  0.000145062  0.000223401  -0.0215874  0.0121171  0.0957829  
0.00079065  0.000145062  0.000285707  -0.00779996  -0.0216061  0.151778  
0.000531105  1.35131e-05  0.000223401  0.00346505  -9.37893e-05  0.128609  
0.00131384  -0.000203854  0.000223401  0.0128162  -0.0129282  0.152416  
0.00116961  -0.000283399  0.000449304  0.0101712  0.0377677  0.0842706  
0.00131384  -0.000442398  0.000223401  0.0128373  0.0173265  0.111724  
0.00131922  -0.000283399  0.000412336  0.0128312  0.0689847  0.0491519  
0.00158338  -0.000283399  0.000486993  0.00723837  0.0160203  0.0796136  
0.00109758  -0.000283399  0.000565799  0.00625576  0.0414907  0.06159  
0.00109758  -0.000283399  0.000461159  0.0128146  0.0153938  0.0832869  
0.000729947  -3.33994e-05  0.000223401  0.0128043  0.016885  0.0832841  
0.00149153  -0.000283399  0.000223401  0.0128243  0.00684201  0.112835  
0.00118505  -0.000283399  0.000223401  0.0128243  0.050868  0.0422204  
0.00124653  -0.0002834  0.000223401  0.0128243  -0.0122694  0.0693006  
0.000537932  -0.0002834  0.000117214  -0.00510233  -0.00386831  0.0700305  
9.37906e-05  -0.00011748  8.44142e-05  -0.00439185  -0.00385882  0.00161898  
0.000420686  -7.32176e-05  0.000460879  -0.000979961  -0.0305136  0.124126  
0.000335716  -0.0002834  0.000223401  -0.00557052  0.0377576  0.138511  
0.000507162  -0.0002834  0.000223401  0.00052577  0.0151348  0.119661  
0.000839451  -0.000420796  0.000223401  0.0128426  0.00871927  0.194573  
0.000728587  -0.00057611  0.000223401  0.0128677  0.0225843  0.187825  
0.00105503  -0.0002834  0.000223401  0.0128243  0.0087724  0.252775  
0.000913669  -0.0002834  0.000223401  0.0128243  0.0255499  0.203669  
0.0014237  -0.0002834  0.000223401  0.0213933  0.0155626  0.226982  
0.00104234  -0.0002834  0.000378116  0.0128259  0.0352663  0.167474  
0.0012511  -0.000667162  0.000297616  0.0310894  0.0178276  0.204268  
0.00104234  -0.000482905  0.000223401  0.0293226  0.035799  0.154403  
0.00131929  -0.000703111  0.000223401  0.0176456  0.0205441  0.216022  
0.00113365  -0.000231144  0.000223401  0.00991759  0.0490464  0.146183  
0.00137457  -0.000333104  0.000223401  0.0130279  -0.000800372  0.233514  
0.00114205  -7.39041e-05  0.00060632  -0.0208518  0.0227027  0.00928387  
0.00185169  0.00094893  0.000484453  -0.0895333  -0.040441  -0.197222  
0.00436147  0.0015384  -9.78859e-05  -0.0840159  0.0615516  -0.132039  
0.00579966  0.00136647  -0.000176966  -0.0697976  -0.0160203  -0.069613  
0.00291564  0.00120687  -0.000176966  -0.0743937  -0.0496589  0.0143057  
0.00188151  0.000773702  -0.000114064  -0.0524127  -0.0104901  0.132583  
0.00162375  0.000634214  -0.000176967  -0.0444044  0.00931317  0.121297  
0.0024682  0.000641235  -0.000176967  -0.038996  -0.0113431  0.222765  
0.00226703  0.000357148  -0.000176967  -0.0325128  0.0021161  0.295831  
0.00203792  0.000496531  -0.000176967  -0.0444553  -0.00874815  0.294928  
0.00234736  0.000157589  -0.000176967  -0.0324895  -0.0195916  0.362326  
0.00202374  0.000157589  -0.00035168  -0.0141066  -0.0284888  0.340415  
0.00230189  0.000292379  -0.000176967  -0.00310028  -0.0696673  0.379367  
0.00237629  0.000126278  -0.000247801  -0.00306238  -0.0220498  0.344208  
0.00342706  -0.000196516  3.14324e-05  0.0233259  -0.0715166  0.328356  
0.00198511  0.000170591  4.6749e-05  0.00496267  -0.0437457  0.344102  
0.00221694  4.20493e-05  0.000140256  0.000951951  -0.0691066  0.331745  
0.00244011  7.18446e-05  -0.000124632  -0.00255516  -0.0542563  0.357487  
0.00216278  7.85042e-05  0.000152669  -0.00653033  -0.0425158  0.282216  
0.00275288  -8.48621e-05  -0.000176967  0.000611231  -0.0781014  0.376315  
0.00190879  -5.19157e-05  -0.000176967  0.00689042  -0.0368457  0.348809  
0.00225668  0.000112977  -4.67835e-05  0.00674829  -0.0680736  0.390191  
0.00208585  0.000247595  -1.2027e-05  -0.00423586  -0.0361796  0.332922  
0.00266771  0.000198036  -0.000176966  -0.012283  -0.0647597  0.366715  
0.00252755  0.000142395  -0.000176966  -0.0113049  -0.0312265  0.335558  
0.00288177  -0.000108518  -1.48147e-05  -0.0101501  -0.031008  0.347391  
0.00245404  0.000138412  -3.61958e-05  -0.00823456  -0.0311195  0.373005  
0.00252755  0.000183214  -0.000176966  -0.00902412  -0.0401228  0.384298  
0.00259304  -0.000108518  -0.000176966  -0.00955067  -0.0114484  0.373692  
0.00278278  -0.000108518  -3.96643e-05  -0.00872014  -0.0352636  0.376023  
0.00252755  4.39285e-05  -5.50152e-05  -0.000800359  -0.0244038  0.369312  
0.00283959  1.18283e-05  -6.30927e-05  -0.00662724  -0.031013  0.363127  
0.00206851  0.00011682  -0.000176966  -0.00121446  -0.0193381  0.344778  
0.00243134  8.94182e-05  -6.42122e-05  -0.00162025  -0.0343038  0.348221  
0.00239112  0.000305122  -0.000176966  -0.00959956  -0.0311348  0.370017  
0.00212739  1.73409e-06  -0.000176966  -0.00367839  -0.0187833  0.335826  
0.00241984  3.7027e-05  -0.000176966  -0.0106863  -0.044055  0.370115  
0.00233041  -9.69084e-05  -0.000176966  -0.00935296  -0.0413692  0.356408  
0.00240402  -9.69084e-05  -0.000176966  0.00508509  -0.0288563  0.371902  
0.0020602  -9.69084e-05  -0.000176966  0.00829202  -0.0414507  0.370062  
0.00214545  -9.69084e-05  -0.000176966  0.00316068  -0.0237291  0.359369  
0.00263704  -9.69084e-05  -0.000176966  -0.00735083  -0.0291308  0.356631  
0.0020602  -9.69084e-05  -0.000176966  0.00829202  -0.00752339  0.364228  
0.00220017  -9.69084e-05  -0.000176966  0.00593195  -0.0221107  0.361168  
0.0020602  -0.000246907  -7.30646e-05  0.00832328  -0.0150419  0.353947  
0.00252027  -0.00010045  -3.02436e-05  6.87695e-06  -0.0293956  0.35842  
0.00148621  -3.55969e-07  -4.93536e-05  -0.00783519  -0.00160604  0.304739  
0.00184764  -0.000234232  -6.73365e-05  0.000131145  -0.036181  0.351253  
0.00168635  -0.000268183  -0.000176966  -0.00613285  -0.00411129  0.327677  
0.00217806  -0.000165111  -5.917e-05  0.00235884  -0.0345911  0.35002  
0.00202239  -4.09051e-05  -0.000176966  0.00451623  -0.00553792  0.322055  
0.00213897  -0.000384785  -0.000176966  0.00836538  -0.0330046  0.350426  
0.00168839  -6.05761e-05  -0.000176966  0.00828442  -0.0118288  0.322847  
0.00198006  -0.000352728  -0.000176966  0.00836916  -0.0342944  0.364912  
0.00177518  -4.57625e-05  -0.000176966  -0.00112614  -0.019132  0.298702  
0.00176028  0.000123795  -0.000504245  -0.00541783  -0.025775  0.243927  
0.00198096  6.96978e-05  -0.00029107  -0.00524734  -0.0470504  0.335477  
0.0014003  -4.84612e-05  -0.000176966  0.00833147  -0.0186353  0.312394  
0.00216688  -0.00034427  -0.000176966  0.00840595  -0.0515771  0.362211  
0.00131805  -3.30218e-05  -0.000176966  0.00359432  -0.0110851  0.339879  
0.00174627  -0.000234211  -0.000326536  0.00838672  -0.0342092  0.364719  
0.00132399  -4.52477e-05  -0.000176966  -0.00570599  -0.00382235  0.300963  
0.00168348  0.000104141  -0.000176966  -0.00469368  -0.0453969  0.359239  
0.00149054  9.74535e-05  -0.000176966  -0.00511789  -0.000140443  0.317045  
0.00202461  9.74535e-05  -0.000176966  -0.00682257  -0.0294512  0.313774  
0.00166073  9.74535e-05  -0.000176966  -0.00616861  -0.0193074  0.337104  
0.00152325  9.74535e-05  -0.000176966  -0.0013775  -0.0145087  0.283294  
0.00197663  9.74535e-05  -0.000176966  -0.00688251  -0.0629071  0.339647  
0.00158089  9.74535e-05  -0.000176966  0.00390987  -0.0305376  0.325514  
0.00178739  9.74535e-05  -0.000176966  0.00829577  -0.0490563  0.375517  
0.00158089  9.74535e-05  -0.000176966  0.00829577  -0.0330037  0.34627  
0.00183267  9.74535e-05  -0.000176966  0.00829577  -0.0329379  0.369744  
0.001995  9.74536e-05  -0.000176966  -0.00527763  -0.0096104  0.297947  
0.00235293  9.74535e-05  -0.000176966  -0.00411904  -0.0370246  0.355736  
0.00178899  9.74535e-05  -0.000176966  0.00245577  -0.0134404  0.324645  
0.00224202  9.74536e-05  -0.000176966  0.00829577  -0.0365343  0.364937  
0.00192105  9.74536e-05  -0.000281708  0.00830011  -0.0160291  0.326692  
0.001975  -0.000291245  -0.000176966  0.00595991  -0.0366298  0.351676  
0.00181  0.000132322  -0.000294756  0.00828872  -0.022947  0.354983  
0.00181  -1.59082e-05  -0.000176966  0.00831653  -0.0257734  0.353593  
0.00240409  -0.000171708  -0.000176966  0.00836957  -0.0402163  0.36069  
0.00200272  -0.000171708  -0.00046214  0.00839373  -0.0253236  0.349979  
0.00200272  5.88465e-05  -0.000623419  0.00835448  -0.0474873  0.37256  
0.00181623  9.22979e-05  -0.000414195  0.00832012  -0.0138089  0.318221  
0.00200272  0.000133706  -0.000176966  0.0082892  -0.0461919  0.352337  
0.00175272  0.000103444  -0.000514652  -0.00380496  0.00621773  0.258593  
0.00315065  0.000784766  -0.000380915  -0.0244165  -0.0765724  0.0864487  
0.00265764  0.000798204  -0.000561532  -0.0463693  -0.0437099  0.0762485  
0.00230349  0.000794366  -0.000641481  -0.0344601  -0.0563086  0.144424  
0.00190694  0.00068925  -0.000641481  -0.03444  -0.0563872  0.175204  
0.00159747  0.000557432  -0.000558652  -0.0307887  -0.0330174  0.185511  
0.00224315  0.000386381  -0.000641481  -0.0343748  -0.0563211  0.228084  
0.00170265  0.000386381  -0.000572771  -0.0343794  -0.0277597  0.208073  
0.00201752  0.000386381  -0.000641481  -0.0173654  -0.0591116  0.239161  
0.00184349  0.000324538  -0.000641481  -0.0167133  -0.0477147  0.233411  
0.00206753  0.000386381  -0.000641481  -0.0186808  -0.0644348  0.254324  
0.00190694  0.000386381  -0.00064148  -0.0198972  -0.0301416  0.19832  
0.00197708  0.000386381  -0.000641481  -0.0153774  -0.0664602  0.261937  
0.00147689  0.000334803  -0.000641481  -0.0151199  -0.0303963  0.213014  
0.00188588  0.000386381  -0.00064148  -0.0118886  -0.0611578  0.217834  
0.00174164  0.000193438  -0.000456006  -0.00920794  -0.0351876  0.235199  
0.00166346  0.000386381  -0.00064148  -0.0131197  -0.0742615  0.287784  
0.00139841  0.000386381  -0.000491534  -0.0179426  -0.0373871  0.286635  
0.00182062  0.000386381  -0.000479226  -0.0133034  -0.0596365  0.314089  
0.00157189  0.000386381  -0.00064148  -0.0136216  -0.0313138  0.300511  
0.00172841  0.000386381  -0.000303842  -0.013062  -0.055186  0.338095  
0.00177914  0.000386381  -0.000417608  -0.0134126  -0.0304501  0.311682  
0.00184591  0.000189503  -0.000297171  -0.00849485  -0.057132  0.36326  
0.00165652  0.000386381  -0.000206574  -0.00688532  -0.0316694  0.326907  
0.00201746  0.000473994  -0.000417109  -0.0119381  -0.0488065  0.325028  
0.0016681  0.000700202  -0.00064148  -0.018978  -0.0372258  0.273655  
0.0029057  0.00139013  -0.000211027  -0.0201078  -0.161692  0.220853  
0.00116234  0.0017845  -0.000375957  -0.045698  -0.143427  0.223638  
0.00199342  0.00174436  -0.00105793  -0.0384739  -0.0837234  0.246217  
0.00120552  0.00185222  -0.00107637  -0.0395456  -0.0927061  0.228891  
0.00190729  0.0024675  -0.00115988  -0.0607502  -0.100575  0.183397  
0.00309817  0.00230639  -0.00152729  -0.0774585  0.0520154  0.0590897  
0.00296258  0.00185222  -0.00152729  -0.0818375  -0.00485105  0.066154  
0.00211244  0.00185222  -0.00152729  -0.0790997  -0.0661599  0.136709  
0.000543046  0.000985784  -0.00152729  -0.0524958  -0.103758  0.30242  
0.0015506  0.00158745  -0.00152729  -0.0703236  -0.108714  0.166176  
0.00273212  0.00200586  -0.00220214  -0.0803779  -0.053264  0.0347517  
0.000666477  0.00188824  -0.00238531  -0.0997117  -0.0767094  -0.0354141  
0.000124039  0.00207906  -0.00222554  -0.121168  -0.121779  0.0010594  
-0.00042025  0.00129043  -0.00143699  -0.077019  -0.134621  0.0906194  
-0.000481542  0.00365097  -0.00249633  -0.126818  -0.145412  0.025945  
-0.000975318  0.00209477  -0.00232791  -0.0780406  -0.188743  0.00153927  
-3.39737e-05  0.00292456  -0.00243465  -0.139313  -0.0236957  0.109431  
0.000360981  0.00268672  -0.00266343  -0.118097  -0.069166  0.11906  
0.00102303  0.0031272  -0.00269298  -0.134477  -0.096412  0.193212  
0.000280862  0.00280791  -0.00299872  -0.139287  -0.0520994  0.13226  
0.00081646  0.00268638  -0.00326512  -0.139029  -0.0897409  0.202698  
0.000539836  0.00252525  -0.00295394  -0.127379  -0.0333291  0.134438  
0.000998224  0.00209477  -0.00284204  -0.115572  -0.0605439  0.143999  
0.000995753  0.00170631  -0.0026736  -0.10596  -0.0211951  0.121242  
0.00115079  0.00159532  -0.00258696  -0.0963678  -0.0462138  0.164946  
0.000797989  0.00159532  -0.00219989  -0.0815996  -0.0280079  0.140419  
0.00115342  0.000973299  -0.00219989  -0.0663989  -0.0493682  0.217101  
0.000977269  0.000973299  -0.00219989  -0.0656707  -0.0102773  0.128423  
0.000977269  0.000973299  -0.00234816  -0.0668127  -0.0469757  0.184333  
0.00102912  0.000973298  -0.00219989  -0.0706002  -0.013218  0.148015  
0.00150134  0.00122157  -0.00244844  -0.0644928  -0.0417798  0.195997  
0.00100161  0.000973299  -0.00219989  -0.0558623  -0.0113319  0.168488  
0.00179155  0.000885934  -0.00219989  -0.0306644  -0.0458739  0.236834  
0.0013777  0.000973298  -0.00165311  0.0218763  -0.0299116  0.215975  
0.00211819  0.000973298  -0.00183053  0.011361  -0.0486673  0.2572  
0.00175539  0.000849252  -0.00212036  -0.028858  -0.018777  0.230312  
0.00156754  0.00110999  -0.00233815  -0.0288913  -0.0395132  0.255626  
0.00146348  0.000962228  -0.00229772  -0.0288577  -0.0162972  0.231243  
0.00170231  0.000506592  -0.00245276  -0.0365944  -0.0283949  0.257489  
0.00142662  0.000506592  -0.00245804  -0.0350095  -0.0227342  0.218123  
0.00175487  0.000506592  -0.0024991  -0.0287767  -0.0274201  0.264307  
0.00142662  0.000575526  -0.00246318  -0.0287933  -0.00914827  0.243273  
0.00142662  0.000506592  -0.00248421  -0.0287719  -0.0207153  0.261774  
0.0013096  0.000506592  -0.00251666  -0.0287729  -0.0113444  0.228556  
0.00133239  0.000625374  -0.00273292  -0.0287913  -0.0328818  0.267752  
0.000958406  0.000793628  -0.00257184  -0.0359358  -0.0117809  0.245896  
0.0013011  0.000864848  -0.00258303  -0.0376756  -0.024422  0.277842  
0.00122614  0.000506592  -0.00265518  -0.0287823  -0.00737503  0.256594  
0.000785248  0.000820277  -0.00272105  -0.0324868  -0.0198117  0.265958  
0.000846525  0.000831134  -0.00260339  -0.0326738  -0.0320124  0.267556  
0.000370995  0.00103613  -0.0026446  -0.0402555  -0.0181009  0.248391  
0.000923967  0.000746245  -0.00258425  -0.036478  -0.017497  0.269404  
0.000370995  0.000506592  -0.00246223  -0.0287864  -0.000884843  0.244822  
0.0013215  0.000506592  -0.0026205  -0.028786  -0.0199949  0.251376  
0.00174971  0.000506592  -0.002378  -0.0429234  0.0272912  0.229473  
0.00266131  0.00118193  -0.0023602  -0.0487203  -0.0228354  0.269387  
0.00213555  0.000874831  -0.00248772  -0.0637302  0.00876387  0.258307  
0.00202042  0.000981312  -0.00255188  -0.12352  -0.011275  0.269133  
0.00119878  0.000321407  -0.00189565  -0.0840968  0.00705016  0.269155  
0.00123301  0.00240738  -0.00134037  0.0295093  -0.0127949  0.291863  
0.00169719  0.00165413  -0.00189972  -0.0395602  -0.00827838  0.23889  
0.00242676  0.00134267  -0.00189972  -0.0632864  -0.032654  0.212633  
0.00139954  0.00149961  -0.00201575  -0.0711331  -0.0340123  0.204855  
0.00106521  0.00138574  -0.00213498  -0.0670397  -0.0485984  0.198656  
0.00106521  0.00153738  -0.00232736  -0.076799  -0.0324954  0.200914  
0.00157327  0.00135676  -0.00216672  -0.0643475  -0.0555885  0.245911  
0.00106521  0.00133465  -0.002208  -0.071822  -0.0217765  0.256065  
0.00141629  0.00140059  -0.00222302  -0.0631941  -0.0443242  0.284818  
0.00103953  0.00139007  -0.0023437  -0.0718183  -0.00610663  0.237111  
0.00144201  0.00147142  -0.00232854  -0.0607697  -0.0515508  0.284862  
0.000885681  0.0013426  -0.00232749  -0.05457  -0.0151588  0.25468  
0.00142199  0.00132864  -0.00211093  -0.0512762  -0.0377787  0.26834  
0.00106116  0.00126452  -0.00224933  -0.0450889  -0.00363835  0.269137  
0.00137264  0.000647314  -0.00189972  -0.0354388  -0.0377773  0.284922  
0.000988786  0.000647314  -0.0022406  -0.0299823  -0.0159087  0.291772  
0.00115007  0.000804757  -0.00218983  -0.0300156  -0.0211086  0.269287  
0.00152473  0.000758164  -0.00189972  -0.030028  -0.0210132  0.298053  
0.0010802  0.000785964  -0.00213657  -0.0300165  -0.0211128  0.265741  
0.00101948  0.00103792  -0.00189972  -0.0300821  -0.00486687  0.276303  
0.00113111  0.00111813  -0.00189972  -0.0368894  -0.0210976  0.283617  
0.000844961  0.00123459  -0.0018276  -0.0360884  -0.000263702  0.259824  
0.0010802  0.000647314  -0.00189972  -0.0300032  -0.0439577  0.283629  
0.000758899  0.00113363  -0.00189972  -0.0384422  -0.0100691  0.285583  
0.00104113  0.00101129  -0.00177269  -0.0300989  -0.0372622  0.290662  
0.000885986  0.000895294  -0.00168817  -0.0300666  -0.00373203  0.271127  
0.00142037  0.00154357  -0.00189972  -0.0489055  -0.0326809  0.269576  
0.00163943  0.00125377  -0.00215568  -0.0484279  -0.00700939  0.22495  
0.00148676  0.00161644  -0.00189972  -0.0402652  -0.0191958  0.260857  
0.00134802  0.00164371  -0.00189972  -0.0465556  -0.0175769  0.224645  
0.00110825  0.00130656  -0.00225688  -0.0379058  -0.00345123  0.191428  
0.000990442  0.00135633  -0.00215949  -0.0301576  -0.0176433  0.223927  
0.00119348  0.00127576  -0.00189972  -0.0160161  0.0341714  0.161771  
0.0014715  0.00126078  -0.00189972  -0.0241106  -0.00704117  0.166302  
0.00092521  0.000810628  -0.00189972  -0.0300301  0.030757  0.167826  
0.00113682  0.00108264  -0.00189972  -0.0241703  -0.00232415  0.173004  
0.00114198  0.00110245  -0.00189972  -0.0234127  0.019395  0.197039  
0.00147484  0.000647314  -0.00189972  -0.0178843  0.00588634  0.211366  
0.00092521  0.000699426  -0.00189972  -0.0219524  0.0292313  0.18522  
0.00129631  0.000647315  -0.00189972  -0.0113348  0.00584943  0.211356  
0.00092521  0.000647315  -0.00189972  -0.00916701  0.0346652  0.181949  
0.00109436  0.000647315  -0.00180173  -0.00759356  0.0258267  0.191046  
0.00114759  0.000647315  -0.00189972  -0.00887157  0.0322139  0.189093  
0.000905054  0.000647315  -0.00174002  -0.00505798  0.017731  0.19056  
0.00103769  0.000647315  -0.00189972  -0.00226463  0.00828457  0.185751  
0.00124355  0.000647315  -0.00189972  -0.0101673  0.0226574  0.208977  
0.000841098  0.000244512  -0.00189972  -0.0118823  0.0307628  0.182176  
0.000905054  0.000244512  -0.00189972  -0.0115802  0.0245804  0.221422  
0.000905054  0.000244512  -0.00156415  -0.0103409  0.0361922  0.165612  
0.00129165  0.000709887  -0.00180156  -0.0067945  -0.00289187  0.196522  
0.000938957  0.000244512  -0.00184164  -0.00679482  0.0271441  0.220417  
0.000859353  0.000244512  -0.00183946  -0.000567908  0.0131293  0.208727  
0.00106712  0.00010505  -0.00189972  0.00555605  0.0323245  0.227275  
0.00107997  0.000388082  -0.00174766  -0.0019456  0.0200282  0.217568  
0.00137533  0.000244512  -0.00155053  0.00555145  0.0390128  0.254268  
0.00134688  -9.75333e-05  -0.00138269  0.00297337  -0.0249583  0.210957  
0.00119228  0.000111782  -0.00136225  0.0233282  -0.0397746  0.240994  
0.00123572  0.000244512  -0.00136225  0.0268955  -0.0250444  0.139486  
0.00113965  0.000569725  -0.00181838  0.0106943  -0.0491953  0.137062  
0.00124897  0.000244512  -0.00163394  0.0190724  -0.0250256  0.0995417  
0.00174618  0.000244512  -0.00187481  0.0251048  -0.0475033  0.152083  
0.00192307  8.1091e-05  -0.00221887  0.0345938  -0.0112382  0.154024  
0.00193446  -7.85246e-05  -0.00217935  0.0402202  -0.0340535  0.184803  
0.00127953  -5.38221e-05  -0.00190038  0.0346043  0.000791423  0.177505  
0.00226276  -0.000184075  -0.00190038  0.0346258  -0.0340183  0.22409  
0.00377683  -0.000907305  -0.00126651  0.0347169  0.0181973  0.207396  
0.00426516  0.000289618  -0.0014483  0.0172411  -0.0124247  0.215048  
0.0027247  0.000295982  -0.00139586  0.0126667  0.0257867  0.225089  
0.00317144  0.000295982  -0.00136041  0.0236106  -0.00877328  0.229042  
0.00298726  0.000118846  -0.00142232  0.0249474  0.0140488  0.256757  
0.00314841  -0.000106763  -0.0015987  0.0346318  -0.0194457  0.2659  
0.00288223  -0.000218811  -0.00171271  0.0346469  0.0104255  0.265064  
0.00326712  5.03128e-06  -0.00156314  0.0346258  -0.0238434  0.298558  
0.00288223  -4.33132e-05  -0.00157281  0.019889  0.00985566  0.248924  
0.00288223  1.52162e-05  -0.00164395  0.0224981  -0.0252524  0.221637  
0.00224829  0.000480708  -0.00157281  0.009306  -0.00892825  0.165394  
0.0021249  0.000237357  -0.00157281  0.00933969  -0.0238726  0.202016  
0.00218674  0.000237357  -0.00157281  0.0264608  0.00232668  0.185033  
0.00254567  0.000237357  -0.00157281  0.0284743  -0.0356572  0.228269  
0.00219172  0.000434392  -0.00157281  0.016671  -0.0207994  0.221995  
0.00225533  0.000775026  -0.00157281  0.00292187  -0.0563182  0.294033  
0.00269208  0.000976501  -0.00109552  0.00654915  -0.0757516  0.238305  
0.00386311  0.000237357  -0.00157281  0.027843  -0.14526  0.167397  
0.00338319  0.00125774  -0.00199696  -0.00577024  -0.113898  0.117978  
0.00321656  0.00106604  -0.00214373  -0.0147485  -0.0410106  0.104038  
0.00295873  0.0013214  -0.00199696  -0.0189025  -0.0265244  0.0891891  
0.00370732  0.00119281  -0.00227518  -0.0146491  -0.00289479  -0.0349347  
0.00349592  0.00143538  -0.00245643  -0.0239994  -0.0354332  0.0119854  
0.00265231  0.00140987  -0.00243418  -0.00166013  0.00803308  -0.0158867  
0.00291895  0.00121743  -0.00203888  0.0124959  -0.0250638  0.023942  
0.00291215  0.000829541  -0.00194656  0.0238747  0.000908631  -0.000130282  
0.00304641  0.000907127  -0.00223991  0.014591  -0.0300675  0.0239623  
0.00268047  0.000717472  -0.00203359  0.0287283  -0.00687619  0.0079262  
0.00338362  0.000907127  -0.00216173  0.0315151  -0.0436584  0.0694266  
0.00283162  0.000907127  -0.00207223  0.0305761  -0.010841  0.0279318  
0.00334958  0.000907127  -0.00243418  0.0226639  -0.0853843  0.0626153  
0.00422287  0.00143957  -0.00290098  0.0312562  -0.116231  -0.0846538  
0.00283582  0.0015493  -0.00291282  -0.0937104  -0.0646829  -0.397564  
0.00291125  0.00339446  -0.00301251  -0.136924  0.0264275  -0.351016  
0.00511264  0.00435705  -0.0034411  -0.156534  -0.00696385  -0.450022  
0.00377815  0.00431392  -0.00361833  -0.161698  -0.0654775  -0.299167  
0.00364603  0.00414734  -0.00348515  -0.147853  -0.00419674  -0.286163  
0.003579  0.00389709  -0.0034506  -0.141495  -0.0234061  -0.243471  
0.00321912  0.00378306  -0.00301251  -0.141728  0.0101395  -0.325777  
0.00302345  0.00357809  -0.00301251  -0.146593  -0.0373956  -0.155475  
-0.00588045  0.0012663  -0.00170725  -0.0315366  -0.275738  0.247363  
-0.0210357  -0.00375212  0.00284475  0.145086  -0.437303  0.676111  
-0.0166904  -0.00417092  0.00386605  0.193616  -0.179544  0.906512  
-0.0155284  -0.00265054  0.00309163  0.113657  -0.171017  0.776288  
-0.0108198  -0.00179295  0.00200625  0.0934945  -0.158488  0.562074  
-0.0100605  -0.00160966  0.00155116  0.0662748  -0.121063  0.527787  
-0.00999015  -0.0011728  0.00140534  0.03886  -0.134556  0.513317  
-0.00970028  -0.0011728  0.00131587  0.0497358  -0.14068  0.54299  
-0.0103228  -0.0011728  0.00103778  0.0660815  -0.141403  0.542859  
-0.0102721  -0.0011728  0.000798201  0.0550795  -0.164652  0.577259  
-0.0101417  -0.0011728  0.000633005  0.0424178  -0.143442  0.580013  
-0.00983053  -0.00076467  0.000602909  0.0466297  -0.160728  0.607257  
-0.010673  -0.0011044  0.00103792  0.0520835  -0.1436  0.65674  
-0.0102653  -0.0011728  0.00103792  0.0678356  -0.162163  0.665724  
-0.00998399  -0.000963785  0.000907541  0.0622187  -0.145809  0.641565  
-0.00980843  -0.000639702  0.000862865  0.0522035  -0.146621  0.653488  
-0.0103027  -0.000829852  0.00103792  0.0528751  -0.162002  0.665706  
-0.0101711  -0.000646557  0.00103792  0.0676302  -0.166995  0.648856  
-0.0102703  -0.00068401  0.00103792  0.0539784  -0.183944  0.668621  
-0.0102916  -0.000577116  0.00103792  0.0623904  -0.162401  0.636789  
-0.0102984  -0.00106873  0.00103792  0.067796  -0.190584  0.665728  
-0.0116239  -0.0015873  0.00148222  0.0841013  -0.16293  0.665344  
-0.0107793  -0.0011728  0.00134217  0.0720286  -0.186877  0.665614  
-0.0107869  -0.000335263  0.00118891  0.0420511  -0.158827  0.592515  
-0.00931331  -0.000136112  0.00112649  0.0126051  -0.181191  0.520004  
-0.00952768  0.000108077  0.0011102  0.0125402  -0.16227  0.511721  
-0.00879987  -0.00026685  0.000881465  0.0295575  -0.162092  0.520042  
-0.00881539  0.000108077  0.00102759  0.029424  -0.121085  0.498526  
-0.00884104  -0.000316672  0.00098278  0.0295436  -0.145245  0.482015  
-0.0091277  -0.000316672  0.000990422  0.0295426  -0.13875  0.485876  
-0.00837524  -0.000316672  0.000766981  0.02368  -0.161021  0.488963  
-0.00887385  0.000156703  0.001049  0.0301646  -0.136265  0.502239  
-0.00849076  0.000214215  0.00073301  0.0312757  -0.161231  0.510107  
-0.00958716  -0.000316673  0.00119529  0.0479467  -0.143418  0.53046  
-0.00891412  1.31078e-05  0.00119529  0.0478397  -0.161335  0.539066  
-0.00885973  0.000340154  0.00100276  0.0280201  -0.133494  0.539828  
-0.00801734  0.000583697  0.000625147  0.0198778  -0.161118  0.463775  
-0.00798756  0.000598691  0.000707777  0.0201752  -0.129519  0.39213  
-0.00772417  0.000830843  0.000787836  0.0144941  -0.161631  0.421727  
-0.00835275  0.000846256  0.000745938  0.0178931  -0.118557  0.421627  
-0.00774436  0.000662705  0.000767956  0.0103969  -0.160335  0.438806  
-0.00879107  0.00024057  0.00119529  0.0160167  -0.126299  0.458371  
-0.00814085  0.000350758  0.001048  0.0285018  -0.161381  0.458521  
-0.00837459  0.000352927  0.00119529  0.030549  -0.133175  0.476035  
-0.00800097  0.000354751  0.000778111  0.0423  -0.143912  0.435942  
-0.0079155  0.000506182  0.000818742  0.0348031  -0.143901  0.454377  
-0.00788938  0.000492207  0.00119529  0.0427787  -0.154812  0.444143  
-0.0082411  0.000311214  0.000780331  0.0292227  -0.147777  0.453074  
-0.00807523  0.000508848  0.00108842  0.0291184  -0.143979  0.453069  
-0.00831534  0.000574296  0.00119529  0.0290562  -0.144018  0.453041  
-0.00830864  0.000704591  0.00119529  0.029046  -0.144036  0.453059  
-0.00832773  0.000610896  0.000774381  0.0291065  -0.149868  0.469637  
-0.00822811  0.00063438  0.000909475  0.0290906  -0.165552  0.451633  
-0.00843918  0.000627062  0.000582852  0.0291573  -0.144038  0.474333  
-0.007584  0.000410569  0.00081601  0.0291694  -0.16206  0.468637  
-0.00819392  0.00074822  0.000536362  0.0291321  -0.14396  0.474528  
-0.00760939  0.000552853  0.000481989  0.0300369  -0.15857  0.474625  
-0.00813979  0.000521302  0.000544091  0.0377083  -0.141203  0.490828  
-0.0078124  0.000755319  0.000779311  0.0359784  -0.170772  0.466834  
-0.00796174  0.000451114  0.000730009  0.0326023  -0.147812  0.488334  
-0.0078037  0.00023832  0.000924137  0.0495645  -0.178297  0.488862  
-0.00829703  0.000612707  0.00081523  0.0354123  -0.144004  0.497145  
-0.00732825  0.000645232  0.000771502  0.0319695  -0.169631  0.47069  
-0.00807266  0.000697576  0.000958748  0.0135912  -0.148492  0.47533  
-0.00704048  0.000605168  0.000781962  0.0153375  -0.162882  0.405176  
-0.00662443  0.000506509  0.000778454  0.0300949  -0.16543  0.443014  
-0.00704345  0.0005343  0.000643375  0.0370003  -0.141114  0.421024  
-0.00644822  0.000397195  0.000717964  0.0302722  -0.165255  0.437925  
-0.00665708  -0.000112225  0.000873949  0.0310347  -0.134102  0.437877  
-0.00730888  0.000111413  0.00119529  0.0473133  -0.162551  0.472578  
-0.00693625  -0.000316674  0.000957405  0.0403094  -0.142065  0.467709  
-0.00714934  -0.000316674  0.000997611  0.0474665  -0.163369  0.507698  
-0.00739523  -0.000316674  0.0007814  0.0539747  -0.188323  0.503007  
-0.00756679  -0.000316674  0.000854524  0.0575892  -0.166984  0.50297  
-0.00768181  -0.00072186  0.000920012  0.0464523  -0.219414  0.502958  
-0.00793295  -0.000580921  0.000758456  0.0394775  -0.171005  0.502897  
-0.00672389  -0.00072186  0.00109216  0.0520301  -0.254902  0.412427  
-0.00846462  -0.00111088  0.000749946  0.0675459  -0.20029  0.564292  
-0.0096881  0.000177564  0.000293664  0.0670725  -0.163102  0.719738  
-0.00780901  -0.00101511  0.000699682  0.0415203  -0.246972  0.433741  
-0.00850363  -0.00086983  0.000274459  0.0456149  -0.15578  0.384133  
-0.00784144  -0.000662494  0.000254343  0.0538982  -0.222569  0.385435  
-0.00765104  -0.000763988  0.000462914  0.0287383  -0.141716  0.424176  
-0.00637936  -0.00031582  0.000288067  0.0161749  -0.168042  0.377271  
-0.00691741  -0.000426846  0.000269418  0.0162203  -0.158942  0.363665  
-0.00680673  -0.000426846  0.000230486  0.0326912  -0.185706  0.388708  
-0.00740921  -0.000426846  0.000283522  0.0326671  -0.155067  0.424585  
-0.00655869  -0.000870523  0.000290583  0.0550544  -0.192327  0.448497  
-0.0071785  -0.000870523  0.000184859  0.0550708  -0.167765  0.473067  
-0.00661298  -0.000870523  2.49869e-06  0.0551083  -0.19216  0.465105  
-0.00743241  -0.000870523  2.14084e-05  0.0562524  -0.168929  0.481458  
-0.00668715  -0.000819454  -0.000201875  0.0589372  -0.199594  0.514736  
-0.00679738  -0.000770121  -5.46113e-05  0.0578141  -0.184079  0.525547  
-0.00592972  -0.000870522  -3.81747e-05  0.0666339  -0.189573  0.532024  
-0.00696153  -0.00076231  1.75292e-05  0.057736  -0.173441  0.531805  
-0.00642478  -0.000870523  -0.000247941  0.0725166  -0.203652  0.531885  
-0.00674018  -0.00100244  7.5931e-06  0.0667017  -0.173476  0.522079  
-0.0066503  -0.00129273  -0.000144864  0.0751646  -0.200634  0.543285  
-0.0065564  -0.00129273  -0.000165586  0.0745978  -0.185996  0.528271  
-0.00641166  -0.00118564  -0.000197385  0.0788497  -0.200528  0.543891  
-0.00659874  -0.00129273  -0.000256724  0.0719388  -0.166548  0.501042  
-0.00615464  -0.00153912  -0.000195542  0.0814827  -0.198677  0.531664  
-0.00669796  -0.00129273  -0.00019191  0.0811804  -0.152218  0.519475  
-0.00579724  -0.0012117  -0.000213599  0.0749893  -0.177557  0.51962  
-0.00616032  -0.00125718  -0.00017306  0.0749769  -0.135048  0.463171  
-0.00601597  -0.00123007  -0.000382194  0.0818779  -0.188307  0.500573  
-0.00682276  -0.00135718  -0.000329539  0.0747502  -0.150351  0.484332  
-0.00612135  -0.0011507  -0.000395729  0.0908754  -0.183565  0.484458  
-0.00669905  -0.00115483  -0.000354448  0.0649434  -0.138934  0.484321  
-0.00602138  -0.00103144  -0.000335142  0.0777322  -0.161264  0.484417  
-0.00667066  -0.00114481  -0.00033237  0.0777486  -0.135654  0.493531  
-0.00593789  -0.00108211  -0.000451301  0.0752168  -0.161217  0.493773  
-0.0065413  -0.000875553  -0.000584325  0.0704874  -0.127471  0.483566  
-0.00574704  -0.000941859  -0.000441506  0.0649275  -0.167384  0.485088  
-0.00560944  -0.00098603  -0.000390085  0.061188  -0.129012  0.488661  
-0.00572931  -0.000854494  -0.000350499  0.0595005  -0.185104  0.488779  
-0.00596674  -8.05284e-05  -0.000406158  0.0297505  -0.134078  0.398902  
-0.00436281  0.000214709  -0.000835035  0.0298086  -0.217723  0.381837  
-0.0047325  0.000641693  -0.00119901  0.006835  -0.181493  0.341089  
-0.00421554  0.000496346  -0.00117602  0.017004  -0.209712  0.363864  
-0.00470091  0.000180367  -0.000734439  0.0298113  -0.18327  0.402885  
-0.0041724  8.21803e-05  -0.00115202  0.0299404  -0.191401  0.393282  
-0.00485489  0.000386287  -0.00120252  0.0132845  -0.182177  0.373648  
-0.00613907  8.21803e-05  -0.00172368  0.0525911  -0.235745  0.331856  
-0.00608769  0.000245768  -0.00118429  0.022499  -0.22184  0.153935  
-0.00586354  0.000153936  -0.00127655  0.0292125  -0.254474  0.123794  
-0.00612911  -0.000202397  -0.00118429  0.0225381  -0.183891  0.110679  
-0.005059  0.000253085  -0.00137794  0.0252306  -0.22516  0.0832985  
-0.00549504  0.000203567  -0.00118429  0.0225207  -0.159785  0.110986  
-0.00581629  -0.000360896  -0.00097475  0.0431046  -0.232186  0.203087  
-0.00619571  -0.000597063  -0.000569341  0.0430264  -0.161659  0.22312  
-0.00576316  -0.000840943  -0.000936643  0.0603884  -0.208507  0.221621  
-0.00597297  -0.00011662  -0.000888492  0.0431435  -0.17625  0.190616  
-0.00530612  -0.000111958  -0.000961616  0.04901  -0.215995  0.214421  
-0.00562329  -0.000548523  -0.00086166  0.0577001  -0.170252  0.220622  
-0.0051444  -0.000277634  -0.00108444  0.0603163  -0.206519  0.222816  
-0.00575438  -0.000448239  -0.000856259  0.0603054  -0.161847  0.228097  
-0.00490009  -0.000840944  -0.00104282  0.0659915  -0.189531  0.227483  
-0.00447764  -0.000369382  -0.000178133  0.155658  -0.173587  0.256743  
-0.00489472  -0.000153899  -0.00025086  0.164761  -0.223179  0.215769  
-0.00258641  0.000841218  0.000251316  0.217726  -0.218362  0.123523  
-0.00389866  -0.000227354  -0.000577162  0.101369  -0.155443  0.238379  
-0.00373458  9.63553e-05  -0.000577162  0.0975591  -0.164721  0.245264  
-0.00347542  -0.000319626  -0.000577162  0.127933  -0.189576  0.307549  
-0.00369136  -0.000406364  -0.000577162  0.136759  -0.183744  0.322159  
-0.00330004  -0.000374657  -0.000577162  0.14832  -0.203537  0.336044  
-0.00365832  -0.000734375  -0.000256322  0.157486  -0.167606  0.328509  
-0.00361206  -0.000846784  0.000425063  0.24738  -0.237632  0.365148  
-0.00374734  -0.000734375  -0.000285565  0.111537  -0.178751  0.3395  
-0.00342122  -0.00101262  -0.000285565  0.141922  -0.200648  0.330669  
-0.00419609  -0.000734375  -0.000285565  0.152014  -0.163261  0.329299  
-0.00363082  -0.000734375  -0.000285565  0.15482  -0.184148  0.315215  
-0.00385237  -0.000734375  -0.000285566  0.130322  -0.122139  0.312163  
-0.00240858  0.0004407  -0.000611257  0.10385  -0.174956  0.123187  
-0.00325051  0.000119822  -0.000121169  0.130424  -0.151727  0.142837  
-0.00385725  -0.000106887  0.000309788  0.130492  -0.1125  0.132654  
-0.00488588  -0.0010184  0.000781985  0.168281  -0.12604  0.244968  
-0.00583302  -0.00146804  0.00120488  0.188654  -0.132008  0.274286  
-0.00578898  -0.00146804  0.00101757  0.181546  -0.153072  0.314273  
-0.00543991  -0.00118015  0.000854191  0.170283  -0.150896  0.291653  
-0.00511711  -0.00108058  0.000588549  0.169855  -0.176831  0.345538  
-0.00513051  -0.00102708  0.000407212  0.172378  -0.15228  0.3485  
-0.00524966  -0.0013237  0.000560594  0.188806  -0.196191  0.392083  
-0.00538649  -0.0013955  0.000560594  0.189124  -0.166037  0.37705  
-0.00506851  -0.00146804  0.000560594  0.156618  -0.164442  0.344949  
-0.00473471  -0.00105504  -0.000146881  0.0470464  -0.210593  0.337175  
-0.00541246  -0.000175604  0.000733441  0.0811918  -0.222832  0.386811  
-0.0052083  -0.000476815  0.000165646  0.157002  -0.188468  0.386855  
-0.00491328  -0.000795924  -0.000134725  0.14611  -0.167205  0.404523  
-0.00187281  -0.0012169  0.000302093  0.0994446  -0.24172  0.0227556  
-0.00121336  -0.00112204  -0.000530018  0.0731291  -0.187426  -0.00492353  
-0.00174848  -1.858e-05  -0.000200876  0.0715246  -0.0816004  0.160055  
-0.00130969  -0.000322697  -0.000207341  0.0716496  -0.0920025  0.369259  
-0.00219439  -0.000428202  -0.000205578  0.078974  -0.0188317  0.396309  
-0.00186076  -0.000809084  -0.00042235  0.0988759  -0.090658  0.371505  
-0.00199074  -0.000744078  -0.000400794  0.100933  -0.0445109  0.409774  
-0.00209737  -0.000816693  -0.000359248  0.105519  -0.0839943  0.409753  
-0.00209737  -0.000816693  -0.000483318  0.101978  -0.053712  0.448491  
-0.00173293  -0.000816693  -0.000506317  0.105529  -0.0799041  0.430346  
-0.00189852  -0.000816693  -0.00035959  0.114744  -0.0839308  0.483945  
-0.00228437  -0.00137763  -0.00035959  0.12469  -0.0583827  0.466788  
-0.0021149  -0.00137763  -0.00035959  0.116712  -0.0801783  0.498003  
-0.00204566  -0.00137763  -0.00035959  0.126605  -0.0681857  0.498012  
-0.00207606  -0.00137763  -0.00035959  0.13351  -0.0839843  0.539029  
-0.00213768  -0.00137763  -0.000527941  0.127693  -0.0611998  0.504505  
-0.00134144  -0.00110844  -0.00035959  0.112963  -0.0794559  0.527481  
-0.00177948  -0.00137763  -0.00035959  0.129258  -0.0571046  0.487715  
-0.00138862  -0.00137763  -0.00021839  0.123433  -0.0947844  0.370559  
-0.00262209  -0.000478516  -0.000309223  0.109418  -0.029885  0.540135  
-0.00405145  -0.000191097  -0.00035959  0.0973726  -0.040853  0.641555  
-0.00216291  -0.000604655  -0.000465284  0.0933112  -0.0396873  0.221723  
-0.00190268  -0.000791374  -0.00035959  0.0902051  -0.0347118  0.263279  
-0.00216657  -0.00101193  -0.00035959  0.0933654  3.97486e-05  0.28488  
-0.00105521  -0.001087  -0.00035959  0.109865  -0.0266854  0.332409  
-0.00142922  -0.001087  -0.00035959  0.109508  0.00764063  0.32457  
-0.0014193  -0.001087  -0.00035959  0.113739  -0.033563  0.353676  
-0.00173128  -0.001087  -0.000520453  0.107104  -0.000594588  0.301483  
-0.00146325  -0.001087  -0.000510573  0.11058  -0.036133  0.334473  
-0.00187466  -0.000981407  -0.000551003  0.112012  -0.00703117  0.359525  
-0.00182372  -0.001087  -0.000664386  0.115819  -0.0471  0.426132  
-0.00233142  -0.001087  -0.000718404  0.121954  -0.011103  0.482974  
-0.00185232  -0.001087  -0.000590987  0.118766  -0.0492095  0.416496  
-0.00190339  -0.00137499  -0.000546195  0.126203  -0.0264759  0.38584  
-0.0018358  -0.00135553  -0.000509306  0.12202  -0.047211  0.356091  
-0.00208738  -0.00150229  -0.00035959  0.122029  -0.00776626  0.331415  
-0.00165213  -0.00150229  -0.00035959  0.132425  -0.0470913  0.366292  
-0.00167872  -0.00147749  -0.00035959  0.132494  -0.00543315  0.301768  
-0.00150213  -0.00145735  -0.00035959  0.126196  -0.04022  0.315032  
-0.00160209  -0.00137455  -0.00035959  0.128778  -0.0226119  0.217868  
-0.00265733  -0.000588024  -0.00035959  0.0989488  -0.100521  0.237893  
-0.0035305  -0.000776455  -0.00073971  0.111463  -0.0587356  0.0882466  
-0.00402995  -0.000683224  -0.000653232  0.0890187  -0.0642808  0.120377  
-0.00322418  -0.000687738  -0.000612382  0.0768147  -0.0330847  0.136382  
-0.00407322  0.00026603  -0.00145664  0.0632599  -0.0777642  0.205956  
-0.00317225  0.000572883  -0.00160232  0.0428833  -0.0819503  -0.0694023  
-0.00307952  0.000777174  -0.00163915  0.00909184  -0.0745756  -0.0538475  
-0.00390017  0.000801547  -0.00163764  0.00908941  -0.0542078  -0.0719067  
-0.00409011  0.000737203  -0.00148637  0.0287679  -0.0991794  -0.0548105  
-0.00487348  -0.000342995  -0.00196542  0.107541  -0.225643  -0.0445295  
-0.00501494  -0.000210516  -0.00182794  0.0928145  -0.243896  0.115463  
-0.00750696  -0.000798106  -8.03536e-05  0.101549  -0.32406  0.0683369  
-0.0187722  -0.00181011  0.00022654  0.0588891  -0.257062  0.427654  
-0.0230647  -0.0044878  0.0023615  0.144159  -0.362748  0.729612  
-0.0232159  -0.00463078  0.00222236  0.16455  -0.377151  0.806656  
-0.0201765  -0.00463078  0.00148323  0.143168  -0.398156  0.885984  
-0.0163855  -0.00298634  0.000722023  0.126596  -0.294481  0.756696  
-0.0145603  -0.00203642  0.000144829  0.0969943  -0.285588  0.641589  
-0.0162547  -0.00257891  0.000722023  0.131938  -0.30308  0.540161  
-0.0169648  -0.00340119  0.000722023  0.154809  -0.33008  0.630974  
-0.0157594  -0.00286722  0.000315309  0.141582  -0.253823  0.474727  
-0.0152955  -0.00322161  -4.9695e-05  0.154983  -0.310058  0.532989  
-0.0144927  -0.00301049  -0.000440061  0.148878  -0.211178  0.439639  
-0.0153382  -0.00371338  0.000173559  0.18233  -0.263364  0.536626  
-0.0173508  -0.00491376  0.00106106  0.237428  -0.24775  0.579577  
-0.0202954  -0.00777562  0.00260111  0.311493  -0.37459  0.707352  
-0.0232229  -0.00766837  0.00302653  0.304234  -0.384607  0.646878  
-0.0229448  -0.00631533  0.00299929  0.26168  -0.374578  0.627861  
