0.00333945  -0.00778333  0  0.320356  0.0606316  0.416085  
0.00346546  -0.00747203  -0.000105488  0.322096  0.0659586  0.432582  
0.00380353  -0.00730767  -0.000191175  0.314649  0.0696053  0.441685  
0.0038371  -0.00726425  -6.77626e-21  0.32236  0.0634955  0.443174  
0.00424288  -0.0078815  -0.000345274  0.314656  0.0383753  0.422963  
0.00417272  -0.00718224  -0.000454828  0.305696  0.0844851  0.396364  
0.00430029  -0.00719048  -0.000317587  0.3146  0.0863665  0.391229  
0.00416839  -0.00748329  -0.000335578  0.314616  0.0919651  0.439412  
0.00453517  -0.0072417  -0.000454828  0.312464  0.0655074  0.435952  
0.00423965  -0.0072794  -0.000186369  0.310349  0.0653901  0.45599  
0.00425094  -0.00723079  -0.000454828  0.314594  0.0422643  0.426709  
0.00381218  -0.00726346  -0.000454828  0.308935  0.0811165  0.442343  
0.0035982  -0.00728484  -0.000521944  0.303424  0.0508262  0.441927  
0.00291982  -0.00723359  -0.000454828  0.314582  0.0647906  0.458783  
0.00387397  -0.00714431  -0.000265669  0.314616  0.0564788  0.443956  
0.00333645  -0.00725466  -0.000282137  0.314616  0.0648085  0.454296  
0.00362822  -0.00703171  -0.000234543  0.314612  0.069535  0.412653  
0.00372247  -0.00734824  -0.000104487  0.312081  0.0628579  0.392521  
0.00365503  -0.00716601  -0.000254355  0.302004  0.0596075  0.413528  
0.00348225  -0.00689623  -0.000102616  0.294768  0.0661103  0.435883  
0.00365321  -0.00693419  -0.000229677  0.30343  0.0578494  0.413861  
0.00339659  -0.00716886  -0.000212144  0.30588  0.0783995  0.430875  
0.0032122  -0.00708103  -0.000207736  0.31057  0.0618335  0.418992  
0.00354852  -0.00702903  -0.000269559  0.314596  0.053643  0.431641  
0.00349324  -0.00679532  -0.000237742  0.314557  0.0536295  0.417963  
0.00351429  -0.00701208  -0.000128532  0.314607  0.0666785  0.451406  
0.00349829  -0.0069768  -0.000454828  0.306644  0.0537028  0.439047  
0.00321481  -0.00679981  -0.000165806  0.29696  0.0652357  0.447801  
0.00382484  -0.00668587  -0.000241068  0.294386  0.0536559  0.427115  
0.00322647  -0.00670813  -8.33263e-05  0.290249  0.0535115  0.431014  
0.00364901  -0.00659506  -0.000186342  0.292963  0.0467331  0.432889  
0.00320021  -0.0064957  -0.000161924  0.287403  0.072205  0.4417  
0.00323583  -0.00613793  0.000133338  0.273586  0.059579  0.414532  
0.00254448  -0.00623867  -0.000172604  0.278238  0.0922321  0.409376  
0.00259389  -0.00612144  4.62217e-05  0.276175  0.0594713  0.404301  
0.00260292  -0.00626926  -8.93949e-05  0.274466  0.0880164  0.404327  
0.00265285  -0.00614872  0.000206368  0.283632  0.0594199  0.388428  
0.00203726  -0.00642554  1.91283e-05  0.278751  0.0848256  0.426949  
0.00160399  -0.00662796  -0.000139486  0.298596  0.0410113  0.433664  
0.00211976  -0.00627612  3.37936e-05  0.276048  0.0636408  0.433948  
0.00215244  -0.00619753  0.000161473  0.275997  0.0476338  0.424871  
0.00212883  -0.00616519  0.000170724  0.273131  0.0637583  0.425535  
0.00224412  -0.00608575  0.000205346  0.262754  0.0410424  0.413597  
0.00212944  -0.00627362  0.000128084  0.271909  0.0697221  0.414895  
0.00230852  -0.00624719  0.000152144  0.273103  0.0410294  0.413867  
0.00196145  -0.00639074  -0.00013889  0.272601  0.0809049  0.405788  
0.00235921  -0.0063227  0.000109527  0.272342  0.0655541  0.413794  
0.00177417  -0.00646583  9.34366e-05  0.269737  0.0865826  0.421904  
0.00225844  -0.00633308  0.000189483  0.271183  0.0587804  0.428011  
0.00173082  -0.00627245  2.67173e-05  0.262208  0.0694533  0.427446  
0.00162513  -0.00634676  0.000154238  0.266423  0.0733678  0.448352  
0.00183652  -0.00625182  0.000216942  0.263609  0.0532326  0.446357  
0.00132603  -0.00598646  0.000186814  0.260729  0.0821026  0.464824  
0.0018998  -0.00600734  0.000219491  0.253094  0.0560036  0.464852  
0.00135481  -0.0061615  0.000204332  0.263049  0.0861278  0.480254  
0.0017382  -0.00589928  0.000349051  0.256582  0.065381  0.457666  
0.000888869  -0.00608938  -9.30735e-06  0.260326  0.0876489  0.460468  
0.0014621  -0.0060827  6.5974e-05  0.259928  0.0671165  0.470372  
0.000772223  -0.00610898  -4.54832e-05  0.258837  0.0896783  0.46806  
0.00112407  -0.00594229  8.71414e-05  0.25024  0.0588204  0.457356  
0.000746513  -0.00585823  8.69477e-06  0.247956  0.0674243  0.462565  
0.000541386  -0.00583091  -0.000177198  0.242646  0.0438898  0.455191  
0.000914592  -0.00605074  2.04933e-05  0.248159  0.0711983  0.475796  
0.00132954  -0.00564268  -3.05798e-05  0.242663  0.0529727  0.461569  
0.000841225  -0.00581196  -2.22595e-05  0.242674  0.0723016  0.46924  
0.00129534  -0.0056699  -0.00011416  0.242625  0.0552749  0.46914  
0.000580592  -0.00578792  -0.000126567  0.242648  0.0771487  0.456044  
0.00120811  -0.00578124  8.08907e-05  0.23724  0.0706353  0.470741  
-7.37289e-05  -0.00601449  -0.000200934  0.235658  0.0527014  0.476635  
0.000468558  -0.00596321  0.000126769  0.23975  0.0694682  0.481142  
0.000901555  -0.0056866  0.000106883  0.233019  0.0528261  0.452912  
0.000527417  -0.0057629  0.000220068  0.228727  0.0711429  0.467427  
0.00053844  -0.00560974  0.000207512  0.224706  0.0305202  0.458068  
0.000223556  -0.00589087  0.000238846  0.235209  0.0779055  0.484161  
0.000557253  -0.00580691  0.000123557  0.228799  0.0347483  0.459649  
-7.50598e-05  -0.00587627  -0.000120835  0.226527  0.0453923  0.479236  
-0.000377735  -0.00601355  -0.000179183  0.226971  0.0539817  0.492108  
0.000409065  -0.00578432  0.000106604  0.223748  0.0346845  0.467695  
0.000203451  -0.00581492  0.000141273  0.227857  0.0610884  0.455773  
0.000193224  -0.0058906  0.000143102  0.222032  0.0490654  0.469332  
0.000309084  -0.00579238  7.53061e-05  0.224145  0.0468081  0.444137  
0.000131245  -0.00574847  9.62456e-05  0.226744  0.0686281  0.456695  
-0.000145567  -0.00591664  -0.000137297  0.227067  0.0346351  0.44253  
-1.5302e-05  -0.00579273  3.21752e-05  0.220536  0.0589009  0.440084  
0.000527491  -0.00536971  5.85982e-05  0.217322  0.034713  0.399402  
0.000350651  -0.00573069  8.13705e-06  0.221211  0.0555615  0.437595  
0.000837409  -0.0052842  0.000166847  0.216744  0.0347538  0.415467  
0.000349147  -0.0054917  8.51692e-06  0.202312  0.050199  0.44059  
0.000794928  -0.00521561  7.43606e-05  0.200416  0.0347849  0.430101  
0.000387245  -0.00543232  9.64798e-05  0.217923  0.0472406  0.455256  
0.000892407  -0.00516693  7.0943e-05  0.210429  0.0194631  0.41915  
0.000512187  -0.0053482  0.000121532  0.211289  0.0447999  0.435729  
0.000603686  -0.00547516  0.000442158  0.217968  0.0346597  0.407096  
0.000595559  -0.00527074  0.000143567  0.217875  0.0600546  0.43392  
0.000729356  -0.00521578  0.000198546  0.217904  0.0326236  0.406824  
0.000312275  -0.00549529  0.000202813  0.21798  0.0487531  0.441227  
0.000633112  -0.00530381  0.000304033  0.217936  0.034671  0.425661  
0.000246692  -0.00518371  0.000347465  0.217899  0.0461984  0.452658  
0.000775873  -0.00528545  0.000239796  0.217871  0.0318701  0.434277  
0.00021957  -0.00537568  0.000261895  0.22127  0.0477043  0.457033  
0.000354542  -0.00529709  0.000185321  0.2179  0.0211975  0.43336  
8.86639e-05  -0.00542508  0.000108617  0.226387  0.0493252  0.445578  
0.000459103  -0.00526506  0.000193355  0.221694  0.0176029  0.425127  
-1.45471e-05  -0.00542955  6.33872e-05  0.217901  0.0317255  0.40971  
0.000151037  -0.005245  0.00014812  0.221582  0.017523  0.416651  
-5.42768e-05  -0.00539236  0.00015254  0.217926  0.043184  0.415707  
8.98851e-05  -0.0052188  0.000215738  0.21792  0.0357631  0.400758  
0.000202311  -0.00506824  5.10288e-05  0.22022  0.0489803  0.382011  
-1.18129e-05  -0.00535666  3.63346e-05  0.217905  0.047417  0.418841  
0.00025486  -0.00509005  -3.00221e-05  0.217819  0.0242544  0.406595  
-0.000486836  -0.00496174  -0.000217086  0.211746  0.0445949  0.428274  
0.000336466  -0.00489285  -0.000133565  0.209476  0.0255134  0.425065  
-0.000104789  -0.00485833  -3.28552e-05  0.208304  0.0381667  0.417239  
-8.44501e-05  -0.00471763  -6.11049e-05  0.202242  0.0250676  0.417427  
-0.000932739  -0.00526407  -0.000454828  0.207797  0.0405843  0.437411  
-9.42465e-05  -0.00498616  -0.000306572  0.202528  0.0251926  0.416933  
5.41832e-05  -0.00487359  -7.83626e-05  0.201059  0.0175575  0.395444  
-0.00011245  -0.00494693  -8.64129e-05  0.205318  0.0305484  0.413066  
0.000268271  -0.00508107  -1.8751e-05  0.200042  0.0175882  0.39623  
-0.000135117  -0.00502699  2.60349e-05  0.210311  0.039494  0.412457  
4.71338e-05  -0.00505767  8.84629e-05  0.21139  0.0175361  0.392053  
-0.00113638  -0.00535872  -3.7384e-05  0.217879  0.0379726  0.398028  
-0.000314573  -0.00501413  1.11434e-05  0.211762  0.0241674  0.393501  
-0.00017694  -0.00488999  -5.02309e-05  0.217795  0.0338012  0.406853  
-6.14498e-05  -0.00493506  0.000163247  0.217864  0.0157808  0.401319  
0.000148105  -0.00496393  0.000338618  0.214653  0.0385649  0.398242  
-0.00033426  -0.00485906  0.000290971  0.217845  0.0236126  0.421136  
-0.000351282  -0.00502683  0.000352709  0.217892  0.035214  0.388212  
-0.000115342  -0.0047573  0.000542715  0.217947  0.0379112  0.391967  
-0.000221035  -0.00475167  0.000368738  0.212855  0.0283513  0.376847  
-0.000312876  -0.00478685  0.000368738  0.217916  0.0416119  0.394101  
0.000187222  -0.0046615  0.000368738  0.217883  0.0230894  0.383756  
-0.000575855  -0.00484691  0.000368738  0.217914  0.0464026  0.413052  
-0.000163481  -0.00477611  0.000368738  0.211708  0.0221084  0.391972  
-0.000574964  -0.00490748  0.000368738  0.217925  0.0406151  0.402173  
3.78151e-05  -0.00476239  0.000493566  0.207247  0.01664  0.374341  
-0.000274345  -0.00475386  0.000628375  0.2036  0.0450727  0.382834  
-9.79152e-05  -0.0046489  0.000523185  0.20621  0.0327285  0.374584  
-0.000571965  -0.00467755  0.000368738  0.210545  0.0416409  0.398361  
-0.000314502  -0.00472465  0.000740197  0.211007  0.0261323  0.393283  
-0.000371887  -0.00470794  0.000679494  0.211168  0.0301049  0.392275  
-0.000420232  -0.00451733  0.000564399  0.213868  0.0220978  0.392485  
-0.000284733  -0.00487392  0.00061408  0.215489  0.0312361  0.372601  
-0.000453473  -0.00482235  0.000368738  0.217938  0.0475684  0.394191  
-0.000178724  -0.00476823  0.00057415  0.213061  0.026393  0.373054  
-0.00104063  -0.00475124  0.000368738  0.208323  0.0362015  0.387177  
-0.000127997  -0.00459205  0.000368738  0.210654  0.0160417  0.375085  
-0.000449473  -0.00467002  0.000544898  0.205326  0.0330681  0.389902  
-0.000203273  -0.00455011  0.000368738  0.207709  0.0122628  0.364427  
-0.00050863  -0.00463159  0.000368738  0.209524  0.0159826  0.385014  
-0.000468585  -0.00450902  0.000368738  0.212392  0.0106995  0.34962  
-0.000424843  -0.00457625  0.000368738  0.20949  0.0262284  0.375303  
-0.000324852  -0.00453356  0.000368738  0.211119  0.0159962  0.343243  
-0.000756647  -0.00441044  0.000368738  0.206072  0.0253868  0.362936  
-0.000254365  -0.00456245  0.000312497  0.208158  0.00630556  0.353847  
-0.000489138  -0.00448757  0.000368738  0.206909  0.0223491  0.370185  
-0.000916376  -0.00441212  0.000199438  0.207768  -0.00227793  0.354059  
-0.00100308  -0.00435747  0.000368738  0.203885  0.0317501  0.360787  
-0.000420958  -0.00414173  0.000368738  0.19883  -0.00225826  0.340652  
-0.000771958  -0.00395734  0.000368738  0.203427  0.0157754  0.366379  
-0.000334596  -0.00420049  0.000368738  0.213637  0.00404617  0.355877  
-0.000420366  -0.00390457  0.000368738  0.197559  0.00616689  0.352175  
-0.000675785  -0.00469848  0.000151511  0.217899  0.0165518  0.394786  
-0.000440963  -0.00500141  9.77481e-05  0.224238  0.00553246  0.364234  
-0.000552701  -0.00511584  0.000154105  0.222697  0.0269673  0.37069  
-0.000561593  -0.00495932  0.00055176  0.218029  0.000841417  0.34664  
-0.000957999  -0.00500605  0.000449108  0.217981  0.0282359  0.368681  
-0.000431329  -0.00488368  0.000361052  0.217963  0.00114111  0.349173  
-0.000724735  -0.00471586  0.000361053  0.217911  0.0143727  0.356849  
-0.00110931  -0.00488302  0.000361052  0.217961  0.0123236  0.356817  
-0.000896032  -0.00487176  0.000536994  0.222534  0.0102954  0.35841  
-0.000816125  -0.0050316  0.000538681  0.23935  0.0236506  0.366627  
-0.00176187  -0.00504515  0.000361052  0.228652  0.000868662  0.388131  
-0.000933923  -0.00496124  0.000361052  0.23222  0.0244857  0.38241  
-0.000491882  -0.00471523  0.000510455  0.23034  0.00105489  0.348205  
-0.00079026  -0.00487116  0.000361052  0.229605  0.0383275  0.344309  
-0.000680656  -0.00471532  0.000361052  0.226378  0.00880064  0.332788  
-0.00135868  -0.00472184  0.000361052  0.225348  0.0411281  0.356544  
-0.00137795  -0.00484961  0.000361052  0.217969  0.0141951  0.359367  
-0.000971576  -0.00470313  0.000361053  0.217918  0.0262636  0.350879  
-0.000648193  -0.0044156  0.000361053  0.217853  0.0309108  0.380002  
-0.00085281  -0.00442859  0.000361053  0.21786  0.0348741  0.353665  
-0.00101074  -0.00449083  0.000361053  0.211509  0.031703  0.359508  
-0.000662996  -0.00414525  0.000547205  0.21785  0.0191491  0.326106  
-0.00104075  -0.00428736  0.000361053  0.207189  0.0231283  0.34897  
-0.000935319  -0.00430377  0.000361053  0.217849  0.0121406  0.362877  
-0.000676882  -0.00398599  0.000361052  0.207212  0.0176343  0.358208  
-0.000520042  -0.00395237  0.000361053  0.203706  0.0115729  0.375232  
-0.000570524  -0.00400732  0.000546216  0.20133  0.00102398  0.35693  
-0.0010648  -0.00427261  0.000361053  0.209145  0.0181403  0.367872  
-0.000517326  -0.00409039  0.000361053  0.210531  0.00105719  0.338864  
-0.00100785  -0.00419248  0.000361053  0.217841  0.024452  0.349223  
-0.000736431  -0.00398917  0.000361052  0.21781  0.0095223  0.332213  
-0.000717008  -0.00413011  0.000361052  0.212687  0.0227846  0.348995  
-0.00107404  -0.00402017  0.000361052  0.217805  0.0213136  0.350295  
-0.000744374  -0.00398662  0.000361052  0.21779  0.0227842  0.335231  
-0.00119939  -0.00399903  0.000361052  0.217787  0.036094  0.356005  
-0.000898212  -0.00394281  0.000638069  0.210884  0.0197005  0.319332  
-0.00145094  -0.00399144  0.000628107  0.209736  0.0273793  0.339479  
-0.000326773  -0.00375556  0.000361052  0.217752  0.00108958  0.33937  
-0.00106157  -0.00387119  0.000361052  0.217767  0.0295924  0.337422  
-0.000427922  -0.003748  0.000636668  0.209238  0.00100456  0.317065  
-0.00104333  -0.0037862  0.000528014  0.217777  0.0421702  0.353267  
-0.00131485  -0.0038043  0.000361052  0.212251  0.000905803  0.338859  
-0.000795695  -0.00386901  0.000361052  0.209689  0.0217119  0.339551  
-0.000230528  -0.00366231  0.000361052  0.209049  -0.00416479  0.332095  
-0.000675334  -0.00358012  0.000657335  0.205731  0.0175577  0.34986  
-0.000215211  -0.00364198  0.000633331  0.209701  -0.00175892  0.341967  
-0.000603489  -0.0037516  0.000703356  0.217772  0.023564  0.361734  
-0.000697856  -0.00364162  0.00074844  0.212259  -0.004116  0.361833  
-0.000315805  -0.00358782  0.000636292  0.21775  -0.00328146  0.344646  
-0.000959294  -0.00370204  0.000598582  0.211385  0.000839106  0.361773  
-0.000480607  -0.00348703  0.000729663  0.21775  -0.000709255  0.329517  
-0.00117126  -0.00364293  0.000552629  0.208794  0.0127445  0.340017  
-0.000765167  -0.00364055  0.000361052  0.217737  0.00629571  0.342531  
-0.00170828  -0.00371321  0.000361052  0.217742  0.0147916  0.353911  
-0.000597935  -0.00355727  0.000361052  0.217695  0.0266535  0.344117  
-0.000425367  -0.00361362  0.000607736  0.217749  0.0064732  0.328669  
-0.00112457  -0.00378998  0.000537344  0.217777  0.032848  0.345252  
-0.000812575  -0.00353618  0.000791587  0.21477  0.00632879  0.329839  
-0.000867713  -0.00345711  0.000613267  0.214977  0.0302911  0.352701  
-0.000426652  -0.00346139  0.000361052  0.211921  0.0104932  0.348658  
-0.000777664  -0.0035806  0.000637432  0.208624  0.025776  0.341188  
-0.000885091  -0.00346779  0.00055249  0.204778  0.010749  0.351531  
-0.000428871  -0.00343748  0.000361052  0.203675  0.00130878  0.32845  
-0.00145318  -0.00344822  0.000361052  0.201943  0.0313331  0.350974  
-0.00103643  -0.00318657  0.000361052  0.20154  -2.83577e-05  0.33054  
-0.00130553  -0.00315365  0.000361052  0.203429  0.0310941  0.351534  
-0.000962608  -0.00309731  0.000361052  0.192166  0.00417031  0.328052  
-0.00116243  -0.00306946  0.000361052  0.190308  0.0227949  0.324114  
-0.00140173  -0.00310356  0.000506379  0.189652  0.0188648  0.335415  
-0.000804409  -0.00316112  0.000361052  0.182092  0.0210689  0.317245  
-0.00236539  -0.00336965  0.000361052  0.170666  0.0285312  0.335457  
-0.00107674  -0.00263599  0.000361052  0.172468  0.00941971  0.29789  
-0.0012547  -0.0030892  0.000361052  0.176166  0.0425113  0.313731  
-0.000912393  -0.00298893  0.000589742  0.172988  0.0233277  0.31007  
-0.0012547  -0.00283266  0.000361052  0.175848  0.0469468  0.31893  
-0.000673025  -0.00282696  0.000684209  0.169103  0.0202003  0.299402  
-0.0011096  -0.0026629  0.000361052  0.166557  0.0446658  0.304712  
-0.000961806  -0.00271882  0.000516221  0.157342  0.020138  0.295932  
-0.00138734  -0.00278449  0.000419793  0.166609  0.0454522  0.317849  
-0.000887053  -0.0026798  0.000415463  0.166592  0.0130232  0.307933  
-0.00118245  -0.00273431  0.000593358  0.166605  0.0280778  0.319532  
-0.000714685  -0.00277074  0.000444263  0.174143  0.0199471  0.330604  
-0.00107449  -0.00273669  0.000548389  0.178764  0.00187289  0.310757  
-0.000758975  -0.00277896  0.000361052  0.181221  0.0245372  0.290948  
-0.00114528  -0.00275619  0.000493064  0.172998  0.0423169  0.292633  
-0.000662657  -0.00266889  0.000425092  0.175211  0.0327871  0.249209  
-0.00123072  -0.0030102  0.000454227  0.176619  0.0350193  0.280456  
-0.00074533  -0.00274092  0.000246076  0.166628  0.00679627  0.2663  
-0.00110559  -0.00239829  0.000246076  0.160496  0.0394423  0.292033  
-0.000903457  -0.00249912  0.000246076  0.158235  0.00675853  0.300614  
-0.00156055  -0.00251266  -1.30659e-06  0.157981  0.0347087  0.354883  
-0.000937426  -0.00232958  0.000246076  0.152536  -0.0143741  0.333201  
-0.00120873  -0.00241707  0.000246076  0.150717  0.0132738  0.306777  
-0.00168417  -0.00261909  -2.78649e-05  0.151753  -0.0102288  0.304842  
-0.00122436  -0.00224134  0.000246076  0.14654  0.0186075  0.295399  
-0.000603175  -0.00219362  0.000246076  0.147746  -0.00988555  0.295356  
-0.00096876  -0.00190692  0.000246076  0.149303  0.0129656  0.312425  
-0.000848241  -0.00212217  0.000246076  0.149335  -0.0116894  0.302987  
-0.00104685  -0.00209091  0.000246076  0.149322  0.00401532  0.312661  
-0.000644719  -0.00203784  0.000152584  0.144797  -0.00599927  0.31077  
-0.00107212  -0.00195598  0.000190576  0.145068  0.00801597  0.287537  
-0.00134484  -0.00202219  0.000246076  0.131116  0.00889357  0.307826  
-0.000831173  -0.00198759  0.000246076  0.132616  -0.00950663  0.285462  
-0.00126866  -0.00203758  0.000246076  0.132194  0.0177371  0.325931  
-0.000742013  -0.00183182  0.000246076  0.115005  -0.0143524  0.30513  
-0.00106203  -0.00199408  0.000246076  0.120329  0.0196778  0.316036  
-0.000747005  -0.00187666  0.000246076  0.124579  -0.0143607  0.299383  
-0.0022019  -0.00225204  1.04799e-05  0.122007  0.0119378  0.311418  
-0.000884551  -0.00184668  0.000149883  0.11831  -0.0143923  0.293988  
-0.00196115  -0.00192253  -4.46974e-05  0.114634  0.00966488  0.298154  
-0.00116954  -0.00180426  0.000246076  0.126323  0.0154891  0.272506  
-0.0011037  -0.0018833  0.000246076  0.132183  0.0035716  0.259035  
-0.00119458  -0.00199599  0.000246076  0.132194  0.0188979  0.263896  
-0.00196759  -0.0021343  0.000246076  0.129202  0.00383115  0.269055  
-0.00177833  -0.00200292  0.000191714  0.127061  0.0186097  0.284373  
-0.00113045  -0.00190872  0.000246076  0.12504  -0.00142952  0.256912  
-0.00135996  -0.00199496  0.000246076  0.124513  0.0186303  0.264725  
-0.00117454  -0.00189566  0.000246077  0.120152  -0.00053016  0.256728  
-0.00117454  -0.0019834  0.000246077  0.124645  0.00461865  0.246138  
-0.00142602  -0.00198894  0.000190657  0.115145  0.0140604  0.265969  
-0.0018874  -0.00166417  0.000246077  0.10175  0.00524249  0.210736  
-0.00150801  -0.00173184  0.000246077  0.0972298  0.0444878  0.197671  
-0.00104391  -0.0014484  0.000246077  0.097999  0.00759911  0.19285  
-0.00113056  -0.00132961  0.000246077  0.0929608  0.0189133  0.186905  
-0.00139898  -0.00130325  0.000246077  0.0929628  0.0382024  0.212664  
-0.000989556  -0.00159393  0.000246077  0.0929906  0.0106641  0.212628  
-0.0017589  -0.00164852  0.000298918  0.108195  0.028336  0.212704  
-0.00112239  -0.00170881  0.000246077  0.110491  0.0106228  0.187774  
-0.0024208  -0.00166775  0.000185894  0.107732  0.0257563  0.219063  
-0.00131239  -0.00151445  0.000512724  0.11244  0.0105636  0.189994  
-0.0014307  -0.00150499  0.000246077  0.106486  0.0222748  0.193981  
-0.00154285  -0.0013996  0.00047486  0.104482  0.0233914  0.189097  
-0.0013245  -0.00144061  0.000473034  0.109164  0.0303562  0.199621  
-0.00122866  -0.00145867  0.000246077  0.101614  0.026962  0.204646  
-0.00118468  -0.00136244  0.000246077  0.103946  0.0105974  0.173347  
-0.00144441  -0.00147942  0.000246077  0.10597  0.0105744  0.177612  
-0.00126969  -0.00146736  0.000246077  0.10467  0.0144104  0.161001  
-0.00139555  -0.00151741  0.000246077  0.10298  0.0105785  0.16482  
-0.00186101  -0.00137843  -6.80643e-05  0.0929222  0.0105656  0.188309  
-0.00138179  -0.00121094  0.000246077  0.102074  0.0105768  0.161614  
-0.00130869  -0.00121402  0.00036924  0.0985094  0.0282033  0.177529  
-0.0012838  -0.00119545  0.000246077  0.0929594  0.00368629  0.188214  
-0.00150533  -0.00133516  0.000246077  0.103911  0.0366576  0.188229  
-0.00110437  -0.000920461  0.000246077  0.0929243  0.000967283  0.17978  
-0.00146038  -0.00121319  0.000246077  0.104446  0.0353506  0.179858  
-0.00130837  -0.00112725  0.000246077  0.100936  0.00716998  0.168181  
-0.00149375  -0.00131192  0.000450415  0.103183  0.0355421  0.175054  
-0.00156284  -0.00119811  0.000432762  0.0929832  0.00269317  0.165465  
-0.0018502  -0.0013613  0.000469719  0.104175  0.0390892  0.164798  
-0.00145228  -0.00123997  0.000246078  0.103352  0.0130127  0.150369  
-0.00161237  -0.00125702  0.000246078  0.100295  0.0450771  0.151934  
-0.00268693  -0.00122879  0.000246078  0.0984355  0.0193515  0.169599  
-0.0021284  -0.00112502  0.000246078  0.0953372  0.0290226  0.169746  
-0.00163582  -0.00110144  0.000246078  0.0929588  0.0184743  0.145943  
-0.00193842  -0.00118641  0.000246078  0.0929465  0.0329409  0.175425  
-0.00257602  -0.00130554  0.000246078  0.0903217  0.018617  0.188372  
-0.00192271  -0.00127463  0.000373159  0.0929701  0.0406462  0.188296  
-0.00148584  -0.00125639  0.000246078  0.0929811  0.0118644  0.158653  
-0.00191451  -0.00117921  0.000467821  0.086417  0.0329996  0.15823  
-0.00153223  -0.00109895  0.000589284  0.0840657  0.0102306  0.148154  
-0.00274993  -0.00128197  0.000246078  0.0833041  0.0211397  0.176478  
-0.00250036  -0.000841102  0.000246078  0.0748223  0.0191077  0.201111  
-0.00146225  -0.000998448  0.000348194  0.0785323  0.00146313  0.188268  
-0.00134836  -0.000927885  0.000468142  0.0748505  0.00146052  0.188273  
-0.00116154  -0.000834564  0.000487297  0.0748328  0.00147799  0.188269  
-0.0013789  -0.00109899  0.000617177  0.0705468  0.0220913  0.213135  
-0.00109575  -0.000690055  0.000561789  0.067616  -0.000850433  0.180359  
-0.00171709  -0.000383091  0.000246078  0.0586545  0.0135798  0.186651  
-0.00130734  -0.000535144  0.000525012  0.0520103  -0.0166174  0.176795  
-0.00151507  -0.00052647  0.000368628  0.0537969  0.0290118  0.186409  
-0.00150946  -0.000758137  0.000329984  0.0497008  -0.00043326  0.170297  
-0.00220496  -0.000690779  0.000246079  0.0497036  0.0317601  0.167586  
-0.00158006  -0.00062875  0.000246079  0.0496961  0.0098679  0.158879  
-0.00173231  -0.000704159  0.000246079  0.0496937  0.0289935  0.159598  
-0.00150259  -0.000739751  0.000246079  0.047154  0.0190607  0.154931  
-0.00230642  -0.000728659  0.000246079  0.0497126  0.0333872  0.161622  
-0.00143407  -0.00069572  0.000246079  0.0497119  0.0115133  0.144686  
-0.00165294  -0.000615568  0.000246079  0.042605  0.0556328  0.160663  
-0.00121206  -0.000754655  0.000246079  0.0410254  0.0108221  0.120829  
-0.00134082  -0.000854194  0.000402916  0.042964  0.0385032  0.13249  
-0.00129243  -0.000782485  0.000349667  0.032219  0.0321076  0.131203  
-0.00125133  -0.000629631  0.000309325  0.0293623  0.0240575  0.134252  
-0.00168808  -0.000610356  0.000246079  0.02113  0.0313706  0.110457  
-0.00151279  -0.00062011  0.000298234  0.0252853  0.0156265  0.108083  
-0.00127504  -0.0002979  0.000246079  0.0293496  0.00322633  0.1132  
-0.00166317  -0.000797809  0.000471677  0.0294151  0.0452867  0.134124  
-0.0016093  -0.000802261  0.00038047  0.0293915  0.0149857  0.112833  
-0.00120181  -0.00080221  0.000542346  0.0449008  0.00391009  0.116363  
-0.00141886  -0.000927815  0.000455383  0.0394932  0.037843  0.129344  
-0.00104374  -0.000879772  0.000246079  0.0390255  0.000378761  0.0855998  
-0.00144379  -0.00112291  0.000246079  0.0389318  0.0413216  0.0970526  
-0.00112242  -0.00109566  0.000246079  0.0294072  0.0142942  0.0873409  
-0.00174492  -0.000945595  0.000246079  0.029405  0.0474359  0.10007  
-0.00121142  -0.000739091  0.000246079  0.0293919  0.0302929  0.0910988  
-0.00148376  -0.00131558  0.000507473  0.0324498  0.0482534  0.108202  
-0.00128071  -0.000797346  0.000246079  0.0293884  0.0440945  0.108171  
-0.00161957  -0.000710985  0.000246079  0.0293707  0.0378001  0.0855363  
-0.00140482  -0.000845977  0.000481516  0.0294272  0.0416639  0.0997746  
-0.00128503  -0.000671184  0.000525053  0.0272286  0.0289566  0.0837577  
-0.00165473  -0.000917618  0.000365644  0.0294043  0.0436193  0.0975129  
-0.00140295  -0.000694206  0.000338475  0.029391  0.0346573  0.0861662  
-0.00113283  -0.000644058  0.000581088  0.029431  0.0338128  0.0858855  
-0.00165305  -0.000568017  0.000336062  0.0294061  0.0436061  0.0767271  
-0.00158237  -0.00074116  0.000246079  0.0293948  0.0214175  0.0703696  
-0.00158237  -0.000522488  0.00024608  0.0293815  0.0602142  0.081755  
-0.00129368  -0.000610164  0.00024608  0.0293788  0.0277053  0.0788825  
-0.00158237  -0.000512258  0.000431611  0.0249185  0.0439535  0.0828749  
-0.00158237  -0.000513462  0.00024608  0.0248623  0.0215594  0.108207  
-0.00169545  -0.000637213  0.00024608  0.0293678  0.037789  0.0801941  
-0.00161619  -0.00065554  0.000426009  0.0332264  0.0220126  0.105389  
-0.00117278  -0.0007714  0.000455675  0.0430097  0.0193254  0.108154  
-0.00115998  -0.000920042  0.000455675  0.0463665  0.0239652  0.0930523  
-0.000998246  -0.000700386  0.000455675  0.0454494  0.023004  0.0813031  
-0.00123692  -0.000683429  0.000390634  0.0373812  0.0216803  0.0831058  
-0.0012399  -0.000628141  0.000455675  0.0416114  0.0237414  0.0801838  
-0.0011975  -0.00103147  0.000455675  0.0469619  0.0451895  0.0995903  
-0.000880241  -0.000773941  0.000550561  0.0431501  0.0142887  0.0901639  
-0.00140771  -0.000702446  0.000455675  0.0341836  0.0293479  0.0810444  
-0.00140771  -0.000627241  0.000455675  0.0293626  0.0142746  0.0803274  
-0.00193463  -0.000884  0.000455675  0.029376  0.0412356  0.0946903  
-0.00107415  -0.000825923  0.000455675  0.0383512  0.0115094  0.0822667  
-0.00143746  -0.000662736  0.000455675  0.0395673  0.0378327  0.108168  
-0.00112292  -0.000755296  0.000582599  0.033625  0.00750227  0.0765765  
-0.00163064  -0.00099745  0.000455675  0.0483526  0.0323335  0.0770169  
-0.00157308  -0.00103787  0.000455674  0.0386844  0.019965  0.0782662  
-0.00149091  -0.000970298  0.000455675  0.0293847  0.0225175  0.0755343  
-0.00149091  -0.00075546  0.000365552  0.0293567  0.0423289  0.099501  
-0.00207022  -0.000767709  0.000259351  0.035388  0.0164325  0.0850483  
-0.00192605  -0.000757515  0.000455675  0.0293614  0.0356014  0.108269  
-0.00153466  -0.000723394  0.000455675  0.0395054  0.00965312  0.0712064  
-0.00126262  -0.000757135  0.000455675  0.0369333  0.0336493  0.0841876  
-0.00110933  -0.000528261  0.000455675  0.0323641  0.0198747  0.0790355  
-0.0010802  -0.000690569  0.000398597  0.0293565  0.0251439  0.0863315  
-0.00115793  -0.000747813  0.000455675  0.0385209  0.0329324  0.0914697  
-0.000600067  -0.000734534  0.000455675  0.0421632  0.00708615  0.0906772  
-0.000851548  -0.000655279  0.000455675  0.0386467  0.0310175  0.108111  
-0.000653211  -0.000296941  0.000455675  0.0441777  0.0158571  0.0819086  
-0.0013602  -0.000551515  0.000329569  0.0405118  0.0247464  0.10818  
-0.000653211  -0.000484908  0.000455675  0.0374657  0.0146387  0.0829832  
-0.00156253  -0.000704165  0.000276679  0.0384042  0.0278544  0.108175  
-0.000672573  -0.000516559  0.000455675  0.0293546  0.00783472  0.110961  
-0.000895903  -0.000516857  0.000455675  0.0293456  0.0386744  0.108095  
-0.000625145  -0.000445642  0.000455675  0.0377211  0.0144431  0.0842231  
-0.00114063  -0.000621867  0.000290083  0.0293409  0.0405786  0.0863955  
-0.000586791  -0.000736999  0.000455675  0.0293716  -0.00325408  0.08119  
-0.0010022  -0.000801562  0.000455675  0.0387589  0.0355757  0.0924602  
-0.000804575  -0.0007471  0.000455675  0.041549  0.00720773  0.0814966  
-0.00103916  -0.000922651  0.000455675  0.0442052  0.0292401  0.101306  
-0.00103916  -0.000989634  0.000455675  0.0456961  -0.00327007  0.089342  
-0.000955977  -0.000670021  0.000455675  0.0379117  0.0274126  0.0757292  
-0.000890956  -0.000738598  0.000455675  0.0262366  0.014765  0.0676553  
-0.000728813  -0.000664687  0.000585376  0.0368431  0.018195  0.0639118  
-0.000767823  -0.000628926  0.000554495  0.029347  0.0238797  0.0719796  
-0.000462441  -0.000629814  0.000703121  0.0347253  -0.00323791  0.0836599  
-0.000605354  -0.000703273  0.000489627  0.0289751  0.0249914  0.0836831  
-0.000150821  -0.00115061  0.000565736  0.0457038  -0.00321384  0.106852  
-0.000531828  -0.000710947  0.000630477  0.0386818  0.0334665  0.0840365  
-0.000930839  -0.00100764  0.00054371  0.0267464  0.00389513  0.0900106  
-0.00130654  -0.000696063  0.000408787  0.0409442  0.0392647  0.0928839  
-0.00109423  -0.00054562  0.00051195  0.0246551  -0.0083961  0.0728803  
-0.00127564  -0.000565062  0.000389501  0.0249812  0.0270324  0.0702434  
-0.0015671  -0.000589606  0.000513557  0.025094  0.00568617  0.087378  
-0.000687332  -0.000589606  0.000794084  0.022528  0.0145685  0.0706261  
-0.000687332  -0.000589606  0.000794084  0.0293396  0.0305674  0.0706261  
1.82021e-05  -0.00114962  0.000794084  0.0393293  -0.0105166  0.0382254  
0.000231602  -0.000905818  0.000556349  0.0363337  0.0266812  0.0236728  
1.37405e-05  -0.000617445  0.000542005  0.0359321  0.0151685  0.0276088  
-3.24073e-05  -0.000693767  0.000551739  0.0282508  0.0139542  0.0431136  
-0.000158659  -0.000664612  0.000493192  0.0232293  0.00965639  0.0601059  
-6.70434e-05  -0.000538488  0.000707482  0.029508  -0.00326308  0.0482085  
-0.000416476  -0.000609644  0.000462118  0.0232475  0.0284901  0.0601365  
-1.44057e-05  -0.000646385  0.000466683  0.0232637  -0.0012526  0.06282  
-0.000262952  -0.000530732  0.000479082  0.0203552  0.0170033  0.0601349  
5.6745e-05  -0.00061481  0.000499803  0.0232605  0.000264333  0.0601072  
-0.00010085  -0.000406885  0.000551058  0.0169118  0.0259709  0.0601212  
-0.00138363  -0.000569349  0.000329324  0.00455508  0.0211234  0.0276546  
-0.000563227  -0.000462243  0.000607447  0.00597743  0.0231573  0.0213346  
-0.000430537  -0.000462243  0.000794084  0.00600285  0.0149006  0.0256341  
-0.000507455  -0.000462243  0.000794084  0.00600285  0.0556597  0.015042  
-0.000511903  -0.000462243  0.000794084  0.00600285  0.0185815  0.0227982  
-0.000518663  -0.00042608  0.000794084  0.00600303  0.0393522  0.0150415  
-0.000552142  -0.00052477  0.000546196  0.00596542  0.0373385  0.0250573  
-0.000680537  -0.00052477  0.000794084  0.00600238  0.0123888  0.0150574  
-0.000778897  -0.00052477  0.000597283  0.00597295  0.0326027  0.0109031  
-0.000355253  -0.000253833  0.000504299  0.00236968  0.0123797  -0.00433477  
-0.000908409  -0.00052477  0.000670927  0.00598315  0.0324957  0.0150994  
-0.000765375  -0.000321896  0.00044659  -0.00236573  0.00980138  0.0150762  
-0.000667603  -0.000332392  0.000389275  -0.0025025  0.0352604  0.027036  
-0.000362846  -0.000220881  0.000457171  -0.00172721  0.00548783  0.0150196  
-0.000771748  -0.000347246  0.000127703  0.00592005  0.0389914  0.0175288  
-0.000347538  -0.00026636  0.000346026  0.00595905  0.000483191  0.0250325  
-0.000921199  -0.00052477  5.46062e-05  0.0158659  0.0269124  0.0150201  
-1.83414e-05  -0.00052477  0.000346026  0.0185454  -0.0189984  0.024962  
-0.000801852  -0.000216779  0.000346027  0.00595368  0.0373423  0.015056  
-0.000289216  -0.000419478  0.000346027  0.00596794  0.00884645  0.00556949  
-0.000424554  -0.000364462  0.000346027  0.00595249  0.0355858  0.00789024  
-0.000354155  -0.000364462  0.000468481  0.00596925  0.000717845  0.00396581  
-0.000353338  -0.000383024  0.000529848  0.00597767  0.0360756  0.0150033  
-0.000476715  -0.000584128  0.000490292  0.00597592  0.0122697  0.0150264  
-0.000592792  -0.000430562  0.00045461  0.00596837  0.0192141  0.0104011  
-0.000957538  -0.000448842  0.000388395  -0.00911418  0.0191394  0.0205789  
-0.000653006  -0.000266433  0.000337071  0.00595057  0.00191536  0.0150353  
-0.000653006  -0.000341119  0.000304648  0.00592028  0.0317894  -0.00272457  
-0.000334616  -0.000285178  0.000132797  -0.0119795  0.00995822  0.00935623  
-0.000792065  -0.000448842  0.000192326  -0.00276735  0.0289643  0.0150629  
-0.000238247  -0.000286559  0.000185806  -0.00147341  0.00996214  0.0149906  
-0.000769243  -0.000448842  4.67407e-05  -0.000759589  0.0136067  0.0150309  
-0.000181556  -0.000159985  0.000211539  -0.00494649  -0.0191857  0.0149994  
-0.00161145  -0.000448842  -2.52677e-06  0.00592067  0.00508392  0.0150766  
-0.00108216  -0.000448842  -9.72972e-05  -0.00884703  -0.00505679  0.0150535  
-0.000950172  -0.000448842  0.000103307  0.00591258  0.0285269  0.0314787  
-0.000352384  -0.000448842  0.00013731  -0.00580596  -0.0127018  0.0217795  
-0.000640932  -0.000448842  0.000155202  0.00591687  0.0120406  0.0170532  
-0.000857808  -0.000448841  0.000137926  -0.000703855  0.00364377  0.0212364  
-0.000743921  -0.000325931  1.74969e-05  0.00590735  0.000623448  0.0150389  
-0.00093581  -0.00050439  -6.79288e-05  -0.00186227  0.022555  0.0150627  
-0.000177732  -0.000455994  0.000126994  0.000975818  -0.0126966  0.0149918  
-0.000782393  -0.000577817  -6.79288e-05  0.0058786  0.0291164  0.0191046  
-9.17015e-05  -0.000283402  -6.79288e-05  0.00588259  -0.0110273  0.0350096  
-0.000584459  -0.000387653  -6.79288e-05  0.00588637  0.0425603  0.0307651  
-0.000291188  -0.000328518  0.000151275  -0.000892237  -0.00159687  0.0175163  
-0.000712531  -0.000146307  0.000163663  0.00592224  0.0311701  0.00654168  
-0.0010313  -0.00036209  -6.79288e-05  0.00589525  0.0196322  0.00780298  
-0.000429636  -0.000456495  0.000135468  0.00592906  0.0159319  -0.00792177  
-0.00084766  -0.000709327  -6.79288e-05  -0.010759  0.0335622  0.00712624  
-0.000305898  -0.000523092  0.00017819  0.00334305  0.00625994  0.00970758  
-0.000397026  -0.000290963  0.000182305  0.00592214  0.0302763  0.0152372  
-0.000305898  -0.000709327  -6.79288e-05  0.00589912  0.00607317  0.0174108  
-0.000186805  -0.000477611  0.000213768  0.00592323  -0.00160168  0.000427772  
-0.000610315  -0.000508115  9.11595e-05  0.00591176  0.0263595  0.0123531  
-0.000125295  -0.000709327  -6.79288e-05  0.00589912  -0.0159026  -0.00967298  
-0.000443619  -0.000504609  7.5506e-05  0.0059166  0.035601  0.0104019  
-0.0001373  -0.000303957  0.00016989  0.00101186  0.0021276  0.0176529  
-0.000156816  -0.000303957  -6.79288e-05  0.00589251  0.00728006  0.012161  
-0.000582456  -0.000291173  -6.79288e-05  -0.00272762  0.0213461  0.0123493  
-0.000156816  -0.000545301  -6.79288e-05  0.00300222  0.00574905  0.00096768  
-0.000427654  -0.000164817  0.000234208  -0.00646422  0.0220975  0.0121194  
-0.000318851  -0.000315475  0.00023013  -0.0107542  -0.0115216  0.00287939  
-0.00037554  -0.000315475  0.000228196  -0.0107627  0.0268188  0.0139436  
-0.000537929  -0.000315475  0.000168366  -0.01077  0.0122436  0.0279355  
-1.97325e-05  -5.58805e-05  0.000228196  -0.0107699  -0.00111429  0.0143527  
-0.000443639  -2.54591e-05  0.000175496  -0.0107709  0.0368901  0.0350381  
0.000331982  0.000186006  -0.000195873  -0.0107936  -0.019493  0.0100229  
-0.00104493  -0.000207654  -0.000195873  -0.0107844  0.0179311  0.0307865  
-6.34235e-06  -0.000200575  5.30497e-05  -0.00617203  -0.0194992  0.0350367  
-0.000802194  -0.000106659  -3.74827e-05  -0.00516412  0.0172549  0.0350819  
-0.000284939  -0.000315475  -0.000195873  -0.00627749  0.00283208  0.0263985  
-0.000803778  -0.000315475  -0.000195873  -0.0107816  -0.00346238  0.00454337  
-0.000255862  -0.000173055  1.97588e-05  -0.0130912  0.0238933  0.00269666  
5.65094e-05  -0.000159965  -7.55667e-05  -0.0107725  -0.0169621  0.00418722  
5.65094e-05  -0.000315475  -3.87692e-07  -0.0107679  0.0152437  0.0239415  
5.65094e-05  -0.000315475  0.00016029  -0.0107621  -0.0110999  -0.00140398  
-0.000172944  -9.82048e-05  0.000137013  -0.0129792  0.0245246  0.0179881  
0.000132094  2.62465e-05  4.24788e-05  -0.0107709  -0.0169618  -0.00722478  
-0.00019953  -0.000158776  0.00013561  -0.0129637  0.0187307  0.0227358  
-0.000405915  0.000213654  0.000232692  -0.0107539  0.0035209  -0.0250076  
-0.00080785  5.58632e-05  0.000251421  -0.0107815  0.0326532  0.00935286  
-0.000209522  0.00012901  0.000200217  -0.0107826  -5.20729e-05  0.0227489  
-0.000209522  7.58186e-05  1.26515e-05  -0.0107941  0.025456  0.0227484  
0.000115642  0.00012901  0.000394885  -0.0107686  0.00584731  0.00142004  
-6.02698e-05  0.000237824  8.32929e-05  -0.00484769  0.0246028  -0.000382255  
-0.000116536  -0.000382889  -2.25063e-05  -0.0107956  0.0141276  0.0131871  
-0.00137351  -0.000382889  -0.000201504  -0.0107517  0.0141028  0.045527  
-0.000439993  -0.000382889  9.46652e-05  -0.00114882  0.0140958  0.0338231  
-0.000695611  -4.23234e-05  -2.00041e-05  -0.00811352  0.0141021  -0.00937836  
-0.000275229  -0.000202919  -4.3985e-05  -0.0107969  0.0213762  0.0431231  
0.000205144  1.64442e-06  1.51241e-05  0.00334296  0.00504127  0.0144273  
-0.000307861  -0.000360914  -4.3985e-05  -0.000294568  0.0126128  0.028734  
-0.000371774  -0.000682181  -0.00013031  -0.0107908  -0.0109918  0.0144365  
-0.000471561  -0.000417381  0.000150328  -0.0080808  0.0307823  0.0144298  
-0.00109866  -0.000417381  -4.3985e-05  -0.0045579  0.00659653  0.0144538  
-0.000475157  -5.57438e-05  0.000273148  -0.0107745  0.0373327  0.0144463  
-8.92938e-05  -0.0003461  0.000104132  -0.010784  0.0191835  0.0144181  
-6.64947e-05  -0.000425995  0.000104132  -0.00653038  0.0117762  -0.00302682  
-0.000469012  -0.000425996  0.000104132  -0.0107697  0.0451181  0.0144183  
-0.00101759  -0.000425995  0.000104132  -0.0107697  0.0117631  0.0144243  
-0.000543584  -0.000425996  0.000104133  -0.0107697  0.0117747  -0.00234214  
-0.00107504  -7.52996e-05  0.000104132  -0.0131022  0.0364019  0.0144746  
0.000928668  6.62568e-05  0.000104132  -0.0107824  -0.0104654  -0.0161461  
-0.0011802  -0.000157676  0.000104132  -0.0183845  0.058004  0.0144922  
-0.000604993  6.62568e-05  1.50689e-05  -0.0181235  0.0183252  -0.011736  
-0.000509873  6.62568e-05  0.00031482  -0.0163732  0.00851423  -0.023633  
-0.00145155  6.62568e-05  0.000131614  -0.020635  0.027177  -0.030979  
0.000173202  0.000514911  0.000276559  -0.0213597  0.0243819  -0.073361  
-0.000521899  6.62568e-05  0.000394051  -0.0287336  0.0493624  -0.0447598  
-0.00070762  6.62568e-05  0.000200469  -0.0349649  0.0265139  -0.0569541  
-0.000498144  6.62568e-05  0.000228813  -0.0302096  0.047643  -0.0469763  
-0.0004756  0.000506837  0.000204487  -0.0451315  0.0265058  -0.0911315  
-0.000414108  0.0004395  5.32027e-05  -0.0513778  0.0264965  -0.0715875  
-0.00027559  0.000366684  -0.000105122  -0.0485811  0.0578814  -0.0911588  
-0.000193376  0.000506837  5.41187e-05  -0.051373  0.0291825  -0.0911808  
-0.000455439  0.000506837  6.84523e-05  -0.0513783  0.068591  -0.0911582  
-0.000261905  0.000598494  0.000195681  -0.053475  0.0264462  -0.0911838  
-0.000509961  0.000506837  -7.99562e-05  -0.0513636  0.060918  -0.0903896  
-9.2824e-05  0.000506837  0.000169518  -0.0581723  0.0342378  -0.0972547  
-0.000717577  0.000506837  0.000153594  -0.0678966  0.060947  -0.0858625  
0.000161689  0.00073843  0.000204014  -0.0579671  0.0330953  -0.121494  
-0.000752282  0.000675939  0.000218048  -0.0623126  0.0476312  -0.113023  
-0.000573955  0.00057364  0.000253704  -0.0604902  0.0331143  -0.113769  
-0.000949266  0.00057364  0.000229596  -0.0617134  0.0546259  -0.0930819  
-0.000314387  0.00057364  0.000132293  -0.0693026  0.0423802  -0.132203  
-0.000116365  0.00057364  9.10001e-05  -0.0657405  0.048514  -0.121578  
-0.000564387  0.000680344  0.000206947  -0.065549  0.0424074  -0.107675  
-0.000401687  0.00057364  0.000303811  -0.0641325  0.0349058  -0.107671  
-0.000712762  0.00057364  0.000233316  -0.0692959  0.0518993  -0.101716  
-0.000364736  0.000796119  0.000553066  -0.0692697  0.04242  -0.107693  
-0.000564387  0.00057364  0.000814714  -0.0521281  0.065003  -0.107666  
-0.00059306  0.00080135  0.000814715  -0.0595558  0.0635575  -0.134999  
-0.000912972  0.000680351  0.000593008  -0.0550532  0.076817  -0.108931  
-0.0010108  0.000680351  0.000583888  -0.0602433  0.0648142  -0.103294  
-0.000356996  0.000843906  0.00061276  -0.0602121  0.0705214  -0.124763  
-0.00107688  0.000680351  0.000366097  -0.069348  0.088704  -0.103274  
-0.00066518  0.000680351  0.000404883  -0.0608932  0.0520136  -0.108792  
-0.00105094  0.000680351  0.000509997  -0.0588714  0.0607636  -0.104996  
-0.000954596  0.000680351  0.000404238  -0.0647231  0.0574023  -0.105008  
-0.000818743  0.00068035  0.000647894  -0.0671811  0.0574177  -0.105037  
-0.000818743  0.000732709  0.000411524  -0.0605603  0.0574011  -0.08506  
-0.000684824  0.000855321  0.0002915  -0.0672016  0.0573911  -0.119033  
-0.000818743  0.000744132  0.000308926  -0.0612086  0.0573992  -0.105041  
-0.000452634  0.00068035  0.000404221  -0.0671921  0.0573733  -0.123232  
-0.00111657  0.00068035  0.000389409  -0.0672129  0.070412  -0.113596  
-0.00106874  0.00068035  0.000410126  -0.0672129  0.0574121  -0.130265  
-0.00122286  0.000879623  0.000358225  -0.074025  0.0762344  -0.13026  
-0.000878853  0.000865135  0.000423489  -0.0671848  0.0574009  -0.147622  
-0.000559606  0.000955737  0.000489467  -0.0645757  0.0876801  -0.147645  
-0.000752487  0.000883113  0.00053944  -0.0671694  0.0574124  -0.147638  
-0.00102095  0.000677729  0.000486719  -0.0671904  0.0832888  -0.131471  
-0.000990415  0.000883113  0.000414231  -0.0671748  0.0574124  -0.14117  
-0.00110644  0.000883113  0.000536473  -0.0671748  0.070567  -0.135609  
-0.000924667  0.000576358  0.000518315  -0.0672023  0.0574095  -0.124532  
-0.000590886  0.000883113  0.000406039  -0.0671698  0.0630117  -0.165684  
-0.00102852  0.000738475  0.000404669  -0.0672022  0.0670115  -0.135917  
-0.000965044  0.000883113  0.00039597  -0.067175  0.0574074  -0.149665  
-0.00135545  0.000883113  0.000400383  -0.0851296  0.0748454  -0.149626  
-0.000904941  0.000883113  0.000406865  -0.0766363  0.0573969  -0.149407  
-0.00113145  0.000883113  0.00030389  -0.0734399  0.073179  -0.137222  
-0.000427517  0.00111354  0.000340063  -0.0649284  0.0573788  -0.157646  
-0.00115118  0.000587326  0.000125074  -0.0649986  0.0573963  -0.14511  
-0.00133118  0.000587326  0.000125074  -0.0742983  0.0509353  -0.156589  
-0.00133118  0.000587326  0.000125074  -0.0649986  0.0574071  -0.164218  
-0.00124937  0.000587326  0.000335213  -0.0764545  0.0746705  -0.143105  
-0.00084918  0.00100322  0.000125074  -0.0826404  0.0573775  -0.175833  
-0.00144307  0.000620169  0.000493411  -0.069574  0.0796924  -0.165089  
-0.000405515  0.00106853  0.00047595  -0.0748803  0.0629755  -0.184508  
-0.00139269  0.00053252  0.000411304  -0.0652462  0.084022  -0.158199  
-0.00102953  0.00053252  0.00022626  -0.0720333  0.061448  -0.175488  
-0.00113694  0.000657743  0.000552074  -0.0714437  0.0686561  -0.170028  
-0.00118351  0.000797116  0.000736396  -0.0718953  0.0752749  -0.155774  
-0.00114078  0.000893844  0.000736396  -0.0843042  0.0615123  -0.168315  
-0.00159583  0.0007114  0.00059906  -0.0775268  0.0914948  -0.1585  
-0.00113618  0.00108863  0.000736396  -0.0875199  0.0564882  -0.199279  
-0.00135015  0.000904909  0.00046779  -0.0870238  0.0937718  -0.1974  
-0.00114942  0.00090491  0.000503226  -0.077506  0.0668164  -0.222791  
-0.00162844  0.000963757  0.000458292  -0.077511  0.0959487  -0.206123  
-0.00102622  0.00090491  0.000333847  -0.077515  0.0798022  -0.226829  
-0.00160263  0.00117669  0.000472423  -0.07748  0.0798696  -0.227285  
-0.00132274  0.000831833  0.000366752  -0.0775437  0.0947784  -0.227308  
-0.00122323  0.00101536  0.000289315  -0.0775291  0.079801  -0.233253  
-0.00131212  0.000868426  0.000289315  -0.0775503  0.108584  -0.227326  
-0.00105294  0.00116984  0.000289315  -0.0775099  0.0797843  -0.227403  
-0.00118042  0.0011899  0.000289315  -0.0775082  0.120663  -0.227389  
-0.000687659  0.00115934  0.000289315  -0.0775096  0.0755666  -0.227429  
-0.00117898  0.000887779  0.000155958  -0.077557  0.106338  -0.2447  
-0.00100137  0.0011203  0.000289316  -0.0835856  0.069619  -0.249425  
-0.00156336  0.00111986  0.000289316  -0.0775145  0.0930179  -0.23492  
-0.00106268  0.00128091  0.000289316  -0.0829752  0.0696216  -0.250173  
-0.00104538  0.00128897  0.000212661  -0.0775086  0.100055  -0.246055  
-0.00128844  0.00083692  0.000289316  -0.0847499  0.0696404  -0.250112  
-0.00117763  0.00112617  0.000369763  -0.0820919  0.105109  -0.250138  
-0.00111742  0.00120741  0.000289316  -0.0775088  0.0869016  -0.250155  
-0.00119615  0.0011198  0.000451366  -0.0774892  0.105102  -0.217283  
-0.00111992  0.00107543  0.000470047  -0.0804967  0.0941225  -0.233841  
-0.00137086  0.00089264  0.000289316  -0.077525  0.09021  -0.235545  
-0.00124553  0.0012966  0.000289316  -0.0906251  0.0856301  -0.250164  
-0.00110443  0.00135957  0.000489175  -0.0953008  0.0863948  -0.240012  
-0.00130722  0.00107265  0.000545693  -0.0912016  0.0977433  -0.23107  
-0.000900488  0.00154787  0.000454285  -0.0952828  0.0772019  -0.249823  
-0.00111568  0.00154787  0.000289316  -0.0952929  0.0976955  -0.222137  
0.000115539  0.00161372  0.000289316  -0.0909278  0.0854048  -0.260668  
-0.00130732  0.00135194  0.000289316  -0.0779883  0.0977355  -0.237691  
-0.000895236  0.00133445  0.000581381  -0.0952989  0.0817696  -0.23679  
-0.00082758  0.0013973  0.000588787  -0.0952831  0.0810423  -0.239287  
-0.000912983  0.00141809  0.000728938  -0.0920892  0.0977292  -0.253753  
-0.000897491  0.00120816  0.00065344  -0.0771532  0.0977298  -0.246537  
-0.00074798  0.00114602  0.000710844  -0.0808391  0.0857886  -0.24048  
-0.000541705  0.00126975  0.00063194  -0.0705545  0.0911369  -0.241812  
-0.000383907  0.00114602  0.000631754  -0.0705676  0.081879  -0.250343  
-0.000535007  0.00114602  0.000673651  -0.0752513  0.0976977  -0.246175  
-0.000424927  0.0015108  0.000717782  -0.0868689  0.0873876  -0.243437  
-0.000513363  0.00143055  0.000850107  -0.0813217  0.100583  -0.249987  
0.000200005  0.00154556  0.000643777  -0.086853  0.107719  -0.266762  
0.000344381  0.00183241  0.000697311  -0.0868177  0.0887345  -0.253852  
-0.000660291  0.00127255  0.000741875  -0.0823044  0.107999  -0.253686  
0.000374476  0.00187976  0.000931194  -0.0867977  0.0885729  -0.275714  
-0.00058886  0.00153117  0.000954086  -0.0868643  0.128306  -0.249895  
-0.000304347  0.00162951  0.00112905  -0.090082  0.103497  -0.283302  
-0.000566499  0.0016142  0.000909413  -0.0994144  0.128285  -0.26468  
-0.000267734  0.0016784  0.0010235  -0.10012  0.108755  -0.264734  
-0.00058095  0.00180345  0.000939264  -0.0960427  0.115235  -0.24412  
-0.000248079  0.00174703  0.00112905  -0.100321  0.0922334  -0.264443  
-0.000477966  0.00185587  0.00112905  -0.100233  0.133998  -0.260198  
0.000575341  0.00210937  0.000711896  -0.107687  0.0986862  -0.302878  
-0.000392743  0.00159069  0.00112905  -0.10774  0.132317  -0.276791  
-0.000527955  0.00194624  0.00112905  -0.115689  0.107645  -0.285524  
-4.73237e-05  0.00222855  0.00112905  -0.107662  0.117371  -0.298932  
-0.000359932  0.00169515  0.00138079  -0.110488  0.150855  -0.26953  
0.000324634  0.00216775  0.00122158  -0.111576  0.116584  -0.269694  
-0.000289866  0.00169387  0.00122335  -0.104801  0.156719  -0.263966  
0.000545658  0.00196084  0.00106026  -0.107662  0.121568  -0.288631  
-0.000269119  0.00196556  0.00112991  -0.111134  0.138576  -0.258096  
0.000537016  0.00254186  0.00123079  -0.118897  0.1385  -0.29767  
-6.32996e-05  0.00228187  0.00106543  -0.130974  0.138494  -0.283228  
0.000185683  0.00240563  0.00111402  -0.130944  0.119129  -0.278643  
-0.000199234  0.00230131  0.00105106  -0.130951  0.135367  -0.278599  
-8.5554e-05  0.00253988  0.00112805  -0.127565  0.125782  -0.288011  
-0.000269244  0.00235468  0.00104854  -0.130955  0.138487  -0.279302  
0.000486075  0.00244565  0.00107836  -0.130914  0.114697  -0.30917  
0.00134088  0.00225034  0.000737375  -0.13097  0.151076  -0.294614  
0.00028666  0.00216706  0.00109162  -0.130956  0.136896  -0.290558  
0.00031149  0.00225034  0.00102984  -0.130952  0.127937  -0.305452  
-0.000283497  0.00225034  0.00109162  -0.126339  0.148314  -0.304443  
0.000860459  0.00250714  0.000806487  -0.124874  0.154502  -0.329513  
0.000105837  0.00225034  0.00109162  -0.130945  0.149976  -0.304523  
0.000107736  0.00225034  0.00109162  -0.130945  0.128046  -0.314535  
-0.000617241  0.00214278  0.000995621  -0.130975  0.151146  -0.302318  
-0.00023245  0.00208005  0.00109162  -0.130972  0.136982  -0.330513  
-0.000325879  0.00203756  0.00109162  -0.130978  0.152976  -0.310015  
-0.000300471  0.00204561  0.00109162  -0.130978  0.150603  -0.328081  
0.000239395  0.00174949  0.00109162  -0.131022  0.164715  -0.349529  
-0.000432417  0.00227245  0.00109162  -0.130958  0.167756  -0.315136  
-8.11392e-05  0.00235028  0.00109162  -0.13094  0.14742  -0.335234  
-0.000492912  0.00212802  0.00109162  -0.130971  0.16482  -0.320803  
-1.90674e-05  0.00223126  0.00109162  -0.130952  0.150407  -0.340306  
0.00013392  0.00233237  0.00109162  -0.117972  0.146784  -0.355775  
-0.000347822  0.00218558  0.00109162  -0.130959  0.164792  -0.334698  
0.000132274  0.00214891  0.00109162  -0.13096  0.140392  -0.35245  
-0.000363365  0.00235002  0.00109162  -0.130916  0.164754  -0.329624  
-1.09015e-05  0.00256682  0.00109162  -0.130884  0.125091  -0.349448  
-0.000175689  0.00260898  0.00109162  -0.130875  0.153865  -0.349404  
-0.000171257  0.00244482  0.00109162  -0.130901  0.153867  -0.349395  
6.71487e-05  0.00248551  0.00109162  -0.130895  0.141386  -0.352286  
-0.000370042  0.00232376  0.00129999  -0.130881  0.153918  -0.349359  
0.000187647  0.00263627  0.00129853  -0.130811  0.141405  -0.365763  
0.000222577  0.00300209  0.000895275  -0.130831  0.177464  -0.352829  
0.000129581  0.00257228  0.00102324  -0.128637  0.13272  -0.365776  
-0.000325339  0.00255534  0.000998422  -0.118173  0.15382  -0.328419  
0.000995793  0.00322977  0.00105145  -0.130754  0.132968  -0.364489  
-9.48472e-05  0.00227512  0.00106313  -0.130875  0.142347  -0.342418  
0.000444972  0.00260878  0.00129853  -0.130798  0.114374  -0.34257  
0.00017995  0.00260878  0.00129853  -0.130798  0.143757  -0.337863  
0.00026315  0.00230687  0.00129853  -0.130842  0.133665  -0.361305  
7.60873e-05  0.00211089  0.00137113  -0.127604  0.133724  -0.361229  
-0.000221381  0.00232232  0.00129853  -0.127326  0.145145  -0.354493  
0.000181052  0.00248688  0.00138104  -0.130809  0.115608  -0.375811  
-0.00011865  0.00211089  0.00134964  -0.130875  0.145623  -0.367204  
0.000221821  0.00222524  0.00166272  -0.130831  0.133733  -0.36197  
0.000110554  0.00238889  0.00158733  -0.13081  0.144475  -0.357054  
9.94838e-05  0.00239348  0.00127289  -0.130832  0.137639  -0.331378  
0.000558307  0.00265535  0.00118092  -0.130771  0.118267  -0.336542  
7.5752e-06  0.00241431  0.00134224  -0.1308  0.133738  -0.340058  
0.000463061  0.00254652  0.00144967  -0.130773  0.118508  -0.359048  
-8.40719e-05  0.00254652  0.00134224  -0.130778  0.133743  -0.34006  
0.000512246  0.00254652  0.00134224  -0.130778  0.133652  -0.357656  
-0.000129494  0.00272952  0.00134224  -0.130756  0.13903  -0.330706  
0.000268207  0.00266141  0.00134224  -0.130764  0.112329  -0.348672  
-7.39058e-05  0.00254652  0.00134224  -0.130778  0.143464  -0.330378  
0.000264285  0.00273243  0.00134224  -0.142347  0.121746  -0.328788  
-0.000124338  0.00283859  0.00134224  -0.140247  0.133736  -0.348664  
0.000810003  0.00280664  0.00110829  -0.130753  0.122306  -0.348682  
9.81781e-05  0.00254652  0.00134224  -0.130778  0.138402  -0.326468  
0.000567506  0.00309326  0.00121877  -0.138288  0.129973  -0.331297  
4.74126e-06  0.00253494  0.00134224  -0.14142  0.147583  -0.308996  
0.000303178  0.00292155  0.00126177  -0.146815  0.129339  -0.316573  
-0.000179851  0.00303363  0.00134224  -0.149202  0.129407  -0.324392  
7.15965e-05  0.00310825  0.00134224  -0.149185  0.129373  -0.314058  
-6.89735e-05  0.00308108  0.00134224  -0.149188  0.141026  -0.315624  
-0.000466711  0.00265685  0.00134224  -0.149236  0.138357  -0.322272  
1.44428e-05  0.00265685  0.00143877  -0.142195  0.13443  -0.324961  
-0.000435393  0.00265685  0.00144414  -0.130973  0.157268  -0.317665  
0.000163098  0.00313801  0.00159366  -0.127048  0.155348  -0.342475  
-0.000608738  0.00270908  0.00157405  -0.142749  0.16752  -0.342273  
-1.93217e-05  0.00309744  0.00175596  -0.138724  0.153324  -0.342411  
-0.000299644  0.00282228  0.00235505  -0.145077  0.167565  -0.31897  
0.00016479  0.00317044  0.00197683  -0.145068  0.14205  -0.329351  
-9.1088e-05  0.0027555  0.00202213  -0.145106  0.167453  -0.308206  
0.000164377  0.0027555  0.00189827  -0.136934  0.148976  -0.33726  
-0.000117328  0.00270056  0.00214062  -0.127372  0.167484  -0.329942  
-0.000439871  0.0027029  0.00193656  -0.126013  0.158603  -0.334408  
-2.80497e-05  0.00293116  0.00198056  -0.12806  0.149147  -0.347828  
-0.000415636  0.0027555  0.00192728  -0.128102  0.172453  -0.337138  
-0.000117328  0.0027555  0.00220626  -0.141623  0.148408  -0.337193  
-0.000535393  0.00281925  0.00216148  -0.141711  0.175754  -0.337131  
0.000283446  0.00284492  0.00188898  -0.136507  0.150327  -0.362882  
-0.0003298  0.00254605  0.00204947  -0.126981  0.167496  -0.338109  
6.98745e-05  0.00279747  0.00206948  -0.128029  0.149358  -0.36283  
-0.000313526  0.00276418  0.00204564  -0.135262  0.167481  -0.34492  
-0.00013613  0.00247303  0.00207945  -0.128077  0.15229  -0.339332  
-0.000242303  0.00234935  0.00201401  -0.128107  0.162482  -0.344864  
-0.000466896  0.00234935  0.00193738  -0.128113  0.1675  -0.344834  
0.000172648  0.00248194  0.00203363  -0.128075  0.147275  -0.344935  
-0.000654296  0.00263314  0.0018487  -0.128094  0.167498  -0.330314  
-7.28566e-05  0.00234935  0.00188146  -0.128126  0.153171  -0.347374  
-0.00054385  0.00234935  0.00188146  -0.128126  0.167502  -0.337034  
0.000172648  0.00254026  0.00188146  -0.128101  0.155706  -0.355035  
-0.000616239  0.00234935  0.00188145  -0.128126  0.17806  -0.351371  
-7.04462e-05  0.00266441  0.00188146  -0.133474  0.167429  -0.351836  
-0.000647332  0.00229331  0.00188145  -0.135955  0.187918  -0.325677  
-0.00027799  0.00256868  0.00188145  -0.128092  0.156239  -0.347131  
-0.000643034  0.00238774  0.00188145  -0.128111  0.174288  -0.334978  
-0.000470734  0.00270059  0.00175647  -0.128079  0.173037  -0.349557  
-0.000287156  0.00252391  0.00188145  -0.128081  0.171847  -0.364136  
0.000144269  0.00253929  0.00213145  -0.138859  0.177964  -0.364194  
-0.000112542  0.00250379  0.00188145  -0.144878  0.154354  -0.354467  
-0.000901946  0.0023376  0.00159975  -0.144948  0.18836  -0.342257  
-6.97896e-05  0.00269797  0.00188145  -0.144851  0.15076  -0.345617  
-0.00069675  0.00242887  0.00188145  -0.144887  0.171884  -0.333932  
-0.000535984  0.00219522  0.0015832  -0.128458  0.154528  -0.343365  
-0.000575457  0.00237322  0.00188145  -0.134895  0.158601  -0.335519  
6.71874e-05  0.00249404  0.00188145  -0.144597  0.15989  -0.350774  
-0.000501812  0.00253085  0.00195001  -0.144587  0.155499  -0.330148  
-0.000770617  0.00238232  0.00188145  -0.144615  0.174799  -0.33009  
0.000342156  0.00296317  0.00161721  -0.144563  0.143744  -0.342244  
-0.000133757  0.00276172  0.00188146  -0.144598  0.158045  -0.332169  
-0.000128667  0.00273042  0.00188146  -0.138907  0.131235  -0.335967  
-0.000565504  0.00248621  0.00188146  -0.144649  0.149664  -0.323764  
-0.000474878  0.00248621  0.0017975  -0.144651  0.115005  -0.351803  
8.06344e-05  0.00248621  0.00151865  -0.144681  0.17671  -0.347483  
0.000335748  0.00248621  0.00182204  -0.126928  0.14368  -0.374439  
-0.000210695  0.0023308  0.00188146  -0.126068  0.178514  -0.369559  
-2.69088e-05  0.00251447  0.00231339  -0.144601  0.163455  -0.379167  
0.000384978  0.00265812  0.00188185  -0.126586  0.187502  -0.372457  
-0.000283627  0.00250907  0.00188146  -0.128057  0.15951  -0.360354  
-0.000379578  0.00220441  0.00194772  -0.140151  0.161287  -0.357871  
-0.000154091  0.00239536  0.00206586  -0.144519  0.152596  -0.353525  
-0.000403147  0.0024967  0.00220884  -0.144485  0.167318  -0.353514  
-0.000295665  0.00261694  0.00213912  -0.152678  0.174495  -0.353546  
-0.000806113  0.00269452  0.00222141  -0.153406  0.174588  -0.35348  
-0.000485042  0.00270798  0.00215862  -0.158748  0.162877  -0.34775  
-0.000410342  0.00231115  0.00216592  -0.14451  0.174511  -0.332608  
-0.000371355  0.00220441  0.00213112  -0.144523  0.174498  -0.344182  
-0.000510106  0.00220441  0.00230363  -0.144483  0.174527  -0.340052  
-8.32456e-05  0.00285257  0.00204514  -0.144472  0.174444  -0.355976  
-0.00037308  0.00255208  0.00201354  -0.144502  0.19348  -0.339129  
-0.000486485  0.00239304  0.00232453  -0.14445  0.155793  -0.355819  
-0.000889968  0.00239767  0.00219133  -0.144483  0.18721  -0.373228  
-0.000499955  0.00219489  0.00247599  -0.14446  0.16906  -0.368743  
-0.000734605  0.00227533  0.00221822  -0.144504  0.178823  -0.374496  
-0.000884338  0.00227993  0.00206365  -0.14453  0.169045  -0.374465  
-0.000682844  0.00215444  0.00204136  -0.153516  0.169009  -0.363177  
-0.000648332  0.00215444  0.00188146  -0.144585  0.179386  -0.3514  
-0.000521423  0.0024473  0.00208565  -0.144522  0.168986  -0.359889  
-0.000648332  0.00215444  0.00213842  -0.144536  0.186166  -0.3514  
-0.000229063  0.00278512  0.00188146  -0.144504  0.16892  -0.381526  
-0.000500249  0.00239069  0.00188146  -0.144549  0.192386  -0.340026  
-0.000272464  0.00267087  0.00198892  -0.159032  0.153516  -0.357155  
-0.000692302  0.00219685  0.00205351  -0.144544  0.176148  -0.339959  
-0.000175295  0.00244685  0.00213021  -0.144512  0.144514  -0.352257  
-0.000297248  0.00244685  0.00188146  -0.149118  0.19064  -0.332653  
-0.000528752  0.00245088  0.00194375  -0.153439  0.149599  -0.349892  
-0.000932123  0.00238212  0.00188146  -0.151794  0.169515  -0.339954  
0.000406733  0.002642  0.00207491  -0.154368  0.163616  -0.370794  
-0.000458229  0.00227152  0.00204831  -0.160003  0.17004  -0.344915  
-5.28297e-05  0.00238396  0.0021853  -0.162223  0.16761  -0.34497  
-0.000250544  0.00232515  0.0021853  -0.162238  0.148834  -0.344954  
-0.0004414  0.00241972  0.0021853  -0.162224  0.178459  -0.34493  
-0.000475277  0.00202969  0.0021853  -0.162278  0.160227  -0.36605  
-0.00074567  0.00202969  0.0021853  -0.156033  0.178503  -0.352256  
-0.000110721  0.00202969  0.0021853  -0.146002  0.167479  -0.374012  
-0.0010655  0.00221524  0.00179462  -0.155549  0.193651  -0.335331  
-0.000491536  0.00233375  0.00188084  -0.157819  0.159077  -0.362723  
-0.000741774  0.00195852  0.00185658  -0.146069  0.190766  -0.341852  
-0.000289274  0.00223509  0.00203144  -0.151146  0.160431  -0.373038  
-0.000706887  0.00199925  0.00202394  -0.15985  0.188941  -0.355909  
-0.000738314  0.00234165  0.00211693  -0.162377  0.178476  -0.361213  
-0.000311941  0.00247607  0.0021853  -0.160278  0.154274  -0.361291  
-0.000726696  0.00199925  0.00188306  -0.158138  0.178426  -0.346737  
-0.000280731  0.00244078  0.0021853  -0.155485  0.153332  -0.3634  
-0.00103779  0.00199925  0.00199917  -0.146019  0.178455  -0.349836  
-0.000584863  0.00199925  0.00181052  -0.146037  0.153696  -0.363294  
-0.00107392  0.00200307  0.00194917  -0.146025  0.174077  -0.360074  
-0.000606302  0.00201116  0.0021853  -0.145995  0.149699  -0.363288  
-0.000662556  0.00214099  0.00182773  -0.146008  0.157473  -0.376398  
-0.000105749  0.00196109  0.00173824  -0.146018  0.165644  -0.397462  
-0.000557673  0.00199978  0.0021853  -0.145993  0.160285  -0.379123  
-0.000557673  0.00189475  0.0020679  -0.146031  0.169226  -0.366199  
-0.000155258  0.0020139  0.0021853  -0.138323  0.158692  -0.366255  
-0.000557673  0.00190985  0.0021853  -0.139462  0.169244  -0.366196  
-0.00040115  0.00188347  0.0021853  -0.126717  0.147292  -0.396302  
-0.00102432  0.0016018  0.0021853  -0.133245  0.169315  -0.365966  
-0.000213794  0.00199556  0.00184731  -0.133656  0.169133  -0.382401  
0.000363776  0.00212133  0.00177865  -0.144495  0.169027  -0.383349  
0.000695821  0.00199906  0.00169936  -0.14863  0.193515  -0.396994  
0.000707113  0.00175541  0.00176176  -0.136178  0.153524  -0.360204  
0.00124525  0.0021155  0.00167662  -0.142679  0.1636  -0.402318  
0.000418966  0.0016018  0.00166672  -0.143675  0.209768  -0.402106  
0.00113635  0.0017793  0.00166672  -0.126818  0.175224  -0.402225  
0.000691863  0.0018012  0.00166672  -0.138594  0.207514  -0.374764  
0.00130595  0.00237257  0.00166672  -0.147166  0.168066  -0.403076  
0.000292368  0.00185469  0.00166672  -0.144838  0.193363  -0.392072  
0.00125782  0.00227857  0.00151113  -0.145509  0.175661  -0.421084  
0.000754523  0.0016018  0.00156938  -0.14588  0.175721  -0.400209  
0.000749452  0.00208566  0.00117283  -0.146468  0.148724  -0.375726  
0.000269332  0.00184715  0.0012185  -0.150998  0.175727  -0.356201  
0.000582059  0.00204048  0.0012418  -0.146506  0.169949  -0.375675  
9.58663e-06  0.00198698  0.00148851  -0.146491  0.191054  -0.357711  
0.00136674  0.0020241  0.00133091  -0.146482  0.163776  -0.379105  
0.000266312  0.00159038  0.0012423  -0.146589  0.19202  -0.366574  
0.000228651  0.00172626  0.00151644  -0.146525  0.151638  -0.360337  
-0.000359694  0.00158553  0.00153691  -0.14924  0.17592  -0.366485  
0.000332661  0.00166305  0.00119699  -0.149399  0.158275  -0.361575  
-0.000381209  0.00160171  0.00118197  -0.146618  0.18509  -0.347649  
0.000446696  0.00197144  0.000734499  -0.152578  0.163493  -0.364011  
-0.000406524  0.00192213  0.000999012  -0.15664  0.184684  -0.35378  
0.000269082  0.00206919  0.00121371  -0.158741  0.17032  -0.384564  
-0.00032779  0.00184166  0.00121371  -0.146551  0.175872  -0.377927  
-0.000379457  0.00179697  0.00102814  -0.146599  0.175755  -0.37519  
-0.000256644  0.00185797  0.00121371  -0.154651  0.160481  -0.375218  
-0.000135946  0.00187322  0.00121371  -0.146565  0.170836  -0.351341  
0.000383509  0.00188015  0.00121371  -0.146568  0.15617  -0.340533  
-8.50199e-05  0.00181861  0.00121371  -0.150708  0.169051  -0.336553  
1.72583e-05  0.00181861  0.00121371  -0.146576  0.150519  -0.334331  
-0.000287894  0.00181861  0.00121371  -0.162984  0.173414  -0.334301  
2.14297e-05  0.00181861  0.00121371  -0.152598  0.131276  -0.339214  
-0.000333965  0.00172156  0.00129145  -0.16299  0.164033  -0.335447  
-0.000204122  0.0014144  0.00121371  -0.145518  0.152629  -0.352014  
-0.000319714  0.00174666  0.00121371  -0.153612  0.175942  -0.333068  
-0.000268998  0.00182905  0.00131732  -0.148714  0.156961  -0.349008  
-0.000408014  0.0014144  0.00139782  -0.146429  0.179427  -0.33947  
-0.000291752  0.00173258  0.00121371  -0.146397  0.151363  -0.356235  
-0.000513047  0.0014144  0.00136106  -0.140428  0.175053  -0.343598  
4.76929e-05  0.0014144  0.00121371  -0.140768  0.159013  -0.351416  
-0.00074332  0.00169561  0.00140498  -0.146386  0.177669  -0.341552  
0.000486249  0.00168546  0.00121371  -0.146414  0.156536  -0.360828  
-0.000378937  0.00165113  0.00121371  -0.146415  0.176433  -0.339932  
-0.000398173  0.0019017  0.00121371  -0.146383  0.141878  -0.345772  
-0.000735878  0.00183599  0.00121371  -0.153876  0.152594  -0.318154  
-0.000446208  0.00185011  0.00114727  -0.155805  0.15042  -0.345113  
-0.000458842  0.0014144  0.00121371  -0.152226  0.159588  -0.3287  
-0.000474054  0.00157655  0.00100289  -0.160483  0.17753  -0.331423  
-0.000657483  0.00198625  0.00121371  -0.163231  0.159595  -0.329224  
-0.000468838  0.00214285  0.00106347  -0.163226  0.15955  -0.327625  
-0.00073986  0.00170361  0.00121371  -0.163267  0.150214  -0.329266  
-0.000928219  0.00192502  0.00103232  -0.163268  0.15963  -0.330292  
-0.000413259  0.00170361  0.00121371  -0.163267  0.140111  -0.34602  
-0.000632675  0.00170361  0.000861943  -0.163319  0.159558  -0.345988  
-0.00071885  0.00170361  0.00121371  -0.163267  0.159631  -0.324439  
-0.00018254  0.00170361  0.00121371  -0.163267  0.159582  -0.323564  
-4.94242e-05  0.00193726  0.00121371  -0.163245  0.15957  -0.31654  
-0.000660384  0.00170362  0.00112154  -0.163277  0.148048  -0.313795  
-0.000742969  0.00170361  0.00121371  -0.155094  0.139999  -0.333236  
-0.00094541  0.00188947  0.00121371  -0.163241  0.159677  -0.335625  
-0.000396439  0.00170362  0.00130962  -0.163256  0.142536  -0.335647  
-0.00106244  0.00168356  0.00121371  -0.155129  0.159693  -0.335547  
-0.00049441  0.00195338  0.00121371  -0.156343  0.140742  -0.345639  
-0.000948193  0.00148901  0.00121371  -0.153126  0.159659  -0.336119  
0.000479948  0.0016182  0.000865795  -0.158033  0.159462  -0.36048  
-0.000781964  0.00137448  0.00121371  -0.148681  0.159643  -0.337845  
-0.000340524  0.00166272  0.00121371  -0.142591  0.159593  -0.358686  
-0.000538489  0.00121809  0.00121371  -0.142644  0.159617  -0.348096  
-0.00127178  0.00121809  0.00121371  -0.151355  0.171024  -0.346208  
-0.000995883  0.00121809  0.00130873  -0.142626  0.159699  -0.358503  
-0.00111924  0.00143186  0.00129666  -0.148323  0.188165  -0.358499  
-0.000822449  0.00137742  0.00136452  -0.153651  0.165563  -0.358568  
-0.000924754  0.00124392  0.00135351  -0.142597  0.176016  -0.342242  
-0.000595805  0.00160009  0.00121371  -0.150986  0.172156  -0.35826  
-0.000918841  0.00137233  0.00121371  -0.142609  0.176016  -0.363038  
-0.000996285  0.00152348  0.00121371  -0.157232  0.177479  -0.365459  
-0.000845197  0.00118493  0.00121371  -0.159216  0.151008  -0.349555  
-0.00113301  0.00118493  0.00121371  -0.159216  0.178703  -0.34949  
6.94337e-05  0.00172447  0.00121371  -0.149571  0.159674  -0.359232  
-0.000780779  0.00145812  0.00121371  -0.149326  0.185509  -0.337756  
-0.000612972  0.00155682  0.00121371  -0.148947  0.138295  -0.336501  
-0.000808278  0.00155682  0.00121371  -0.152949  0.161503  -0.327919  
8.63641e-05  0.0021041  0.00133511  -0.159576  0.127906  -0.349786  
-0.000797173  0.00166822  0.00112899  -0.155651  0.161417  -0.335986  
-0.000662156  0.00173198  0.00109091  -0.152978  0.129497  -0.349647  
-0.000426395  0.00180635  0.00110252  -0.152968  0.166441  -0.349673  
-0.000426396  0.00166822  0.00118579  -0.152983  0.13911  -0.341803  
-0.000608308  0.00181341  0.00118127  -0.159443  0.161405  -0.349661  
-0.000426396  0.00126433  0.00154087  -0.153015  0.13698  -0.348242  
-0.00100875  0.00148769  0.00137711  -0.152999  0.161488  -0.331782  
-0.000494111  0.00177838  0.00115199  -0.152965  0.150027  -0.342415  
-0.000706786  0.0013256  0.0011319  -0.153031  0.1727  -0.336361  
-1.54283e-05  0.00228447  0.00154088  -0.152859  0.150671  -0.381363  
-0.000829559  0.00167482  0.00091872  -0.160211  0.150699  -0.362172  
-0.000761182  0.00160628  0.00113902  -0.152998  0.169121  -0.355034  
-0.00081505  0.00155397  0.00113902  -0.153006  0.16726  -0.355966  
-0.000782366  0.00127198  0.00113902  -0.153047  0.163984  -0.34046  
-0.000996852  0.00141512  0.00113902  -0.155299  0.158337  -0.3471  
-0.00097259  0.00165514  0.00113902  -0.152995  0.168438  -0.351346  
-0.000973019  0.00171246  0.0015434  -0.152939  0.150807  -0.35598  
-0.000124915  0.0017237  0.00119753  -0.157624  0.172085  -0.372316  
-0.000617667  0.00172088  0.00127349  -0.156644  0.157479  -0.356023  
-0.000974416  0.00156217  0.00130955  -0.152982  0.171157  -0.355949  
-9.3198e-05  0.00168306  0.00113902  -0.152989  0.154005  -0.3639  
-0.00100448  0.00168182  0.00113902  -0.153  0.179109  -0.327795  
-0.000480594  0.00159216  0.00124687  -0.152989  0.146732  -0.356026  
-0.000877129  0.00127198  0.00129925  -0.153027  0.179139  -0.355917  
-0.000647618  0.00127198  0.00113902  -0.153047  0.155805  -0.348911  
-0.000933156  0.0015845  0.00113902  -0.152991  0.157597  -0.357052  
-0.00102179  0.00143868  0.00113902  -0.15302  0.168053  -0.354725  
-8.6943e-05  0.00127198  0.00113902  -0.153047  0.15788  -0.362196  
-0.00127861  0.00127198  0.00113902  -0.155208  0.179169  -0.34506  
-0.00116338  0.0015666  0.00113902  -0.153004  0.143709  -0.369784  
-0.00133527  0.00127198  0.00097179  -0.153068  0.160453  -0.344519  
-0.00134798  0.00127198  0.00113902  -0.153047  0.158317  -0.35745  
-0.00174509  0.00134352  0.000853696  -0.153086  0.175842  -0.352484  
-0.00172102  0.00127198  0.000787576  -0.15687  0.179156  -0.354704  
-0.00110829  0.00136655  0.000702541  -0.153103  0.159543  -0.372873  
-0.00177548  0.00135975  0.000702541  -0.153104  0.160797  -0.375165  
-0.00163477  0.00127198  0.00104661  -0.150618  0.164921  -0.37518  
-0.00145927  0.0011575  0.00112338  -0.133787  0.179164  -0.375206  
-0.00147562  0.00120413  0.000880946  -0.151474  0.155331  -0.356051  
-0.00167559  0.00119917  0.000991351  -0.150111  0.154101  -0.359149  
-0.00151122  0.00121178  0.000915018  -0.155749  0.167854  -0.359167  
-0.00148938  0.00135418  0.000915018  -0.15883  0.136654  -0.350271  
-0.0017049  0.00119716  0.000915018  -0.151794  0.159498  -0.342294  
-0.00148938  0.00144886  0.00073255  -0.151788  0.136627  -0.346169  
-0.00156155  0.00150542  0.000915018  -0.151753  0.154805  -0.360253  
-0.00127658  0.00133705  0.000915018  -0.134236  0.14071  -0.35452  
-0.00180719  0.00120556  0.00101193  -0.147473  0.16861  -0.331035  
-0.00134472  0.00137491  0.000915018  -0.134226  0.143591  -0.364527  
-0.00212388  0.000867377  0.000915018  -0.153698  0.168641  -0.343024  
-0.00116569  0.00157946  0.000915018  -0.15102  0.137272  -0.384827  
-0.00181165  0.00112706  0.00105772  -0.148383  0.160983  -0.358376  
-0.00146934  0.00156566  0.000915018  -0.153384  0.160916  -0.358514  
-0.00154771  0.00149419  0.000915019  -0.167752  0.160921  -0.341729  
-0.00120862  0.00169654  0.000915019  -0.162552  0.149475  -0.338622  
-0.00122788  0.0012952  0.000915018  -0.149383  0.148918  -0.338564  
-0.00144475  0.00143565  0.000915018  -0.144541  0.160918  -0.34813  
-0.00145887  0.00155492  0.00108573  -0.144504  0.151342  -0.35058  
-0.00147091  0.0012952  0.00106766  -0.144542  0.160947  -0.355138  
-0.00119694  0.00153956  0.00106346  -0.152997  0.166277  -0.385859  
-0.00143684  0.00147036  0.00110331  -0.155163  0.155428  -0.375025  
-0.000809254  0.0012952  0.00106044  -0.144536  0.165413  -0.380357  
-0.00130464  0.0012952  0.00124259  -0.141414  0.15256  -0.371299  
-0.00185811  0.0012952  0.00142908  -0.144489  0.175933  -0.360408  
-0.00140786  0.0012952  0.0013233  -0.144496  0.149558  -0.385774  
-0.00155882  0.00128813  0.00124168  -0.151491  0.18256  -0.385754  
-0.00158018  0.00133284  0.00131135  -0.144488  0.157169  -0.374317  
-0.00177507  0.0011998  0.00130883  -0.151847  0.184622  -0.353043  
-0.00157003  0.00140015  0.00128971  -0.14445  0.150849  -0.383048  
-0.00178097  0.00104832  0.00124025  -0.144519  0.197727  -0.35695  
-0.00141893  0.00092163  0.00128176  -0.144518  0.155199  -0.389784  
-0.00177418  0.000921631  0.00134722  -0.144521  0.190702  -0.35741  
-0.00141299  0.00106881  0.00136158  -0.134235  0.168243  -0.371012  
-0.00220623  0.000921631  0.00140729  -0.134217  0.202735  -0.352213  
-0.00168605  0.000921631  0.00138862  -0.126863  0.173154  -0.379988  
-0.00149487  0.000921631  0.00135366  -0.126879  0.202571  -0.382756  
-0.00176002  0.000921631  0.00151996  -0.126845  0.181279  -0.39649  
-0.00163057  0.000921631  0.00172599  -0.126793  0.202649  -0.387547  
-0.00189608  0.000921631  0.00164835  -0.126806  0.202678  -0.393015  
-0.00151974  0.00102034  0.0017997  -0.126772  0.188757  -0.3957  
-0.00196045  0.000999691  0.00173236  -0.123827  0.202696  -0.382167  
-0.00188581  0.00116995  0.00175165  -0.126766  0.182413  -0.407234  
-0.00180654  0.000894548  0.00169037  -0.126836  0.198857  -0.388523  
-0.001864  0.00101514  0.0019283  -0.124252  0.198894  -0.39783  
-0.0013707  0.000984145  0.00201066  -0.126763  0.171498  -0.397904  
-0.0022191  0.00106148  0.00201066  -0.126748  0.198956  -0.397714  
-0.0021347  0.000975564  0.00165508  -0.123706  0.198906  -0.401662  
-0.00193456  0.00120314  0.00159372  -0.124435  0.188132  -0.405723  
-0.00193456  0.000975565  0.00161602  -0.12685  0.198868  -0.393816  
-0.00178308  0.00103619  0.00157937  -0.130953  0.179529  -0.401269  
-0.00193456  0.000893764  0.00157003  -0.130393  0.198859  -0.380596  
-0.00133315  0.00132073  0.00146059  -0.126812  0.176835  -0.380743  
-0.00193027  0.00114674  0.00157003  -0.143784  0.198829  -0.368042  
-0.00101572  0.00152614  0.001461  -0.135622  0.196276  -0.415318  
-0.00155275  0.00115641  0.00110676  -0.140132  0.187838  -0.392376  
0.000298429  0.00134704  0.00128901  -0.135481  0.173344  -0.45151  
0.000423062  0.00147297  0.0015819  -0.135388  0.244079  -0.507972  
9.36817e-05  0.00151184  0.00169134  -0.149155  0.190584  -0.526129  
-0.000187906  0.00112951  0.00147046  -0.146613  0.230388  -0.500696  
-3.23134e-05  0.00154042  0.00138155  -0.145369  0.197027  -0.483426  
-0.000213329  0.00157555  0.00125214  -0.135419  0.219087  -0.483416  
-0.00031971  0.00145164  0.00122918  -0.135409  0.182829  -0.483409  
-0.000619963  0.0012894  0.000942906  -0.145471  0.219158  -0.475168  
0.000287735  0.00175539  0.000955573  -0.135361  0.170742  -0.509685  
-0.000920684  0.00145727  0.000945539  -0.150021  0.200325  -0.504765  
-0.000574253  0.00107076  0.00101356  -0.135546  0.185939  -0.492186  
-0.000943412  0.000931338  0.000814426  -0.135604  0.217259  -0.486407  
-0.000214565  0.00143845  0.000728122  -0.135499  0.183216  -0.486571  
-0.0011744  0.00129269  0.000835321  -0.143864  0.217265  -0.468727  
-0.000903448  0.00127336  0.000868895  -0.137856  0.182404  -0.486462  
-0.00154146  0.00116664  0.00124008  -0.150158  0.217402  -0.509864  
-0.00120892  0.00122149  0.00124008  -0.148004  0.196209  -0.516201  
-0.00191554  0.00120514  0.00124008  -0.150641  0.217485  -0.508383  
-0.0005421  0.00161035  0.000992327  -0.152276  0.203892  -0.534382  
-0.00183784  0.00147617  0.000944378  -0.154011  0.220682  -0.513285  
-0.00191305  0.00155882  0.00093366  -0.158747  0.205182  -0.517557  
-0.00215775  0.00153669  0.000898449  -0.158318  0.205235  -0.517509  
-0.0021383  0.00146588  0.00099719  -0.157888  0.205238  -0.517503  
-0.00171651  0.00148061  0.00124008  -0.144832  0.188195  -0.523931  
-0.00118292  0.00148243  0.000954051  -0.140555  0.20502  -0.517633  
-0.00139917  0.00156417  0.00106148  -0.14615  0.234738  -0.516258  
-0.00149278  0.00180535  0.00116403  -0.149636  0.178537  -0.526723  
