0.00041852  -0.00262489  0.000314268  0.15259  -0.260045  0.258514  
0.000559768  -0.00241727  0.000320763  0.162217  -0.261166  0.265267  
0.000344032  -0.00252262  0.000295027  0.159613  -0.247027  0.24373  
0.000383772  -0.00250324  0.000300681  0.15441  -0.253019  0.254649  
0.000353024  -0.00241298  0.000158856  0.155762  -0.252572  0.237945  
0.000240271  -0.0024529  0.000191734  0.14997  -0.239437  0.230386  
-3.15005e-05  -0.00230436  0.000238083  0.143005  -0.24418  0.232122  
-3.93181e-05  -0.00151555  0.000943354  0.182836  -0.216264  0.267336  
0.000263471  -0.0013602  0.000823394  0.169555  -0.223731  0.258298  
-0.000148975  -0.00130442  0.000216019  0.177856  -0.228371  0.171598  
-2.35804e-05  -0.00143703  0.00043989  0.152341  -0.228392  0.182902  
-3.11461e-05  -0.0015903  0.000800563  0.154269  -0.215568  0.229498  
0.000242204  -0.00166474  0.000850689  0.149579  -0.221198  0.202551  
0.000317993  -0.00162615  0.000617258  0.146298  -0.224761  0.212368  
0.000435998  -0.00175505  0.000760675  0.147  -0.223052  0.233701  
0.000384772  -0.00175804  0.000730032  0.133058  -0.214093  0.250681  
0.000477469  -0.00205303  0.00111986  0.122122  -0.219746  0.238032  
0.000507536  -0.00174756  0.00110765  0.132357  -0.224252  0.231584  
0.000292283  -0.00162795  0.00099151  0.120141  -0.225619  0.225786  
0.000191749  -0.00148668  0.00124446  0.109739  -0.222635  0.222293  
0.000347834  -0.00144276  0.000840142  0.143799  -0.228893  0.19675  
0.000183138  -0.00151151  0.000945508  0.136194  -0.218823  0.21517  
0.000442129  -0.00150274  0.0010009  0.121332  -0.223552  0.227373  
0.00312515  -0.00668827  0.00195491  0.0523741  -0.469877  0.111447  
0.0128044  -0.0296925  -0.0077012  0.0394257  -0.623092  0.340714  
0.0125022  -0.0291185  -0.00866147  0.0157211  -0.238852  0.343022  
0.00261326  -0.00129726  0.00461127  0.264377  -0.41111  0.471986  
-0.00778077  0.00855839  0.0149329  0.362457  -0.47023  1.03101  
-0.00569285  6.03262e-05  0.0093077  0.264335  -0.178022  0.74401  
-0.00215561  -0.00325499  0.00302866  0.163222  -0.0103494  0.316181  
-0.0010499  -0.00269192  0.00128513  0.180102  -0.290644  0.280206  
-0.000849169  -0.00257562  0.00155434  0.169045  -0.28045  0.274543  
-0.000497136  -0.00270269  0.00158679  0.165799  -0.294005  0.312095  
-0.000572341  -0.00292999  0.00139811  0.158502  -0.288963  0.279963  
6.53268e-05  -0.00343236  0.00161878  0.148113  -0.286586  0.301148  
-0.000132597  -0.00351569  0.00159818  0.145339  -0.28646  0.314156  
-0.000424868  -0.00328775  0.00143445  0.127298  -0.288567  0.31445  
-6.24839e-05  -0.00341564  0.00139007  0.120273  -0.293411  0.332007  
0.000170824  -0.00362825  0.00144005  0.111077  -0.301702  0.323918  
-4.45783e-07  -0.00357102  0.001548  0.129237  -0.29608  0.311584  
-0.000426483  -0.00376419  0.001548  0.124572  -0.310596  0.339613  
-0.000281754  -0.00338818  0.00123081  0.150445  -0.308964  0.347075  
-0.000301757  -0.00326125  0.0010043  0.171695  -0.319648  0.33123  
-0.000314235  -0.00387436  0.0011314  0.179393  -0.293395  0.314853  
-0.000572763  -0.00368289  0.00106917  0.165128  -0.296447  0.320405  
-0.00050584  -0.00371806  0.00118185  0.148511  -0.302851  0.322069  
-0.000661719  -0.00384449  0.0012423  0.142445  -0.297579  0.315096  
-0.00054395  -0.00390683  0.000884973  0.0997304  -0.290993  0.304048  
-0.000969003  -0.00420005  0.000561485  0.114717  -0.295199  0.271103  
-0.0015612  -0.0049694  0.000541442  0.128476  -0.286729  0.209899  
-0.00157451  -0.00483485  0.00092042  0.157225  -0.278547  0.210014  
-0.00118203  -0.00395006  0.000873833  0.117026  -0.284637  0.275245  
-0.0011931  -0.00462846  0.000546926  0.101721  -0.290763  0.238875  
-0.00125546  -0.0046884  0.000256532  0.0746022  -0.280877  0.233352  
-0.00127833  -0.00470436  0.000261153  0.111134  -0.283556  0.197725  
-0.0008535  -0.00445055  0.000218387  0.128784  -0.271398  0.219013  
-0.000639857  -0.00442317  0.000172041  0.124277  -0.2749  0.183965  
-0.00126907  -0.00491008  -0.000173464  0.117868  -0.267145  0.135794  
-0.00113715  -0.00546241  -0.000138302  0.119761  -0.260524  0.141393  
-0.00106003  -0.00513776  0.000163227  0.117076  -0.266494  0.16366  
-0.00117353  -0.00519363  -0.000147277  0.0810217  -0.270971  0.180408  
-0.00128813  -0.00542377  -7.17581e-05  0.0949179  -0.271129  0.162627  
-0.000979554  -0.00514146  -4.6344e-05  0.097281  -0.280568  0.162036  
-0.00120515  -0.00485687  -0.000119116  0.116794  -0.280206  0.166527  
-0.000972743  -0.00477294  -0.000135424  0.113919  -0.277926  0.161644  
-0.00117826  -0.00525664  -0.000109474  0.135505  -0.280882  0.140725  
-0.00135241  -0.00531499  -0.000586892  0.121146  -0.281141  0.141728  
-0.00112225  -0.00556903  -0.000475145  0.118284  -0.28534  0.133641  
-0.0013019  -0.00549443  -0.000516891  0.111961  -0.280836  0.133299  
-0.00240828  -0.00550371  -0.000240603  0.0994556  -0.303603  0.130606  
-0.00145941  -0.00553696  -0.000494406  0.111032  -0.279926  0.0992432  
-0.00110755  -0.00543256  -0.000404065  0.118322  -0.272366  0.118841  
-0.000728824  -0.00585608  -0.000328342  0.136914  -0.266141  0.124333  
-0.000849422  -0.00583869  0.000170456  0.151938  -0.277632  0.149424  
-0.00035769  -0.00582146  9.48923e-05  0.149681  -0.269448  0.115542  
-0.000586187  -0.00581434  -0.000277296  0.158943  -0.271427  0.115013  
-0.000211424  -0.00591529  -0.000298299  0.159084  -0.271  0.150947  
-0.000686465  -0.00598583  0.000135298  0.126009  -0.261213  0.149396  
-9.71268e-05  -0.00606704  4.34193e-05  0.133236  -0.272242  0.136994  
0.000203171  -0.00606763  0.000650258  0.183988  -0.285423  0.147491  
-0.000215805  -0.00635407  0.000243763  0.161976  -0.265755  0.132511  
-0.000260221  -0.00636156  0.000274104  0.168106  -0.268777  0.138724  
-0.000490002  -0.00596058  0.000384243  0.188978  -0.274578  0.136232  
-0.00023139  -0.00591527  0.000672507  0.212005  -0.278952  0.126023  
-0.000163759  -0.00620437  0.000620126  0.222831  -0.284553  0.105358  
-0.000205509  -0.00666415  0.000556319  0.227573  -0.268761  0.0724172  
-0.000422257  -0.00647846  0.000606717  0.22994  -0.269731  0.0938681  
-0.000428674  -0.006433  0.00056787  0.222686  -0.26819  0.0793303  
-0.000535495  -0.00635161  0.000719357  0.226867  -0.268593  0.093517  
-0.000346049  -0.00572897  0.00127347  0.240954  -0.285696  0.103543  
-2.85224e-05  -0.006006  0.00100085  0.249481  -0.279064  0.078627  
-0.000334618  -0.0061753  0.000672631  0.230535  -0.265826  0.0772145  
-5.399e-05  -0.00626715  0.000735373  0.214414  -0.266887  0.0928374  
-0.000180802  -0.00622998  0.00102423  0.219058  -0.275399  0.0963948  
-0.000345337  -0.00608128  0.00104366  0.227353  -0.278253  0.0872485  
0.000102288  -0.00586451  0.00101486  0.255438  -0.274593  0.0698314  
0.000157603  -0.00604553  0.00104147  0.25742  -0.262297  0.0723448  
-0.000188482  -0.00603483  0.00116708  0.24638  -0.265353  0.087444  
-0.000237837  -0.00586511  0.00100733  0.237345  -0.270796  0.0958289  
-0.000279393  -0.00597731  0.000720086  0.235733  -0.272054  0.0806159  
-0.000173273  -0.00577382  0.000513089  0.236365  -0.270506  0.0614993  
0.000216061  -0.00586908  0.000748303  0.249967  -0.27213  0.0704451  
2.83654e-05  -0.00590645  0.000806968  0.24835  -0.271428  0.0583236  
-0.000100321  -0.00576532  0.000776206  0.280107  -0.272146  0.0616972  
-5.40832e-05  -0.0059005  0.000639028  0.28582  -0.27006  0.0505792  
-2.56557e-05  -0.00602532  0.0008646  0.268477  -0.273755  0.0600336  
0.000120608  -0.00626882  0.000866909  0.267899  -0.270971  0.0548583  
9.06864e-05  -0.00637327  0.000927627  0.255371  -0.264765  0.0489468  
0.000201446  -0.00635236  0.000981226  0.261198  -0.267164  0.0584245  
0.000164737  -0.00636076  0.00108156  0.268198  -0.266468  0.0506384  
6.95074e-05  -0.00661909  0.0010794  0.274968  -0.27184  0.0678697  
7.20774e-05  -0.00648584  0.000949359  0.274312  -0.275213  0.0510654  
4.50937e-05  -0.00653331  0.000874437  0.263515  -0.267977  0.024613  
-0.000193105  -0.00622273  0.000767137  0.263827  -0.269821  0.0231004  
-0.000297213  -0.00614181  0.000636096  0.251241  -0.273071  0.0222283  
-0.00027743  -0.00642109  0.000724682  0.261973  -0.264476  0.0330029  
-0.000166504  -0.00671397  0.00108649  0.28175  -0.271067  0.0128716  
-0.000214957  -0.00722113  0.00127924  0.270616  -0.268109  0.00223136  
1.40979e-05  -0.00701216  0.00105295  0.24803  -0.261175  -0.00077861  
-0.000243626  -0.00712514  0.00098853  0.230455  -0.256287  -0.00275357  
-0.000421638  -0.00684802  0.000844022  0.238472  -0.250808  0.0112959  
0.000286323  -0.00677972  0.000844022  0.25429  -0.262318  0.00317376  
-0.000151893  -0.00698585  0.000792037  0.26644  -0.256534  0.00600785  
-0.000154237  -0.0068557  0.000844022  0.258994  -0.252628  -0.00366547  
-0.000132922  -0.00686116  0.000844022  0.257948  -0.264145  -0.00054538  
-5.29478e-05  -0.00727711  0.00096113  0.248976  -0.259055  0.0133962  
-0.000110835  -0.00710859  0.000844022  0.254722  -0.26918  0.0082481  
0.000201915  -0.00702301  0.000631089  0.231243  -0.273813  -0.0178204  
-7.22308e-05  -0.00711706  0.000726723  0.215735  -0.255906  -0.0120425  
-0.0002505  -0.00700136  0.000844022  0.209921  -0.250092  0.00122521  
7.18642e-05  -0.0073096  0.000743254  0.224604  -0.265817  -0.0135958  
0.000250109  -0.00751178  0.000932379  0.232433  -0.271194  0.00249502  
0.00022519  -0.00717286  0.000793602  0.266438  -0.265676  0.00231124  
0.000166599  -0.00703444  0.000844022  0.277041  -0.262456  -0.0261634  
0.000153878  -0.0071922  0.000693465  0.260894  -0.263888  -0.0262374  
0.000114656  -0.00717995  0.000950453  0.277284  -0.26515  -0.0166179  
8.5155e-05  -0.00750899  0.0010256  0.285415  -0.268474  -0.0206303  
0.000147435  -0.00754587  0.000982658  0.268162  -0.265941  -0.0143315  
0.000553737  -0.00729485  0.000844022  0.273598  -0.267809  -0.0285534  
-0.000311277  -0.00734473  0.000643928  0.253265  -0.257197  -0.0370926  
-0.000411202  -0.00746944  0.000844022  0.234391  -0.258696  -0.0160444  
1.04273e-05  -0.00758101  0.000844022  0.222292  -0.269721  -0.0134898  
0.000202005  -0.00774383  0.000844022  0.228883  -0.274061  -0.0147009  
9.66672e-05  -0.00773261  0.000753572  0.226158  -0.276765  -0.0294991  
-0.000358226  -0.00774988  0.00104302  0.22103  -0.26838  -0.031158  
-0.000164926  -0.0076667  0.00102222  0.227348  -0.272269  -0.0329543  
-0.000125986  -0.00781083  0.00094667  0.219775  -0.27917  -0.0438009  
8.41988e-05  -0.00791008  0.000919237  0.212567  -0.282179  -0.0419393  
0.000151126  -0.00782148  0.000970991  0.218694  -0.275206  -0.0512274  
-3.47028e-06  -0.00789281  0.000973879  0.230452  -0.278921  -0.0481481  
0.000119008  -0.00782945  0.00104728  0.232996  -0.274665  -0.0704413  
-0.000187467  -0.00777817  0.000919284  0.249231  -0.278127  -0.0701672  
-4.5463e-05  -0.00778776  0.00134825  0.246976  -0.284062  -0.068776  
-0.00035352  -0.00777571  0.00112116  0.252089  -0.276434  -0.0455904  
-0.000219043  -0.00760396  0.00134825  0.275225  -0.290284  -0.0494752  
6.19644e-05  -0.00767886  0.00170017  0.259053  -0.289052  -0.0547664  
-0.000113316  -0.0078714  0.00134825  0.237713  -0.26804  -0.0366866  
-1.8852e-05  -0.00800137  0.00134825  0.234714  -0.278924  -0.0243904  
0.000436314  -0.00798224  0.00154471  0.247047  -0.273776  -0.0423789  
0.000632338  -0.00783318  0.00134825  0.240799  -0.265307  -0.0665362  
0.000434996  -0.00775095  0.00134825  0.240774  -0.258744  -0.0672621  
0.000401778  -0.00806578  0.00158144  0.248645  -0.268441  -0.0670209  
0.000733423  -0.00817895  0.00150433  0.240635  -0.274247  -0.0721932  
0.001052  -0.00817912  0.00150783  0.258427  -0.275245  -0.0673923  
0.00107156  -0.0081119  0.00162865  0.2713  -0.275225  -0.0752015  
0.000423659  -0.00793694  0.0017317  0.273328  -0.265939  -0.0778647  
0.00106877  -0.00802589  0.00212062  0.280171  -0.281669  -0.053945  
0.00173765  -0.00768066  0.00225226  0.290688  -0.298865  -0.0411458  
0.00199922  -0.00790869  0.00243688  0.306921  -0.29184  -0.0439719  
0.00262149  -0.00781574  0.00287228  0.318712  -0.304347  -0.0440055  
0.00392211  -0.00784483  0.00285998  0.32847  -0.308822  -0.0386918  
0.00400686  -0.00780364  0.00281343  0.317427  -0.297395  -0.0470258  
0.00371211  -0.00794699  0.00277937  0.286126  -0.279723  -0.0559275  
0.00317457  -0.00780943  0.00265052  0.267908  -0.27494  -0.0692299  
0.00272062  -0.00791402  0.00284842  0.267961  -0.265449  -0.0549716  
0.00320295  -0.0078903  0.00279697  0.275966  -0.285693  -0.0357851  
0.00316953  -0.00802734  0.00287903  0.289841  -0.290386  -0.0207043  
0.00319946  -0.00831074  0.00278098  0.30547  -0.304261  -0.0307895  
0.00237261  -0.00812139  0.00267926  0.272374  -0.280853  -0.037179  
0.000500629  -0.0068377  0.00204674  0.227565  -0.318797  -0.146312  
0.000728135  -0.00666623  0.00214463  0.225384  -0.271001  -0.123444  
0.0017909  -0.00729115  0.00216627  0.231135  -0.284328  -0.0829791  
0.00234134  -0.00756354  0.00204674  0.253278  -0.288313  -0.0650643  
0.00340603  -0.00756621  0.00220129  0.283403  -0.288991  -0.0757639  
0.00355479  -0.0077097  0.00199647  0.286419  -0.295683  -0.0753272  
0.00332163  -0.00766538  0.00203713  0.292822  -0.293528  -0.0682431  
0.00273953  -0.00761868  0.00169099  0.241397  -0.247795  -0.0556211  
0.00318544  -0.00733211  0.00121874  0.238514  -0.268609  -0.0823983  
0.00322737  -0.00726414  0.0010523  0.248575  -0.242744  -0.107082  
0.00322804  -0.00737651  0.00128046  0.248537  -0.249612  -0.0798783  
0.00409816  -0.00762876  0.00144099  0.255039  -0.275216  -0.0701983  
0.00453209  -0.00731596  0.00134586  0.270062  -0.276273  -0.0797136  
0.00374366  -0.00707015  0.00118165  0.264217  -0.262083  -0.0951844  
0.0038819  -0.00717577  0.00115108  0.26908  -0.250905  -0.0714128  
0.00423391  -0.00754376  0.00120168  0.326489  -0.28381  -0.0670638  
0.00393685  -0.00735272  0.00133318  0.3108  -0.288872  -0.0594066  
0.0038727  -0.00749487  0.00144129  0.326229  -0.289295  -0.0792943  
0.00378774  -0.00765047  0.00169483  0.339313  -0.291858  -0.098094  
0.00369887  -0.00781704  0.00169483  0.356273  -0.273823  -0.0908056  
0.00358162  -0.00799248  0.00169483  0.375657  -0.279793  -0.0943309  
0.00406912  -0.00769834  0.00169483  0.36513  -0.283151  -0.0908559  
0.00424368  -0.0071555  0.00149768  0.361517  -0.252922  -0.108084  
0.00395319  -0.00780327  0.0019231  0.354123  -0.275451  -0.0840284  
0.00407234  -0.00779768  0.00160033  0.36532  -0.291048  -0.083638  
0.00337766  -0.00746616  0.00169483  0.32694  -0.290688  -0.108044  
0.00323787  -0.00719067  0.00188274  0.330748  -0.254663  -0.0674487  
0.00392732  -0.00750828  0.00180787  0.363351  -0.281869  -0.0706528  
0.00439124  -0.00741091  0.00201247  0.377077  -0.292702  -0.07672  
0.00433266  -0.007376  0.00183263  0.402326  -0.301221  -0.0806601  
0.00407182  -0.00729645  0.00180383  0.392819  -0.285933  -0.0740703  
0.00415673  -0.00697054  0.00210322  0.368911  -0.281114  -0.0637597  
0.00397241  -0.00701761  0.00210902  0.348914  -0.291498  -0.0598673  
0.0045215  -0.00669578  0.00169483  0.357038  -0.289315  -0.0797109  
0.00423793  -0.00690826  0.00181761  0.377785  -0.283776  -0.0855308  
0.00405204  -0.00697123  0.0018019  0.398367  -0.282097  -0.089418  
0.00420028  -0.0068586  0.00181466  0.407051  -0.277744  -0.0869592  
0.0042778  -0.00737786  0.00198068  0.412201  -0.270406  -0.0808713  
0.00400311  -0.0071607  0.00183164  0.40499  -0.272093  -0.0725862  
0.00497161  -0.00702851  0.00169483  0.437809  -0.2588  -0.0784604  
0.00436229  -0.0079552  0.00300828  0.470821  -0.25648  -0.0963582  
0.00449368  -0.00755925  0.00306419  0.47831  -0.254719  -0.103938  
0.00473774  -0.00803906  0.00322888  0.537498  -0.25817  -0.0786628  
0.00512179  -0.00755925  0.00290738  0.481323  -0.255251  -0.0622741  
0.00554008  -0.00769382  0.00342123  0.481086  -0.267045  -0.0621672  
0.00555314  -0.00801471  0.0036051  0.474544  -0.258162  -0.0268478  
0.00593622  -0.0074901  0.00432457  0.480416  -0.267669  0.00356873  
0.00599089  -0.00737866  0.00407104  0.467023  -0.270147  -0.00651737  
0.00576102  -0.00730539  0.00349023  0.429537  -0.264485  -0.0466614  
0.00574641  -0.00756126  0.00389105  0.463933  -0.261434  -0.073734  
0.00547562  -0.00780261  0.00410822  0.503425  -0.275987  -0.0287817  
0.00582111  -0.00795622  0.00456636  0.518751  -0.276675  -0.0372258  
0.00577797  -0.00839882  0.00477416  0.537621  -0.275764  -0.0445685  
0.00618169  -0.00876236  0.00490214  0.593112  -0.281951  -0.041187  
0.00584871  -0.00929265  0.00511964  0.640701  -0.269847  -0.0345085  
0.00615379  -0.00862138  0.00453128  0.592318  -0.249998  -0.0309283  
0.00635517  -0.00914061  0.00485955  0.581182  -0.260478  -0.0339089  
0.00605608  -0.00797892  0.00422741  0.514206  -0.241731  -0.0353735  
0.00631461  -0.00820247  0.0044251  0.511197  -0.24281  -0.0461815  
0.0062346  -0.0089648  0.00468109  0.550042  -0.258121  -0.0352271  
0.00653627  -0.00902173  0.00463431  0.562515  -0.237733  -0.0470037  
0.00624683  -0.00868445  0.00442349  0.545944  -0.24573  -0.0314845  
0.0059698  -0.00875384  0.00436323  0.525894  -0.253191  -0.0271422  
0.00612613  -0.00961388  0.00467987  0.572027  -0.258538  -0.0299578  
0.00606083  -0.00973846  0.0048098  0.600639  -0.245168  -0.0377347  
0.00657947  -0.00932808  0.00520802  0.591573  -0.234479  -0.0260727  
0.0066399  -0.00860605  0.005812  0.58659  -0.237006  -0.0473309  
0.00674827  -0.00889243  0.00597983  0.610629  -0.255425  -0.0356526  
0.00641321  -0.00853728  0.00552171  0.571291  -0.258789  -0.0388451  
0.00521834  -0.00822576  0.00486341  0.532595  -0.25318  -0.0247983  
0.00558677  -0.00784926  0.00438132  0.499477  -0.247465  -0.0471519  
0.00592998  -0.00857339  0.0050712  0.53307  -0.263093  -0.0492411  
0.0063739  -0.00856013  0.00550811  0.560642  -0.245436  -0.0504882  
0.00614691  -0.00838762  0.00525656  0.560483  -0.251448  -0.0483712  
0.00618794  -0.00850128  0.00521311  0.559945  -0.248098  -0.0524005  
0.00657545  -0.0091237  0.00558594  0.58808  -0.257853  -0.0490743  
0.00729535  -0.00892614  0.00580346  0.621403  -0.255501  -0.0766009  
0.00676542  -0.00827743  0.00531924  0.580947  -0.227994  -0.0750598  
0.00652344  -0.00852492  0.00592125  0.58629  -0.245104  -0.0519824  
0.00708255  -0.0091751  0.00624212  0.629587  -0.255833  -0.0721709  
0.00708255  -0.00902921  0.0062803  0.633123  -0.249988  -0.0809069  
0.00702193  -0.00881064  0.0056227  0.571804  -0.224618  -0.0885577  
0.00677548  -0.00866501  0.00552798  0.564858  -0.208881  -0.0756468  
0.00746042  -0.00906453  0.00571404  0.6111  -0.251272  -0.0744016  
0.00698494  -0.00881055  0.00557128  0.619452  -0.253329  -0.0943779  
0.00762125  -0.0079765  0.00430079  0.572826  -0.210312  -0.0873639  
0.00797837  -0.00599409  0.00293016  0.450272  -0.164204  -0.0796065  
0.0076948  -0.00587474  0.0027958  0.463339  -0.184157  -0.117889  
0.00650313  -0.00556845  0.00286067  0.436429  -0.186012  -0.117087  
0.00647862  -0.00503485  0.0027348  0.449366  -0.174765  -0.146845  
0.00632402  -0.00531114  0.00279516  0.466902  -0.155712  -0.164765  
0.00681856  -0.00541482  0.00310904  0.482756  -0.166298  -0.113128  
0.00752406  -0.00546496  0.00323186  0.483722  -0.175157  -0.100984  
0.0073245  -0.00566899  0.00320785  0.488731  -0.169121  -0.10156  
0.00730242  -0.00590522  0.00314704  0.500504  -0.182039  -0.10219  
0.00747369  -0.00725528  0.00387928  0.589968  -0.190481  -0.083453  
0.00812734  -0.00718922  0.00352281  0.589676  -0.196274  -0.0807046  
0.00785771  -0.00672765  0.00344727  0.562102  -0.202585  -0.0755433  
0.00749401  -0.00696844  0.00390136  0.566569  -0.190789  -0.0866072  
0.0071459  -0.00725595  0.004478  0.591005  -0.200833  -0.0746272  
0.00722789  -0.0072567  0.00484389  0.595013  -0.195857  -0.0774544  
0.00732089  -0.00715847  0.00429864  0.572123  -0.192311  -0.0799534  
0.00713601  -0.00704473  0.00395983  0.542682  -0.193183  -0.0922626  
0.00700433  -0.00771436  0.00461577  0.573516  -0.198093  -0.0682378  
0.00725272  -0.0071564  0.00412272  0.564715  -0.197168  -0.0670724  
0.00733607  -0.00700169  0.00375043  0.562816  -0.20278  -0.0690015  
0.0075067  -0.00736562  0.00395878  0.580727  -0.21143  -0.081537  
0.00721257  -0.00774861  0.00391311  0.603294  -0.21545  -0.135566  
0.00702733  -0.00758003  0.00371352  0.564963  -0.203313  -0.131873  
0.00641281  -0.00661026  0.00268092  0.4957  -0.179293  -0.0676531  
0.00421069  -0.00655771  0.00228381  0.442371  -0.182106  0.0198804  
0.00502902  -0.0056302  0.00233283  0.464938  -0.233404  -0.0944689  
0.00517621  -0.00598138  0.00218068  0.493746  -0.177003  -0.155202  
0.00548619  -0.006152  0.00203471  0.505658  -0.165426  -0.167527  
0.00770224  -0.0055158  0.00225923  0.472536  -0.108014  -0.147473  
0.00601916  -0.00634822  0.00207198  0.468621  -0.137107  -0.150923  
0.00610212  -0.00646254  0.00227781  0.48957  -0.14427  -0.138146  
0.00596961  -0.00595036  0.00258412  0.456198  -0.141946  -0.128943  
0.00616316  -0.00617171  0.00253576  0.44369  -0.144156  -0.121513  
0.00643597  -0.0060193  0.00212639  0.452753  -0.147526  -0.14776  
0.00596324  -0.00611018  0.00212156  0.461227  -0.130823  -0.14795  
0.00587549  -0.00608089  0.00237953  0.460051  -0.13739  -0.150723  
0.00567969  -0.0061735  0.00241185  0.458134  -0.140571  -0.156242  
0.00580801  -0.00618294  0.00235574  0.458151  -0.154691  -0.179604  
0.00555341  -0.00625136  0.00221369  0.470136  -0.140409  -0.196705  
0.00504587  -0.00592724  0.00235907  0.458175  -0.142702  -0.219047  
0.00517221  -0.0059731  0.00236144  0.448839  -0.125778  -0.190155  
0.00482522  -0.00608359  0.0019476  0.444556  -0.135286  -0.216992  
0.00475891  -0.00593123  0.00205677  0.449371  -0.15012  -0.244861  
0.0045952  -0.00585658  0.0020493  0.462472  -0.126679  -0.248478  
0.00453569  -0.00599535  0.00185171  0.450552  -0.136575  -0.218244  
0.0044026  -0.0061043  0.00184224  0.465125  -0.134212  -0.230959  
0.00401033  -0.00626684  0.00192616  0.459035  -0.150148  -0.257326  
0.00440413  -0.00641563  0.00199541  0.453416  -0.137764  -0.258306  
0.00389049  -0.00656987  0.00191108  0.481831  -0.132801  -0.251286  
0.00445421  -0.00662237  0.00190452  0.527037  -0.122926  -0.248671  
0.00455571  -0.0066263  0.00177713  0.528583  -0.118629  -0.258694  
0.00471185  -0.00645121  0.00171198  0.517361  -0.127559  -0.262745  
0.00464855  -0.00651711  0.0019694  0.522498  -0.109461  -0.251182  
0.00465625  -0.00633565  0.00189851  0.519703  -0.115663  -0.253802  
0.00439902  -0.00676073  0.0020377  0.519427  -0.108746  -0.265852  
0.00479092  -0.00698148  0.00203089  0.528987  -0.121693  -0.258076  
0.00470305  -0.00686461  0.00190984  0.521646  -0.111358  -0.265588  
0.00442774  -0.00669597  0.00190699  0.519408  -0.115337  -0.262307  
0.00447638  -0.00674038  0.00187981  0.516426  -0.117048  -0.257901  
0.00468868  -0.00700434  0.00200015  0.52671  -0.115985  -0.261885  
0.00476079  -0.00690346  0.00169448  0.527826  -0.126714  -0.275471  
0.00438764  -0.00626981  0.00163057  0.508828  -0.111982  -0.274157  
0.00426131  -0.00644217  0.00170444  0.522229  -0.114898  -0.281674  
0.0045873  -0.00657913  0.0016681  0.508752  -0.114371  -0.277204  
0.00474789  -0.00643329  0.00146384  0.505665  -0.113102  -0.288981  
0.00482446  -0.00632342  0.00147828  0.508857  -0.10153  -0.284447  
0.0046195  -0.00633872  0.0017198  0.508823  -0.10386  -0.270062  
0.00487384  -0.0060897  0.00163549  0.492099  -0.115498  -0.273068  
0.00462877  -0.00605807  0.00166335  0.487987  -0.118108  -0.278005  
0.00426489  -0.00604539  0.00167834  0.49435  -0.127397  -0.286055  
0.00403264  -0.00606764  0.00162178  0.493763  -0.125815  -0.286977  
0.00425034  -0.0064135  0.00173694  0.49974  -0.127824  -0.278472  
0.00424525  -0.00653707  0.00182889  0.507  -0.120293  -0.270268  
0.00420228  -0.00673177  0.00198382  0.511034  -0.119882  -0.278464  
0.0044546  -0.00710168  0.00186111  0.517596  -0.116369  -0.276191  
0.00467193  -0.00705865  0.00204061  0.519745  -0.119044  -0.276057  
0.00454952  -0.00702048  0.00212962  0.525612  -0.119512  -0.270558  
0.0044205  -0.00716812  0.00228186  0.526589  -0.129208  -0.270655  
0.0042762  -0.00701325  0.00241395  0.523517  -0.129114  -0.275863  
0.00478688  -0.00668162  0.00209148  0.51246  -0.122829  -0.269967  
0.00447486  -0.00628257  0.00213966  0.518873  -0.108788  -0.260143  
0.00470627  -0.00682324  0.00232108  0.536303  -0.113781  -0.257064  
0.00485879  -0.00691545  0.00207466  0.534315  -0.127709  -0.288857  
0.00520306  -0.00654449  0.00193035  0.538772  -0.111596  -0.304992  
0.00463578  -0.00624007  0.00190709  0.530287  -0.107766  -0.301013  
0.00472862  -0.00658007  0.00202284  0.52275  -0.118712  -0.293993  
0.00464267  -0.00626786  0.00177277  0.508543  -0.120809  -0.298386  
0.00448991  -0.00570647  0.00180284  0.49155  -0.120903  -0.327702  
0.00380182  -0.00548105  0.00187338  0.483015  -0.109763  -0.33318  
0.00424178  -0.00593599  0.00209579  0.502149  -0.111014  -0.32262  
0.00406639  -0.00570855  0.00190847  0.504901  -0.113085  -0.338135  
0.00429764  -0.00570328  0.00200343  0.499595  -0.110825  -0.346232  
0.00430585  -0.00578671  0.00208784  0.500707  -0.122998  -0.347993  
0.00413673  -0.00600533  0.0020399  0.490637  -0.119487  -0.332872  
0.00391682  -0.00559479  0.00204807  0.490747  -0.114225  -0.331125  
0.0041985  -0.00583558  0.00200624  0.474638  -0.128925  -0.330728  
0.00427352  -0.00569767  0.00147339  0.439928  -0.119475  -0.345962  
0.00403406  -0.0056018  0.00161688  0.459923  -0.130679  -0.362804  
0.00422501  -0.0052862  0.00140362  0.457112  -0.121417  -0.353074  
0.00375767  -0.0052309  0.00131505  0.453369  -0.137088  -0.368047  
0.0038664  -0.00573811  0.00163679  0.460182  -0.11875  -0.348867  
0.00410673  -0.00609317  0.00172265  0.473075  -0.129844  -0.359798  
0.00421235  -0.00616398  0.00173446  0.473326  -0.150621  -0.35739  
0.00445013  -0.00594476  0.00163879  0.483921  -0.151171  -0.359195  
0.00431966  -0.00567796  0.00161646  0.466813  -0.124177  -0.352021  
0.00368074  -0.00582137  0.00181971  0.468532  -0.144517  -0.360445  
0.00377359  -0.00620538  0.00186558  0.491071  -0.146162  -0.365712  
0.00260156  -0.00552072  0.00152534  0.488664  -0.190164  -0.37969  
0.00182397  -0.00480828  0.00169085  0.458064  -0.202615  -0.43926  
0.00199191  -0.00524478  0.00189414  0.46124  -0.17697  -0.438048  
0.00303113  -0.00553588  0.00198015  0.496665  -0.174387  -0.439395  
0.00313194  -0.00576297  0.00209407  0.514109  -0.137504  -0.404696  
0.00387051  -0.00571804  0.00180991  0.497537  -0.129639  -0.401528  
0.00397721  -0.00574872  0.00172137  0.522375  -0.145412  -0.401637  
0.00329001  -0.00559669  0.0017878  0.538576  -0.148338  -0.427451  
0.00274014  -0.00543917  0.00176657  0.515969  -0.129078  -0.424863  
0.00384423  -0.00504459  0.0017358  0.493454  -0.130748  -0.505209  
0.00227817  -0.00399128  0.00197925  0.366647  -0.21057  -0.442337  
0.000494187  -0.00499495  0.0017954  0.372697  -0.168515  -0.523108  
0.00120034  -0.00531936  0.00165699  0.430173  -0.133523  -0.428755  
0.002796  -0.00588366  0.00168393  0.469443  -0.145939  -0.416189  
0.00219783  -0.00585552  0.00170489  0.473721  -0.137003  -0.386347  
0.00196086  -0.0053935  0.00115451  0.480957  -0.161936  -0.457295  
0.00223175  -0.00488056  0.00112122  0.463799  -0.130926  -0.391866  
0.00284172  -0.00514844  0.00096161  0.468522  -0.151743  -0.423501  
0.00200401  -0.00511114  0.00103388  0.47138  -0.138952  -0.410048  
0.00224879  -0.00531798  0.00118861  0.476593  -0.152999  -0.437435  
0.00200092  -0.00473666  0.00113466  0.466083  -0.131768  -0.42786  
0.00169298  -0.00488922  0.00101953  0.46985  -0.134588  -0.408105  
0.00159969  -0.00475447  0.00131902  0.47976  -0.146473  -0.433452  
0.000320372  -0.00449081  0.00105659  0.453493  -0.123558  -0.408389  
0.0014554  -0.00416019  0.00114259  0.441646  -0.139123  -0.372717  
0.00108492  -0.00469489  0.000806658  0.484703  -0.146577  -0.418828  
0.00190467  -0.0048851  0.00109602  0.501557  -0.149979  -0.424169  
0.00123471  -0.0048001  0.000967761  0.485175  -0.149565  -0.4131  
0.00119827  -0.00475482  0.00106964  0.491697  -0.147397  -0.424489  
0.00141055  -0.00462009  0.0010226  0.495468  -0.144999  -0.440037  
0.00100848  -0.00474428  0.000956761  0.487616  -0.139883  -0.436686  
0.00077985  -0.00471934  0.00103408  0.478928  -0.128244  -0.426707  
0.00179417  -0.00440619  0.000850101  0.472619  -0.143155  -0.422802  
0.00143845  -0.00433826  0.000777548  0.466558  -0.127485  -0.40776  
0.00193772  -0.00437131  0.000916427  0.463662  -0.138923  -0.422717  
0.00182345  -0.00427436  0.000862345  0.457508  -0.128787  -0.432113  
0.00150517  -0.00445739  0.000703228  0.452949  -0.133275  -0.439584  
0.00181689  -0.0037457  0.00023387  0.449514  -0.13963  -0.436684  
0.00131384  -0.00398313  0.00048387  0.44744  -0.12576  -0.410607  
0.00183257  -0.0039707  0.00023387  0.444917  -0.133969  -0.420093  
0.00198169  -0.0037457  0.00023387  0.436351  -0.132502  -0.416338  
0.00139383  -0.0037457  0.00023387  0.43502  -0.130243  -0.418997  
0.00150783  -0.00372084  0.000142703  0.443795  -0.12846  -0.440888  
0.00204599  -0.00361636  6.64378e-05  0.435101  -0.127892  -0.444307  
0.00172553  -0.00363944  0.000154357  0.431257  -0.113706  -0.43416  
0.00170556  -0.0037103  0.000194952  0.436813  -0.114122  -0.445369  
0.00122995  -0.00376936  0.000126887  0.438487  -0.118881  -0.456568  
0.00115356  -0.00342701  -0.00013861  0.413391  -0.115468  -0.481974  
0.00177867  -0.00310515  -0.000917791  0.404736  -0.112333  -0.476528  
0.00175425  -0.0032869  -0.000653779  0.407698  -0.113756  -0.475331  
0.00218275  -0.00341292  -1.7856e-05  0.392101  -0.102999  -0.462803  
0.00144673  -0.00346357  -0.000104476  0.395619  -0.107052  -0.481661  
0.00126425  -0.00340058  -0.000111063  0.422698  -0.114195  -0.501897  
0.00167287  -0.00329561  -0.000158928  0.43245  -0.124927  -0.47111  
0.000993024  -0.00327657  -9.14701e-05  0.434157  -0.112486  -0.470207  
0.0011955  -0.00329924  -7.00481e-05  0.440872  -0.11638  -0.479869  
0.000953232  -0.00336405  -1.7856e-05  0.439996  -0.119752  -0.494981  
0.00102501  -0.00345377  -1.7856e-05  0.460456  -0.11408  -0.519097  
0.000906058  -0.00346159  -1.7856e-05  0.45001  -0.118396  -0.519891  
0.000411869  -0.00357825  0.000163717  0.424476  -0.10973  -0.516642  
0.000570994  -0.00364997  0.000155079  0.439694  -0.114291  -0.507213  
0.000750133  -0.00377829  0.000200699  0.438487  -0.119889  -0.506952  
0.000829388  -0.00359318  0.000258427  0.431713  -0.131358  -0.526123  
0.000294063  -0.0037916  0.000329262  0.432309  -0.118669  -0.515754  
0.000152811  -0.00378861  0.000223347  0.430574  -0.117983  -0.504668  
0.000429177  -0.0036834  6.47813e-05  0.426932  -0.118305  -0.521902  
0.000712638  -0.00380327  0.000118055  0.440741  -0.126519  -0.517284  
0.000243342  -0.00382092  0.000126317  0.46052  -0.115652  -0.534899  
0.00013891  -0.00362676  6.47812e-05  0.469278  -0.112709  -0.526665  
0.000375917  -0.00354568  1.12533e-05  0.475525  -0.112918  -0.512717  
7.34078e-05  -0.00352764  -9.89882e-06  0.458746  -0.135515  -0.522893  
0.000120858  -0.0036031  1.25831e-05  0.468664  -0.125384  -0.544084  
7.14621e-05  -0.00386389  0.000247635  0.479223  -0.116741  -0.511437  
0.000511392  -0.00363707  0.000152459  0.48771  -0.128854  -0.520145  
0.000891207  -0.00347667  -4.95471e-05  0.49235  -0.126276  -0.531969  
0.00031243  -0.00323604  6.47813e-05  0.460837  -0.117676  -0.509844  
0.000500898  -0.00354791  6.47813e-05  0.479888  -0.130493  -0.51255  
0.000629681  -0.00355906  -4.81557e-05  0.485275  -0.129854  -0.533917  
0.000366381  -0.00355906  5.98264e-06  0.464197  -0.122126  -0.535439  
5.36763e-05  -0.00338449  0.000147974  0.440805  -0.111737  -0.513718  
0.000554662  -0.00355906  -6.7633e-05  0.443904  -0.12201  -0.512299  
0.000642115  -0.00364686  6.47813e-05  0.450437  -0.128021  -0.505952  
0.000411081  -0.00338927  0.000241973  0.460262  -0.12485  -0.506922  
0.0003141  -0.00334182  -1.16133e-05  0.460449  -0.127506  -0.507238  
0.000506097  -0.00275013  -1.16133e-05  0.429824  -0.151671  -0.521701  
-0.000261865  -0.00292387  -7.46806e-05  0.322479  -0.154246  -0.561844  
0.000844016  -0.00208483  -0.000379399  0.347158  -0.136039  -0.475924  
0.00025525  -0.0021275  -0.000321095  0.351648  -0.13015  -0.484577  
0.000202791  -0.00232193  -0.000310279  0.368439  -0.146866  -0.520951  
0.000224247  -0.00233104  -0.000187955  0.367273  -0.126056  -0.470143  
-2.46617e-05  -0.00217804  -0.000347075  0.387189  -0.139317  -0.522355  
0.000399297  -0.00205227  -0.000296671  0.370284  -0.134214  -0.516222  
-0.000165659  -0.00253301  -0.00024532  0.374762  -0.125805  -0.501289  
0.000552103  -0.00220907  -0.000379209  0.378627  -0.130882  -0.505551  
-9.72979e-05  -0.00228841  -0.000301838  0.37372  -0.11871  -0.503345  
0.000210529  -0.00247185  -0.000295502  0.369605  -0.130654  -0.507415  
0.000315891  -0.00247409  -0.00024532  0.382729  -0.129654  -0.507553  
1.65217e-05  -0.00242962  -0.000142221  0.363076  -0.122948  -0.491717  
-6.09687e-05  -0.00240826  -0.00024532  0.35568  -0.127665  -0.488973  
-7.1206e-05  -0.00234545  -0.000414764  0.34634  -0.133571  -0.519495  
0.000175233  -0.00218052  -0.00059399  0.335521  -0.13908  -0.512996  
-0.000204028  -0.00245797  -0.000511219  0.336006  -0.132491  -0.503354  
-5.48314e-05  -0.00255729  -0.00024532  0.338946  -0.135862  -0.476763  
1.85696e-05  -0.00255729  -0.00031861  0.345065  -0.13726  -0.494029  
0.000348739  -0.00255729  -0.00048086  0.359974  -0.140878  -0.499387  
6.64179e-05  -0.00246909  -0.000299359  0.36346  -0.144342  -0.508678  
-9.67833e-05  -0.00255631  -0.00024532  0.367808  -0.140892  -0.497093  
8.72978e-05  -0.00216199  -0.000398948  0.353825  -0.131973  -0.493972  
0.000243782  -0.0020598  -0.000583264  0.347879  -0.138627  -0.50993  
0.000272871  -0.00223741  -0.000419311  0.343622  -0.122891  -0.499808  
0.000219469  -0.00217061  -0.000466921  0.34489  -0.131393  -0.482461  
0.000532526  -0.00224838  -0.000328081  0.341696  -0.14281  -0.485183  
0.00107343  -0.00189377  -0.000556465  0.341865  -0.155574  -0.473322  
-0.000125063  -0.000696428  0.000275362  0.26713  -0.0961472  0.119344  
0.00140228  -0.00141137  0.00114426  0.251159  -0.198207  0.434076  
0.00803878  -0.00567771  0.00242574  0.445079  -0.251412  0.209248  
0.0108518  -0.00766865  -0.00031169  0.281958  -0.100059  -0.625741  
0.00718323  -0.00636614  0.000232992  0.254282  -0.0962509  -0.416345  
0.00204946  -0.00371314  1.50822e-05  0.255014  -0.0749055  -0.382468  
0.00186282  -0.00366116  0.000428593  0.29054  -0.10567  -0.408896  
0.00239315  -0.00382739  0.000791339  0.266657  -0.0457489  -0.291924  
0.00244146  -0.00343956  0.00126887  0.243404  -0.00782981  -0.108439  
0.00475332  -0.00319801  0.00124103  0.214078  -0.0735669  -0.089797  
0.00469879  -0.00290099  0.000850742  0.222615  -0.0424493  -0.140422  
0.00308726  -0.00268179  0.000301764  0.203354  -0.0468564  -0.233734  
0.00193301  -0.00253532  0.00063405  0.168034  -0.070965  -0.259736  
0.00172592  -0.00192324  8.75419e-05  0.136744  -0.102981  -0.28933  
0.00125548  -0.00198129  -1.3941e-05  0.141288  -0.121752  -0.265176  
0.00231924  -0.00197721  -0.000272709  0.150456  -0.0766482  -0.220453  
0.00170851  -0.00168381  -0.000245915  0.155617  -0.104743  -0.233973  
0.00143548  -0.00171014  -0.000308363  0.142012  -0.119206  -0.257864  
0.00172095  -0.00140521  -0.000485266  0.158727  -0.0917965  -0.214065  
0.00229404  -0.00145847  -0.000283211  0.158977  -0.0790889  -0.215617  
0.00285468  -0.00155574  -0.000318192  0.173298  -0.0550699  -0.170142  
0.00326086  -0.00188902  -0.00058412  0.18538  -0.0252824  -0.15695  
0.00171664  -0.00127741  -0.000310634  0.183108  -0.0922145  -0.198919  
0.00227715  -0.00140521  -0.000280521  0.189355  -0.0573875  -0.224551  
0.00282112  -0.00114011  -4.3161e-05  0.211222  -0.0403672  -0.224013  
0.00283137  -0.000947975  0.000212651  0.226286  -0.0473978  -0.273697  
0.00267899  -0.000928568  0.000189687  0.220031  -0.0253583  -0.249047  
0.00445173  -0.00110687  0.000250449  0.22088  -0.0024854  -0.183516  
0.00445537  -0.00136818  0.000381383  0.232322  -0.0192754  -0.14914  
0.00498142  -0.00174168  0.000651373  0.239801  -0.03764  -0.125594  
0.00476469  -0.00166258  0.0006868  0.253517  -0.0549592  -0.127579  
0.00351169  -0.0022364  0.00109228  0.239016  -0.0706545  -0.130363  
0.00342473  -0.00209955  0.00129602  0.244279  -0.0747776  -0.0881966  
0.00335295  -0.00278033  0.00185241  0.27233  -0.0909808  -0.0658981  
0.00314938  -0.00331279  0.00215619  0.290049  -0.100359  -0.0875029  
0.00316553  -0.00328685  0.00219115  0.294094  -0.0997033  -0.144936  
0.00145148  -0.00267489  0.00228518  0.292721  -0.105844  -0.231402  
0.00257931  -0.00347067  0.00242143  0.291536  -0.0959804  -0.160088  
0.00268468  -0.00314448  0.00256707  0.271934  -0.101852  -0.13683  
0.00348495  -0.00284972  0.00264848  0.240091  -0.117599  -0.146131  
0.00368787  -0.00273602  0.00233444  0.236435  -0.0810625  -0.175316  
0.00415775  -0.0029469  0.00219703  0.229832  -0.096225  -0.144481  
0.00357735  -0.00320669  0.00261882  0.227518  -0.0935453  -0.157078  
0.00342921  -0.00284228  0.00245248  0.213247  -0.0834087  -0.144252  
0.00405465  -0.00289335  0.00259219  0.192505  -0.0956599  -0.1313  
0.00420277  -0.00301939  0.0023643  0.177662  -0.0833187  -0.145039  
0.00378384  -0.00306389  0.00282258  0.172509  -0.089592  -0.125996  
0.00368618  -0.00298128  0.00262737  0.166949  -0.108278  -0.132592  
0.00379205  -0.00294628  0.00247041  0.177253  -0.092564  -0.163393  
0.00392227  -0.00299533  0.00268172  0.177222  -0.103427  -0.123524  
0.00382939  -0.00301713  0.00262259  0.193082  -0.114286  -0.123461  
0.00363989  -0.00286888  0.00272219  0.18812  -0.110137  -0.113917  
0.00360535  -0.00297351  0.00266888  0.168996  -0.11598  -0.13938  
0.00395332  -0.00305835  0.00230926  0.169858  -0.0988041  -0.106624  
0.00431376  -0.00220921  0.00185927  0.195599  -0.0780167  -0.0242973  
0.00234765  -0.000954083  0.00141079  0.215166  -0.046777  0.505747  
0.000708159  -0.00226463  0.00428064  0.283267  -0.149832  0.477996  
-0.000883618  -0.00502308  0.005658  0.418923  0.254694  0.602325  
0.0180122  -0.0110525  0.00935588  0.543667  0.468016  -0.484803  
0.0224605  -0.00939119  0.00982523  0.569664  0.406183  -0.685228  
0.0149463  -0.0049103  0.00581396  0.394336  0.344666  -0.12351  
0.0104418  -0.00448572  0.00522253  0.402917  0.283693  -0.0624283  
0.0116827  -0.00488875  0.00573244  0.443545  0.310393  -0.0293392  
0.0140913  -0.003186  0.00474033  0.340584  0.341521  0.187251  
0.0118881  -0.00308898  0.00494928  0.317653  0.244714  0.0843205  
0.0119217  -0.00338321  0.00575659  0.29974  0.233777  0.0493001  
0.0116097  -0.00357543  0.00617916  0.296508  0.22527  0.0509286  
0.00987314  -0.00382282  0.00545456  0.317714  0.240848  0.0302099  
0.00944038  -0.00400457  0.00534271  0.332954  0.217585  -0.0464916  
0.00856048  -0.00370294  0.00454505  0.335038  0.217202  -0.161921  
0.00829459  -0.00304444  0.00456816  0.307549  0.234659  -0.171561  
0.00815531  -0.00316702  0.00459672  0.288069  0.231413  -0.127917  
0.00797919  -0.00334058  0.00250545  0.230476  0.220658  0.291807  
0.00635786  -0.00229277  0.0017046  0.30317  0.210005  0.0233504  
0.00677842  -0.0019413  0.0017046  0.276063  0.208412  0.107686  
0.00674459  -0.00093635  0.00116391  0.274037  0.205441  0.122771  
0.0068237  -0.00115743  0.00164206  0.300304  0.184119  0.0912116  
0.00619492  -0.00165096  0.00213674  0.324246  0.200465  0.0296257  
0.00600846  -0.00169738  0.00248266  0.278271  0.186011  0.0671551  
0.0049591  -0.00273959  0.00285841  0.232434  0.183689  0.0511811  
0.00523661  -0.0025875  0.00272312  0.237001  0.178796  0.0561316  
0.00489577  -0.00273836  0.00258783  0.220689  0.185708  0.0717117  
0.00435526  -0.0026929  0.00256738  0.209917  0.185684  0.0461712  
0.00377429  -0.00235549  0.00204605  0.237214  0.193215  -0.00435731  
0.00433576  -0.00193031  0.00204605  0.233766  0.180802  0.0571484  
0.00322402  -0.00172019  0.00175453  0.224631  0.197028  0.0822473  
0.000840347  -0.000985986  0.0014248  0.211904  0.168555  0.119903  
0.00175763  -0.00266122  0.00221256  0.195088  0.11532  -0.0420289  
0.00151877  -0.00292556  0.00177816  0.202888  0.172118  0.00319748  
0.00226794  -0.00207398  0.00162479  0.225578  0.170197  -0.00936453  
0.00204316  -0.00249665  0.00226896  0.19287  0.160321  0.0190244  
0.00232829  -0.00241127  0.00197708  0.183599  0.155654  -0.0144307  
0.00154862  -0.00280499  0.00221086  0.156208  0.142696  -0.0148169  
0.000661911  -0.00302225  0.00187479  0.117347  0.142747  0.0236108  
3.02063e-06  -0.00296257  0.00200247  0.116514  0.142707  0.0226913  
-0.000975516  -0.00311519  0.0019582  0.136191  0.137575  -0.0283685  
0.000138279  -0.000801992  0.00130908  0.165613  0.142781  0.117879  
-0.0014398  -0.00241382  0.00171933  0.132045  0.137556  -0.0191794  
-0.000880787  -0.00273568  0.00155469  0.105222  0.133356  -0.0316298  
-0.000953932  -0.00316309  0.00162479  0.0940516  0.135592  -0.047277  
0.000161768  -0.00376375  0.00162479  0.0883516  0.149348  -0.0272042  
7.69856e-05  -0.00082872  0.00060762  0.144798  0.141531  0.206838  
-6.8443e-05  0.000177143  0.00042522  0.189435  0.136802  0.134694  
1.92826e-05  0.000179925  0.000842886  0.200025  0.150927  0.0908404  
0.00177974  0.00024026  0.00107756  0.232739  0.149015  -0.00591352  
-0.000355684  -4.43799e-05  0.00116133  0.242703  0.148535  0.0698218  
2.73684e-06  -0.000107294  0.00120272  0.25074  0.153052  0.088802  
-7.08764e-05  -0.000288909  0.00122791  0.254266  0.154096  0.0898596  
-2.43523e-06  -0.000308696  0.00123905  0.266639  0.153104  0.0947656  
2.99091e-05  -0.000308696  0.00116685  0.257176  0.149228  0.0845032  
0.000400052  -0.0007114  0.00129458  0.24591  0.14508  -0.106584  
0.00137102  -0.00155101  0.00141955  0.243909  0.139301  -0.0370425  
0.000936032  -0.00144485  0.00129458  0.231272  0.143829  -0.100437  
0.000245127  -0.000796523  0.00117397  0.226796  0.140943  -0.108876  
0.000675175  -0.00182911  0.00128456  0.243546  0.136267  -0.0882979  
9.25172e-05  -0.00108499  0.00140445  0.23978  0.137126  -0.135996  
0.000609232  -0.000938774  0.000974612  0.239869  0.144433  -0.154331  
9.25172e-05  -0.00101581  0.0011748  0.237852  0.135681  -0.153907  
9.25172e-05  -0.00138464  0.0012744  0.255138  0.13553  -0.148261  
0.000521874  -0.00118331  0.00128819  0.271853  0.131938  -0.136232  
0.000757893  -0.000975192  0.00124896  0.283509  0.121845  -0.133139  
0.000948128  -0.000988749  0.00122874  0.2926  0.121162  -0.139406  
0.00123171  -0.00101306  0.00145227  0.291741  0.113839  -0.18603  
0.00208602  -0.000897609  0.00172007  0.2827  9.7045e-07  -0.544073  
0.00230076  -0.000812817  0.0013471  0.282614  0.0511609  -0.612303  
0.000941246  -0.000808569  0.00128497  0.254782  0.132435  -0.292974  
0.000840749  -0.000846508  0.00129053  0.239961  0.116331  -0.245831  
0.000763655  -0.000731422  0.000950564  0.241424  0.106977  -0.282534  
0.000498511  -0.00089863  0.00103649  0.235013  0.106508  -0.270661  
0.000575986  -0.000948403  0.00120553  0.222357  0.109601  -0.261575  
0.000407715  -0.000899096  0.00115281  0.206071  0.10118  -0.258428  
0.000415046  -0.000954975  0.00124311  0.21513  0.0947224  -0.265356  
0.000434679  -0.000954921  0.00121778  0.205415  0.10363  -0.258724  
0.000444708  -0.000903675  0.000971348  0.203931  0.105859  -0.270775  
-5.09544e-06  -0.000947804  0.000997702  0.223241  0.101889  -0.269705  
-5.09544e-06  -0.00109698  0.00111382  0.225776  0.101808  -0.28981  
-5.09544e-06  -0.00119092  0.00110479  0.216456  0.110471  -0.286049  
-0.000997005  -0.000925546  0.00163805  0.204179  -0.0182654  -0.245693  
0.000719497  -0.00137206  0.00103101  0.204069  0.133831  -0.28583  
0.00157067  -0.00121623  0.00101637  0.203886  0.0857967  -0.31409  
0.00158229  -0.00111924  0.00075744  0.202839  0.120807  -0.320824  
0.00172602  -0.00141757  0.000909045  0.213106  0.104921  -0.304618  
0.00187742  -0.0012474  0.000889337  0.197382  0.0865592  -0.301188  
0.00144049  -0.00111056  0.000709719  0.204567  0.0773805  -0.316204  
0.000551026  -0.00122432  0.000646233  0.205125  0.104344  -0.318538  
0.000986768  -0.00121234  0.000653589  0.199042  0.10202  -0.319846  
0.00132354  -0.00119427  0.000893593  0.20118  0.0977372  -0.325875  
0.00117758  -0.00132682  0.000873985  0.208317  0.105431  -0.338563  
0.00113691  -0.00140816  0.0008777  0.197046  0.0967863  -0.339519  
0.000775868  -0.0015458  0.00101332  0.191144  0.100881  -0.318128  
0.00108084  -0.00153057  0.00153019  0.188426  0.0663322  -0.318724  
0.00130246  -0.001487  0.00158828  0.179548  0.0524391  -0.335318  
0.000857257  -0.00149874  0.00128818  0.175181  0.0909137  -0.336106  
0.00114196  -0.00148747  0.00172395  0.172674  0.0468886  -0.334259  
0.00116833  -0.0014298  0.00223788  0.181675  0.0364669  -0.357649  
0.00102278  -0.00159724  0.00242667  0.172438  0.0301918  -0.358456  
0.000923801  -0.00169543  0.00256889  0.159656  0.0516697  -0.328401  
0.000573014  -0.00137904  0.00232071  0.162742  0.0764048  -0.308696  
0.000407493  -0.00107528  0.00268461  0.152481  0.0502912  -0.312453  
0.000509193  -0.000896604  0.0023565  0.15793  0.0506065  -0.334178  
0.000324904  -0.00103762  0.00217461  0.158571  0.0956634  -0.331176  
0.000261292  -0.00105747  0.00269269  0.15304  0.0583647  -0.310319  
0.00061185  -0.000675377  0.00189314  0.159459  0.0680669  -0.323977  
0.000244781  -0.000646604  0.00142569  0.173321  0.110342  -0.340469  
-3.50425e-05  -0.000646605  0.00142569  0.172467  0.115455  -0.322839  
4.13267e-05  -0.000510831  0.00142569  0.170587  0.113018  -0.326149  
0.000626378  -0.000420744  0.00132373  0.170483  0.0984154  -0.325834  
0.000443552  -0.000517919  0.00134827  0.176685  0.112239  -0.344938  
1.83166e-05  -0.000446596  0.00142569  0.171616  0.122658  -0.341412  
0.000285082  -0.000644422  0.00142569  0.170192  0.102703  -0.338777  
0.000385581  -0.00049199  0.00142569  0.164469  0.0990805  -0.337461  
0.000222421  -0.000394174  0.00115364  0.162232  0.116904  -0.33782  
-0.000206669  -0.000451118  0.00110593  0.152413  0.130804  -0.327893  
-0.00011673  -0.000141791  0.00118104  0.151273  0.11967  -0.303326  
-9.27734e-06  -1.26107e-05  0.0011119  0.154652  0.113172  -0.316915  
-0.000282755  0.000160884  0.00105326  0.137597  0.139634  -0.309005  
-0.000575004  0.000482725  0.000892204  0.132907  0.120687  -0.30393  
-0.00100565  0.000524545  0.000508585  0.105122  0.114029  -0.307602  
-0.000489574  0.000459002  0.00025729  0.100145  0.107448  -0.3266  
-0.000495263  0.000319603  0.00025729  0.0962696  0.107319  -0.323903  
-0.000519501  0.000208737  0.000340981  0.104261  0.107798  -0.32221  
-0.000595571  0.000150788  0.000376056  0.0902918  0.104173  -0.314025  
-0.000583842  0.000536924  0.00025729  0.0733007  0.0979909  -0.322839  
-0.000426316  0.000516415  0.000184297  0.0663943  0.0858403  -0.331981  
-0.000231272  0.00053423  0.000609432  0.0915854  0.099006  -0.322024  
-0.00322797  0.00467687  -0.00070658  -0.0395248  0.0013522  -0.12502  
-0.000727463  0.000866171  0.000106372  0.114797  0.112916  0.313886  
0.00474388  0.00397044  -0.000310636  0.031457  0.0477943  0.429745  
0.0055827  0.00376857  -0.00157721  -0.012759  0.0630809  0.252155  
0.00469405  0.0037475  -0.00145146  -0.0444866  0.072368  0.135266  
0.00434745  0.00385611  -0.000611793  -0.063715  0.0778687  0.0347766  
0.00398164  0.0039677  0.000209351  -0.11236  0.0588354  0.0429645  
0.00308392  0.00404226  -0.00105912  -0.0859457  0.0758873  0.132588  
0.0035587  0.00347563  -0.0010894  -0.10785  0.0412362  0.0925777  
0.00391669  0.00263913  -0.00187229  -0.120689  0.0656309  0.135236  
0.00360433  0.00265423  -0.0015402  -0.154152  0.0553834  0.0345015  
0.00249913  0.00343372  -0.00185863  -0.141846  0.0864073  0.0842781  
0.00214479  0.00357603  -0.00180959  -0.143536  0.0686614  0.00576825  
0.00202855  0.0035214  -0.00170837  -0.136093  0.0739615  -0.012695  
0.00104104  0.00372338  -0.00156628  -0.150959  0.102085  0.0286069  
-0.000342692  0.00437023  -0.00113566  -0.138019  0.0862638  -0.0289953  
-0.00150676  0.00417801  -0.00169715  -0.15241  0.0415014  -0.00607719  
0.000930093  0.00426301  -0.00181001  -0.179161  0.0724025  0.0627228  
0.000346405  0.00450207  -0.00163625  -0.1919  0.0749586  0.00796944  
0.000768336  0.00440105  -0.001676  -0.179738  0.0576385  0.0236947  
0.000739526  0.0043129  -0.00169743  -0.167464  0.0695433  0.0379322  
0.00209439  0.00413787  -0.00181106  -0.157713  0.0374895  0.0312715  
0.00108983  0.00443569  -0.00167505  -0.14961  0.0673138  0.0201198  
0.00112735  0.00414893  -0.00129453  -0.15292  0.074143  0.0366363  
0.000395274  0.0044458  -0.00121812  -0.140108  0.0985275  0.0238561  
0.000638812  0.00488347  -0.0010924  -0.135229  0.0929818  0.0295678  
0.000158649  0.00470526  -0.00127308  -0.140603  0.0927363  0.0369918  
-6.59439e-05  0.00479186  -0.000913499  -0.13608  0.0863303  0.0328999  
-0.000447288  0.00504758  -0.000809714  -0.112454  0.0905917  0.0136863  
-0.000628203  0.00502181  -0.000713099  -0.111822  0.0820948  -0.106687  
-0.00226273  0.0037671  -0.000688444  -0.0473208  0.135349  0.535902  
0.00101706  -0.000534543  0.00399073  0.21538  -0.206663  -0.377001  
-0.00293096  -0.00092116  0.00544327  0.182073  -0.0180282  0.306483  
-0.00368235  -0.000430001  0.002544  0.162325  -0.0370293  0.0384259  
-0.00388742  9.35904e-05  0.00151552  0.15956  0.0500551  0.0855328  
-0.00503771  -0.000629966  0.00178023  0.149983  0.00107178  0.00758989  
-0.0056439  -0.00021941  0.00170393  0.111217  0.0348808  0.119353  
-0.00619563  0.000334482  0.000992621  0.128977  0.0300376  0.12718  
-0.00602077  8.68384e-05  0.000978953  0.136747  0.0325066  0.210873  
-0.00688684  0.000586544  0.000749053  0.137465  0.0241707  0.156231  
-0.00726098  0.000730318  0.000544978  0.156284  0.0361356  0.10168  
-0.00742165  0.000673998  0.000516152  0.133955  0.0522328  0.107217  
-0.00770294  0.000813681  0.000356174  0.132141  0.0449924  0.108641  
-0.00805959  0.00110055  0.000151209  0.113439  0.036012  0.0743393  
-0.00787435  0.00123214  0.000172249  0.124815  0.0389854  0.0652368  
-0.00867982  0.00128173  0.000312983  0.108033  0.030861  0.0402741  
-0.00865391  0.00125393  -2.9091e-05  0.101126  0.0447236  0.054316  
-0.00865979  0.00398721  -0.000370126  -0.00859959  0.040013  0.0661972  
-0.00866045  0.00430489  -0.000475948  -0.0370015  0.0429676  0.0331011  
-0.0089052  0.00422853  -0.00105743  -0.0277475  0.0438372  0.0185136  
-0.00869031  0.00430193  -0.00128446  -0.00684786  0.0625695  0.0347401  
-0.00879235  0.00121098  -0.000146031  0.106769  0.0438191  0.0426544  
-0.0087592  0.00413476  -0.00117904  -0.00421617  0.0329811  0.0319901  
-0.00885658  0.00390212  -0.00114943  0.0161213  0.0543809  0.0312892  
-0.00872892  0.00421468  -0.00115963  0.00812145  0.0539053  0.0133538  
-0.00877926  0.00408531  -0.00115021  0.0020707  0.054834  0.0160632  
-0.00866961  0.0013575  -0.000240911  0.0964258  0.0516832  0.0158421  
-0.00870039  0.00380765  -0.00110498  -0.0166986  0.0480987  0.0359836  
-0.00846199  0.00412075  -0.0012927  0.00584302  0.035969  0.0321846  
-0.00849985  0.00407362  -0.001315  0.020731  0.0348058  0.0280275  
-0.00860452  0.0044814  -0.00108785  0.00947253  0.0398132  0.0259173  
-0.00884016  0.00425417  -0.00115157  0.000156146  0.0490398  0.017087  
-0.0083563  0.00454036  -0.00131534  -0.0145783  0.0339175  0.00805794  
-0.00861452  0.00450565  -0.00138358  -0.010575  0.0346914  -0.0232634  
-0.00875826  0.00439312  -0.00129453  -0.0157563  0.0311425  -0.0326342  
-0.00899608  0.00448292  -0.0010896  -0.00533945  0.0417824  -0.0122168  
-0.00898892  0.00474308  -0.00120381  -0.0184983  0.0360571  0.012288  
-0.00886505  0.00479465  -0.00178545  -0.0305966  0.0314882  0.0146191  
-0.00914646  0.00448332  -0.00191504  -0.0369117  0.0428369  -0.000107071  
-0.00934747  0.00371753  -0.00112362  0.0358151  0.0403647  0.00886764  
-0.00977818  0.0014711  -0.000197641  0.116859  0.0380642  0.0102902  
-0.00870984  0.00112041  -0.000512831  0.108684  0.0445968  0.00970378  
-0.0095108  0.0013228  -0.000357049  0.0964659  0.0357663  0.0193923  
-0.00980861  0.00141149  -0.000288829  0.0968673  0.0353133  0.0145304  
-0.0100494  0.00339085  -0.000873241  -0.0124785  0.0429295  0.0116344  
-0.010182  0.00420851  -0.00136222  -0.0288896  0.045054  0.0103664  
-0.00990242  0.00411115  -0.00130727  -0.0284905  0.0408478  0.00417541  
-0.00983723  0.00299821  -0.00116491  -0.0131738  0.0399913  -0.00367304  
-0.00976694  0.00119349  -0.000243082  0.0975361  0.0498028  -0.0129412  
-0.00976146  0.00265904  -0.00131706  -0.0190524  0.0423872  -0.00423612  
-0.0101188  0.00293919  -0.00123525  -0.0189511  0.0360068  -0.0137458  
-0.00995174  0.00406392  -0.00105101  -0.0276014  0.0290033  -0.00469624  
-0.00997893  0.00418446  -0.00119568  -0.0290762  0.0311377  -0.00233626  
-0.00999226  0.0040868  -0.00104636  -0.0256455  0.037066  -0.0142618  
-0.0100826  0.00405481  -0.00112418  -0.0303312  0.0542334  -0.00808693  
-0.00998685  0.0040065  -0.00112836  -0.0353705  0.0375156  0.00190692  
-0.00992053  0.00394285  -0.000704967  -0.0366397  0.0217624  0.00649463  
-0.00996817  0.00408401  -0.000661098  -0.0372015  0.0244206  0.00257169  
-0.0100689  0.000909922  0.000106448  0.0810453  0.0234565  -0.0042214  
-0.0100754  0.00382864  -0.000767458  -0.0346003  0.0266424  -0.00970667  
-0.0103373  0.00109976  -3.35433e-05  0.0880924  0.0215785  -0.002875  
-0.0100277  0.00391973  -0.0010466  -0.0310052  0.0216871  -0.00316039  
-0.0100143  0.00411151  -0.00107868  -0.0267618  0.00448518  -0.00690261  
-0.0100257  0.0011391  -0.000123202  0.0897749  0.014744  -0.0235321  
-0.0104128  0.00414404  -0.000786534  -0.0256619  -0.007753  -0.0557647  
-0.0106148  0.00411736  -0.000745244  -0.0319254  0.0055113  -0.00140308  
-0.0105595  0.0039466  -0.000808151  -0.0368981  0.0154869  -0.0129221  
-0.0110366  0.00112388  -0.000131016  0.129916  0.0316357  0.192045  
-0.0144927  0.00119991  0.00201325  0.303737  0.0704943  1.25992  
-0.0128815  0.000971744  0.00161031  0.242544  0.0875572  0.468657  
-0.00725478  0.00113502  0.000746063  0.176428  0.0770242  0.121772  
-0.00769904  0.00149524  0.000526046  0.161333  0.0802345  0.196859  
-0.00859646  0.00151615  0.000644841  0.163175  0.0399556  0.089097  
-0.0108072  0.00195607  0.000506211  0.161564  0.0599179  0.169932  
-0.00995573  0.0035142  0.000812491  0.117228  0.054544  0.127756  
-0.0106259  0.00175674  0.000231745  0.121664  0.0671564  0.205689  
-0.00951158  0.00199106  0.000154258  0.140373  0.0388004  0.1929  
-0.00995993  0.0022011  8.18177e-05  0.160441  0.0551559  0.184264  
-0.0100298  0.0043753  -0.000114534  0.102123  0.0555266  0.17364  
-0.0101889  0.00316147  0.00026095  0.086687  0.0466893  0.152908  
-0.00980574  0.00403343  -0.000172512  0.048318  0.064416  0.155461  
-0.0105134  0.0047564  -0.000653084  0.0254084  0.0689748  0.191102  
-0.00993546  0.00445286  -0.00029959  0.0274852  0.0512095  0.169728  
-0.0103871  0.00435852  -0.000448235  0.0190701  0.0635685  0.181115  
-0.0101254  0.00415963  4.85664e-06  0.0527515  0.0498553  0.164861  
-0.0108372  0.00461536  -7.53006e-05  0.0402523  0.0790126  0.166838  
-0.0111538  0.00421069  0.0002728  0.0512589  0.0593626  0.169401  
-0.0109217  0.00420262  0.000421621  0.0498961  0.0648273  0.14569  
-0.0107402  0.00186969  0.00028839  0.132633  0.0746419  0.128638  
-0.0108929  0.00441262  -4.04599e-06  0.0528717  0.074413  0.113012  
-0.0112037  0.00187297  0.000290866  0.135262  0.0676547  0.154615  
-0.0109631  0.00527228  -0.000841056  0.00994263  0.0641011  0.135007  
-0.0105831  0.00522106  -0.000853332  0.0119993  0.0610026  0.0887438  
-0.0103612  0.00545888  -0.000984641  -0.00388843  0.0746118  0.0765505  
-0.010658  0.00545858  -0.00116942  -0.0135091  0.0792523  0.071617  
-0.0103397  0.00556813  -0.00103449  -0.023714  0.0694555  0.080804  
-0.0104425  0.00568123  -0.000786338  -0.0333744  0.0543784  0.0991051  
-0.0106596  0.00599316  -0.000839207  -0.0282536  0.0591215  0.126869  
-0.0100905  0.00559168  -0.00087661  -0.027345  0.066084  0.0511984  
-0.010943  0.00603063  -0.000727732  -0.0324607  0.0566146  0.0940693  
-0.0109441  0.00597115  -0.000871215  -0.0293681  0.0682707  0.0844006  
-0.0103608  0.00593065  -0.000736888  -0.030815  0.067838  0.0561705  
-0.0102244  0.00588881  -0.000653197  -0.0249298  0.0716625  0.0201405  
-0.0102478  0.00598578  -0.000858951  -0.0218297  0.0675395  0.059495  
-0.0106718  0.00610911  -0.000841966  -0.0381068  0.0855771  0.0810407  
-0.0103305  0.00599408  -0.000627  -0.0411236  0.0742123  0.0871349  
-0.010621  0.00625  -0.000641173  -0.0420671  0.070601  0.0956379  
-0.0102774  0.00619921  -0.000856367  -0.0444752  0.0692651  0.100616  
-0.0103733  0.00629655  -0.000839115  -0.0496505  0.080574  0.0944944  
-0.0107301  0.00631281  -0.000849567  -0.0496075  0.0816471  0.0985375  
-0.0103982  0.00611528  -0.000875939  -0.0481293  0.0939092  0.0928097  
-0.0103916  0.00618104  -0.000745328  -0.0530801  0.0721743  0.0932661  
-0.0103244  0.00624565  -0.000868113  -0.0549454  0.0776924  0.0818643  
-0.00983532  0.00612377  -0.000913003  -0.0473036  0.0767617  0.0817492  
-0.00988293  0.00617101  -0.000962488  -0.0333903  0.0754691  0.0689682  
-0.0100862  0.00608695  -0.00097446  -0.0448637  0.0706493  0.0679483  
-0.00890453  0.00556627  -0.0015747  -0.034407  0.0858129  0.0415091  
-0.00932226  0.00593729  -0.00132752  -0.0342161  0.0707626  0.0460804  
-0.009307  0.00615149  -0.00120609  -0.0316145  0.0681769  0.0411159  
-0.00951296  0.00607954  -0.00128115  -0.0302059  0.0791209  0.0419585  
-0.00945684  0.00610773  -0.00127177  -0.0316593  0.073845  0.0451208  
-0.00998806  0.00598104  -0.00127351  -0.0266688  0.0836845  0.0538426  
-0.00943314  0.00607347  -0.00116434  -0.0385217  0.0668723  0.0354555  
-0.00938189  0.00598659  -0.00146784  -0.0432583  0.078959  0.0237735  
-0.00949399  0.00592211  -0.00147513  -0.0532003  0.0887455  0.0337329  
-0.00979231  0.00603155  -0.00124232  -0.066362  0.0702023  0.054151  
-0.009504  0.00612149  -0.00139122  -0.06119  0.0673018  0.0521155  
-0.00934957  0.0063075  -0.00158805  -0.0592285  0.0602682  0.0338663  
-0.00939661  0.00611143  -0.00145558  -0.0686503  0.0736444  0.0209754  
-0.00978866  0.00625549  -0.00144741  -0.0583306  0.0837499  0.0276269  
-0.00936876  0.00621603  -0.00129022  -0.0615255  0.0766361  0.0265255  
-0.00941551  0.00608175  -0.00142862  -0.0437467  0.0794569  0.027048  
-0.00913781  0.0060884  -0.00141104  -0.0529429  0.0652487  0.0195254  
-0.00904218  0.00641487  -0.00143401  -0.0484169  0.0854215  0.00574088  
-0.0091655  0.0063613  -0.00129336  -0.0556652  0.081025  0.010022  
-0.00937629  0.00638909  -0.00123512  -0.0490656  0.076319  0.0291936  
-0.0090807  0.0063393  -0.00123571  -0.0550738  0.0780802  0.0246035  
-0.00889045  0.00646559  -0.0010331  -0.0565919  0.0595798  0.0211025  
-0.00943056  0.00629834  -0.00128683  -0.0547781  0.0746032  0.0267721  
-0.0097232  0.00644532  -0.00123158  -0.0635818  0.0720291  0.0406014  
-0.00941655  0.00639541  -0.00119218  -0.0523944  0.0691964  0.0287671  
-0.00904878  0.00638379  -0.00129945  -0.0427961  0.0613555  0.0136471  
-0.00908694  0.00648774  -0.0012562  -0.0437815  0.0596201  0.00160855  
-0.00960099  0.00640559  -0.00129671  -0.0538531  0.0719626  0.00122841  
-0.00946724  0.00657426  -0.00121662  -0.0498792  0.0756252  0.0185566  
-0.00926853  0.00655604  -0.00110005  -0.0535029  0.0790294  0.0158525  
-0.00896079  0.00626675  -0.0012624  0.0113754  0.0832534  0.00889764  
-0.00882944  0.00615611  -0.000929321  -0.0187521  0.0850048  -0.00602031  
-0.00883199  0.00612287  -0.000708277  -0.0240311  0.0745234  0.00520159  
-0.00920447  0.00622034  -0.000457354  0.0046068  0.0783445  0.0122332  
-0.00947359  0.00607847  -0.000200961  0.0140541  0.083092  -0.00157732  
-0.0097506  0.00449521  0.0019011  0.0763715  0.0752524  -0.0133998  
-0.00907954  0.00395779  0.00281027  0.0831293  0.0702501  -0.0370094  
-0.00910211  0.00440318  0.00252724  0.0573933  0.0799001  -0.0334631  
-0.00907334  0.00439149  0.00264711  0.0776572  0.0705883  -0.0334422  
-0.00944617  0.00493845  0.00205165  0.0375545  0.0747754  -0.00573508  
-0.00938409  0.00487424  0.00206635  0.0244599  0.0687308  -0.00491573  
-0.00936992  0.00465659  0.00228719  0.0428861  0.0639244  -0.0067129  
-0.00956501  0.00448474  0.00232257  0.0590931  0.0674506  -0.00611286  
-0.0096661  0.00436471  0.00231036  0.0450407  0.0699484  0.00818747  
-0.00961754  0.00443919  0.00241654  0.048019  0.0577036  -0.00175632  
-0.00936317  0.00387714  0.00254091  0.0659088  0.059303  -0.0094501  
-0.0094387  0.00360801  0.00252411  0.090967  0.0600823  0.00503245  
-0.00950984  0.00185822  0.00317417  0.127183  0.0296702  0.0248838  
-0.0100109  0.00133596  0.00379536  0.126694  0.0142132  0.00484045  
-0.00967877  0.00131006  0.00405337  0.113698  0.0242621  -0.0123517  
-0.00979877  0.00136609  0.00390443  0.0957016  0.017261  0.00968567  
-0.00994325  0.000846889  0.00396269  0.0945727  0.0070789  0.017923  
-0.0100766  0.00127447  0.00368028  0.093712  0.0213579  0.0272133  
-0.0100616  0.00163614  0.00360393  0.0811962  0.0100359  0.0274621  
-0.0104249  0.00211224  0.00422637  0.045056  -0.0265089  0.0606471  
-0.010005  0.00250045  0.004201  0.0317971  -0.0574508  0.113396  
-0.00965891  0.00132371  0.00398699  0.0688828  -0.0147244  0.052597  
-0.0100469  0.000970505  0.00388318  0.0796952  -0.0250297  0.0442387  
-0.0106141  0.000980275  0.00381528  0.0780396  -0.035716  0.0659757  
-0.0101405  0.000881701  0.00368457  0.0846521  -0.0220315  0.0515606  
-0.00982726  2.48105e-05  0.00357435  0.109314  -0.0202924  0.0432864  
-0.00923544  -0.000290705  0.00376431  0.146625  -0.0377648  0.0211495  
-0.008367  -0.000441909  0.00423343  0.151115  -0.0337704  -0.0434096  
-0.00762063  -0.00035289  0.00450324  0.150895  -0.0451453  -0.0641782  
-0.00785841  -0.000333784  0.00440457  0.14618  -0.049058  -0.0853796  
-0.00949978  -0.000547957  0.00434075  0.127466  -0.0204075  -0.0267965  
-0.00857022  -0.000545269  0.00432834  0.119294  -0.04405  -0.0668355  
-0.00518202  -0.00087958  0.00470491  0.117973  0.0150884  -0.147531  
-0.00557188  -0.00177927  0.00477859  0.135266  0.0012522  -0.0674175  
-0.00743712  -0.00180242  0.00488873  0.106231  -0.0443919  -0.0476347  
-0.00725664  -0.00185367  0.00487444  0.103626  -0.049959  -0.0713284  
-0.00704478  -0.00220024  0.00446823  0.11102  -0.0780189  -0.0834944  
-0.00732413  -0.0023418  0.00404488  0.124823  -0.0732284  -0.0610703  
-0.00719745  -0.0022548  0.00411162  0.116026  -0.0931961  -0.0175337  
-0.00655308  -0.00301147  0.00339979  0.139292  -0.133646  -0.0599166  
-0.00648383  -0.00268808  0.00343619  0.11908  -0.136648  -0.0788562  
-0.00650175  -0.00278039  0.0030997  0.132545  -0.126124  -0.0775047  
-0.00670324  -0.00285516  0.00305559  0.127082  -0.122153  -0.0700989  
-0.00674464  -0.00295428  0.0029085  0.119528  -0.132798  -0.0489519  
-0.00669708  -0.00286499  0.00297555  0.122645  -0.127765  -0.0370727  
-0.00699136  -0.00258499  0.00302638  0.103731  -0.114076  -0.0255991  
-0.00686138  -0.00265175  0.00293534  0.103949  -0.0495301  -0.0546909  
-0.00710496  -0.00290405  0.00391376  0.132868  -0.0976688  -0.0539893  
-0.00682602  -0.0034358  0.00353368  0.164535  -0.12769  -0.0375999  
-0.00644968  -0.00391858  0.0040053  0.172687  -0.144563  -0.0749405  
-0.00545559  -0.00388376  0.00375074  0.142419  -0.162595  -0.0960388  
-0.00610966  -0.00329729  0.00385023  0.125063  -0.120128  -0.0342884  
-0.00645658  -0.00258748  0.00389064  0.109184  -0.120737  -0.0423306  
-0.00101097  -0.00139769  0.00558214  0.123578  -0.157348  -0.227646  
-0.00403097  -0.00175262  0.00486428  0.119886  -0.14695  -0.119906  
-0.0035776  -0.00212459  0.00431353  0.122263  -0.196184  -0.158572  
-0.00047156  -0.00193229  0.00360967  0.151448  -0.215815  -0.245224  
0.000523872  -0.00295883  0.00315449  0.161337  -0.226499  -0.23443  
7.70392e-05  -0.0041496  0.00288626  0.155059  -0.209495  -0.182319  
-0.00193077  -0.00460074  0.0030901  0.131242  -0.198416  -0.0970227  
-0.00127799  -0.00475433  0.00275991  0.131636  -0.205235  -0.112875  
-0.00238992  -0.00475901  0.00344769  0.116712  -0.175046  -0.115932  
-0.00162018  -0.00569099  0.00365247  0.152206  -0.140168  -0.109136  
-0.00079281  -0.00568543  0.00330822  0.142446  -0.190396  -0.112311  
-0.00060476  -0.00543226  0.00345731  0.134554  -0.205193  -0.123681  
-0.000459903  -0.00535966  0.00338428  0.133924  -0.222034  -0.131891  
-0.000885676  -0.00523472  0.0027592  0.111168  -0.205404  -0.1388  
-0.00180059  -0.0051131  0.00270314  0.10448  -0.208212  -0.154454  
-0.00215745  -0.00512265  0.00258119  0.0897981  -0.226273  -0.12967  
-0.00223227  -0.00530086  0.00195143  0.0625403  -0.218212  -0.100499  
-0.00330466  -0.0050735  0.0018427  0.0243348  -0.124418  -0.0990968  
-0.0036958  -0.0048721  0.00238995  0.0286138  -0.119997  -0.0809811  
-0.00290754  -0.00552707  0.00247176  0.060987  -0.152984  -0.0905226  
-0.00258379  -0.00533793  0.0020229  0.0718656  -0.173882  -0.0487887  
-0.00276747  -0.00561799  0.00190567  0.0802635  -0.190062  -0.0456676  
-0.00303888  -0.0054656  0.00153706  0.0646226  -0.20385  -0.0374262  
-0.00297835  -0.00527315  0.00140249  0.0564841  -0.217222  -0.0451593  
-0.00329627  -0.00518775  0.00131817  0.0585523  -0.215181  -0.0379611  
-0.00447959  -0.0049569  0.00152125  0.0201698  -0.204141  0.00614774  
-0.00507139  -0.00480269  0.00125049  0.00335233  -0.196325  0.0190652  
-0.00409439  -0.0055055  0.00105161  0.00380046  -0.204693  0.000626184  
-0.00365098  -0.00560588  0.000732326  -0.00341739  -0.207484  0.021545  
-0.00278984  -0.00609645  0.000614668  0.0124699  -0.207134  0.0237187  
-0.00571934  -0.00489587  0.00157752  -0.00654296  -0.15904  0.00751112  
-0.00798858  -0.00364354  0.00188857  0.149762  -0.0549994  -0.0672088  
-0.00625285  -0.00431247  0.00210366  0.112285  -0.0535426  -0.110523  
-0.0060995  -0.0047344  0.00230535  0.10754  -0.0579594  -0.0966865  
-0.00600482  -0.00443278  0.00289435  0.096451  -0.0698934  -0.0793121  
-0.00588453  -0.00467616  0.00329468  0.102387  -0.133739  -0.0268  
-0.00600833  -0.00478285  0.00345792  0.109778  -0.151428  -0.0010007  
-0.00552883  -0.00465374  0.0029049  0.125706  -0.152654  -0.0285896  
-0.00552353  -0.00461369  0.0031335  0.108679  -0.122238  -0.0456444  
-0.00525088  -0.00470251  0.00315116  0.0826199  -0.125774  -0.0461991  
-0.00509568  -0.00465142  0.00328145  0.0864031  -0.118615  -0.0401982  
-0.00408368  -0.00510755  0.00332974  0.103549  -0.134874  -0.0509261  
-0.00394797  -0.00544518  0.00348984  0.107086  -0.122223  -0.066333  
-0.00391631  -0.00536074  0.00327015  0.109513  -0.162816  -0.0168111  
-0.00414356  -0.00535632  0.00296662  0.0823928  -0.192355  0.00587571  
-0.00300305  -0.00592319  0.00235893  0.0970489  -0.178511  -0.073663  
-0.00290531  -0.00614781  0.00287725  0.108018  -0.121285  -0.0891138  
-0.00173381  -0.00673612  0.00255612  0.110755  -0.19948  -0.0660453  
-0.00208824  -0.00676435  0.00254124  0.101012  -0.192054  -0.0410708  
-0.00282632  -0.00676246  0.00229535  0.0929874  -0.172205  -0.035264  
-0.00163012  -0.00692768  0.00205977  0.0908941  -0.197683  -0.0331606  
-0.00146341  -0.00693655  0.0022549  0.0998427  -0.19896  -0.0585587  
-0.00177554  -0.00720174  0.0023222  0.101179  -0.193122  -0.0806149  
-0.00135712  -0.00725471  0.00226206  0.111232  -0.194614  -0.0829913  
-0.00215677  -0.00724425  0.00236374  0.116833  -0.181342  -0.0903128  
-0.00209512  -0.00707759  0.00213446  0.115678  -0.169586  -0.10631  
-0.00300617  -0.00658516  0.00261051  0.109757  -0.148486  -0.0756715  
-0.00416077  -0.00608162  0.00317939  0.141521  -0.106308  -0.0756945  
-0.00296728  -0.00665505  0.00278734  0.156093  -0.15245  -0.0934075  
-0.00242181  -0.00689272  0.00279516  0.158656  -0.170746  -0.0821433  
-0.00166951  -0.00677336  0.0029826  0.177653  -0.182369  -0.0905171  
-0.000108603  -0.00697344  0.00265587  0.162927  -0.209848  -0.1228  
-0.000227008  -0.00709943  0.00257652  0.130053  -0.187946  -0.103517  
-0.000110334  -0.0072038  0.00188082  0.138651  -0.228901  -0.0567372  
-0.000168836  -0.00726667  0.00182435  0.126896  -0.256978  -0.0338623  
-9.94534e-05  -0.00714957  0.00163588  0.120671  -0.231461  -0.0576457  
-0.000513824  -0.0070811  0.00137696  0.0959262  -0.225063  -0.0491454  
-0.000754098  -0.00710846  0.00121997  0.114586  -0.237013  -0.0161421  
-0.00118796  -0.00744335  0.000962285  0.0968419  -0.255501  -0.00516797  
-0.00078908  -0.0074611  0.000746925  0.0866309  -0.247627  -0.0162093  
-0.000118395  -0.00747458  0.00128995  0.0828367  -0.229828  -0.022952  
0.000250448  -0.00720768  0.00185751  0.0902033  -0.204541  -0.0310088  
-0.00107527  -0.00775858  0.00120231  0.0966461  -0.242473  -0.00862285  
-0.00112151  -0.00773376  0.000994322  0.066768  -0.238665  -0.029482  
2.35375e-05  -0.00741828  0.00128353  0.0349314  -0.277656  -0.0572118  
0.000502394  -0.00761126  0.0010351  0.0804501  -0.241521  -0.0789857  
0.000502931  -0.00783356  0.000478176  0.108427  -0.216162  -0.0916656  
0.000890762  -0.00801475  0.000886524  0.112955  -0.234061  -0.0470338  
0.00192783  -0.0081765  0.00126882  0.12911  -0.245352  -0.0479195  
0.00377772  -0.00727559  0.00169507  0.183382  -0.265014  -0.0699791  
0.00362633  -0.00746428  0.0019746  0.141466  -0.256144  -0.107749  
0.00327698  -0.00762729  0.00165336  0.158129  -0.225983  -0.0711327  
0.00043944  -0.00712656  0.000727585  0.150721  -0.1164  -0.060814  
0.00122986  -0.00687844  0.000474479  0.120596  -0.108483  -0.0845754  
0.000361149  -0.00719409  -0.000150429  0.0848781  0.0673543  0.0248031  
0.00274326  -0.0064443  -5.28186e-05  0.10897  -0.0450038  0.0636283  
0.00320737  -0.00676296  0.000137148  0.138561  -0.0320765  0.0169116  
0.00359876  -0.00678177  0.000332953  0.193597  -0.0226764  0.00800268  
0.00389703  -0.00672741  0.000582404  0.282816  -0.077857  0.0285595  
0.00360394  -0.00710096  0.00138807  0.293006  -0.11017  -0.000315808  
0.00357194  -0.00746471  0.00204322  0.272077  -0.0855609  -0.032354  
0.00341216  -0.0075175  0.00201755  0.2761  -0.0964738  -0.0606924  
0.0031972  -0.00724608  0.00261799  0.261058  -0.116361  -0.0854674  
0.00234815  -0.00664512  0.00292426  0.23565  -0.0539765  -0.0620276  
0.00343337  -0.00670579  0.00289976  0.248695  -0.027941  -0.0238093  
0.00424943  -0.00709411  0.00276875  0.242972  -0.0681459  -0.0136402  
0.00425523  -0.00692684  0.0024477  0.25511  -0.050133  -0.0356517  
0.00450544  -0.00689495  0.00250984  0.27167  -0.0712759  -0.0478528  
0.0043168  -0.00673072  0.00261463  0.277923  -0.0784845  -0.0707857  
0.00429232  -0.00631687  0.00261364  0.248646  -0.0536887  -0.0409852  
0.00470402  -0.00638431  0.00299959  0.252881  -0.0681145  -0.0150883  
0.00448639  -0.00700802  0.0034919  0.309948  -0.0865665  -0.0324023  
0.00442247  -0.00582905  0.00290111  0.287547  -0.0602659  -0.0728162  
0.00384646  -0.0056162  0.00292206  0.282306  -0.050054  -0.0746263  
0.00389677  -0.00612478  0.00327998  0.308323  -0.0796006  -0.0486793  
0.00496857  -0.00613859  0.00294434  0.325842  -0.101858  -0.0802024  
0.00602715  -0.00599652  0.0032377  0.305345  -0.106101  -0.0712387  
0.00671867  -0.00582814  0.00350523  0.28338  -0.107853  -0.0504427  
0.0073171  -0.00583918  0.00401594  0.285079  -0.135471  -0.0532741  
0.00848561  -0.00570039  0.00459286  0.278122  -0.145821  -0.13363  
0.0104591  -0.00721656  0.00567347  0.279988  -0.251737  -0.238889  
0.0087965  -0.00735179  0.00552821  0.216182  -0.286403  -0.166361  
0.00847385  -0.00758565  0.00486818  0.243991  -0.304691  -0.143855  
0.00820915  -0.00773671  0.00488426  0.257015  -0.309599  -0.129382  
0.00851179  -0.00758978  0.00482749  0.263592  -0.349317  -0.106561  
0.00783503  -0.00780028  0.0047786  0.255528  -0.329104  -0.0779386  
0.00732186  -0.00811469  0.00483827  0.254413  -0.327564  -0.0413726  
0.00714701  -0.00846009  0.0045779  0.270837  -0.305738  -0.0610026  
0.00747307  -0.00851698  0.00465892  0.282352  -0.307888  -0.0511225  
0.0075549  -0.00857147  0.00437645  0.282303  -0.326428  -0.0468357  
0.00786182  -0.00838978  0.00419442  0.273582  -0.306207  -0.0536954  
0.00831785  -0.00812023  0.00461841  0.283259  -0.230307  -0.0355258  
0.00821918  -0.00772955  0.00353946  0.262572  -0.168672  -0.0468833  
0.00790435  -0.00799122  0.00452923  0.273392  -0.130826  -0.0537805  
0.00781969  -0.00779858  0.00566009  0.304055  -0.167157  -0.0338496  
0.00838687  -0.00839316  0.00584098  0.275473  -0.197867  0.0382686  
0.00885766  -0.00833463  0.00597224  0.280119  -0.217763  0.0651408  
0.00786751  -0.00744056  0.00501924  0.253624  -0.0712133  -0.012164  
0.00811024  -0.00737191  0.00477557  0.25572  -0.0547742  -0.00600784  
0.0082856  -0.00835168  0.00475865  0.233587  -0.0818554  0.0510522  
0.00806493  -0.00937747  0.0045079  0.241569  -0.110387  0.0622665  
0.00851945  -0.0107213  0.00549639  0.346307  -0.0947091  0.0507154  
0.00757053  -0.0111222  0.00586104  0.340546  -0.110227  0.0433879  
0.00759288  -0.0111377  0.00615495  0.342068  -0.125447  0.0324023  
0.00726287  -0.0109895  0.00632703  0.35126  -0.132073  0.028666  
0.00742538  -0.0106163  0.00614942  0.338446  -0.156367  0.0490289  
0.00740638  -0.0101124  0.00606873  0.328223  -0.148394  0.0580811  
0.00761195  -0.00969155  0.00593587  0.326635  -0.151224  0.00471486  
0.00747869  -0.00964214  0.00579695  0.333163  -0.179917  0.0549717  
0.00790303  -0.00941431  0.0058914  0.339583  -0.201564  0.0691228  
0.00759088  -0.00956648  0.00610182  0.345749  -0.163499  0.0539527  
0.00758231  -0.00931144  0.00609883  0.354608  -0.166572  0.0654903  
0.00809397  -0.0089142  0.00642506  0.35967  -0.165558  0.0657233  
0.00829124  -0.0100955  0.00715735  0.415751  -0.186172  0.0394282  
0.00793045  -0.0097562  0.00712264  0.41374  -0.156228  0.0718471  
0.00810963  -0.00928241  0.00665578  0.396  -0.127847  0.0757926  
0.0081128  -0.0093613  0.00655039  0.383706  -0.144778  0.0969649  
0.00747644  -0.00916413  0.00669828  0.36708  -0.108093  0.0668369  
0.00727059  -0.00848702  0.00614985  0.343189  -0.0724197  0.0356166  
0.00777259  -0.00899636  0.00612087  0.351765  -0.0797601  0.0525693  
0.00858083  -0.00873696  0.005889  0.343823  -0.0932358  0.0504668  
0.00762182  -0.0095966  0.00636172  0.353593  -0.113662  0.0391286  
0.00821511  -0.00960781  0.00640091  0.356046  -0.136424  0.110648  
0.00824717  -0.00997538  0.00632125  0.364192  -0.162751  0.160326  
0.0071412  -0.00899787  0.00623143  0.362104  -0.137757  0.19765  
0.0085022  -0.00907256  0.00605228  0.344265  -0.190094  0.136195  
0.00834724  -0.008508  0.00562551  0.323429  -0.165986  0.127624  
0.00878189  -0.00822308  0.00529658  0.31031  -0.140567  0.117501  
0.00806896  -0.00766396  0.00428047  0.293581  -0.106945  0.0870682  
0.00758415  -0.00786483  0.00402432  0.288817  -0.0999646  0.0781632  
0.00749929  -0.00831246  0.00475583  0.302214  -0.121214  0.0886118  
0.00754484  -0.00857725  0.0055074  0.314801  -0.149554  0.0768556  
0.00782926  -0.00839233  0.0052292  0.317908  -0.159162  0.0635998  
0.00752869  -0.0083374  0.00508125  0.319867  -0.108464  0.0574387  
0.00659378  -0.00754609  0.0050875  0.309648  -0.0664089  0.0164262  
0.00469425  -0.00684723  0.00423472  0.279562  -0.00793743  -0.0251546  
-0.00149996  -0.00630443  0.00483026  0.228141  -0.078084  -0.10621  
-0.00331703  -0.00647618  0.00538306  0.25259  -0.0149587  -0.125923  
-0.00447611  -0.00838986  0.00534451  0.267266  0.18751  -0.0692691  
-0.0016427  -0.00843408  0.00527258  0.286787  0.116465  0.113929  
-0.0035605  -0.00733547  0.00502777  0.266752  -0.0162034  -0.103965  
-0.00400344  -0.00792449  0.00519564  0.280794  0.0632218  -0.093249  
-0.0039523  -0.00783433  0.00529893  0.303035  0.0240898  -0.141804  
-0.00485322  -0.00773515  0.00537539  0.286723  0.0426209  -0.101887  
-0.0047086  -0.00611856  0.00575548  0.244492  -0.156451  -0.150948  
-0.00798701  -0.0020782  0.00547964  0.247801  0.0385025  -0.00848334  
-0.00889186  -0.00318913  0.00309852  0.218445  0.177651  0.12253  
-0.00760441  -0.00414666  0.00367526  0.230794  0.0324645  0.0567652  
-0.00699147  -0.00326984  0.00313542  0.21807  0.0299741  -0.0258291  
-0.00260399  -0.00531778  0.00279348  0.195603  0.1362  -0.0758705  
-0.00463298  -0.00503886  0.00352568  0.208362  0.0829032  -0.062115  
-0.00520539  -0.00530202  0.00437858  0.218903  0.0612892  -0.105414  
-0.00561244  -0.00564317  0.00459289  0.26487  0.0885881  -0.107965  
-0.00575015  -0.00587205  0.00471295  0.264852  0.0712232  -0.0954407  
-0.0057693  -0.00535643  0.00486768  0.239274  0.0544582  -0.109956  
-0.00609784  -0.0055062  0.00484559  0.252379  0.0703127  -0.114364  
-0.00609214  -0.00576214  0.00528734  0.276206  0.0542295  -0.133136  
-0.00618302  -0.00557974  0.00501314  0.261068  0.0800834  -0.119334  
-0.00587615  -0.00544464  0.00450761  0.248677  0.0516066  -0.124194  
-0.0065489  -0.00535624  0.0050066  0.246689  0.0638018  -0.139187  
-0.00630234  -0.00566363  0.00504708  0.252936  0.0508012  -0.141492  
-0.00724784  -0.00492502  0.0056072  0.244674  -0.0497138  -0.0926685  
-0.00597376  0.00163549  0.00658375  0.245735  0.0187129  -0.124589  
-0.0070794  -0.00134801  0.0029226  0.227321  0.284487  -0.0803825  
-0.00800915  -0.00284197  0.00425627  0.247261  0.0874952  -0.116906  
-0.00791334  -0.00316926  0.00443343  0.250808  0.0812222  -0.123195  
-0.00770313  -0.00349165  0.00475361  0.271226  0.0601817  -0.134056  
-0.00780958  -0.00363896  0.00493707  0.273368  0.0754818  -0.141005  
-0.00789993  -0.00351205  0.00474755  0.255825  0.0673435  -0.131666  
-0.00798556  -0.00360279  0.00462159  0.250546  0.065291  -0.126379  
-0.00798036  -0.00362076  0.00451583  0.237582  0.0532913  -0.155431  
-0.00762362  -0.0034882  0.00419035  0.231985  0.118627  -0.130968  
-0.00771688  -0.00376515  0.00433094  0.238491  0.0856661  -0.149087  
-0.00799409  -0.00415306  0.00431887  0.253653  0.0782151  -0.167653  
-0.00761141  -0.00399109  0.00447543  0.250451  -0.0178638  -0.229356  
-0.00577275  -0.00449878  0.00459134  0.250291  -0.00846827  -0.259957  
-0.00411135  -0.00557558  0.00421073  0.238717  0.156168  -0.237327  
-0.00506545  -0.00564171  0.00435181  0.235029  0.0893647  -0.206186  
-0.00632345  -0.00525006  0.00407397  0.225755  0.100999  -0.198845  
-0.00608825  -0.00545049  0.00361431  0.223411  0.0781735  -0.22232  
-0.00679745  -0.0051698  0.0032873  0.209004  0.0861629  -0.21423  
-0.00717281  -0.00541129  0.00326209  0.232458  0.0901691  -0.19249  
-0.0072543  -0.00540835  0.00349867  0.254234  0.0832298  -0.174064  
-0.0068104  -0.00558836  0.00371591  0.244237  0.076395  -0.201882  
-0.00719042  -0.00570416  0.0036779  0.237996  0.0847647  -0.204069  
-0.00717332  -0.00588509  0.00353614  0.251209  0.109933  -0.170529  
-0.00726542  -0.00599131  0.00398218  0.251315  0.0727139  -0.181064  
-0.00724225  -0.00599178  0.00388618  0.251621  0.0883083  -0.19307  
-0.00765329  -0.00640539  0.00412873  0.271018  0.103121  -0.176696  
-0.00732139  -0.00623317  0.00404655  0.243475  0.0786247  -0.19563  
-0.00725564  -0.00623294  0.00419297  0.243323  0.0703211  -0.188718  
-0.00739729  -0.00635034  0.00434515  0.256846  0.094189  -0.203269  
-0.00761815  -0.00598706  0.00400373  0.291327  0.0970811  -0.201889  
-0.00751228  -0.00555837  0.0039846  0.272513  0.0815418  -0.209378  
-0.00724617  -0.00500502  0.00328486  0.252382  0.0907296  -0.230027  
-0.00737817  -0.00491706  0.00307024  0.255662  0.0952114  -0.229818  
-0.0077339  -0.00519889  0.00356761  0.274962  0.0881113  -0.218681  
-0.00757472  -0.00536413  0.00365138  0.281956  0.0687416  -0.244718  
-0.0078279  -0.00541496  0.00364787  0.304541  0.0776799  -0.286332  
-0.00848582  -0.00572412  0.00352804  0.350078  0.0862503  -0.275855  
-0.00845937  -0.00575574  0.00384003  0.353414  0.062322  -0.278733  
-0.00875602  -0.0061457  0.00418546  0.36864  0.0564878  -0.281267  
-0.00864471  -0.00644183  0.0044344  0.351928  0.0832811  -0.267344  
-0.00862283  -0.00633153  0.0045959  0.350301  0.0705407  -0.246556  
-0.00886398  -0.00637996  0.00419281  0.348471  0.0810203  -0.25808  
-0.00883457  -0.00638541  0.00457014  0.342052  0.0725909  -0.243645  
-0.00855442  -0.00652663  0.00438451  0.327407  0.0801626  -0.250743  
-0.0087073  -0.00637016  0.00421231  0.340908  0.0936421  -0.255513  
-0.0083472  -0.00687799  0.00451203  0.363458  0.0904081  -0.271638  
-0.00850936  -0.00712119  0.00468175  0.38563  0.0664039  -0.273481  
-0.00783214  -0.008659  0.0063072  0.485787  0.0334908  -0.334821  
-0.00804598  -0.00883426  0.00702579  0.516336  0.0282248  -0.354662  
-0.0073697  -0.00934944  0.00740193  0.534197  0.0224135  -0.354362  
-0.00761702  -0.0089917  0.00681647  0.460208  -0.0446745  -0.278061  
-0.00900942  -0.00847373  0.00630013  0.467119  0.058886  -0.1997  
-0.00918962  -0.00863229  0.00609961  0.473225  0.0528464  -0.225722  
-0.00887747  -0.00912846  0.00645011  0.492618  0.0471412  -0.257987  
-0.00905317  -0.00967362  0.00651927  0.563588  0.0538178  -0.252885  
-0.00802781  -0.00976979  0.00679228  0.576612  0.0212255  -0.183685  
-0.00830477  -0.00899889  0.00735515  0.605715  -0.0311064  -0.256655  
-0.00908556  -0.00890625  0.00753583  0.594339  -0.0271793  -0.231354  
-0.00982645  -0.0087791  0.00782161  0.599663  -0.0330623  -0.189988  
-0.0116716  -0.0089687  0.00829557  0.621118  -0.0349802  -0.156089  
-0.0131518  -0.00902426  0.00824108  0.629341  -0.0558865  -0.17261  
-0.0132041  -0.00971895  0.00861056  0.632484  -0.0493508  -0.183425  
-0.0131145  -0.00955984  0.00830368  0.609183  -0.0361852  -0.201212  
-0.0130788  -0.00950908  0.00811862  0.632212  -0.0504368  -0.205153  
-0.0133323  -0.0101441  0.00842078  0.634009  -0.0340359  -0.233716  
-0.0137389  -0.0104602  0.00896692  0.677464  -0.0416398  -0.209106  
-0.013042  -0.0105973  0.00892074  0.683555  -0.0282606  -0.178071  
-0.0141018  -0.0108259  0.00897317  0.694337  -0.0263081  -0.200196  
-0.0141987  -0.0106699  0.00844649  0.669055  -0.017221  -0.223049  
-0.0136126  -0.0103463  0.00807463  0.669598  -0.0378523  -0.255898  
-0.0132666  -0.0102607  0.00805479  0.635344  -0.00959966  -0.22735  
-0.0133165  -0.010607  0.00845316  0.675961  -0.0268611  -0.217578  
-0.013539  -0.0108253  0.0086179  0.692456  -0.0494053  -0.254299  
-0.0133581  -0.0101718  0.00775695  0.639177  -0.0165748  -0.245639  
-0.014239  -0.0101017  0.00707804  0.600715  -0.00159376  -0.167934  
-0.0138501  -0.0109182  0.0077301  0.633021  -0.0238259  -0.189392  
-0.0131582  -0.00945643  0.00702988  0.562768  -0.00366163  -0.162332  
-0.013464  -0.00884409  0.00677139  0.522118  0.00528989  -0.188704  
-0.013464  -0.00950765  0.00669628  0.537022  0.037194  -0.165922  
-0.0146695  -0.00894348  0.0066733  0.513309  0.0403214  0.0718767  
-0.0101053  -0.00573121  0.00392987  0.501171  -0.0101184  -0.121139  
-0.0102634  -0.00767811  0.00592848  0.519207  0.0257081  -0.159843  
-0.0108342  -0.0069608  0.00558106  0.422524  0.0504386  -0.175099  
-0.0109232  -0.0073521  0.00488803  0.39712  0.0359423  -0.184048  
-0.0110573  -0.00781915  0.00497047  0.392603  0.0223221  -0.186844  
-0.00990037  -0.0073521  0.00462664  0.39622  0.032859  -0.170536  
-0.00903695  -0.00711553  0.00456665  0.416562  0.0520996  -0.172667  
-0.00957502  -0.00842843  0.00534696  0.473884  0.0632186  -0.163134  
-0.010566  -0.00906642  0.00577385  0.503675  0.0590648  -0.216026  
-0.0101765  -0.00905378  0.00579455  0.463213  0.0450746  -0.235568  
-0.011133  -0.00976116  0.00560821  0.497205  0.0495728  -0.188315  
-0.0110549  -0.010263  0.00610433  0.520164  0.0308704  -0.247674  
-0.0108423  -0.00995169  0.00599559  0.512944  0.0391907  -0.237324  
-0.0113458  -0.00899288  0.00531546  0.49466  0.0374873  -0.193544  
-0.0121494  -0.00867584  0.00493169  0.466305  0.0239981  -0.209788  
-0.012645  -0.00963831  0.00578375  0.546806  0.0236394  -0.209344  
-0.0122826  -0.00984779  0.00564819  0.52439  0.0270396  -0.243053  
-0.0120982  -0.0101841  0.00616332  0.523724  0.018511  -0.249282  
-0.0127112  -0.0116886  0.00739447  0.604365  -0.000899457  -0.21726  
-0.0119389  -0.0134881  0.00888563  0.709017  -0.0376478  -0.252112  
-0.0111952  -0.0132514  0.00941462  0.732798  -0.0713323  -0.248386  
-0.0102558  -0.0118989  0.00854178  0.662824  -0.0407281  -0.201576  
-0.0111724  -0.0124172  0.00822753  0.627321  -0.0143935  -0.176394  
-0.011503  -0.0126025  0.00891724  0.654219  -0.0387092  -0.211585  
-0.0129527  -0.0114112  0.00753135  0.54959  -0.00443698  -0.172563  
-0.0125357  -0.0123938  0.0077286  0.60809  -0.0207981  -0.201344  
-0.0128025  -0.0133453  0.00902656  0.716317  -0.0367466  -0.240781  
-0.0134091  -0.0145832  0.00985519  0.777327  -0.0253319  -0.229033  
-0.0131788  -0.0149677  0.00970535  0.768847  -0.0286277  -0.222885  
-0.013258  -0.0146149  0.00995855  0.76824  -0.0240848  -0.243562  
-0.0130696  -0.0146948  0.0102292  0.795735  -0.0361482  -0.240506  
-0.0133548  -0.0161063  0.0113888  0.880501  -0.0396723  -0.233854  
-0.0125017  -0.0155756  0.0110484  0.858319  -0.0212207  -0.233495  
-0.0129905  -0.0161844  0.0113288  0.888705  -0.0182998  -0.195404  
-0.0125615  -0.0166365  0.0124414  0.975681  -0.0524174  -0.219991  
-0.0112867  -0.0174433  0.0130287  0.997299  -0.185487  -0.371025  
-0.00223635  -0.0177569  0.0127342  0.84756  -0.19037  -0.678073  
-0.00597125  -0.0157821  0.0118077  0.745195  -0.0832131  -0.384439  
-0.00853977  -0.0165452  0.0117533  0.748764  -0.0846631  -0.340008  
-0.00863939  -0.0152893  0.0104639  0.705721  -0.0661827  -0.282761  
-0.00860537  -0.0157417  0.0106649  0.73546  -0.0652979  -0.305552  
-0.00922195  -0.0163075  0.0112195  0.787684  -0.0821706  -0.317774  
-0.00922393  -0.016064  0.0110073  0.787396  -0.0728831  -0.300913  
-0.00919807  -0.0166759  0.0120619  0.831277  -0.0797206  -0.317915  
-0.00762224  -0.015654  0.0133714  0.842043  -0.106457  -0.359669  
-0.00702728  -0.0140599  0.0140828  0.806621  -0.147882  -0.334109  
-0.00963026  -0.0139735  0.014776  0.758861  -0.266521  -0.306808  
-0.0112145  -0.0146433  0.0143893  0.753187  -0.294929  -0.224784  
-0.00961577  -0.0142923  0.0136096  0.791355  -0.187028  -0.190389  
-0.00899146  -0.0152333  0.0145905  0.823466  -0.189925  -0.262557  
-0.0101381  -0.0161379  0.014885  0.846187  -0.166704  -0.277495  
-0.0104378  -0.0170556  0.0150805  0.868953  -0.197601  -0.25561  
-0.010921  -0.017717  0.0155447  0.872469  -0.21592  -0.259867  
-0.0112541  -0.0172259  0.0151278  0.849866  -0.233679  -0.277696  
-0.0124563  -0.0169521  0.014993  0.840133  -0.255232  -0.279082  
-0.0115047  -0.0157968  0.014205  0.79244  -0.214623  -0.256597  
-0.0109212  -0.0147162  0.0133238  0.750316  -0.150072  -0.210607  
-0.0119941  -0.0156864  0.0141786  0.785036  -0.155738  -0.243659  
-0.0120405  -0.0162807  0.0143126  0.783783  -0.160305  -0.274088  
-0.0117566  -0.0174133  0.0152462  0.874061  -0.197812  -0.258262  
-0.0112754  -0.0181134  0.0164254  0.924661  -0.237856  -0.253578  
-0.00894152  -0.0180493  0.0170455  0.899915  -0.267281  -0.222106  
-0.0101863  -0.0188129  0.0168767  0.901431  -0.30747  -0.231518  
-0.00976207  -0.0187863  0.0166893  0.882909  -0.354847  -0.286521  
-0.00815113  -0.0178602  0.0153331  0.81731  -0.303111  -0.274878  
-0.00855393  -0.0177009  0.0151969  0.80277  -0.325474  -0.371081  
-0.0052268  -0.0173557  0.0136882  0.711494  -0.165031  -0.336133  
-0.00830299  -0.016401  0.0136145  0.723017  -0.0915883  -0.218483  
-0.00777707  -0.0154591  0.0133292  0.763797  -0.080154  -0.23425  
-0.00756116  -0.0155735  0.0142327  0.814682  -0.0415587  -0.297148  
-0.0078215  -0.0141434  0.0128192  0.746839  -0.0286678  -0.176731  
-0.00795164  -0.0133138  0.0110177  0.785381  -0.0130746  -0.192427  
-0.0075688  -0.013298  0.0115032  0.802763  0.02542  -0.164229  
-0.00669989  -0.0157606  0.0126216  0.910588  0.00911766  -0.218389  
-0.00541086  -0.0169951  0.0142479  0.992727  0.00546531  -0.2277  
-0.00463523  -0.0174711  0.0152144  1.0259  -0.0195278  -0.263089  
-0.00425659  -0.0170749  0.0161313  1.04969  -0.0689727  -0.290941  
-0.00347412  -0.0159935  0.0164538  1.0396  -0.0975142  -0.244604  
-0.0026747  -0.0158736  0.0170979  1.05233  -0.180966  -0.204836  
-0.00333113  -0.0157118  0.0173185  1.055  -0.251164  -0.186158  
-0.00400941  -0.0168931  0.0167827  1.06035  -0.328341  -0.178071  
-0.00313104  -0.0167982  0.0176063  1.04646  -0.443229  -0.20744  
-0.00358575  -0.0186114  0.0179311  1.09463  -0.503171  -0.135828  
-0.00434905  -0.0202452  0.0182961  1.18449  -0.529231  -0.156582  
-0.00349029  -0.0195473  0.0179601  1.15707  -0.516329  -0.107314  
-0.00364067  -0.0206772  0.0184706  1.19044  -0.501826  -0.143173  
-0.00765802  -0.0210695  0.0199962  1.26163  -0.592077  -0.021727  
-0.00457981  -0.0202065  0.0198846  1.19191  -0.581728  0.00703502  
-0.00439663  -0.0191876  0.0202335  1.15892  -0.628211  -0.0585706  
-0.00411425  -0.0186305  0.0199555  1.11862  -0.609778  -0.0562732  
-0.00410795  -0.0170375  0.0198807  1.08086  -0.507796  -0.0693465  
-0.00257763  -0.0154127  0.0172501  1.00296  -0.254846  -0.208412  
-0.00316634  -0.0163385  0.0190789  1.06009  -0.327907  -0.149415  
-0.00426299  -0.0168328  0.0198564  1.09531  -0.382792  -0.0979863  
-0.00358341  -0.0172189  0.0197042  1.05975  -0.413397  -0.106485  
-0.00378546  -0.016721  0.0193355  1.01006  -0.393897  -0.108646  
-0.00309718  -0.0148259  0.0181145  0.906226  -0.279923  -0.143144  
-0.00203249  -0.0136999  0.0174113  0.741652  -0.238424  -0.270538  
-0.00342159  -0.0128297  0.0164296  0.717657  -0.112177  -0.251104  
-0.0022067  -0.0144984  0.0165053  0.76389  -0.126708  -0.202877  
-0.00344455  -0.0139485  0.0162888  0.82089  -0.127519  -0.262427  
-0.00256872  -0.0136653  0.014984  0.742889  -0.0517936  -0.288168  
-0.0017662  -0.0130223  0.0158944  0.787377  -0.0777494  -0.283661  
-0.00192858  -0.0134126  0.0152198  0.735203  -0.0792375  -0.293616  
-0.00286003  -0.0129305  0.0161874  0.690417  -0.154385  -0.288269  
-0.00443652  -0.0132233  0.0143345  0.63022  -0.114315  -0.314334  
-0.00451163  -0.0139469  0.0143041  0.654205  -0.0525522  -0.259605  
-0.00252532  -0.0143202  0.0162588  0.745287  -0.0412009  -0.0346943  
0.00076293  -0.0150072  0.0169042  0.797086  -0.11236  -0.109717  
0.000910781  -0.0146578  0.0169283  0.78016  -0.0935445  -0.162405  
-0.00101599  -0.0124466  0.0137241  0.645004  -0.0501235  -0.117544  
-0.00102582  -0.0119865  0.0131745  0.636463  -0.0437505  -0.113645  
-0.00116466  -0.0116202  0.01228  0.582889  -0.0102478  -0.121208  
-0.000378177  -0.0114552  0.011644  0.589063  -0.0328238  -0.0849341  
-0.000277376  -0.0117388  0.0116324  0.568333  -0.0345688  -0.0742778  
-0.000567629  -0.012126  0.0110829  0.620768  0.0646313  0.0656984  
-0.000193537  -0.0121584  0.011306  0.635878  -0.0517842  -0.124717  
3.38712e-05  -0.0119943  0.011493  0.54301  0.0714112  -0.296555  
0.000160561  -0.0108853  0.0107557  0.479771  0.0869239  -0.305982  
-0.00210232  -0.011038  0.0106881  0.486317  -0.0237958  -0.30161  
-0.00696248  -0.0112228  0.0147886  0.548379  0.18628  0.0225933  
-0.00710367  -0.010525  0.0110987  0.522807  0.111447  0.00564283  
0.000941534  -0.00971371  0.0110315  0.489351  0.0119508  -0.578674  
-0.00260276  -0.00980225  0.0101566  0.440201  0.00731685  -0.476302  
-0.00456743  -0.0101024  0.00929713  0.435854  0.0610927  -0.429394  
-0.00489806  -0.0102893  0.00954575  0.435835  0.0326228  -0.448389  
-0.00294497  -0.00922541  0.00900214  0.412391  0.0834518  -0.373147  
-0.00275264  -0.00954126  0.00840249  0.426414  0.0684253  -0.322677  
-0.00359555  -0.0102218  0.00904218  0.445268  0.0707973  -0.445784  
-0.0043944  -0.0114872  0.00984909  0.44679  0.0495904  -0.441317  
-0.00203959  -0.0115829  0.00963623  0.458878  0.139177  -0.394196  
-0.00350973  -0.0115753  0.00905585  0.484712  0.103377  -0.45656  
-0.00329882  -0.0109752  0.00889567  0.451204  0.154461  -0.300423  
0.00987923  -0.0174584  0.00727976  0.486903  0.494828  0.508325  
-0.00342765  -0.0113148  0.00245296  0.267921  0.587847  2.76718  
-0.000550128  -0.010058  0.00117425  0.0904921  0.344691  2.94492  
0.0110175  -0.00673006  0.00294699  0.212715  0.874672  1.05858  
0.0153644  -0.00769214  0.00366074  0.274295  1.0006  0.628556  
0.0164452  -0.00961792  0.00482109  0.308347  1.14352  0.467941  
0.021375  -0.0103299  0.00490615  0.353669  1.25773  0.816407  
0.0203671  -0.0117649  0.00524124  0.388182  1.18949  0.82012  
0.0205341  -0.0122259  0.00556037  0.383538  1.22726  0.781922  
0.0232532  -0.0126791  0.00573284  0.349795  1.2662  0.774655  
0.0260872  -0.0135145  0.00639704  0.39625  1.28868  0.787059  
0.0291802  -0.01203  0.00554929  0.382913  1.32403  0.890527  
0.0302723  -0.010866  0.0056331  0.365736  1.3146  0.831996  
0.0312524  -0.0110211  0.00554787  0.339503  1.35425  0.832944  
0.0312401  -0.0107785  0.00538889  0.315983  1.36421  0.84436  
0.0295269  -0.0097103  0.00451348  0.280526  1.36867  0.87322  
0.0285204  -0.00932827  0.00386576  0.266719  1.31701  0.804617  
0.0312979  -0.00949958  0.00409555  0.272167  1.32407  0.73365  
0.0346812  -0.00974952  0.00406699  0.288637  1.42827  0.77643  
0.0344105  -0.0101863  0.00410293  0.292383  1.38765  0.751592  
0.0313803  -0.0089605  0.00385256  0.278437  1.34024  0.738707  
0.028498  -0.00911987  0.00355711  0.256113  1.29731  0.722801  
0.0288447  -0.0093097  0.00379244  0.259292  1.29144  0.731154  
0.0282274  -0.00925718  0.00399396  0.251858  1.35735  0.711972  
0.0311801  -0.00925718  0.00399423  0.266553  1.45871  0.69883  
0.030783  -0.00852317  0.00386897  0.277213  1.34557  0.743622  
0.0304423  -0.0083775  0.0037994  0.241104  1.41741  0.722706  
0.0283404  -0.00760893  0.00376055  0.241935  1.33044  0.832109  
0.0289055  -0.0074424  0.00345669  0.230761  1.33369  0.769573  
0.0281694  -0.00891973  0.00407211  0.24055  1.33932  0.783908  
0.00214726  -0.0339633  0.0117253  0.516913  0.575417  0.877189  
0.0142894  -0.0127345  0.00522448  0.256147  1.29592  0.507146  
0.0145732  -0.0111247  0.00382755  0.217194  1.12219  0.532605  
0.0152233  -0.0121139  0.00409416  0.219439  1.13853  0.546098  
0.0150885  -0.0123785  0.00409416  0.210299  1.15274  0.557794  
0.0159222  -0.011005  0.00386815  0.20105  1.14754  0.636758  
0.0156552  -0.0109416  0.00324085  0.178907  1.13285  0.585262  
0.0147942  -0.0103773  0.0033679  0.184889  1.14774  0.638099  
0.01553  -0.00904766  0.00339602  0.189387  1.16227  0.707838  
0.0170234  -0.00919023  0.00345477  0.181717  1.19309  0.651174  
0.0155866  -0.00982462  0.00310246  0.193123  1.10259  0.541139  
0.0142595  -0.0095971  0.00299703  0.20047  1.12737  0.526562  
0.0139078  -0.00930223  0.0032468  0.195069  1.14532  0.55919  
0.0167648  -0.0076255  0.00343386  0.278186  1.26203  1.45416  
0.00215733  -0.0125909  0.0101741  0.488447  0.944043  2.5426  
0.00245564  -0.0160288  0.00810707  0.565533  0.728291  2.03228  
0.0132837  -0.00279223  0.00168108  0.252082  1.03909  0.652402  
0.0123665  -0.00255051  0.00085713  0.205941  1.13736  0.554963  
0.0120577  -0.00238481  0.000836111  0.197572  1.13623  0.573366  
0.0115585  -0.00221439  0.000710222  0.197415  1.14487  0.566351  
0.0123133  -0.00230491  0.00082335  0.195333  1.15331  0.536256  
0.0111186  -0.00232451  0.000961778  0.194605  1.13003  0.522324  
0.0102537  -0.00274429  0.00116025  0.219755  1.15249  0.680279  
0.00930811  -0.00266425  0.0023341  0.218283  1.12436  0.99647  
