-0.00313584  -0.000437124  0.00206962  0.149717  -0.157673  0.0665344  
-0.00338631  -0.000200656  0.00260434  0.121053  -0.147876  0.096515  
-0.00201307  -0.000398387  0.000418023  0.0663425  -0.231652  0.0750505  
-0.000964306  -0.000672216  0.000609428  0.0863474  -0.271759  0.0336201  
-0.00111455  -0.000529193  0.000948053  0.100929  -0.236942  0.0375785  
-0.000859633  -0.000587127  0.000418023  0.0767479  -0.234818  0.0416377  
-0.000593292  -0.00097102  0.000418023  0.0975137  -0.144968  -0.0492328  
-0.00166712  -0.000811233  0.000994718  0.128476  -0.116268  0.0609201  
-0.0016483  -0.000668634  0.000958834  0.122744  -0.171222  0.0373384  
-0.00158622  -0.000860059  0.00102543  0.117297  -0.157064  0.0800529  
-0.00224189  -0.000944906  0.00106914  0.109131  -0.147175  0.0491036  
-0.00209923  -0.000708298  0.000856699  0.124856  -0.208723  0.0454966  
-0.00290645  -0.000931251  0.000920238  0.109432  -0.123829  0.0798468  
-0.00280881  -0.000975867  0.00102013  0.115465  -0.178953  0.0366252  
-0.00267107  -0.00119874  0.000898085  0.112407  -0.167936  0.0962201  
-0.00421704  -0.0010362  0.000792618  0.105701  -0.15436  0.213986  
-0.00593084  -0.0003464  0.000564898  0.0813946  -0.307436  0.504177  
-0.00313819  -0.000444979  0.000792618  0.0878001  -0.210952  0.158411  
-0.00369355  -0.000776189  0.000474792  0.118571  -0.258061  0.257281  
-0.0035985  -0.000877162  0.000792618  0.105928  -0.146309  0.233098  
-0.00266496  -0.000762066  0.000604686  0.0964144  -0.244771  0.161374  
-0.00326827  0.000701599  0.000352628  0.109556  -0.214614  0.337727  
-0.00291721  0.0011309  0.000345906  0.0882655  -0.243154  0.263463  
-0.00274031  0.00107126  0.000475417  0.0755613  -0.248697  0.327227  
-0.00294192  0.00178526  -0.000216981  0.031089  -0.238336  0.268181  
-0.00064258  0.00809855  -0.00323273  -0.223754  -0.211816  0.231631  
-0.0021959  0.00195744  5.19084e-05  0.0348102  -0.180788  0.311606  
-0.00162837  0.0031868  -0.000189052  -0.000415148  -0.247305  0.326431  
-0.00245275  0.00240404  8.9851e-05  0.00719188  -0.195255  0.388591  
-0.00154735  0.00206294  -0.000281539  0.00305681  -0.351278  0.200763  
0.00254663  0.00248885  -0.00122534  -0.0653288  -0.329043  -0.0964997  
0.000411484  0.00206294  -0.000659684  0.0147433  -0.243662  0.0961616  
0.000296103  0.00198493  -0.000144321  0.0287923  -0.205154  0.16467  
-6.13571e-05  0.00213844  -0.000216846  0.0315837  -0.280057  0.15777  
-0.000337728  0.00206294  -3.92863e-05  0.0266768  -0.219387  0.2177  
-0.000410407  0.00195352  0.000240852  0.0365716  -0.201776  0.21764  
-0.000460193  0.00206294  0.000240852  0.0204998  -0.266455  0.200625  
-0.000929625  0.00215308  0.000240852  0.0219986  -0.213471  0.243379  
-0.00107416  0.0018776  0.000240852  0.0204076  -0.223089  0.181845  
-0.000937376  0.00219445  0.000188469  0.0217211  -0.24444  0.224372  
-0.000975135  0.00185417  0.000240852  0.0339737  -0.189668  0.206461  
-0.000981345  0.00185417  0.000240852  0.0215785  -0.253701  0.193029  
-0.00147266  0.00180312  0.000360653  0.0301924  -0.193192  0.232427  
-0.00117632  0.00192345  0.000240853  0.0380001  -0.248572  0.205534  
-0.00164755  0.00144773  0.000343734  0.0415447  -0.175385  0.245682  
-0.00111174  0.00173971  0.000313163  0.0462811  -0.247256  0.209479  
-0.00182513  0.00144773  0.000509674  0.0449342  -0.186886  0.243672  
-0.00143811  0.00197387  0.000240853  0.0458469  -0.253856  0.201714  
-0.00175047  0.00150228  0.000453496  0.048353  -0.201339  0.267541  
-0.00157444  0.00166476  0.000505532  0.0457994  -0.234681  0.193033  
-0.0013732  0.00189711  0.000240853  0.0415473  -0.227344  0.262795  
-0.00166923  0.00144773  0.000421613  0.0380383  -0.189014  0.197045  
-0.000971057  0.00185234  0.000240853  0.037992  -0.243367  0.229772  
-0.0015193  0.00170386  0.000546259  0.0415087  -0.17714  0.234397  
-0.00110139  0.00184872  0.000240853  0.0380241  -0.242849  0.172791  
-0.000393451  0.00188127  0.000346919  0.041269  -0.152712  0.130387  
0.000105379  0.0017196  0.000240853  0.0379783  -0.21051  0.0832443  
-0.000715174  0.00197241  0.000240853  0.0379765  -0.168177  0.150455  
-0.000500738  0.00185961  0.000240853  0.0257102  -0.180992  0.137074  
-0.000600987  0.00191386  0.000240853  0.0230056  -0.200458  0.135173  
-0.000564031  0.00197242  0.000240853  0.0214926  -0.13549  0.131139  
-0.000127236  0.00197242  8.27419e-05  0.00920061  -0.199015  0.113427  
-0.00106367  0.00197242  0.000240853  0.0108949  -0.149532  0.168546  
-8.69655e-05  0.00197242  0.000240853  0.0183035  -0.192593  0.124407  
-0.000970469  0.00189667  0.000240853  0.0255124  -0.178832  0.189567  
-0.00146118  0.00197242  0.000404929  0.0263311  -0.145912  0.206564  
-0.00101754  0.00197242  0.000240853  0.0337574  -0.211248  0.176045  
-0.00143779  0.00230106  1.85976e-05  0.0183248  -0.164123  0.186442  
0.000142049  0.00794793  -0.00282392  -0.17531  -0.210474  0.222264  
-0.000352417  0.00625653  -0.00256078  -0.126215  -0.190511  0.222666  
1.11749e-05  0.00495019  -0.00165713  -0.110357  -0.162369  0.209772  
-0.000539246  0.00495019  -0.00154349  -0.109905  -0.231983  0.183443  
0.000142774  0.00495019  -0.00150541  -0.104696  -0.201986  0.223019  
-2.8536e-05  0.00495019  -0.00129801  -0.106709  -0.16754  0.222994  
-0.000365157  0.00495019  -0.00140832  -0.100385  -0.211611  0.184373  
-0.00021775  0.00489462  -0.00140832  -0.0933387  -0.185598  0.204854  
-0.00018339  0.00419384  -0.00123496  -0.0771005  -0.156001  0.220434  
-4.32337e-06  0.00448388  -0.00119339  -0.0798588  -0.219539  0.214083  
-0.000879658  0.00397192  -0.00091425  -0.0705168  -0.141445  0.233271  
-0.0003317  0.00701114  -0.00175638  -0.170861  -0.217609  0.241934  
-0.000342674  0.0050235  -0.00170055  -0.0665694  -0.164911  0.290164  
-0.000936497  0.00457201  -0.00134679  -0.06196  -0.16496  0.256712  
-0.000406936  0.00473618  -0.00135252  -0.0745489  -0.232096  0.244105  
-0.000815461  0.00457201  -0.00127247  -0.0746945  -0.151174  0.253067  
-0.000165545  0.0046988  -0.00135252  -0.0785091  -0.209974  0.236504  
-0.00063567  0.00504104  -0.00135252  -0.0902429  -0.184857  0.288622  
-0.000541374  0.0049851  -0.00135252  -0.100682  -0.202505  0.221316  
-0.000418834  0.00474559  -0.00127535  -0.0909408  -0.211028  0.269351  
-0.00118011  0.00457834  -0.00097535  -0.0912823  -0.157408  0.26118  
-0.000599448  0.0046951  -0.00115772  -0.09006  -0.244032  0.241497  
-0.000987941  0.00467675  -0.00109676  -0.0948562  -0.21231  0.281956  
-0.00138064  0.0044811  -0.0011788  -0.0727138  -0.257648  0.234292  
0.000796988  0.00387617  -0.00133437  -0.0726542  -0.315801  0.0905826  
-0.000231421  0.00408888  -0.00124338  -0.0727312  -0.159888  0.0826791  
0.000239485  0.00379264  -0.000982259  -0.0727132  -0.136973  0.111083  
0.000591326  0.00376114  -0.00113011  -0.0668001  -0.210139  0.125878  
0.000373682  0.00391426  -0.00115824  -0.0692886  -0.168731  0.169229  
0.00022534  0.0038238  -0.000988066  -0.0702406  -0.143232  0.204255  
0.00056662  0.00427946  -0.001146  -0.0860157  -0.215976  0.187876  
-0.000301867  0.00402618  -0.000953729  -0.0853818  -0.154521  0.199715  
0.000716877  0.00408554  -0.00103897  -0.0848124  -0.199585  0.173901  
0.000214323  0.00437828  -0.000976856  -0.0855566  -0.183608  0.229003  
-0.00059633  0.00393434  -0.000976856  -0.0825305  -0.16775  0.164478  
0.000118252  0.00448132  -0.00122308  -0.0835345  -0.205166  0.197026  
-0.000320987  0.00393434  -0.000976856  -0.0856675  -0.132246  0.241443  
-0.000601806  0.00393434  -0.000976856  -0.0732878  -0.180362  0.187167  
3.75944e-05  0.00393434  -0.000976856  -0.0767385  -0.167449  0.211445  
-0.000580908  0.00393434  -0.000860233  -0.0787601  -0.138454  0.215581  
-0.00198561  0.00445334  -0.000803052  -0.10691  -0.193277  0.306813  
-0.000584765  0.00438753  -0.000837504  -0.101135  -0.158337  0.252057  
-0.000905084  0.00425573  -0.000976856  -0.108297  -0.184055  0.198718  
-0.00071043  0.00439777  -0.000976856  -0.109637  -0.197824  0.231149  
-0.000675123  0.00429954  -0.000891062  -0.0999196  -0.135772  0.261442  
-0.000624192  0.0043493  -0.000964536  -0.099374  -0.202294  0.240384  
-0.000963033  0.00458858  -0.000964536  -0.103215  -0.185573  0.247505  
-0.00111963  0.00426721  -0.000790521  -0.104118  -0.159453  0.263863  
-0.00061606  0.00440029  -0.000899858  -0.109692  -0.215195  0.263424  
-0.00104037  0.00437154  -0.000890262  -0.105933  -0.1688  0.297005  
-0.00122308  0.00410005  -0.000821768  -0.0982148  -0.189563  0.241304  
-0.000803745  0.00427419  -0.00102544  -0.0973977  -0.198498  0.287652  
-0.00148595  0.00405568  -0.000780335  -0.0953497  -0.150729  0.270517  
-0.00114693  0.00393433  -0.000914451  -0.0879905  -0.231724  0.234465  
-0.00154308  0.00393433  -0.000914451  -0.088979  -0.174308  0.298096  
-0.00143952  0.00382314  -0.000914451  -0.0781214  -0.178142  0.238478  
-0.001162  0.00379739  -0.000878255  -0.090073  -0.204066  0.259446  
-0.00140676  0.00350473  -0.000585714  -0.0781436  -0.145586  0.284381  
-0.000858814  0.00350473  -0.000582993  -0.03433  -0.295525  0.163131  
0.00205036  0.00235919  -0.000658853  -0.0475187  -0.160855  -0.112002  
0.000122587  0.00213104  -0.000323469  -0.0399456  -0.0569307  0.0189534  
0.000502213  0.00228186  -0.000658853  -0.0145067  -0.181436  0.036015  
0.000259478  0.00241536  -0.000515315  -0.0257741  -0.0888113  0.101338  
3.30461e-05  0.00244166  -0.000658853  -0.0215888  -0.120838  0.0520274  
0.000691491  0.00277268  -0.000658853  -0.0195669  -0.151361  0.0811621  
-0.000128864  0.00275674  -0.000564886  -0.0310119  -0.0863746  0.131781  
1.38147e-05  0.00291574  -0.000658853  -0.029904  -0.146069  0.0704362  
0.00047087  0.00296978  -0.000658853  -0.0328154  -0.142982  0.114312  
-0.00033575  0.00266591  -0.000600336  -0.0230605  -0.0909142  0.1187  
0.000448681  0.0026659  -0.000658853  -0.0196149  -0.15929  0.0947707  
0.000265159  0.0026659  -0.000658853  -0.0196149  -0.106726  0.158243  
0.000172263  0.0026659  -0.000658853  -0.0316944  -0.122114  0.130831  
-0.000246514  0.00276881  -0.000658853  -0.0140496  -0.155248  0.166349  
-0.000472557  0.0026659  -0.000658853  -0.0187539  -0.09169  0.142146  
-3.94703e-05  0.00284768  -0.000658853  -0.0327162  -0.175326  0.127087  
-0.000407869  0.0026659  -0.000658853  -0.0324767  -0.0971313  0.189247  
-0.000274254  0.0026659  -0.000658853  -0.0296151  -0.141063  0.122789  
-0.000320655  0.00294204  -0.000658854  -0.0331779  -0.119949  0.194932  
-0.00052242  0.0026659  -0.000658854  -0.0394313  -0.119965  0.123858  
-0.000261993  0.00300567  -0.000896059  -0.0406019  -0.141129  0.166284  
-0.00115311  0.00278696  -0.000658854  -0.039847  -0.099576  0.139253  
-0.000179076  0.00307529  -0.000658853  -0.0423574  -0.176621  0.162248  
-0.00108459  0.00287723  -0.000658853  -0.045552  -0.0934673  0.201405  
-0.000591612  0.00307761  -0.000711468  -0.0575458  -0.134467  0.128935  
-0.000128788  0.00284897  -0.000658854  -0.0572502  -0.122894  0.2021  
-0.000698963  0.00309583  -0.000658853  -0.0506559  -0.108257  0.156069  
-0.000575808  0.00318837  -0.000658853  -0.0570779  -0.139454  0.199402  
-0.00108362  0.0026659  -0.000658854  -0.0434473  -0.0901417  0.142732  
-0.000284833  0.00296445  -0.000760699  -0.0434808  -0.158286  0.15191  
-0.00119781  0.0026659  -0.00060267  -0.0387335  -0.0922507  0.203409  
-0.000639921  0.0026659  -0.000658854  -0.0479689  -0.125349  0.132487  
-0.000594392  0.00286403  -0.000658854  -0.0345777  -0.119306  0.215406  
-0.000960958  0.00283726  -0.000658854  -0.0349636  -0.108078  0.158444  
-0.000497194  0.00285156  -0.000598983  -0.0365727  -0.147616  0.163991  
-0.000428995  0.00257649  -0.00055377  -0.0479563  -0.0868025  0.205347  
-0.00170575  0.0035839  -0.000658854  -0.0796297  -0.147932  0.281754  
-0.000935944  0.00353861  -0.000760525  -0.0686094  -0.0992531  0.251013  
-0.000749877  0.00327479  -0.000658854  -0.051845  -0.153855  0.188914  
-0.00131785  0.00312168  -0.000658854  -0.0574131  -0.119684  0.232612  
-0.00204519  0.00261381  -0.000442987  -0.051769  -0.0899106  0.242199  
-0.00200829  0.0029146  -0.000580011  -0.0541713  -0.144545  0.249708  
-0.00205683  0.00272624  -0.000242568  -0.0540528  -0.0789457  0.282773  
-0.00157291  0.00303251  -0.000554621  -0.0558433  -0.146671  0.221703  
-0.00159717  0.00306151  -0.000540786  -0.0525738  -0.122145  0.247769  
-0.00168054  0.0029239  -0.000504577  -0.0538394  -0.102158  0.256179  
-0.00205599  0.00311733  -0.000251614  -0.056351  -0.128792  0.255407  
-0.00247307  0.00290586  -0.000251614  -0.0631804  -0.0769205  0.275764  
-0.0017079  0.00306179  -0.000251614  -0.0592558  -0.124351  0.234779  
-0.00183516  0.00312134  -0.000251615  -0.0640219  -0.105315  0.282498  
-0.00235797  0.00291941  -0.000485372  -0.0563873  -0.104538  0.23729  
-0.00164577  0.0031267  -0.000632091  -0.0648161  -0.145243  0.262305  
-0.00226197  0.00287506  -0.000251615  -0.0652245  -0.0893517  0.262239  
-0.001879  0.00317935  -0.000585487  -0.0754708  -0.159888  0.218394  
-0.00195195  0.00328985  -0.000629748  -0.0705583  -0.103495  0.262246  
-0.00171327  0.00318784  -0.000662418  -0.0691606  -0.135465  0.193944  
-0.00166649  0.00335612  -0.000662418  -0.0720327  -0.136207  0.216782  
-0.00184764  0.00297953  -0.000666691  -0.0692104  -0.100078  0.218606  
-0.00154471  0.0031069  -0.000724941  -0.0574882  -0.199923  0.193503  
0.00158339  0.00297953  -0.000645283  -0.0524942  -0.194031  -0.133352  
0.000225118  0.00225305  -0.00027459  -0.00089948  -0.0421469  0.00526353  
-2.94797e-05  0.00237973  -0.000553473  -0.0270281  -0.13605  0.0523284  
-0.000543782  0.00237828  -0.000553473  -0.0181573  -0.0897068  0.149312  
-0.000887991  0.00217461  -0.000553473  -0.0230762  -0.0820706  0.104674  
-0.000470988  0.00254286  -0.00047851  -0.0365013  -0.134811  0.145201  
-0.000966985  0.00250997  -0.000383863  -0.051182  -0.0773846  0.155985  
-0.000751557  0.00273648  -0.000553473  -0.0470444  -0.13353  0.139169  
-0.00279328  0.00304822  -0.000553473  -0.0627002  -0.0684261  0.257721  
-0.00614454  0.00430357  -0.000957234  -0.0778863  -0.164518  0.573703  
-0.00329156  0.00325537  -0.000553473  -0.0665119  -0.115868  0.342633  
-0.00318161  0.00363574  -0.000843857  -0.0821281  -0.131264  0.335451  
-0.00345252  0.00352124  -0.00073893  -0.0801831  -0.120897  0.401225  
-0.00337328  0.00351863  -0.000888027  -0.0803776  -0.0996891  0.341228  
-0.0029298  0.00351063  -0.000747326  -0.0828715  -0.155505  0.371078  
-0.0037121  0.00325537  -0.000811722  -0.0781036  -0.0948148  0.387516  
-0.00288895  0.00325537  -0.000842722  -0.063726  -0.152944  0.350817  
-0.00389398  0.00325537  -0.000553474  -0.077758  -0.0998685  0.397569  
-0.00304546  0.00337758  -0.000834455  -0.063771  -0.143839  0.353221  
-0.00293989  0.00325537  -0.000735389  -0.0741388  -0.126928  0.366307  
-0.0039886  0.00318641  -0.000553474  -0.0694477  -0.099506  0.382187  
-0.00301286  0.00325537  -0.000553474  -0.066041  -0.158716  0.337832  
-0.00494252  0.00365821  -0.000736009  -0.081699  -0.0935786  0.473906  
-0.0058045  0.00400712  -0.0006005  -0.0887402  -0.138251  0.563062  
-0.00333139  0.00352626  -0.000544828  -0.0763203  -0.171127  0.383133  
-0.00193249  0.0030889  -0.000479194  -0.0764948  -0.0890484  0.199958  
-0.00101664  0.00325537  -2.52263e-05  -0.000675483  -0.198268  0.182587  
-0.000670891  0.00305638  -0.000341335  -0.0331973  -0.17701  0.182766  
0.000316807  0.0022579  -0.000175829  -0.0236683  -0.183383  -0.00394851  
0.00156216  0.0023238  -0.000604112  -0.0349363  -0.121705  -0.118204  
5.65034e-05  0.00227731  -0.000604111  -0.0424766  -0.073764  0.0506798  
-0.000411914  0.00218048  -0.000604112  -0.0622739  -0.0398226  0.0808909  
-0.000368082  0.00259245  -0.000604111  -0.0653506  -0.11833  0.0808368  
-0.000690285  0.00246869  -0.000604111  -0.0621684  -0.0873148  0.103708  
-0.000924784  0.00226581  -0.000604111  -0.0614646  -0.0433705  0.1435  
-0.000590001  0.00248896  -0.000604111  -0.0631681  -0.11872  0.0944725  
-0.000435931  0.00244072  -0.000604111  -0.0637327  -0.0872215  0.129896  
-0.000520714  0.00259703  -0.000604112  -0.0794167  -0.0630461  0.124682  
-0.000872831  0.00290131  -0.000604112  -0.0770987  -0.118673  0.0826824  
-0.000548493  0.00264872  -0.000685314  -0.0795436  -0.0603588  0.120442  
-0.000562467  0.00259703  -0.000604112  -0.0607392  -0.0632395  0.129867  
-0.000423298  0.00259703  -0.000604112  -0.0607392  -0.112104  0.0966639  
-0.00155329  0.00259703  -0.000464419  -0.0607415  -0.046876  0.141714  
-0.00108327  0.00259703  -0.000604112  -0.0607392  -0.092404  0.097629  
-0.00105763  0.00259703  -0.000664525  -0.0755851  -0.0743081  0.136778  
-0.00120506  0.0025458  -0.000604112  -0.0771576  -0.0562881  0.118217  
-0.000340265  0.00259703  -0.000604112  -0.08075  -0.116403  0.130249  
-0.000953739  0.00304513  -0.000604112  -0.0800107  -0.0607343  0.16037  
-0.00150944  0.00261214  -0.000604112  -0.0774807  -0.0711767  0.12367  
-0.000588183  0.00285076  -0.000604112  -0.0777976  -0.113486  0.0862127  
-0.00101421  0.0025339  -0.000508997  -0.0764348  -0.0525163  0.150894  
-0.00109402  0.00260683  -0.000604112  -0.0747879  -0.0845494  0.0820908  
-0.000482028  0.00304654  -0.000604112  -0.0780944  -0.0905108  0.114743  
-0.00152507  0.00271571  -0.000604112  -0.07935  -0.0346082  0.0965923  
-0.00125867  0.00294628  -0.000604112  -0.0805579  -0.09267  0.0850234  
-0.00148948  0.00280486  -0.000604112  -0.0862001  -0.0269772  0.102038  
-0.00131703  0.00279851  -0.000604112  -0.079999  -0.0939379  0.0907875  
-0.00147664  0.0023686  -0.000604112  -0.0765638  -0.0482457  0.142378  
-0.00134232  0.00251708  -0.000604112  -0.0729353  -0.0721414  0.0894677  
-0.000935537  0.00268125  -0.000518816  -0.0785121  -0.0683344  0.143536  
-0.00185512  0.0026339  -0.000604112  -0.0821222  -0.0354982  0.16679  
-0.00454677  0.00350355  -0.000573304  -0.108965  -0.162512  0.564047  
-0.00263104  0.0026714  -0.000579508  -0.0713924  -0.106497  0.282928  
-0.00244279  0.00268035  -0.000399452  -0.0532298  -0.140314  0.226146  
-0.00301043  0.00225738  -0.000399452  -0.0514089  -0.0772019  0.271776  
-0.00206962  0.00242555  -0.000399452  -0.0568472  -0.131767  0.225689  
-0.00260038  0.00249651  -0.000637677  -0.0639879  -0.0712926  0.256947  
-0.00241671  0.00265148  -0.000485414  -0.0703955  -0.0712286  0.225934  
-0.00212698  0.00286464  -0.000399452  -0.0714217  -0.119033  0.238594  
-0.00290263  0.00266058  -0.000399452  -0.0730799  -0.0713053  0.266629  
-0.00241969  0.00266058  -0.000399452  -0.0743677  -0.113547  0.213558  
-0.00225562  0.00279356  -0.000399452  -0.0684892  -0.113327  0.24692  
-0.00272974  0.00266058  -0.00033949  -0.0684752  -0.0618972  0.249655  
-0.00242753  0.00266058  -0.000399452  -0.0684682  -0.138401  0.222981  
-0.00290522  0.00266058  -0.000336045  -0.068475  -0.0615848  0.271087  
-0.00249554  0.00266058  -0.000333748  -0.0756504  -0.121703  0.235569  
-0.00226973  0.00266058  -0.000399452  -0.0801988  -0.105427  0.235592  
-0.00239879  0.00248889  -8.77636e-05  -0.0746802  -0.0589084  0.224233  
-0.00213933  0.00258731  -0.000388756  -0.0661776  -0.118478  0.180986  
-0.00267812  0.00224835  -0.000270611  -0.0681005  -0.067489  0.243132  
-0.0024632  0.00255367  -0.000270611  -0.0800801  -0.0951241  0.177049  
-0.00168486  0.00248864  -0.000270611  -0.0750487  -0.11033  0.212797  
-0.00266867  0.00242843  -0.000270611  -0.0693918  -0.0674753  0.254524  
-0.00198327  0.00224835  -0.000270611  -0.0654667  -0.101785  0.169411  
-0.00211708  0.00242262  -0.000270611  -0.0654883  -0.0996991  0.228121  
-0.0026096  0.00218214  -0.000270611  -0.0601291  -0.064766  0.201778  
-0.00213882  0.00224835  -0.000270611  -0.0681956  -0.140161  0.188197  
-0.00271298  0.00229873  0.00012582  -0.0583478  -0.151872  0.20424  
-0.00111712  0.00255058  0.000545785  0.00236876  -0.271443  0.115859  
-0.00148966  0.00254049  -0.000387428  -0.0778932  -0.207901  0.0710549  
-0.00107865  0.00224835  -8.72584e-05  -0.0699066  -0.137492  0.0645697  
-0.000332728  0.00224835  7.25293e-05  -0.0412842  -0.177281  -0.0413978  
0.000695676  0.00181262  -0.000438145  -0.0600748  -0.0162789  -0.196265  
8.94818e-05  0.00232584  -8.72585e-05  -0.0732948  -0.00824072  -0.0882538  
-2.03877e-05  0.00200782  -8.72585e-05  -0.0772526  -0.0208967  -0.0732701  
5.19459e-05  0.00232255  -0.000401416  -0.0877556  -0.0724292  -0.0271875  
-0.000393563  0.00210201  -0.00027  -0.0877844  -0.013984  0.016714  
-0.000398972  0.002194  -8.72585e-05  -0.0877808  -0.0813222  0.0241885  
-0.000788464  0.00230828  -0.00037171  -0.0944742  -0.0734727  0.0400345  
-0.00100133  0.00181262  -0.000139567  -0.0877914  -0.0274319  0.039038  
-0.000789589  0.00219065  -0.000295086  -0.0898522  -0.102533  0.0173971  
-0.000789589  0.00211421  -0.000391257  -0.0877585  -0.0719069  0.0271501  
-0.000910259  0.00181262  -8.72585e-05  -0.0877976  -0.0296649  0.040227  
-0.000875114  0.00209819  -0.000531928  -0.0877583  -0.0911404  0.00770494  
-0.00110534  0.00238234  -0.000351325  -0.0877615  -0.0475292  0.0395576  
-0.00137012  0.00181262  -0.000120232  -0.0877781  -0.0191499  0.00843798  
-0.00094439  0.0021661  -0.000356868  -0.0877419  -0.0935229  0.0410522  
-0.00168491  0.00202179  -0.000303065  -0.0935575  -0.0230897  0.0713179  
-0.00153839  0.00193325  -0.000303065  -0.0922324  -0.0366867  0.0108065  
-0.000666384  0.00212391  -0.000438066  -0.102037  -0.0720365  0.0362168  
-0.00167427  0.00244976  -0.000783088  -0.0877728  -0.0114703  0.0724661  
-0.00124382  0.00194945  -0.000430205  -0.0831897  -0.0806853  0.023611  
-0.00200784  0.0021765  -0.000313428  -0.0859779  -0.0126558  0.0905287  
-0.00135482  0.00214551  -0.000376491  -0.0890306  -0.0679463  0.0445406  
-0.00137821  0.0021601  -0.000376491  -0.0890199  -0.057778  0.0712766  
-0.00192894  0.00181262  -0.000146472  -0.0847476  -0.00857669  0.113359  
-0.000862953  0.00203127  -1.46129e-05  -0.0693166  -0.159172  0.00341923  
0.00253987  0.0022681  -0.000898675  -0.0998737  -0.191145  -0.299597  
0.00108151  0.00254612  -0.000961689  -0.125255  -0.0307275  -0.219307  
0.000268363  0.00181262  -4.34413e-05  -0.0645872  -0.0131345  -0.0763693  
0.000376723  0.00127645  -0.000276795  -0.0628317  -0.0587063  -0.120641  
-8.08314e-05  0.00146293  -0.000406981  -0.0678344  -0.0575254  -0.0513213  
-0.000609414  0.00113528  -0.000546506  -0.070762  -0.00588127  -0.0234563  
-0.000346496  0.00135804  -0.000546505  -0.0813991  -0.0873203  -0.0365071  
-0.000486941  0.00156331  -0.000546506  -0.0893808  -0.0381837  0.0154416  
-0.00074217  0.0015964  -0.000633142  -0.0875644  -0.0321848  -0.035439  
-0.000208362  0.00178937  -0.000753997  -0.101987  -0.0773865  -0.0356936  
-0.000444149  0.00184773  -0.000778349  -0.0875648  -0.044041  -0.00670164  
-0.00144834  0.00119678  -0.000546506  -0.0645206  0.00390295  0.0717613  
-0.000555899  0.00184759  -0.000546506  -0.0687093  -0.0710353  0.00332174  
-0.000413534  0.00179029  -0.000546506  -0.0605358  -0.0749051  0.0536473  
-0.000935084  0.00177039  -0.000546506  -0.0629999  -0.0285332  0.0244615  
-0.000165225  0.00185528  -0.000751368  -0.0738536  -0.0824832  0.0153378  
-0.000667492  0.00155553  -0.000834135  -0.0770407  -0.0431522  0.0711131  
-0.00112511  0.00186968  -0.000546506  -0.0781568  -0.0395647  0.0234455  
-0.000483603  0.00149804  -0.000951689  -0.0790465  -0.0875016  0.0302557  
-0.000836095  0.00169173  -0.000644871  -0.0764214  -0.0281998  0.119675  
-0.000339025  0.00169174  -0.000675337  -0.0851539  -0.0862154  0.047839  
-0.000375  0.00169173  -0.000841211  -0.0753757  -0.0655246  0.06289  
-0.001274  0.00169174  -0.000621065  -0.0745049  -0.0220747  0.0621904  
-0.000315949  0.00161975  -0.00081451  -0.0799075  -0.0845786  0.00200462  
-0.00113166  0.00142051  -0.00064473  -0.0741454  -0.0133015  0.00918214  
-0.000796684  0.00126976  -0.000797555  -0.0626315  -0.0808398  -0.00645208  
-0.000688615  0.00148495  -0.00068085  -0.0731224  -0.0368025  0.0757842  
-0.000822521  0.00144517  -0.000643397  -0.0791943  -0.0262594  0.0529536  
1.88458e-05  0.00179848  -0.000951691  -0.0782397  -0.0834956  0.0688672  
-0.000925618  0.00164563  -0.000732175  -0.0811461  -0.0290028  0.143566  
-0.00109049  0.00184717  -0.000428595  -0.0787615  -0.0420063  0.102701  
-0.00129486  0.00218303  -0.000532949  -0.0812904  -0.0946898  0.202284  
-0.00187969  0.00213566  -0.000804319  -0.0866578  -0.0563391  0.257494  
-0.00192259  0.00234109  -0.000951691  -0.088872  -0.0864093  0.199943  
-0.00148608  0.00230698  -0.000810913  -0.0943025  -0.0962721  0.172425  
-0.00165263  0.00180042  -0.000750875  -0.0781457  -0.027889  0.161432  
-0.000829259  0.00179486  -0.000951691  -0.0701014  -0.0852116  0.0731373  
-0.00143259  0.00137046  -0.000951691  -0.0746342  -0.0202108  0.111526  
-0.000991832  0.00181152  -0.000951692  -0.0708627  -0.0774093  0.0766079  
-0.000979697  0.00198924  -0.000771298  -0.0741391  -0.0364293  0.0979698  
-0.00148521  0.0017792  -0.000951692  -0.0792376  -0.0430165  0.0644517  
-0.000900501  0.00153783  -0.000951692  -0.0726467  -0.0441064  0.0746913  
-0.00113538  0.00128834  -0.000640389  -0.072001  -0.00201202  0.0702708  
-0.00124435  0.00153783  -0.000481211  -0.071399  -0.0632089  0.0455163  
-0.00149585  0.00110242  -0.000592744  -0.0714119  0.00623096  0.0854372  
-0.00146674  0.00138512  -0.000951692  -0.0726829  -0.0350396  0.0515853  
-0.00104089  0.00156873  -0.00123219  -0.0654627  -0.0244252  0.112564  
-0.00190268  0.00126086  -0.00074064  -0.0763537  0.016982  0.0881278  
-0.00114259  0.0014273  -0.000866447  -0.0838941  -0.0488179  0.0404149  
-0.0011745  0.00144212  -0.000795817  -0.0731238  -0.0112971  0.0864905  
-0.00147147  0.00125565  -0.000725558  -0.0745713  0.0160201  0.0644196  
-0.00119341  0.00125565  -0.000866447  -0.0734829  -0.0510543  0.0492982  
-0.00169677  0.00125565  -0.000671009  -0.074319  0.0176899  0.0929583  
-0.00139442  0.00125565  -0.000866447  -0.0731037  -0.0384912  0.0422491  
-0.00160281  0.00125565  -0.000784455  -0.0702035  0.00782565  0.0929303  
-0.00136867  0.00125565  -0.0007654  -0.0793796  -0.0265489  0.0507178  
-0.00156983  0.00125565  -0.00100169  -0.0704202  -0.0310427  0.0750488  
-0.0019062  0.00125565  -0.000804872  -0.0791134  0.0146678  0.106276  
-0.00218633  0.00110617  -0.000866446  -0.0704262  -0.0191905  0.0721827  
-0.00168307  0.00102208  -0.000866446  -0.0704187  -0.0343877  0.106307  
-0.00198232  0.000869231  -0.000724674  -0.0690687  0.0131048  0.0736474  
-0.00107599  0.0010303  -0.000866446  -0.0745598  -0.0512371  0.0609534  
-0.00178044  0.00092272  -0.000866446  -0.0722466  0.0153546  0.091253  
-0.00118729  0.00143926  -0.000866446  -0.0801709  -0.0538328  0.0575924  
-0.00186092  0.0010843  -0.00073115  -0.0807941  0.00338841  0.0882792  
-0.00157248  0.00136761  -0.000866446  -0.0816496  -0.0238005  0.0351904  
-0.00162793  0.00134564  -0.000866446  -0.0786378  -0.0146296  0.1395  
-0.00176823  0.00105265  -0.000799586  -0.0676998  0.014693  0.0595559  
-0.000957956  0.00111416  -0.000866446  -0.067703  -0.0358214  0.027724  
-0.00168519  0.00105265  -0.00060444  -0.0676978  0.0322771  0.0136716  
0.000167042  0.00105265  -0.00175738  -0.0957148  -0.0802738  -0.545319  
0.000758483  0.00105265  -0.000926124  -0.0465878  -0.0894146  -0.339933  
0.000350939  0.0016595  -0.00103791  -0.060445  0.0186104  -0.153748  
0.000500422  0.00238375  -0.00120319  -0.0845674  -0.0706615  0.110203  
0.000426091  0.00169078  -0.000824851  -0.0880091  -0.0372463  -0.0410335  
0.000738305  0.00169078  -0.000798808  -0.0735322  -0.083857  -0.0328083  
0.000789653  0.00145416  -0.000705153  -0.0735331  -0.019633  0.0166139  
0.000779413  0.00120596  -0.000645644  -0.0735408  -0.00854264  0.0251961  
0.000439233  0.00161013  -0.000710295  -0.0735169  -0.0526439  0.0630779  
-0.000400285  0.00120596  -0.000465428  -0.0613542  0.00141109  0.0751924  
8.94029e-05  0.00136779  -0.000228733  -0.0327733  -0.0745357  0.0629752  
-0.000438363  0.00174877  -0.000798808  -0.0519619  -0.0437697  0.137415  
-0.000787634  0.00129604  -0.000497777  -0.0453145  0.00760383  0.0820345  
0.00211862  0.00106492  -7.08853e-06  0.0197022  -0.146962  -0.151843  
0.00227061  0.00120596  -0.000656973  -0.0270713  -0.00450157  -0.216124  
0.000894561  0.00120596  -0.000516766  -0.0297079  -0.0190816  -0.12575  
0.000480571  0.00116611  -0.000622316  -0.0295353  0.00374033  -0.1155  
0.000471945  0.0013101  -0.000601094  -0.0467289  -0.0291013  -0.0883588  
0.000370318  0.00151935  -0.000539656  -0.0519332  0.0335752  -0.0408472  
0.000397735  0.000817593  -0.000234348  -0.0476258  -0.0600582  -0.0791811  
-6.90023e-05  0.00109026  -0.000404741  -0.052743  0.0298387  -0.0176775  
0.000133146  0.00164014  -0.000234348  -0.0657242  -0.0419094  -0.0905495  
-0.000163051  0.00155382  -0.000598135  -0.073425  -0.0249007  -0.0573356  
-0.000482556  0.00136371  -0.000721561  -0.0760892  0.0094487  -0.0604186  
0.000112093  0.0014564  -0.000348003  -0.0707318  -0.0504169  -0.065584  
-0.000465156  0.000869777  -0.00031619  -0.0713872  0.0165168  -0.0438868  
4.05491e-05  0.0014176  -0.000534401  -0.074641  -0.0584598  -0.062758  
0.000138789  0.00108924  -0.000570401  -0.0779188  0.0103563  -0.0211016  
-0.000463147  0.00113999  -0.000721561  -0.0766063  -0.00609927  -0.070593  
0.000275244  0.00126272  -0.000582853  -0.0779737  -0.0461821  -0.0556333  
-0.000233547  0.00113988  -0.000591476  -0.0853551  -0.0298145  -0.0371165  
-0.000256619  0.000993994  -0.000721561  -0.0856032  0.00733545  -0.0595195  
0.000451442  0.00122939  -0.000637747  -0.0779915  -0.0572118  -0.0616788  
0.000146249  0.00134016  -0.000582997  -0.0871383  -0.013161  -0.0574488  
0.000332024  0.00062242  -0.000513816  -0.0872392  0.00964062  -0.107679  
0.00078762  0.00120285  -0.000721561  -0.080302  -0.0333559  -0.0269881  
-0.000176049  0.000953344  -0.000373624  -0.0667493  0.0143914  0.0414393  
-0.000301858  0.00139563  -0.000478962  -0.0787656  -0.0759791  0.0162291  
0.000557514  0.00137078  -0.000721561  -0.0711804  -0.111232  -0.0590954  
0.000885893  0.00117082  -0.00072156  -0.0591873  -0.0122481  -0.117964  
-0.000302857  0.000980573  -0.000392903  -0.0592133  -0.00877729  -0.0590552  
-0.000288486  0.00118295  -1.00001e-05  -0.0389993  -0.0537899  0.0140764  
-7.57116e-05  0.00105189  -8.38588e-05  -0.0593283  -0.0449557  0.0612296  
-0.00212052  0.000559972  -0.000523068  -0.0249398  -0.143625  0.28689  
-0.00210604  0.000585103  -0.000499358  -0.0305519  -0.0384128  0.18952  
-0.00271675  0.000585103  -0.000209684  0.000833595  -0.0848303  0.0874662  
-0.00154518  0.000332314  -0.000352097  0.000871806  -0.0221343  0.105404  
-0.000840712  0.000174162  -0.000503271  -0.0312776  -0.00453316  0.0848561  
0.000157114  -0.0003386  -0.000318756  0.065744  -0.0625987  0.0261389  
-0.000641401  -5.23609e-05  -8.38588e-05  0.040591  0.00922755  0.0868674  
-4.14236e-05  9.92236e-05  -8.38588e-05  0.0398158  -0.0253279  0.0379961  
0.000545985  0.000494021  -8.38588e-05  0.0216725  -0.0590205  0.0650055  
-6.60218e-05  0.000516572  -2.44832e-05  0.0235829  -0.0201751  0.102406  
0.000393303  0.000560493  -8.38588e-05  0.023161  -0.076049  0.0978312  
-0.000110891  0.00068487  -8.38588e-05  0.0161242  -0.02432  0.151497  
-8.29942e-05  0.000583277  -8.38588e-05  0.013091  -0.0346682  0.103051  
0.000692015  0.00068487  -8.38588e-05  0.0196924  -0.0656852  0.113301  
-8.29942e-05  0.00068487  -8.38588e-05  0.0196924  -0.00974281  0.151736  
0.000123059  0.00068487  -2.99323e-05  0.0196868  -0.0457267  0.094366  
0.000400701  0.00068487  -8.38588e-05  0.00174377  -0.0615943  0.0861984  
0.000614586  0.000979832  -8.38588e-05  -0.0109098  -0.00123099  0.0458604  
0.000404581  0.000854567  -0.000170885  -0.0127638  -0.0675119  0.0143248  
0.000163802  0.00068487  -8.38588e-05  -0.0127797  -0.0428612  0.0671744  
0.000207012  0.000587848  -8.38589e-05  -0.00994101  -0.0131973  0.105083  
0.000389587  0.00076472  -8.38588e-05  -0.0127768  -0.0634016  0.0449112  
-0.000378163  0.000506604  -8.38588e-05  -0.0127729  -0.0133261  0.086289  
9.0241e-05  0.000679482  -0.000159589  -0.0127756  -0.0556525  0.0635666  
0.000346613  0.000683653  -8.38588e-05  -0.012806  -0.0300511  0.06273  
-0.000342189  0.000472679  -8.38588e-05  -0.0127744  0.00899724  0.0628357  
0.000675427  0.000695793  -7.4083e-06  -0.0127824  -0.0481957  0.0466911  
0.000742346  0.000695793  -8.38588e-05  -0.0127825  -0.0256969  0.0817483  
-0.000205722  0.00038011  -4.36709e-06  -0.0127733  0.0159979  0.107269  
0.000100275  0.000695793  -8.38588e-05  -0.0127825  -0.0572732  0.0470633  
0.00136247  0.000695793  0.000210313  0.00800301  -0.0814004  0.0184678  
0.00270784  0.000371484  0.000120311  0.00483865  -0.0280035  -0.125475  
0.000680272  0.000363729  0.000102541  -0.00619508  0.0590274  -0.0604038  
0.00119898  0.000536415  -1.10909e-05  -0.00429683  -0.0475486  -0.0240716  
0.00043008  0.000502417  -1.10909e-05  -0.00866473  0.0166941  0.0151623  
0.000715314  0.000581952  -1.10909e-05  -0.0128822  -0.0199501  -0.0523648  
0.000914675  0.000581952  -1.10909e-05  -0.0128822  -0.0213313  -0.0358653  
0.000834927  0.000581952  -0.000168903  -0.0128855  0.0152227  0.0174193  
0.000436168  0.000581952  -1.10909e-05  -0.0128822  0.00712353  -0.0461577  
0.0010059  0.000581952  -1.10909e-05  -0.0101196  -0.0258807  -0.0288531  
0.000438323  0.000581952  -1.10909e-05  -0.0128822  0.0454669  -0.0124344  
0.00111455  0.000411035  -1.10909e-05  -0.00830861  -0.0366454  -0.0581125  
0.000353934  0.000581952  -1.10909e-05  -0.00642203  0.0063685  -0.00674455  
-1.28019e-06  0.000130915  -1.10909e-05  0.0035821  0.0309659  -0.0262635  
0.000771463  0.000284286  -1.10909e-05  0.0057524  -0.0388658  -0.0295842  
-8.45478e-05  0.000143177  -1.10909e-05  0.00857143  0.0338083  0.0205787  
0.000415609  0.000177625  -8.65991e-05  0.00348298  -0.0271001  -0.0431769  
0.00085211  0.000161399  -1.10909e-05  0.00657201  -0.00510582  -0.0262483  
-0.000153177  -5.29459e-05  -1.10909e-05  -0.00197655  0.0663839  -0.0170027  
0.000254116  0.000161399  -0.000171872  -0.00463253  -0.00149836  -0.0334298  
0.000439363  9.97195e-05  -1.10909e-05  -0.0128878  0.00956502  -0.0303657  
-0.000207557  0.000161399  -1.10909e-05  -0.00714385  0.0387185  0.0262057  
3.09737e-05  5.08245e-05  -1.10909e-05  -0.0128873  -0.00953772  -0.0389113  
0.000714555  0.000335704  -1.10909e-05  -0.0128821  -0.00797819  -0.0119045  
0.000288638  0.00012141  -1.10909e-05  -0.00525057  0.0296468  0.0582634  
-4.52124e-05  0.000190762  -1.10909e-05  -0.00363699  -0.00373724  -0.0309202  
0.000424168  0.000440762  -1.10909e-05  -0.0129045  -0.0154477  0.0248328  
-6.25596e-05  1.80371e-05  -1.10909e-05  -0.0129117  0.0223037  0.0505254  
0.00051368  0.000190762  -1.10909e-05  -0.0104482  -0.0245435  0.0111001  
-0.000192972  0.000190762  -1.10909e-05  -0.0129138  0.022224  0.0387451  
-6.7971e-05  0.000190762  -1.10909e-05  -0.0129138  0.00443667  0.0649802  
0.000652058  0.000149193  -1.10909e-05  -0.0159573  -0.00664109  0.0202124  
-0.000141599  0.000112057  -1.10909e-05  -0.0129095  0.0497605  0.0280803  
-2.92507e-05  0.000112057  -1.10909e-05  -0.0129095  0.00855815  -0.0169782  
7.90085e-06  0.000112057  -1.10909e-05  -0.00735965  0.0239155  0.0519924  
-0.000208939  0.000112057  -1.10909e-05  -0.0129095  0.0416729  0.0287958  
-0.000322407  0.000112057  -1.10909e-05  -0.0129095  -0.0334639  0.0943788  
-0.000180161  3.16259e-05  -1.10909e-05  -0.0129058  0.0328947  0.038632  
3.38578e-05  3.20694e-05  -1.10909e-05  -0.00783003  -0.0134172  -0.0262082  
-0.000125373  -3.25022e-05  -1.10909e-05  0.00388103  -0.00339313  -0.00128815  
-0.00052316  -9.70449e-05  0.000101432  -0.00298162  0.0371634  0.0315362  
0.000129067  9.9394e-05  -1.10909e-05  -0.0128755  -0.0340184  0.0164035  
-0.000623034  -0.000286723  -1.10909e-05  -0.00626556  0.0306569  0.0553311  
-0.000288536  -0.000457012  4.58254e-05  -0.0100135  0.00985082  -0.0016712  
4.02247e-06  -0.000194529  -1.10909e-05  -0.00773931  0.00660975  0.0453189  
-0.000431505  -0.000256634  -1.10909e-05  -0.00616362  0.0631816  0.0338387  
-0.000178509  -9.17202e-05  -1.10909e-05  -0.0083469  -0.0282517  0.00769554  
-0.000561982  -0.000445912  8.52875e-05  -0.0011506  0.035257  0.08746  
-0.000484041  -0.000445912  0.000122385  -0.012849  0.0125612  0.0253423  
-0.0004604  -0.000138495  -1.10909e-05  -0.0128492  -0.016338  0.0198119  
-0.000759933  -0.000445912  0.000192997  -0.00610609  0.0441744  0.0603527  
-0.000213026  -0.000300396  -1.10909e-05  -0.00452356  -0.0165516  0.0268936  
-0.000734828  -0.000428244  -1.10909e-05  -0.000375888  0.028481  0.0664856  
-0.000595715  -0.000678244  -1.10909e-05  -0.0128109  0.00864709  0.0157705  
-0.000153703  6.53367e-05  -1.10909e-05  -0.0128462  -0.0264795  0.0665322  
-0.000619358  -0.000345118  9.9809e-05  -0.0128414  0.0343451  0.122273  
-0.000229006  -0.000285222  0.000146222  0.0171021  -0.0910255  0.0502873  
0.00203416  -0.000167685  0.000224867  0.0328752  -0.123051  -0.0338352  
0.000198134  -0.00039305  0.000185234  0.0268856  0.0698902  -0.00991597  
0.00131123  -0.000366421  0.000185234  0.0165625  -0.00956533  -0.0258526  
0.000232968  -0.000367906  0.000276656  0.025222  0.030771  0.011551  
-0.00018905  -0.000457918  0.000185234  0.0328594  0.0247783  -0.032731  
0.000431687  -0.000498865  0.000185234  0.0328626  0.0102449  -0.0314762  
0.000374721  -0.00110647  0.000185234  0.0328962  0.0730955  0.0237078  
0.000422978  -0.000576169  0.000185234  0.0328633  -0.00566493  -0.00189897  
-0.000151795  -0.000425646  0.000185234  0.0328599  0.0140493  0.0102472  
-0.000533899  -0.000988721  0.000185234  0.0328982  0.0598851  0.0347962  
-0.000493118  -0.000755228  0.000185234  0.0328996  -0.0154186  -0.0189143  
-0.000542306  -0.000716668  0.000185234  0.0304378  0.0349882  0.0459544  
-0.000586438  -0.000908897  0.000185234  0.0154347  0.0204151  -0.0101869  
-0.000174459  -0.000751453  0.000185234  0.0329031  0.00240893  0.0540314  
-0.00054077  -0.00115237  0.000185234  0.0328961  0.0508546  0.0265407  
-0.000450405  -0.000948391  0.000330429  0.0328812  -0.0173656  0.0109232  
-0.000746495  -0.00116367  0.000185234  0.0329244  0.0593552  0.064941  
-0.000203288  -0.00122902  0.000185234  0.0328995  0.0177341  0.0113018  
-2.6808e-05  -0.001274  0.000347474  0.0603616  0.0167232  0.0187585  
-0.000617526  -0.000894902  0.000850068  0.0819105  0.0566595  0.0717117  
-8.46568e-05  -0.000843633  0.00140891  0.110894  -0.0105159  -0.00955185  
0.000371059  -0.00075645  0.000277066  0.034937  -0.0175561  -0.020788  
-0.000369573  -0.00113855  0.000541068  0.0654399  0.0552807  0.0185671  
-0.000275428  -0.000768091  0.000541068  0.0726116  0.00801362  -0.0216347  
0.000617805  -0.000993896  0.000541068  0.0653149  0.0127794  0.00777962  
0.000336014  -0.000768091  0.000541068  0.0259478  0.032704  -0.113568  
0.00216139  -0.000768091  0.000541069  0.058406  -0.0830899  -0.0985877  
0.00385945  -0.00142338  0.000541069  0.077841  -0.0167888  -0.31336  
0.00275243  -0.00119195  0.00023881  0.0815177  0.119292  -0.331986  
0.0017865  -0.000916783  0.000541068  0.0779332  0.108101  -0.206775  
0.0021097  -0.000795477  0.000353321  0.063764  0.100318  -0.174113  
0.00278355  -0.000988568  0.000308309  0.0584155  0.0621686  -0.201655  
0.00235362  -0.00122651  0.000541069  0.0688024  0.0786322  -0.214953  
0.00151779  -0.00122651  0.000541069  0.0611004  0.100659  -0.187976  
0.00190433  -0.00100549  0.000274615  0.0611233  0.0599715  -0.202993  
0.00197411  -0.00124307  7.24602e-05  0.056025  0.0751945  -0.118492  
0.000770017  -0.00121517  7.24602e-05  0.0444282  0.120777  -0.0992357  
0.000717455  -0.00094175  0.000203912  0.0439448  0.0535707  -0.12838  
0.000434389  -0.000993489  0.000179216  0.0496605  0.0453863  -0.0884573  
5.81365e-05  -0.00139629  7.24602e-05  0.0445726  0.107543  -0.0783016  
0.000388449  -0.00105787  7.24602e-05  0.0406314  0.0590637  -0.124604  
0.000413411  -0.00101795  7.24602e-05  0.0446587  0.0843697  -0.0979577  
0.000129515  -0.0019161  7.24602e-05  0.0446382  0.128921  -0.0625367  
-4.75417e-06  -0.00133584  0.000148807  0.0446295  0.0492178  -0.121674  
-5.7307e-05  -0.00140742  0.00027193  0.0480287  0.082059  -0.0570394  
-5.42658e-05  -0.00156961  0.000349108  0.0483764  0.11071  -0.00711768  
0.000912101  -0.00139103  7.24602e-05  0.0446488  0.0458209  -0.0971522  
-0.000248971  -0.00155406  0.000249429  0.0447013  0.116924  -0.0759446  
0.000327798  -0.00119588  0.000209386  0.0447115  0.0727673  -0.124485  
0.000700516  -0.00141083  7.24602e-05  0.0446986  0.0864056  -0.088844  
0.00015254  -0.00183425  0.000264352  0.0447162  0.134473  -0.0602199  
0.00178862  -0.00159782  0.000438939  0.0798496  -0.0281513  -0.135571  
0.00333664  -0.000971357  0.000181106  0.0349191  0.0720922  -0.365721  
0.0023075  -0.00178474  0.000533805  0.0619528  0.218348  -0.253403  
0.00218302  -0.0015754  0.000598818  0.0986536  0.100736  -0.275026  
0.00167332  -0.00155985  0.000280617  0.117071  0.140019  -0.0769659  
0.00109179  -0.00168745  0.000286492  0.129224  0.124508  -0.105466  
0.00190039  -0.0010775  0.000285379  0.105172  0.0534482  -0.0976308  
0.00129502  -0.00129184  9.6491e-05  0.0868589  0.11501  -0.0368765  
0.00134005  -0.000877198  9.6491e-05  0.0740143  0.0601293  -0.0843978  
0.00138314  -0.000803643  9.6491e-05  0.0892794  0.054719  -0.0462538  
0.000979603  -0.00120383  0.000291056  0.0892844  0.101427  -0.0248252  
0.00174814  -0.000912969  0.000218021  0.0892756  0.0358339  -0.050436  
0.000954596  -0.000803643  9.6491e-05  0.0892794  0.0877322  -0.0173889  
0.0010049  -0.000803643  9.6491e-05  0.0892794  0.0691698  -0.0685135  
-0.000545453  -0.000803643  0.000519758  0.0263874  0.0522146  0.226968  
0.000313585  -0.000659147  0.000155641  0.0486093  0.0772724  0.0781128  
0.000827854  -0.000580727  9.6491e-05  0.0581904  0.0205387  0.0467279  
0.000779531  -0.000729828  9.6491e-05  0.0564537  0.0715314  0.0797802  
-0.000109726  -0.000741508  1.12888e-05  0.0544768  0.0283619  0.20626  
-0.00267546  0.000131827  0.000164919  -0.0215745  -0.124761  0.500022  
-0.00200504  5.26887e-05  -2.45955e-05  -0.00425935  -0.042996  0.31082  
-0.00144207  -0.000528427  -0.000408865  0.0406388  -0.0332737  0.259404  
-0.00123368  -0.000555331  -0.00025111  0.0311118  -0.0166752  0.300998  
-0.00176689  -0.000721365  -5.46976e-05  0.029205  0.0234864  0.31148  
-0.00166286  -0.000900745  -5.74379e-05  0.0407057  -0.0111344  0.299344  
-0.00122749  -0.000536611  -0.000158124  0.031762  -0.0110153  0.363762  
-0.00143246  4.97805e-06  -0.000119505  0.00234229  -0.0104441  0.300227  
-0.000872077  9.33759e-05  9.6491e-05  0.0274011  -0.120163  0.300083  
0.00240695  -0.000666776  9.6491e-05  0.0460979  -0.0208974  0.0779686  
-0.000308167  -0.00108889  9.6491e-05  0.0636291  0.0529195  0.155852  
0.00042508  -0.00102177  9.6491e-05  0.0698212  -0.0277658  0.150013  
-0.000424414  -0.00152407  9.6491e-05  0.0898631  0.0290917  0.200804  
-0.000343163  -0.00102994  9.6491e-05  0.0871997  0.016939  0.165511  
0.000252435  -0.0014806  0.00024479  0.10208  -0.0068592  0.212728  
-0.00031748  -0.00194866  0.000303622  0.101037  0.047082  0.233245  
-4.90668e-05  -0.00131784  9.6491e-05  0.102356  -0.0203587  0.19758  
-0.000884708  -0.00192154  9.6491e-05  0.103434  0.0261498  0.266032  
-0.000150944  -0.00136752  9.6491e-05  0.104467  -0.0242195  0.211873  
-0.000575204  -0.00178241  0.000158535  0.105341  0.00178768  0.271797  
-0.000900235  -0.00169953  9.6491e-05  0.103613  0.0200628  0.229885  
-0.0002757  -0.00169953  0.000171897  0.102117  -0.0365761  0.260775  
-0.000983574  -0.00182678  9.6491e-05  0.103141  0.0252839  0.289465  
-0.000305814  -0.00169953  0.000174047  0.103279  -0.0317577  0.254721  
-0.000904899  -0.00169953  9.6491e-05  0.103968  0.020726  0.302555  
-0.00104482  -0.00169953  9.6491e-05  0.0998365  0.00543316  0.243426  
-0.000363611  -0.0015355  9.6491e-05  0.10148  -0.0264581  0.266899  
-0.00098221  -0.00205794  9.6491e-05  0.104389  0.0415976  0.334121  
-0.000725524  -0.00157458  9.6491e-05  0.102961  -0.00640518  0.25232  
-0.0006497  -0.00157458  9.6491e-05  0.098734  -0.00702755  0.278528  
-0.00120982  -0.00202807  9.6491e-05  0.0990116  0.0341469  0.297601  
-0.000557275  -0.00197362  9.6491e-05  0.106516  -0.0339428  0.2657  
-0.001173  -0.00244262  9.6491e-05  0.107774  0.0248815  0.3023  
-0.00075119  -0.00195437  9.6491e-05  0.114763  0.00165595  0.253346  
-0.000455578  -0.00199698  9.6491e-05  0.105172  -0.0112886  0.274892  
-0.00150311  -0.00243859  9.6491e-05  0.107869  0.0366043  0.309626  
-0.000577694  -0.0020618  9.6491e-05  0.102028  -0.0103166  0.243208  
-0.000420464  -0.0020608  9.6491e-05  0.104072  -0.00449996  0.288544  
-0.00114436  -0.00215978  9.6491e-05  0.103336  0.0273842  0.269009  
-0.000691111  -0.00202535  9.6491e-05  0.101783  -0.0286241  0.248939  
-0.00100618  -0.00210761  9.6491e-05  0.105922  0.0256488  0.288515  
-0.000735414  -0.00202535  9.6491e-05  0.104631  0.020174  0.288542  
-0.000816797  -0.00187327  9.6491e-05  0.100576  -0.0181925  0.305893  
-0.00122398  -0.00202535  0.000177575  0.105871  0.0299313  0.285867  
-0.00075176  -0.00202535  9.6491e-05  0.105989  0.0161467  0.244137  
-0.000180438  -0.00191006  9.6491e-05  0.104854  -0.0161358  0.277641  
-0.00107654  -0.00200239  0.000158028  0.102016  0.0340273  0.29388  
-0.000754839  -0.00201525  9.6491e-05  0.103449  -0.0109814  0.222163  
-0.00037376  -0.00180299  3.2384e-05  0.104215  -0.00390364  0.25194  
-0.000967352  -0.00215581  3.24526e-05  0.10607  0.023095  0.280605  
-0.000907409  -0.00201695  9.6491e-05  0.107471  0.020576  0.231379  
-0.000656343  -0.00173983  -7.8459e-05  0.104724  -0.00878298  0.248467  
-0.00123669  -0.00201695  9.6491e-05  0.112538  0.0206252  0.265379  
-0.00106116  -0.00243838  9.6491e-05  0.105175  0.0219479  0.338137  
-0.00148207  -0.00231193  9.6491e-05  0.11174  0.0200815  0.236257  
-0.000747461  -0.00201695  9.64909e-05  0.105402  -0.0140865  0.264775  
-0.0013548  -0.00249481  9.6491e-05  0.104095  0.0307245  0.340707  
-0.00154002  -0.0024658  9.64909e-05  0.106463  -0.00540059  0.244093  
-0.000558769  -0.00201695  9.6491e-05  0.122146  -0.0509728  0.248138  
-0.00017532  -0.00201695  -0.000364281  0.0518281  -0.00906268  0.20533  
0.000711306  -0.00283344  0.000509322  0.136534  -0.054742  0.112205  
0.00308263  -0.00242724  -0.000102302  0.128609  0.0111496  -0.153343  
0.000876837  -0.00283835  0.000274705  0.158843  0.128118  0.0174366  
0.000703902  -0.00290804  9.64909e-05  0.164883  0.0165911  0.0666681  
0.000437788  -0.00318357  -5.50575e-05  0.156183  0.0421826  0.0988932  
-0.000425441  -0.00318357  0.000392575  0.162661  0.0746692  0.157039  
0.000150328  -0.00294573  9.64909e-05  0.148276  -0.00497987  0.167296  
-7.81929e-05  -0.00271513  -9.09136e-05  0.14151  0.0095767  0.199188  
-0.000668882  -0.00317805  0.000122835  0.135593  0.0417534  0.237374  
0.000211811  -0.00244669  0.000110644  0.132875  -0.0257199  0.198765  
4.79091e-05  -0.00280584  -7.98668e-05  0.128871  0.0102536  0.252967  
-0.000383912  -0.00290537  -4.88361e-05  0.129237  0.0214153  0.216546  
-5.76134e-05  -0.00255414  -6.24391e-06  0.122431  -0.0263474  0.208285  
-0.000338877  -0.00255414  9.47806e-05  0.133253  0.00306386  0.253653  
-0.00068841  -0.00284122  0.000175906  0.128057  0.0206743  0.256192  
6.07136e-05  -0.00249295  -6.19519e-05  0.128152  -0.0140718  0.230622  
-0.0004475  -0.00249295  -7.08105e-05  0.124383  0.00533593  0.250228  
-0.000785705  -0.00305272  0.000178004  0.127868  0.0286691  0.271518  
-7.34921e-05  -0.00276258  9.9343e-05  0.120842  -0.0327101  0.253158  
-0.000854215  -0.00324658  0.000173326  0.134318  0.032788  0.298599  
-0.000565575  -0.00305433  0.000220883  0.128353  0.00661362  0.240853  
-0.000141809  -0.00273951  0.000109636  0.128183  -0.02227  0.242537  
-0.000853754  -0.00323892  0.000145193  0.134269  0.0309957  0.291881  
-0.000838034  -0.00318178  0.000119272  0.125995  0.0200997  0.215798  
-0.000249511  -0.00273852  4.20847e-05  0.126898  0.000207597  0.224289  
-0.000520193  -0.00315634  0.000139592  0.123677  0.0194621  0.270848  
-0.00070521  -0.00326219  0.000396521  0.1303  0.038496  0.26407  
-0.000233908  -0.00277935  8.63369e-05  0.12498  -0.0143883  0.242247  
-0.00122233  -0.00337544  0.000140565  0.135162  0.0385383  0.291282  
-0.000637462  -0.00305133  0.000154093  0.130053  0.00847712  0.215611  
-0.000303335  -0.00265108  5.95688e-05  0.123714  -0.00104589  0.230701  
-0.000887341  -0.00318972  0.000247937  0.125566  0.041654  0.283358  
-0.000984882  -0.00318024  0.000289567  0.137129  0.0254039  0.227444  
-0.000564038  -0.0029388  9.93165e-05  0.129384  -0.012152  0.233755  
-0.00144863  -0.00318024  0.000271766  0.134987  0.0524388  0.268292  
-0.000593051  -0.00318024  0.000109897  0.136378  0.00753532  0.24454  
-0.00072521  -0.00326774  -0.000329558  0.135569  0.0113881  0.271428  
-0.0016603  -0.00335091  0.000145924  0.140866  0.0655501  0.302232  
-0.0018925  -0.00333837  0.00126962  0.153096  0.00919633  0.320844  
9.32525e-05  -0.00328844  0.0012796  0.174762  -0.0544946  0.0439956  
0.00249014  -0.0026489  0.000417322  0.149925  -0.0346351  -0.196716  
0.00287961  -0.0027176  0.000417322  0.12713  0.0964076  -0.204228  
0.00178629  -0.00170747  0.000417322  0.140981  0.0380464  -0.0987736  
0.00127043  -0.00230515  0.000417323  0.127223  0.0920326  -0.0180745  
0.00106916  -0.00248769  0.000251934  0.138743  0.0834476  0.0386774  
0.000272391  -0.00273793  9.88474e-06  0.149609  0.0611286  0.0953284  
0.000309283  -0.00275748  9.88474e-06  0.159743  0.0677717  0.124668  
0.000417931  -0.00275748  9.88474e-06  0.158467  0.0715666  0.140504  
-6.62282e-05  -0.00249947  9.88474e-06  0.145201  0.0669098  0.171205  
0.000332332  -0.00232234  9.88474e-06  0.145242  0.0394475  0.201867  
0.000120152  -0.00214675  -4.05626e-05  0.1437  0.0499887  0.198957  
-0.000318424  -0.00214675  9.88474e-06  0.135302  0.0738476  0.192601  
0.000120152  -0.00230571  9.88474e-06  0.138623  0.0285683  0.188121  
-5.37434e-05  -0.00214675  9.88474e-06  0.138897  0.0438446  0.180674  
-0.000515756  -0.00260257  6.70384e-05  0.14041  0.079197  0.150304  
-0.000212475  -0.00251447  9.88474e-06  0.141704  0.0406084  0.117883  
-0.000368891  -0.00260761  9.88475e-06  0.138301  0.0503666  0.178754  
-0.00100092  -0.00263515  9.88474e-06  0.138428  0.0752958  0.137238  
-0.000343324  -0.00242866  9.88475e-06  0.129895  0.0204683  0.14441  
-0.00100844  -0.0026012  9.88475e-06  0.137187  0.0993272  0.184186  
-0.00061938  -0.00224986  9.88474e-06  0.130317  0.0211393  0.106934  
-0.000915966  -0.00259104  9.88475e-06  0.132154  0.0592411  0.152568  
-0.000460916  -0.00268608  0.000154488  0.144452  0.100849  0.143641  
0.000135521  -0.00268696  9.88475e-06  0.144411  0.0428985  0.0974926  
-0.00110784  -0.00326044  0.000210805  0.144585  0.105785  0.147882  
-0.000348856  -0.0026224  0.000156938  0.150632  0.0611909  0.102382  
-0.000417037  -0.00283086  0.000212489  0.14449  0.0885497  0.164479  
-0.00100708  -0.0028477  0.000110129  0.144493  0.105839  0.125905  
-0.000830408  -0.00271093  9.88474e-06  0.144458  0.03879  0.140483  
-0.000776971  -0.00329877  0.000213517  0.144564  0.0885776  0.203164  
-0.00106894  -0.00295773  0.000242678  0.138401  0.0747019  0.129948  
-0.000545869  -0.00262722  0.000133995  0.139186  0.0408459  0.145615  
-0.000684205  -0.00284091  0.000492344  0.138852  0.0955577  0.178846  
-0.000618843  -0.00262722  8.75315e-05  0.138925  0.0443625  0.137603  
-0.000911312  -0.00308846  9.88475e-06  0.144501  0.0737043  0.184888  
-8.94602e-05  -0.00272863  9.88475e-06  0.144435  0.0421838  0.155208  
-0.000423908  -0.00261219  9.88475e-06  0.1444  0.0359532  0.168041  
-0.000930938  -0.00328944  0.000124924  0.138446  0.0736508  0.183329  
-0.000317408  -0.00281606  0.000141817  0.144457  0.0253031  0.160841  
-6.81044e-05  -0.00289751  9.88475e-06  0.144455  0.0509801  0.173511  
-0.00134832  -0.00308913  9.88475e-06  0.144521  0.0728973  0.200825  
-0.000440359  -0.0026395  9.88475e-06  0.144443  0.0233872  0.170103  
-0.000744179  -0.00306042  9.88475e-06  0.144488  0.061962  0.204403  
-0.00117495  -0.00299298  0.000156744  0.144478  0.0516916  0.149059  
-0.000496043  -0.00277633  9.88475e-06  0.144451  0.0305681  0.192727  
-0.00147219  -0.00316023  0.000146094  0.144527  0.0971846  0.19333  
-0.000635991  -0.00292779  9.88475e-06  0.144485  0.0304358  0.15205  
-0.00111517  -0.00317246  0.00019492  0.144517  0.0652782  0.210121  
-0.00119703  -0.00310881  9.88475e-06  0.144519  0.0493607  0.147553  
-0.000742879  -0.00284257  9.88475e-06  0.144467  0.0316033  0.189864  
-0.00130639  -0.00323298  6.0269e-05  0.144515  0.0947405  0.174557  
-0.000822853  -0.00283031  9.88475e-06  0.144447  0.0193305  0.153473  
-0.00125762  -0.0032782  9.88475e-06  0.147492  0.0809627  0.219961  
-0.00116647  -0.00327296  0.000152216  0.150235  0.042124  0.141263  
-0.000165125  -0.00329214  0.000514533  0.182762  -0.039198  0.133969  
0.00145601  -0.00283031  0.000330735  0.148794  -0.0171011  0.0147334  
-0.000245601  -0.00283031  0.000325996  0.140218  0.0547192  0.143668  
-0.000516421  -0.00330565  0.000140027  0.154105  0.0668146  0.151811  
-0.0003349  -0.00313789  9.88475e-06  0.158181  0.0106176  0.184896  
-0.00131503  -0.00334226  9.88475e-06  0.150998  0.0690317  0.214187  
-0.00062025  -0.0028771  9.88475e-06  0.148696  0.0215671  0.193646  
-0.00101369  -0.00275712  9.88475e-06  0.148537  0.0371197  0.217298  
-0.00101131  -0.00310133  0.000147123  0.149643  0.0522029  0.174546  
-0.00028469  -0.00277877  9.88476e-06  0.147888  0.00757772  0.217417  
-0.00131603  -0.00314782  9.88476e-06  0.150589  0.0674762  0.254143  
-0.0010055  -0.00270818  0.000182719  0.15105  0.00899818  0.173427  
-0.000878151  -0.00314185  0.000218656  0.156896  0.0332078  0.241887  
-0.00175392  -0.00338977  0.000254428  0.157597  0.0781671  0.199672  
-0.000928404  -0.00297058  9.88476e-06  0.14935  0.0145699  0.184224  
-0.00129463  -0.00306996  9.88476e-06  0.149737  0.0612883  0.235983  
-0.00141225  -0.0031642  9.88476e-06  0.150909  0.0764133  0.17712  
-0.000601649  -0.00270895  9.88476e-06  0.145  0.0259411  0.181457  
-0.001496  -0.00349973  0.000216054  0.149428  0.0985654  0.227468  
-0.000635948  -0.00318934  0.000155627  0.150533  0.0249132  0.196712  
-0.000612329  -0.00321697  9.88476e-06  0.149177  0.0452979  0.216197  
-0.00139321  -0.00357775  0.000201112  0.161121  0.0909135  0.226922  
-0.000666032  -0.00349566  9.88476e-06  0.167243  0.0166107  0.199096  
-0.00103533  -0.00324002  0.000144238  0.155568  0.0466107  0.223342  
-0.00135515  -0.00362181  9.88476e-06  0.153406  0.0712147  0.21733  
-0.00077093  -0.00308323  9.88476e-06  0.154554  0.0150663  0.167586  
-0.000884964  -0.00320774  9.88476e-06  0.146827  0.0636572  0.209752  
-0.00161801  -0.00360116  9.88476e-06  0.150285  0.0882225  0.210534  
-0.000403742  -0.00289468  9.88477e-06  0.148342  0.0205063  0.183533  
-0.00117239  -0.00339845  0.000229819  0.151004  0.0738232  0.225335  
-0.000938121  -0.00311594  0.000166408  0.14851  0.0490038  0.17427  
-0.000525611  -0.00309699  9.88477e-06  0.15595  0.0362899  0.187328  
0.000621586  -0.0031183  0.000342918  0.167168  -0.0181593  0.102815  
0.0041649  -0.00297937  9.88477e-06  0.12959  0.08619  -0.160753  
0.00241233  -0.003041  0.000248521  0.135437  0.158895  -0.119056  
0.00285255  -0.0027081  0.00021074  0.138012  0.0673805  -0.0741443  
0.00244876  -0.00318313  0.000304966  0.135449  0.129032  -0.0311773  
0.00182389  -0.00311264  0.000262307  0.13544  0.106845  -0.0579816  
0.00227752  -0.00285237  8.59946e-05  0.140962  0.0608314  -0.0274599  
0.00132138  -0.00364558  0.000293231  0.145188  0.124527  0.0366206  
0.00210706  -0.00387679  0.000138322  0.156605  0.0890362  -0.0196509  
0.000487943  -0.00346057  7.7636e-05  0.157104  0.0816415  0.0726582  
-0.00017289  -0.00373433  0.000451037  0.158003  0.130754  0.0715572  
0.000586918  -0.00386629  9.88477e-06  0.160039  0.0471516  0.0524788  
-5.75967e-05  -0.00321327  9.88477e-06  0.171413  0.0923062  0.128712  
-0.000584033  -0.00380123  0.000165557  0.15781  0.102467  0.094952  
0.000226681  -0.0032416  9.88477e-06  0.152647  0.0484259  0.098075  
-0.000417439  -0.0034442  7.82176e-05  0.153682  0.0976017  0.149118  
-0.000778974  -0.00342829  8.82689e-05  0.154172  0.0988636  0.105374  
-0.000668965  -0.00342829  9.88477e-06  0.152529  0.0463542  0.145622  
-0.000694107  -0.00363286  9.88477e-06  0.161285  0.0889999  0.18055  
-0.00116259  -0.00361128  0.000105882  0.152222  0.100354  0.111543  
-0.000171348  -0.00342829  9.88478e-06  0.152109  0.0398307  0.126472  
-0.000370727  -0.00342829  9.88478e-06  0.152551  0.10812  0.154998  
-0.000539771  -0.00385675  9.88478e-06  0.149506  0.100324  0.0814318  
-0.000112867  -0.00342829  -0.000106324  0.152472  0.0524895  0.116203  
-0.000607166  -0.00386695  9.88478e-06  0.153189  0.117884  0.184554  
-0.000496092  -0.00342829  9.88478e-06  0.152651  0.0708587  0.106271  
-0.00023006  -0.00342829  -8.39231e-05  0.14916  0.0634799  0.135804  
-0.000872324  -0.00380609  9.88478e-06  0.148763  0.0985778  0.167616  
-0.00016609  -0.00354135  -7.72872e-05  0.152919  0.0297965  0.161519  
-0.000985984  -0.00371679  -7.80209e-05  0.152372  0.071742  0.19602  
-0.000939178  -0.00371679  -8.30833e-05  0.147551  0.0677167  0.11711  
-0.000550205  -0.00363825  -0.000208747  0.153678  0.0382723  0.176291  
-0.000863232  -0.00372103  -2.48058e-05  0.146145  0.0799439  0.21664  
-0.000791895  -0.00372103  -8.6551e-05  0.152426  0.0457795  0.14358  
-0.000503937  -0.00320532  -0.000105988  0.153902  0.0532875  0.193702  
-0.00137775  -0.00403753  -1.40707e-05  0.160103  0.0987198  0.194793  
-0.000710741  -0.00369798  -0.000267964  0.15327  0.0327568  0.155956  
-0.000815052  -0.00380985  -0.000172555  0.154275  0.0765699  0.201751  
-0.00116106  -0.00370054  -0.000141169  0.152071  0.0703099  0.163214  
-0.000481379  -0.00353903  -0.000276064  0.144924  0.0337384  0.170895  
-0.0013905  -0.00353903  -9.8874e-05  0.149385  0.0944239  0.198639  
-0.00129108  -0.00336984  -0.000219418  0.142878  0.0598946  0.155811  
-0.0016594  -0.00341565  -0.00041946  0.145583  0.0974036  0.170764  
-0.00233498  -0.00366596  5.132e-05  0.147432  0.131618  0.189211  
-0.00130513  -0.0032396  -0.00041946  0.141588  0.0674553  0.136525  
-0.00106973  -0.00350135  -0.000252813  0.148732  0.0976362  0.182092  
-0.002067  -0.0035845  -0.00011889  0.143696  0.136823  0.166232  
-0.0016123  -0.002906  -0.000309232  0.141604  0.0711686  0.131337  
-0.00152108  -0.0032404  -0.000306627  0.142331  0.111447  0.145393  
-0.0020188  -0.00321332  -0.000221135  0.142758  0.13559  0.156937  
-0.00139  -0.00297293  -0.00041946  0.139017  0.0856827  0.127757  
-0.00157248  -0.0031072  -0.00041946  0.135905  0.109824  0.136395  
-0.00228704  -0.00341828  -0.00041946  0.142376  0.146687  0.171365  
-0.0015593  -0.00304194  -0.00025261  0.139232  0.0847769  0.130868  
-0.00137496  -0.00328675  -0.00023985  0.139531  0.119865  0.152618  
-0.00193442  -0.00353152  -0.00017884  0.153277  0.141865  0.189174  
-0.00207762  -0.00331726  -0.000154728  0.149099  0.0859639  0.130573  
-0.00154132  -0.00348345  -6.15517e-05  0.145974  0.092011  0.163403  
-0.00200171  -0.00359813  2.92174e-05  0.15326  0.131949  0.172672  
-0.00143862  -0.00353431  -0.000145986  0.149889  0.0675953  0.145522  
-0.00226644  -0.00364493  3.72866e-05  0.15331  0.134012  0.168697  
-0.0015114  -0.00336408  5.32919e-05  0.144436  0.0761661  0.130845  
-0.00204336  -0.00339277  -2.54109e-05  0.146812  0.111838  0.149829  
-0.00201315  -0.00378039  6.83875e-05  0.153362  0.145364  0.156893  
-0.00129365  -0.00327158  2.1587e-05  0.149293  0.0839222  0.121094  
-0.00180046  -0.00376376  2.5898e-05  0.139283  0.117171  0.183725  
-0.00207222  -0.00370212  3.57555e-05  0.143212  0.113408  0.126904  
-0.00173328  -0.00353198  -1.13099e-05  0.139442  0.0759452  0.113196  
-0.0019733  -0.00353198  0.000359684  0.153305  0.12986  0.160823  
-0.00137135  -0.00336611  5.54498e-05  0.136025  0.0846878  0.118486  
-0.00213544  -0.00357785  0.000336414  0.138951  0.121378  0.163681  
-0.00197444  -0.00378195  0.000123184  0.144043  0.117865  0.127249  
-0.00164713  -0.00337484  3.19667e-05  0.153277  0.0896111  0.134039  
-0.00206213  -0.00385396  0.000135217  0.153346  0.126987  0.195971  
-0.00201623  -0.00365858  3.23128e-05  0.142277  0.109223  0.11367  
-0.00159278  -0.00350429  -0.000127357  0.141379  0.0773762  0.132757  
-0.00204095  -0.00364044  4.81245e-05  0.153339  0.134352  0.170939  
-0.00127202  -0.00353214  -5.66474e-05  0.141764  0.0759038  0.117832  
-0.00154357  -0.00366432  -5.39641e-05  0.153313  0.108358  0.13973  
-0.00195118  -0.00380029  0.000160617  0.147606  0.133653  0.158769  
-0.001204  -0.00328179  9.63677e-06  0.153266  0.0681809  0.128249  
-0.00160437  -0.00361973  -1.36566e-05  0.15331  0.108433  0.166524  
-0.0022547  -0.00373639  4.56682e-05  0.153317  0.12469  0.126579  
-0.00135103  -0.00336634  -0.000123553  0.141497  0.0727248  0.123867  
-0.0017775  -0.00348132  -0.000117063  0.143355  0.10822  0.146885  
-0.00162748  -0.0037547  3.90878e-05  0.13736  0.129406  0.138536  
-0.00167727  -0.00346014  -8.16954e-05  0.145887  0.0807866  0.126242  
-0.00187177  -0.00370754  9.4724e-05  0.145419  0.13067  0.146383  
-0.00141889  -0.00337184  -5.33452e-05  0.143962  0.0904991  0.114081  
-0.00153984  -0.00353554  0.000153917  0.135758  0.126808  0.162653  
-0.00205522  -0.00363654  -0.000176357  0.153327  0.124571  0.131187  
-0.00154652  -0.00345595  -2.71078e-05  0.153288  0.0761857  0.116616  
-0.00163229  -0.00362213  0.000229452  0.153341  0.117474  0.162642  
-0.00193872  -0.00360023  0.000240995  0.153301  0.127178  0.126099  
-0.00156507  -0.0033249  2.60343e-05  0.15325  0.0817273  0.122344  
-0.00225204  -0.00376074  0.000261233  0.153338  0.138588  0.143937  
-0.00130758  -0.00341838  -4.73633e-06  0.143717  0.078425  0.137473  
-0.00160345  -0.00355136  -8.99912e-05  0.141672  0.097511  0.146316  
-0.00203277  -0.00379807  0.000148893  0.153358  0.131395  0.139183  
-0.00134422  -0.0034159  4.68927e-05  0.142706  0.0741764  0.117624  
-0.00202502  -0.00374632  0.000169589  0.153322  0.114521  0.175276  
-0.00198517  -0.00369643  -8.99912e-05  0.153329  0.11608  0.0996039  
-0.00170681  -0.00369643  -8.99912e-05  0.144428  0.0557774  0.108662  
-0.00140456  -0.00373264  0.000284189  0.153329  0.113327  0.175663  
-0.00182068  -0.00377176  0.000257687  0.148359  0.115638  0.12453  
-0.0014543  -0.00361831  9.82412e-05  0.153286  0.0729633  0.131821  
-0.00191671  -0.00400904  0.000363127  0.15338  0.130865  0.182992  
-0.00151541  -0.003467  0.000142481  0.148745  0.0749193  0.127727  
-0.00223343  -0.00387634  0.000135632  0.143558  0.0811098  0.269199  
-0.00275351  -0.00263008  4.11162e-05  0.0838645  0.0915944  0.29649  
-0.0012522  -0.00273056  -8.99912e-05  0.108829  0.0536765  0.164903  
-0.0011492  -0.00303026  -8.99912e-05  0.130192  0.0716104  0.215506  
-0.00207585  -0.00343033  -8.99912e-05  0.138583  0.118539  0.205453  
-0.00133108  -0.00301939  -8.99912e-05  0.130398  0.0609461  0.147185  
-0.00113601  -0.00325098  -8.99912e-05  0.1335  0.0952176  0.181598  
-0.00171553  -0.00348008  -8.99912e-05  0.129018  0.109406  0.182904  
-0.00112759  -0.00301939  -8.99912e-05  0.130247  0.0493114  0.159215  
-0.00125513  -0.00332052  -8.99912e-05  0.146654  0.0678615  0.151535  
-0.00153623  -0.00346607  0.000652429  0.169307  0.0893305  0.15013  
-0.000448809  -0.00343736  0.00100187  0.169829  0.0124318  0.0694345  
0.00304768  -0.00299329  0.000406813  0.128971  0.0975886  -0.202337  
0.000744194  -0.00321704  0.000406813  0.146234  0.207479  -0.0591292  
0.000416648  -0.00341619  0.000406813  0.157279  0.118076  -0.0071716  
0.000218432  -0.00331308  0.000406813  0.163338  0.11146  0.0588332  
-0.00069192  -0.00340546  0.000406813  0.15374  0.163177  0.0449189  
-0.000687673  -0.00333216  1.15106e-07  0.148548  0.0848902  0.0913369  
-0.000777971  -0.00351985  1.15106e-07  0.149772  0.123418  0.140495  
-0.00137613  -0.00343468  1.15106e-07  0.146644  0.109732  0.101545  
-0.000179053  -0.00340425  1.15106e-07  0.13893  0.0649124  0.119798  
-0.00096678  -0.00340425  1.15106e-07  0.15033  0.127936  0.146756  
-0.000607057  -0.0032401  -0.000228208  0.152129  0.0656533  0.101059  
-0.00135273  -0.00330343  -9.16713e-07  0.139352  0.0996443  0.140957  
-0.00154408  -0.00358903  5.04405e-05  0.153281  0.115554  0.100673  
-0.000701587  -0.00338941  -4.41594e-05  0.149686  0.062268  0.102315  
-0.00151375  -0.00383222  9.50239e-05  0.153753  0.135662  0.145023  
-0.000875904  -0.00322456  -5.99213e-05  0.156407  0.0832344  0.092148  
-0.00112076  -0.00360021  3.29045e-06  0.147971  0.113113  0.14735  
-0.000706364  -0.0038891  0.000128029  0.15225  0.112991  0.106842  
0.000146108  -0.0037666  8.33939e-05  0.156448  0.0903648  0.0967067  
-0.000926327  -0.0037666  0.000309845  0.14474  0.142875  0.155987  
-0.000378977  -0.0037666  0.000176201  0.156455  0.0805543  0.124846  
-0.00055218  -0.00355724  4.32995e-05  0.152465  0.0823063  0.156455  
-0.00137762  -0.00374408  0.000310868  0.146217  0.129051  0.174836  
-0.00141663  -0.00298112  -0.000187427  0.142842  0.0241918  0.324869  
-0.000871386  -0.00323239  1.59371e-05  0.148793  0.0681306  0.225382  
-0.00115158  -0.00347268  -1.16237e-05  0.140199  0.0657786  0.188766  
-0.000533192  -0.00308283  -0.000100892  0.137855  0.0314765  0.192933  
-0.000825624  -0.00312693  -0.000112595  0.133498  0.0696486  0.254966  
-0.001442  -0.00312693  -0.000143936  0.137679  0.0800651  0.21578  
-0.000417148  -0.00312693  -6.13158e-05  0.135188  0.0214007  0.208242  
-0.000641205  -0.00268379  -9.35347e-05  0.129835  0.0586689  0.261927  
-0.00132853  -0.00315989  -2.85028e-05  0.139234  0.0808847  0.245042  
-0.000653309  -0.00300887  -0.0002387  0.137756  0.0169867  0.21382  
-0.00115507  -0.00329702  6.56211e-05  0.138529  0.0648088  0.263067  
-0.000795132  -0.0031611  -0.000205503  0.137422  0.0565389  0.226294  
-0.000788722  -0.0031611  -0.000174296  0.142071  0.032434  0.215065  
-0.00152015  -0.0036343  -8.49235e-06  0.138425  0.0869885  0.245322  
-0.000741216  -0.00314681  -0.00020989  0.138507  0.0266851  0.20953  
-0.00122612  -0.00363358  -3.40975e-06  0.148618  0.0677493  0.264173  
-0.00136704  -0.00350612  2.51629e-05  0.156381  0.0566247  0.186518  
-0.000803853  -0.00347212  4.69816e-05  0.156365  0.0455508  0.220177  
-0.00128281  -0.00375683  0.000221313  0.145955  0.0916695  0.245929  
-0.00058485  -0.00320512  -2.40223e-05  0.149351  0.0299489  0.210152  
-0.00138661  -0.00365394  9.74024e-05  0.156398  0.0871566  0.26873  
-0.00134104  -0.00344803  0.000139711  0.151858  0.0487561  0.195259  
-0.000398138  -0.00343359  -2.7163e-05  0.147429  0.0349966  0.244755  
-0.00106871  -0.00362477  0.000372431  0.147166  0.109994  0.263241  
-0.000874145  -0.00336218  7.4197e-05  0.156296  0.0334972  0.189589  
-0.000875362  -0.0034326  5.25893e-05  0.144105  0.0535018  0.254508  
-0.00131358  -0.0035653  0.000293442  0.147965  0.0693267  0.23146  
0.000153883  -0.00295613  0.000468356  0.17049  -0.0110475  0.193772  
-0.000624726  -0.00371312  0.000503331  0.187253  0.0596527  0.232357  
-0.000198246  -0.00369931  0.000892045  0.189604  0.021573  0.1409  
0.000172518  -0.00353299  0.000706585  0.179991  -0.012515  0.168595  
0.00290738  -0.00370211  0.00105303  0.153452  0.114716  -0.185931  
0.00532188  -0.00426895  0.00084027  0.178766  0.0928011  -0.347275  
0.00253336  -0.00365537  0.00103448  0.217525  0.102831  -0.094552  
0.000259908  -0.00445786  0.000649248  0.227646  0.136896  0.0993768  
-0.000348914  -0.00472311  0.000888483  0.245504  0.0947706  0.124674  
-0.000382478  -0.00424633  0.000529371  0.22493  0.104345  0.171704  
-0.00119552  -0.00450943  0.000365321  0.218267  0.131843  0.164423  
-0.00103927  -0.00424633  0.000365321  0.217733  0.0793294  0.157589  
-0.00108994  -0.00466628  0.000365321  0.214  0.117813  0.245301  
-0.000984969  -0.00410559  0.000511673  0.213309  0.0681961  0.175084  
-0.000684009  -0.00443749  0.000365321  0.21946  0.0858151  0.231662  
-0.00113861  -0.00463025  0.000365321  0.209937  0.113192  0.226679  
-0.00056306  -0.00409619  0.000365321  0.20451  0.0555499  0.191779  
-0.00109595  -0.00410506  0.000365321  0.202152  0.0858049  0.239131  
-0.00114648  -0.00418095  0.000365321  0.205684  0.0997639  0.217086  
-0.000799673  -0.00383142  0.000365321  0.198691  0.0400415  0.212198  
-0.00102059  -0.00443149  0.000365321  0.199868  0.0933872  0.254825  
-0.00143505  -0.00407969  0.000365321  0.201192  0.0750657  0.188771  
-0.000607235  -0.00400308  0.000365321  0.194835  0.0603537  0.219951  
-0.000882452  -0.00410273  0.000365321  0.200827  0.0854982  0.255428  
-0.00129004  -0.00426006  0.000544037  0.201225  0.0877221  0.22813  
-0.00108866  -0.00409376  0.00057122  0.201562  0.0489122  0.220961  
-0.00162088  -0.00448765  0.000549948  0.200008  0.0820916  0.254315  
-0.00137016  -0.00436558  0.000641901  0.201101  0.0448085  0.200629  
-0.000989987  -0.00435856  0.000696468  0.205961  0.0671389  0.265448  
-0.00153646  -0.00490026  0.000715271  0.218363  0.0886729  0.224903  
-0.000795301  -0.00438873  0.000532319  0.208409  0.0376383  0.222334  
-0.00149537  -0.00455414  0.000531246  0.202826  0.0994158  0.265359  
-0.00104404  -0.00431857  0.000708318  0.202923  0.0616937  0.18674  
-0.000988502  -0.00470193  0.000573614  0.206916  0.0577608  0.228376  
-0.00173832  -0.00478916  0.000659775  0.200808  0.0801771  0.260982  
-0.00165296  -0.00441441  0.000365321  0.199427  0.0361581  0.266711  
-0.00208224  -0.00495303  0.000748371  0.203467  0.0934638  0.281073  
-0.00102486  -0.00448448  0.000557584  0.204826  0.05014  0.232666  
-0.00112715  -0.00480878  0.000665711  0.210184  0.0829329  0.286854  
-0.00170136  -0.00472275  0.000693816  0.212835  0.0816843  0.24759  
-0.000318671  -0.00431244  0.000599487  0.221903  -0.0793611  0.21792  
0.0023153  -0.00416179  0.000465389  0.192264  -0.0210318  -0.0230041  
